tree
version=v4
num_class=1
num_tree_per_iteration=1
label_index=0
max_feature_idx=23
objective=binary sigmoid:1
feature_names=Column_0 Column_1 Column_2 Column_3 Column_4 Column_5 Column_6 Column_7 Column_8 Column_9 Column_10 Column_11 Column_12 Column_13 Column_14 Column_15 Column_16 Column_17 Column_18 Column_19 Column_20 Column_21 Column_22 Column_23
feature_infos=[-1.6439376602735452:1.3794972859668639] [-1.4081766395970419:1.6369876883580459] [-2.6132432420274272:1.3675521629262699] [-0.90267093384843999:1.1078234188139946] [-2.1828584494958219:2.5871165333603305] [-2.3225954549650614:2.4188214904791794] [-4.0474438123437011:4.3357548784284576] [-3.8951096381076242:2.5589559498606587] [-2.3584425426735516:3.0390987520344326] [-2.9245352542525223:3.0185898129022224] [-3.2191992760883559:3.3659749717649623] [-4.6072683915792858:2.708324588042442] [-2.9146094721951279:3.635198688162673] [-3.3085437413410617:3.4536595050226699] [-5.2225238211182843:2.9192994163586499] [-5.2087726830936534:3.0844494138752805] [-3.364291577066961:3.3010080928897167] [-3.1574098716941079:3.7230099893672053] [-2.7393285956063012:2.3077676425614388] [-0.50007241528648627:3.522397901929025] [-0.53419491153554799:3.1331326772899302] [-4.8738451755059344:4.4224142121651289] [-0.65926814014504787:5.4234769216730312] [-0.63923271182875296:5.6998420257936324]
tree_sizes=1172 1175 1077 1183 1088 1193 1086 1194 1191 1191 1088 1184 1199 1292 1070 1195 1204 1084 1085 1303 1083 1085 1184 1190

Tree=0
num_leaves=10
num_cat=0
split_feature=10 1 15 11 16 9 15 15 13
split_gain=7.6953 3.28133 3.18678 5.17378 2.49154 2.30632 3.90664 2.05526 1.70754
threshold=-0.36562376868525109 1.0000000180025095e-35 0.11073691910499144 0.44049076435970624 -0.56435035493581454 -0.44823314293804523 -0.19137331442744829 0.85910148452195012 0.12890957556050187
decision_type=2 2 2 2 2 2 2 2 2
left_child=1 4 5 -4 -1 -2 -7 -5 -3
right_child=2 8 3 7 -6 6 -8 -9 -10
leaf_value=-0.56324605883669454 -0.64035439717711917 -0.59634414719929774 -0.58462191176777789 -0.63785056096642345 -0.6036640193948718 -0.59301891408461882 -0.63195011221175312 -0.60640482417875041 -0.62383503499093429
leaf_weight=3.8778373301029196 8.6681069731712359 3.6497292518615714 5.0183777213096601 3.6497292518615723 4.3340534865856162 3.8778373301029205 4.7902696430683154 3.421621173620224 3.421621173620224
leaf_count=17 38 16 22 16 19 17 21 15 15
internal_value=-0.610081 -0.591322 -0.620397 -0.60712 -0.578629 -0.629277 -0.614108 -0.6246 -0.610081
internal_weight=44.7092 15.2832 29.4259 12.0897 8.21189 17.3362 8.66811 7.07135 7.07135
internal_count=196 67 129 53 36 76 38 31 31
is_linear=0
shrinkage=1


Tree=1
num_leaves=10
num_cat=0
split_feature=10 1 15 11 16 9 15 15 13
split_gain=7.30778 3.10415 3.02656 4.90963 2.32978 2.2063 3.72966 1.98073 1.63197
threshold=-0.36562376868525109 1.0000000180025095e-35 0.11073691910499144 0.44049076435970624 -0.56435035493581454 -0.44823314293804523 -0.19137331442744829 0.85910148452195012 0.12890957556050187
decision_type=2 2 2 2 2 2 2 2 2
left_child=1 4 5 -4 -1 -2 -7 -5 -3
right_child=2 8 3 7 -6 6 -8 -9 -10
leaf_value=0.045343487932848231 -0.029636518186951594 0.01339036694096717 0.024688304639547024 -0.027292062222423617 0.0062546571319156904 0.016611970649312843 -0.021430467554526607 0.0035920613023828771 -0.013486192538378796
leaf_weight=3.9299793988466254 8.5890094637870806 3.6644372940063468 5.0555780529975873 3.619225025177002 4.3422498703002921 3.8972064107656479 4.7588510960340518 3.4253344684839249 3.4075760096311569
leaf_count=17 38 16 22 16 19 17 21 15 15
internal_value=0 0.0182612 -0.0100537 0.00285942 0.0305488 -0.0187426 -0.0039068 -0.0142209 0
internal_weight=44.6894 15.3442 29.3452 12.1001 8.27223 17.2451 8.65606 7.04456 7.07201
internal_count=196 67 129 53 36 76 38 31 31
is_linear=0
shrinkage=0.035


Tree=2
num_leaves=9
num_cat=0
split_feature=10 4 1 23 17 8 11 11
split_gain=6.94166 2.99268 3.88546 2.9284 4.65028 3.29343 2.41407 0.580934
threshold=-0.36562376868525109 -0.75186595463897599 0.66807176582688166 -0.084778023326163868 0.28969908589705207 0.75799499058046316 0.55428887737604426 0.29417890476727171
decision_type=2 2 2 2 2 2 2 2
left_child=1 2 -1 4 5 -2 -6 -3
right_child=3 7 -4 -5 6 -7 -8 -9
leaf_value=0.021519093587285775 -0.036984165167267692 0.0095615903631063662 -0.018209707561675465 0.013872078407990816 0.01474038259718354 -0.0022138299115070478 -0.013684682310563157 0.039793502730289157
leaf_weight=3.9372745305299741 9.0398924350738543 3.4446230828762046 4.1016477346420288 3.6423243582248714 6.6152776479721052 5.6499174386262885 4.3120615035295486 3.9160186052322388
leaf_count=17 40 15 18 16 29 25 19 17
internal_value=0 0.0177811 0.00113613 -0.0098003 -0.0141171 -0.0257934 0.00273559 0.0312723
internal_weight=44.659 15.3996 8.03892 29.2595 25.6171 14.6898 10.9273 7.36064
internal_count=196 67 35 129 113 65 48 32
is_linear=0
shrinkage=0.035


Tree=3
num_leaves=10
num_cat=0
split_feature=10 15 11 4 1 9 15 15 11
split_gain=6.59314 2.86848 4.57992 2.83155 3.70398 2.07195 3.55496 1.91838 0.532747
threshold=-0.36562376868525109 0.11073691910499144 0.44049076435970624 -0.75186595463897599 0.66807176582688166 -0.44823314293804523 -0.19137331442744829 0.85910148452195012 0.29417890476727171
decision_type=2 2 2 2 2 2 2 2 2
left_child=3 5 -3 4 -1 -2 -7 -4 -5
right_child=1 2 7 8 -6 6 -8 -9 -10
leaf_value=0.020938650872437566 -0.028698002782603302 0.023954936476620187 -0.026594374734288769 0.0093335985369546806 -0.017848092651233469 0.016246994218622607 -0.020912524039520257 0.0037803490829496429 0.038590503057017306
leaf_weight=3.9598295539617521 8.4647946953773516 5.0896595418453199 3.5718566179275513 3.4539453089237204 4.079204261302948 3.9123566448688507 4.7199596464633959 3.416883185505867 3.9583371728658676
leaf_count=17 38 22 16 15 18 17 21 15 17
internal_value=0 -0.00953992 0.00299253 0.017327 0.00109957 -0.0180547 -0.00368906 -0.0136229 0.0303954
internal_weight=44.6268 29.1755 12.0784 15.4513 8.03903 17.0971 8.63232 6.98874 7.41228
internal_count=196 129 53 67 35 76 38 31 32
is_linear=0
shrinkage=0.035


Tree=4
num_leaves=9
num_cat=0
split_feature=10 23 17 8 4 1 11 11
split_gain=6.26973 2.75586 4.34448 3.19282 2.68074 3.53149 2.25856 0.489184
threshold=-0.36562376868525109 -0.084778023326163868 0.28969908589705207 0.75799499058046316 -0.75186595463897599 0.66807176582688166 0.55428887737604426 0.29417890476727171
decision_type=2 2 2 2 2 2 2 2
left_child=4 2 3 -2 5 -1 -4 -6
right_child=1 -3 6 -5 7 -7 -8 -9
leaf_value=0.020377770374822239 -0.036030957072534266 0.013583684452236684 0.014271814199616397 -0.0018056873478915437 0.0091114379080287477 -0.017494738847245842 -0.013237169923696441 0.037445798989430359
leaf_weight=3.981076240539549 8.8892590403556841 3.6527432203292873 6.641500771045683 5.6188972294330588 3.4629290848970404 4.0567340552806854 4.2828743606805801 3.9969996213912964
leaf_count=17 40 16 29 25 15 18 19 17
internal_value=2.35564e-05 -0.00930216 -0.0135312 -0.0249185 0.0168883 0.00106298 0.00270128 0.0295549
internal_weight=44.583 29.0853 25.4325 14.5082 15.4977 8.03781 10.9244 7.45993
internal_count=196 129 113 65 67 35 48 32
is_linear=0
shrinkage=0.035


Tree=5
num_leaves=10
num_cat=0
split_feature=10 15 11 4 5 9 15 15 11
split_gain=5.95675 2.71983 4.27351 2.53946 3.39189 1.94713 3.38879 1.85856 0.449729
threshold=-0.36562376868525109 0.11073691910499144 0.44049076435970624 -0.75186595463897599 -0.32066385577749307 -0.44823314293804523 -0.19137331442744829 0.85910148452195012 0.29417890476727171
decision_type=2 2 2 2 2 2 2 2 2
left_child=3 5 -3 4 -1 -2 -7 -4 -5
right_child=1 2 7 8 -6 6 -8 -9 -10
leaf_value=0.02162741299927573 -0.027809071685274408 0.023250804773960011 -0.025930604783564438 0.0088949372767628994 -0.015646286598504686 0.015887110766282717 -0.02041567740814542 0.0039542400236696846 0.036355133623316681
leaf_weight=3.4692449867725363 8.3379800915718096 5.1205386370420438 3.5233591198921204 3.471586972475051 4.5660964846611014 3.9264401942491531 4.6803372502326983 3.4088598936796188 4.032178670167923
leaf_count=15 38 22 16 15 20 17 21 15 17
internal_value=5.96002e-05 -0.00905708 0.00311129 0.0164644 0.00102643 -0.0174042 -0.00348641 -0.0130523 0.0287486
internal_weight=44.5366 28.9975 12.0528 15.5391 8.03534 16.9448 8.60678 6.93222 7.50377
internal_count=196 129 53 67 35 76 38 31 32
is_linear=0
shrinkage=0.035


Tree=6
num_leaves=9
num_cat=0
split_feature=10 23 17 8 4 1 11 11
split_gain=5.67182 2.5944 4.06061 3.0978 2.40187 3.33667 2.11379 0.413929
threshold=-0.36562376868525109 -0.084778023326163868 0.28969908589705207 0.75799499058046316 -0.75186595463897599 0.66807176582688166 0.55428887737604426 0.29417890476727171
decision_type=2 2 2 2 2 2 2 2
left_child=4 2 3 -2 5 -1 -4 -6
right_child=1 -3 6 -5 7 -7 -8 -9
leaf_value=0.019727153176910157 -0.035133857762863152 0.013298548111050029 0.013819820446113108 -0.0014220090920386659 0.0086839310467383968 -0.017089354298834888 -0.012808985866936878 0.03531462759469528
leaf_weight=4.0046494752168638 8.734462186694147 3.6621877402067211 6.6648023873567563 5.5883004814386359 3.4799309968948355 4.0296566486358643 4.2538701742887497 4.0640448033809662
leaf_count=17 40 16 29 25 15 18 19 17
internal_value=8.93677e-05 -0.00883374 -0.0129781 -0.0240881 0.0160652 0.0010127 0.00266206 0.0279744
internal_weight=44.4819 28.9036 25.2414 14.3228 15.5783 8.03431 10.9187 7.54398
internal_count=196 129 113 65 67 35 48 32
is_linear=0
shrinkage=0.035


Tree=7
num_leaves=10
num_cat=0
split_feature=10 15 11 4 5 9 15 15 11
split_gain=5.3902 2.57993 3.98874 2.27783 3.20478 1.83088 3.23075 1.80107 0.381388
threshold=-0.36562376868525109 0.11073691910499144 0.44049076435970624 -0.75186595463897599 -0.32066385577749307 -0.44823314293804523 -0.19137331442744829 0.85910148452195012 0.29417890476727171
decision_type=2 2 2 2 2 2 2 2 2
left_child=3 5 -3 4 -1 -2 -7 -4 -5
right_child=1 2 7 8 -6 6 -8 -9 -10
leaf_value=0.020939541674119561 -0.026964985656442866 0.0225745809932149 -0.025297911479501941 0.0084782559994880154 -0.015284461904058251 0.015532656045805209 -0.019938419261363326 0.0041145335994620625 0.034320752568490633
leaf_weight=3.4914626181125632 8.2095584720373171 5.1483455747365934 3.4740649610757828 3.4879730194807044 4.5389873385429373 3.9394765198230743 4.6401967108249682 3.4012567102909088 4.0927653163671494
leaf_count=15 38 22 16 15 20 17 21 15 17
internal_value=0.00012069 -0.00860281 0.00321686 0.0156679 0.000976408 -0.0167883 -0.00329776 -0.0125076 0.0272303
internal_weight=44.4241 28.8129 12.0237 15.6112 8.03045 16.7892 8.57967 6.87532 7.58074
internal_count=196 129 53 67 35 76 38 31 32
is_linear=0
shrinkage=0.035


Tree=8
num_leaves=10
num_cat=0
split_feature=10 5 5 9 1 16 10 13 20
split_gain=5.13406 2.4754 3.0934 3.55311 2.20389 2.43174 1.70527 1.50502 0.758186
threshold=-0.36562376868525109 -0.9001703713317889 1.0000000180025095e-35 -0.31616369700127317 1.0000000180025095e-35 -0.56435035493581454 0.65873666986970958 0.12890957556050187 -0.13690108941278784
decision_type=2 2 2 2 2 2 2 2 2
left_child=4 -2 3 -3 5 -1 8 -6 -4
right_child=1 2 6 -5 7 -7 -8 -9 -10
leaf_value=0.039994196823504337 -0.025133047493500069 -0.0086003575400808198 -0.025331793568076761 0.030524139394346634 0.012650358548391175 0.003055032452051399 0.0032089691126055003 -0.013176064951590766 -0.0024446732832626825
leaf_weight=4.0922044068574897 6.0664589554071453 3.7265890538692474 5.8080375492572793 4.1358885467052486 3.6874606609344474 4.4857440143823615 5.3703650385141364 3.3768771886825562 3.6087653785943958
leaf_count=17 28 17 26 18 16 19 24 15 16
internal_value=0.000146138 -0.00839282 -0.00202072 0.0134644 0.0152939 0.0254035 -0.0111902 0 -0.0189855
internal_weight=44.3584 28.7161 22.6496 7.86248 15.6423 8.57795 14.7872 7.06434 9.4168
internal_count=196 129 101 35 67 36 66 31 42
is_linear=0
shrinkage=0.035


Tree=9
num_leaves=10
num_cat=0
split_feature=10 15 11 4 1 15 9 15 13
split_gain=4.88437 2.44195 3.758 2.16328 3.04818 1.74976 1.70279 3.01704 0.40194
threshold=-0.36562376868525109 0.11073691910499144 0.44049076435970624 -0.75186595463897599 0.66807176582688166 0.85910148452195012 -0.44823314293804523 -0.19137331442744829 0.24161296299989748
decision_type=2 2 2 2 2 2 2 2 2
left_child=3 6 -3 4 -1 -4 -2 -8 -5
right_child=1 2 5 8 -6 -7 7 -9 -10
leaf_value=0.018511537717630686 -0.026118674765863326 0.021988326239492279 -0.024773006873879136 0.033823509806512289 -0.016669899413822607 0.0042173006542356468 0.014914957661696903 -0.019376121880450358 0.00861410675137971
leaf_weight=4.0445628464221937 8.0789136886596697 5.1720604449510557 3.4323123097419739 3.7988974153995505 3.9991460144519806 3.3962655812501907 3.9634450972080231 4.5955904871225375 3.8312276601791382
leaf_count=17 38 22 16 16 18 15 17 21 16
internal_value=0.000157477 -0.00819117 0.00327732 0.0149095 0.00066101 -0.0120707 -0.0162089 -0.00318234 0.0261284
internal_weight=44.3124 28.6386 12.0006 15.6738 8.04371 6.82858 16.6379 8.55904 7.63013
internal_count=196 129 53 67 35 31 76 38 32
is_linear=0
shrinkage=0.035


Tree=10
num_leaves=9
num_cat=0
split_feature=10 23 17 8 4 5 11 11
split_gain=4.65059 2.3595 3.71582 3.05522 2.05437 2.98891 1.90271 0.445401
threshold=-0.36562376868525109 -0.084778023326163868 0.28969908589705207 0.75799499058046316 -0.75186595463897599 -0.32066385577749307 0.55428887737604426 0.29417890476727171
decision_type=2 2 2 2 2 2 2 2
left_child=4 2 3 -2 5 -1 -4 -6
right_child=1 -3 6 -5 7 -7 -8 -9
leaf_value=0.019889208233003081 -0.033915154574532848 0.013008059560786026 0.013378922634910877 -0.00053380592589366105 0.0074087001921433948 -0.0150770877627275 -0.011945436050882181 0.032549747591454153
leaf_weight=3.5218292772769919 8.4935542643070239 3.664484083652499 6.6753119975328428 5.5139400064945212 3.5267953574657431 4.5154959559440604 4.191810205578804 4.1368832737207413
leaf_count=15 40 16 29 25 15 20 19 17
internal_value=0.000176803 -0.00799353 -0.0120206 -0.0228113 0.0145495 0.000631653 0.00286408 0.025451
internal_weight=44.2401 28.5391 24.8746 14.0075 15.701 8.03733 10.8671 7.66368
internal_count=196 129 113 65 67 35 48 32
is_linear=0
shrinkage=0.035


Tree=11
num_leaves=10
num_cat=0
split_feature=10 15 11 1 16 15 9 15 13
split_gain=4.4258 2.31716 3.50888 1.96125 2.35218 1.6958 1.60178 2.87644 1.38175
threshold=-0.36562376868525109 0.11073691910499144 0.44049076435970624 1.0000000180025095e-35 -0.56435035493581454 0.85910148452195012 -0.44823314293804523 -0.19137331442744829 0.12890957556050187
decision_type=2 2 2 2 2 2 2 2 2
left_child=3 6 -3 4 -1 -4 -2 -8 -5
right_child=1 2 5 8 -6 -7 7 -9 -10
leaf_value=0.03791557880315205 -0.025347653425795563 0.021357140230137323 -0.024189609217048113 0.011912276644378997 0.0022029406229037264 0.0043526307388511553 0.014578367034216817 -0.018932073413403958 -0.012839867303006314
leaf_weight=4.142422914505004 7.9498628675937679 5.1949062645435315 3.3824362307786942 3.7108455598354331 4.5185398757457724 3.3895696401596069 3.9744381606578827 4.5557433217763919 3.3514729589223862
leaf_count=17 38 22 16 16 19 15 17 21 15
internal_value=0.000206213 -0.00778566 0.00335954 0.0142085 0.0236849 -0.0115698 -0.0156505 -0.00301669 0
internal_weight=44.1702 28.447 11.9669 15.7233 8.66096 6.77201 16.48 8.53018 7.06232
internal_count=196 129 53 67 36 31 76 38 31
is_linear=0
shrinkage=0.035


Tree=12
num_leaves=10
num_cat=0
split_feature=10 5 5 9 4 5 10 20 13
split_gain=4.21073 2.25158 2.90346 3.13667 1.95452 2.81402 1.64917 0.71575 0.444986
threshold=-0.36562376868525109 -0.9001703713317889 1.0000000180025095e-35 -0.31616369700127317 -0.75186595463897599 -0.32066385577749307 0.65873666986970958 -0.13690108941278784 0.24161296299989748
decision_type=2 2 2 2 2 2 2 2 2
left_child=4 -2 3 -3 5 -1 7 -4 -6
right_child=1 2 6 -5 8 -7 -8 -9 -10
leaf_value=0.019018624673806779 -0.023759342904894346 -0.007669422821598733 -0.024482187120604817 0.029245455243614792 0.032054120530206585 -0.014897523785876679 0.0035511329662903869 -0.0022223634509681814 0.0076157601835948521
leaf_weight=3.5465893596410742 5.8860752582550075 3.655876636505127 5.7115545421838769 4.1736951172351864 3.8457861095666876 4.4978320598602286 5.332318738102912 3.586282238364217 3.8555673509836197
leaf_count=15 28 17 26 18 16 20 24 16 16
internal_value=0.000217997 -0.00759957 -0.00155346 0.0134213 0.0138576 0.000342169 -0.0105334 -0.0182743 0.0244529
internal_weight=44.0916 28.3458 22.4597 7.82957 15.7458 8.04442 14.6302 9.29784 7.70135
internal_count=196 129 101 35 67 35 66 42 32
is_linear=0
shrinkage=0.035


Tree=13
num_leaves=11
num_cat=0
split_feature=10 15 11 1 16 15 9 15 13 19
split_gain=4.01631 2.19487 3.30632 1.85767 2.24302 1.6478 1.48966 2.68593 1.27196 0.0637664
threshold=-0.36562376868525109 0.11073691910499144 0.44049076435970624 1.0000000180025095e-35 -0.56435035493581454 0.85910148452195012 -0.44823314293804523 -0.19137331442744829 0.12890957556050187 -0.19838714149532286
decision_type=2 2 2 2 2 2 2 2 2 2
left_child=3 6 -3 4 -1 -4 9 -8 -5 -2
right_child=1 2 5 8 -6 -7 7 -9 -10 -11
leaf_value=0.036581779586032988 -0.029013624453132901 0.020806575612277636 -0.023704200173933522 0.01119058888879633 0.0018898839658049924 0.0044378079266468428 0.013996634754157215 -0.018404173774303145 -0.012550273597708968 -0.0078726482867233338
leaf_weight=4.1696421056985846 4.7635798901319513 5.2144971638917905 3.3404926657676697 3.734731286764144 4.5296433418989173 3.3849044889211655 3.9947530776262283 4.5112141817808169 3.33295838534832 3.0570605546236056
leaf_count=17 23 22 16 16 19 15 17 21 15 15
internal_value=0.000232877 -0.00741947 0.00340132 0.0135381 0.0227386 -0.011168 -0.0151269 -0.00291997 0 -0.0245705
internal_weight=44.0335 28.2665 11.9399 15.767 8.69929 6.7254 16.3266 8.50597 7.06769 7.82064
internal_count=196 129 53 67 36 31 76 38 31 38
is_linear=0
shrinkage=0.035


Tree=14
num_leaves=9
num_cat=0
split_feature=10 23 17 8 4 6 11 11
split_gain=3.8345 2.14791 3.42066 3.01287 1.86142 2.72537 1.71504 0.507292
threshold=-0.36562376868525109 -0.084778023326163868 0.28969908589705207 0.75799499058046316 -0.75186595463897599 -1.3694775639025945 0.55428887737604426 0.29417890476727171
decision_type=2 2 2 2 2 2 2 2
left_child=4 2 3 -2 5 -1 -4 -6
right_child=1 -3 6 -5 7 -7 -8 -9
leaf_value=0.018081676775691825 -0.032863033093555663 0.012676094833997672 0.012956639104070283 0 0.0062291797605793378 -0.015248988112501924 -0.011148739245664679 0.030621710632910623
leaf_weight=3.6904143691062918 8.2609686702489871 3.664691478013995 6.6773607134819013 5.4435616284608832 3.5639557093381873 4.3568470478057852 4.1303414553403854 4.1724835187196732
leaf_count=16 40 16 29 25 15 19 19 17
internal_value=0.000219254 -0.00727545 -0.0111875 -0.0216938 0.0132075 7.03424e-05 0.00303207 0.0235118
internal_weight=43.9606 28.1769 24.5122 13.7045 15.7837 8.04726 10.8077 7.73644
internal_count=196 129 113 65 67 35 48 32
is_linear=0
shrinkage=0.035


Tree=15
num_leaves=10
num_cat=0
split_feature=10 15 11 4 5 15 0 0 13
split_gain=3.64809 2.09398 3.0883 1.76855 2.67926 1.59701 1.41499 1.57581 0.479298
threshold=-0.36562376868525109 0.11073691910499144 0.44049076435970624 -0.75186595463897599 -0.32066385577749307 0.85910148452195012 1.0000000180025095e-35 0.73161836891534782 0.24161296299989748
decision_type=2 2 2 2 2 2 2 2 2
left_child=3 6 -3 4 -1 -4 -2 -8 -5
right_child=1 2 5 8 -6 -7 7 -9 -10
leaf_value=0.018299756597721192 -0.00020313365185806528 0.02021786788524672 -0.02316276730371046 0.030442314317844246 -0.014794459994888026 0.0045516338115952921 -0.033981214933837885 -0.0048854208724795466 0.0066985826715402963
leaf_weight=3.5645275861024848 6.2307467162609163 5.2326736301183683 3.2906401455402374 3.882173314690589 4.4816871285438529 3.3790096789598465 4.4014147669076902 5.5495622605085373 3.873839259147644
leaf_count=15 29 22 16 16 20 15 21 26 16
internal_value=0.00024373 -0.00708568 0.00346465 0.0128973 6.83282e-05 -0.0107055 -0.0146621 -0.0217271 0.0229257
internal_weight=43.8863 28.084 11.9023 15.8022 8.04621 6.66965 16.1817 9.95098 7.75601
internal_count=196 129 53 67 35 31 76 47 32
is_linear=0
shrinkage=0.035


Tree=16
num_leaves=10
num_cat=0
split_feature=10 5 5 9 1 16 10 13 20
split_gain=3.49201 2.088 2.73348 2.83852 1.74118 2.13553 1.57575 1.16976 0.664693
threshold=-0.36562376868525109 -0.9001703713317889 1.0000000180025095e-35 -0.31616369700127317 1.0000000180025095e-35 -0.56435035493581454 0.65873666986970958 0.12890957556050187 -0.13690108941278784
decision_type=2 2 2 2 2 2 2 2 2
left_child=4 -2 3 -3 5 -1 8 -6 -4
right_child=1 2 6 -5 7 -7 -8 -9 -10
leaf_value=0.034946902408148489 -0.02266669244321726 -0.0069825031022102101 -0.023638626257664132 0.028264574590129894 0.010345728199122977 0.0013917542544757263 0.0037473203927367452 -0.012392472089682119 -0.0020763540561054049
leaf_weight=4.1958066523075095 5.7371539920568493 3.5990369319915771 5.6080331057310113 4.1981947273016003 3.7595761567354193 4.5438685268163672 5.3019148260354987 3.3173835724592209 3.5652823895215962
leaf_count=17 28 17 26 18 16 19 24 15 16
internal_value=0.000234695 -0.00695004 -0.00115119 0.0133552 0.0126047 0.021498 -0.00995654 -0.000116616 -0.0175999
internal_weight=43.8263 28.0096 22.2725 7.79723 15.8166 8.73968 14.4752 7.07696 9.17332
internal_count=196 129 101 35 67 36 66 31 42
is_linear=0
shrinkage=0.035


Tree=17
num_leaves=9
num_cat=0
split_feature=12 12 18 16 1 0 14 5
split_gain=3.38253 3.09538 6.07146 2.12646 2.71094 2.044 1.48657 2.3849
threshold=-0.055566227594500715 -0.77032703874465724 -1.0437940512667032 1.1410693805271579 0.94490488655007143 0.2996990908810036 -0.41538350537392438 0.3642074807866752
decision_type=2 2 2 2 2 2 2 2
left_child=1 2 -1 4 5 -2 -3 -8
right_child=3 6 -4 -5 -6 -7 7 -9
leaf_value=0.021012763691371669 -0.032611927773984882 0.030421124132753458 -0.027643045190175197 0.010615022350202816 0.0036392683029889384 -0.001267186024863748 -0.0091734544171484279 0.020955112044992917
leaf_weight=3.7638335675001144 7.1443975120782905 5.4702237248420706 4.9185288995504397 3.472753480076789 5.8077027201652518 4.2653437405824661 4.5444999635219556 4.3687602877616882
leaf_count=16 33 23 22 16 26 20 21 19
internal_value=0.000238041 0.00919737 -0.00607404 -0.00944893 -0.0144526 -0.0232224 0.0183523 0.00624675
internal_weight=43.756 23.0658 8.68236 20.6902 17.2174 11.4097 14.3835 8.91326
internal_count=196 101 38 95 79 53 63 40
is_linear=0
shrinkage=0.035


Tree=18
num_leaves=9
num_cat=0
split_feature=12 12 18 16 1 0 14 5
split_gain=3.20728 2.92667 5.80433 2.03062 2.59461 1.96085 1.39621 2.26589
threshold=-0.055566227594500715 -0.77032703874465724 -1.0437940512667032 1.1410693805271579 0.94490488655007143 0.2996990908810036 -0.41538350537392438 0.3642074807866752
decision_type=2 2 2 2 2 2 2 2
left_child=1 2 -1 4 5 -2 -3 -8
right_child=3 6 -4 -5 -6 -7 7 -9
leaf_value=0.020478800969202873 -0.032011577386662299 0.029525382222830181 -0.027121099274340681 0.010354869775337446 0.0035416441582063673 -0.0012373724295722999 -0.0089700559381893641 0.020377962786462082
leaf_weight=3.7786814570426941 7.062601059675222 5.4990624189376822 4.8769522011280078 3.4854214340448371 5.8139350712299338 4.2634500116109848 4.5304841101169568 4.3914890736341476
leaf_count=16 33 23 22 16 26 20 21 19
internal_value=0.000252198 0.00896887 -0.00590486 -0.0091991 -0.0141162 -0.0227456 0.0178478 0.00608102
internal_weight=43.7021 23.0767 8.65563 20.6254 17.14 11.3261 14.421 8.92197
internal_count=196 101 38 95 79 53 63 40
is_linear=0
shrinkage=0.035


Tree=19
num_leaves=11
num_cat=0
split_feature=10 15 11 1 16 15 9 15 13 19
split_gain=3.08396 2.02305 2.84797 1.62399 1.95943 1.57098 1.37516 2.46397 1.14798 0.147477
threshold=-0.36562376868525109 0.11073691910499144 0.44049076435970624 1.0000000180025095e-35 -0.56435035493581454 0.85910148452195012 -0.44823314293804523 -0.19137331442744829 0.12890957556050187 -0.19838714149532286
decision_type=2 2 2 2 2 2 2 2 2 2
left_child=3 6 -3 4 -1 -4 9 -8 -5 -2
right_child=1 2 5 8 -6 -7 7 -9 -10 -11
leaf_value=0.033306010140148772 -0.027857710454526098 0.019825939371562164 -0.022463355994480159 0.010039991841298468 0.0012002179638427447 0.0050177757310048308 0.013675578888282577 -0.017455078444788365 -0.012473028257436855 -0.0066731469503142965
leaf_weight=4.2135666757822028 4.608578443527219 5.2337698936462385 3.2266914993524551 3.7658407539129248 4.5428316593170157 3.3543676733970642 3.9980492144823074 4.417910113930704 3.3100732862949371 2.969597205519678
leaf_count=17 23 22 16 16 19 15 17 21 15 15
internal_value=0.000264486 -0.00652108 0.00382736 0.0118722 0.0204578 -0.00993957 -0.014033 -0.002376 -0.000340869 -0.0232312
internal_weight=43.6413 27.809 11.8148 15.8323 8.7564 6.58106 15.9941 8.41596 7.07591 7.57818
internal_count=196 129 53 67 36 31 76 38 31 38
is_linear=0
shrinkage=0.035


Tree=20
num_leaves=9
num_cat=0
split_feature=7 4 5 7 0 20 10 4
split_gain=2.98272 1.92823 1.94386 4.24326 1.50371 1.50293 1.26419 1.06714
threshold=1.1936728447135219 1.1561240385034852 1.0000000180025095e-35 -1.0404267818908837 0.73161836891534782 -0.13690108941278784 0.21972505334615497 1.0000000180025095e-35
decision_type=2 2 2 2 2 2 2 2
left_child=1 2 3 -1 6 7 -5 -4
right_child=-2 -3 5 4 -6 -7 -8 -9
leaf_value=-0.015056438021135115 0.023093933754990702 -0.021583762901425226 -0.025231367020819365 0.013486831586313572 0.028939294837472214 0.0043717832964638905 -0.0088965200123236853 -0.002165236090539634
leaf_weight=5.5484497100114814 4.1448160260915747 3.8848464488983145 4.7039371877908689 5.8442638069391268 5.3192020058631888 5.6269945353269568 3.0808887630701065 5.4024692624807358
leaf_count=26 18 18 22 25 23 25 15 24
internal_value=0.000248237 -0.00302695 0 0.00704369 0.0167692 -0.00856204 0.00506556 -0.0157295
internal_weight=43.5559 39.4111 35.5262 19.7928 14.2444 15.7334 8.92515 10.1064
internal_count=196 178 160 89 63 71 40 46
is_linear=0
shrinkage=0.035


Tree=21
num_leaves=9
num_cat=0
split_feature=12 12 16 16 1 0 14 5
split_gain=2.92636 2.80332 5.45835 1.96638 2.44055 1.8798 1.22455 2.12643
threshold=-0.055566227594500715 -0.77032703874465724 -0.90950259522878751 1.1410693805271579 0.94490488655007143 0.2996990908810036 -0.41538350537392438 0.3642074807866752
decision_type=2 2 2 2 2 2 2 2
left_child=1 2 -1 4 5 -2 -3 -8
right_child=3 6 -4 -5 -6 -7 7 -9
leaf_value=0.019019955826670897 -0.031313605251152413 0.028207554926074886 -0.02712813827810525 0.010353270301725656 0.0033699304430651941 -0.0010903329359161884 -0.008619507743760961 0.019828253017227924
leaf_weight=3.9207496047019958 6.9474065601825767 5.5231146812438956 4.696039095520975 3.4817002117633811 5.8109840601682654 4.2349333018064499 4.4990022480487806 4.4054311960935593
leaf_count=17 33 23 21 16 26 20 21 19
internal_value=0.000225455 0.00855125 -0.00600828 -0.0088386 -0.0137233 -0.0221678 0.0172393 0.00602877
internal_weight=43.5194 23.0443 8.61679 20.475 16.9933 11.1823 14.4275 8.90443
internal_count=196 101 38 95 79 53 63 40
is_linear=0
shrinkage=0.035


Tree=22
num_leaves=10
num_cat=0
split_feature=10 15 11 1 16 15 0 0 13
split_gain=2.80756 1.89176 2.66647 1.52613 1.78039 1.51467 1.36203 1.45614 1.09861
threshold=-0.36562376868525109 0.11073691910499144 0.44049076435970624 1.0000000180025095e-35 -0.56435035493581454 0.85910148452195012 1.0000000180025095e-35 0.73161836891534782 -1.0000000180025095e-35
decision_type=2 2 2 2 2 2 2 2 2
left_child=3 6 -3 4 -1 -4 -2 -8 -5
right_child=1 2 5 8 -6 -7 7 -9 -10
leaf_value=0.031864102633553701 0 0.019164771130360324 -0.022035473229930953 0.009661852981457001 0.001177020160239793 0.0049740570248860807 -0.032556424654435319 -0.0044098754962377633 -0.012359061391706689
leaf_weight=4.2226755470037451 6.13955029845238 5.2507389038801175 3.1846778392791748 3.7747550457715988 4.5383913666009894 3.3541854023933411 4.2232902795076352 5.4742013812065125 3.2953902631998053
leaf_count=17 29 22 16 16 19 15 21 26 15
internal_value=0.000235319 -0.00626556 0.00372338 0.0113046 0.0196287 -0.00964587 -0.0135797 -0.0205872 -0.000485242
internal_weight=43.4579 27.6266 11.7896 15.8312 8.76107 6.53886 15.837 9.69749 7.07015
internal_count=196 129 53 67 36 31 76 47 31
is_linear=0
shrinkage=0.035


Tree=23
num_leaves=10
num_cat=0
split_feature=7 4 5 7 12 12 0 14 9
split_gain=2.7692 1.75631 1.8211 3.95058 1.45566 1.78269 1.39051 1.02687 0.788422
threshold=1.1936728447135219 1.1561240385034852 1.0000000180025095e-35 -1.0404267818908837 -0.5169118420641472 1.0000000180025095e-35 0.73161836891534782 -1.0000000180025095e-35 0.54228770158774553
decision_type=2 2 2 2 2 2 2 2 2
left_child=1 2 3 -1 -4 -6 7 -5 -7
right_child=-2 -3 4 6 5 8 -8 -9 -10
leaf_value=-0.014638355269332732 0.022191007870754717 -0.020771035586632635 -0.022616725156685138 0.013020385067135687 0.013209766923569313 -0.019338565175780933 0.027782672270809744 -0.0068858111991036228 3.493550970776073e-05
leaf_weight=5.5015850365161887 4.1640968918800345 3.8188376873731604 3.8934596180915824 5.3645981699228251 4.4431343227624875 3.432087779045105 5.3529095649719229 3.5356217175722175 3.8754372298717499
leaf_count=26 18 18 18 23 19 16 23 17 18
internal_value=0.000218095 -0.00295116 0 0.00675694 -0.00837514 -0.000671329 0.0161234 0.0048185 -0.0107003
internal_weight=43.3818 39.2177 35.3988 19.7547 15.6441 11.7507 14.2531 8.90022 7.30753
internal_count=196 178 160 89 71 53 63 40 34
is_linear=0
shrinkage=0.035


end of trees

feature_importances:
Column_15=31
Column_11=24
Column_10=23
Column_1=16
Column_5=16
Column_4=14
Column_9=13
Column_16=12
Column_13=11
Column_0=9
Column_12=8
Column_8=5
Column_17=5
Column_23=5
Column_7=4
Column_14=4
Column_20=4
Column_18=2
Column_19=2
Column_6=1

parameters:
[boosting: gbdt]
[objective: binary]
[metric: binary_logloss]
[tree_learner: serial]
[device_type: cpu]
[data_sample_strategy: bagging]
[data: ]
[valid: ]
[num_iterations: 600]
[learning_rate: 0.035]
[num_leaves: 48]
[num_threads: 0]
[seed: 42]
[deterministic: 0]
[force_col_wise: 0]
[force_row_wise: 0]
[histogram_pool_size: -1]
[max_depth: 8]
[min_data_in_leaf: 15]
[min_sum_hessian_in_leaf: 0.001]
[bagging_fraction: 1]
[pos_bagging_fraction: 1]
[neg_bagging_fraction: 1]
[bagging_freq: 0]
[bagging_seed: 400]
[bagging_by_query: 0]
[feature_fraction: 1]
[feature_fraction_bynode: 1]
[feature_fraction_seed: 30056]
[extra_trees: 0]
[extra_seed: 12879]
[early_stopping_round: 0]
[early_stopping_min_delta: 0]
[first_metric_only: 0]
[max_delta_step: 0]
[lambda_l1: 0.15]
[lambda_l2: 2]
[linear_lambda: 0]
[min_gain_to_split: 0]
[drop_rate: 0.1]
[max_drop: 50]
[skip_drop: 0.5]
[xgboost_dart_mode: 0]
[uniform_drop: 0]
[drop_seed: 17869]
[top_rate: 0.2]
[other_rate: 0.1]
[min_data_per_group: 100]
[max_cat_threshold: 32]
[cat_l2: 10]
[cat_smooth: 10]
[max_cat_to_onehot: 4]
[top_k: 20]
[monotone_constraints: ]
[monotone_constraints_method: basic]
[monotone_penalty: 0]
[feature_contri: ]
[forcedsplits_filename: ]
[refit_decay_rate: 0.9]
[cegb_tradeoff: 1]
[cegb_penalty_split: 0]
[cegb_penalty_feature_lazy: ]
[cegb_penalty_feature_coupled: ]
[path_smooth: 0]
[interaction_constraints: ]
[verbosity: -1]
[saved_feature_importance_type: 0]
[use_quantized_grad: 0]
[num_grad_quant_bins: 4]
[quant_train_renew_leaf: 0]
[stochastic_rounding: 1]
[linear_tree: 0]
[max_bin: 255]
[max_bin_by_feature: ]
[min_data_in_bin: 3]
[bin_construct_sample_cnt: 200000]
[data_random_seed: 175]
[is_enable_sparse: 1]
[enable_bundle: 1]
[use_missing: 1]
[zero_as_missing: 0]
[feature_pre_filter: 1]
[pre_partition: 0]
[two_round: 0]
[header: 0]
[label_column: ]
[weight_column: ]
[group_column: ]
[ignore_column: ]
[categorical_feature: ]
[forcedbins_filename: ]
[precise_float_parser: 0]
[parser_config_file: ]
[objective_seed: 16083]
[num_class: 1]
[is_unbalance: 0]
[scale_pos_weight: 1]
[sigmoid: 1]
[boost_from_average: 1]
[reg_sqrt: 0]
[alpha: 0.9]
[fair_c: 1]
[poisson_max_delta_step: 0.7]
[tweedie_variance_power: 1.5]
[lambdarank_truncation_level: 30]
[lambdarank_norm: 1]
[label_gain: ]
[lambdarank_position_bias_regularization: 0]
[eval_at: ]
[multi_error_top_k: 1]
[auc_mu_weights: ]
[num_machines: 1]
[local_listen_port: 12400]
[time_out: 120]
[machine_list_filename: ]
[machines: ]
[gpu_platform_id: -1]
[gpu_device_id: -1]
[gpu_device_id_list: ]
[gpu_use_dp: 0]
[num_gpu: 1]

end of parameters

pandas_categorical:null
