tree
version=v4
num_class=1
num_tree_per_iteration=1
label_index=0
max_feature_idx=42
objective=binary sigmoid:1
feature_names=Column_0 Column_1 Column_2 Column_3 Column_4 Column_5 Column_6 Column_7 Column_8 Column_9 Column_10 Column_11 Column_12 Column_13 Column_14 Column_15 Column_16 Column_17 Column_18 Column_19 Column_20 Column_21 Column_22 Column_23 Column_24 Column_25 Column_26 Column_27 Column_28 Column_29 Column_30 Column_31 Column_32 Column_33 Column_34 Column_35 Column_36 Column_37 Column_38 Column_39 Column_40 Column_41 Column_42
feature_infos=[-1.2047286339825056:10.984908823012251] [-1.6849161180801038:12.573257609408117] [-1.237579048958358:10.885310582465522] [-1.2197492248259343:9.6905712327771774] [-1.6996869672818349:11.695083352472532] [-1.251748673998645:9.9422700030690212] [-2.2574710470097994:5.718549863790372] [-2.5512102101172101:8.721669201482289] [-2.7014156693530804:5.0193707445575804] [-3.0489501568877526:3.5371116151371291] [-6.2311541134995458:3.6140401100918718] [-2.3218360746272135:4.7941179528071602] [-1.6300335310745291:5.3914346884650355] [-3.0646895376143748:3.6425516168789049] [-2.2972739814516752:4.823265149625426] [-1.7159632958482283:1.7905944671331171] [-1.472056467216027:1.3512458294786747] [-2.3634164556854858:0.96242216494408961] [-1.7278314327080484:0.57876016205624115] [-2.5807554605265466:2.2446742024565443] [-2.3703509982156907:4.4846700108116311] [-2.1746870433018262:4.4762922845618434] [-4.0352463585940814:3.9372020861326158] [-1.7465155131962335:2.9460646810961975] [-2.0367487622050726:3.8426555290021782] [-2.4122692208686991:3.1757970173102552] [-3.2090207192656006:2.8908616358602179] [-2.7409663660567793:2.871762394866221] [-2.6357528374329866:5.3127960501596521] [-2.290812476313381:3.5965688625462726] [-3.0748459782619526:3.9874660376819322] [-2.0818613899594709:3.7859321938419233] [-2.6712236429216101:3.8026952793190256] [-3.0722635659923556:3.4481168039966477] [-3.3612401711248729:3.4946146890226442] [-3.2137810243907756:3.3533123891417276] [-2.5632775072555387:4.5689199887361163] [-1.5234794486335772:2.6882662675888693] [-1.1625467086357313:3.377871767151889] [-1.1648058077873964:2.733946505174556] [61:805] [61:805] [0:1]
tree_sizes=2794 3061 3518 3438 3502 3632 3403 3390 3606 3106 3425 3455 4129 3737 3420

Tree=0
num_leaves=26
num_cat=0
split_feature=14 13 24 30 25 13 25 40 16 20 16 34 26 33 25 14 27 29 1 34 29 22 39 29 34
split_gain=66.9669 21.8385 9.71129 8.43426 7.81548 6.32133 4.62299 9.85803 5.33475 7.48922 5.578 4.02471 3.73962 4.83478 3.32988 3.19145 2.58521 1.9454 2.01627 2.01545 1.42142 4.07713 4.26834 0.795783 0.52049
threshold=0.80469239472861409 0.32036223852112894 1.4541475356992326 -0.17425354314214295 1.0391834556535966 0.13777692359404034 -0.6043654379284491 600.50000000000011 -1.087060699484931 -0.24855878113580554 0.96625006174757899 -0.076143050637520818 0.2927635957140361 -0.30285469916906932 1.6966030130864145 1.2276076717188187 -1.5976327295724642 -0.9926631748878052 -0.50713480908080344 1.0869037559946475 -0.81896714159846751 0.35362677511910073 1.0000000180025095e-35 0.90885129480599591 -0.64746428898314734
decision_type=2 2 2 2 2 2 2 2 2 2 2 2 2 2 2 2 2 2 2 2 2 2 2 2 2
left_child=1 2 4 16 5 6 7 17 9 -8 12 -12 13 -10 -6 -5 -2 -1 -19 -20 -3 23 24 -22 -23
right_child=3 20 -4 15 14 -7 8 -9 10 -11 11 -13 -14 -15 -16 -17 -18 18 19 -21 21 22 -24 -25 -26
leaf_value=0.92022231556508305 0.90407524557158359 0.95251152150765317 0.89007662640291485 0.92376492373328956 0.95129644203653052 0.89046791097224254 0.92319608801061626 0.9019413317368643 0.90611332227313668 0.88035450606201859 0.92345209785156646 0.89551291419618695 0.94473646571846503 0.93014933718137249 0.92345209785156646 0.8942902319628715 0.86562167342483198 0.92288047895939251 0.94983592301448982 0.92345172949962029 0.94886078178704802 0.92612687420289519 0.91111468904488113 0.92951965966679573 0.94431032104582524
leaf_weight=4.073766469955447 4.0737664699554434 14.054494321346281 7.1290913224220267 4.8885197639465314 9.7770395278930682 4.6848314404487601 6.3143380284309387 7.3327796459197989 9.5733512043952924 6.1106497049331647 7.1290913224220303 9.165974557399748 7.3327796459197989 21.794650614261631 7.1290913224220267 5.9069613814353943 17.313507497310642 5.4995847344398525 15.48031258583069 4.0737664699554434 20.77620899677277 4.4811431169509897 7.7401562929153434 5.0922080874443045 5.4995847344398507
leaf_count=20 20 69 35 24 48 23 31 36 47 30 35 45 36 107 35 29 85 27 76 20 102 22 38 25 27
internal_value=0.920782 0.927635 0.920828 0.88177 0.922964 0.919964 0.92165 0.930091 0.917069 0.900472 0.921152 0.907268 0.927433 0.922296 0.941055 0.906861 0.871109 0.937949 0.940927 0.945206 0.942795 0.938578 0.926366 0.94596 0.938434
internal_weight=222.428 190.245 132.601 32.1828 125.472 108.566 103.881 36.4602 67.4208 12.425 54.9958 16.2951 38.7008 31.368 16.9061 10.7955 21.3873 29.1274 25.0537 19.5541 57.6438 43.5893 17.7209 25.8684 9.98073
internal_count=1092 934 651 158 616 533 510 179 331 61 270 80 190 154 83 53 105 143 123 96 283 214 87 127 49
is_linear=0
shrinkage=1


Tree=1
num_leaves=28
num_cat=0
split_feature=14 13 24 35 25 23 40 16 16 27 33 41 25 22 16 39 9 27 39 15 22 19 21 30 17 33 27
split_gain=62.6446 20.9583 9.13303 7.83828 7.49434 7.51417 6.57457 6.38908 6.7207 4.09552 3.79783 3.65063 3.22073 2.95292 2.8002 2.52449 3.07176 2.50409 2.70684 3.11527 1.84594 1.44408 4.62315 2.62914 1.77549 1.56317 1.12951
threshold=0.80469239472861409 0.32036223852112894 1.4541475356992326 0.33655385230023399 1.0391834556535966 -0.3387414549085041 526.50000000000011 0.96625006174757899 -0.83039685433086741 -0.35035967158957543 -0.30285469916906932 762.50000000000011 1.6966030130864145 1.0000000180025095e-35 0.45292237143945141 -0.67746176866715224 -1.1921906921506684 -1.1818750435781677 1.2719143878138242 -1.2927580485918588 0.6757459041989673 1.0000000180025095e-35 -0.41413369180850207 0.51756477678705426 -0.42334392698490009 1.0292660215813723 0.68903454339616543
decision_type=2 2 2 2 2 2 2 2 2 2 2 2 2 2 2 2 2 2 2 2 2 2 2 2 2 2 2
left_child=1 2 4 15 5 7 11 8 10 -8 -1 17 -6 -10 -11 -2 -17 -7 19 -19 -15 24 25 -24 -3 26 -23
right_child=3 21 -4 -5 12 6 9 -9 13 14 -12 -13 -14 20 -16 16 -18 18 -20 -21 -22 22 23 -25 -26 -27 -28
leaf_value=0.0004375126024364643 -0.016398198073092177 0.0072697010863152648 -0.029618814779245176 0 0.030070800338287768 -0.0050267140347063288 0.0054387424378573804 -0.033744056906610996 0.018035586270939256 -0.037718548538367876 -0.032019317512048333 -0.012587995456251191 0.0026062006817296995 -0.0157028467099741 -0.004581787724938868 -0.0546718861626053 -0.01932185557875201 0.0020278027101196163 -0.0059680796001587042 0.02168001208219799 0.0079405230102631511 0.01201878880844565 0.013901812523072899 -0.011658125349366475 0.032352579543004453 0.0037062725415667698 0.033705581384534354
leaf_weight=4.4900546073913574 5.5967070460319546 4.8461374342441585 7.2225399315357199 4.3102568536996833 9.6476519107818621 5.4741075485944739 6.9455423206090954 7.5646058768033972 8.9378485381603259 4.1003232747316343 7.3674932569265383 4.4898502379655829 7.1208937466144553 4.6890083998441678 5.5159076154232025 17.005736842751507 5.7647124528884879 10.766587138175959 4.071513593196868 30.091128036379818 4.0635604560375214 6.8684232681989732 5.2654685676097852 6.2897920310497284 18.745394185185432 4.2464393079280844 10.882417365908621
leaf_count=22 27 24 35 21 48 27 34 37 44 20 36 22 35 23 27 82 28 53 20 148 20 34 26 31 93 21 54
internal_value=0 0.00668193 2.98917e-05 -0.0374146 0.00211579 -0.000811575 0.00480589 -0.0115491 -0.004318 -0.0109318 -0.0206108 0.00982498 0.0199078 0.00704754 -0.022434 -0.0428727 -0.0477169 0.0122432 0.014571 0.0168982 -0.00458495 0.0216151 0.0158183 0 0.0281818 0.0234594 0.0272162
internal_weight=222.38 189.703 132.559 32.6774 125.336 108.568 71.455 37.1126 29.548 16.5618 11.8575 54.8932 16.7685 17.6904 9.61623 28.3672 22.7704 50.4033 44.9292 40.8577 8.75257 57.1441 33.5525 11.5553 23.5915 21.9973 17.7508
internal_count=1092 934 651 158 616 533 351 182 145 81 58 270 83 87 47 137 110 248 221 201 43 283 166 57 117 109 88
is_linear=0
shrinkage=0.03


Tree=2
num_leaves=32
num_cat=0
split_feature=14 3 3 24 16 16 25 23 40 16 16 28 34 34 40 35 38 30 22 25 25 21 30 23 33 1 21 14 25 22 16
split_gain=58.6834 16.4197 10.7769 9.87656 5.48602 8.00905 5.14032 7.9674 6.22116 6.18349 5.84063 4.44967 4.12266 3.80234 4.1682 3.76464 3.2648 2.47232 2.44611 2.28307 4.65952 1.95602 6.6713 1.75385 3.64411 1.79941 1.25759 1.07468 1.76768 0.345736 0.0484764
threshold=0.41790000635055957 -0.46508821666370564 1.4071484021305198 1.821610303899686 0.96625006174757899 -0.5737330091768037 1.0391834556535966 -0.3387414549085041 526.50000000000011 0.96625006174757899 -0.83039685433086741 -0.57889150248576848 1.2807448904333418 0.70942365208771552 699.50000000000011 -0.40224415672217267 -0.70850486105696919 -1.0822650880492135 0.071772537174217318 1.0000000180025095e-35 0.38176389822077822 -0.41413369180850207 0.51756477678705426 1.0000000180025095e-35 -0.30285469916906932 -0.50713480908080344 -0.41413369180850207 -0.22265709555337304 1.6966030130864145 0.31336188398411724 0.45292237143945141
decision_type=2 2 2 2 2 2 2 2 2 2 2 2 2 2 2 2 2 2 2 2 2 2 2 2 2 2 2 2 2 2 2
left_child=1 21 4 6 5 17 7 9 12 10 15 -7 19 14 -10 -3 -12 -2 -18 23 -21 -1 29 24 -9 -25 -4 -8 -29 -23 -13
right_child=2 3 26 -5 -6 11 27 8 13 -11 16 30 -14 -15 -16 -17 18 -19 -20 20 -22 22 -24 25 -26 -27 -28 28 -30 -31 -32
leaf_value=0.028728083133196997 -0.0033892549631459167 0.0030534569244858628 -0.019874918610845942 -0.036587552950667263 -0.037881421572228464 -0.013727905495438588 0.002115003167247225 -0.0078415650931422214 -0.037475581932611975 -0.033066770798005518 -0.0094924841822924804 0.024338709469197663 -0.010483417350383367 0.010648985779895455 -0.00055379817568955078 -0.029608304642424362 0.026271692202755857 -0.033837116372199189 -0.0005283851395058456 -0.01431668016728758 0.020927479558967683 0.026908610769468329 -0.0076838173057691157 0.0028010341264778568 0.023895109945677073 0.025282708034348195 -0.055067123374944543 0.030651914428247131 0.005315041339396199 0.0087273399307251764 0.0081644361047362082
leaf_weight=25.150571420788765 4.3428540974855423 4.104628250002861 4.2068388015031823 4.1582577079534522 7.4400122612714759 4.3382637351751301 4.0269489139318493 6.2859019786119461 4.1125308573245984 6.8189758360385886 4.8666101098060599 4.0889121592044866 5.3025633543729773 4.5095616430044165 6.1583835482597351 7.2222309857606906 6.85101470351219 7.8967366814613325 4.0759004950523376 5.9084062278270704 4.6620443165302277 13.560106262564664 7.5153377801179877 4.8704039156436876 4.0358201414346677 22.791460976004608 11.628606244921681 7.7353962361812574 5.2951837480068207 4.2272186428308478 4.0819248855113983
leaf_count=126 21 20 20 20 36 21 20 31 20 33 24 20 26 22 30 35 34 38 20 29 23 68 37 24 20 113 55 39 26 21 20
internal_value=0 0.00811095 -0.0288616 0.0020902 -0.0172452 -0.00900267 0.00392051 0.00121082 0.00710356 -0.0103333 -0.0029742 0.00724194 0.0118288 -0.00924901 -0.0187389 -0.0183316 0.00832763 -0.0250198 0.0169349 0.0146265 0.00139947 0.0222811 0.0144 0.0179625 0.00551742 0.0218778 -0.0485928 0.0184771 0.0223803 0.0239136 0.0193985
internal_weight=222.27 174.245 48.0241 123.792 32.1887 24.7487 119.634 102.576 68.6371 33.9394 27.1204 12.5091 53.8566 14.7805 10.2709 11.3269 15.7935 12.2396 10.9269 48.554 10.5705 50.4532 25.3027 37.9836 10.3217 27.6619 15.8354 17.0575 13.0306 17.7873 8.17084
internal_count=1092 861 231 609 156 120 589 504 338 166 133 61 266 72 50 55 78 59 54 240 52 252 126 188 51 137 75 85 65 89 40
is_linear=0
shrinkage=0.03


Tree=3
num_leaves=31
num_cat=0
split_feature=14 9 24 30 26 8 14 14 30 28 15 28 16 21 32 34 26 27 29 23 36 18 24 12 19 33 29 20 32 20
split_gain=55.2787 19.1109 8.38302 6.98775 4.39404 4.86537 4.84275 7.09934 4.11434 5.47105 4.57353 6.76661 2.89876 2.63198 4.81985 4.11177 2.51529 2.37016 2.33021 1.9868 1.94901 1.71245 4.53792 1.47592 2.00484 4.33472 5.40429 6.34808 0.625443 0.129559
threshold=0.80469239472861409 0.30662892987293205 1.821610303899686 -0.17425354314214295 -1.2886873852445091 0.039093077255037523 0.41790000635055957 0.58852659273301933 0.074368665582412244 1.0247630976425708 -1.4136738335222498 0.18807374105387198 0.70958621659351528 1.1508026206300086 -0.39336328139249771 -0.076143050637520818 -1.0000000180025095e-35 -1.5976327295724642 0.044942076603764293 -1.0000000180025095e-35 -0.11352271515405728 1.0000000180025095e-35 -0.38316630530303342 1.1895042958603839 1.0000000180025095e-35 -0.44307793293227365 -0.81896714159846751 0.40430036258108254 0.3859047370253566 -0.24855878113580554
decision_type=2 2 2 2 2 2 2 2 2 2 2 2 2 2 2 2 2 2 2 2 2 2 2 2 2 2 2 2 2 2
left_child=1 2 4 17 18 6 8 -8 13 10 -10 -12 -5 14 19 -15 -16 -2 -1 -6 -11 22 -3 24 -23 -26 -27 -28 -7 -19
right_child=3 21 -4 12 5 28 7 -9 9 20 11 -13 -14 15 16 -17 -18 29 -20 -21 -22 23 -24 -25 25 26 27 -29 -30 -31
leaf_value=0.028832767599963588 -0.014277162492441183 -0.011867337876727108 -0.035389326190134594 0.00055663482483979041 -0.0094974899824017654 -0.027119974580576255 -0.031586608161007529 0.0075917435420894529 -0.030371013788868324 -0.00085557790126576183 0.011465488078024142 -0.016835791431815551 -0.027358862144908586 0.01484395844391998 0.029980900157669806 -0.01923326788460105 0.010168677296412987 -0.054152421579848432 0.0014714988787344126 0.012683108473224687 0.022869949693274022 0.027392254834256162 0.023372444434655294 0.035284755832193232 0.031075133253300222 0.024839953552720576 0.014391909544438423 -0.026991802991832802 -0.0059613135484294488 -0.023924308277511918
leaf_weight=6.2213506698608381 4.2281862497329703 4.6093904376029968 4.2199063301086417 6.615469276905058 8.9427406936883909 4.5188924819231016 7.4033492356538755 6.569781631231308 5.5052023082971528 4.0484157502651215 13.590103536844259 13.716140314936636 4.4410685449838638 4.4208443015813828 11.934860527515402 5.3073101341724378 16.797824338078517 13.527401536703112 5.4307875633239746 3.9971370548009793 6.8824175745248777 14.384100511670111 5.5928289443254453 10.064170554280279 5.1584846675395939 4.5218590050935701 4.3708447962999415 6.294961079955101 4.0702922493219376 4.7138778716325787
leaf_count=31 20 23 20 32 44 22 36 32 27 20 67 67 21 22 59 26 83 63 27 20 34 73 28 51 26 23 22 31 20 22
internal_value=-8.20213e-06 0.00634703 0.000114018 -0.0346668 0.00171045 -7.55139e-05 0.00169448 -0.013828 0.00421551 -0.0024083 -0.00862439 -0.0026786 -0.0121071 0.00987429 0.0130962 -0.00329868 0.0196759 -0.044065 0.0181588 -0.0016246 0.0145572 0.0209748 0.00745795 0.0235823 0.0187051 0.0108298 0.00141873 -0.0098561 -0.0200649 -0.0490562
internal_weight=222.1 188.574 133.577 33.526 129.357 117.705 109.116 13.9731 95.143 43.7423 32.8114 27.3062 11.0565 51.4007 41.6726 9.72815 28.7327 22.4695 11.6521 12.9399 10.9308 54.9966 10.2022 44.7944 34.7303 20.3461 15.1877 10.6658 8.58918 18.2413
internal_count=1092 934 657 158 637 579 537 68 469 215 161 134 53 254 206 48 142 105 58 64 54 277 51 226 175 102 76 53 42 85
is_linear=0
shrinkage=0.03


Tree=4
num_leaves=32
num_cat=0
split_feature=14 9 3 24 25 36 41 16 14 16 16 29 30 30 37 39 25 33 40 30 12 21 30 39 30 31 33 32 24 35 21
split_gain=52.1036 15.2263 9.48136 8.6747 5.71025 5.13824 7.67155 6.21289 6.01817 5.0328 7.45348 4.22511 4.03826 3.52758 3.5233 3.11775 6.34056 4.79147 2.40814 2.29909 2.17777 1.69999 5.55534 1.63226 1.60658 1.53916 1.38902 1.11701 1.0814 0.638585 0.473117
threshold=0.41790000635055957 0.30662892987293205 1.4071484021305198 1.821610303899686 1.0391834556535966 0.4136397084627173 186.00000000000003 -1.087060699484931 -0.085602737034895029 0.96625006174757899 -0.5737330091768037 -0.71231168256115485 -0.098585914399887051 1.3390990317029756 -1.1023048770113324 -0.67746176866715224 -0.6043654379284491 -0.30285469916906932 677.00000000000011 -1.0822650880492135 0.15669300115038712 -0.41413369180850207 0.51756477678705426 -0.67746176866715224 -0.62825931559567827 0.24502227258246123 -1.074082484866693 -0.63313805629029885 -1.1180918417039396 -1.0000000180025095e-35 -1.1966018480277572
decision_type=2 2 2 2 2 2 2 2 2 2 2 2 2 2 2 2 2 2 2 2 2 2 2 2 2 2 2 2 2 2 2
left_child=1 3 9 4 5 6 13 -8 -9 10 19 -10 -12 15 -7 17 29 -1 -18 -2 -4 30 27 -6 -16 -26 -27 28 -23 -17 -3
right_child=2 21 20 -5 23 14 7 8 11 -11 12 -13 -14 -15 24 16 18 -19 -20 -21 -22 22 -24 -25 25 26 -28 -29 -30 -31 -32
leaf_value=-0.020134844344665791 -0.00284500079293125 0.011970693399463906 -0.053878796198033312 -0.03425212120411255 0.00263568518293246 -0.0075075471712346287 -0.016006743721709477 -0.012511500615149562 0.001791743963606602 -0.035527567093105991 -0.0085626678162944829 0.032048261966402231 0.021990626094543067 0.010202211974412925 0.0007269467668920952 -0.0062347816637648686 -0.036818253118589807 0.012968011699529925 -0.0059125324623837154 -0.031865152107659153 -0.019610475098268312 0.019177442606043399 -0.0064783992933916566 0.025583528687366734 0.0021266164122930226 0.0083795945164917649 0.033868221882591081 0.02836880941486157 0 0.0080476713253497811 0.029586578320236721
leaf_weight=5.6979346722364426 4.3834622055292121 6.0304591357708004 10.72086374461651 4.2781068831682196 4.9323305040597907 5.7100249677896526 6.1751924902200725 4.4936792552471188 6.930228725075728 7.6300123035907736 6.0602120608091345 11.874248251318926 6.4923392385244361 4.4631701260805121 5.2753583639860215 4.0503435134887695 12.513547092676172 7.1020905822515434 4.0742075592279425 8.067599371075632 5.5959867388010016 4.3264294415712357 7.7302261441946021 10.497532635927199 4.0266072750091544 5.0513857603073182 7.2584306299686352 10.980132475495338 5.1357697993516958 4.0714014619588834 20.331950813531876
leaf_count=28 21 31 49 20 25 28 30 22 34 36 29 59 32 22 26 20 61 35 20 38 26 22 38 53 20 25 36 56 26 20 104
internal_value=-1.02106e-05 0.00772604 -0.0268889 0.00155632 0.00337633 0.000545942 -0.00363746 0.00774477 0.0148695 -0.016024 -0.00817211 0.0221491 0.00747344 -0.0117596 0.0113136 -0.0148184 -0.0207818 -0.00191449 -0.0306789 -0.0234829 -0.0451034 0.0206221 0.0137325 0.0194859 0.0167105 0.0210403 0.0258896 0.0215691 0.0103291 0.000439798 0.0266336
internal_weight=221.961 173.011 48.9505 118.476 114.198 98.7679 71.446 29.4733 23.2982 32.6336 25.0036 18.8045 12.5526 41.9727 27.3218 37.5095 24.7095 12.8 16.5878 12.4511 16.3169 54.535 28.1726 15.4299 21.6118 16.3364 12.3098 20.4423 9.4622 8.12174 26.3624
internal_count=1092 861 231 584 564 486 351 145 115 156 120 93 61 206 135 184 121 63 81 59 75 277 142 78 107 81 61 104 48 40 135
is_linear=0
shrinkage=0.03


Tree=5
num_leaves=33
num_cat=0
split_feature=11 9 35 24 26 23 40 34 27 22 16 26 35 27 31 24 12 31 27 24 29 30 35 18 24 39 19 29 12 34 21 26
split_gain=46.5117 17.9065 7.71136 7.43894 3.89913 5.04944 6.11106 5.9828 4.53246 4.20459 4.068 3.32042 3.17905 3.05879 3.05696 2.97259 2.92561 2.8299 2.72984 2.69489 2.18992 1.78509 2.83129 1.689 4.40482 1.57934 2.42535 2.94816 1.49232 1.03893 0.262751 0.675714
threshold=0.78375887028743141 0.30662892987293205 0.33655385230023399 1.821610303899686 -1.2886873852445091 -0.3387414549085041 526.50000000000011 1.2807448904333418 -0.55823851458672347 1.0000000180025095e-35 0.70958621659351528 0.51868516442239954 -1.0179091642408447 1.0268376632665315 0.6496976921549712 0.62735630724821279 0.53849494059022318 0.44735998236871621 0.43661023404248572 -0.75062907350348651 0.044942076603764293 -0.47692405811116667 0.70595285681143716 1.0000000180025095e-35 -0.38316630530303342 1.0000000180025095e-35 -0.24846445675138615 -0.81896714159846751 0.098582389814690183 -0.21897336022392752 -0.41413369180850207 -0.046118757348509398
decision_type=2 2 2 2 2 2 2 2 2 2 2 2 2 2 2 2 2 2 2 2 2 2 2 2 2 2 2 2 2 2 2 2
left_child=1 3 16 4 20 9 7 11 -8 10 19 12 -7 18 -14 -10 17 -2 -11 -6 -1 -13 -23 24 -3 30 -27 -28 -29 -21 -25 -32
right_child=2 23 -4 -5 5 6 8 -9 15 13 -12 21 14 -15 -16 -17 -18 -19 -20 29 -22 22 -24 25 -26 26 27 28 -30 -31 31 -33
leaf_value=0.02786456903686256 -0.019304334873578733 -0.012055178902135458 0.0025657821480966404 -0.03317132914891139 0.021953697165234497 -0.011767033165115924 0.0098077387579624479 -0.016044835784944065 -0.005251351230476777 -0.019237095255531161 -0.015408289891669631 0.0021379737348899332 0.014313220165007877 -0.036265771672426804 -0.0099752442195434488 -0.03631950791333325 -0.0080827581835599092 -0.04787930897413948 0.0051528470916391133 0.0071443224670679666 0.0011318746456437305 0.035331964444011786 0.0033465090913292503 0.033947538821073646 0.022777972417861739 0.027508582451183226 0.022396108625010468 -0.014658825667339666 0.0065904170824316426 -0.011061537477522882 0.023727365460417489 0.005031755136342732
leaf_weight=5.8968741297721845 8.4464559555053764 4.5944617837667465 4.7583871930837622 4.3329908102750769 6.483078360557557 5.7002864629030183 5.3017970174551037 6.1718894690275183 7.2527294456958753 7.7499591708183306 7.8113083541393271 4.0253262817859676 25.147647842764862 4.9518880248069754 4.2350922375917426 4.560027077794075 4.2861362546682349 17.336401090025902 5.9985840320587158 3.9873998463153839 5.3935837149620056 9.5938989073038083 4.2131697237491599 13.250007584691046 5.4938607662916166 5.9496958255767849 3.8414278179407129 4.8280206620693171 3.9358606785535812 4.0883129388093948 7.6324310302734375 4.5309491604566592
leaf_count=30 39 23 23 20 32 28 26 30 35 38 38 20 125 24 21 22 20 79 29 20 27 48 21 69 28 31 20 24 20 20 39 23
internal_value=-1.39989e-05 0.00595093 -0.0311224 0 0.00145882 -0.000203545 0.00429765 0.00890097 -0.0107094 -0.00855312 0.000133019 0.0122829 0.00621815 -0.0184791 0.0103036 -0.0204361 -0.0365121 -0.0403141 -0.00874203 0.00950548 0.0171936 0.022496 0.0272481 0.0202535 0.00688936 0.0228594 0.0136435 0.00444446 -0.00496272 -0.00173476 0.0282299 0.0185192
internal_weight=221.78 186.953 34.8274 132.896 128.563 117.272 76.2019 59.0873 17.1146 41.0705 22.3701 52.9154 35.083 18.7004 29.3827 11.8128 30.069 25.7829 13.7485 14.5588 11.2905 17.8324 13.8071 54.0567 10.0883 43.9684 18.555 12.6053 8.76388 8.07571 25.4134 12.1634
internal_count=1092 931 161 654 634 577 376 293 83 201 110 263 174 91 146 57 138 118 67 72 57 89 69 277 51 226 95 64 44 40 131 62
is_linear=0
shrinkage=0.03


Tree=6
num_leaves=31
num_cat=0
split_feature=13 13 32 35 25 23 40 27 22 0 33 38 39 1 10 13 25 26 38 33 35 36 36 34 19 29 20 32 17 13
split_gain=44.7247 17.6471 7.79192 7.0185 6.96637 6.13195 6.95467 6.12812 4.94574 5.16845 8.21888 4.61964 4.09778 3.46125 3.37978 2.93389 2.7225 2.70053 3.80348 3.62404 2.22713 2.02804 3.5025 1.78207 1.485 3.53717 2.94997 3.05979 1.6822 0.362555
threshold=-0.85530403375944986 0.32036223852112894 1.2850601428921118 0.33655385230023399 1.0391834556535966 -0.3387414549085041 526.50000000000011 -0.35035967158957543 -0.65299550325548195 -0.10938835540840568 -0.44307793293227365 1.0000000180025095e-35 -0.67746176866715224 -0.25753877008757403 0.63251210468325281 -0.29116874636121809 1.6966030130864145 0.17980281135985407 -0.70850486105696919 -0.30285469916906932 0.21342085079649945 1.1096319278783284 1.6540218816786576 -0.21897336022392752 1.0000000180025095e-35 -0.81896714159846751 0.40430036258108254 -0.15358850649469633 -0.42334392698490009 0.83372725215894905
decision_type=2 2 2 2 2 2 2 2 2 2 2 2 2 2 2 2 2 2 2 2 2 2 2 2 2 2 2 2 2 2
left_child=3 2 4 12 5 8 13 -8 23 10 -10 -9 -1 14 17 -16 -6 19 -19 -7 -4 -14 -23 -2 28 -26 29 -28 -3 -27
right_child=1 24 20 -5 16 6 7 11 9 -11 -12 -13 21 -15 15 -17 -18 18 -20 -21 -22 22 -24 -25 25 26 27 -29 -30 -31
leaf_value=-0.0097118957171838608 0.012093471029200109 0.0062768000723033611 -0.03778445140427452 0.0035308719376025586 0.028832004001433098 -0.014079245164199028 0.0093419441654398472 -0.040221820838047193 0.0049402260717020287 0.0056403058518435445 -0.036700691010086862 0 -0.04966626367697282 -0.012326179430678683 0.012180673579105107 -0.01565147719996475 0.0033336456345170943 0.00476330609718407 0.029355034806247456 0.015750046202826478 -0.0049054391300393267 -0.00062218878797883309 -0.036718899887101246 -0.0076530821961076599 0.027375860381985775 0.0058919417565098187 -0.015281109235676918 0.010534603827082567 0.030662576806336366 0.024411371869568967
leaf_weight=6.3010176271200207 7.7834286540746689 4.7404725700616863 4.4199876487255079 4.1407315284013739 9.26384185254574 4.8745991885662079 6.1210083961486808 5.6901288032531721 5.16407182812691 5.3220042586326626 13.577354893088339 4.1678034663200378 14.375072732567789 4.5037214905023637 4.860830083489418 5.7213513404130918 7.3793979585170737 10.171811997890467 16.544802874326713 6.9890301972627551 4.1408521682024002 4.4444556385278684 5.1163208186626434 5.6932545751333219 10.631146177649496 3.8706635385751742 6.8572320342063886 6.5516771078109741 17.726831838488579 4.4549890011548996
leaf_count=29 38 24 21 20 48 24 30 27 25 26 65 20 65 22 24 28 37 51 83 35 20 20 23 28 56 20 34 33 93 23
internal_value=-1.1694e-05 0.00579865 -0.000138968 -0.0307419 0.0018571 -0.000986297 0.0042102 -0.0122531 -0.010572 -0.0183836 -0.0254146 -0.0256532 -0.0355694 0.00942075 0.0118374 -0.00244539 0.0190674 0.0158496 0.0209558 0.00284003 -0.0255798 -0.0411662 -0.0228413 0.00341987 0.019863 0.0141213 0.00603095 -0.00247413 0.0264825 0.018626
internal_weight=221.6 187.222 132.389 34.3776 123.828 107.185 69.6451 15.9789 37.5401 24.0634 18.7414 9.85793 30.2369 53.6661 49.1624 10.5822 16.6432 38.5802 26.7166 11.8636 8.56084 23.9358 9.56078 13.4767 54.833 32.3657 21.7346 13.4089 22.4673 8.32565
internal_count=1092 935 652 157 611 526 344 77 182 116 90 47 137 267 245 52 85 193 134 59 41 108 43 66 283 166 110 67 117 43
is_linear=0
shrinkage=0.03


Tree=7
num_leaves=31
num_cat=0
split_feature=13 13 24 35 1 28 30 34 30 22 39 30 36 22 29 12 24 39 26 12 36 16 35 19 29 20 12 17 13 24
split_gain=42.1276 16.9497 8.88265 6.56436 4.30699 3.97091 5.84946 5.17128 3.78398 6.6017 3.76172 3.59836 3.45842 3.08472 3.17773 2.84177 2.82401 2.67996 2.34417 2.2247 2.91908 2.10704 1.71565 1.434 3.41139 2.84222 3.48111 1.63188 0.998156 0.36628
threshold=-0.85530403375944986 0.32036223852112894 1.821610303899686 0.33655385230023399 -0.10154124571680605 1.0247630976425708 0.80942563050718397 -0.21897336022392752 0.20408460056913671 1.0000000180025095e-35 -0.67746176866715224 0.65809037302267204 -0.70270424743162885 -0.29061148304063261 0.39690509142689573 0.14860927910501834 -0.75062907350348651 -0.67746176866715224 0.51868516442239954 -1.1986621871383674 1.1096319278783284 -0.5737330091768037 0.21342085079649945 1.0000000180025095e-35 -0.81896714159846751 0.40430036258108254 0.098582389814690183 -0.42334392698490009 1.3642599860918903 -0.38316630530303342
decision_type=2 2 2 2 2 2 2 2 2 2 2 2 2 2 2 2 2 2 2 2 2 2 2 2 2 2 2 2 2 2
left_child=3 2 4 10 5 6 7 12 9 16 -1 18 13 14 -2 -14 -9 -7 -10 -12 -21 -15 -11 27 -25 29 28 -3 -27 -26
right_child=1 23 -4 -5 -6 17 -8 8 11 22 19 -13 15 21 -16 -17 -18 -19 -20 20 -22 -23 -24 24 25 26 -28 -29 -30 -31
leaf_value=-0.009449612390372529 0.026452679579295684 0.0061473914619709366 -0.037603510949965675 0.0034568735151371296 -0.023686883712158522 0 -0.02387755902640977 0.010920480854095471 -0.032633323879873707 0.024271629131577672 -0.060645765176636932 0.0058290552986597832 0.024194533687226391 -0.020854518534465981 -0.003508308453862605 0 -0.010198906297457249 0.027337703326564815 -0.0037891508122551479 -0.039511657242995178 -0.011704152829125375 0.0027251053216369001 0.00058736071313704842 0.026979397625964685 0.0056955896896211684 -0.022552536899658335 0.013757021920960708 0.030238652912253694 -0.00087405579186346834 0.024131888190639647
leaf_weight=6.3229268491268185 5.0026528984308261 4.7268414199352291 3.9774002879858008 4.1346895098686209 4.3529512137174597 5.0386541336774826 6.6041813194751731 5.6196419745683626 6.8460625261068362 9.3975252956151945 4.9931242316961315 4.5181870162487021 16.34578554332256 5.1124386936426163 5.0501320064067841 5.6922196298837653 26.028346911072745 7.5793131738901121 5.019721657037735 11.218949720263483 8.0199829190969449 5.6356522440910322 4.4962517470121375 10.487969055771826 3.8542885333299637 4.0427290350198728 5.3365305513143531 17.461152881383896 4.0440734922885895 4.4087956100702304
leaf_count=29 25 24 18 20 21 25 32 28 33 47 22 22 82 25 25 28 128 38 25 50 36 28 22 56 20 20 27 93 20 23
internal_value=-1.32255e-05 0.00566081 -0.000142781 -0.0296824 0.00139297 0.00259391 0.0006292 0.00254577 -0.00291633 0.00150958 -0.0343059 -0.0146491 0.0104084 0.00110215 0.0123808 0.0183073 -0.00594332 0.0176006 -0.0226746 -0.0396296 -0.029894 -0.00918133 0.0178009 0.0195186 0.0138597 0.00592106 -0.0023988 0.0260739 -0.0141704 0.0183432
internal_weight=221.369 186.679 132.317 34.6897 128.34 123.987 111.369 104.765 61.9257 45.5418 30.555 16.384 42.8389 20.8009 10.0528 22.038 31.648 12.618 11.8658 24.2321 19.2389 10.7481 13.8938 54.3624 32.1744 21.6864 13.4233 22.188 8.0868 8.26308
internal_count=1092 935 652 157 634 613 550 518 305 225 137 80 213 103 50 110 156 63 58 108 86 53 69 283 166 110 67 117 40 43
is_linear=0
shrinkage=0.03


Tree=8
num_leaves=33
num_cat=0
split_feature=14 13 24 3 25 13 36 41 20 15 23 12 30 36 26 4 26 15 22 7 25 31 19 21 30 27 39 23 25 0 24 31
split_gain=42.4831 13.1821 9.21781 7.5409 6.01606 7.14398 4.55579 6.27066 6.38613 5.20544 4.82472 3.92935 3.80469 2.89097 4.16067 3.7471 3.25848 2.45237 2.22479 2.16477 1.96162 1.85234 1.3887 3.71006 2.25193 1.47317 2.43865 1.34407 1.26718 0.499884 1.69479 0.308199
threshold=0.41790000635055957 0.32036223852112894 1.821610303899686 1.4071484021305198 1.0391834556535966 0.13777692359404034 0.4136397084627173 186.00000000000003 0.40430036258108254 -1.5345896184526413 -0.3387414549085041 -0.35026177507314477 1.3390990317029756 -0.45462781278844094 0.51868516442239954 -0.48627836184526291 -0.4979618947652365 0.40006294043361812 -0.29061148304063261 -0.48333382392416685 -0.33044062233144172 1.4156904506315082 1.0000000180025095e-35 -0.41413369180850207 0.51756477678705426 1.3126710723876103 -1.0000000180025095e-35 -1.0000000180025095e-35 1.6966030130864145 -0.55479643549247937 -0.38316630530303342 -0.56432856656255848
decision_type=2 2 2 2 2 2 2 2 2 2 2 2 2 2 2 2 2 2 2 2 2 2 2 2 2 2 2 2 2 2 2 2
left_child=1 2 4 13 5 6 7 11 10 -8 18 -1 20 -2 16 -16 -15 -5 -9 -18 -13 27 29 25 -25 26 31 -11 -6 -3 -31 -24
right_child=3 22 -4 17 28 -7 9 8 -10 21 -12 12 -14 14 15 -17 19 -19 -20 -21 -22 -23 23 24 -26 -27 -28 -29 -30 30 -32 -33
leaf_value=0.012727713613700392 0.0020581667238046236 0.031014136135227331 -0.036446477409380458 -0.015298310418578423 0.027365100319019189 -0.029905055134415978 -0.012825403932408067 0.012598782701853032 -0.014416068137107003 0.0070214885215935099 0.02893101833549588 -0.0073599566103385219 0.0099288077143062491 -0.0034368929174471013 0.014929394297629742 -0.015707759258760941 -0.048833009782002709 -0.047897565134708553 -0.012825243492715556 -0.012647795006746036 -0.024083136555766969 0.00012479070041399246 0.0083583992811993683 0.012693364716082166 -0.011076080727605969 0.032089286820436012 -0.0025965130921973539 0.028949462205511652 0.0065698237539443278 0 0.024680247902694939 0.027867179836436828
leaf_weight=4.9221345335245053 6.8624913394451132 12.662619203329088 4.0273975431919089 5.5082344561815288 8.330377444624899 5.0573965907096854 4.4697603285312679 5.0042070150375366 6.3788789063692084 5.6546291410923084 11.428196877241135 15.452742740511891 4.4305039793252936 4.2335957884788504 4.2074190974235526 8.0141321271657926 5.6110630929470044 11.517153084278105 4.3965842425823247 4.3200163692235982 15.11968007683755 4.4591146558523169 4.3487462699413317 5.1083314567804319 6.341477170586586 6.8995277732610694 5.3455496728420284 11.291698768734928 6.5237586349248877 4.5357425063848495 4.7121983170509321 3.9342652708292007
leaf_count=24 33 68 18 25 44 24 22 25 31 28 58 76 22 20 20 37 26 50 21 20 73 22 23 26 31 37 28 57 33 24 25 21
internal_value=-2.19291e-05 0.00711066 0.00132767 -0.0238787 0.0031875 0.000311238 0.00246633 -0.00162663 0.00908334 0.0128119 0.0170337 -0.00913465 -0.01277 -0.0142047 -0.0185327 -0.00424423 -0.0288912 -0.0397673 2.93522e-05 -0.0373425 -0.0165571 0.0189166 0.0191766 0.0135944 0 0.0207955 0.0120665 0.0231238 0.0200392 0.0256742 0.0144964 0.02109
internal_weight=221.11 170.836 116.947 50.2741 112.92 98.0655 93.0081 67.1329 27.2079 25.8752 20.829 39.9251 35.0029 33.2487 26.3862 12.2216 14.1647 17.0254 9.40079 9.93108 30.5724 21.4054 53.8885 31.9779 11.4498 20.5281 13.6286 16.9463 14.8541 21.9106 9.24794 8.28301
internal_count=1092 861 578 231 560 483 459 330 135 129 104 195 171 156 123 57 66 75 46 46 149 107 283 166 57 109 72 85 77 117 49 44
is_linear=0
shrinkage=0.03


Tree=9
num_leaves=28
num_cat=0
split_feature=14 13 24 3 25 13 16 16 36 41 20 15 23 12 30 30 26 15 21 25 33 23 36 19 12 25 26
split_gain=40.2319 12.7018 8.75062 6.99066 5.77656 6.76141 4.50509 6.57097 4.33529 5.91311 6.09816 4.99605 4.66225 3.72254 3.68039 3.59526 2.36096 2.22232 2.05707 1.81357 1.51653 2.01903 1.39821 2.00925 5.19148 1.23041 0.668908
threshold=0.41790000635055957 0.32036223852112894 1.821610303899686 1.4071484021305198 1.0391834556535966 0.13777692359404034 0.96625006174757899 -0.5737330091768037 0.4136397084627173 186.00000000000003 0.40430036258108254 -1.5345896184526413 -0.3387414549085041 -0.35026177507314477 -0.098585914399887051 1.3390990317029756 0.51868516442239954 0.40006294043361812 1.0000000180025095e-35 -0.33044062233144172 -1.2961026049917668 -1.0000000180025095e-35 -1.4469335513611925 0.79704530356161729 -0.15316620078112603 1.6966030130864145 -0.4979618947652365
decision_type=2 2 2 2 2 2 2 2 2 2 2 2 2 2 2 2 2 2 2 2 2 2 2 2 2 2 2
left_child=1 2 4 6 5 8 7 16 9 13 12 -10 18 -1 -9 19 -2 -5 -11 -15 -13 -22 -3 -24 -25 -6 -26
right_child=3 22 -4 17 25 -7 -8 14 11 10 -12 20 -14 15 -16 -17 -18 -19 -20 -21 21 -23 23 24 26 -27 -28
leaf_value=0.012487459388265459 -0.030422547880810953 0.0015948529421961778 -0.035347170536884152 -0.01487619253379986 0.026983163880083944 -0.028949075226372731 -0.031873248797055283 -0.0071284395731026863 -0.012484986737939099 -0.010764739056849179 -0.01399709528444759 0.0013772639035919826 0.028505512720289596 -0.0071378705035041535 0.02195954390255285 0.0097385231306620149 -0.0030081111576981422 -0.04609130516823947 0.013738444239358646 -0.023215374089265869 0.003721739848625452 0.028936055853098448 0.025164688411025413 -0.0083761190265674874 0.0069202901052054597 0.006425515483320249 0.02825456366187928
leaf_weight=4.895594358444213 7.3534544855356234 4.8825192153453818 4.0739961713552466 5.5367192924022701 8.2177846580743772 5.1162921637296668 7.9121198654174796 6.1773904412984839 4.4944033324718502 5.1995803117752111 6.4170311987400046 4.6517413556575802 11.275534227490425 15.501447767019268 6.4814855903387061 4.4111652672290793 5.4619237780570984 11.665878638625143 4.1956264972686768 15.268043830990795 5.0398315191269001 11.547128856182091 30.98977929353714 6.884835138916972 4.1197151839733133 6.5041525065898886 6.5772236585617039
leaf_count=24 34 26 18 25 44 24 36 29 22 25 31 23 58 76 32 22 25 50 21 73 25 59 165 35 22 33 35
internal_value=-1.67406e-05 0.00696033 0.0012922 -0.0231383 0.00311553 0.000304047 -0.0138088 -0.00651528 0.00241313 -0.00156869 0.00886699 0.0125401 0.0167023 -0.00883196 0.00808976 -0.0123516 -0.0206971 -0.0383643 1.19147e-05 -0.0160099 0.0185738 0.0225506 0.0188639 0.0203803 0.0103175 0.0197046 0.0223916
internal_weight=220.852 170.263 116.809 50.589 112.735 98.0134 33.3864 25.4743 92.8971 67.164 27.0878 25.7331 20.6707 40.0763 12.6589 35.1807 12.8154 17.2026 9.39521 30.7695 21.2387 16.587 53.4541 48.5716 17.5818 14.7219 10.6969
internal_count=1092 861 578 231 560 483 156 120 459 330 135 129 104 195 61 171 59 75 46 149 107 84 283 257 92 77 57
is_linear=0
shrinkage=0.03


Tree=10
num_leaves=31
num_cat=0
split_feature=14 13 24 9 25 13 16 16 36 41 20 23 28 12 28 37 25 26 22 34 0 33 30 21 12 25 33 23 12 12
split_gain=38.0569 12.1651 8.31172 6.49905 5.54621 6.40256 4.20562 6.21821 4.12334 5.57996 5.82569 4.50164 3.80908 3.52773 3.68194 3.02521 2.24544 2.19739 2.05522 1.48457 4.37336 5.23374 1.49792 5.08944 1.45702 1.19501 0.865908 1.55863 0.442131 0.0483648
threshold=0.41790000635055957 0.32036223852112894 1.821610303899686 -1.6188234071384298 1.0391834556535966 0.13777692359404034 0.96625006174757899 -0.5737330091768037 0.4136397084627173 186.00000000000003 0.40430036258108254 -0.3387414549085041 -0.57889150248576848 -0.35026177507314477 1.0247630976425708 -1.1023048770113324 -0.33044062233144172 0.51868516442239954 -0.29061148304063261 -0.57604913418994375 -0.55479643549247937 0.55601260763055749 0.51756477678705426 -0.41413369180850207 0.15669300115038712 1.6966030130864145 -1.2961026049917668 -1.0000000180025095e-35 -1.0908170564960129 -0.037292475106822758
decision_type=2 2 2 2 2 2 2 2 2 2 2 2 2 2 2 2 2 2 2 2 2 2 2 2 2 2 2 2 2 2
left_child=1 2 4 24 5 8 7 17 9 13 11 18 -9 -1 16 -10 -15 -5 -11 20 21 -3 28 -24 -2 -6 -17 -28 -21 -14
right_child=3 19 -4 6 25 -7 -8 12 15 10 -12 -13 29 14 -16 26 -18 -19 -20 22 -22 -23 23 -25 -26 -27 27 -29 -30 -31
leaf_value=0.012251679045446294 -0.044023694522722472 -0.0033346091449967929 -0.034301241226735356 -0.029395672009441251 0.02660926706235674 -0.028037400447743489 -0.030786698016804601 -0.011220584300478193 -0.0058339110229293362 0.012196416715978988 -0.013592701088195233 0.028089955308611376 0.0080547303540670894 -0.0062865109779547479 0.0088010890825398654 0.0021108446177422811 -0.023881609969052198 -0.0029348532446617634 -0.01224007683782357 0.010670751064390284 -0.0078266066778475436 0.028768843507330954 0.027300482924388376 -0.0088374385446320283 -0.016205323753464135 0.0062842005752176766 0.0034926266886175922 0.026065512320550575 0.033070693394625504 0.024147974487470053
leaf_weight=4.869381755590438 11.542591616511347 5.9065888375043931 4.1173394471406928 7.4331781715154666 8.1060333251953107 5.1720831841230384 7.9972311258316031 4.4974995255470267 5.3172729015350368 4.9563114941120148 6.4537630975246421 11.1235720962286 4.0622905939817411 15.14872623980045 5.1821758300065985 4.0240976214408901 15.018621221184734 5.4676665961742401 4.4358412921428716 3.7810181528329876 6.4691756665706626 12.451734885573385 6.3516236245632172 4.9833817332982999 5.8203093856573096 6.4849273115396491 5.018272340297707 11.230484291911118 13.0384518802166 4.0535927414894104
leaf_count=24 49 31 18 34 44 24 36 21 26 25 31 58 20 74 26 20 71 25 21 20 34 67 35 25 26 33 25 58 71 20
internal_value=-2.40283e-05 0.0067973 0.00125919 -0.0224276 0.00304683 0.000298413 -0.013419 -0.00634594 0.00236263 -0.00151025 0.00866089 0.016383 0.00790847 -0.00854068 -0.0119498 0.0122732 -0.0159519 -0.0200715 8.14457e-06 0.0185109 0.0114825 0.0186661 0.0236121 0.0117691 -0.0370468 0.0193766 0.0173727 0.0203165 0.0296487 0.0192297
internal_weight=220.515 169.641 116.659 50.8744 112.542 97.9506 33.5115 25.5142 92.7785 67.1884 26.9695 20.5157 12.6134 40.2189 35.3495 25.5901 30.1673 12.9008 9.39215 52.982 24.8275 18.3583 28.1545 11.335 17.3629 14.591 20.2729 16.2488 16.8195 8.11588
internal_count=1092 861 578 231 560 483 156 120 459 330 135 104 61 195 171 129 145 59 46 283 132 98 151 60 75 77 103 83 91 40
is_linear=0
shrinkage=0.03


Tree=11
num_leaves=32
num_cat=0
split_feature=14 13 28 25 13 42 2 27 13 28 20 25 31 33 41 41 36 36 26 39 2 27 34 0 33 36 36 13 28 25 19
split_gain=36.0043 11.6711 6.134 5.57695 6.07242 4.84114 4.75128 3.67235 3.34088 3.19584 5.43129 5.97873 5.12948 3.21561 2.80319 2.59406 2.55723 1.99293 1.95474 1.6793 1.63113 1.80767 1.45555 4.19142 5.06496 1.22352 0.875493 0.571057 0.150973 0.0368419 0.0352842
threshold=0.41790000635055957 0.32036223852112894 0.3188064530208562 1.0391834556535966 0.12821729902732551 1.0000000180025095e-35 -0.85776127576593997 -1.3897538865753161 -0.29116874636121809 1.2339354367897457 -0.24855878113580554 -0.6043654379284491 0.44735998236871621 0.18792661900214605 106.50000000000001 186.00000000000003 -0.45462781278844094 -0.3305895954668468 -0.49796189476523683 -0.67746176866715224 -0.68572616673172704 -0.35035967158957543 -0.57604913418994375 -0.55479643549247937 0.55601260763055749 0.52389590163746746 1.1096319278783284 0.98122519949646148 0.81559075849539597 1.6966030130864145 0.79704530356161729
decision_type=2 2 2 2 2 2 2 2 2 2 2 2 2 2 2 2 2 2 2 2 2 2 2 2 2 2 2 2 2 2 2
left_child=1 3 6 4 5 8 26 -8 17 10 13 12 -12 14 -10 -13 -9 -1 -15 -5 21 -18 23 24 -3 28 -2 -27 -24 -21 -26
right_child=2 22 -4 19 -6 -7 7 16 9 -11 11 15 -14 18 -16 -17 20 -19 -20 29 -22 -23 25 -25 30 27 -28 -29 -30 -31 -32
leaf_value=0 -0.047092941358621312 -0.0032505973996113159 0.0021772451650038738 0.00091173926808062558 -0.027188769642243066 0.024004287379380311 0.0051032518111456017 0 -0.010732719603002153 0.013593190744885344 0.017567239149319437 -0.030154962450718303 -0.016330900451716285 0 0.0079526263012772366 -0.0084518611004748886 -0.02300813344052097 0.025528081867449447 0.026844356129315104 0.029469889428600651 -0.036175521345657685 0.00059128899287486558 0.031085432877251976 -0.0076122221713215386 0.032593678323875483 0.015318141572703732 -0.021776354067651747 0 0.014440385712010903 0.011555430161528173 0.012582357582024122
leaf_weight=4.1988444626331329 9.2104291766881961 5.9160887598991456 7.5414971411228171 4.7360415309667578 6.0696973502635947 5.921852469444274 4.9704283326864269 4.1867538690567043 14.810441493988032 7.4810715317726126 7.6935723125934512 13.15923129022123 5.5766054689884186 4.3355509340763092 11.285036042332647 11.352495655417441 5.0228631496429497 4.7341309487819654 5.1825255155563337 5.0740013122558576 7.8171461820602373 4.2981740981340408 13.70016765594483 6.4936940222978583 8.1226818710565549 3.6614805161952964 8.0953943282365781 3.7330873310565948 6.7464344650506964 4.8839055299758911 4.1482235491275778
leaf_count=21 39 31 36 25 28 30 23 20 72 38 39 62 27 21 57 55 22 24 26 28 36 20 76 34 45 20 35 20 35 25 22
internal_value=-2.44339e-05 0.00664419 -0.0217383 0.00122771 -0.00130033 0.000673498 -0.0259427 -0.0159994 -0.00116824 -0.00323552 -0.00526884 -0.0130019 0.00270399 0.00296725 -0.00244173 -0.021401 -0.021193 0.0147475 0.016655 0.0176109 -0.0259523 -0.0129979 0.0181793 0.0112201 0.0183167 0.0232551 -0.0382508 0.00885332 0.0272291 0.0238703 0.0283719
internal_weight=220.16 169.017 51.1427 116.495 101.801 95.7314 43.6012 26.2954 89.8095 80.8765 73.3955 37.7819 13.2702 35.6136 26.0955 24.5117 21.3249 8.93298 9.51808 14.6939 17.1382 9.32104 52.5219 24.6807 18.187 27.8412 17.3058 7.39457 20.4466 9.95791 12.2709
internal_count=1092 861 231 578 500 472 195 121 442 397 359 183 66 176 129 117 98 45 47 78 78 42 283 132 98 151 74 40 111 53 67
is_linear=0
shrinkage=0.03


Tree=12
num_leaves=38
num_cat=0
split_feature=14 3 24 1 15 1 12 41 36 15 39 20 40 26 25 20 40 40 22 41 31 31 21 27 40 15 26 24 27 22 12 35 27 28 15 41 32
split_gain=34.1455 11.1824 6.31597 5.81802 5.77955 6.0838 5.0375 4.6195 6.12416 5.00843 4.15032 5.05791 3.87898 9.08232 6.33187 5.1602 3.0406 2.94139 2.38853 4.19718 3.17134 2.4264 1.99284 5.22342 1.92369 1.65586 1.61731 1.50525 1.37188 1.04539 0.802724 0.741366 0.575087 0.513749 0.30844 0.172502 0.0214058
threshold=0.41790000635055957 -0.46508821666370564 1.821610303899686 1.0000000180025095e-35 1.0046418650855744 -0.55393406639203369 -0.23945640882444866 186.00000000000003 0.4136397084627173 -1.4136738335222498 -0.67746176866715224 -1.0000000180025095e-35 292.00000000000006 -0.046118757348509398 -0.6043654379284491 -0.57498835299424933 488.00000000000006 496.00000000000006 0.31336188398411724 407.00000000000006 -0.81725070379537734 -0.15965314699004862 -0.41413369180850207 0.68903454339616543 715.00000000000011 -0.56726333900951154 -1.0627658165361458 -0.38316630530303342 -0.35035967158957543 0.071772537174217485 -1.0484334439438225 -0.21070393216080793 -1.1818750435781677 -0.45438415775530738 -1.0509264787310764 604.00000000000011 1.0452853679943104
decision_type=2 2 2 2 2 2 2 2 2 2 2 2 2 2 2 2 2 2 2 2 2 2 2 2 2 2 2 2 2 2 2 2 2 2 2 2 2
left_child=1 22 7 4 5 -2 36 8 12 -10 11 25 14 26 -3 -16 -15 30 19 -12 -21 -22 35 29 -18 -9 -14 -11 32 -24 -6 -28 -7 -29 -17 -1 -5
right_child=3 2 -4 6 17 28 -8 10 9 27 18 -13 13 16 15 34 24 -19 -20 20 21 -23 23 -25 -26 -27 31 33 -30 -31 -32 -33 -34 -35 -36 -37 -38
leaf_value=0.027358542877945029 0.0049217285774693633 0.009484998123213571 -0.028156580566417528 -0.026062174588664187 0.02001791141735668 -0.016960313579830789 -0.0058257025452507433 0.020887926711548585 -0.010936465778883872 0.001270238295347903 0.027865433419727446 -0.020767622636860123 0 0.0026960560728304041 0.0026347874609556968 -0.044612943100054689 -0.033310179992723357 -0.01381847851848386 0.029065083174967293 0.017245683885584073 -0.021023210996981973 0.004511382869335656 0.024491041378332544 -0.010923093862454655 -0.0041736490490993971 -0.001923964517258519 0.030674541721055812 0.0090982213683727994 -0.014006782800685569 0.006183350809428426 0.00087584862741781999 0.0084213745670560485 -0.046978183929658843 0.030019924594167864 -0.020437690896939288 0.0091752900640512548 -0.056095643701507929
leaf_weight=19.04831233620644 5.0469821393489829 5.3494784981012371 4.5658713430166236 6.1609918177127856 4.1720978766679755 4.3608515858650225 4.8261000365018836 4.9616720229387274 5.2542912214994457 3.9443608969450024 6.1174820363521638 6.0786182433366767 4.5042112320661536 4.8507345020771018 4.0561918765306517 4.6293704509735143 5.9241165816783887 4.6321660727262488 9.0133972615003568 5.0851814597845086 5.1579348295927048 5.2710374742746318 11.075889453291898 5.8410978168249121 4.1987847834825516 3.945501744747161 4.7972597628831855 4.3415174335241318 7.2035312503576305 6.6037341952323905 4.3188726007938376 4.9368572980165508 5.2633588463068008 7.4052095413207955 7.9133926182985235 3.62469159066677 5.4142376482486725
leaf_count=106 24 27 20 26 20 20 21 26 26 20 32 30 23 24 20 22 28 21 46 26 26 27 62 29 20 20 24 22 33 35 20 24 23 38 38 20 23
internal_value=-7.47871e-06 0.00651564 0.00163587 -0.0210833 -0.0129573 -0.021939 -0.035549 0.00318123 -0.00149124 0.0115627 0.0105044 -0.00199541 -0.00712666 0 -0.0162156 -0.0249295 -0.0154162 0.00231844 0.0166115 0.0096148 0.000243417 -0.00867002 0.0188517 0.0111075 -0.0238394 0.0113858 0.0164502 0.0197426 -0.0300659 0.0189839 0.0124753 0.0225539 -0.0380371 0.0246462 -0.0336 0.0254496 -0.0453928
internal_weight=219.895 168.496 122.302 51.3992 34.9979 21.8747 16.4013 117.737 72.1058 20.9454 45.6308 14.9858 51.1604 29.212 21.9484 16.599 14.9736 13.1231 30.645 21.6316 15.5142 10.429 46.1937 23.5207 10.1229 8.90717 14.2383 15.6911 16.8277 17.6796 8.49097 9.73412 9.62421 11.7467 12.5428 22.673 11.5752
internal_count=1092 861 609 231 161 100 70 589 356 106 233 76 250 143 107 80 72 61 157 111 79 53 252 126 48 46 71 80 76 97 40 48 43 60 60 126 49
is_linear=0
shrinkage=0.03


Tree=13
num_leaves=34
num_cat=0
split_feature=14 13 24 28 2 38 36 20 16 34 41 12 28 16 21 24 37 40 40 28 35 29 19 12 34 34 16 34 24 24 26 36 36
split_gain=32.4545 10.7492 7.57426 5.62686 4.23776 4.05863 3.61836 5.67969 7.137 4.19967 3.91927 3.89686 3.83389 3.37016 2.89105 2.87381 2.13902 2.08807 4.0748 1.89409 1.8728 1.47648 4.68785 4.91952 1.45939 1.37742 1.35795 1.12918 1.09005 2.45567 1.55533 0.888956 0.55902
threshold=0.41790000635055957 0.32036223852112894 1.4541475356992326 0.3188064530208562 -0.85776127576593997 2.0157462244156035 0.28960149114112316 1.0000000180025095e-35 0.19625852628538759 -0.14755820543072418 116.00000000000001 0.054613581918188728 -0.57889150248576848 0.96625006174757899 -0.41413369180850207 -0.75062907350348651 1.0000000180025095e-35 532.50000000000011 106.50000000000001 -0.23027093724047751 -0.57245742350674667 -0.81896714159846751 0.79704530356161729 -1.0000000180025095e-35 0.42376303291490236 0.26307893463019488 0.96625006174757899 -0.21897336022392752 -0.38316630530303342 -1.1180918417039396 0.51868516442239954 1.1096319278783284 -0.57866603011003492
decision_type=2 2 2 2 2 2 2 2 2 2 2 2 2 2 2 2 2 2 2 2 2 2 2 2 2 2 2 2 2 2 2 2 2
left_child=1 2 5 4 31 6 7 10 15 -10 14 26 24 -14 -1 -9 -11 18 25 20 -16 -3 28 -24 -8 -6 27 -12 29 -23 -30 -2 -17
right_child=3 21 -4 -5 17 -7 12 8 9 16 11 -13 13 -15 19 32 -18 -19 -20 -21 -22 22 23 -25 -26 -27 -28 -29 30 -31 -32 -33 -34
leaf_value=0.01081148275585416 -0.044564956614732011 0.027442909735092117 -0.026264635541834207 0.002330160647376376 -0.026953749784465606 0.028476428352720573 0.0067649176099364994 -0.0014911796996446307 0.020599940342427403 -0.021711858534221386 0.030742122187002525 -0.0084238054678107254 0.023405143504352334 -0.0013533331545948417 0.010238768193677989 -0.042244418742568658 0.0037059508479055166 -0.026272633026718319 0.0092382230012643726 -0.023341187932259179 -0.013580419461391864 0.022831727815433661 -0.017863301943806368 0.016841323356841357 -0.013803831507015221 -0.003801828867629 0.0020279069065872557 0.0077963419098954195 0.031620542653026544 -0.00071377905298865318 0.0050831426081682498 -0.020326893658353835 -0.017740163588319698
leaf_weight=6.4701492786407497 9.3538068830966967 12.071967363357542 6.872878521680831 7.5535025447607032 5.643725469708448 4.0191848725080481 3.9365530759096163 4.5583143979311016 5.9937956482172003 4.0850818455219251 8.397053077816965 4.4090147465467444 16.08925668895245 6.0487404167652121 4.4582070708274841 4.4334502667188671 4.923646867275238 8.9444782286882383 6.635598048567771 5.250996291637418 4.3305592685937881 6.10291987657547 6.5313484668731689 5.2295419722795469 5.4491569250822067 5.2910215258598328 4.0776588767766944 5.046528264880183 10.650788038969042 7.2123685330152494 3.8530977070331565 8.1883493363857252 7.4095011651515952
leaf_count=32 39 69 31 36 26 21 20 22 30 20 44 22 83 30 22 21 24 40 31 25 21 34 33 28 27 24 21 26 59 39 21 35 36
internal_value=-1.83105e-05 0.00636971 0.00118876 -0.0205073 -0.0245022 0.00329975 0.00189704 -0.00169336 -0.0111486 0.00344886 0.00530827 0.0137783 0.0101841 0.01673 -0.00379756 -0.0240064 -0.00870294 -0.0151211 -0.00750957 -0.0113099 -0.0011835 0.0175556 0.013502 -0.00181979 -0.00488229 -0.0180437 0.0199044 0.0241773 0.0199458 0.0108921 0.0260827 -0.0360586 -0.0310809
internal_weight=219.522 167.912 116.26 51.6105 44.057 109.387 105.368 73.844 31.4038 15.0025 42.4402 21.9303 31.5237 22.138 20.5099 16.4013 9.00873 26.5148 17.5703 14.0398 8.78877 51.652 39.5801 11.7609 9.38571 10.9347 17.5212 13.4436 27.8192 13.3153 14.5039 17.5422 11.843
internal_count=1092 861 578 231 195 547 526 366 153 74 213 113 160 113 100 79 44 121 81 68 43 283 214 61 47 50 91 70 153 73 80 74 57
is_linear=0
shrinkage=0.03


Tree=14
num_leaves=31
num_cat=0
split_feature=14 13 24 28 25 13 27 36 40 16 33 31 36 28 16 28 16 16 35 25 25 36 19 29 14 27 38 21 31 18
split_gain=30.7444 10.3456 7.15852 5.30927 4.30384 4.9335 4.06084 4.05161 3.68834 3.8531 4.42483 3.34164 3.13906 3.04189 4.86232 2.58661 2.82136 2.3759 2.34076 1.54754 1.48952 1.44535 1.91522 3.56667 2.26325 1.62866 1.16828 0.561365 2.02638 0.341809
threshold=0.41790000635055957 0.32036223852112894 1.4541475356992326 0.3188064530208562 1.0391834556535966 0.13777692359404034 -1.5976327295724642 0.28960149114112316 163.00000000000003 -0.5737330091768037 -0.30285469916906932 0.44735998236871621 -1.0748188993964107 0.18807374105387198 0.70958621659351528 -0.57889150248576848 0.96625006174757899 0.19625852628538759 -0.40224415672217267 1.6966030130864145 -0.33044062233144172 -1.4469335513611925 0.79704530356161729 -0.81896714159846751 -1.1295131349763963 0.68903454339616543 -0.70850486105696919 1.0000000180025095e-35 1.1218190149895664 1.0000000180025095e-35
decision_type=2 2 2 2 2 2 2 2 2 2 2 2 2 2 2 2 2 2 2 2 2 2 2 2 2 2 2 2 2 2
left_child=1 2 4 6 5 7 -2 8 12 20 -11 18 -1 14 -14 26 -17 -15 -8 -6 -10 -3 25 -24 -25 29 -9 28 -13 -23
right_child=3 21 -4 -5 19 -7 11 15 9 10 -12 27 13 17 -16 16 -18 -19 -20 -21 -22 22 23 24 -26 -27 -28 -29 -30 -31
leaf_value=-0.013890437193011048 -0.00031789143233363205 4.3243433314100034e-05 -0.025443103686088504 0.002273587563739039 0.025829982619302846 -0.024345626187810505 -0.023717004318742133 -0.011333656443450421 -0.0069526462217164601 -0.014811832069448857 0.014997227718201342 -0.03212537267078544 0.024421929204014623 -0.015875140702688521 -0.0046110883107878965 0.024321531416780302 0 0.0097340358160865892 -2.0433194759658449e-05 0.0037572425712150258 -0.031852350116753088 0.011047370733859911 0.025579033325786624 0.010615428898431893 -0.013146129308222274 0.0036462674771314497 0.0073374010163462233 -0.042018424113699673 -0.0043255119067572732 0.028990573469567373
leaf_weight=5.3613244742155031 6.2891727834939948 4.7048781067132941 6.9295053631067267 7.5466391891241065 7.8604259639978391 5.0392567813396445 7.4916366785764694 4.0658160448074341 5.7460547536611557 7.307263508439064 7.6150361299514753 6.1362192481756228 13.529982015490541 5.6125738322734815 6.8218029439449301 13.632637694478037 5.6514558047056189 4.3971893489360809 7.3249913156032544 5.9975630640983582 5.6073203831911105 4.9718144088983598 5.7017613053321865 5.7377634793519983 5.6190316975116703 4.4395968019962302 4.925308972597124 12.039350584149359 5.0015835016965866 20.04657955467701
leaf_count=26 28 26 31 36 44 23 33 20 28 35 37 27 70 27 34 71 28 22 34 31 26 27 33 30 29 24 25 51 22 114
internal_value=-2.44452e-05 0.00622129 0.00114593 -0.019908 0.00320983 0.000756973 -0.0237698 0.00259864 -0.00164797 -0.00995531 1.51358e-05 -0.0273404 0.00445619 0.00838562 0.0147672 0.0117255 0.0175647 -0.00430154 -0.0134486 0.0179678 -0.0219992 0.0172516 0.0188114 0.00902324 -0.000836581 0.0235739 -0.000947084 -0.0346207 -0.0221114 0.0264776
internal_weight=219.152 167.322 116.101 51.8296 109.171 95.313 44.283 90.2738 61.9985 26.2757 14.9223 37.9938 35.7229 30.3615 20.3518 28.2752 19.2841 10.0098 14.8166 13.858 11.3534 51.2214 46.5165 17.0586 11.3568 29.458 8.99113 23.1772 11.1378 25.0184
internal_count=1092 861 578 231 547 472 195 449 305 126 72 167 179 153 104 144 99 49 67 75 54 283 257 92 59 165 45 100 49 141
is_linear=0
shrinkage=0.03


end of trees

feature_importances:
Column_25=29
Column_16=27
Column_24=25
Column_13=23
Column_36=22
Column_30=20
Column_12=18
Column_14=18
Column_26=17
Column_27=17
Column_28=16
Column_34=16
Column_33=15
Column_40=14
Column_21=13
Column_22=13
Column_29=13
Column_35=13
Column_20=12
Column_23=12
Column_39=12
Column_41=11
Column_15=10
Column_19=10
Column_31=10
Column_1=6
Column_3=6
Column_32=6
Column_9=5
Column_38=5
Column_0=4
Column_2=3
Column_17=3
Column_18=3
Column_37=3
Column_4=1
Column_7=1
Column_8=1
Column_10=1
Column_11=1
Column_42=1

parameters:
[boosting: gbdt]
[objective: binary]
[metric: binary_logloss]
[tree_learner: serial]
[device_type: cpu]
[data_sample_strategy: bagging]
[data: ]
[valid: ]
[num_iterations: 800]
[learning_rate: 0.03]
[num_leaves: 96]
[num_threads: 1]
[seed: 42]
[deterministic: 0]
[force_col_wise: 1]
[force_row_wise: 0]
[histogram_pool_size: -1]
[max_depth: 10]
[min_data_in_leaf: 20]
[min_sum_hessian_in_leaf: 0.001]
[bagging_fraction: 0.85]
[pos_bagging_fraction: 1]
[neg_bagging_fraction: 1]
[bagging_freq: 0]
[bagging_seed: 400]
[bagging_by_query: 0]
[feature_fraction: 0.8]
[feature_fraction_bynode: 1]
[feature_fraction_seed: 30056]
[extra_trees: 0]
[extra_seed: 12879]
[early_stopping_round: 0]
[early_stopping_min_delta: 0]
[first_metric_only: 0]
[max_delta_step: 0]
[lambda_l1: 0.2]
[lambda_l2: 1.5]
[linear_lambda: 0]
[min_gain_to_split: 0]
[drop_rate: 0.1]
[max_drop: 50]
[skip_drop: 0.5]
[xgboost_dart_mode: 0]
[uniform_drop: 0]
[drop_seed: 17869]
[top_rate: 0.2]
[other_rate: 0.1]
[min_data_per_group: 100]
[max_cat_threshold: 32]
[cat_l2: 10]
[cat_smooth: 10]
[max_cat_to_onehot: 4]
[top_k: 20]
[monotone_constraints: ]
[monotone_constraints_method: basic]
[monotone_penalty: 0]
[feature_contri: ]
[forcedsplits_filename: ]
[refit_decay_rate: 0.9]
[cegb_tradeoff: 1]
[cegb_penalty_split: 0]
[cegb_penalty_feature_lazy: ]
[cegb_penalty_feature_coupled: ]
[path_smooth: 0]
[interaction_constraints: ]
[verbosity: -1]
[saved_feature_importance_type: 0]
[use_quantized_grad: 0]
[num_grad_quant_bins: 4]
[quant_train_renew_leaf: 0]
[stochastic_rounding: 1]
[linear_tree: 0]
[max_bin: 255]
[max_bin_by_feature: ]
[min_data_in_bin: 3]
[bin_construct_sample_cnt: 200000]
[data_random_seed: 175]
[is_enable_sparse: 1]
[enable_bundle: 1]
[use_missing: 1]
[zero_as_missing: 0]
[feature_pre_filter: 1]
[pre_partition: 0]
[two_round: 0]
[header: 0]
[label_column: ]
[weight_column: ]
[group_column: ]
[ignore_column: ]
[categorical_feature: ]
[forcedbins_filename: ]
[precise_float_parser: 0]
[parser_config_file: ]
[objective_seed: 16083]
[num_class: 1]
[is_unbalance: 0]
[scale_pos_weight: 1]
[sigmoid: 1]
[boost_from_average: 1]
[reg_sqrt: 0]
[alpha: 0.9]
[fair_c: 1]
[poisson_max_delta_step: 0.7]
[tweedie_variance_power: 1.5]
[lambdarank_truncation_level: 30]
[lambdarank_norm: 1]
[label_gain: ]
[lambdarank_position_bias_regularization: 0]
[eval_at: ]
[multi_error_top_k: 1]
[auc_mu_weights: ]
[num_machines: 1]
[local_listen_port: 12400]
[time_out: 120]
[machine_list_filename: ]
[machines: ]
[gpu_platform_id: -1]
[gpu_device_id: -1]
[gpu_device_id_list: ]
[gpu_use_dp: 0]
[num_gpu: 1]

end of parameters

pandas_categorical:null
