tree
version=v4
num_class=1
num_tree_per_iteration=1
label_index=0
max_feature_idx=62
objective=binary sigmoid:1
feature_names=Column_0 Column_1 Column_2 Column_3 Column_4 Column_5 Column_6 Column_7 Column_8 Column_9 Column_10 Column_11 Column_12 Column_13 Column_14 Column_15 Column_16 Column_17 Column_18 Column_19 Column_20 Column_21 Column_22 Column_23 Column_24 Column_25 Column_26 Column_27 Column_28 Column_29 Column_30 Column_31 Column_32 Column_33 Column_34 Column_35 Column_36 Column_37 Column_38 Column_39 Column_40 Column_41 Column_42 Column_43 Column_44 Column_45 Column_46 Column_47 Column_48 Column_49 Column_50 Column_51 Column_52 Column_53 Column_54 Column_55 Column_56 Column_57 Column_58 Column_59 Column_60 Column_61 Column_62
feature_infos=[-1.3800730098481289:10.394100319179243] [-1.0217345117608092:9.779096839929073] [-1.2728263947049301:7.7486560764758279] [-1.3793356902178391:10.423429735120099] [-1.0517293343953626:9.7615805440735368] [-1.2703402664051597:7.73656147478113] [-2.3926192149476413:5.7544133421911452] [-1.42863699388038:7.4521220386467188] [-2.8006450591834242:4.4492328622287403] [-3.2031348341194703:3.5583656629562506] [-5.742354134707818:1.8803889464819068] [-2.3461189601911054:5.0509567426486051] [-1.4929684734029753:3.3190659304636618] [-3.1997029712644753:3.5692822530950203] [-2.3338662893186641:5.0404541307369328] [-3.1997029712644753:3.5692822530950203] [-5.8390120691904084:2.2044887639259922] [-2.3338662893186641:5.0404541307369328] [-6.192441579383039:0.78026515265520313] [-1.7200260205980229:1.698457626770894] [-1.3720451231984514:1.5032121634490023] [-3.1332221013876316:0.58688243340205715] [-2.2288040666616515:0.44867111244004959] [-2.4093394445795417:2.8952754862503736] [-2.3203820514994256:4.4506358820389798] [-2.0583699310415708:3.7624147527507366] [-2.9988150859632068:4.0850884951611297] [-2.4318662091502414:2.6605535792787744] [-2.3242642144266785:5.2402032057596077] [-2.3483345120127619:3.9903702048091203] [-2.7805602926123907:4.7405337155834939] [-3.2149302832430426:3.7639988434068612] [-2.9350197276165688:5.5384297769870861] [-2.5213094230927053:3.8967610839098965] [-3.4965190462125242:4.6281043887838216] [-2.7265752486473933:3.4622754038532038] [-2.2503726865782565:5.7783906893515979] [-3.1191154037118629:3.9239963711269192] [-3.0651941753478238:4.4007883804934442] [-3.9934816743233235:4.5831516714588023] [-3.3181446904008678:4.2559950935988571] [-2.8877817117766948:2.102174913391905] [-3.5917126785443951:5.2724843343759007] [-1.9506049105846026:3.4649562807556928] [-3.767416564331536:3.5496521049857557] [-2.9307961326496272:4.2957920544664381] [-2.9576742542354038:4.3755415956757728] [-3.7080723659432477:3.6385458763753071] [-3.4462897085490924:2.709405124200527] [-1.0246382880399671:4.6094547003192536] [-1.025204857245124:4.5310326672571772] [-16.040634573134952:9.5734461041788634] [-3.8886128251141439:7.320339025867618] [-4.2114274790530857:3.8558066508623678] [-2.9664603014836426:3.5303337142483895] [-2.7149918867378937:3.1931431201832501] [-1.2739546129313892:2.9193843634438457] [-1.1794596877643178:2.6140537726633788] [-1.3238145458633179:2.7677063349684374] [-2.5092072563121262:2.610298955050999] [23:817] [23:817] none
tree_sizes=4226 4317 4445 4455 4457 4032 4353 4109

Tree=0
num_leaves=40
num_cat=0
split_feature=12 55 28 51 30 39 46 23 36 32 38 46 54 38 47 61 43 61 54 54 44 37 14 29 19 55 32 40 55 55 25 37 38 36 28 46 45 54 54
split_gain=7.72688 8.45923 6.85951 5.5567 5.40562 5.94465 8.02785 6.29389 6.1231 5.92851 5.87425 5.24758 7.22491 6.47225 5.9191 4.70145 6.97087 4.54523 8.97393 5.93955 5.60643 3.59114 3.89423 5.46758 5.63756 3.69143 3.46572 3.44129 3.43871 3.06564 3.00933 2.99209 2.80591 2.06666 1.51315 1.26435 0.991926 0.98852 0.759939
threshold=-1.0274148410041202 0.35907214085007283 -1.464665643950964 0.93613982927071693 0.73737077573729704 -1.0631319478477637 -0.42112034456304742 0.24296802083541605 -0.6229206509167996 -1.0396428647446982 -0.60141993192020482 -0.20141269252432187 -0.72076203775673819 0.21983814922233466 0.042894386389314344 114.00000000000001 -1.1382707318835583 71.000000000000014 0.34485703492031805 0.32253252635095464 -0.40324706119714904 1.0000000180025095e-35 -0.044158172352004109 -1.16759539809496 0.46073078893042402 0.80193596151628321 -0.37068632490756775 -0.75630329287154907 0.45344026814120503 1.0910046947257686 -0.42127423872498437 0.1595745604372254 0.78393460899700784 -0.6229206509167996 1.0000000180025095e-35 -0.14469991275494573 -0.077770601068956072 -1.0435570060070996 -0.35019133724063362
decision_type=2 2 2 2 2 2 2 2 2 2 2 2 2 2 2 2 2 2 2 2 2 2 2 2 2 2 2 2 2 2 2 2 2 2 2 2 2 2 2
left_child=28 2 -2 4 5 9 7 15 10 -4 35 13 32 -3 -15 27 -17 18 26 34 -20 22 29 -24 -25 -23 -10 -7 33 -14 36 -18 -13 -1 -19 -8 -9 -11 -29
right_child=1 11 3 -5 -6 6 8 30 17 37 -12 12 21 14 -16 16 31 19 20 -21 -22 25 23 24 -26 -27 -28 38 -30 -31 -32 -33 -34 -35 -36 -37 -38 -39 -40
leaf_value=0.12978127733674558 0.14953995266925299 0.13237872305612525 0.1657240549804822 0.19920186562300629 0.14863767207806014 0.16663055485068493 0.12605485970960587 0.20792265607280411 0.17263655488314186 0.18233900065841938 0.16821091280876241 0.16353371171554365 0.18685465603551127 0.18013016520410272 0.14486639312979721 0.18124231970201909 0.16362269558413003 0.16180350239284813 0.17947902210179928 0.17973802225316987 0.1423674429366785 0.16737018888356456 0.17686794127938915 0.16769408432224114 0.1325016958643957 0.19842838626989734 0.20577818239080511 0.17617975575127165 0.16705408466316607 0.16345408423906149 0.17225082474374659 0.13380121615880891 0.13671182559789682 0.15947513685076808 0.13685326533455011 0.15483496494932689 0.18496186270473894 0.20834907231327987 0.19842838626989734
leaf_weight=6.454861283302308 9.4340280294418317 9.6822919249534625 6.2065973877906826 6.206597387790679 6.4548612833023062 7.944444656372073 5.2135418057441711 6.7031251788139405 5.7100695967674255 5.9583334922790536 8.4409724473953229 7.4479168653488141 9.4340280294418317 7.6961807608604413 6.4548612833023071 7.9444446563720694 6.9513890743255633 5.2135418057441729 5.4618057012557983 6.206597387790679 6.2065973877906782 7.1996529698371869 7.6961807608604422 6.7031251788139397 7.6961807608604431 5.9583334922790527 7.4479168653488177 4.9652779102325448 6.4548612833023062 7.9444446563720694 7.447916865348815 5.4618057012557983 7.4479168653488159 4.9652779102325448 5.7100695967674255 4.9652779102325457 9.6822919249534589 6.9513890743255589 5.9583334922790501
leaf_count=26 38 39 25 25 26 32 21 27 23 24 34 30 38 31 26 32 28 21 22 25 25 29 31 27 31 24 30 20 26 32 30 22 30 20 23 20 39 28 24
internal_value=0.167054 0.168428 0.172489 0.174074 0.172679 0.173988 0.171381 0.178772 0.163687 0.189015 0.150019 0.161196 0.165692 0.149528 0.163843 0.170897 0.161267 0.169994 0.178032 0.158721 0.159631 0.170915 0.166377 0.158143 0.147777 0.183615 0.193848 0.181243 0.148783 0.176403 0.190501 0.1479 0.148208 0.139848 0.146207 0.136208 0.19733 0.199602 0.191121
internal_weight=274.083 256.208 164.847 155.413 149.207 142.752 123.635 63.059 60.5764 19.1163 18.6198 91.3611 67.5278 23.8333 14.151 39.2257 20.3576 41.9566 24.8264 17.1302 11.6684 52.6319 39.474 22.0955 14.3993 13.158 13.158 18.8681 17.875 17.3785 23.8333 12.4132 14.8958 11.4201 10.9236 10.1788 16.3854 12.9097 10.9236
internal_count=1104 1032 664 626 601 575 498 254 244 77 75 368 272 96 57 158 82 169 100 69 47 212 159 89 58 53 53 76 72 70 96 50 60 46 44 41 66 52 44
is_linear=0
shrinkage=1


Tree=1
num_leaves=40
num_cat=0
split_feature=12 55 28 51 30 39 46 23 36 60 38 16 60 46 54 38 48 42 54 56 43 29 37 14 29 19 55 55 29 59 55 38 50 43 36 40 23 52 19
split_gain=7.35876 8.03529 6.51216 5.31052 5.14353 5.67366 7.65587 6.0066 5.83168 9.11978 5.59776 5.5308 5.39898 4.97589 6.87202 6.1104 5.62791 4.74073 4.4358 4.48385 4.30367 3.96142 3.42925 3.68921 5.18983 5.34672 3.52453 3.2658 2.9605 2.93929 2.91834 2.65179 2.63703 2.28105 1.94573 1.84022 1.78274 1.33144 1.26251
threshold=-1.0274148410041202 0.35907214085007283 -1.464665643950964 0.93613982927071693 0.73737077573729704 -1.0631319478477637 -0.42112034456304742 0.24296802083541605 -0.6229206509167996 476.50000000000006 -0.60141993192020482 0.53142114056016154 71.000000000000014 -0.20141269252432187 -0.72076203775673819 0.21983814922233466 0.085181250511358733 0.91814194206417632 -1.0520887310424583 -1.0000000180025095e-35 -0.73210364253303617 0.82101784639817932 1.0000000180025095e-35 -0.044158172352004109 -1.16759539809496 0.46073078893042402 0.80193596151628321 0.45344026814120503 0.82101784639817932 1.0000000180025095e-35 1.0910046947257686 0.78393460899700784 -0.30495184480964055 -0.32593655318251397 -0.6229206509167996 -0.75630329287154907 -1.0000000180025095e-35 1.0000000180025095e-35 -0.95381416860154145
decision_type=2 2 2 2 2 2 2 2 2 2 2 2 2 2 2 2 2 2 2 2 2 2 2 2 2 2 2 2 2 2 2 2 2 2 2 2 2 2 2
left_child=27 2 -2 4 5 18 7 12 10 11 37 17 20 15 31 -3 -17 32 19 -4 28 -11 23 30 -25 -26 -24 34 -7 -9 -16 -15 -10 -34 -1 -14 -22 -8 -31
right_child=1 13 3 -5 -6 6 8 29 9 21 -12 -13 35 14 22 16 -18 -19 -20 -21 36 -23 26 24 25 -27 -28 -29 -30 38 -32 -33 33 -35 -36 -37 -38 -39 -40
leaf_value=-0.036282770484672308 -0.017040117681400426 -0.033697734787311751 0.022842655311985583 0.031446400260999992 -0.017946629492127105 0.019202629176422507 -0.011587506953538062 0.0038245224806370704 -0.0051297062126146285 0.033487791307062566 0.0011274532653539218 -0.028446907478039005 0.002258535736080021 -0.0034316246787458775 0.019317582337990385 0.012760050318017021 -0.021616782688475885 -0.021282850841058139 0.035109893827102438 -0.012405391089217857 -0.02858631934728199 0 0.00030826338496206784 0.0095743083264816318 0.00062433872808677403 -0.033610987698780577 0.030693408496148395 0 -0.0074429593493678383 0.012127784083853729 -0.00350826466867706 -0.029527099854076717 0 0.027304681373767788 -0.0074007651472983906 0.023467317729783957 -0.0026224880698937211 -0.040298628039024773 0.035695987025183562
leaf_weight=6.4727063179016122 9.4470873177051526 9.7074096053838748 4.961174488067627 6.1884056776762 6.4642305076122275 5.9554490149021131 4.9751710891723651 6.69123247265816 6.7041003257036271 8.1812346279621107 8.4401557445526105 6.2086708247661582 6.9516339898109463 7.4500791728496534 9.4175576865673047 7.6874728053808195 6.4660161733627319 4.9683790206909171 9.1592014878988248 4.9618901014328021 5.4676921218633652 4.9576818943023673 7.1994628310203534 7.6897053420543662 6.7027667015790993 7.7160832732915878 5.9413247108459473 6.4548612833023062 5.9538529068231583 6.1929724663496062 7.9468026161193839 7.46506467461586 4.9652455747127577 5.9563410580158207 4.9683439731597909 9.9119897186756116 4.970306336879732 5.224180594086647 10.905089572072026
leaf_count=26 38 39 20 25 26 24 20 27 27 33 34 25 28 30 38 31 26 20 37 20 22 20 29 31 27 31 24 26 24 25 32 30 20 24 20 40 20 21 44
internal_value=0 0.0013411 0.00530128 0.00684845 0.00548488 0.00676389 0.00421674 0.0114398 -0.00329304 0.00286277 -0.016624 -0.00647957 0.00374429 -0.00570431 -0.00132178 -0.017059 -0.00312819 0.000703047 0.0214588 0.00537755 -0.00563852 0.022318 0.00377326 -0.000656442 -0.00866869 -0.0187602 0.0161932 -0.0178204 0.0060917 0.0229124 0.00910494 -0.0183627 0.00839734 0.0168005 -0.0265158 0.0159499 -0.0186086 -0.0300877 0.0291488
internal_weight=274.049 256.153 164.763 155.316 149.128 142.664 123.581 63.0002 60.5812 41.9417 18.6395 28.8027 39.2109 91.3897 67.5288 23.8609 14.1535 22.5941 19.0823 9.92306 22.3473 13.1389 52.6137 39.4729 22.1086 14.4188 13.1408 17.8959 11.9093 23.7893 17.3644 14.9151 17.6257 10.9216 11.4411 16.8636 10.438 10.1994 17.0981
internal_count=1104 1032 664 626 601 575 498 254 244 169 75 116 158 368 272 96 57 91 77 40 90 53 212 159 89 58 53 72 48 96 70 60 71 44 46 68 42 41 69
is_linear=0
shrinkage=0.03


Tree=2
num_leaves=41
num_cat=0
split_feature=12 51 35 27 28 23 54 31 46 30 30 46 23 37 59 23 14 45 61 24 47 41 28 28 50 54 16 16 54 35 50 24 24 20 33 0 35 61 32 61
split_gain=7.00547 7.37022 7.6592 6.65138 4.73182 4.71225 4.61546 6.79396 5.75238 8.06079 7.82945 6.66911 6.47896 4.99781 6.53673 5.43015 4.75895 4.66189 4.59862 4.31762 5.04278 4.52026 4.48237 4.40352 4.56798 3.1144 3.06906 2.92714 2.89331 2.88039 2.84058 2.61482 2.49854 2.16735 1.96257 1.76077 1.57897 1.54844 0.838398 0.00997241
threshold=-1.0274148410041202 0.93613982927071693 0.90352370550841909 1.1328276427500701 -1.464665643950964 -1.8788779514965499 -0.701068760222329 0.1582187946377441 -0.42112034456304742 0.13083093636666124 -1.0000000180025095e-35 -0.07178413295120388 0.59660901622407725 -0.43409769644573687 0.30652115993759294 -0.81795496533056689 -1.0000000180025095e-35 -0.50605516045453125 271.00000000000006 0.35238818542362943 0.16548509471270154 -0.72546717420363482 0.16857163995289295 0.59837092519075041 -0.30495184480964055 -0.40309290477977894 0.43744366892928283 -0.19373649723618644 0.46922504297722084 1.0000000180025095e-35 1.0000000180025095e-35 0.35238818542362943 -0.71671990934559249 -0.45719053199244342 -0.49362231236386139 -0.40641659782613782 1.3871901850735919 589.00000000000011 -0.14770081162852428 331.00000000000006
decision_type=2 2 2 2 2 2 2 2 2 2 2 2 2 2 2 2 2 2 2 2 2 2 2 2 2 2 2 2 2 2 2 2 2 2 2 2 2 2 2 2
left_child=29 2 4 28 -2 -6 13 19 9 12 31 -12 18 32 15 33 27 -16 -9 21 22 25 -21 24 -23 -8 -3 -13 36 -1 37 35 -7 -15 -31 -10 -4 -5 -26 -14
right_child=1 26 3 30 5 6 7 8 10 -11 11 16 39 14 17 -17 -18 -19 -20 20 -22 23 -24 -25 38 -27 -28 -29 -30 34 -32 -33 -34 -35 -36 -37 -38 -39 -40 -41
leaf_value=-0.029786517686689398 -0.016581515413578059 0.037461261019545132 -0.016652318510216535 0.015549132193128229 0.027140323888949838 -0.035165547009464976 0.014910515124039346 0.016923549445433006 -0.018107482251586624 -0.016730322308459097 -0.017367735304416189 0.003929475968034086 0.016829260649547664 0.0049497455333030399 -0.030298597142370064 -0.0088635669450483415 -0.00727990660502696 0.0044750919439594129 -0.013681081664760992 0.029069304504121252 -0.016345439920862143 0.0058404264760243451 -0.0050118046809661679 0 0.039612107185749132 -0.013493861302003746 0.0036932615867342252 0.036262334646425143 -0.0028294050875144181 0.0065300852775476191 -0.013127071204010998 -0.028948304702531315 -0.0054126935762244845 0.03105821850468957 -0.016469171280293758 0.0026821436191416998 -0.044275407657283411 -0.0029934580784305121 0.016312840201254838 0.036481395663156911
leaf_weight=7.7247423827648189 9.4584257900714857 5.4394931942224485 8.6930675655603427 8.1970822364091891 5.9525379687547675 4.9687933772802353 5.2036050111055374 7.1800051331520098 5.2212217748165131 7.4485717266798011 6.9557523578405371 4.953350991010665 6.4284607321023923 6.2060885280370686 6.7108302861452103 7.1914280354976681 4.967783913016329 4.9635379165410978 7.4439437985420227 5.4458241909742373 7.9398418813943854 8.187083348631857 5.71237713098526 6.4556145071983329 14.120664730668068 5.7087094336748105 4.9467092007398605 6.4435338824987403 5.4640639424324027 5.2162135839462289 7.4555341303348532 11.435221344232557 6.199509069323538 7.1889937669038781 4.9709232449531529 6.4505107104778272 4.9704810678958884 5.4622649550437918 6.1970323920249983 6.6804672330617905
leaf_count=31 38 22 35 33 24 20 21 29 21 30 28 20 26 25 27 29 20 20 30 22 32 33 23 26 57 23 20 26 22 21 30 46 25 29 20 26 20 22 25 27
internal_value=0 0.0013034 0.000161505 -0.0115361 0.00254912 0.00362183 0.00264691 0.00520626 -0.000513535 0.0083608 -0.00741467 0.00457153 0.0158178 -0.00574314 0.000329348 0.0104576 0.0149079 -0.0162324 0.00114945 0.0123305 0 0.0171862 0.0126213 0.0222563 0.0270925 0 0.0243788 0.0247664 -0.023654 -0.0173856 1.68045e-05 -0.0192967 -0.0217199 0.0210813 -0.00485263 -0.00716534 -0.0304824 0.00817581 0.0343908 0.0299724
internal_weight=273.96 256.048 245.662 40.2425 205.42 195.961 190.009 146.58 81.6088 35.1814 46.4274 23.3204 27.7329 43.4292 32.2609 20.5865 16.3647 11.6744 14.6239 64.9708 19.098 45.8727 11.1582 34.9604 28.5048 10.9123 10.3862 11.3969 19.1276 17.9119 21.1149 23.107 11.1683 13.3951 10.1871 11.6717 13.6635 13.6593 20.3177 13.1089
internal_count=1104 1032 990 162 828 790 766 591 329 142 187 94 112 175 130 83 66 47 59 262 77 185 45 141 115 44 42 46 77 72 85 93 45 54 41 47 55 55 82 53
is_linear=0
shrinkage=0.03


Tree=3
num_leaves=41
num_cat=0
split_feature=12 55 28 51 30 39 32 53 55 37 12 12 55 61 54 24 55 42 26 12 12 27 14 59 47 41 55 19 24 47 40 54 54 61 37 41 45 40 54 26
split_gain=6.65715 7.46055 5.89523 4.92762 4.88469 5.35704 5.46059 5.34692 8.81049 12.1827 6.19082 6.45761 7.30359 4.97845 4.69979 5.66236 5.40005 7.51166 4.61345 6.03136 4.44818 4.53759 5.70009 5.6993 3.92891 3.38197 2.9847 2.62019 2.65152 2.35759 2.14473 6.74176 2.91568 2.13555 2.01698 1.993 1.91341 1.61371 0.883753 0.106834
threshold=-1.0274148410041202 0.35907214085007283 -1.464665643950964 0.93613982927071693 0.73737077573729704 -1.0631319478477637 -1.0396428647446982 -1.1862146803347902 -1.4968160364401977 0.31570265396813441 -0.20467781786734904 -0.9622548377445761 -0.53408088458391678 71.000000000000014 -0.72076203775673819 -0.71671990934559249 0.41859771910948657 -0.67585839797850833 -0.34235124304158049 -0.15886272866184487 -0.77643365608461756 1.1328276427500701 0.018710809518249931 0.30652115993759294 0.75077431446861054 0.6051879258413253 0.45344026814120503 -0.95381416860154145 0.35238818542362943 -0.86383075404880783 -0.48898071225979417 -0.31630084482464904 0.14641891739666943 71.000000000000014 -0.56902320937368289 1.0000000180025095e-35 -0.71307331791604611 -0.88996458317742644 -1.0435570060070996 0.37447233361981108
decision_type=2 2 2 2 2 2 2 2 2 2 2 2 2 2 2 2 2 2 2 2 2 2 2 2 2 2 2 2 2 2 2 2 2 2 2 2 2 2 2 2
left_child=26 2 -2 4 5 6 -4 8 -7 -10 11 -9 37 30 15 29 -16 34 19 -15 -19 23 -23 25 27 35 33 -20 -29 -3 31 -12 36 -1 -18 -22 -32 -13 -8 -33
right_child=1 14 3 -5 -6 7 38 10 9 -11 13 12 -14 18 16 -17 17 20 24 -21 21 22 -24 -25 -26 -27 -28 28 -30 -31 32 39 -34 -35 -36 -37 -38 -39 -40 -41
leaf_value=-0.035288524121742847 -0.016137602378282278 -0.015738820967778091 -0.0014664199213757954 0.030323571378885431 -0.017564720538965177 0.015893226830015567 0.014523865997771383 0.019627510124567829 0.009690229082012768 -0.042523880661909493 -0.017098023985292466 0.013790989418409108 -0.031847962262985828 0.0085583774479703958 -0.024113987227066723 -0.032989348081795163 0.0058108383253789257 0.016451328791886023 0.0017813534989744456 -0.026314746132442741 -0.011360546099287614 0.021141947374370827 -0.011771795180001954 0.0053039642861514389 -0.0072989329548557597 -0.0049115721129159096 0 0.03847391958222264 0.0063405707369842204 0.0083593885702663157 0.011555734659202878 0.026724213417620431 0.008173628603606601 -0.0061054493658328881 0.033480423826570724 -0.041435963383274495 0.040348236410223323 -0.0072364118639345167 0.039385527338793094 0.0100769199944698
leaf_weight=6.4847823381423968 9.4681583940982801 4.9799380153417587 6.2019608616828945 6.1514751613140097 6.4705251455306998 6.9333747625350979 5.9385737627744684 5.2081268131732967 5.7064766138792029 8.4463623464107496 4.9600147753953925 4.9616098850965527 8.9486964643001521 7.444446474313736 6.9593096226453772 9.4553123563528043 5.7113732844591141 6.9469264149665824 6.9368133246898678 7.4595685899257642 5.4643375873565727 8.1805167198181135 7.6930407881736746 8.6810018271207792 6.4470954388380042 8.1940527111291868 6.4565999507904044 5.6982802748680133 5.2090570479631424 6.7073164284229296 5.4396823048591569 4.9416448175907082 9.406325086951254 4.9845970273017883 5.4467431902885419 6.9675774127244949 9.1403627395629972 4.9682268500328073 6.8846621811389896 5.1942359507083893
leaf_count=26 38 20 25 25 26 28 24 21 23 34 20 20 36 30 28 38 23 28 28 30 22 33 31 35 26 33 26 23 21 27 22 20 38 20 22 28 37 20 28 21
internal_value=0 0.00126908 0.00508957 0.00656589 0.00525227 0.00650238 0.0208026 0.00402725 -0.00916896 -0.0221765 0.00689649 -0.00597189 -0.0142535 0.0109692 -0.00551717 -0.0174356 -0.00155674 0.00133208 0.00302959 -0.00934032 -0.00350911 -0.00713676 0.00520598 -0.0139447 0.0109537 -0.0221276 -0.0169434 0.0179131 0.0262333 -0.00207613 0.0183777 0.00778215 0.0239601 -0.0252412 0.0221584 -0.0312937 0.0320592 0.00317636 0.0310175 0.0211076
internal_weight=273.879 255.953 164.566 155.098 148.946 142.476 19.0252 123.45 21.0862 14.1528 102.364 24.0867 18.8785 78.2775 91.3874 21.1426 70.2449 63.2856 39.1953 14.904 52.1275 45.1805 15.8736 29.307 24.2912 20.626 17.926 17.8442 10.9073 11.6873 39.0823 15.0959 23.9864 11.4694 11.1581 12.4319 14.58 9.92984 12.8232 10.1359
internal_count=1104 1032 664 626 601 575 77 498 85 57 413 97 76 316 368 85 283 255 158 60 210 182 64 118 98 83 72 72 44 47 158 61 97 46 45 50 59 40 52 41
is_linear=0
shrinkage=0.03


Tree=4
num_leaves=41
num_cat=0
split_feature=35 27 28 46 47 32 35 59 45 55 31 20 54 55 34 29 54 28 38 37 44 46 61 61 44 35 38 21 46 54 26 32 36 32 42 46 37 47 55 34
split_gain=6.10898 6.20249 5.2325 4.91535 7.57153 5.43976 5.36421 5.81626 5.2216 8.40627 7.00134 4.42834 4.35858 8.28226 4.2635 4.02994 6.10248 5.6547 5.17635 4.1816 5.02379 5.86783 4.40443 8.5976 5.10247 5.20278 3.85191 3.7911 3.7385 3.52751 3.24369 4.82162 3.21285 2.98978 2.53461 2.38814 2.31507 2.10848 1.84644 0.334542
threshold=0.90352370550841909 1.1328276427500701 -1.464665643950964 0.69588450843416105 1.6499404304032192 0.96722675476669362 0.29504006992642756 -1.2293307034713443 -0.36082045102467886 0.51915330014412553 0.1582187946377441 0.58835757224299445 0.46922504297722084 0.92466718124735536 0.80475218407965943 -0.67044208697167529 1.1169106623209948 -1.1208262157606783 0.14517832366392183 0.1595745604372254 -0.40324706119714904 -0.31049648149115794 114.00000000000001 656.50000000000011 -0.61350765514304817 -0.36024999916187106 -0.45210028080337955 1.0000000180025095e-35 -0.31756096117725069 1.0425500213501653 -0.46884952127594365 -0.14770081162852428 0.87192418183890874 -0.59367183818661118 -0.44259005553323744 -0.37228626237745244 -0.56902320937368289 0.43323348773496645 -1.0960392928006302 0.2471799875603021
decision_type=2 2 2 2 2 2 2 2 2 2 2 2 2 2 2 2 2 2 2 2 2 2 2 2 2 2 2 2 2 2 2 2 2 2 2 2 2 2 2 2
left_child=2 12 37 4 5 6 7 -4 -5 10 34 32 13 -2 -7 18 17 35 28 20 -19 -22 24 27 25 -21 -26 -24 -9 -16 36 33 -3 -32 -10 -17 -8 -1 -25 -33
right_child=1 11 3 8 -6 14 30 15 9 -11 -12 -13 -14 -15 29 16 -18 19 -20 22 21 -23 23 38 26 -27 -28 -29 -30 -31 31 39 -34 -35 -36 -37 -38 -39 -40 -41
leaf_value=-0.029040673911606661 0.00012472022037982039 -0.025753034751225996 0.024516190333977103 -0.031075334718597507 0.030622130172140789 -0.026506707254931157 0.0089696955706290334 -0.014458827460817846 -0.0091930681831328201 0.022624627951867333 -0.031035119237844504 0.015207870319908562 0 -0.043795315917067569 0.017468004922442826 -0.0014446397719828843 0.029697144553443276 0.031769244142361965 -0.032582665235988954 0.0083212642923316555 -0.012929241697159009 0.019432767281279358 -0.0049811889905602581 0.022234952649037246 0.0013530160763411444 -0.026391943252302978 0.031625948575537799 -0.03396861594058586 0.014192637414677613 -0.011800935250209532 0.0087822061668873224 0.0089234046420017081 0.00099243733907571747 -0.019461043901583035 0.015235073133518144 -0.029050913467711055 0.039364022361506941 -0.0012977723693027761 -0.00058259602418829091 0.027503575963759339
leaf_weight=4.9881461560726148 5.4703088253736523 4.9680674225091961 8.408025920391081 5.2234771102666846 8.4089819341897947 7.4519950002431896 5.688306525349617 6.936467558145524 6.1960425823926952 7.6831144690513602 7.9624465256929389 9.6746229380369169 6.4557127952575675 9.7150197923183423 4.9382240176200849 5.6978812515735626 5.6841697841882697 7.6606841534376171 5.4696345329284659 8.1634165048599225 8.4290987551212346 8.6538915932178462 8.6818733364343679 4.9438076913356781 7.4273709654807964 4.9534209817647872 7.6549936532974394 8.6979329735040665 6.451102703809739 7.1981687098741531 4.9519099146127683 4.9568132907152194 9.4404746145009977 5.4710623919963837 5.9532774537801769 5.7196231037378293 6.1851144880056363 4.9881461560726166 5.2102544456720334 4.9568123370409012
leaf_count=20 22 20 34 21 34 30 23 28 25 31 32 39 26 39 20 23 23 31 22 33 34 35 35 20 30 20 31 35 26 29 20 20 38 22 24 23 25 20 21 20
internal_value=0 -0.00982628 0.0020218 0.0030648 0.00499045 0.00348901 0.00539256 0.00243635 -0.00730153 -0.00126652 -0.0116079 0.000556131 -0.0209267 -0.0290253 -0.0107866 0.000499509 0.00303934 0.000875687 -0.0116039 0.00382937 0.0137165 0.0033871 -0.000699794 -0.00908453 0.00733042 -0.0057404 0.0185507 -0.0213523 -0.000210532 0.000279869 0.0160544 0.0074279 -0.00941096 -0.00612281 0.00269618 -0.0175061 0.0278907 -0.0176747 0.0114439 0.0211328
internal_weight=273.77 45.7242 228.046 218.069 185.051 176.642 157.054 124.844 33.0184 27.7949 20.1118 24.0832 21.641 15.1853 19.5884 116.436 97.5784 91.8942 18.8572 80.4767 24.7437 17.083 55.7331 27.5339 28.1992 13.1168 15.0824 17.3798 13.3876 12.1364 32.21 20.3366 14.4085 10.423 12.1493 11.4175 11.8734 9.97629 10.1541 9.91363
internal_count=1104 184 920 880 747 713 634 504 133 112 81 97 87 61 79 470 394 371 76 325 100 69 225 111 114 53 61 70 54 49 130 82 58 42 49 46 48 40 41 40
is_linear=0
shrinkage=0.03


Tree=5
num_leaves=37
num_cat=0
split_feature=12 55 28 51 30 39 46 23 36 60 38 60 46 54 38 20 54 29 42 4 57 28 37 14 29 19 55 39 25 55 38 38 36 54 46 45
split_gain=6.27534 7.02962 5.38205 4.69303 4.56049 5.08137 6.83736 5.46989 5.34968 8.23289 5.15376 4.8593 4.52989 6.16125 5.63544 4.53612 4.06579 3.67203 3.6068 3.8528 3.58674 3.24872 3.09019 3.29567 4.76284 5.1249 3.27214 2.81794 2.76743 2.71727 2.35316 2.33586 1.75822 1.71245 1.23372 1.16043
threshold=-1.0274148410041202 0.35907214085007283 -1.464665643950964 0.93613982927071693 0.73737077573729704 -1.0631319478477637 -0.42112034456304742 0.24296802083541605 -0.6229206509167996 476.50000000000006 -0.60141993192020482 71.000000000000014 -0.20141269252432187 -0.72076203775673819 0.21983814922233466 -0.45719053199244342 -1.0520887310424583 0.82101784639817932 0.91814194206417632 -0.3458604951064202 -1.0000000180025095e-35 1.0000000180025095e-35 1.0000000180025095e-35 -0.044158172352004109 -1.16759539809496 0.46073078893042402 0.80193596151628321 0.080419164923186112 -0.42127423872498437 1.0910046947257686 0.78393460899700784 -0.22812080412814167 -0.6229206509167996 -0.31630084482464904 -0.14469991275494573 -0.077770601068956072
decision_type=2 2 2 2 2 2 2 2 2 2 2 2 2 2 2 2 2 2 2 2 2 2 2 2 2 2 2 2 2 2 2 2 2 2 2 2
left_child=27 2 -2 4 5 16 7 11 10 18 34 20 14 30 -3 -16 31 -11 19 -10 32 -21 23 29 -25 -26 -24 -1 35 -15 -14 -4 -7 -13 -8 -9
right_child=1 12 3 -5 -6 6 8 28 9 17 -12 33 13 22 15 -17 -18 -19 -20 21 -22 -23 26 24 25 -27 -28 -29 -30 -31 -32 -33 -34 -35 -36 -37
leaf_value=-0.00365109203748869 -0.015305966676904592 -0.032118253599921626 -0.0079080463680307831 0.029602482048146 -0.016939410107548774 -0.0014346531210319246 -0.038677810446037179 0.038967976134563771 -0.016260133505162096 0.032053080463761846 0.0010615810228365864 0.0042181752260957031 -0.0031718888966748779 0.018585653451767329 -0.022053243415482697 0.009463770039430542 0.033384313744128563 0 -0.024655958867549514 0.020072498622747122 0.0077767131054248279 -0.0049850904934737247 0.00018231944480067767 0.0093535740296494859 0.0010925373712898448 -0.032307762761806309 0.029504502390682346 -0.028026012358909381 0.0043294275975500184 -0.0034363867888783707 -0.027782170439315131 0.017486422344935186 -0.023988335741790219 0.024473132271774611 -0.011045008389951688 0.016076846331881507
leaf_weight=9.7111109793186206 9.4825639277696592 9.7310623675584811 4.9565446823835373 6.1217108517885199 6.4792492985725394 6.1973118335008586 5.2400545179843903 6.6376972645521226 7.4530751109123257 8.1180237382650358 8.4326966851949674 9.1568871885538119 7.4516823291778547 9.384609326720236 5.2251007556915274 8.9239084869623166 9.068927124142645 4.950360193848609 5.7285736799240103 7.9213335216045397 9.1787601411342639 7.697048231959343 7.1942047625780088 7.6806714236736289 6.7108964025974327 7.7333159297704697 5.9002104997634888 8.2231061011552793 7.4179423451423636 7.9436010569334021 7.4883137345314026 4.9407389461994189 6.959579065442087 7.6359966695308676 4.9792540073394793 9.6054764837026578
leaf_count=39 38 39 20 25 26 25 21 27 30 33 34 37 30 38 21 36 37 20 23 32 37 31 29 31 27 31 24 33 30 32 30 20 28 31 20 39
internal_value=0 0.00124298 0.00495548 0.0063693 0.00508728 0.00629837 0.00388713 0.0107307 -0.00320407 0.00269763 -0.0159641 0.00338704 -0.00534294 -0.00115678 -0.0161695 -0.00279 0.0202482 0.0212471 -0.00615656 -9.42805e-05 -0.00549297 0.00801837 0.00366909 -0.000527903 -0.00810438 -0.0177705 0.0154802 -0.0164366 0.0217105 0.00870214 -0.0172815 0.00487544 -0.0150082 0.015008 -0.028863 0.0282729
internal_weight=273.662 255.727 164.36 154.877 148.756 142.276 123.31 62.7897 60.5204 41.8684 18.652 39.1285 91.3676 67.4875 23.8801 14.149 18.9662 13.0684 28.8 23.0715 22.3357 15.6184 52.5475 39.4531 22.1249 14.4442 13.0944 17.9342 23.6611 17.3282 14.94 9.89728 13.1569 16.7929 10.2193 16.2432
internal_count=1104 1032 664 626 601 575 498 254 244 169 75 158 368 272 96 57 77 53 116 93 90 63 212 159 89 58 53 72 96 70 60 40 53 68 41 66
is_linear=0
shrinkage=0.03


Tree=6
num_leaves=40
num_cat=0
split_feature=12 55 28 51 30 39 32 53 55 37 12 12 55 61 26 43 47 33 16 59 44 20 49 41 57 55 55 19 45 61 2 39 41 34 29 16 59 36 16
split_gain=5.96131 6.67742 5.11074 4.49482 4.33953 4.84641 5.12777 5.00466 8.08422 12.0703 5.70108 6.11289 6.7257 4.47861 4.22935 6.61006 3.76998 3.61228 4.76722 4.08179 4.65317 4.17706 4.75709 3.66963 5.36303 2.81097 2.68541 2.50753 2.05461 1.99083 1.7376 1.72814 3.51663 3.20055 2.11778 1.65154 1.51646 0.705687 0.519075
threshold=-1.0274148410041202 0.35907214085007283 -1.464665643950964 0.93613982927071693 0.73737077573729704 -1.0631319478477637 -1.0396428647446982 -1.1862146803347902 -1.4586088775959389 0.31570265396813441 -0.20467781786734904 -0.9622548377445761 -0.53408088458391678 71.000000000000014 -0.34235124304158049 -0.73210364253303617 0.75077431446861054 0.81115026323556882 0.5689650875614175 1.3304224022102182 -0.61350765514304817 0.58835757224299445 1.0000000180025095e-35 1.0000000180025095e-35 -0.70527050521085555 0.45344026814120503 1.0560733159105551 -0.95381416860154145 -0.50605516045453125 71.000000000000014 -0.54080013756412515 0.34248296159986252 0.27252415083008519 -0.94761757640974864 -1.0000000180025095e-35 0.19737564053262918 1.0000000180025095e-35 -0.40592704616193881 -0.22251848102989588
decision_type=2 2 2 2 2 2 2 2 2 2 2 2 2 2 2 2 2 2 2 2 2 2 2 2 2 2 2 2 2 2 2 2 2 2 2 2 2 2 2
left_child=25 2 -2 4 5 6 -4 8 -7 -10 11 -9 38 31 15 -15 27 18 19 20 -3 23 36 -22 -25 29 28 -16 -19 -1 -20 33 -33 -12 -34 -26 -23 -8 -13
right_child=1 17 3 -5 -6 7 37 10 9 -11 13 12 -14 14 16 -17 -18 26 30 -21 21 22 -24 24 35 -27 -28 -29 -30 -31 -32 32 34 -35 -36 -37 -38 -39 -40
leaf_value=-0.033741798332883967 -0.014901806383641053 -0.031226853493762169 -0.0017069356406218114 0.028993569758106203 -0.016515212934093745 0.014043498537751721 0.016212452034775424 0.019152523936442293 0.0094649692491443286 -0.043057404208207001 0.0009169086315265701 0.0089138251783415466 -0.030688103530274798 0.015102469031688239 0.0016123937261014682 -0.022583998350404162 -0.0073032749754681613 -0.0067266199605262103 0.025136836019348269 0.01455693524825729 0.0045254523570889688 0.0032493987481376982 -0.010567817461668783 0.0058570688745976721 -0.0098008806418671546 0 -0.00066626583389780419 0.025538579854781421 -0.034957912845613531 -0.0056484154393296477 0.00044779732253285025 -0.0090473079335787777 0.00099279900113794536 0.029147167603369925 0.027272572418493506 -0.03330985154302659 0.026664474223808486 0.039823457350535579 -0.0028234224199792371
leaf_weight=6.4955782443285006 9.4881468117237073 5.4804059267044059 6.1936556845903423 6.0946785658597937 6.4847414493560782 7.4017486870288876 7.3549304753541955 5.1942693442106274 5.6974458247423154 7.970769539475441 5.1892169266939154 4.952307969331744 8.9638787955045665 5.2048800289630881 6.9270778298378017 9.7056003063917142 6.442838415503501 5.4602393805980691 5.4482851624488831 6.6774138212203971 8.4322415888309497 5.4426742345094699 7.7054308503866187 5.705001354217532 6.9575044363737133 6.4619463086128226 7.204669624567031 10.86911576986313 6.2247205972671518 4.9879094809293747 4.9662260562181455 5.4189028441906002 5.1860823482275018 16.73130647838116 6.3906504958868 9.7038610726594907 5.9348752647638321 5.367843642830846 4.9605057090520868
leaf_count=26 38 22 25 25 26 30 30 21 23 32 21 20 36 21 28 39 26 22 22 27 34 22 31 23 28 26 29 44 25 20 20 22 21 68 26 39 24 22 20
internal_value=0 0.00121072 0.00483223 0.00621244 0.00495779 0.00614158 0.0197845 0.00378603 -0.00897881 -0.0219975 0.00656905 -0.00577336 -0.0138316 0.0104872 0.00294374 -0.00888499 0.010547 -0.00520725 -0.00193095 -0.00523069 -0.00804391 -0.00454281 0.00600133 -0.0112371 -0.017342 -0.0160167 -0.0164132 0.0173857 -0.0244869 -0.0240638 0.0154059 0.0175366 0.00860954 0.0232072 0.017423 -0.0254436 0.0176126 0.0297454 0.0029155
internal_weight=273.48 255.534 164.191 154.702 148.608 142.123 18.9164 123.207 21.07 13.6682 102.137 24.071 18.8767 78.0657 39.1495 14.9105 24.239 91.3435 72.4539 62.0394 55.362 49.8816 19.083 30.7986 22.3664 17.9454 18.8896 17.7962 11.685 11.4835 10.4145 38.9162 16.9956 21.9205 11.5767 16.6614 11.3775 12.7228 9.91281
internal_count=1104 1032 664 626 601 575 77 498 85 55 413 97 76 316 158 60 98 368 292 250 223 201 77 124 90 72 76 72 47 46 42 158 69 89 47 67 46 52 40
is_linear=0
shrinkage=0.03


Tree=7
num_leaves=38
num_cat=0
split_feature=12 55 51 60 54 41 46 49 54 46 54 25 31 46 54 38 47 19 54 18 46 37 55 14 54 29 39 41 39 55 45 55 38 37 41 61 55
split_gain=5.68235 6.35145 4.87285 4.62443 7.30479 5.97885 7.02052 5.46307 5.62183 5.90233 5.48621 4.61078 7.2788 4.22923 5.73743 5.25385 4.82958 3.84195 3.81017 3.50661 3.40943 2.9228 3.14925 3.14005 4.54789 5.69385 2.68167 2.6408 9.23849 2.56477 2.54094 2.4582 2.29423 2.01725 1.37334 1.05302 0.229782
threshold=-1.0274148410041202 0.35907214085007283 0.93613982927071693 154.50000000000003 -0.84097442835773084 0.6051879258413253 -0.59880406873640124 -0.50296301134003907 0.071563513121390948 -0.42112034456304742 0.44119741383909017 1.0339219322230928 -1.0049360598039061 -0.20141269252432187 -0.72076203775673819 0.21983814922233466 0.042894386389314344 -0.83593542214054439 0.092769262324921914 0.33784987693613028 -1.0000000180025095e-35 1.0000000180025095e-35 0.80193596151628321 -0.044158172352004109 -0.38395229355303712 -1.16759539809496 0.080419164923186112 0.27252415083008519 0.34248296159986252 1.0910046947257686 0.54261761895941862 -0.67183041427081125 0.78393460899700784 1.0000000180025095e-35 -0.72546717420363482 71.000000000000014 -1.3017846798238206
decision_type=2 2 2 2 2 2 2 2 2 2 2 2 2 2 2 2 2 2 2 2 2 2 2 2 2 2 2 2 2 2 2 2 2 2 2 2 2
left_child=26 2 3 4 31 11 -7 18 19 10 -10 12 -5 15 32 -3 -17 -12 -6 33 -11 23 -23 29 -25 -26 -1 28 34 -16 -8 -2 -15 -9 -14 -27 -35
right_child=1 13 -4 5 7 6 30 8 9 20 17 -13 27 14 21 16 -18 -19 -20 -21 -22 22 -24 24 25 35 -28 -29 -30 -31 -32 -33 -34 36 -36 -37 -38
leaf_value=-0.0032165690722245491 -0.02976867550474422 -0.03091829529474658 0.028405171672600739 -0.012208791831803657 -0.026780273896377105 0.020226504788760973 -0.025380769812652127 0.0067274128042849246 -0.013467315439281046 -0.028116475440310779 0 0.031404968399069574 0.0049562515753776171 -0.002749158863891806 0.018178550628218621 0.012112022370610976 -0.019729396264175653 0.029633812692823534 0.0025578770999849067 -0.001658167539142785 0 0.00012536203709246087 0.028918343297033713 0.014056544894544425 0.0057737281713270659 -0.035984528475829829 -0.026914282956122346 0.029784275103469673 -0.021969490159239276 -0.0032166880779220877 0 -0.0034462109865137577 -0.026923826436995348 0.013224916912736117 0.026184967751577887 -0.010420866242324359 0.033601171057907081
leaf_weight=9.7150271087884921 7.7125820219516754 9.7397202551364916 6.0658065378665915 9.4113020002841932 6.9703411757945997 5.6460810899734524 7.9268910586833936 7.6917275637388292 5.7002687901258424 7.2117686420679092 5.9308690130710557 10.562886938452719 5.6757904589176169 7.4583650231361371 9.3644355386495572 7.6563662588596326 6.4877218306064606 8.3585314005613345 6.4373361766338348 6.6765407621860495 6.4590359926223808 7.1913385540246946 5.8769795596599579 4.9659164398908606 6.4339513182640085 5.7389162629842829 8.2329552024602872 8.3674914389848727 4.9499263167381278 7.9480071365833274 5.935100182890892 6.4375696033239347 7.4952312409877777 4.9461525976657894 10.318247914314272 4.9839188307523727 8.6203987598419136
leaf_count=39 31 39 25 38 28 23 32 31 23 29 24 43 23 30 38 31 26 34 26 27 26 29 24 20 26 23 33 34 20 32 24 26 30 20 42 20 35
internal_value=0 0.00118591 0.00472143 0.00351558 -0.000945083 0.00927853 -0.0043135 0.00282246 0.00669561 -0.00145402 0.00854184 0.0147451 0.00904976 -0.00507158 -0.00102449 -0.0155297 -0.00260103 0.018147 -0.0134518 0.0162931 -0.015865 0.00363251 0.0151301 -0.000445869 -0.00784669 -0.0151285 -0.015633 0.0163322 0.00905918 0.00856393 -0.0156984 -0.0196548 -0.0165808 0.0219324 0.0200654 -0.0273306 0.0286268
internal_weight=273.301 255.354 164.013 157.947 89.1531 68.7937 19.5081 75.003 61.5953 33.6605 19.9897 49.2856 38.7228 91.3409 67.4571 23.8838 14.1441 14.2894 13.4077 27.9348 13.6708 52.5035 13.0683 39.4351 22.1227 17.1568 17.948 29.3115 20.944 17.3124 13.862 14.1502 14.9536 21.2583 15.994 10.7228 13.5666
internal_count=1104 1032 664 639 360 279 79 303 249 136 81 200 157 368 272 96 57 58 54 113 55 212 53 159 89 69 72 119 85 70 56 57 60 86 65 43 55
is_linear=0
shrinkage=0.03


end of trees

feature_importances:
Column_55=29
Column_54=26
Column_46=18
Column_38=14
Column_12=13
Column_28=12
Column_37=12
Column_61=12
Column_29=9
Column_39=9
Column_32=8
Column_36=8
Column_41=8
Column_47=8
Column_19=7
Column_23=7
Column_30=7
Column_45=7
Column_51=7
Column_14=6
Column_16=6
Column_35=6
Column_59=6
Column_24=5
Column_60=5
Column_20=4
Column_26=4
Column_40=4
Column_42=4
Column_43=4
Column_44=4
Column_25=3
Column_27=3
Column_31=3
Column_34=3
Column_50=3
Column_33=2
Column_49=2
Column_53=2
Column_57=2
Column_0=1
Column_2=1
Column_4=1
Column_18=1
Column_21=1
Column_48=1
Column_52=1
Column_56=1

parameters:
[boosting: gbdt]
[objective: binary]
[metric: binary_logloss]
[tree_learner: serial]
[device_type: cpu]
[data_sample_strategy: bagging]
[data: ]
[valid: ]
[num_iterations: 1800]
[learning_rate: 0.03]
[num_leaves: 160]
[num_threads: 3]
[seed: 42]
[deterministic: 0]
[force_col_wise: 1]
[force_row_wise: 0]
[histogram_pool_size: -1]
[max_depth: 14]
[min_data_in_leaf: 20]
[min_sum_hessian_in_leaf: 0.001]
[bagging_fraction: 0.85]
[pos_bagging_fraction: 1]
[neg_bagging_fraction: 1]
[bagging_freq: 0]
[bagging_seed: 400]
[bagging_by_query: 0]
[feature_fraction: 0.8]
[feature_fraction_bynode: 1]
[feature_fraction_seed: 30056]
[extra_trees: 0]
[extra_seed: 12879]
[early_stopping_round: 0]
[early_stopping_min_delta: 0]
[first_metric_only: 0]
[max_delta_step: 0]
[lambda_l1: 0.2]
[lambda_l2: 1.5]
[linear_lambda: 0]
[min_gain_to_split: 0]
[drop_rate: 0.1]
[max_drop: 50]
[skip_drop: 0.5]
[xgboost_dart_mode: 0]
[uniform_drop: 0]
[drop_seed: 17869]
[top_rate: 0.2]
[other_rate: 0.1]
[min_data_per_group: 100]
[max_cat_threshold: 32]
[cat_l2: 10]
[cat_smooth: 10]
[max_cat_to_onehot: 4]
[top_k: 20]
[monotone_constraints: ]
[monotone_constraints_method: basic]
[monotone_penalty: 0]
[feature_contri: ]
[forcedsplits_filename: ]
[refit_decay_rate: 0.9]
[cegb_tradeoff: 1]
[cegb_penalty_split: 0]
[cegb_penalty_feature_lazy: ]
[cegb_penalty_feature_coupled: ]
[path_smooth: 0]
[interaction_constraints: ]
[verbosity: -1]
[saved_feature_importance_type: 0]
[use_quantized_grad: 0]
[num_grad_quant_bins: 4]
[quant_train_renew_leaf: 0]
[stochastic_rounding: 1]
[linear_tree: 0]
[max_bin: 255]
[max_bin_by_feature: ]
[min_data_in_bin: 3]
[bin_construct_sample_cnt: 200000]
[data_random_seed: 175]
[is_enable_sparse: 1]
[enable_bundle: 1]
[use_missing: 1]
[zero_as_missing: 0]
[feature_pre_filter: 1]
[pre_partition: 0]
[two_round: 0]
[header: 0]
[label_column: ]
[weight_column: ]
[group_column: ]
[ignore_column: ]
[categorical_feature: ]
[forcedbins_filename: ]
[precise_float_parser: 0]
[parser_config_file: ]
[objective_seed: 16083]
[num_class: 1]
[is_unbalance: 0]
[scale_pos_weight: 1]
[sigmoid: 1]
[boost_from_average: 1]
[reg_sqrt: 0]
[alpha: 0.9]
[fair_c: 1]
[poisson_max_delta_step: 0.7]
[tweedie_variance_power: 1.5]
[lambdarank_truncation_level: 30]
[lambdarank_norm: 1]
[label_gain: ]
[lambdarank_position_bias_regularization: 0]
[eval_at: ]
[multi_error_top_k: 1]
[auc_mu_weights: ]
[num_machines: 1]
[local_listen_port: 12400]
[time_out: 120]
[machine_list_filename: ]
[machines: ]
[gpu_platform_id: -1]
[gpu_device_id: -1]
[gpu_device_id_list: ]
[gpu_use_dp: 0]
[num_gpu: 1]

end of parameters

pandas_categorical:null
