tree
version=v4
num_class=1
num_tree_per_iteration=1
label_index=0
max_feature_idx=42
objective=binary sigmoid:1
feature_names=Column_0 Column_1 Column_2 Column_3 Column_4 Column_5 Column_6 Column_7 Column_8 Column_9 Column_10 Column_11 Column_12 Column_13 Column_14 Column_15 Column_16 Column_17 Column_18 Column_19 Column_20 Column_21 Column_22 Column_23 Column_24 Column_25 Column_26 Column_27 Column_28 Column_29 Column_30 Column_31 Column_32 Column_33 Column_34 Column_35 Column_36 Column_37 Column_38 Column_39 Column_40 Column_41 Column_42
feature_infos=[-1.6361121897844608:6.0091309458903801] [-1.4992635379193568:8.7953692885199608] [-1.43235878110922:6.8836309140066136] [-1.6406033328883094:5.9532771810286302] [-1.5415258629689808:10.225980018878813] [-1.4341003256826625:8.1852314810019386] [-2.3607976747720389:3.9737519704919824] [-1.7799044014963095:7.2401397402889902] [-2.3150552472019474:4.0232674776602018] [-2.6407420771893095:3.2489672344400859] [-5.9606220976305098:2.0594080982089986] [-2.3916015512002673:3.4747331653833431] [-2.5853584656700295:2.3183600639649269] [-2.644777528846006:3.2825411116138214] [-2.3769693027515024:3.4624865975581036] [-1.7239347761105925:1.5515412984995332] [-1.4595817035869596:1.4635127073671561] [-1.8447170532141379:1.2117259075034044] [-1.3348756511807456:0.74913344858411357] [-2.0510527884665373:2.7185092514487739] [-2.3824946524919763:3.1046431082867669] [-2.4679037175118266:4.2335244743955469] [-3.1124526671754125:3.3532233164282914] [-2.04023782983597:2.5974632561801121] [-2.4722680023079557:4.722622589183084] [-2.4336334582467742:3.8636502618149167] [-3.0992332369839679:3.6194252265387292] [-2.692541992224367:3.4738228944706835] [-2.6549437794884563:3.9419115526129067] [-2.4579984091965068:4.220951179782678] [-3.8425972374498563:3.9254207896385949] [-2.6586905547951893:3.2961211673051185] [-2.6542721787476111:4.390136159375686] [-3.0964077271608459:4.5305301678015875] [-4.4502844876117811:4.4868949277711847] [-3.3865938932434001:4.3347140535769251] [-3.3630903504777954:4.2348884905537441] [-1.0428662804904805:3.1634440155212427] [-0.91357467658529945:3.545461289997101] [-1.0713680243848571:3.1540974626872749] [10:815] [10:815] none
tree_sizes=2765 2940 2430 2706 2883 2656 2761 2573 2851 2570 2452 2865 2756

Tree=0
num_leaves=25
num_cat=0
split_feature=33 21 31 40 15 16 13 35 30 29 40 13 31 21 21 16 27 23 21 34 32 30 35 31
split_gain=10.9835 8.77106 6.47873 6.42173 6.17438 7.31352 5.77838 5.12468 7.70126 4.99833 4.37704 3.92417 3.87155 3.33296 5.13838 2.33286 3.06108 2.723 2.76079 1.32161 1.28239 1.25938 0.656753 0.130551
threshold=0.15625696333783867 -1.2334301032130996 -0.97149390020010207 354.50000000000006 -1.120557604471885 -0.79524206473375136 0.2906823315983969 -0.52327552963086277 0.42219697350066604 1.4380555177080179 801.00000000000011 -0.12059817225583915 -0.77300017613009175 0.53010363149936712 0.88281037844186039 1.0000000180025095e-35 -0.53431428188109908 0.89697285797421544 -0.52801660932811312 0.24173470546427606 1.0000000180025095e-35 -0.18705934234940871 0.16988734286777968 -1.1699876242701122
decision_type=2 2 2 2 2 2 2 2 2 2 2 2 2 2 2 2 2 2 2 2 2 2 2 2
left_child=2 -2 -1 7 21 11 12 -4 -9 10 19 -6 -7 15 -15 16 -12 18 -17 -5 -10 -3 -18 -8
right_child=1 4 3 9 5 6 23 8 20 -11 13 -13 -14 14 -16 17 22 -19 -20 -21 -22 -23 -24 -25
leaf_value=-0.014808626594525209 -0.00086194886019908684 0.021034803167101185 0.046571098819359752 -0.016504162409242556 0.035123772336883019 0.045339435584170182 0.037839880310571401 -0.00028890834454518843 0.044113125098169573 0.033620215022772404 -0.00019725300948171889 0.0064375724284104485 0.016490321462868107 0.040226767792372102 0.0053327493979413582 0.02406965821324902 0.030985582688545728 -0.012027129684158689 0.00072290074189892972 0.0058984894304335948 0.021034803167101185 0.0026701538529014766 0.017751945458450321 0.060343838813193051
leaf_weight=6.2495075166225424 7.2494287192821494 4.9996060132980347 6.4994878172874477 6.7494681179523459 5.749546915292739 5.2495863139629355 6.2495075166225389 9.2492711246013659 4.9996060132980329 5.4995666146278372 4.9996060132980373 8.9992908239364606 9.7492317259311658 6.749468117952345 5.4995666146278381 6.4994878172874406 5.7495469152927381 7.4994090199470511 8.9992908239364677 8.4993302226066572 4.9996060132980347 5.2495863139629346 5.4995666146278381 11.249113529920583
leaf_count=25 29 20 26 27 23 21 25 37 20 22 20 36 39 27 22 26 23 30 36 34 20 21 22 45
internal_value=0.0177519 0.0273303 0.0117513 0.0139709 0.0313696 0.0358833 0.043539 0.026387 0.0177519 0.00937874 0.00698852 0.0178224 0.027814 0.0116868 0.024478 0.00744681 0.0167573 0.00157734 0.01056 -0.00655555 0.0350292 0.0114146 0.0250473 0.0548431
internal_weight=168.987 64.7449 104.242 97.9923 57.4955 47.2463 32.4974 25.748 19.2485 72.2443 66.7447 14.7488 14.9988 51.4959 12.249 39.2469 16.2487 22.9982 15.4988 15.2488 9.99921 10.2492 11.2491 17.4986
internal_count=676 259 417 392 230 189 130 103 77 289 267 59 60 206 49 157 65 92 62 61 40 41 45 70
is_linear=0
shrinkage=1


Tree=1
num_leaves=27
num_cat=0
split_feature=33 21 34 32 29 15 16 29 11 15 31 15 15 31 29 10 1 16 21 21 35 40 15 3 31 16
split_gain=10.4309 8.34299 6.4153 13.1109 7.59393 5.87561 6.94439 5.16258 4.96928 3.76752 3.69791 3.51694 4.08258 3.37741 3.33779 4.15018 2.90799 2.50493 2.2783 2.50625 3.75554 1.00545 0.920236 0.75518 0.0427315 0.0135692
threshold=0.15625696333783867 -1.2334301032130996 0.53964068597704173 0.77054385660726377 1.4380555177080179 -1.120557604471885 -0.79524206473375136 -0.12036605305379232 -0.38657813773535904 0.7757706492497668 1.0134433405000007 0.7757706492497668 -0.2585902164165888 -0.77300017613009175 0.32489725287815358 -0.018903094950220262 -0.4757337612272628 0.53343721297266489 1.0000000180025095e-35 0.88281037844186039 -1.0000000180025095e-35 723.50000000000011 -0.2585902164165888 -0.62381970602489878 -1.1699876242701122 0.53343721297266489
decision_type=2 2 2 2 2 2 2 2 2 2 2 2 2 2 2 2 2 2 2 2 2 2 2 2 2 2
left_child=2 -2 4 10 7 23 9 11 24 -7 22 12 17 -10 15 -5 -13 -1 -9 20 -20 -15 -4 -3 -8 -17
right_child=1 5 3 14 -6 6 8 18 13 -11 -12 16 -14 21 -16 25 -18 -19 19 -21 -22 -23 -24 -25 -26 -27
leaf_value=0.0039489790162621176 -0.018150005264027557 -0.0131334210071195 0.013186294457026749 0.00077608947712124495 0.01838833075895414 0.011554889938039313 0.01960641587746376 -0.040669693590162224 0.026953029560595611 -0.016715776076215216 0 0 0.021626289526610359 0.0079275689746875055 0.0063632071012702145 -0.013999530982905555 -0.029570913385413095 -0.019310469630812555 0.0057955525695893052 -0.031226337916287442 -0.023763164935513573 -0.0087395499788680189 0.037606102780919609 0.0010058286588120414 0.041160360589907102 -0.032189300401868924
leaf_weight=7.7487814128398913 7.2499987035989752 4.9998005926609039 5.748909294605256 7.249342739582068 5.2483905255794516 9.2488611936569196 6.247763335704799 6.4993936121463802 5.2473029047250739 5.4992725402116767 4.9993413090705863 4.9993969351053238 4.9988724291324642 4.9996599555015582 6.4990871697664252 5.7493254393339139 6.4989599734544736 5.9992338120937347 7.4989525526762044 5.9997550696134558 5.2492273747920972 4.9994495064020157 6.9986929446458825 5.2496368885040265 10.989992141723635 6.2496034502983093
leaf_count=31 29 20 23 29 21 37 25 26 21 22 20 20 20 20 26 23 26 24 30 24 21 20 28 21 44 25
internal_value=0 0.00933689 -0.00584624 0.00279559 -0.012049 0.0132789 0.0176841 -0.0154412 0.0251465 7.40784e-05 0.0217716 -0.00630896 0.00159313 0.0105446 -0.0105424 -0.016587 -0.0183512 -0.00670845 -0.0251895 -0.0169113 -0.00717489 0 0.0295621 -0.00617695 0.0358633 -0.0264422
internal_weight=168.967 64.7317 104.235 43.4943 60.741 57.4817 47.2323 55.4926 32.4842 14.7481 17.7469 30.2452 18.7469 15.2464 25.7474 19.2483 11.4984 13.748 25.2473 18.7479 12.7482 9.99911 12.7476 10.2494 17.2378 11.9989
internal_count=676 259 417 174 243 230 189 222 130 59 71 121 75 61 103 77 46 55 101 75 51 40 51 41 69 48
is_linear=0
shrinkage=0.03


Tree=2
num_leaves=22
num_cat=0
split_feature=12 24 30 24 36 26 30 21 36 27 19 41 28 4 6 14 33 28 31 32 12
split_gain=24.5125 7.94699 5.80225 4.9739 6.16694 6.1752 5.77144 5.55864 5.31322 6.3974 5.9853 4.42718 3.96769 2.99513 2.32798 2.48831 2.44482 2.22926 2.22895 1.37468 1.19162
threshold=-0.66361703191355648 1.6647940877993925 -1.6340430924933358 -0.49367308964791989 0.059724627418275812 -1.2995925771118169 1.1076103288319998 1.0000000180025095e-35 1.3856464251669169 0.49341319923474258 -0.62018417649194391 369.00000000000006 -0.65232698224339936 0.44424075459283452 0.11776658541780567 0.52854997073938625 0.33072939884351543 -0.18112302995044505 0.2194684442199594 0.10505827627764354 0.35022871314192866
decision_type=2 2 2 2 2 2 2 2 2 2 2 2 2 2 2 2 2 2 2 2 2
left_child=1 11 -2 4 5 -4 8 -7 9 10 12 18 -5 14 16 -16 -13 19 -1 -12 -9
right_child=2 -3 3 6 -6 7 -8 20 -10 -11 17 13 -14 -15 15 -17 -18 -19 -20 -21 -22
leaf_value=-0.0056343453531074407 0.016967191563405235 -0.017887105046883008 0.003336097098760385 -0.026024963561218157 0.0040599533034306494 -0.04255557175422673 0.016661208138473878 -0.01926135483761254 -0.030914520890409223 -0.025274035238652414 -0.0085894017602277956 -0.0042874306854738991 0.0020475560221707074 0.034196048771927341 0.036014125996557018 0.0096670994044464643 0.018148320628866701 0.020990208115544712 0.014880798167434407 0.0096259223524891996 0
leaf_weight=9.4934221506118792 5.7471524327993384 4.998407080769538 4.9981334507465389 7.499054417014122 7.2472795993089667 14.496247142553331 7.7463905215263358 5.2479856461286527 6.9989740103483191 8.9970271438360196 4.9978585094213432 8.7454514056444186 7.9974165409803337 13.485095888376234 6.4973874390125266 9.4959958642721158 5.9941365271806708 9.4979217499494641 6.7471401393413535 6.9980494379997253 4.9978995472192764
leaf_count=38 23 20 20 30 29 58 31 21 28 36 20 35 32 54 26 38 24 38 27 28 20
internal_value=0 0.0141789 -0.00905164 -0.0108757 -0.0194137 -0.0252463 -0.00523686 -0.0311095 -0.00891894 -0.00457424 0.00109336 0.0172956 -0.0122822 0.02211 0.0152762 0.022884 0.00530059 0.0111698 0.00308802 0.0014811 -0.0110378
internal_weight=168.924 65.457 103.467 97.7202 36.9875 29.7403 60.7327 24.7421 52.9863 45.9873 36.9903 60.4586 15.4965 44.2181 30.733 15.9934 14.7396 21.4938 16.2406 11.9959 10.2459
internal_count=676 262 414 391 148 119 243 99 212 184 148 242 62 177 123 64 59 86 65 48 41
is_linear=0
shrinkage=0.03


Tree=3
num_leaves=25
num_cat=0
split_feature=12 24 30 24 30 26 33 0 25 11 30 11 19 15 32 31 40 28 29 23 34 24 25 30
split_gain=23.2567 7.57517 5.52328 4.6986 5.48961 3.93387 3.86147 6.52882 4.68045 3.60021 6.17057 7.27916 5.88672 3.53636 3.22497 2.74749 2.60911 2.7885 2.38413 2.3242 4.79864 1.45674 1.47293 1.3836
threshold=-0.66361703191355648 1.6647940877993925 -1.6340430924933358 -0.49367308964791989 1.1076103288319998 -1.2995925771118169 0.15625696333783867 -0.065072643911884484 1.4584377298469098 0.97116410841141887 0.26988289453814734 -0.29652667934724536 -0.93815497915296464 0.94816412686082596 -0.32507264759394022 1.0134433405000007 225.00000000000003 -0.41672500609692226 -0.12036605305379232 0.89697285797421544 -0.13064777017668094 0.58556049907573626 0.10277248455585099 -0.64400157923696466
decision_type=2 2 2 2 2 2 2 2 2 2 2 2 2 2 2 2 2 2 2 2 2 2 2 2
left_child=1 6 -2 5 9 -4 7 18 21 10 12 -12 -5 -11 -9 -16 -7 23 -1 20 -14 22 -8 -18
right_child=2 -3 3 4 -6 16 8 14 -10 13 11 -13 19 -15 15 -17 17 -19 -20 -21 -22 -23 -24 -25
leaf_value=0.0053900194482821634 0.01656844307262445 -0.017473621978302906 0.0029320320776104049 -0.018773352506137181 0.016245856195402544 -0.0029546985679560771 0.01337759475155385 0 -0.00037878785587606658 -0.037319156327337136 0.0029646415371298463 -0.037818597954863024 0 -0.0044825971887271499 0.037934720544605609 0.0069378993178421241 -0.020253559298445543 -0.035158820433941952 -0.016986620352881926 -0.0034686867446713818 0.031216909366135446 0.010650625317054432 0.040527246998101257 0
leaf_weight=6.9946113228797913 5.7450339645147315 4.998673900961875 5.4976178854703894 5.9983304589986757 7.7444830834865561 5.9955671876668957 5.242960914969454 4.9973750859499004 4.9938484877347937 5.4972454309463483 6.497309073805809 6.998137950897215 7.4959388673305503 6.7475726306438446 7.4926044046878797 5.4974184483289719 5.4972826093435287 14.990645200014111 6.9975043684244174 5.4983989447355262 8.2463211566209882 5.4931198656558982 12.72198763489723 4.9969742447137868
leaf_count=28 23 20 22 24 31 24 21 20 20 22 26 28 30 27 30 22 22 60 28 22 33 22 51 20
internal_value=0 0.0138191 -0.00881217 -0.010593 -0.00510759 -0.0188948 0.0168649 0.00877748 0.02486 -0.00870052 -0.00388063 -0.0194511 0.00423753 -0.0221248 0.0201373 0.027307 -0.0228484 -0.0268819 -0.00597451 0.0118093 0.017331 0.0301732 0.0345535 -0.01164
internal_weight=168.877 65.4301 103.447 97.7018 60.7237 36.9781 60.4314 31.9795 28.4519 52.9793 40.7344 13.4954 27.239 12.2448 17.9874 12.99 31.4805 25.4849 13.9921 21.2407 15.7423 23.4581 17.9649 10.4943
internal_count=676 262 414 391 243 148 242 128 114 212 163 54 109 49 72 52 126 102 56 85 63 94 72 42
is_linear=0
shrinkage=0.03


Tree=4
num_leaves=26
num_cat=0
split_feature=33 21 34 32 35 28 15 15 34 30 29 39 34 40 4 23 22 21 7 29 35 28 23 15 3
split_gain=9.27593 7.62316 5.87769 12.0621 6.9069 5.39602 5.31259 5.27724 4.1968 4.00708 3.94592 4.32702 3.91832 3.20057 2.77426 2.60782 6.87357 3.98639 2.06975 2.80645 1.50884 1.50474 1.0861 1.04142 0.787
threshold=0.15625696333783867 -1.2334301032130996 0.53964068597704173 0.77054385660726377 -0.74848034474645553 1.4680908030748958 -1.2929510820829442 1.1205576044718855 -0.13064777017668094 -0.56784453975570515 -0.12036605305379232 -0.64882147567764381 0.16725821033608468 514.00000000000011 0.44424075459283452 1.0000000180025095e-35 1.0000000180025095e-35 0.88281037844186039 -0.29491947747750941 -0.39865561926125831 -0.1050380158447619 -0.18112302995044505 0.58779278557314341 -0.2585902164165888 -1.0362214567806876
decision_type=2 2 2 2 2 2 2 2 2 2 2 2 2 2 2 2 2 2 2 2 2 2 2 2 2
left_child=2 -2 4 9 8 10 -3 14 -1 -4 11 -6 21 -5 15 16 17 -8 19 -15 -12 -13 -17 -11 -16
right_child=1 6 3 13 5 -7 7 -9 -10 23 20 12 -14 18 24 22 -18 -19 -20 -21 -22 -23 -24 -25 -26
leaf_value=-0.010525197046846643 -0.017455849522358475 -0.0098094037891224856 0.00018531417394056996 0.0064761189833192293 0.0059314263985308204 0.0072743791714113609 -0.017672481591037174 -0.0072502564586933117 0.018725522853488667 0.012298162721247244 -0.015626461677226363 -0.016548773876440197 -0.037649017075203753 -0.036693876557058053 0.014404483975265125 0.034559417618735461 0.029830515939428075 0.010588359793798368 -0.0026001378020921151 -0.0052286824847194687 -0.041089142347973236 0.0033889571788243002 0.0094946837980739319 0.038773999637956053 0.039321232031150448
leaf_weight=6.4943419098854056 7.2444616556167594 6.9980356693267813 6.2435545027256039 6.4957986474037197 7.4939024150371543 5.9951861500740042 8.2372756898403221 6.4923470318317404 8.2421451807022077 4.9946180284023294 7.4947053641080883 4.9962600767612431 5.4965008348226538 5.4940757453441655 5.4852908253669739 4.9919774979352933 5.9881652742624274 6.7399936467409125 7.9949233382940266 5.7452724575996399 8.9922076165676135 5.4910250306129464 5.2458913028240204 6.4894276112318012 7.2208679318428022
leaf_count=26 29 28 25 26 30 24 33 26 33 20 30 20 22 22 22 20 24 27 32 23 36 22 21 26 29
internal_value=0 0.00880706 -0.00551879 0.00275058 -0.0114595 -0.0170887 0.0125837 0.0160021 0.00568379 0.0209641 -0.0210191 -0.0115254 -0.0198598 -0.0100414 0.0196982 0.0134222 0.0061669 -0.0047844 -0.0159741 -0.0235901 -0.0321162 -0.00649128 0.025082 0.0304723 0.0316437
internal_weight=168.798 64.6443 104.154 43.4577 60.6963 45.9598 57.3998 50.4018 14.7365 17.7276 39.9646 23.4777 15.9838 25.7301 43.9095 31.2033 20.9654 14.9773 19.2343 11.2393 16.4869 10.4873 10.2379 11.484 12.7062
internal_count=676 259 417 174 243 184 230 202 59 71 160 94 64 103 176 125 84 60 77 45 66 42 41 46 51
is_linear=0
shrinkage=0.03


Tree=5
num_leaves=24
num_cat=0
split_feature=33 21 34 32 29 15 16 28 29 13 35 30 13 40 32 41 35 32 23 23 30 30 15
split_gain=8.84683 7.26553 5.59485 11.5145 6.73385 5.07698 6.5041 4.94212 4.90679 4.83728 4.46325 3.81932 3.71162 3.05716 2.93426 3.22413 2.60284 4.71481 2.03963 1.7134 1.526 1.2435 0.983843
threshold=0.15625696333783867 -1.2334301032130996 0.53964068597704173 0.77054385660726377 1.4380555177080179 -1.120557604471885 -0.79524206473375136 1.4680908030748958 -0.12036605305379232 0.2906823315983969 0.92446971039794801 -0.56784453975570515 -0.12059817225583915 514.00000000000011 1.0000000180025095e-35 801.00000000000011 1.0000000180025095e-35 -0.72274086022993267 0.89697285797421544 1.5153330027763598 -0.18705934234940871 -0.18705934234940871 -0.2585902164165888
decision_type=2 2 2 2 2 2 2 2 2 2 2 2 2 2 2 2 2 2 2 2 2 2 2
left_child=2 -2 4 11 7 21 12 8 10 20 14 -4 -7 -5 15 -1 17 -10 -15 -20 -8 -3 -13
right_child=1 5 3 13 -6 6 9 -9 16 -11 -12 22 -14 18 -16 -17 -18 -19 19 -21 -22 -23 -24
leaf_value=0.020263007796906946 -0.017026736168398893 0.0037262345188251202 0.00018083279931546402 0.0063185287493229304 0.017458934240921618 0.016321741746922962 0.015983166775870791 0.0094184352301915301 -0.03393453719843352 0.034028985093677459 -0.025285164352358117 0.012016366317879933 -0.011601075010370561 -0.0023803411001529422 -0.015884557076180573 -0.0058469442131672761 -0.041363646017135998 -0.00065384273493208976 -0.034800809998107946 -0.0081493750769630023 -0.0019220995224197052 -0.014496108836003158 0.037884916157527218
leaf_weight=6.9930427223444038 7.2420653998851767 4.9986041933298111 6.2435311228036907 6.4954915940761593 5.2414493709802619 5.7399079501628867 9.2339797616004926 5.7451706379652014 5.993691325187684 17.409308344125748 7.4905883818864814 4.9935861378908166 8.9896620213985425 7.9917619526386288 5.4955736100673667 6.9912144541740417 7.9813646972179404 8.742689460515976 4.9924400597810727 6.243615984916687 5.7438637763261786 5.247835308313368 6.4778373390436146
leaf_count=28 29 20 25 26 21 23 37 23 24 70 30 20 36 32 22 28 32 35 20 25 23 21 26
internal_value=0 0.00860945 -0.0053847 0.00268252 -0.0111821 0.0122994 0.0164055 -0.0143842 -0.0174489 0.0236404 -0.00779768 0.0204877 0 -0.00981224 0 0.00752034 -0.0274665 -0.0164441 -0.0156139 -0.0231663 0.00920263 -0.00575511 0.0297785
internal_weight=168.718 64.6052 104.113 43.4383 60.6748 57.3632 47.1167 55.4333 49.6882 32.3872 26.9704 17.715 14.7296 25.7233 19.4798 13.9843 22.7177 14.7364 19.2278 11.2361 14.9778 10.2464 11.4714
internal_count=676 259 417 174 243 230 189 222 199 130 108 71 59 103 78 56 91 59 77 45 60 41 46
is_linear=0
shrinkage=0.03


Tree=6
num_leaves=25
num_cat=0
split_feature=12 24 30 24 36 26 30 39 41 25 38 12 37 12 1 30 13 25 20 3 16 30 3 22
split_gain=21.2212 7.07459 5.06 4.3211 5.68409 5.52501 4.9644 4.98379 4.0587 3.69337 3.60381 3.37467 4.69426 2.99962 2.64194 2.10269 2.65954 3.22904 1.94503 1.06503 0.887107 0.510595 0.263278 0.171117
threshold=-0.66361703191355648 1.6647940877993925 -1.6340430924933358 -0.49367308964791989 0.059724627418275812 -1.2995925771118169 1.1076103288319998 -0.64882147567764381 307.00000000000006 -0.85931252823135151 -1.0000000180025095e-35 0.10544925392502411 1.0000000180025095e-35 1.7138245637573351 0.66646613450159509 -1.17710085560578 -0.17903794370685516 0.10277248455585099 0.36107422789739541 -0.062100079995462291 -0.79524206473375136 -0.12994156273846416 0.4214054208906351 0.86642486119609818
decision_type=2 2 2 2 2 2 2 2 2 2 2 2 2 2 2 2 2 2 2 2 2 2 2 2
left_child=1 8 -2 4 5 -4 7 9 19 -5 -11 12 -9 21 15 -10 22 -18 20 -1 -13 -7 -17 -16
right_child=2 -3 3 6 -6 13 -8 11 14 10 -12 18 -14 -15 23 16 17 -19 -20 -21 -22 -23 -24 -25
leaf_value=-0.0084860455301161066 0.015859689257960361 -0.017012610128693331 0.0032460207079685246 0.021347767367376085 0.0043457664460902264 -0.020774071416622183 0.015439196272541171 0.012209418480624947 -0.0010698026306379597 0.007598551306334465 -0.021807556777698196 -0.011210030894416367 -0.018368345358161543 -0.006164091872637131 0.036189846245788908 0.032553264715343803 -0.006315971274322733 0.019832637146846795 -0.0034106638386041358 0.0079345431540894951 -0.033583673230038739 -0.042147533043226576 0.014884964243941716 0.014856550677556493
leaf_weight=5.4828725159168243 5.737977907061576 4.9949953705072394 4.9939701706171062 5.7415067851543453 7.2415273934602729 8.977178975939756 7.7320339381694785 7.4902598112821561 5.9833870381116823 7.2404605299234399 4.9908591210842106 5.495290428400037 7.4871870279312134 5.4894881993532172 8.942344054579733 6.9788021147251103 7.4842530637979579 6.4743949770927429 4.9954840093851081 5.7377730756998044 9.4826509654521978 10.223096907138823 8.2316351234912855 4.971584513783454
leaf_count=22 23 20 20 23 29 36 31 30 24 29 20 22 30 22 36 28 30 26 20 23 38 41 33 20
internal_value=0 0.0132071 -0.00843082 -0.0101382 -0.0181071 -0.0237225 -0.00487055 -0.00829175 0.0161603 0.0040803 -0.00503484 -0.0147246 -0.00299281 -0.02928 0.0197824 0.014031 0.0172251 0.00617188 -0.0224188 0 -0.0275068 -0.0346736 0.025545 0.0311441
internal_weight=168.601 65.282 103.319 97.581 36.9253 29.6837 60.6557 52.9237 60.287 17.9728 12.2313 34.9509 14.9774 24.6898 49.0664 35.1525 29.1691 13.9586 19.9734 11.2206 14.9779 19.2003 15.2104 13.9139
internal_count=676 262 414 391 148 119 243 212 242 72 49 140 60 99 197 141 117 56 80 45 60 77 61 56
is_linear=0
shrinkage=0.03


Tree=7
num_leaves=23
num_cat=0
split_feature=12 24 30 30 37 37 12 29 12 36 29 39 41 1 0 32 6 33 31 11 33 23
split_gain=20.1706 6.75068 4.82064 4.3415 5.21264 8.12012 6.23723 7.54735 5.90085 4.32245 4.31762 3.94834 3.89701 2.52403 2.22453 2.06081 2.03512 2.02445 1.93996 1.86707 1.81194 1.78637
threshold=-0.66361703191355648 1.6647940877993925 -1.6340430924933358 -0.76246808509670128 1.0000000180025095e-35 1.9015509267177257 0.039873460485369737 -0.56562935898573785 0.54846256118926029 -0.13394934303939102 -0.78826101195171061 -0.64882147567764381 369.00000000000006 0.66646613450159509 -0.39086425480711928 -0.49550188158079411 0.11776658541780567 0.33072939884351543 0.2194684442199594 0.47237497473582957 0.15625696333783867 1.0000000180025095e-35
decision_type=2 2 2 2 2 2 2 2 2 2 2 2 2 2 2 2 2 2 2 2 2 2
left_child=1 12 -2 20 6 8 21 14 10 15 -6 -11 18 16 -8 -9 17 -14 -1 -18 -4 -5
right_child=2 -3 3 4 5 -7 7 9 -10 11 -12 -13 13 -15 -16 -17 19 -19 -20 -21 -22 -23
leaf_value=-0.0056256200874835998 0.015491414625762388 -0.016623614171886847 -0.031366459191265586 0.0022980635143235307 -0.0052829295777340364 0.014308265327828952 -0.0089117109222377928 0.0026843643712152563 0.0015347702770172895 0.031440237636783365 -0.038666250938281965 -0.00014639642508188069 -0.0040014811312265404 0.031465755915996166 -0.034953116265432398 -0.021119776094956872 0.033052626180335748 0.016409330715644394 0.013527680667330889 0.0095468264764606726 -0.0060493330832485648 0.024308040124691829
leaf_weight=9.4742022156715411 5.7338747084140769 4.9936422705650321 9.73091112077236 6.9840352237224561 5.7335107624530854 5.2323036789894095 8.2295335680246335 5.2346570640802383 6.2372833788394919 5.2418370842933593 14.210541471838953 6.7354231029749068 8.7324984818696993 13.384961158037184 6.4826878905296281 4.9917180240154213 6.2192176133394232 5.9684902876615515 6.7294868230819693 9.7272852510213834 5.2471037954092017 7.2337615042924881
leaf_count=38 23 20 39 28 23 21 33 21 25 21 57 27 35 54 26 20 25 24 27 39 21 29
internal_value=0 0.0128869 -0.008216 -0.00988398 -0.00682562 -0.0161477 -0.000687681 -0.00728847 -0.0228965 0.00361691 -0.0303899 0.0151929 0.015775 0.0202998 -0.0229288 -0.00963856 0.0139959 0.00466686 0.00246215 0.0211117 -0.0242195 0.0151292
internal_weight=168.489 65.2298 103.259 97.5253 82.5473 31.4136 51.1337 36.9159 26.1813 22.2036 19.9441 11.9773 60.2361 44.0325 14.7122 10.2264 30.6475 14.701 16.2037 15.9465 14.978 14.2178
internal_count=676 262 414 391 331 126 205 148 105 89 80 48 242 177 59 41 123 59 65 64 60 57
is_linear=0
shrinkage=0.03


Tree=8
num_leaves=26
num_cat=0
split_feature=12 24 30 30 29 27 19 16 24 19 21 30 33 0 29 32 31 29 12 33 35 1 33 2 5
split_gain=19.142 6.4394 4.58961 4.13332 4.37573 6.29929 9.06552 5.22139 4.37003 3.95453 4.44021 3.18369 3.10248 5.80236 3.83874 2.83815 2.66271 2.0758 1.84173 1.71131 1.61954 1.20272 0.899735 0.617751 0.485078
threshold=-0.66361703191355648 1.6647940877993925 -1.6340430924933358 -0.76246808509670128 -0.39865561926125831 0.49341319923474258 -0.93815497915296464 0.53343721297266489 -0.49367308964791989 -0.30221337383092323 -1.0000000180025095e-35 0.65066809194444408 0.15625696333783867 -0.065072643911884484 1.2154238647420448 -0.32507264759394022 1.0134433405000007 -0.12036605305379232 0.022144741225410082 0.15625696333783867 1.0000000180025095e-35 -0.060388344598586906 -0.51670814504119933 -0.38834443624020348 0.24220970239399234
decision_type=2 2 2 2 2 2 2 2 2 2 2 2 2 2 2 2 2 2 2 2 2 2 2 2 2
left_child=1 12 -2 19 7 6 -6 8 24 -8 -11 23 13 17 21 -15 -17 -1 -9 -4 -12 -14 -20 -10 -5
right_child=2 -3 3 4 5 -7 9 18 11 10 20 -13 14 15 -16 16 -18 -19 22 -21 -22 -23 -24 -25 -26
leaf_value=0.0047987438649547175 0.015133015598483816 -0.016245224890559826 -0.030581758164877914 -0.024937781832816822 -0.025008616894525972 -0.023205287240922638 0.029367582382454804 -0.0057920329707480348 -0.011716956159702585 -0.012689341150569713 0.026409738768306931 0.018243661263977969 0.009669714106288153 0 0 0.035984808086646718 0.0058667529330378894 -0.016078852452491691 -0.01279895676884347 -0.0059080794401978253 0.0019464148920133059 0.031652354298750789 -0.037584077481101368 0.0010003236315692223 -0.0066963596373815302
leaf_weight=6.98227159678936 5.729176625609397 4.9916247874498358 9.7198269069194776 4.9824796319007856 4.9823023527860668 6.2294874638319007 8.7295345216989535 5.2316540628671673 4.9880616068840027 6.4660719931125703 4.9931952357292122 7.482520878314971 5.4772555232048097 4.9905402213335064 5.2256777584552756 7.4564022570848447 5.4871254414319992 6.9826722294092196 5.2297644764184961 5.2472387403249732 5.2375354021787643 17.568820014595985 7.7222091108560535 5.2380198240280205 4.983898937702179
leaf_count=28 23 20 39 20 20 25 35 21 20 26 20 30 22 20 21 30 22 28 21 21 21 71 31 21 20
internal_value=0 0.0125685 -0.00799815 -0.00962725 -0.0066403 0.000955782 0.00695162 -0.0126738 -0.00378692 0.0144814 0.00458946 0.00492456 0.0153931 0.00808912 0.0226099 0.0188255 0.0255676 -0.0057994 -0.0245754 -0.023622 0.0162477 0.0275825 -0.0303586 -0.00539653 -0.0184084
internal_weight=168.355 65.1624 103.193 97.4638 82.4967 36.6381 30.4086 45.8586 27.675 25.4263 16.6968 17.7086 60.1708 31.899 28.2718 17.9341 12.9435 13.9649 18.1836 14.9671 10.2307 23.0461 12.952 10.2261 9.96638
internal_count=676 262 414 391 331 147 122 184 111 102 67 71 242 128 114 72 52 56 73 60 41 93 52 41 40
is_linear=0
shrinkage=0.03


Tree=9
num_leaves=23
num_cat=0
split_feature=12 36 41 30 30 26 25 16 35 29 34 6 30 13 31 35 10 10 14 3 33 15
split_gain=18.197 6.53589 4.41342 4.40079 4.53293 5.12566 5.4422 4.71435 3.67555 3.49701 3.29969 2.98244 4.32032 2.67167 2.2889 1.60488 1.51103 1.54371 1.19769 1.13587 1.05065 0.854242
threshold=-0.66361703191355648 1.2590134444830581 369.00000000000006 -1.481729013530817 -0.76246808509670128 0.14011995078590372 1.2397820451225454 0.53343721297266489 -0.52327552963086277 -0.39865561926125831 0.98649965674619022 -0.38557073293648353 0.26988289453814734 0.47381994476759165 1.0000000180025095e-35 -0.3283503535224086 -0.092295001152901804 0.3220298586178309 -1.0954421869113586 -1.0000000180025095e-35 0.15625696333783867 -1.0000000180025095e-35
decision_type=2 2 2 2 2 2 2 2 2 2 2 2 2 2 2 2 2 2 2 2 2 2
left_child=1 2 13 -2 20 6 8 10 -6 -9 14 12 -10 15 -7 -1 21 -18 -14 -19 -5 -4
right_child=3 -3 16 4 5 7 -8 9 11 -11 -12 -13 18 -15 -16 -17 17 19 -20 -21 -22 -23
leaf_value=0.020285972794505062 0.013315664684135038 -0.010849204714829513 0.013245572205751767 -0.030825238682252776 0.001706434122072886 0.0020019217596660556 0.0086747086503462297 -0.021306474546392666 0.0075686459449951548 0.0040441084308856122 -0.0047749474026266775 -0.031785429768264463 -0.029540874953257131 -0.013715491919807256 0.028834808740943699 -0.00063322428639916919 0.00077197187210298194 0.0043618267189518287 -0.0074006327939042677 0.025114882816554544 -0.0082197509967974064 0.032570346786951372
leaf_weight=4.9816982299089423 6.7195848971605292 8.2257362604141218 7.6627806127071372 8.9584992825984937 6.7368160784244528 5.2325383424758929 7.4844314455986014 8.4521165490150469 5.9812081456184343 8.2215904295444471 6.2320136576890937 13.933263137936597 6.2208137363195366 4.9811653941869727 7.7252464294433594 5.4765449464321128 7.4659271687269273 5.2227657735347757 6.2234583348035848 7.9607129693031284 4.9975839257240287 13.099640175700186
leaf_count=20 27 33 31 36 27 21 30 34 24 33 25 56 25 20 31 22 30 21 25 32 20 53
internal_value=0 0.0122474 0.015885 -0.00781581 -0.00953153 -0.0064965 -0.0129196 0.00186912 -0.0173692 -0.00917421 0.011724 -0.0214175 -0.0114735 0.00154536 0.0197462 0.0101244 0.0208505 0.0129055 -0.0208859 0.0185874 -0.0247019 0.0270807
internal_weight=168.196 65.077 56.8512 103.119 96.3996 82.4435 46.58 35.8635 39.0956 16.6737 19.1898 32.3587 18.4255 15.4394 12.9578 10.4582 41.4118 20.6494 12.4443 13.1835 13.9561 20.7624
internal_count=676 262 229 414 387 331 187 144 157 67 77 130 74 62 52 42 167 83 50 53 56 84
is_linear=0
shrinkage=0.03


Tree=10
num_leaves=22
num_cat=0
split_feature=33 21 31 15 16 2 41 34 31 35 29 20 32 24 29 13 15 1 21 29 20
split_gain=7.45229 6.47398 5.32583 4.4635 4.49924 4.22052 4.04728 4.13512 6.29781 5.78323 5.44223 4.71938 4.77666 3.97922 3.75051 3.49037 3.34071 2.90313 2.38355 2.21704 0.605793
threshold=0.15625696333783867 -1.2334301032130996 -0.97149390020010207 -1.2929510820829442 -0.79524206473375136 -0.44614453837828055 307.00000000000006 0.53964068597704173 1.0134433405000007 -0.68074957328311936 1.0000000180025095e-35 -0.7363533242583532 -0.49550188158079411 0.2258159695011841 -0.78826101195171061 -0.12059817225583915 1.0000000180025095e-35 -0.17905846363535144 0.17739688455687355 1.0000000180025095e-35 1.0000000180025095e-35
decision_type=2 2 2 2 2 2 2 2 2 2 2 2 2 2 2 2 2 2 2 2 2
left_child=2 -2 -1 -3 15 -6 13 9 19 18 11 -11 -13 -4 -10 -5 -16 -7 -8 -9 -15
right_child=1 3 6 4 5 17 7 8 14 10 -12 12 -14 20 16 -17 -18 -19 -20 -21 -22
leaf_value=-0.029092581106834759 -0.01629181785953053 -0.009072015661729136 0.00037472124152450445 0.016822763523445299 0 0.006425207681714379 -0.0026064150303933644 0.006559551947147798 0.014010807466985345 -0.025222383804372698 -0.02949348723607681 0.017404818389270077 -0.010373458799005907 -0.032445512429135008 0.0011800249155765506 -0.0096133444091898862 -0.027687010743220716 0.031292695885624187 0.021478327226711454 0.032889552106771913 -0.010731250445898302
leaf_weight=6.207158461213111 7.2200752049684516 6.9906005263328543 8.7142149209976214 5.9669388830661783 7.2191805243492082 7.2218051701784125 5.4822598844766599 6.7045959681272524 5.7357171326875713 5.2172579914331427 9.4392570406198484 9.7032630890607816 9.4610928148031288 5.9577877223491651 6.725442022085188 9.7131658792495692 5.2294733077287674 19.986019581556327 6.7173145562410355 7.2079570591449738 5.228982612490654
leaf_count=25 29 28 35 24 29 29 22 27 23 21 38 39 38 24 27 39 21 81 27 29 21
internal_value=0 0.00790893 -0.00496116 0.0114102 0.0145647 0.0204254 -0.00294725 0.000158037 0.00836731 -0.00543935 -0.0117997 -0.00340547 0.00364329 -0.0145019 -0.00329507 0.000687919 -0.0126803 0.0255817 0.0111168 0.0224635 -0.0252375
internal_weight=168.05 64.3178 103.732 57.0977 50.1071 34.427 97.5246 77.6236 31.6032 46.0204 33.8209 24.3816 19.1644 19.901 17.6906 15.6801 11.9549 27.2078 12.1996 13.9126 11.1868
internal_count=676 259 417 230 202 139 392 312 127 185 136 98 77 80 71 63 48 110 49 56 45
is_linear=0
shrinkage=0.03


Tree=11
num_leaves=26
num_cat=0
split_feature=12 26 30 30 26 37 25 16 41 30 12 33 0 25 12 41 32 30 4 33 20 12 14 22 25
split_gain=16.988 5.53388 4.10918 3.81656 4.88106 6.60035 5.06785 3.61706 3.5581 3.90833 4.35117 3.53826 5.47796 3.91454 3.18492 3.03577 2.7121 2.53364 2.25094 1.50531 1.45024 1.38476 1.24581 0.422032 0.0604252
threshold=-0.66361703191355648 1.3398803907006716 -1.6340430924933358 -0.76246808509670128 0.14011995078590372 -0.62223525088930809 1.2397820451225454 -1.0609779202750345 150.50000000000003 1.0000000180025095e-35 1.7138245637573351 0.15625696333783867 -0.065072643911884484 1.4584377298469098 0.61163918118937477 472.50000000000006 -0.32507264759394022 0.26988289453814734 -1.0000000180025095e-35 0.15625696333783867 -0.37054414020643706 0.077049743771597554 0.93947253083591487 -0.12829452089677953 0.10277248455585099
decision_type=2 2 2 2 2 2 2 2 2 2 2 2 2 2 2 2 2 2 2 2 2 2 2 2 2
left_child=1 11 -2 19 6 14 8 -7 -5 10 23 12 18 15 -6 -13 -14 20 -1 -4 -9 -11 -18 -10 -17
right_child=2 -3 3 4 5 7 -8 17 9 21 -12 13 16 -15 -16 24 22 -19 -20 -21 -22 -23 -24 -25 -26
leaf_value=-0.019619677720460277 0.014324861969414333 -0.010782890513881043 -0.029153046940791183 0.004751946777923185 0.034293637049130084 0.012662317037871957 0.0083185564697911933 -0.011631465819808931 -0.007394499894832339 -0.010592068091221093 0.012537406786284313 0.0046329379191465715 0 -0.00020693010337714755 0.0031773665731565704 0.016569221032146232 0.03439921343672378 -0.023397006279949086 0.0031857225396409003 -0.0057647180467193674 0.0083386786666416347 -0.034867496552957504 0.0092712379425469345 -0.024461377033142617 0.036847490805692017
leaf_weight=5.4830220192670822 5.7145393639802924 7.2291882187128058 9.6794918775558454 4.9831196069717398 4.978828549385069 4.9825354665517834 7.4775987416505805 4.9636178463697442 5.7193672657012931 5.4695899486541775 4.9848300367593756 5.4674385190010133 4.9865248948335692 5.2057205289602271 6.9702493995428085 5.4401908069849041 5.6902804672718013 8.9416794776916486 7.2161916494369525 5.2462062090635291 4.9823563992977151 12.900128245353697 5.467345729470253 4.968957155942916 12.749268606305121
leaf_count=22 23 29 39 20 20 20 30 20 23 22 20 22 20 21 28 22 23 36 29 21 20 52 22 20 52
internal_value=0 0.0118365 -0.0075669 -0.00911212 -0.00623938 0.00192256 -0.0125147 -0.00699038 -0.0168147 -0.0202077 -0.0075886 0.014973 0.00670833 0.022295 0.0189675 0.0272022 0.0177277 -0.0130192 -0.00727063 -0.0225748 -0.00132161 -0.0292867 0.0251181 -0.0178551 0.0328116
internal_weight=167.898 64.9352 102.963 97.2486 82.3229 35.8193 46.5036 23.8702 39.026 34.0429 15.6732 57.706 28.8434 28.8626 11.9491 23.6569 16.1442 18.8877 12.6992 14.9257 9.94597 18.3697 11.1576 10.6883 18.1895
internal_count=676 262 414 391 331 144 187 96 157 137 63 233 116 117 48 96 65 76 51 60 40 74 45 43 74
is_linear=0
shrinkage=0.03


Tree=12
num_leaves=25
num_cat=0
split_feature=33 22 15 16 41 40 40 26 13 6 3 29 31 16 26 16 34 3 24 26 15 36 36 36
split_gain=6.7343 6.52981 5.30468 5.61957 5.53791 5.04239 5.06657 5.38792 4.66725 4.09897 6.54456 3.78923 3.71259 3.61539 3.60482 4.65452 3.42174 3.11029 3.06504 3.01244 2.50745 1.74552 1.73874 0.321312
threshold=0.15625696333783867 1.3637845522425371 -1.120557604471885 -0.79524206473375136 455.50000000000006 354.50000000000006 178.50000000000003 -1.0000000180025095e-35 0.2906823315983969 -0.71569092586147598 -0.4105084556339737 0.77016055881009915 -0.77300017613009175 -1.0000000180025095e-35 0.14011995078590372 1.0000000180025095e-35 0.98649965674619022 -0.062100079995462291 0.58556049907573626 1.0000000180025095e-35 0.43098369402764819 -1.4002791498779807 -0.76711424645868587 0.059724627418275812
decision_type=2 2 2 2 2 2 2 2 2 2 2 2 2 2 2 2 2 2 2 2 2 2 2 2
left_child=5 2 22 4 -4 6 17 -8 12 13 -11 14 -5 -7 23 16 -16 -1 -17 -13 -6 -10 -2 -12
right_child=1 -3 3 8 20 9 7 -9 21 10 11 19 -14 -15 15 18 -18 -19 -20 -21 -22 -23 -24 -25
leaf_value=-0.021359403045799023 0.0042913314267400745 -0.020074064566066668 -0.022320194922702773 0.024896350726020523 0.024409614248286353 -0.0030940117004329788 -0.0059599580967161546 0.027899822373711917 0.010948784437875234 0.019755351050866423 -0.032617559284097881 0.020078758032589353 -0.0034190096690080102 -0.03708686076922519 0.019179750698167346 0 -0.008872006823910825 0.0060249121257784644 -0.02568234529070338 -0.0056284450102618636 -0.0014068489389801534 0.038198274392332941 -0.017030292845000621 -0.013379084334050006
leaf_weight=5.9515056759119034 4.9917324036359787 5.4503406584262839 4.9895568341016761 5.2024000585079184 5.2024460881948453 5.4677671045064926 5.4539371728897104 10.440154105424877 5.1897155344486192 6.7220900505781165 6.4339974969625455 4.969478413462638 9.4675722718238813 6.4438949674367887 6.9509990513324755 6.948882162570956 5.720641553401947 5.9703680276870745 10.165610224008558 9.4461668431758863 5.7143584489822388 12.20633907616139 5.7347876280546171 6.4626880437135696
leaf_count=24 20 22 20 21 21 22 22 42 21 27 26 20 38 26 28 28 23 24 41 38 23 50 23 26
internal_value=0 0.00752335 0.0106219 0.0148522 0 -0.0047248 0.00585113 0.0164241 0.0218128 -0.00872516 -0.00529222 -0.00877363 0.00762939 -0.0240218 -0.0131818 -0.00655528 0.00649371 -0.00805785 -0.0162839 0.00391371 0.0118754 0.031901 -0.00730808 -0.0257921
internal_weight=167.697 64.1492 58.6989 47.9724 15.9064 103.548 27.816 15.8941 32.066 75.7322 63.8206 57.0985 14.67 11.9117 42.6828 29.7861 12.6716 11.9219 17.1145 14.4156 10.9168 17.3961 10.7265 12.8967
internal_count=676 259 237 194 64 417 112 64 130 305 257 230 59 48 172 120 51 48 69 58 44 71 43 52
is_linear=0
shrinkage=0.03


end of trees

feature_importances:
Column_30=28
Column_29=19
Column_15=17
Column_12=16
Column_33=16
Column_16=14
Column_21=14
Column_31=14
Column_24=12
Column_32=12
Column_35=11
Column_34=10
Column_26=9
Column_41=9
Column_13=8
Column_25=8
Column_36=8
Column_40=8
Column_3=7
Column_23=7
Column_28=6
Column_1=5
Column_0=4
Column_6=4
Column_11=4
Column_19=4
Column_20=4
Column_22=4
Column_37=4
Column_4=3
Column_10=3
Column_14=3
Column_27=3
Column_39=3
Column_2=2
Column_5=1
Column_7=1
Column_38=1

parameters:
[boosting: gbdt]
[objective: binary]
[metric: binary_logloss]
[tree_learner: serial]
[device_type: cpu]
[data_sample_strategy: bagging]
[data: ]
[valid: ]
[num_iterations: 900]
[learning_rate: 0.03]
[num_leaves: 96]
[num_threads: 2]
[seed: 42]
[deterministic: 0]
[force_col_wise: 1]
[force_row_wise: 0]
[histogram_pool_size: -1]
[max_depth: 10]
[min_data_in_leaf: 20]
[min_sum_hessian_in_leaf: 0.001]
[bagging_fraction: 0.85]
[pos_bagging_fraction: 1]
[neg_bagging_fraction: 1]
[bagging_freq: 0]
[bagging_seed: 400]
[bagging_by_query: 0]
[feature_fraction: 0.8]
[feature_fraction_bynode: 1]
[feature_fraction_seed: 30056]
[extra_trees: 0]
[extra_seed: 12879]
[early_stopping_round: 0]
[early_stopping_min_delta: 0]
[first_metric_only: 0]
[max_delta_step: 0]
[lambda_l1: 0.2]
[lambda_l2: 1.5]
[linear_lambda: 0]
[min_gain_to_split: 0]
[drop_rate: 0.1]
[max_drop: 50]
[skip_drop: 0.5]
[xgboost_dart_mode: 0]
[uniform_drop: 0]
[drop_seed: 17869]
[top_rate: 0.2]
[other_rate: 0.1]
[min_data_per_group: 100]
[max_cat_threshold: 32]
[cat_l2: 10]
[cat_smooth: 10]
[max_cat_to_onehot: 4]
[top_k: 20]
[monotone_constraints: ]
[monotone_constraints_method: basic]
[monotone_penalty: 0]
[feature_contri: ]
[forcedsplits_filename: ]
[refit_decay_rate: 0.9]
[cegb_tradeoff: 1]
[cegb_penalty_split: 0]
[cegb_penalty_feature_lazy: ]
[cegb_penalty_feature_coupled: ]
[path_smooth: 0]
[interaction_constraints: ]
[verbosity: -1]
[saved_feature_importance_type: 0]
[use_quantized_grad: 0]
[num_grad_quant_bins: 4]
[quant_train_renew_leaf: 0]
[stochastic_rounding: 1]
[linear_tree: 0]
[max_bin: 255]
[max_bin_by_feature: ]
[min_data_in_bin: 3]
[bin_construct_sample_cnt: 200000]
[data_random_seed: 175]
[is_enable_sparse: 1]
[enable_bundle: 1]
[use_missing: 1]
[zero_as_missing: 0]
[feature_pre_filter: 1]
[pre_partition: 0]
[two_round: 0]
[header: 0]
[label_column: ]
[weight_column: ]
[group_column: ]
[ignore_column: ]
[categorical_feature: ]
[forcedbins_filename: ]
[precise_float_parser: 0]
[parser_config_file: ]
[objective_seed: 16083]
[num_class: 1]
[is_unbalance: 0]
[scale_pos_weight: 1]
[sigmoid: 1]
[boost_from_average: 1]
[reg_sqrt: 0]
[alpha: 0.9]
[fair_c: 1]
[poisson_max_delta_step: 0.7]
[tweedie_variance_power: 1.5]
[lambdarank_truncation_level: 30]
[lambdarank_norm: 1]
[label_gain: ]
[lambdarank_position_bias_regularization: 0]
[eval_at: ]
[multi_error_top_k: 1]
[auc_mu_weights: ]
[num_machines: 1]
[local_listen_port: 12400]
[time_out: 120]
[machine_list_filename: ]
[machines: ]
[gpu_platform_id: -1]
[gpu_device_id: -1]
[gpu_device_id_list: ]
[gpu_use_dp: 0]
[num_gpu: 1]

end of parameters

pandas_categorical:null
