tree
version=v4
num_class=1
num_tree_per_iteration=1
label_index=0
max_feature_idx=23
objective=binary sigmoid:1
feature_names=Column_0 Column_1 Column_2 Column_3 Column_4 Column_5 Column_6 Column_7 Column_8 Column_9 Column_10 Column_11 Column_12 Column_13 Column_14 Column_15 Column_16 Column_17 Column_18 Column_19 Column_20 Column_21 Column_22 Column_23
feature_infos=[-1.7452122278052737:1.5312829869775786] [-1.3661334108909304:1.2602888403173986] [-2.1083036407030957:1.8755688232228842] [-0.58925565098878963:1.6970562748477143] [-2.0942915797499917:2.1630528121972494] [-2.1961218213224809:2.650223856166209] [-2.7060894122249852:3.6696859821355581] [-3.0471767557301481:1.9914108480341712] [-2.4696290684617099:2.6148442672046834] [-2.608690889450707:2.2172930970111744] [-2.7733899021239701:3.9520806105266568] [-3.1497079130083385:2.5901182419446869] [-2.870417440164712:2.9767644946575365] [-2.8667886656844028:2.2026771457099947] [-2.7182245741821398:4.3076127652941603] [-3.4345628861511552:2.2998418565215841] [-2.8693901799780326:3.2511736786066932] [-1.8026684637895793:2.7509738244968251] [-1.9678157889390369:2.5771547916044821] [-0.94203640288536683:6.4870311645845993] [-0.83780057697928101:5.342173260814655] [-8.4074280945679707:3.3222388079973362] [-4.718921916643227:3.290251826252109] [-6.7408569584321505:4.5382352212315729]
tree_sizes=764 769 662 767 667 771 664 771 665 779 676 778 778 677 676 677 782 653 678 781 656 677 656 777 654 676 654 777 674 656 678 653 755 656 677 678 656 678 654 677 677 655 678 644 667 644 665 666 773 767 775 661 772 667 664 660 666 662 775 663 666 773 652 778 664 658 668 663 668 560 663 773 668 668 649 667

Tree=0
num_leaves=6
num_cat=0
split_feature=16 5 13 10 19
split_gain=7.56791 3.01049 0.843336 1.66694 0.362352
threshold=-0.3484215201346349 -0.74221811807587368 -0.078582469417484188 0.19235577532960516 -0.13722074974278711
decision_type=2 2 2 2 2
left_child=4 -2 -3 -4 -1
right_child=1 2 3 -5 -6
leaf_value=-0.49374142337802324 -0.5183187243531534 -0.55945607335698844 -0.52178930097771115 -0.54909596507201019 -0.51919178740141314
leaf_weight=3.5009034723043442 3.9676906019449243 4.4344777315855026 3.7342970371246302 3.5009034723043442 3.5009034723043468
leaf_count=15 17 19 16 15 15
internal_value=-0.527355 -0.540682 -0.54888 -0.536281 -0.501242
internal_weight=22.6392 15.6374 11.6697 7.2352 7.00181
internal_count=97 67 50 31 30
is_linear=0
shrinkage=1


Tree=1
num_leaves=6
num_cat=0
split_feature=16 5 13 14 19
split_gain=7.21658 2.88635 0.810254 1.63809 0.334605
threshold=-0.3484215201346349 -0.74221811807587368 -0.078582469417484188 0.20920765059965207 -0.13722074974278711
decision_type=2 2 2 2 2
left_child=4 -2 -3 -4 -1
right_child=1 2 3 -5 -6
leaf_value=0.032686133700382418 0.0088121352485276399 -0.031514204813234255 0.0055952369013385871 -0.021471880208182161 0.007970512851533107
leaf_weight=3.5304305702447891 3.976865842938424 4.3968856334686279 3.7329783439636195 3.4876102358102798 3.5082221031188991
leaf_count=15 17 19 16 15 15
internal_value=0 -0.0130397 -0.0211012 -0.00873067 0.0254376
internal_weight=22.633 15.5943 11.6175 7.22059 7.03865
internal_count=97 67 50 31 30
is_linear=0
shrinkage=0.035


Tree=2
num_leaves=5
num_cat=0
split_feature=16 5 14 19
split_gain=6.88316 2.76787 0.794044 0.309198
threshold=-0.3484215201346349 -0.74221811807587368 0.128597198033197 -0.13722074974278711
decision_type=2 2 2 2
left_child=3 -2 -3 -1
right_child=1 2 -4 -5
leaf_value=0.031796980804209632 0.0085940033834571803 -0.0059639981443793556 -0.028135888951675202 0.0077826881731318607
leaf_weight=3.557567372918129 3.9856874495744714 5.3302682787179911 6.233842745423317 3.5152772068977383
leaf_count=15 17 23 27 15
internal_value=0 -0.0127604 -0.0206895 0.0247869
internal_weight=22.6226 15.5498 11.5641 7.07284
internal_count=97 67 50 30
is_linear=0
shrinkage=0.035


Tree=3
num_leaves=6
num_cat=0
split_feature=16 5 13 10 19
split_gain=6.55303 2.64671 0.834594 1.55284 0.2859
threshold=-0.3484215201346349 -0.74221811807587368 -0.078582469417484188 0.19235577532960516 -0.13722074974278711
decision_type=2 2 2 2 2
left_child=4 -2 -3 -4 -1
right_child=1 2 3 -5 -6
leaf_value=0.030943673389966828 0.0083816264603703595 -0.030674133566527557 0.0057663784413197966 -0.02057991156478468 0.0075995320939902427
leaf_weight=3.5824236273765564 3.9941696077585229 4.3388331681489944 3.7257338166236842 3.4415366351604462 3.5220783948898342
leaf_count=15 17 19 16 15 15
internal_value=0 -0.0124522 -0.0202433 -0.00804161 0.024159
internal_weight=22.6048 15.5003 11.5061 7.16727 7.1045
internal_count=97 67 50 31 30
is_linear=0
shrinkage=0.035


Tree=4
num_leaves=5
num_cat=0
split_feature=16 22 23 19
split_gain=6.25286 2.57026 4.66999 0.264507
threshold=-0.3484215201346349 -1.0000000180025095e-35 -0.1152962157619143 -0.13722074974278711
decision_type=2 2 2 2
left_child=3 -2 -3 -1
right_child=1 2 -4 -5
leaf_value=0.030124025879903097 0.0079808265369672362 0.0014516108078978128 -0.038944329249052417 0.007420913480218747
leaf_weight=3.6051077395677567 4.1353530734777442 6.0294695645570755 5.2887314707040769 3.5286355018615749
leaf_count=15 18 26 23 15
internal_value=0 -0.0121886 -0.0200439 0.0235529
internal_weight=22.5873 15.4536 11.3182 7.13374
internal_count=97 67 49 30
is_linear=0
shrinkage=0.035


Tree=5
num_leaves=6
num_cat=0
split_feature=16 5 13 14 19
split_gain=5.95485 2.56024 0.80753 1.51208 0.244837
threshold=-0.3484215201346349 -0.74221811807587368 -0.078582469417484188 0.20920765059965207 -0.13722074974278711
decision_type=2 2 2 2 2
left_child=4 -2 -3 -4 -1
right_child=1 2 3 -5 -6
leaf_value=0.029336018240566905 0.0085108816784332172 -0.029899154510373852 0.0058678947669197883 -0.020131109959973342 0.0072467036035952859
leaf_weight=3.6257258802652359 3.9886198043823251 4.2806107252836227 3.7205660492181742 3.4159576296806335 3.5349574685096767
leaf_count=15 17 19 16 15 15
internal_value=0 -0.0118942 -0.0196202 -0.00768471 0.0229673
internal_weight=22.5664 15.4058 11.4171 7.13652 7.16068
internal_count=97 67 50 31 30
is_linear=0
shrinkage=0.035


Tree=6
num_leaves=5
num_cat=0
split_feature=16 22 23 19
split_gain=5.68413 2.48107 4.48346 0.226729
threshold=-0.3484215201346349 1.0000000180025095e-35 -0.1152962157619143 -0.13722074974278711
decision_type=2 2 2 2
left_child=3 -2 -3 -1
right_child=1 2 -4 -5
leaf_value=0.02857778920733136 0.0080942306333226296 0.0015503410676723818 -0.03809908412941862 0.007076785346202305
leaf_weight=3.6443810909986496 4.1281117200851414 6.0209770947694778 5.2091478258371353 3.5410534590482738
leaf_count=15 18 26 23 15
internal_value=0 -0.0116443 -0.0194236 0.0224014
internal_weight=22.5437 15.3582 11.2301 7.18543
internal_count=97 67 49 30
is_linear=0
shrinkage=0.035


Tree=7
num_leaves=6
num_cat=0
split_feature=16 5 6 14 19
split_gain=5.41515 2.47713 0.862549 2.20715 0.210036
threshold=-0.3484215201346349 -0.74221811807587368 1.0000000180025095e-35 0.34921527874139002 -0.13722074974278711
decision_type=2 2 2 2 2
left_child=4 -2 -3 -4 -1
right_child=1 2 3 -5 -6
leaf_value=0.027847621212213774 0.0086253550826147895 -0.029743636000625427 0.0096561646062499965 -0.021521376615046873 0.0069110336584422482
leaf_weight=3.6611739546060562 3.9828615486621866 4.1005222946405375 3.4354120343923569 3.7897923141717911 3.5469315201044109
leaf_count=15 17 18 15 17 15
internal_value=0 -0.0113653 -0.0190287 -0.00724852 0.0218541
internal_weight=22.5167 15.3086 11.3257 7.2252 7.20811
internal_count=97 67 50 32 30
is_linear=0
shrinkage=0.035


Tree=8
num_leaves=5
num_cat=0
split_feature=16 22 23 19
split_gain=5.1689 2.38957 4.35418 0.194629
threshold=-0.3484215201346349 1.0000000180025095e-35 -0.1152962157619143 -0.13722074974278711
decision_type=2 2 2 2
left_child=3 -2 -3 -1
right_child=1 2 -4 -5
leaf_value=0.027143920239014512 0.0081736937890551382 0.0017589532997781274 -0.037367032195059567 0.0067493417006043114
leaf_weight=3.6762021481990814 4.1223440915346119 6.0054914802312851 5.1349520534276962 3.5526003688573864
leaf_count=15 18 26 23 15
internal_value=0 -0.0111215 -0.0188183 0.0213246
internal_weight=22.4916 15.2628 11.1404 7.2288
internal_count=97 67 49 30
is_linear=0
shrinkage=0.035


Tree=9
num_leaves=6
num_cat=0
split_feature=16 5 6 14 19
split_gain=4.92591 2.39558 0.874094 2.11463 0.180391
threshold=-0.3484215201346349 -0.74221811807587368 1.0000000180025095e-35 0.34921527874139002 -0.13722074974278711
decision_type=2 2 2 2 2
left_child=4 -2 -3 -4 -1
right_child=1 2 3 -5 -6
leaf_value=0.026465210732337815 0.0087257692781978966 -0.029173267412118269 0.0096566945622307658 -0.020889596398391403 0.0065915950864439514
leaf_weight=3.6895602196455002 3.9769209325313577 4.0588198155164683 3.4329031854867935 3.7433346956968307 3.5580676048994091
leaf_count=15 17 18 15 17 15
internal_value=1.4209e-05 -0.0108566 -0.0184561 -0.00678514 0.020812
internal_weight=22.4596 15.212 11.2351 7.17624 7.24763
internal_count=97 67 50 32 30
is_linear=0
shrinkage=0.035


Tree=10
num_leaves=5
num_cat=0
split_feature=16 22 23 19
split_gain=4.70341 2.30191 4.23073 0.167217
threshold=-0.3484215201346349 -1.0000000180025095e-35 -0.1152962157619143 -0.13722074974278711
decision_type=2 2 2 2
left_child=3 -2 -3 -1
right_child=1 2 -4 -5
leaf_value=0.025810125317614879 0.0082401606770009603 0.0019516140097001768 -0.036675130063727357 0.0064376878769250015
leaf_weight=3.701338917016983 4.1167273819446555 5.9899860024452209 5.0588962882757169 3.56334060430527
leaf_count=15 18 26 23 15
internal_value=2.36415e-05 -0.0106253 -0.0182424 0.0203156
internal_weight=22.4303 15.1656 11.0489 7.26468
internal_count=97 67 49 30
is_linear=0
shrinkage=0.035


Tree=11
num_leaves=6
num_cat=0
split_feature=16 5 6 14 19
split_gain=4.48366 2.31707 0.883184 2.02626 0.155014
threshold=-0.3484215201346349 -0.74221811807587368 1.0000000180025095e-35 0.34921527874139002 -0.13722074974278711
decision_type=2 2 2 2 2
left_child=4 -2 -3 -4 -1
right_child=1 2 3 -5 -6
leaf_value=0.02517740221172737 0.0088130750258616202 -0.028627531794756543 0.0096475552574399777 -0.020286622958066169 0.0062875179142410972
leaf_weight=3.7116265296936035 3.9708081483840951 4.0164350122213328 3.430317223072052 3.6963623315095901 3.5684271901845959
leaf_count=15 17 18 15 17 15
internal_value=5.24855e-05 -0.0103737 -0.017911 -0.0063463 0.0198345
internal_weight=22.394 15.1139 11.1431 7.12668 7.28005
internal_count=97 67 50 32 30
is_linear=0
shrinkage=0.035


Tree=12
num_leaves=6
num_cat=0
split_feature=16 5 6 14 19
split_gain=4.28244 2.22215 0.852017 1.94493 0.143697
threshold=-0.3484215201346349 -0.74221811807587368 1.0000000180025095e-35 0.34921527874139002 -0.13722074974278711
decision_type=2 2 2 2 2
left_child=4 -2 -3 -4 -1
right_child=1 2 3 -5 -6
leaf_value=0.024565860524101608 0.008595082034787354 -0.028138740109375105 0.0094177639151375152 -0.019922057095720612 0.0061409866300293466
leaf_weight=3.7205077707767487 3.9795825630426416 3.9785982817411387 3.4396579712629318 3.6693433225154877 3.5733340680599239
leaf_count=15 17 18 15 17 15
internal_value=5.96928e-05 -0.010154 -0.0175697 -0.00619888 0.0193682
internal_weight=22.361 15.0672 11.0876 7.109 7.29384
internal_count=97 67 50 32 30
is_linear=0
shrinkage=0.035


Tree=13
num_leaves=5
num_cat=0
split_feature=16 22 23 19
split_gain=4.09109 2.23329 4.14688 0.13319
threshold=-0.3484215201346349 -1.0000000180025095e-35 -0.1152962157619143 -0.13722074974278711
decision_type=2 2 2 2
left_child=3 -2 -3 -1
right_child=1 2 -4 -5
leaf_value=0.023974416154544851 0.0085512394720103791 0.0023538100546136639 -0.035953520825900136 0.0059979957300759145
leaf_weight=3.7280633300542831 4.095836028456687 5.9552046805620193 4.9683787077665311 3.5780679434537914
leaf_count=15 18 26 23 15
internal_value=6.57106e-05 -0.00994075 -0.017531 0.0189159
internal_weight=22.3256 15.0194 10.9236 7.30613
internal_count=97 67 49 30
is_linear=0
shrinkage=0.035


Tree=14
num_leaves=5
num_cat=0
split_feature=16 5 4 19
split_gain=3.90139 2.15048 0.86146 0.123425
threshold=-0.3484215201346349 -0.74221811807587368 0.28272570575388462 -0.13722074974278711
decision_type=2 2 2 2
left_child=3 -2 -3 -1
right_child=1 2 -4 -5
leaf_value=0.023402042272050203 0.0086713588762932867 -0.024780625958359018 -0.0033897976820164329 0.0058584527242595778
leaf_weight=3.7343718856573105 3.9732567667961129 5.7444572448730433 5.2501824498176575 3.5826355218887356
leaf_count=15 17 26 24 15
internal_value=9.09504e-05 -0.00970615 -0.0170639 0.0184771
internal_weight=22.2849 14.9679 10.9946 7.31701
internal_count=97 67 50 30
is_linear=0
shrinkage=0.035


Tree=15
num_leaves=5
num_cat=0
split_feature=16 22 23 19
split_gain=3.72039 2.12035 4.05647 0.11434
threshold=-0.3484215201346349 -1.0000000180025095e-35 -0.1152962157619143 -0.13722074974278711
decision_type=2 2 2 2
left_child=3 -2 -3 -1
right_child=1 2 -4 -5
leaf_value=0.022847798140423755 0.0084689225571177723 0.0026292971952144835 -0.035316235187371252 0.0057222662911876627
leaf_weight=3.739507645368576 4.0978279262781134 5.9347159266471863 4.8897705227136594 3.5870428383350399
leaf_count=15 18 26 23 15
internal_value=0.000115043 -0.00947364 -0.016937 0.0180512
internal_weight=22.2489 14.9223 10.8245 7.32655
internal_count=97 67 49 30
is_linear=0
shrinkage=0.035


Tree=16
num_leaves=6
num_cat=0
split_feature=16 5 13 14 19
split_gain=3.54891 2.07535 0.900976 1.32292 0.105879
threshold=-0.3484215201346349 -0.74221811807587368 -0.078582469417484188 0.20920765059965207 -0.13722074974278711
decision_type=2 2 2 2 2
left_child=4 -2 -3 -4 -1
right_child=1 2 3 -5 -6
leaf_value=0.02231080512913618 0.0087358380343553702 -0.027048112044579294 0.0070615661581128041 -0.017331272537805299 0.0055893489636271599
leaf_weight=3.7435423582792282 3.966773435473443 4.0171153396368027 3.6565116196870768 3.2299805283546448 3.5912961512804058
leaf_count=15 17 19 16 15 15
internal_value=0.000137141 -0.00925143 -0.0165419 -0.00511432 0.0176377
internal_weight=22.2052 14.8704 10.9036 6.88649 7.33484
internal_count=97 67 50 31 30
is_linear=0
shrinkage=0.035


Tree=17
num_leaves=5
num_cat=0
split_feature=22 23 7 18
split_gain=3.41194 4.26345 2.25062 1.95031
threshold=-0.010201983617184357 -0.1152962157619143 0.35386987681076737 -0.25540028299643242
decision_type=2 2 2 2
left_child=-1 2 -2 -3
right_child=1 3 -4 -5
leaf_value=0.020267388517599603 0.025565042774756058 0 -0.0068308905211925744 -0.030372025337477876
leaf_weight=5.496041968464854 3.5228877961635634 3.5129170715808904 3.3847857117652893 6.2485537379980016
leaf_count=23 15 15 15 29
internal_value=0.000136944 -0.0076793 0.011132 -0.0210667
internal_weight=22.1652 16.6691 6.90767 9.76147
internal_count=97 74 30 44
is_linear=0
shrinkage=0.035


Tree=18
num_leaves=5
num_cat=0
split_feature=16 22 23 19
split_gain=3.28902 2.03316 3.7637 0.101325
threshold=-0.3484215201346349 -1.0000000180025095e-35 -0.1152962157619143 -0.13722074974278711
decision_type=2 2 2 2
left_child=3 -2 -3 -1
right_child=1 2 -4 -5
leaf_value=0.021507984199404247 0.0085667450310445703 0.0024236486685042676 -0.034295281233364693 0.0053206071881519513
leaf_weight=3.7475874423980713 4.0868235826492301 5.9398308098316193 4.7543284296989423 3.5995729863643673
leaf_count=15 18 26 23 15
internal_value=0.000151615 -0.00892403 -0.0163184 0.0169744
internal_weight=22.1281 14.781 10.6942 7.34716
internal_count=97 67 49 30
is_linear=0
shrinkage=0.035


Tree=19
num_leaves=6
num_cat=0
split_feature=16 5 6 14 19
split_gain=3.13867 1.98755 0.962837 1.81609 0.0938975
threshold=-0.3484215201346349 -0.74221811807587368 1.0000000180025095e-35 0.34921527874139002 -0.13722074974278711
decision_type=2 2 2 2 2
left_child=4 -2 -3 -4 -1
right_child=1 2 3 -5 -6
leaf_value=0.021011475978674768 0.0088158676002168829 -0.026881371833109458 0.010221941212609751 -0.018288807452934239 0.0051972973840700189
leaf_weight=3.7491100579500198 3.9529291093349466 3.8634260892868006 3.3884620815515518 3.5231656283140182 3.6033836156129864
leaf_count=15 17 18 15 17 15
internal_value=0.000170323 -0.00871703 -0.0159333 -0.004565 0.0165913
internal_weight=22.0805 14.728 10.7751 6.91163 7.35249
internal_count=97 67 50 32 30
is_linear=0
shrinkage=0.035


Tree=20
num_leaves=5
num_cat=0
split_feature=22 23 7 18
split_gain=3.06234 4.00712 2.07889 1.79173
threshold=-0.010201983617184357 -0.1152962157619143 0.35386987681076737 -0.25540028299643242
decision_type=2 2 2 2
left_child=-1 2 -2 -3
right_child=1 3 -4 -5
leaf_value=0.019193905290532415 0.024681286878620465 0 -0.0064645260107373476 -0.029442509974098439
leaf_weight=5.5170536190271404 3.5427534282207533 3.5032911002635991 3.3630643337965012 6.1124772429466177
leaf_count=23 15 15 15 29
internal_value=0.000171257 -0.00728419 0.0108786 -0.0204074
internal_weight=22.0386 16.5216 6.90582 9.61577
internal_count=97 74 30 44
is_linear=0
shrinkage=0.035


Tree=21
num_leaves=5
num_cat=0
split_feature=16 22 23 19
split_gain=2.90955 1.94604 3.5339 0.0900773
threshold=-0.3484215201346349 1.0000000180025095e-35 -0.1152962157619143 -0.13722074974278711
decision_type=2 2 2 2
left_child=3 -2 -3 -1
right_child=1 2 -4 -5
leaf_value=0.020267551163915497 0.0086294772380445962 0.0023339357102384896 -0.03340250563006987 0.0049452772021411568
leaf_weight=3.7491829395294189 4.0756657868623707 5.9344056993722916 4.6268717348575592 3.6105397790670422
leaf_count=15 18 26 23 15
internal_value=0.00018176 -0.00840935 -0.0157297 0.0159746
internal_weight=21.9967 14.6369 10.5613 7.35972
internal_count=97 67 49 30
is_linear=0
shrinkage=0.035


Tree=22
num_leaves=5
num_cat=0
split_feature=22 23 7 18
split_gain=2.79838 3.73994 1.97622 1.68416
threshold=-0.010201983617184357 -0.1152962157619143 0.35386987681076737 -0.25540028299643242
decision_type=2 2 2 2
left_child=-1 2 -2 -3
right_child=1 3 -4 -5
leaf_value=0.018339837061203901 0.023933649832127146 0 -0.0063830271180749737 -0.028634233798197201
leaf_weight=5.5376911163330105 3.5615268945694014 3.4934113174676931 3.3588505834341049 5.9946390241384435
leaf_count=23 15 15 15 29
internal_value=0.000197508 -0.00696749 0.0104987 -0.0197738
internal_weight=21.9461 16.4084 6.92038 9.48805
internal_count=97 74 30 44
is_linear=0
shrinkage=0.035


Tree=23
num_leaves=6
num_cat=0
split_feature=16 8 4 19 19
split_gain=2.69472 1.94715 2.03148 1.57045 0.0864273
threshold=-0.3484215201346349 0.32683126615480634 0.88584949461307716 -0.2610385425339532 -0.13722074974278711
decision_type=2 2 2 2 2
left_child=4 3 -3 -2 -1
right_child=1 2 -4 -5 -6
leaf_value=0.019559947953070707 -0.00054293398069350492 0.018179626520539789 -0.011716044284413701 -0.031128180120475756 0.004705272728018922
leaf_weight=3.7470169514417648 4.0201632827520379 3.7871488928794861 3.324527770280838 3.404852315783498 3.6168691366910961
leaf_count=15 18 17 16 16 15
internal_value=0.000205195 -0.00809932 0.00412392 -0.0187545 0.0153879
internal_weight=21.9006 14.5367 7.11168 7.42502 7.36389
internal_count=97 67 33 34 30
is_linear=0
shrinkage=0.035


Tree=24
num_leaves=5
num_cat=0
split_feature=22 23 7 18
split_gain=2.59147 3.58627 1.84085 1.57771
threshold=-0.010201983617184357 -0.1152962157619143 0.35386987681076737 -0.25540028299643242
decision_type=2 2 2 2
left_child=-1 2 -2 -3
right_child=1 3 -4 -5
leaf_value=0.017622463640246971 0.023236498888436135 0 -0.0060409616806128535 -0.028016804749974634
leaf_weight=5.550176844000819 3.5776072144508406 3.4954592734575307 3.3389521241188049 5.905289590358727
leaf_count=23 15 15 15 29
internal_value=0.000186519 -0.00673412 0.0103293 -0.0193586
internal_weight=21.8675 16.3173 6.91656 9.40075
internal_count=97 74 30 44
is_linear=0
shrinkage=0.035


Tree=25
num_leaves=5
num_cat=0
split_feature=16 5 4 19
split_gain=2.50645 1.87584 1.01573 0.0829801
threshold=-0.3484215201346349 -0.74221811807587368 0.28272570575388462 -0.13722074974278711
decision_type=2 2 2 2
left_child=3 -2 -3 -1
right_child=1 2 -4 -5
leaf_value=0.018885175104020952 0.0091092118408676818 -0.023189279646056979 -0.0011394073151708337 0.0044757631288881369
leaf_weight=3.7428539395332336 3.906579241156579 5.5409114956855738 5.0064051449298859 3.6224623620510128
leaf_count=15 17 26 24 15
internal_value=0.000191964 -0.00784296 -0.0149914 0.0148281
internal_weight=21.8192 14.4539 10.5473 7.36532
internal_count=97 67 50 30
is_linear=0
shrinkage=0.035


Tree=26
num_leaves=5
num_cat=0
split_feature=22 23 7 18
split_gain=2.40131 3.48337 1.70471 1.50852
threshold=-0.010201983617184357 -0.1152962157619143 0.35386987681076737 -0.25540028299643242
decision_type=2 2 2 2
left_child=-1 2 -2 -3
right_child=1 3 -4 -5
leaf_value=0.016974352918716268 0.022660732465807801 0 -0.0055730035997426904 -0.027525572968194335
leaf_weight=5.5575246363878277 3.5874968767166182 3.488437488675121 3.3129003345966339 5.8322874307632375
leaf_count=23 15 15 15 29
internal_value=0.000208686 -0.00647994 0.0103094 -0.0189988
internal_weight=21.7786 16.2211 6.9004 9.32072
internal_count=97 74 30 44
is_linear=0
shrinkage=0.035


Tree=27
num_leaves=6
num_cat=0
split_feature=16 8 4 19 19
split_gain=2.3223 1.8315 1.89173 1.50792 0.0797352
threshold=-0.3484215201346349 0.32683126615480634 0.88584949461307716 -0.2610385425339532 -0.13722074974278711
decision_type=2 2 2 2 2
left_child=4 3 -3 -2 -1
right_child=1 2 -4 -5 -6
leaf_value=0.018240506330560586 -0.00023214182365650143 0.017732256774359537 -0.011193337809669053 -0.030222898072581036 0.0042557871158632318
leaf_weight=3.7369074523448944 3.9851573407650003 3.7957326471805573 3.2637056112289429 3.3193931281566593 3.6273866891860989
leaf_count=15 18 17 16 16 15
internal_value=0.000212369 -0.00755035 0.00426108 -0.0179919 0.0142929
internal_weight=21.7283 14.364 7.05944 7.30455 7.36429
internal_count=97 67 33 34 30
is_linear=0
shrinkage=0.035


Tree=28
num_leaves=5
num_cat=0
split_feature=16 5 4 19
split_gain=2.22692 1.7871 0.981718 0.0740834
threshold=-0.3484215201346349 -0.74221811807587368 0.28272570575388462 -0.13722074974278711
decision_type=2 2 2 2
left_child=3 -2 -3 -1
right_child=1 2 -4 -5
leaf_value=0.01783596820832084 0.0090786034057795378 -0.022555818271729557 -0.0008898924326481109 0.0041577232136321921
leaf_weight=3.733330249786377 3.8935956060886392 5.466904610395428 4.9684238433837891 3.6301117986440685
leaf_count=15 17 26 24 15
internal_value=0.000192056 -0.00741737 -0.0144647 0.0139818
internal_weight=21.6924 14.3289 10.4353 7.36344
internal_count=97 67 50 30
is_linear=0
shrinkage=0.035


Tree=29
num_leaves=5
num_cat=0
split_feature=22 23 7 18
split_gain=2.17717 3.39619 1.54012 1.40462
threshold=-0.010201983617184357 -0.1152962157619143 0.35386987681076737 -0.25540028299643242
decision_type=2 2 2 2
left_child=-1 2 -2 -3
right_child=1 3 -4 -5
leaf_value=0.016160433050224854 0.022014349079181421 0 -0.0049277305718543954 -0.026951708070982738
leaf_weight=5.5601663589477566 3.5956235975027129 3.4825927764177358 3.2735529839992523 5.7387735545635152
leaf_count=23 15 15 15 29
internal_value=0.000207434 -0.00619216 0.0103671 -0.0186445
internal_weight=21.6507 16.0905 6.86918 9.22137
internal_count=97 74 30 44
is_linear=0
shrinkage=0.035


Tree=30
num_leaves=5
num_cat=0
split_feature=16 22 23 19
split_gain=2.06393 1.73351 3.04544 0.0713157
threshold=-0.3484215201346349 1.0000000180025095e-35 -0.1152962157619143 -0.13722074974278711
decision_type=2 2 2 2
left_child=3 -2 -3 -1
right_child=1 2 -4 -5
leaf_value=0.017233522332743126 0.0087718607477143239 0.0022681421280673882 -0.031299767819485971 0.0039504294088015084
leaf_weight=3.7250098437070847 4.0383119732141468 5.895063579082489 4.3056134730577469 3.6342689692974117
leaf_count=15 18 26 23 15
internal_value=0.000208913 -0.00714268 -0.0142785 0.0134807
internal_weight=21.5983 14.239 10.2007 7.35928
internal_count=97 67 49 30
is_linear=0
shrinkage=0.035


Tree=31
num_leaves=5
num_cat=0
split_feature=22 23 7 18
split_gain=1.98922 3.17458 1.46658 1.3232
threshold=-0.010201983617184357 -0.1152962157619143 0.35386987681076737 -0.25540028299643242
decision_type=2 2 2 2
left_child=-1 2 -2 -3
right_child=1 3 -4 -5
leaf_value=0.015447719683809988 0.021372883768117971 0 -0.0048753394798398339 -0.026245236902208226
leaf_weight=5.5699782520532635 3.6075556427240381 3.4718094766139984 3.2706441134214401 5.6232938170433009
leaf_count=23 15 15 15 29
internal_value=0.000218868 -0.00592746 0.0100137 -0.0180881
internal_weight=21.5433 15.9733 6.8782 9.0951
internal_count=97 74 30 44
is_linear=0
shrinkage=0.035


Tree=32
num_leaves=6
num_cat=0
split_feature=16 8 4 19 19
split_gain=1.91598 1.72771 1.74777 1.4392 0.0686117
threshold=-0.3484215201346349 0.32683126615480634 0.88584949461307716 -0.2610385425339532 -0.13722074974278711
decision_type=2 2 2 2 2
left_child=4 3 -3 -2 -1
right_child=1 2 -4 -5 -6
leaf_value=0.016658098061609172 0 0.017373930308936886 -0.010549867748340172 -0.02924506950741125 0.0037530721431757296
leaf_weight=3.7154172360897064 3.9421596229076394 3.7936601340770721 3.1834883689880371 3.2165460884571049 3.6378416270017651
leaf_count=15 18 17 16 16 15
internal_value=0.000218396 -0.0068938 0.00453635 -0.0171652 0.0130027
internal_weight=21.4891 14.1359 6.97715 7.15871 7.35326
internal_count=97 67 33 34 30
is_linear=0
shrinkage=0.035


Tree=33
num_leaves=5
num_cat=0
split_feature=22 23 7 18
split_gain=1.84496 3.04593 1.36617 1.2407
threshold=-0.010201983617184357 -0.1152962157619143 0.35386987681076737 -0.25540028299643242
decision_type=2 2 2 2
left_child=-1 2 -2 -3
right_child=1 3 -4 -5
leaf_value=0.014857456817995386 0.020767481043481514 0 -0.0045878471240643013 -0.025707367787919079
leaf_weight=5.5728763192892101 3.6170578449964532 3.4726814180612564 3.2514511197805405 5.5368832945823634
leaf_count=23 15 15 15 29
internal_value=0.000196983 -0.00574135 0.00984487 -0.0177304
internal_weight=21.4509 15.8781 6.86851 9.00956
internal_count=97 74 30 44
is_linear=0
shrinkage=0.035


Tree=34
num_leaves=5
num_cat=0
split_feature=16 5 4 19
split_gain=1.78697 1.68745 1.00799 0.0660115
threshold=-0.3484215201346349 -0.74221811807587368 0.28272570575388462 -0.13722074974278711
decision_type=2 2 2 2
left_child=3 -2 -3 -1
right_child=1 2 -4 -5
leaf_value=0.016107163331030207 0.0092979612827316926 -0.021856301038375506 -0.00011726187833028371 0.0035643142910248655
leaf_weight=3.7047021985054016 3.8357048928737649 5.3611349463462794 4.8530721366405487 3.6408962309360531
leaf_count=15 17 26 24 15
internal_value=0.000194989 -0.00669353 -0.0136678 0.0125452
internal_weight=21.3955 14.0499 10.2142 7.3456
internal_count=97 67 50 30
is_linear=0
shrinkage=0.035


Tree=35
num_leaves=5
num_cat=0
split_feature=5 10 21 7
split_gain=1.72326 3.81315 2.26073 0.952444
threshold=-1.0653078299084529 0.063917970400513349 0.15831549875274664 1.0000000180025095e-35
decision_type=2 2 2 2
left_child=-1 2 -2 -3
right_child=1 3 -4 -5
leaf_value=0.017408232281866061 0.018910962545221278 -0.031772151203489259 -0.0084089442793954423 -0.0029454526068506686
leaf_weight=3.6598091870546368 6.4670799821615237 3.4054484814405432 4.719486728310585 3.1017679274082184
leaf_count=16 28 17 21 15
internal_value=0.000208721 -0.00448887 0.00745963 -0.0225714
internal_weight=21.3536 17.6938 11.1866 6.50722
internal_count=97 81 49 32
is_linear=0
shrinkage=0.035


Tree=36
num_leaves=5
num_cat=0
split_feature=22 23 7 18
split_gain=1.70541 2.92198 1.25548 1.1794
threshold=-0.010201983617184357 -0.1152962157619143 0.35386987681076737 -0.25540028299643242
decision_type=2 2 2 2
left_child=-1 2 -2 -3
right_child=1 3 -4 -5
leaf_value=0.014265532837674944 0.020117754624048145 0 -0.0042282551385407095 -0.025231667333776492
leaf_weight=5.5653347074985531 3.6182794719934472 3.4580244272947311 3.2297354638576508 5.4531886428594554
leaf_count=23 15 15 15 29
internal_value=0.000164069 -0.00556593 0.00968178 -0.0173914
internal_weight=21.3246 15.7592 6.84801 8.91121
internal_count=97 74 30 44
is_linear=0
shrinkage=0.035


Tree=37
num_leaves=5
num_cat=0
split_feature=5 10 21 7
split_gain=1.66077 3.61117 2.12088 0.928141
threshold=-1.0653078299084529 0.063917970400513349 0.15831549875274664 1.0000000180025095e-35
decision_type=2 2 2 2
left_child=-1 2 -2 -3
right_child=1 3 -4 -5
leaf_value=0.017042723960170786 0.01824468846590676 -0.031296634595463141 -0.0082182614610481416 -0.0028088778674754573
leaf_weight=3.6622710973024395 6.4676963686943072 3.3474436700344077 4.7021617442369461 3.0882847309112549
leaf_count=16 28 17 21 15
internal_value=0.000161662 -0.00446245 0.00714969 -0.0221557
internal_weight=21.2679 17.6056 11.1699 6.43573
internal_count=97 81 49 32
is_linear=0
shrinkage=0.035


Tree=38
num_leaves=5
num_cat=0
split_feature=22 23 7 18
split_gain=1.6136 2.75793 1.19224 1.12715
threshold=-0.010201983617184357 -0.1152962157619143 0.35386987681076737 -0.25540028299643242
decision_type=2 2 2 2
left_child=-1 2 -2 -3
right_child=1 3 -4 -5
leaf_value=0.013839212298350344 0.01949310737058434 0 -0.0041923225688678652 -0.024759196495179023
leaf_weight=5.5620678961277035 3.622270643711091 3.4509747624397278 3.2277461141347885 5.3736089020967448
leaf_count=23 15 15 15 29
internal_value=0.000117848 -0.00546913 0.00931401 -0.0170301
internal_weight=21.2367 15.6746 6.85002 8.82458
internal_count=97 74 30 44
is_linear=0
shrinkage=0.035


Tree=39
num_leaves=5
num_cat=0
split_feature=5 10 21 7
split_gain=1.60122 3.42198 1.99054 0.904993
threshold=-1.0653078299084529 0.063917970400513349 0.15831549875274664 1.0000000180025095e-35
decision_type=2 2 2 2
left_child=-1 2 -2 -3
right_child=1 3 -4 -5
leaf_value=0.016689523789958628 0.017607901427327141 -0.030839089546416145 -0.0080322340658488395 -0.0026772650038337023
leaf_weight=3.6635259389877346 6.4657802879810351 3.2897979468107215 4.68486388027668 3.0749695152044296
leaf_count=16 28 17 21 15
internal_value=0.000115285 -0.00443749 0.00685291 -0.0217543
internal_weight=21.1789 17.5154 11.1506 6.36477
internal_count=97 81 49 32
is_linear=0
shrinkage=0.035


Tree=40
num_leaves=5
num_cat=0
split_feature=5 10 21 7
split_gain=1.53332 3.28252 1.88837 0.876602
threshold=-1.0653078299084529 0.063917970400513349 0.15831549875274664 1.0000000180025095e-35
decision_type=2 2 2 2
left_child=-1 2 -2 -3
right_child=1 3 -4 -5
leaf_value=0.01627406510372021 0.017120839595731723 -0.030409900569395725 -0.0078464693018794589 -0.0026221018388592507
leaf_weight=3.6763807833194759 6.4737328588962573 3.2484199404716483 4.6754435300827026 3.071903184056282
leaf_count=16 28 17 21 15
internal_value=7.23055e-05 -0.00438913 0.00665051 -0.0214118
internal_weight=21.1459 17.4695 11.1492 6.32032
internal_count=97 81 49 32
is_linear=0
shrinkage=0.035


Tree=41
num_leaves=5
num_cat=0
split_feature=22 23 7 18
split_gain=1.52522 2.57331 1.12635 1.07049
threshold=-0.010201983617184357 -0.1152962157619143 0.35386987681076737 -0.25540028299643242
decision_type=2 2 2 2
left_child=-1 2 -2 -3
right_child=1 3 -4 -5
leaf_value=0.013389476524246881 0.018764878429637182 0 -0.004205523772614685 -0.024268976308586789
leaf_weight=5.5482417643070248 3.6193199604749688 3.4363414794206619 3.2279784679412842 5.2794365286827052
leaf_count=23 15 15 15 29
internal_value=3.00578e-05 -0.00541604 0.00883993 -0.0166653
internal_weight=21.1113 15.5631 6.8473 8.71578
internal_count=97 74 30 44
is_linear=0
shrinkage=0.035


Tree=42
num_leaves=5
num_cat=0
split_feature=5 10 17 7
split_gain=1.47963 3.1128 1.81088 0.855757
threshold=-1.0653078299084529 0.063917970400513349 -0.1612786384852932 1.0000000180025095e-35
decision_type=2 2 2 2
left_child=-1 2 -2 -3
right_child=1 3 -4 -5
leaf_value=0.015945764206896213 -0.0083609925024227504 -0.029979958276055933 0.016226532718096133 -0.0024958143568246348
leaf_weight=3.6757172346115139 4.3665412366390264 3.1915566623210898 6.7599353045225126 3.0588201284408569
leaf_count=16 20 17 29 15
internal_value=2.81051e-05 -0.00436633 0.00637359 -0.0210316
internal_weight=21.0526 17.3769 11.1265 6.25038
internal_count=97 81 49 32
is_linear=0
shrinkage=0.035


Tree=43
num_leaves=5
num_cat=0
split_feature=22 23 7 18
split_gain=1.44774 2.43994 1.09221 1.00131
threshold=-0.010201983617184357 -0.1152962157619143 0.35386987681076737 -0.25540028299643242
decision_type=2 2 2 2
left_child=-1 2 -2 -3
right_child=1 3 -4 -5
leaf_value=0.013008196545665485 0.018315225428514787 0 -0.004261079733394478 -0.023782679229117025
leaf_weight=5.5420889556407955 3.6200632154941568 3.4346759170293808 3.2306106239557266 5.1966430395841563
leaf_count=23 15 15 15 29
internal_value=0 -0.0053333 0.00851852 -0.0163556
internal_weight=21.0241 15.482 6.85067 8.63132
internal_count=97 74 30 44
is_linear=0
shrinkage=0.035


Tree=44
num_leaves=5
num_cat=0
split_feature=5 10 21 7
split_gain=1.42871 2.95221 1.74318 0.835846
threshold=-1.0653078299084529 0.063917970400513349 0.15831549875274664 1.0000000180025095e-35
decision_type=2 2 2 2
left_child=-1 2 -2 -3
right_child=1 3 -4 -5
leaf_value=0.01562694604782721 0.016201868256806643 -0.029565166103588107 -0.0077854842872309808 -0.0023739054761638761
leaf_weight=3.6740720719099071 6.4558750838041323 3.1354684084653845 4.6536483615636826 3.0459157973527908
leaf_count=16 28 17 21 15
internal_value=0 -0.00434715 0.00609855 -0.0206639
internal_weight=20.965 17.2909 11.1095 6.18138
internal_count=97 81 49 32
is_linear=0
shrinkage=0.035


Tree=45
num_leaves=5
num_cat=0
split_feature=22 23 16 7
split_gain=1.37351 2.30715 1.04375 1.03874
threshold=-0.010201983617184357 -0.1152962157619143 -0.3484215201346349 0.35386987681076737
decision_type=2 2 2 2
left_child=-1 3 -3 -2
right_child=1 2 -4 -5
leaf_value=0.012636262230930947 0.017769080170496759 0 -0.023250297691805238 -0.0042196120366754658
leaf_weight=5.5341946929693249 3.6185034960508355 3.1670341789722443 5.3805575966834986 3.227734699845314
leaf_count=23 15 13 31 15
internal_value=0 -0.00525057 -0.0160325 0.00819858
internal_weight=20.928 15.3938 8.54759 6.84624
internal_count=97 74 44 30
is_linear=0
shrinkage=0.035


Tree=46
num_leaves=5
num_cat=0
split_feature=5 10 17 7
split_gain=1.37214 2.79271 1.68935 0.817711
threshold=-1.0653078299084529 0.063917970400513349 -0.1612786384852932 1.0000000180025095e-35
decision_type=2 2 2 2
left_child=-1 2 -2 -3
right_child=1 3 -4 -5
leaf_value=0.015280355173029397 -0.0083701082741915993 -0.029132370519464261 0.015388385949829985 -0.002228364835287201
leaf_weight=3.6730947494506863 4.331895068287853 3.0758564919233313 6.7500562071800214 3.0310539752244949
leaf_count=16 20 17 29 15
internal_value=0 -0.00430886 0.00584015 -0.0202707
internal_weight=20.862 17.1889 11.082 6.10691
internal_count=97 81 49 32
is_linear=0
shrinkage=0.035


Tree=47
num_leaves=5
num_cat=0
split_feature=5 10 21 7
split_gain=1.31553 2.68067 1.6203 0.793081
threshold=-1.0653078299084529 0.063917970400513349 0.15831549875274664 1.0000000180025095e-35
decision_type=2 2 2 2
left_child=-1 2 -2 -3
right_child=1 3 -4 -5
leaf_value=0.014907151466894296 0.015429714513512837 -0.028745667021195607 -0.0076922880621468617 -0.0021824989777089214
leaf_weight=3.6831633299589184 6.4469729661941546 3.0357470512390128 4.6370030492544174 3.028511643409729
leaf_count=16 28 17 21 15
internal_value=0 -0.00426671 0.00565812 -0.0199622
internal_weight=20.8314 17.1482 11.084 6.06426
internal_count=97 81 49 32
is_linear=0
shrinkage=0.035


Tree=48
num_leaves=6
num_cat=0
split_feature=22 23 7 15 14
split_gain=1.30413 2.16415 1.00268 0.946084 1.76761
threshold=-0.010201983617184357 -0.1152962157619143 0.35386987681076737 -0.28064027768114852 -1.0000000180025095e-35
decision_type=2 2 2 2 2
left_child=-1 2 -2 -3 -5
right_child=1 3 -4 4 -6
leaf_value=0.012256738824175282 0.017245122429677181 -0.028056339389647755 -0.0043130672780467526 0.010665569721222545 -0.018970275296463945
leaf_weight=5.5148390531539944 3.6100123077631006 2.6111672073602676 3.2314707338809967 3.115269273519516 2.7099002301692927
leaf_count=23 15 14 15 14 16
internal_value=0 -0.00520793 0.00779639 -0.01573 -0.00377511
internal_weight=20.7927 15.2778 6.84148 8.43634 5.82517
internal_count=97 74 30 44 30
is_linear=0
shrinkage=0.035


Tree=49
num_leaves=6
num_cat=0
split_feature=14 5 7 10 19
split_gain=1.27006 2.14984 1.27376 3.08972 0.973368
threshold=-0.7708457463925128 -1.0653078299084529 0.82623746466367221 0.063917970400513349 -0.2610385425339532
decision_type=2 2 2 2 2
left_child=-1 -2 3 4 -3
right_child=1 2 -4 -5 -6
leaf_value=0.015523439804377998 0.014564640371231142 0.011660609439669357 0.0057576416624267497 -0.033081600724954738 -0.0095652236838345544
leaf_weight=3.1464409083128002 3.6798587143421235 3.1420183479785946 3.047310307621955 4.3242420554161072 3.4024976491928021
leaf_count=13 16 14 14 24 16
internal_value=0 -0.00401346 -0.0104688 -0.015614 0.000354961
internal_weight=20.7424 17.5959 13.9161 10.8688 6.54452
internal_count=97 84 68 54 30
is_linear=0
shrinkage=0.035


Tree=50
num_leaves=6
num_cat=0
split_feature=22 23 7 15 14
split_gain=1.23663 2.07771 0.96489 0.939675 1.64514
threshold=-0.010201983617184357 -0.1152962157619143 0.35386987681076737 -0.28064027768114852 -1.0000000180025095e-35
decision_type=2 2 2 2 2
left_child=-1 2 -2 -3 -5
right_child=1 3 -4 4 -6
leaf_value=0.011929828596133559 0.016899397781233463 -0.027770050972815225 -0.0042427311130102596 0.010255226451892013 -0.018412046998916794
leaf_weight=5.5029461979866054 3.6053442358970651 2.5787742435932159 3.2261653989553452 3.1235683113336563 2.6484628617763484
leaf_count=23 15 14 15 14 16
internal_value=0 -0.00510079 0.00762086 -0.0154768 -0.0035762
internal_weight=20.6853 15.1823 6.83151 8.35081 5.77203
internal_count=97 74 30 44 30
is_linear=0
shrinkage=0.035


Tree=51
num_leaves=5
num_cat=0
split_feature=5 10 17 17
split_gain=1.21298 2.37662 1.97266 1.55819
threshold=-1.0653078299084529 0.19235577532960516 -0.1612786384852932 0.43724550661745404
decision_type=2 2 2 2
left_child=-1 2 -2 -4
right_child=1 -3 3 -5
leaf_value=0.014234500617573994 -0.010950898830588938 -0.02176420269729783 0.024507515391498497 -0.0021465842916261451
leaf_weight=3.6754557043314007 4.7203856408596074 4.4210593253374091 4.1587236672639829 3.6589785665273666
leaf_count=16 22 25 18 16
internal_value=0 -0.00420936 0.00376207 0.0136017
internal_weight=20.6346 16.9591 12.5381 7.8177
internal_count=97 81 56 34
is_linear=0
shrinkage=0.035


Tree=52
num_leaves=6
num_cat=0
split_feature=22 23 7 15 10
split_gain=1.15993 2.0067 0.930494 0.914483 1.58397
threshold=-0.010201983617184357 -0.1152962157619143 0.35386987681076737 -0.28064027768114852 -1.0000000180025095e-35
decision_type=2 2 2 2 2
left_child=-1 2 -2 -3 -5
right_child=1 3 -4 4 -6
leaf_value=0.011528225240723489 0.016605080839527692 -0.027404347061765789 -0.004156000710069491 0.010450458894514974 -0.01771086894230426
leaf_weight=5.4885728955268887 3.6035790145397195 2.5486575961112976 3.2189252227544785 2.9811809957027435 2.747267678380009
leaf_count=23 15 14 15 13 17
internal_value=0 -0.00498945 0.00749311 -0.0152451 -0.00346416
internal_weight=20.5882 15.0996 6.8225 8.27711 5.72845
internal_count=97 74 30 44 30
is_linear=0
shrinkage=0.035


Tree=53
num_leaves=5
num_cat=0
split_feature=5 10 21 7
split_gain=1.16386 2.25019 1.51201 0.807811
threshold=-1.0653078299084529 0.063917970400513349 0.15831549875274664 1.0000000180025095e-35
decision_type=2 2 2 2
left_child=-1 2 -2 -3
right_child=1 3 -4 -5
leaf_value=0.01391265280814636 0.014414506555155556 -0.027744369717058608 -0.0079233433682889542 -0.0013935101211571081
leaf_weight=3.6701380908489254 6.4088735133409518 2.8774766325950614 4.6138580441474915 2.9627487361431122
leaf_count=16 28 17 21 15
internal_value=0 -0.00417126 0.00488038 -0.0188117
internal_weight=20.5331 16.863 11.0227 5.84023
internal_count=97 81 49 32
is_linear=0
shrinkage=0.035


Tree=54
num_leaves=5
num_cat=0
split_feature=15 1 16 6
split_gain=1.1179 3.30352 2.87523 2.99854
threshold=-0.38304036237173311 -1.0079849220897943 -0.54449684099908757 1.0000000180025095e-35
decision_type=2 2 2 2
left_child=-1 -2 -3 -4
right_child=1 2 3 -5
leaf_value=-0.010713068705870266 -0.018717787442113599 0.034017556988034686 -0.019161574305142516 0.01619470879635939
leaf_weight=6.0488225668668774 3.1969009041786203 3.3524409979581833 3.2772155106067622 4.6179021298885345
leaf_count=29 16 14 16 22
internal_value=0 0.00520587 0.0142013 8.13776e-05
internal_weight=20.4933 14.4445 11.2476 7.89512
internal_count=97 68 52 38
is_linear=0
shrinkage=0.035


Tree=55
num_leaves=5
num_cat=0
split_feature=5 10 17 17
split_gain=1.10595 2.15761 1.8078 1.45975
threshold=-1.0653078299084529 0.19235577532960516 -0.1612786384852932 0.43724550661745404
decision_type=2 2 2 2
left_child=-1 2 -2 -4
right_child=1 -3 3 -5
leaf_value=0.013513133421778461 -0.01061888907416381 -0.021023873441401868 0.023539772104434389 -0.0022277134198963964
leaf_weight=3.6735690832138088 4.6899423897266423 4.3091640770435324 4.1241551041603071 3.6469282358884811
leaf_count=16 22 25 18 16
internal_value=0 -0.00412097 0.00346045 0.0129291
internal_weight=20.4438 16.7702 12.461 7.77108
internal_count=97 81 56 34
is_linear=0
shrinkage=0.035


Tree=56
num_leaves=5
num_cat=0
split_feature=5 10 21 7
split_gain=1.0559 2.07349 1.42462 0.799487
threshold=-1.0653078299084529 0.063917970400513349 0.15831549875274664 1.0000000180025095e-35
decision_type=2 2 2 2
left_child=-1 2 -2 -3
right_child=1 3 -4 -5
leaf_value=0.013190433251295595 0.013931170600770365 -0.027150282968921857 -0.0077733146700549437 -0.0010793942506847935
leaf_weight=3.6805254369974163 6.375115633010866 2.8022291064262381 4.5968345403671265 2.9409152716398239
leaf_count=16 28 17 21 15
internal_value=0 -0.00403787 0.00463661 -0.0182051
internal_weight=20.3956 16.7151 10.972 5.74314
internal_count=97 81 49 32
is_linear=0
shrinkage=0.035


Tree=57
num_leaves=5
num_cat=0
split_feature=15 1 16 6
split_gain=1.05727 3.08452 2.66958 2.85906
threshold=-0.38304036237173311 -1.0079849220897943 -0.54449684099908757 1.0000000180025095e-35
decision_type=2 2 2 2
left_child=-1 -2 -3 -4
right_child=1 2 3 -5
leaf_value=-0.010467605327783371 -0.018159605035061629 0.032899870944104077 -0.018772631247380218 0.0158187863910468
leaf_weight=6.0186554044485119 3.1549857705831537 3.3263819664716721 3.2445436716079676 4.610554501414299
leaf_count=29 16 14 16 22
internal_value=0 0.00504955 0.0137583 8.79814e-05
internal_weight=20.3551 14.3365 11.1815 7.8551
internal_count=97 68 52 38
is_linear=0
shrinkage=0.035


Tree=58
num_leaves=6
num_cat=0
split_feature=22 23 7 15 16
split_gain=1.01655 1.92461 0.884168 0.879272 0.251586
threshold=-0.010201983617184357 -0.1152962157619143 0.35386987681076737 -0.28064027768114852 -0.081319952157522149
decision_type=2 2 2 2 2
left_child=-1 2 -2 -3 -5
right_child=1 3 -4 4 -6
leaf_value=0.010741100291814272 0.016306515047361421 -0.026938477630770893 -0.0039784008286928114 0.002102014561464209 -0.0089875588547952082
leaf_weight=5.414660349488261 3.5761327147483835 2.4921867847442627 3.1950642019510269 3.0603716671466827 2.5644475221633876
leaf_count=23 15 14 15 14 16
internal_value=0 -0.00480452 0.00741167 -0.0149648 -0.00329664
internal_weight=20.3029 14.8882 6.7712 8.11701 5.62482
internal_count=97 74 30 44 30
is_linear=0
shrinkage=0.035


Tree=59
num_leaves=5
num_cat=0
split_feature=5 10 17 17
split_gain=1.01623 1.98028 1.65701 1.36328
threshold=-1.0653078299084529 0.19235577532960516 -0.1612786384852932 0.43724550661745404
decision_type=2 2 2 2
left_child=-1 2 -2 -4
right_child=1 -3 3 -5
leaf_value=0.012881999521186321 -0.010267694571005353 -0.020385292686837225 0.022631645938107368 -0.0022573398575929963
leaf_weight=3.6675078868865993 4.6575412750244176 4.2130423784255973 4.0868009924888593 3.6330085843801498
leaf_count=16 22 25 18 16
internal_value=0 -0.00404637 0.00321207 0.0123242
internal_weight=20.2579 16.5904 12.3774 7.71981
internal_count=97 81 56 34
is_linear=0
shrinkage=0.035


Tree=60
num_leaves=5
num_cat=0
split_feature=15 1 16 6
split_gain=0.970947 2.91166 2.48941 2.72125
threshold=-0.38304036237173311 -1.0079849220897943 -0.54449684099908757 1.0000000180025095e-35
decision_type=2 2 2 2
left_child=-1 -2 -3 -4
right_child=1 2 3 -5
leaf_value=-0.01009240641150173 -0.017786668403856797 0.031848415452892222 -0.018386391616189861 0.015420323285106709
leaf_weight=5.9711389988660839 3.1202231496572503 3.2980239391326904 3.2171696573495829 4.6019646972417831
leaf_count=29 16 14 16 22
internal_value=0 0.00482168 0.0133118 6.41101e-05
internal_weight=20.2085 14.2374 11.1172 7.81913
internal_count=97 68 52 38
is_linear=0
shrinkage=0.035


Tree=61
num_leaves=6
num_cat=0
split_feature=5 10 10 14 7
split_gain=0.961257 1.88683 1.32495 1.5608 0.782455
threshold=-1.0653078299084529 0.063917970400513349 -0.18128147537320741 -0.64160793580013942 1.0000000180025095e-35
decision_type=2 2 2 2 2
left_child=-1 2 3 -2 -3
right_child=1 4 -4 -5 -6
leaf_value=0.012517218625721071 0.0097108391165830581 -0.026531507455344262 0.017213656917044354 -0.016480794572659881 -0.00079831958347843736
leaf_weight=3.6679614633321789 3.3352124392986333 2.7092110812664023 3.7543580085039121 3.7734073251485825 2.9138587713241577
leaf_count=16 14 17 17 18 15
internal_value=0 -0.00395718 0.00433124 -0.00418186 -0.0175933
internal_weight=20.154 16.486 10.863 7.10862 5.62307
internal_count=97 81 49 32 32
is_linear=0
shrinkage=0.035


Tree=62
num_leaves=5
num_cat=0
split_feature=19 13 2 20
split_gain=0.954402 1.33926 1.00872 0.878695
threshold=-0.2610385425339532 0.60809971776230254 1.0000000180025095e-35 1.0000000180025095e-35
decision_type=2 2 2 2
left_child=2 3 -1 -2
right_child=1 -3 -4 -5
leaf_value=-0.0012349130911084212 -0.021502813480407012 0.0082742265968996573 0.018974811145845288 0
leaf_weight=5.7865578383207339 4.2697966098785383 3.3206324875354767 3.1291118413209915 3.6102615743875504
leaf_count=29 20 16 14 18
internal_value=0 -0.00643273 0.00755411 -0.013582
internal_weight=20.1164 11.2007 8.91567 7.88006
internal_count=97 54 43 38
is_linear=0
shrinkage=0.035


Tree=63
num_leaves=6
num_cat=0
split_feature=22 23 15 7 16
split_gain=0.938268 1.84628 0.849592 0.832925 0.227562
threshold=-0.010201983617184357 -0.1152962157619143 -0.28064027768114852 0.35386987681076737 -0.081319952157522149
decision_type=2 2 2 2 2
left_child=-1 3 -3 -2 -4
right_child=1 2 4 -5 -6
leaf_value=0.010323004840426154 0.015945455053717861 -0.02649911575112238 0.0019482912899700486 -0.0037815074283797322 -0.0086056870415582003
leaf_weight=5.3665932267904308 3.5527908951044092 2.4517960175871849 3.0371990948915482 3.1728578209877014 2.5222953930497134
leaf_count=23 15 14 14 15 16
internal_value=0 -0.00466582 -0.0146906 0.00730382 -0.00315544
internal_weight=20.1035 14.7369 8.01129 6.72565 5.55949
internal_count=97 74 44 30 30
is_linear=0
shrinkage=0.035


Tree=64
num_leaves=5
num_cat=0
split_feature=5 10 17 17
split_gain=0.922803 1.82999 1.49671 1.26926
threshold=-1.0653078299084529 0.19235577532960516 -0.1612786384852932 0.43724550661745404
decision_type=2 2 2 2
left_child=-1 2 -2 -4
right_child=1 -3 3 -5
leaf_value=0.012248584830000174 -0.0097805939411834356 -0.019768953085180445 0.021739056403376329 -0.0022644443636465304
leaf_weight=3.6562303751707104 4.6146557778120076 4.1161467730998984 4.0519081354141218 3.6196368932723999
leaf_count=16 22 25 18 16
internal_value=0 -0.0039135 0.00305485 0.0117445
internal_weight=20.0586 16.4023 12.2862 7.67155
internal_count=97 81 56 34
is_linear=0
shrinkage=0.035


Tree=65
num_leaves=5
num_cat=0
split_feature=7 5 10 17
split_gain=0.9037 1.65149 2.66328 1.8529
threshold=0.82623746466367221 -0.74221811807587368 0.063917970400513349 -0.1612786384852932
decision_type=2 2 2 2
left_child=1 -1 3 -3
right_child=-2 2 -4 -5
leaf_value=0.0095885960857703192 0.011712642528369 -0.014051788400261831 -0.029764051019723139 0.014288344963874988
leaf_weight=5.1487700790166899 3.9527542591094962 3.0850605070591008 3.5313416346907616 4.2905595898628199
leaf_count=23 18 15 22 19
internal_value=0 -0.00401041 -0.0113278 0.00140551
internal_weight=20.0085 16.0557 10.907 7.37562
internal_count=97 79 56 34
is_linear=0
shrinkage=0.035


Tree=66
num_leaves=5
num_cat=0
split_feature=19 4 16 2
split_gain=0.905378 1.34902 2.2365 0.939643
threshold=-0.2610385425339532 0.28272570575388462 -0.45612720178928651 1.0000000180025095e-35
decision_type=2 2 2 2
left_child=3 2 -2 -1
right_child=1 -3 -4 -5
leaf_value=-0.0011713287654999583 0.0045058447946232146 0.0080216654802257939 -0.027284548064576763 0.018369225764071948
leaf_weight=5.716152526438238 3.6400149017572403 3.5133590176701546 3.9709342271089536 3.1196168214082718
leaf_count=29 15 18 21 14
internal_value=0 -0.00630699 -0.0137605 0.00736037
internal_weight=19.9601 11.1243 7.61095 8.83577
internal_count=97 54 36 43
is_linear=0
shrinkage=0.035


Tree=67
num_leaves=5
num_cat=0
split_feature=15 1 16 4
split_gain=0.891189 2.67283 2.25796 2.5068
threshold=-0.38304036237173311 -1.0079849220897943 -0.54449684099908757 0.28272570575388462
decision_type=2 2 2 2
left_child=-1 -2 -3 -4
right_child=1 2 3 -5
leaf_value=-0.0097425330785400159 -0.017187756421971522 0.030507129705528852 -0.014878147100807719 0.017493274223378694
leaf_weight=5.8839192241430309 3.0479296669363984 3.2566884458065033 4.1627407968044245 3.5771342217922211
leaf_count=29 16 14 20 18
internal_value=0 0.00462626 0.012791 6.38791e-05
internal_weight=19.9284 14.0445 10.9966 7.73988
internal_count=97 68 52 38
is_linear=0
shrinkage=0.035


Tree=68
num_leaves=5
num_cat=0
split_feature=19 4 16 10
split_gain=0.861954 1.28015 2.08783 0.924258
threshold=-0.2610385425339532 0.28272570575388462 -0.45612720178928651 0.063917970400513349
decision_type=2 2 2 2
left_child=3 2 -2 -1
right_child=1 -3 -4 -5
leaf_value=0.014141664655078981 0.0041846216460546936 0.0077586266959506333 -0.026635065072536802 -0.005283985312957297
leaf_weight=5.7715631574392336 3.6338265091180801 3.5269848704338074 3.9027010351419431 3.0421113520860672
leaf_count=26 15 18 21 17
internal_value=0 -0.00614395 -0.0134633 0.00721405
internal_weight=19.8772 11.0635 7.53653 8.81367
internal_count=97 54 36 43
is_linear=0
shrinkage=0.035


Tree=69
num_leaves=4
num_cat=0
split_feature=15 1 2
split_gain=0.854873 2.55619 2.15817
threshold=-0.38304036237173311 -1.0079849220897943 -0.44835678073393748
decision_type=2 2 2
left_child=-1 -2 -3
right_child=1 2 -4
leaf_value=-0.009545214634833139 -0.016851081409167298 0.02595375388788498 -0.0014905641275183964
leaf_weight=5.8656680732965496 3.0170057862997064 4.9228179529309273 6.0311103612184489
leaf_count=29 16 23 29
internal_value=0 0.00454953 0.0125408
internal_weight=19.8366 13.9709 10.9539
internal_count=97 68 52
is_linear=0
shrinkage=0.035


Tree=70
num_leaves=5
num_cat=0
split_feature=7 5 10 17
split_gain=0.841048 1.54817 2.47888 1.68385
threshold=0.82623746466367221 -0.74221811807587368 0.063917970400513349 -0.1612786384852932
decision_type=2 2 2 2
left_child=1 -1 3 -3
right_child=-2 2 -4 -5
leaf_value=0.0092469262559197411 0.011268239809214353 -0.013473373482515103 -0.029040875811612233 0.013629478487805092
leaf_weight=5.1182893216609964 3.9552893042564383 3.0600698292255402 3.4355462193489075 4.2368441820144653
leaf_count=23 18 15 22 19
internal_value=0 -0.00391872 -0.011076 0.00124544
internal_weight=19.806 15.8507 10.7325 7.29691
internal_count=97 79 56 34
is_linear=0
shrinkage=0.035


Tree=71
num_leaves=6
num_cat=0
split_feature=22 23 18 7 12
split_gain=0.823285 2.09919 0.995893 0.813153 0.543409
threshold=1.0000000180025095e-35 -0.1152962157619143 -0.057802515635719816 0.35386987681076737 0.178836647775487
decision_type=2 2 2 2 2
left_child=4 3 -3 -2 -1
right_child=1 2 -4 -5 -6
leaf_value=-0.00053384039774010002 0.015872706155749726 -0.00024810762745645855 -0.026823468475815373 -0.0036849449879018678 0.015760941999052435
leaf_weight=3.4927852749824551 3.5147191435098657 3.268362134695054 3.1645799130201304 3.1443179547786713 3.1719109863042831
leaf_count=16 15 15 21 15 15
internal_value=0 -0.00506972 -0.017205 0.0073134 0.0084633
internal_weight=19.7567 13.092 6.43294 6.65904 6.6647
internal_count=97 66 36 30 31
is_linear=0
shrinkage=0.035


Tree=72
num_leaves=5
num_cat=0
split_feature=5 7 0 10
split_gain=0.809046 1.69632 2.29688 0.785215
threshold=-1.0653078299084529 -0.14998888356566462 1.0000000180025095e-35 -0.18128147537320741
decision_type=2 2 2 2
left_child=-1 -2 -3 -4
right_child=1 2 3 -5
leaf_value=0.011437528617132882 -0.019506812592869162 0.016488799478030405 -0.018640780585254934 0.0012218551328311358
leaf_weight=3.6307702511549023 3.8264583349227967 5.7970384210348076 3.0738912150263822 3.3876590505242312
leaf_count=16 21 27 15 18
internal_value=0 -0.00375118 0.00284498 -0.00977934
internal_weight=19.7158 16.085 12.2586 6.46155
internal_count=97 81 60 33
is_linear=0
shrinkage=0.035


Tree=73
num_leaves=5
num_cat=0
split_feature=19 4 16 2
split_gain=0.807339 1.22167 1.9402 0.903281
threshold=-0.2610385425339532 0.28272570575388462 -0.45612720178928651 1.0000000180025095e-35
decision_type=2 2 2 2
left_child=3 2 -2 -1
right_child=1 -3 -4 -5
leaf_value=-0.0014370473770526637 0.0038083321932193088 0.0075311840067271091 -0.026040859490838616 0.017728622114252416
leaf_weight=5.6192439496517199 3.6205958873033524 3.5191215127706528 3.8263682797551137 3.1144783496856689
leaf_count=29 15 18 21 14
internal_value=0 -0.00603521 -0.013239 0.00693827
internal_weight=19.6998 10.9661 7.44696 8.73372
internal_count=97 54 36 43
is_linear=0
shrinkage=0.035


Tree=74
num_leaves=5
num_cat=0
split_feature=22 23 7 0
split_gain=0.795762 1.71311 0.760781 0.748396
threshold=-0.010201983617184357 -0.1152962157619143 0.35386987681076737 -1.0000000180025095e-35
decision_type=2 2 2 2
left_child=-1 2 -2 -3
right_child=1 3 -4 -5
leaf_value=0.009500994287917567 0.015406234601144512 0 -0.0035216382808615876 -0.020662675284379185
leaf_weight=5.2620851546525982 3.5037392675876626 2.988927774131299 3.1277543902397156 4.7845738977193797
leaf_count=23 15 16 15 28
internal_value=0 -0.00441153 0.00712319 -0.0142329
internal_weight=19.6671 14.405 6.63149 7.7735
internal_count=97 74 30 44
is_linear=0
shrinkage=0.035


Tree=75
num_leaves=5
num_cat=0
split_feature=13 10 1 2
split_gain=0.776898 1.68689 2.15046 1.16452
threshold=-0.28136110187326002 0.19235577532960516 0.66337469231550583 -1.0000000180025095e-35
decision_type=2 2 2 2
left_child=3 2 -2 -1
right_child=1 -3 -4 -5
leaf_value=-0.01791264024213049 -0.0031044958836233013 -0.011286083888561463 0.026203196367897471 0.0049807101227093194
leaf_weight=3.9105591550469398 4.7396624237298948 3.4338711500167838 4.2545431852340698 3.2809394598007229
leaf_count=21 22 21 18 15
internal_value=0 0.00493057 0.0125262 -0.00808583
internal_weight=19.6196 12.4281 8.99421 7.1915
internal_count=97 61 40 36
is_linear=0
shrinkage=0.035


end of trees

feature_importances:
Column_16=37
Column_7=35
Column_19=35
Column_5=34
Column_22=29
Column_23=29
Column_10=25
Column_14=13
Column_18=13
Column_17=12
Column_4=11
Column_15=10
Column_6=8
Column_21=8
Column_13=7
Column_1=6
Column_2=5
Column_8=3
Column_0=2
Column_12=1
Column_20=1

parameters:
[boosting: gbdt]
[objective: binary]
[metric: binary_logloss]
[tree_learner: serial]
[device_type: cpu]
[data_sample_strategy: bagging]
[data: ]
[valid: ]
[num_iterations: 600]
[learning_rate: 0.035]
[num_leaves: 48]
[num_threads: 0]
[seed: 42]
[deterministic: 0]
[force_col_wise: 0]
[force_row_wise: 0]
[histogram_pool_size: -1]
[max_depth: 8]
[min_data_in_leaf: 15]
[min_sum_hessian_in_leaf: 0.001]
[bagging_fraction: 1]
[pos_bagging_fraction: 1]
[neg_bagging_fraction: 1]
[bagging_freq: 0]
[bagging_seed: 400]
[bagging_by_query: 0]
[feature_fraction: 1]
[feature_fraction_bynode: 1]
[feature_fraction_seed: 30056]
[extra_trees: 0]
[extra_seed: 12879]
[early_stopping_round: 0]
[early_stopping_min_delta: 0]
[first_metric_only: 0]
[max_delta_step: 0]
[lambda_l1: 0.15]
[lambda_l2: 2]
[linear_lambda: 0]
[min_gain_to_split: 0]
[drop_rate: 0.1]
[max_drop: 50]
[skip_drop: 0.5]
[xgboost_dart_mode: 0]
[uniform_drop: 0]
[drop_seed: 17869]
[top_rate: 0.2]
[other_rate: 0.1]
[min_data_per_group: 100]
[max_cat_threshold: 32]
[cat_l2: 10]
[cat_smooth: 10]
[max_cat_to_onehot: 4]
[top_k: 20]
[monotone_constraints: ]
[monotone_constraints_method: basic]
[monotone_penalty: 0]
[feature_contri: ]
[forcedsplits_filename: ]
[refit_decay_rate: 0.9]
[cegb_tradeoff: 1]
[cegb_penalty_split: 0]
[cegb_penalty_feature_lazy: ]
[cegb_penalty_feature_coupled: ]
[path_smooth: 0]
[interaction_constraints: ]
[verbosity: -1]
[saved_feature_importance_type: 0]
[use_quantized_grad: 0]
[num_grad_quant_bins: 4]
[quant_train_renew_leaf: 0]
[stochastic_rounding: 1]
[linear_tree: 0]
[max_bin: 255]
[max_bin_by_feature: ]
[min_data_in_bin: 3]
[bin_construct_sample_cnt: 200000]
[data_random_seed: 175]
[is_enable_sparse: 1]
[enable_bundle: 1]
[use_missing: 1]
[zero_as_missing: 0]
[feature_pre_filter: 1]
[pre_partition: 0]
[two_round: 0]
[header: 0]
[label_column: ]
[weight_column: ]
[group_column: ]
[ignore_column: ]
[categorical_feature: ]
[forcedbins_filename: ]
[precise_float_parser: 0]
[parser_config_file: ]
[objective_seed: 16083]
[num_class: 1]
[is_unbalance: 0]
[scale_pos_weight: 1]
[sigmoid: 1]
[boost_from_average: 1]
[reg_sqrt: 0]
[alpha: 0.9]
[fair_c: 1]
[poisson_max_delta_step: 0.7]
[tweedie_variance_power: 1.5]
[lambdarank_truncation_level: 30]
[lambdarank_norm: 1]
[label_gain: ]
[lambdarank_position_bias_regularization: 0]
[eval_at: ]
[multi_error_top_k: 1]
[auc_mu_weights: ]
[num_machines: 1]
[local_listen_port: 12400]
[time_out: 120]
[machine_list_filename: ]
[machines: ]
[gpu_platform_id: -1]
[gpu_device_id: -1]
[gpu_device_id_list: ]
[gpu_use_dp: 0]
[num_gpu: 1]

end of parameters

pandas_categorical:null
