tree
version=v4
num_class=1
num_tree_per_iteration=1
label_index=0
max_feature_idx=42
objective=binary sigmoid:1
feature_names=Column_0 Column_1 Column_2 Column_3 Column_4 Column_5 Column_6 Column_7 Column_8 Column_9 Column_10 Column_11 Column_12 Column_13 Column_14 Column_15 Column_16 Column_17 Column_18 Column_19 Column_20 Column_21 Column_22 Column_23 Column_24 Column_25 Column_26 Column_27 Column_28 Column_29 Column_30 Column_31 Column_32 Column_33 Column_34 Column_35 Column_36 Column_37 Column_38 Column_39 Column_40 Column_41 Column_42
feature_infos=[-1.5217877052179161:4.7676104281786573] [-1.2570597629903322:6.1223519736906669] [-1.4625152726640669:4.4878249272295845] [-1.4427164614050212:4.6862183459438587] [-1.9308238345435615:6.0093423040214011] [-1.4469433961293612:4.8882114978070108] [-2.1053103621375926:3.4399859986843286] [-1.4339139626219966:5.3565973512170286] [-2.1439690435986898:3.0779915713934605] [-2.4596913109890983:2.7897964390204928] [-4.6726200140291008:1.6094184437036814] [-2.0690489592506549:2.9724223327270853] [-2.2813728690963928:2.165578853649385] [-2.4539146103320437:2.7559070314274967] [-2.0720638978644526:3.0093373274019877] [-1.2029583639918988:1.447757522324121] [-1.6429321834761736:1.3315535152861755] [-1.8907048763383136:0.71625588630086534] [-1.3522468075656255:0.73950997288745135] [-2.1352798046328831:2.6000429653948656] [-2.5246628115386027:2.9375470229320948] [-2.2681045213122526:2.3616346046653369] [-2.5488863182976855:2.7471685663961258] [-2.1331697902694753:2.7269507510677693] [-2.6524172423736734:3.8216485390346917] [-2.2473904005747922:2.903748720868069] [-2.4960807068888338:3.7477596619467919] [-2.26208110695109:3.0733547949268787] [-3.4244085886930251:2.6379366611614072] [-2.2334827718776213:2.9606632092331289] [-2.3127557079825132:2.3529158547563878] [-2.6016839799570954:2.0655044636253348] [-3.4455522393379212:2.9566054518489588] [-2.7984106689297121:3.0282418337835484] [-3.2546242421288247:2.7716279101172918] [-2.2567188156080777:2.3239763149617594] [-2.5024851532981067:1.9681347842687567] [-0.73728746096442133:4.0965839718486716] [-0.84152599325429267:2.7806945864054882] [-0.83864462568130904:4.1932231284065455] [29:815] [29:815] none
tree_sizes=852 875 978 977 874 977 982 955 971 871 871 877 985 854 986 876 958 978 977 769 977 976 985 869 770 876 874 771 982 880 882 875 1083 780 981 981

Tree=0
num_leaves=7
num_cat=0
split_feature=26 5 21 21 37 11
split_gain=6.94748 7.52935 7.6982 4.71489 2.21277 0.228646
threshold=0.38569177103530111 0.0410289277133455 -0.44927843610677071 0.54280851945985586 1.0000000180025095e-35 0.16769343581112794
decision_type=2 2 2 2 2 2
left_child=1 3 -3 -1 5 -2
right_child=4 2 -4 -5 -6 -7
leaf_value=0.39936523013162378 0.36772478012531751 0.33760810119761309 0.37953287683948167 0.3686744213707227 0.34107410685286299 0.36006137608773559
leaf_weight=10.636363446712499 4.8347106575965899 6.0433883219957352 6.7685949206352216 7.9772725850343695 6.7685949206352225 4.8347106575965881
leaf_count=44 20 25 28 33 28 20
internal_value=0.367725 0.375909 0.359092 0.387562 0.352703 0.363867
internal_weight=47.8636 31.4256 12.812 18.6136 16.438 9.66942
internal_count=198 130 53 77 68 40
is_linear=0
shrinkage=1


Tree=1
num_leaves=7
num_cat=0
split_feature=26 5 21 22 21 5
split_gain=6.59673 7.17485 7.30555 4.58444 2.12844 0.0268525
threshold=0.38569177103530111 0.0410289277133455 -0.44927843610677071 -0.59164864351953794 1.0000000180025095e-35 -0.4098717764814141
decision_type=2 2 2 2 2 2
left_child=1 3 -3 -1 -2 -5
right_child=4 2 -4 5 -6 -7
leaf_value=0.00078599339136599031 -0.0032025746959213905 -0.029267341331585831 0.011539005402434233 0.038184486706232292 -0.025383380531775055 0.016203384725295117
leaf_weight=7.9674761742353466 9.2056056559085864 6.0752369463443756 6.7538515925407392 5.2878009825944927 7.2707910239696494 5.2934127002954474
leaf_count=33 38 25 28 22 30 22
internal_value=0 0.00797622 -0.00840708 0.0193881 -0.0146257 0.0310619
internal_weight=47.8542 31.3778 12.8291 18.5487 16.4764 10.5812
internal_count=198 130 53 77 68 44
is_linear=0
shrinkage=0.03


Tree=2
num_leaves=8
num_cat=0
split_feature=26 5 21 22 37 22 5
split_gain=6.28377 6.86579 6.93575 4.40769 2.1034 0.99233 0.0254929
threshold=0.38569177103530111 0.0410289277133455 -0.44927843610677071 -0.59164864351953794 1.0000000180025095e-35 1.0000000180025095e-35 -0.4098717764814141
decision_type=2 2 2 2 2 2 2
left_child=1 3 -3 -1 5 -2 -5
right_child=4 2 -4 6 -6 -7 -8
leaf_value=0.00076624661642530332 -0.011753872167812715 -0.028454329470408869 0.011276294049092854 0.037524075014476764 -0.025516689326753567 0.0047968799474910158 0.015864731057395078
leaf_weight=7.9663168340921429 4.8569650948047656 6.1037693172693253 6.7390369176864606 5.2464609295129803 6.8153333663940421 4.8404405415058136 5.2764925658702841
leaf_count=33 20 25 28 22 28 20 22
internal_value=0 0.0078113 -0.00818908 0.019006 -0.0142391 -0.00342085 0.0304968
internal_weight=47.8448 31.3321 12.8428 18.4893 16.5127 9.69741 10.523
internal_count=198 130 53 77 68 40 44
is_linear=0
shrinkage=0.03


Tree=3
num_leaves=8
num_cat=0
split_feature=26 5 28 22 37 22 5
split_gain=5.98831 6.57134 6.4009 4.23991 1.98645 0.947142 0.0253572
threshold=0.38569177103530111 0.0410289277133455 0.48580409746308389 -0.59164864351953794 1.0000000180025095e-35 1.0000000180025095e-35 -0.4098717764814141
decision_type=2 2 2 2 2 2 2
left_child=1 3 -3 -1 5 -2 -5
right_child=4 2 -4 6 -6 -7 -8
leaf_value=0.00074699105016864324 -0.011467062394294512 -0.02578382137069829 0.012375211220455585 0.036891969078219802 -0.024806857769958977 0.0046901515959653422 0.015534066845316935
leaf_weight=7.9651844948530224 4.8664622902870196 6.7994461804628354 6.0539083927869797 5.2026248425245312 6.8425347954034796 4.8362681865692139 5.2593366354703894
leaf_count=33 20 28 25 22 28 20 22
internal_value=0 0.0076519 -0.00797794 0.0186351 -0.0138673 -0.00332835 0.029951
internal_weight=47.8258 31.2805 12.8534 18.4271 16.5453 9.70273 10.462
internal_count=198 130 53 77 68 40 44
is_linear=0
shrinkage=0.03


Tree=4
num_leaves=7
num_cat=0
split_feature=26 5 21 21 21 22
split_gain=5.71015 6.28568 6.54122 4.14312 1.94413 0.128423
threshold=0.38569177103530111 0.0410289277133455 -0.44927843610677071 0.54280851945985586 1.0000000180025095e-35 0.21427275197734635
decision_type=2 2 2 2 2 2
left_child=1 3 -3 5 -2 -1
right_child=4 2 -4 -5 -6 -7
leaf_value=0.014902217321195751 -0.0026554823222902776 -0.027391060732649956 0.011142861377715642 0.00061306586882497571 -0.023716317420582757 0.036657690307580912
leaf_weight=5.2225092947483116 9.2353165447711962 6.1374783515930176 6.7307224124670011 7.9564274847507468 7.3392418026924124 5.1836582124233246
leaf_count=22 38 25 28 33 30 22
internal_value=0 0.00750059 -0.00775914 0.0182748 -0.0135075 0.0294963
internal_weight=47.8054 31.2308 12.8682 18.3626 16.5746 10.4062
internal_count=198 130 53 77 68 44
is_linear=0
shrinkage=0.03


Tree=5
num_leaves=8
num_cat=0
split_feature=26 7 16 37 22 22 2
split_gain=5.44313 5.38292 3.47904 1.89226 1.74661 0.861527 0.067844
threshold=0.38569177103530111 0.46695051514884434 0.65553403829473267 1.0000000180025095e-35 -0.59164864351953794 -1.0000000180025095e-35 -0.21863681672299559
decision_type=2 2 2 2 2 2 2
left_child=1 2 4 5 -1 -2 -6
right_child=3 -3 -4 -5 6 -7 -8
leaf_value=0.004765927754154237 -0.010715513420923946 -0.010984538699654468 -0.0032308100776797574 -0.023786562678634496 0.035642332745470955 0.004668481186140599 0.015349797250399496
leaf_weight=5.5426392704248491 4.8897354006767282 8.7398990988731367 5.9910201281309119 6.8779384195804587 4.9030598253011757 4.8353412896394738 5.9952621012926066
leaf_count=23 20 36 25 28 21 20 25
internal_value=0 0.00735044 0.0149855 -0.0131567 0.0216731 -0.0029303 0.0281708
internal_weight=47.7749 31.1719 22.432 16.603 16.441 9.72508 10.8983
internal_count=198 130 94 68 69 40 46
is_linear=0
shrinkage=0.03


Tree=6
num_leaves=8
num_cat=0
split_feature=26 5 22 32 37 22 6
split_gain=5.18809 5.84033 3.85506 3.72592 1.78981 0.822511 0.658473
threshold=0.38569177103530111 0.0410289277133455 -0.59164864351953794 -0.48159034526992134 1.0000000180025095e-35 -1.0000000180025095e-35 0.11942337525552851
decision_type=2 2 2 2 2 2 2
left_child=1 2 -1 -3 5 -2 -4
right_child=4 3 6 -5 -6 -7 -8
leaf_value=0.00060711149701298342 -0.010456826537787562 -0.021826931067720805 0.011887239249157366 0.0072047149887666077 -0.023142924349637679 0.0045645993783838198 0.036345581504246154
leaf_weight=7.9564487040042904 4.8973693549633035 6.3481488078832626 4.7272394299507159 6.5322121232748014 6.898541808128356 4.831222578883172 5.5576602667570114
leaf_count=33 20 26 20 27 28 20 24
internal_value=0 0.00719917 0.0176422 -0.00747069 -0.0128185 -0.00284957 0.0285568
internal_weight=47.7488 31.1217 18.2413 12.8804 16.6271 9.72859 10.2849
internal_count=198 130 77 53 68 40 44
is_linear=0
shrinkage=0.03


Tree=7
num_leaves=8
num_cat=0
split_feature=34 9 12 21 28 2 28
split_gain=4.17367 5.5661 5.29321 4.21193 3.25766 0.585655 0.542692
threshold=1.0390804163465337 0.21066959755006034 -0.82475865513380719 0.54280851945985586 0.33424546621672313 -0.50718542405728806 -0.15074215377163164
decision_type=2 2 2 2 2 2 2
left_child=1 3 -3 5 -4 -1 -5
right_child=-2 2 4 6 -6 -7 -8
leaf_value=0.032543619841157431 -0.018380566254012826 0.01515081196824066 -0.029439327603881477 0.0049433583045249401 0 0.012392214691777112 -0.0073330229290614925
leaf_weight=5.5669837594032279 7.5698905736207953 4.8674812763929394 7.0791825503110868 4.8414115756750107 5.8103692233562469 7.1356062591075924 4.8403312265872938
leaf_count=24 31 20 29 20 24 30 20
internal_value=0 0.00407677 -0.00789797 0.0137267 -0.0176909 0.0241505 -0.000817934
internal_weight=47.7113 40.1414 17.757 22.3843 12.8896 12.7026 9.68174
internal_count=198 167 73 94 53 54 40
is_linear=0
shrinkage=0.03


Tree=8
num_leaves=8
num_cat=0
split_feature=23 11 29 31 28 4 16
split_gain=3.96994 4.4973 7.09441 3.8323 3.6703 2.84995 2.41028
threshold=1.164769148495084 -0.69612553972764524 -1.0000000180025095e-35 -0.71258389564992075 0.48580409746308389 -0.50159392960186822 0.65553403829473267
decision_type=2 2 2 2 2 2 2
left_child=1 4 5 -4 -1 -3 -5
right_child=-2 2 3 6 -6 -7 -8
leaf_value=-0.02684592994978174 -0.021557843219717352 0.0044799921433657233 0.015558990060878122 -0.00014371049716600692 0.0044565069248294498 0.03452010375221945 -0.02557793759058722
leaf_weight=5.401939392089842 5.1372691839933387 5.4914488196372977 5.249332159757615 8.160818964242937 5.347173660993576 8.0349765419960004 4.8594036400318155
leaf_count=22 21 23 22 34 22 34 20
internal_value=0 0.00332976 0.00905317 -0.00298621 -0.0121457 0.0243884 -0.0117112
internal_weight=47.6824 42.5451 31.796 18.2696 10.7491 13.5264 13.0202
internal_count=198 177 133 76 44 57 54
is_linear=0
shrinkage=0.03


Tree=9
num_leaves=7
num_cat=0
split_feature=26 5 21 22 21 6
split_gain=4.68148 5.25572 6.00294 3.61246 1.76467 0.636853
threshold=0.38569177103530111 0.0410289277133455 -0.44927843610677071 -0.59164864351953794 1.0000000180025095e-35 0.11942337525552851
decision_type=2 2 2 2 2 2
left_child=1 3 -3 -1 -2 -5
right_child=4 2 -4 5 -6 -7
leaf_value=0.00040704391210368495 -0.0019105029852956516 -0.025760131142248267 0.011085590629615113 0.011297426825901799 -0.021785456908785715 0.03520378441023115
leaf_weight=7.9427636712789562 9.2662955671548861 6.1778592765331268 6.7240230292081815 4.6933415383100527 7.4035388976335517 5.4362615197896957
leaf_count=33 38 25 28 20 30 24
internal_value=0 0.0068787 -0.00698621 0.0168603 -0.0121375 0.027529
internal_weight=47.6441 30.9742 12.9019 18.0724 16.6698 10.1296
internal_count=198 130 53 77 68 44
is_linear=0
shrinkage=0.03


Tree=10
num_leaves=7
num_cat=0
split_feature=34 3 37 21 32 2
split_gain=3.83871 5.31308 5.14568 3.5417 2.10141 0.572574
threshold=1.0390804163465337 -0.3799795470666168 1.0000000180025095e-35 0.54280851945985586 -0.32351237758629475 -0.50718542405728806
decision_type=2 2 2 2 2 2
left_child=1 2 4 5 -1 -3
right_child=-2 3 -4 -5 -6 -7
leaf_value=-0.0056622931219352047 -0.01758386947883863 0.031397335551311134 -0.022775243455478884 -0.0001557462593606317 0.018655784375117015 0.011700494341433755
leaf_weight=4.8828173875808716 7.5952736735343924 5.4496450573205939 8.5664259642362577 9.2047170549631101 4.8157577514648455 7.0764533877372768
leaf_count=20 31 24 35 38 20 30
internal_value=0 0.00393535 -0.0074668 0.0136406 0.00675836 0.0231389
internal_weight=47.5911 39.9958 18.265 21.7308 9.69858 12.5261
internal_count=198 167 75 92 40 54
is_linear=0
shrinkage=0.03


Tree=11
num_leaves=7
num_cat=0
split_feature=26 39 20 4 21 12
split_gain=4.34663 4.98133 2.69302 4.35983 1.69578 0.522147
threshold=0.38569177103530111 0.67091570054504723 0.52507101270753687 -0.18398728405926945 1.0000000180025095e-35 0.55221165836875297
decision_type=2 2 2 2 2 2
left_child=1 2 3 5 -2 -1
right_child=4 -3 -4 -5 -6 -7
leaf_value=-0.00014908352577056898 -0.0016622378037653377 0.02577384175545994 0.014033849442514406 -0.021992430551246066 -0.021087540229150676 0.011909293398232063
leaf_weight=4.726948440074926 9.2753097116947192 7.4139970541000357 6.4721882641315451 7.5346079319715527 7.4223558604717246 4.7044136077165604
leaf_count=20 38 32 27 31 30 20
internal_value=0 0.00667335 -0.000314805 -0.0068088 -0.0116532 0.00612566
internal_weight=47.5498 30.8522 23.4382 16.966 16.6977 9.43136
internal_count=198 130 98 71 68 40
is_linear=0
shrinkage=0.03


Tree=12
num_leaves=8
num_cat=0
split_feature=26 39 28 5 36 37 22
split_gain=4.13989 4.76518 3.73225 4.77679 1.63888 1.61619 0.702573
threshold=0.38569177103530111 0.67091570054504723 0.48580409746308389 0.0410289277133455 -0.17804799277689851 1.0000000180025095e-35 1.0000000180025095e-35
decision_type=2 2 2 2 2 2 2
left_child=1 2 3 4 -1 6 -2
right_child=5 -3 -4 -5 -6 -7 -8
leaf_value=0.014455818138614383 -0.0091297123109841602 0.025274136301052953 0.015931415445015137 -0.026389057205959007 -0.0064043089375069098 -0.021091760677476694 0.0047366900649702393
leaf_weight=5.1742075979709687 4.9279879331588763 7.3641792684793463 6.9507463574409476 6.1428112089633933 5.1638046354055431 6.9500632882118216 4.8364012688398361
leaf_count=22 20 32 29 25 22 28 20
internal_value=0 0.00652669 -0.000290803 -0.00822446 0.00403818 -0.011359 -0.00201272
internal_weight=47.5102 30.7957 23.4316 16.4808 10.338 16.7145 9.76439
internal_count=198 130 98 69 44 68 40
is_linear=0
shrinkage=0.03


Tree=13
num_leaves=7
num_cat=0
split_feature=26 5 21 22 21 0
split_gain=3.93956 4.58358 5.5353 3.37097 1.58196 0.631104
threshold=0.38569177103530111 0.0410289277133455 -0.44927843610677071 -0.59164864351953794 1.0000000180025095e-35 -1.0000000180025095e-35
decision_type=2 2 2 2 2 2
left_child=1 3 -3 -1 -2 -5
right_child=4 2 -4 5 -6 -7
leaf_value=0 -0.0014358559961174949 -0.02452027756649084 0.010840872855221314 0.010485248728491192 -0.020163684848330084 0.033835598884271199
leaf_weight=7.913130626082423 9.2821560055017489 6.1988412886857986 6.7043525576591474 4.6442869305610683 7.4444188922643653 5.2701798975467673
leaf_count=33 38 25 28 20 30 24
internal_value=0 0.00637669 -0.0065149 0.0157992 -0.0110736 0.0262384
internal_weight=47.4574 30.7308 12.9032 17.8276 16.7266 9.91447
internal_count=198 130 53 77 68 44
is_linear=0
shrinkage=0.03


Tree=14
num_leaves=8
num_cat=0
split_feature=26 39 28 3 33 37 22
split_gain=3.76046 4.47168 3.57437 3.79468 2.29295 1.54393 0.637894
threshold=0.38569177103530111 0.67091570054504723 0.48580409746308389 -0.44549072671761442 0.31583463424461694 1.0000000180025095e-35 1.0000000180025095e-35
decision_type=2 2 2 2 2 2 2
left_child=1 2 3 -1 -5 6 -2
right_child=5 -3 -4 4 -6 -7 -8
leaf_value=-0.025629280982974862 -0.008523125714220826 0.024532181807940617 0.015580099033458509 -0.0083809691445309673 0.015937406228919249 -0.020284245385635596 0.0046844928754794426
leaf_weight=5.4084190875291887 4.9407253861427325 7.2735136151313773 6.9205969274044028 6.4008904099464434 4.6479691565036774 6.9649309366941443 4.8341726362705231
leaf_count=22 20 32 29 27 20 28 20
internal_value=0 0.00625587 -0.000325531 -0.00809099 0.00205322 -0.0107966 -0.00170491
internal_weight=47.3912 30.6514 23.3779 16.4573 11.0489 16.7398 9.7749
internal_count=198 130 98 69 47 68 40
is_linear=0
shrinkage=0.03


Tree=15
num_leaves=7
num_cat=0
split_feature=26 39 28 35 1 21
split_gain=3.5791 4.28321 3.40626 4.12102 2.23874 1.47734
threshold=0.38569177103530111 0.67091570054504723 0.48580409746308389 0.10099191336169119 -0.44189218742673309 1.0000000180025095e-35
decision_type=2 2 2 2 2 2
left_child=1 2 3 4 -1 -2
right_child=5 -3 -4 -5 -6 -7
leaf_value=0.015954585174996774 -0.0012246060173594004 0.024065836021963927 0.015236218465916378 -0.027317872987252433 -0.0077438412650921778 -0.019293496274199386
leaf_weight=4.6504447609186235 9.2874258756637591 7.2218778729438773 6.8986797928810111 4.8941809535026541 6.9180709868669537 7.461118444800376
leaf_count=20 38 32 29 20 29 30
internal_value=0 0.00611308 -0.000312602 -0.00789057 0.00206141 -0.010527
internal_weight=47.3318 30.5833 23.3614 16.4627 11.5685 16.7485
internal_count=198 130 98 69 49 68
is_linear=0
shrinkage=0.03


Tree=16
num_leaves=8
num_cat=0
split_feature=26 5 21 21 37 22 22
split_gain=3.40668 4.19649 5.16526 3.24853 1.47559 0.578686 0.347287
threshold=0.38569177103530111 0.0410289277133455 -0.44927843610677071 0.54280851945985586 1.0000000180025095e-35 -1.0000000180025095e-35 0.21427275197734635
decision_type=2 2 2 2 2 2 2
left_child=1 3 -3 6 5 -2 -1
right_child=4 2 -4 -5 -6 -7 -8
leaf_value=0.01151591483092977 -0.007951266845128941 -0.023713627036230193 0.010467133226130926 0 -0.019520221786011305 0.0046280867793707754 0.032716358249518906
leaf_weight=4.9798577427864128 4.9511925131082544 6.2009145021438599 6.6721861213445646 7.8832822889089575 6.975723832845687 4.8317330330610284 4.7767893075942993
leaf_count=22 20 25 28 33 28 20 22
internal_value=0 0.00597217 -0.00633665 0.0150609 -0.0102658 -0.0014173 0.025405
internal_weight=47.2717 30.513 12.8731 17.6399 16.7586 9.78293 9.75665
internal_count=198 130 53 77 68 40 44
is_linear=0
shrinkage=0.03


Tree=17
num_leaves=8
num_cat=0
split_feature=23 3 22 27 28 37 28
split_gain=3.20067 3.54492 6.24098 4.47501 4.01688 5.82481 1.57938
threshold=1.164769148495084 -0.3799795470666168 -0.59164864351953794 -0.87486777246281799 0.48580409746308389 1.0000000180025095e-35 1.0000000180025095e-35
decision_type=2 2 2 2 2 2 2
left_child=1 4 3 -3 5 -1 -4
right_child=-2 2 6 -5 -6 -7 -8
leaf_value=0.0040471151778145023 -0.019256778497665616 0.009675315913336641 0.03037236296401339 -0.024162116712038433 0.0091142427516312085 -0.03655971874832168 0.0060354218623148454
leaf_weight=5.1078447848558444 5.1749272793531409 6.2608176320791245 8.3493720889091474 4.8759942650794983 6.9534387886524192 5.1783930361270905 5.2962053269147882
leaf_count=21 21 26 37 20 29 21 23
internal_value=0 0.00305194 0.0101664 -0.00577433 -0.00685021 -0.0179377 0.022856
internal_weight=47.197 42.0221 24.7824 11.1368 17.2397 10.2862 13.6456
internal_count=198 177 106 46 71 42 60
is_linear=0
shrinkage=0.03


Tree=18
num_leaves=8
num_cat=0
split_feature=26 39 28 5 21 10 37
split_gain=3.18261 3.93277 3.18802 3.79975 1.72242 1.43108 3.59134
threshold=0.38569177103530111 0.67091570054504723 0.48580409746308389 0.0410289277133455 0.87350417131539804 0.52933613026705351 1.0000000180025095e-35
decision_type=2 2 2 2 2 2 2
left_child=1 2 3 4 -1 6 -2
right_child=5 -3 -4 -5 -6 -7 -8
leaf_value=0.013684889014207459 0.011070492309663602 0.023148510405053089 0.014741417584536811 -0.023787096346885767 -0.0078165023537768181 -0.020837066288319519 -0.019007211750707475
leaf_weight=5.4106187522411435 6.3379304856061953 7.096685215830802 6.8570163846015921 6.1795327961444846 4.8251646012067795 5.4314992874860755 4.9895953088998795
leaf_count=24 26 32 29 25 20 22 20
internal_value=0 0.00579407 -0.000337035 -0.00767742 0.00333428 -0.00991353 -0.00238389
internal_weight=47.128 30.369 23.2723 16.4153 10.2358 16.759 11.3275
internal_count=198 130 98 69 44 68 46
is_linear=0
shrinkage=0.03


Tree=19
num_leaves=6
num_cat=0
split_feature=34 16 14 22 32
split_gain=3.07505 4.30605 5.02213 2.78014 2.46995
threshold=1.0390804163465337 0.65553403829473267 -0.87853632469569831 -0.59164864351953794 -0.48159034526992134
decision_type=2 2 2 2 2
left_child=1 2 -1 -4 -3
right_child=-2 4 3 -5 -6
leaf_value=-0.009337660373797985 -0.015703306696740416 -0.022903120665510163 0.0019179535134744628 0.026067633563601936 0.0011943170423111434
leaf_weight=7.1153596490621558 7.6066337078809729 5.3324257582426071 7.459013685584071 12.129514321684839 7.4046950191259366
leaf_count=29 31 22 31 54 31
internal_value=0 0.00357041 0.0103541 0.0179468 -0.00982283
internal_weight=47.0476 39.441 26.7039 19.5885 12.7371
internal_count=198 167 114 85 53
is_linear=0
shrinkage=0.03


Tree=20
num_leaves=8
num_cat=0
split_feature=23 13 21 0 21 36 1
split_gain=2.92382 3.34201 5.75418 4.74637 3.84752 1.69691 0.0880124
threshold=1.164769148495084 0.30610608713457249 -1.0000000180025095e-35 0.58701049245034709 -0.44927843610677071 -0.17804799277689851 -0.49909692957154711
decision_type=2 2 2 2 2 2 2
left_child=1 2 6 5 -3 -4 -1
right_child=-2 4 3 -5 -6 -7 -8
leaf_value=0.012381248757544891 -0.018421616099260921 -0.020398372550973994 0.0183839389444512 -0.021954923942403556 0.0075679644495519234 -0.0023121608362353732 0.031341086249181027
leaf_weight=5.0869560092687607 5.1839281767606726 8.1145907640457136 5.8918974697589874 5.3819051980972281 6.6908324360847464 5.45544376969338 5.1770586371421796
leaf_count=23 21 33 25 22 28 23 23
internal_value=0 0.00289628 0.0091088 -0.00171601 -0.00785837 0.00885865 0.0252313
internal_weight=46.9826 41.7987 26.9933 16.7292 14.8054 11.3473 10.264
internal_count=198 177 116 70 61 48 46
is_linear=0
shrinkage=0.03


Tree=21
num_leaves=8
num_cat=0
split_feature=23 13 21 0 21 36 1
split_gain=2.78952 3.18393 5.53727 4.51761 3.65511 1.62656 0.08356
threshold=1.164769148495084 0.30610608713457249 -1.0000000180025095e-35 0.58701049245034709 -0.44927843610677071 -0.17804799277689851 -0.49909692957154711
decision_type=2 2 2 2 2 2 2
left_child=1 2 6 5 -3 -4 -1
right_child=-2 4 3 -5 -6 -7 -8
leaf_value=0.012130032491921565 -0.017974527555449326 -0.019858254330716928 0.018003600241857345 -0.021400748498392668 0.0073915415350962969 -0.0022569703578358851 0.030829157549850293
leaf_weight=5.0678957253694534 5.1906882971525183 8.1258580535650236 5.86793053150177 5.3942814022302619 6.6809678673744193 5.457824990153318 5.1307443976402265
leaf_count=23 21 33 25 22 28 23 23
internal_value=0 0.00284113 0.00891991 -0.00167931 -0.00764605 0.00865023 0.0247968
internal_weight=46.9162 41.7255 26.9187 16.72 14.8068 11.3258 10.1986
internal_count=198 177 116 70 61 48 46
is_linear=0
shrinkage=0.03


Tree=22
num_leaves=8
num_cat=0
split_feature=26 39 23 22 22 10 36
split_gain=2.71847 3.63924 1.92407 2.73731 2.85186 1.33693 1.39193
threshold=0.38569177103530111 0.67091570054504723 1.0000000180025095e-35 1.0000000180025095e-35 -0.90826062032188537 0.52933613026705351 0.68113813557526559
decision_type=2 2 2 2 2 2 2
left_child=1 2 3 4 -1 6 -2
right_child=5 -3 -4 -5 -6 -7 -8
leaf_value=-0.010251149540971213 -0.01173529918310352 0.022247066020162225 0.013361362114988536 -0.017845094755656422 0.01706315517312771 -0.019667769739196265 0.0068513023087344973
leaf_weight=5.0583934038877549 5.4194476306438464 6.9550551772117606 5.0468450784683219 7.4311921745538703 5.5950756669044521 5.4476092159748069 5.8907164186239243
leaf_count=21 22 32 22 31 24 22 24
internal_value=0 0.00538299 -0.000490019 -0.00538915 0.00393577 -0.00915828 -0.00191768
internal_weight=46.8443 30.0866 23.1315 18.0847 10.6535 16.7578 11.3102
internal_count=198 130 98 76 45 68 46
is_linear=0
shrinkage=0.03


Tree=23
num_leaves=7
num_cat=0
split_feature=34 16 14 32 25 9
split_gain=2.79571 4.04386 4.39984 2.3658 1.52691 0.40211
threshold=1.0390804163465337 0.65553403829473267 -0.87853632469569831 -0.48159034526992134 -0.47668632757880885 -0.16112784864388166
decision_type=2 2 2 2 2 2
left_child=1 2 -1 -3 -4 -6
right_child=-2 3 4 -5 5 -7
leaf_value=-0.0083494334521506171 -0.014975499851132367 -0.022360133909590279 0.0012217258111176178 0.0012218832462581146 0.028987098542734128 0.011860871266309688
leaf_weight=7.1274118721485129 7.6002930700778952 5.3243676871061325 5.08084209263325 7.3901082724332792 6.3260455578565606 7.9364710748195657
leaf_count=29 31 22 22 31 29 34
internal_value=0 0.0034178 0.0100385 -0.00954879 0.017215 0.0218734
internal_weight=46.7855 39.1852 26.4708 12.7145 19.3434 14.2625
internal_count=198 167 114 53 85 63
is_linear=0
shrinkage=0.03


Tree=24
num_leaves=6
num_cat=0
split_feature=34 16 14 22 1
split_gain=2.65686 3.85887 4.21131 2.56351 2.28935
threshold=1.0390804163465337 0.65553403829473267 -0.87853632469569831 -0.59164864351953794 -0.29888033206469872
decision_type=2 2 2 2 2
left_child=1 2 -1 -4 -3
right_child=-2 4 3 -5 -6
leaf_value=-0.0081383972874011102 -0.014586730527587889 0.0019406534638995675 0.0015288390296519202 0.024790332972392252 -0.021082838501157813
leaf_weight=7.131694793701171 7.6086206734180442 6.8876308351755142 7.4214352369308498 11.839776128530504 5.8378879725933057
leaf_count=29 31 29 31 54 24
internal_value=0 0.00333993 0.00982647 0.0168746 -0.00930905
internal_weight=46.727 39.1184 26.3929 19.2612 12.7255
internal_count=198 167 114 85 53
is_linear=0
shrinkage=0.03


Tree=25
num_leaves=7
num_cat=0
split_feature=23 3 22 37 36 28
split_gain=2.52781 2.81799 5.34676 3.66933 3.66129 1.22447
threshold=1.164769148495084 -0.3799795470666168 -0.2462537597351592 1.0000000180025095e-35 -0.17804799277689851 1.0000000180025095e-35
decision_type=2 2 2 2 2 2
left_child=1 3 4 -1 -3 -4
right_child=-2 2 5 -5 -6 -7
leaf_value=0.0064906519785839249 -0.017101678628516376 0.01382334470720816 0.031694832011102028 -0.019035754066043797 -0.015033745592502087 0.0071890475489113136
leaf_weight=8.8641483187675494 5.196886718273162 5.0897204279899588 6.0475284606218338 8.3130070865154249 8.2307713776826859 4.9113355129957199
leaf_count=37 21 22 28 34 34 22
internal_value=0 0.00271398 0.00915892 -0.00607844 -0.00331959 0.0233817
internal_weight=46.6534 41.4565 24.2794 17.1772 13.3205 10.9589
internal_count=198 177 106 71 56 50
is_linear=0
shrinkage=0.03


Tree=26
num_leaves=7
num_cat=0
split_feature=25 5 28 15 0 14
split_gain=2.46344 3.88518 4.40034 2.41577 1.55879 0.807874
threshold=-0.47668632757880885 -0.29714660043272412 0.48580409746308389 -0.63494781692418012 0.32063598327119808 -0.38289051955103465
decision_type=2 2 2 2 2 2
left_child=3 4 5 -1 -2 -3
right_child=1 2 -4 -5 -6 -7
leaf_value=-0.018384326621430868 0.027404582513516539 -0.019468930017593537 0.014149192879319259 0.0026113385470563476 0.0031857633154488106 -0.0020909772636540087
leaf_weight=8.8277093321084994 5.8118496239185351 6.8824704885482815 6.7810559868812552 7.9941197037696829 5.1483782976865768 5.136409953236579
leaf_count=36 27 28 29 34 22 22
internal_value=0 0.00517126 -0.00295095 -0.0086823 0.0182628 -0.0135421
internal_weight=46.582 29.7602 18.7999 16.8218 10.9602 12.0189
internal_count=198 128 79 70 49 50
is_linear=0
shrinkage=0.03


Tree=27
num_leaves=6
num_cat=0
split_feature=34 16 14 22 27
split_gain=2.42734 3.60636 3.88493 2.39222 2.24373
threshold=1.0390804163465337 0.65553403829473267 -0.87853632469569831 -0.59164864351953794 -0.28796982325624154
decision_type=2 2 2 2 2
left_child=1 2 -1 -4 -3
right_child=-2 4 3 -5 -6
leaf_value=-0.0077023468823078055 -0.013929826758902596 -0.019669439474267518 0.0015057568497484244 0.02408067067983171 0.0030609680775570305
leaf_weight=7.1285789757966986 7.6067150682210913 6.5072401911020279 7.4123034030199078 11.657621100544931 6.2085313796997053
leaf_count=29 31 27 31 54 26
internal_value=0 0.00321425 0.00952412 0.0163474 -0.00899722
internal_weight=46.521 38.9143 26.1985 19.0699 12.7158
internal_count=198 167 114 85 53
is_linear=0
shrinkage=0.03


Tree=28
num_leaves=8
num_cat=0
split_feature=23 3 21 2 37 1 30
split_gain=2.31177 2.58794 4.64669 4.30005 3.47756 0.742523 0.619061
threshold=1.164769148495084 -0.3799795470666168 1.0000000180025095e-35 -0.82692847542772008 1.0000000180025095e-35 -0.49909692957154711 -0.73244759802256298
decision_type=2 2 2 2 2 2 2
left_child=1 4 5 -4 -1 -3 -5
right_child=-2 2 3 6 -6 -7 -8
leaf_value=0.0064385134263866741 -0.016334701908752459 0.0089869711062736148 -0.020202866177626618 0.016321440453161695 -0.018415450925504347 0.032502981045887773 0.00046649855909965853
leaf_weight=8.8420164436101931 5.2003731429576865 4.6588308811187744 5.3979210406541815 4.6726168990135175 8.312325105071066 4.4769482016563433 4.8877040445804596
leaf_count=37 21 22 22 20 34 21 21
internal_value=0 0.00261705 0.00882964 -0.00143587 -0.0057955 0.0240338 0.00992068
internal_weight=46.4487 41.2484 24.094 14.9582 17.1543 9.13578 9.56032
internal_count=198 177 106 63 71 43 41
is_linear=0
shrinkage=0.03


Tree=29
num_leaves=7
num_cat=0
split_feature=34 16 14 22 27 7
split_gain=2.27327 3.40694 3.63717 2.26397 2.11927 0.270686
threshold=1.0390804163465337 0.65553403829473267 -0.87853632469569831 -0.59164864351953794 -0.28796982325624154 -1.0000000180025095e-35
decision_type=2 2 2 2 2 2
left_child=1 2 -1 -4 -3 -5
right_child=-2 4 3 5 -6 -7
leaf_value=-0.0073552339676727458 -0.013475837583557951 -0.019084934113833042 0.0014754004506616629 0.028233413076384096 0.0029889198140667871 0.0093990033762981033
leaf_weight=7.1296965330839148 7.6011482477188101 6.5207491815090179 7.4029100090265301 7.1936994940042505 6.1957329064607602 4.3299264609813699
leaf_count=29 31 27 31 35 26 19
internal_value=0 0.00312461 0.00928684 0.0159295 -0.00872744 0.0235148
internal_weight=46.3739 38.7727 26.0562 18.9265 12.7165 11.5236
internal_count=198 167 114 85 53 54
is_linear=0
shrinkage=0.03


Tree=30
num_leaves=7
num_cat=0
split_feature=25 37 11 38 12 31
split_gain=2.21547 3.94813 3.49465 2.76437 1.88441 0.423281
threshold=-0.47668632757880885 1.0000000180025095e-35 -0.2403912595008636 1.0000000180025095e-35 0.71991898424139622 -0.35451917378777675
decision_type=2 2 2 2 2 2
left_child=3 4 -3 -1 5 -2
right_child=1 2 -4 -5 -6 -7
leaf_value=-0.018353598994503499 0.0082073170521636193 -0.018549946227430714 0.0085404929388170348 0.0041296270008847301 -0.00015194315275016918 0.026888506673185625
leaf_weight=9.080794960260393 4.8234965652227393 7.5332691669464111 6.5618184059858304 7.7064533978700629 4.6066921949386588 5.9877792745828655
leaf_count=37 21 31 30 33 20 26
internal_value=0 0.00495248 -0.00594513 -0.00821209 0.0149135 0.0210566
internal_weight=46.3003 29.5131 14.0951 16.7872 15.418 10.8113
internal_count=198 128 61 70 67 47
is_linear=0
shrinkage=0.03


Tree=31
num_leaves=7
num_cat=0
split_feature=34 16 2 32 22 39
split_gain=2.15063 3.23306 3.34714 2.16702 2.03827 0.424409
threshold=1.0390804163465337 0.65553403829473267 0.73669303188378343 -0.48159034526992134 -0.59164864351953794 1.0000000180025095e-35
decision_type=2 2 2 2 2 2
left_child=1 2 4 -3 -1 -6
right_child=-2 3 -4 -5 5 -7
leaf_value=0.0013875855399932832 -0.013087189130781114 -0.020754984993543207 -0.0075320159458020985 0.0017320658070262211 0.010642351985344394 0.0292399505337857
leaf_weight=7.3967203497886684 7.5985324233770362 5.3306428492069244 6.6271639019250861 7.3911151736974698 6.2219403386116046 5.6864700168371201
leaf_count=31 31 22 27 31 28 28
internal_value=0 0.00306502 0.00909303 -0.00846378 0.0152201 0.0222481
internal_weight=46.2526 38.6541 25.9323 12.7218 19.3051 11.9084
internal_count=198 167 114 53 87 56
is_linear=0
shrinkage=0.03


Tree=32
num_leaves=9
num_cat=0
split_feature=28 14 36 21 22 31 39 36
split_gain=2.09908 3.34649 4.34223 4.7619 4.17426 2.643 1.04231 0.174037
threshold=0.75860963370653323 -0.38289051955103465 -0.17804799277689851 -0.44927843610677071 0.21427275197734635 0.84314558554422259 -1.0000000180025095e-35 -0.94454184172177535
decision_type=2 2 2 2 2 2 2 2
left_child=1 4 7 -4 -1 -5 -2 -3
right_child=6 2 3 5 -6 -7 -8 -9
leaf_value=0.0029685146377041618 0.00012482600151850348 0.023007075148459191 0.013696749095142574 -0.030824914690489487 -0.03133307284125425 -0.0011433649796772733 0.018861825805104752 0.0073477200586712426
leaf_weight=4.8243193775415403 5.5926613658666611 4.3446372151374817 5.2162828296422932 5.0057016015052831 5.6372154057025909 5.5785318315029144 5.1833548396825773 4.7946232408285123
leaf_count=20 23 20 24 21 23 23 23 21
internal_value=0 -0.00348979 0.0024236 -0.00674198 -0.0166247 -0.0177612 0.0108297 0.01755
internal_weight=46.1773 35.4013 24.9398 15.8005 10.4615 10.5842 10.776 9.13926
internal_count=198 152 109 68 43 44 46 41
is_linear=0
shrinkage=0.03


Tree=33
num_leaves=6
num_cat=0
split_feature=25 37 11 38 28
split_gain=2.06282 3.7426 3.20431 2.57542 1.80927
threshold=-0.47668632757880885 1.0000000180025095e-35 -0.2403912595008636 1.0000000180025095e-35 -1.0000000180025095e-35
decision_type=2 2 2 2 2
left_child=3 4 -3 -1 -2
right_child=1 2 -4 -5 -6
leaf_value=-0.017677313828252949 0.022929202626766766 -0.017842976228969146 0.0081447163210871427 0.0040203463222701725 0.0015605348050836884
leaf_weight=9.0831580758094805 8.3405817747116071 7.5289723873138428 6.4979413300752622 7.6839266270399085 6.9728010743856457
leaf_count=37 37 31 30 33 30
internal_value=0 0.00482797 -0.00579399 -0.00789175 0.0145633
internal_weight=46.1074 29.3403 14.0269 16.7671 15.3134
internal_count=198 128 61 70 67
is_linear=0
shrinkage=0.03


Tree=34
num_leaves=8
num_cat=0
split_feature=23 20 13 36 21 8 16
split_gain=2.10952 2.63717 3.09437 3.26194 3.16474 3.14071 1.43145
threshold=1.164769148495084 0.93473675029283909 0.30610608713457249 -0.68327184537046526 -1.0000000180025095e-35 -0.90914816983839131 0.38512624749815538
decision_type=2 2 2 2 2 2 2
left_child=1 2 4 -4 -1 -6 -7
right_child=-2 -3 3 -5 5 6 -8
leaf_value=0.018543361277829996 -0.015545201323258047 0.017201159790378794 -0.028481461324939939 0.0019660539289460895 -0.019029885671478352 -0.0042220214536947479 0.015600275242380267
leaf_weight=7.9919786900281897 5.1940214633941642 7.3393475860357276 4.8659235686063766 5.2740775793790799 5.4013522714376423 4.6665610820055043 5.3196097910404205
leaf_count=38 21 32 20 22 22 20 23
internal_value=0 0.00257533 -0.00105538 -0.0139169 0.00478441 -0.00301877 0.00647321
internal_weight=46.0529 40.8589 33.5195 10.14 23.3795 15.3875 9.98617
internal_count=198 177 145 42 103 65 43
is_linear=0
shrinkage=0.03


Tree=35
num_leaves=8
num_cat=0
split_feature=23 20 13 36 21 2 36
split_gain=2.00931 2.51913 2.94548 3.1164 3.02794 2.99156 1.06949
threshold=1.164769148495084 0.93473675029283909 0.30610608713457249 -0.68327184537046526 -1.0000000180025095e-35 -0.82692847542772008 -0.17804799277689851
decision_type=2 2 2 2 2 2 2
left_child=1 2 4 -4 -1 -6 -7
right_child=-2 -3 3 -5 5 6 -8
leaf_value=0.018175268507894641 -0.015181327682541927 0.016826466027355758 -0.027819223549653167 0.0019204853780085264 -0.018570278507595333 0.014250671648590082 -0.0028402999632061157
leaf_weight=7.940386399626731 5.1948968172073355 7.3115241676568976 4.8679756224155426 5.2728532999753934 5.4060327708721134 5.2462200969457591 4.7245373725891184
leaf_count=38 21 32 20 22 22 23 20
internal_value=0 0.00250571 -0.00103987 -0.0135854 0.00466585 -0.00295011 0.00631681
internal_weight=45.9644 40.7695 33.458 10.1408 23.3172 15.3768 9.97076
internal_count=198 177 145 42 103 65 43
is_linear=0
shrinkage=0.03


end of trees

feature_importances:
Column_21=27
Column_22=26
Column_26=16
Column_5=15
Column_37=15
Column_28=14
Column_36=10
Column_16=9
Column_23=9
Column_34=8
Column_39=8
Column_14=7
Column_2=6
Column_1=5
Column_3=5
Column_32=5
Column_0=4
Column_11=4
Column_13=4
Column_25=4
Column_12=3
Column_20=3
Column_27=3
Column_31=3
Column_4=2
Column_6=2
Column_7=2
Column_9=2
Column_10=2
Column_38=2
Column_8=1
Column_15=1
Column_29=1
Column_30=1
Column_33=1
Column_35=1

parameters:
[boosting: gbdt]
[objective: binary]
[metric: binary_logloss]
[tree_learner: serial]
[device_type: cpu]
[data_sample_strategy: bagging]
[data: ]
[valid: ]
[num_iterations: 900]
[learning_rate: 0.03]
[num_leaves: 96]
[num_threads: 2]
[seed: 42]
[deterministic: 0]
[force_col_wise: 1]
[force_row_wise: 0]
[histogram_pool_size: -1]
[max_depth: 10]
[min_data_in_leaf: 20]
[min_sum_hessian_in_leaf: 0.001]
[bagging_fraction: 0.85]
[pos_bagging_fraction: 1]
[neg_bagging_fraction: 1]
[bagging_freq: 0]
[bagging_seed: 400]
[bagging_by_query: 0]
[feature_fraction: 0.8]
[feature_fraction_bynode: 1]
[feature_fraction_seed: 30056]
[extra_trees: 0]
[extra_seed: 12879]
[early_stopping_round: 0]
[early_stopping_min_delta: 0]
[first_metric_only: 0]
[max_delta_step: 0]
[lambda_l1: 0.2]
[lambda_l2: 1.5]
[linear_lambda: 0]
[min_gain_to_split: 0]
[drop_rate: 0.1]
[max_drop: 50]
[skip_drop: 0.5]
[xgboost_dart_mode: 0]
[uniform_drop: 0]
[drop_seed: 17869]
[top_rate: 0.2]
[other_rate: 0.1]
[min_data_per_group: 100]
[max_cat_threshold: 32]
[cat_l2: 10]
[cat_smooth: 10]
[max_cat_to_onehot: 4]
[top_k: 20]
[monotone_constraints: ]
[monotone_constraints_method: basic]
[monotone_penalty: 0]
[feature_contri: ]
[forcedsplits_filename: ]
[refit_decay_rate: 0.9]
[cegb_tradeoff: 1]
[cegb_penalty_split: 0]
[cegb_penalty_feature_lazy: ]
[cegb_penalty_feature_coupled: ]
[path_smooth: 0]
[interaction_constraints: ]
[verbosity: -1]
[saved_feature_importance_type: 0]
[use_quantized_grad: 0]
[num_grad_quant_bins: 4]
[quant_train_renew_leaf: 0]
[stochastic_rounding: 1]
[linear_tree: 0]
[max_bin: 255]
[max_bin_by_feature: ]
[min_data_in_bin: 3]
[bin_construct_sample_cnt: 200000]
[data_random_seed: 175]
[is_enable_sparse: 1]
[enable_bundle: 1]
[use_missing: 1]
[zero_as_missing: 0]
[feature_pre_filter: 1]
[pre_partition: 0]
[two_round: 0]
[header: 0]
[label_column: ]
[weight_column: ]
[group_column: ]
[ignore_column: ]
[categorical_feature: ]
[forcedbins_filename: ]
[precise_float_parser: 0]
[parser_config_file: ]
[objective_seed: 16083]
[num_class: 1]
[is_unbalance: 0]
[scale_pos_weight: 1]
[sigmoid: 1]
[boost_from_average: 1]
[reg_sqrt: 0]
[alpha: 0.9]
[fair_c: 1]
[poisson_max_delta_step: 0.7]
[tweedie_variance_power: 1.5]
[lambdarank_truncation_level: 30]
[lambdarank_norm: 1]
[label_gain: ]
[lambdarank_position_bias_regularization: 0]
[eval_at: ]
[multi_error_top_k: 1]
[auc_mu_weights: ]
[num_machines: 1]
[local_listen_port: 12400]
[time_out: 120]
[machine_list_filename: ]
[machines: ]
[gpu_platform_id: -1]
[gpu_device_id: -1]
[gpu_device_id_list: ]
[gpu_use_dp: 0]
[num_gpu: 1]

end of parameters

pandas_categorical:null
