tree
version=v4
num_class=1
num_tree_per_iteration=1
label_index=0
max_feature_idx=42
objective=binary sigmoid:1
feature_names=Column_0 Column_1 Column_2 Column_3 Column_4 Column_5 Column_6 Column_7 Column_8 Column_9 Column_10 Column_11 Column_12 Column_13 Column_14 Column_15 Column_16 Column_17 Column_18 Column_19 Column_20 Column_21 Column_22 Column_23 Column_24 Column_25 Column_26 Column_27 Column_28 Column_29 Column_30 Column_31 Column_32 Column_33 Column_34 Column_35 Column_36 Column_37 Column_38 Column_39 Column_40 Column_41 Column_42
feature_infos=[-1.3627635828973106:8.7958038078577481] [-0.64732033093125807:11.79038161519061] [-0.82363027356672824:12.25584189203753] [-1.3436719867478415:8.3358565555465436] [-0.65614670353319093:12.609412643499761] [-1.0619272170414593:10.36689916047008] [-2.5520765602575222:5.1890182450254274] [-1.108783734789202:8.9860080461247467] [-2.3880611107221075:6.2267545642177877] [-2.8569561265722814:3.8927122928334428] [-6.4498584439451943:1.5649654442150491] [-2.7114197693700732:4.1787312484681705] [-3.7816846470632219:1.504885873673711] [-2.8251064715692342:4.0264435114192443] [-2.6874923432568449:4.3099138611956631] [-1.6948092602929534:1.7010747289077097] [-1.5143049787765439:1.5173559626155833] [-3.3066132523473999:0.82601791469093433] [-1.8170270503179868:0.55034953927900543] [-2.5589297145399699:2.4603549963555134] [-2.7480839991895381:3.9705335742904282] [-2.5963444301543817:3.2203614208593052] [-2.9370783863644672:3.1448807343455392] [-1.9013560235351592:2.6278043841240386] [-2.4364666382738518:2.7668756750845875] [-2.5799490453071368:3.8268275537832426] [-3.2912190516677038:2.4648251194831983] [-3.5167878564344237:2.8404974602807358] [-2.4342753271972435:3.5689345328308435] [-2.4481006522777213:2.7392452959099054] [-2.6000387136294711:3.5126094498381786] [-2.5390441450411432:2.5291944316939818] [-3.0446717739068854:3.5329656633079884] [-3.2265374619377245:4.8126574882940849] [-2.8973230245036712:2.2669470703581882] [-3.5128980295019381:3.0605768393432937] [-3.177165811098364:2.9339595890831167] [-1.0784309092343145:2.5977298002310842] [-0.94996316391191749:4.157973689662084] [-1.0109889009174793:2.4280653938352854] [74:809] [74:809] [0:1]
tree_sizes=1159 1284 1291 1302 1266 1184 1164 1393

Tree=0
num_leaves=10
num_cat=0
split_feature=20 12 12 30 32 32 22 3 22
split_gain=7.78037 7.01262 9.40308 4.68422 4.49013 4.37527 2.58015 0.919259 0.376771
threshold=-0.22860240913455046 0.73736116239446736 -0.5126908289411688 0.60537434770112541 0.14137135974406911 0.50108590709175749 0.77967440962498136 -0.1568353212604898 -0.79712980685539092
decision_type=2 2 2 2 2 2 2 2 2
left_child=4 2 -2 7 8 -6 -5 -4 -1
right_child=1 -3 3 6 5 -7 -8 -9 -10
leaf_value=0.72493425432026848 0.73162987702081606 0.73047652512166728 0.67381752323214128 0.72367147683588762 0.69598829333650369 0.72886982014911383 0.69627295766968911 0.70116555038835382 0.74354412457235886
leaf_weight=4.8522760570049277 5.2933920621871975 7.0578560829162589 8.6017621010541934 4.6317180544137937 5.0728340595960599 6.6167400777339935 4.6317180544137955 4.6317180544137946 8.3812040984630602
leaf_count=22 24 32 39 21 23 30 21 21 38
internal_value=0.71537 0.706365 0.699577 0.69124 0.727758 0.714474 0.709777 0.680561 0.738796
internal_weight=59.7712 34.8482 27.7903 22.4969 24.9231 11.6896 9.26344 13.2335 13.2335
internal_count=271 158 126 102 113 53 42 60 60
is_linear=0
shrinkage=1


Tree=1
num_leaves=11
num_cat=0
split_feature=19 12 20 30 32 12 31 12 23 35
split_gain=8.54621 5.212 6.1469 6.35542 3.93719 2.72043 1.82801 1.75497 0.66983 0.655053
threshold=0.95456958308686857 0.73060273940537723 -0.22860240913455046 0.60537434770112541 0.14137135974406911 1.0000000180025095e-35 0.19780468639582419 -0.15372271291956871 1.0000000180025095e-35 -0.51831503369466558
decision_type=2 2 2 2 2 2 2 2 2 2
left_child=1 2 4 5 9 -4 -2 -6 -3 -1
right_child=6 8 3 -5 7 -7 -8 -9 -10 -11
leaf_value=0.029676972068058024 -0.036386282728791457 0.029715281602728898 -0.0045148799383464477 0.011613830984822946 -0.014188591696877275 -0.032452728806585611 -0.0061012362280414793 0.0083467459116330755 0.0080938455020251442 0.0092542004422397368
leaf_weight=5.4757072627544368 4.4258342385292035 5.4806122928857786 6.4236261546611839 6.1658410280942908 4.6324606239795685 7.8012181520462036 4.4203120917081833 4.6349423229694349 4.6153390556573868 5.6926717758178729
leaf_count=25 20 25 29 28 21 35 20 21 21 26
internal_value=0 0.00492364 0 -0.0113562 0.0111132 -0.0218523 -0.0249117 -0.002768 0.0226741 0.0220691
internal_weight=59.7686 50.9224 40.8265 20.3907 20.4358 14.2248 8.84615 9.2674 10.096 11.1684
internal_count=271 231 185 92 93 64 40 42 46 51
is_linear=0
shrinkage=0.03


Tree=2
num_leaves=11
num_cat=0
split_feature=19 35 35 4 1 2 0 34 0 35
split_gain=8.13988 5.00715 3.68777 3.7404 4.70166 3.14844 4.16195 1.88668 1.84522 1.77113
threshold=0.95456958308686857 -1.394778349540696 -0.66439225300233729 0.0071312638184564663 -0.10188887377373997 -0.20359009619700705 0.45232611155600305 -0.66412514564448843 -0.38845113110629492 0.35814828215136491
decision_type=2 2 2 2 2 2 2 2 2 2
left_child=1 -1 -3 4 5 6 -4 -5 -2 -7
right_child=8 2 3 7 -6 9 -8 -9 -10 -11
leaf_value=0.029020967027071638 -0.0056449981989276365 -0.014936954115076532 -0.016993763563722904 0.0035276188709882205 -0.021425082880868328 0.02853674531983608 0.013670286433820199 0.032195537658173644 -0.035650942881353405 0.0015625911840039188
leaf_weight=5.2344022095203391 4.4485593736171722 8.5882763713598234 7.2735894322395307 4.6377923637628555 5.7585001736879411 4.8570282161235792 5.7157038003206253 4.3964166641235334 4.460296303033827 4.3891565203666687
leaf_count=24 20 39 33 21 26 22 26 20 20 20
internal_value=0 0.00483053 0.00109184 0.00540207 -0.000113864 0.00615769 -0.00306817 0.0206461 -0.0242169 0.0182959
internal_weight=59.7597 50.8509 45.6165 37.0282 27.994 22.2355 12.9893 9.03421 8.90886 9.24618
internal_count=271 231 207 168 127 101 59 41 40 42
is_linear=0
shrinkage=0.03


Tree=3
num_leaves=11
num_cat=0
split_feature=19 12 20 30 32 33 31 12 37 23
split_gain=7.75971 4.95879 5.78906 6.07237 3.74784 2.57813 1.76101 1.65788 0.863471 0.659874
threshold=0.95456958308686857 0.73060273940537723 -0.22860240913455046 0.60537434770112541 0.14137135974406911 -0.31232929247869395 0.19780468639582419 -0.15372271291956871 -1.0000000180025095e-35 1.0000000180025095e-35
decision_type=2 2 2 2 2 2 2 2 2 2
left_child=1 2 4 5 8 -4 -2 -6 -1 -3
right_child=6 9 3 -5 7 -7 -8 -9 -10 -11
leaf_value=0.027904177406711809 -0.034657779644132504 0.029144958967009148 -0.035283616200952772 0.011459310106628854 -0.013774038519170121 -0.0077717758032516899 -0.0054263550284023576 0.0081161270587636527 0.0060707068921793785 0.0077793157517051462
leaf_weight=6.7169534415006602 4.5063135921955091 5.4067404121160489 5.5943037569522867 6.1494674235582343 4.6569264978170395 8.7139471620321309 4.4620602875947952 4.616609260439871 4.3452155739069003 4.5899587124586105
leaf_count=31 20 25 25 28 21 39 20 21 20 21
internal_value=0 0.00474748 -1.00779e-05 -0.0110228 0.0107901 -0.0212353 -0.0235488 -0.00270687 0.0215546 0.0221518
internal_weight=59.7585 50.7901 40.7934 20.4577 20.3357 14.3083 8.96837 9.27354 11.0622 9.9967
internal_count=271 231 185 92 93 64 40 42 51 46
is_linear=0
shrinkage=0.03


Tree=4
num_leaves=11
num_cat=0
split_feature=19 12 12 1 1 10 30 39 41 35
split_gain=7.48245 6.1412 7.63568 4.68316 3.1844 5.05504 1.93216 1.28907 2.66559 0.741006
threshold=0.24350424904334161 -0.28153081121400897 0.73736116239446736 -0.32565562542810633 -0.381597313341698 0.44866034849543196 0.60537434770112541 0.70853824645890295 377.00000000000006 -1.0000000180025095e-35
decision_type=2 2 2 2 2 2 2 2 2 2
left_child=4 -2 3 -3 -1 7 -5 8 9 -6
right_child=1 2 -4 6 5 -7 -8 -9 -10 -11
leaf_value=0.028294047377481441 0.014553509208044622 -0.0021492878520421306 0.010072121728780963 -0.050926976600475862 0.02692769285187659 -0.017773703537013564 -0.01574640013327349 0 -0.0026300356811558858 0.0063711061822107149
leaf_weight=4.9858031272888175 4.8718483746051815 4.8877013772726086 5.0116236656904212 5.6550208330154401 7.8566640913486534 5.7233306169509879 4.9184564501047134 6.6021445989608756 4.854053556919097 4.3660454154014623
leaf_count=23 22 22 23 25 36 26 22 30 22 20
internal_value=0 -0.0119525 -0.0190961 -0.0289591 0.00898787 0.00430543 -0.0390485 0.0106213 0.0146751 0.021521
internal_weight=59.7327 25.3447 20.4728 15.4612 34.388 29.4022 10.5735 23.6789 17.0768 12.2227
internal_count=271 114 92 69 157 134 47 108 78 56
is_linear=0
shrinkage=0.03


Tree=5
num_leaves=10
num_cat=0
split_feature=19 12 35 12 21 22 38 4 23
split_gain=7.23702 4.66538 5.6004 3.53905 2.93751 3.19962 2.53121 1.74125 0.644669
threshold=0.95456958308686857 0.73060273940537723 -1.3140514651864563 0.33609263880553403 -1.0000000180025095e-35 0.21653004659627687 1.0000000180025095e-35 -0.1312504703772108 1.0000000180025095e-35
decision_type=2 2 2 2 2 2 2 2 2
left_child=1 2 -1 4 5 -4 -6 -2 -3
right_child=7 8 3 -5 6 -7 -8 -9 -10
leaf_value=0.026773219732382138 -0.033587797688221115 0.028518588992431693 0.020979633849267022 -0.019529947200482109 0.0041570273412873254 -0.0038220817110106637 -0.020832178978703934 -0.00491681910437574 0.0074585742272283593
leaf_weight=4.5089443773031226 4.55315862596035 5.3220816701650602 8.062302008271212 8.7073124200105649 5.4954251497983986 7.7546631991863242 6.2460383474826813 4.4920222014188749 4.5640700906515121
leaf_count=21 20 25 37 39 25 35 28 20 21
internal_value=0 0.00460634 0 -0.00440594 0.000927608 0.00919569 -0.00953721 -0.0226429 0.0215864
internal_weight=59.706 50.6608 40.7747 36.2657 27.5584 15.817 11.7415 9.04518 9.88615
internal_count=271 231 185 164 125 72 53 40 46
is_linear=0
shrinkage=0.03


Tree=6
num_leaves=10
num_cat=0
split_feature=19 17 1 10 30 26 39 41 27
split_gain=6.90075 3.23827 3.01325 4.78191 2.28683 2.08263 1.22754 2.5282 0.70951
threshold=0.24350424904334161 0.4816319841044065 -0.381597313341698 0.44866034849543196 0.82900781709628346 0.22636349736895878 0.70853824645890295 377.00000000000006 -1.0000000180025095e-35
decision_type=2 2 2 2 2 2 2 2 2
left_child=2 4 -1 6 5 -2 7 8 -4
right_child=1 -3 3 -5 -6 -7 -8 -9 -10
leaf_value=0.027601271914530406 -0.020775053669259823 -0.026640894025480401 0.026345391784869405 -0.017261059189401722 0.0083275458781953381 0.0028533258286241973 0 -0.0025088404991512191 0.0061639586207796991
leaf_weight=4.8992135226726523 6.6931903809309059 7.2207190394401541 7.7549127787351662 5.7571269124746314 7.0724347829818717 4.4708086848258972 6.5983656346797934 4.8615154176950446 4.3499373644590413
leaf_count=23 30 32 36 26 32 20 30 22 20
internal_value=0 -0.0114299 0.00867614 0.00413001 -0.0035361 -0.0116217 0.0103157 0.0142921 0.0210133
internal_weight=59.6782 25.4572 34.2211 29.3219 18.2364 11.164 23.5647 16.9664 12.1049
internal_count=271 114 157 134 82 50 108 78 56
is_linear=0
shrinkage=0.03


Tree=7
num_leaves=12
num_cat=0
split_feature=19 12 35 29 17 19 20 31 35 4 23
split_gain=6.75624 4.45484 5.29378 3.33231 2.70642 3.23674 5.31782 1.66073 1.10414 0.996688 0.633733
threshold=0.95456958308686857 0.73060273940537723 -1.3140514651864563 -0.59547709935356874 0.4816319841044065 1.0000000180025095e-35 0.4432593482134462 0.19780468639582419 -0.4209302208228845 -0.1312504703772108 1.0000000180025095e-35
decision_type=2 2 2 2 2 2 2 2 2 2 2
left_child=1 2 -1 -4 5 8 -7 -2 -5 -6 -3
right_child=7 10 3 4 9 6 -8 -9 -10 -11 -12
leaf_value=0.026193686959750568 -0.032388861506156719 0.028042653264225989 0.01126448401445075 -0.0010476465690068303 -0.0058646089286176145 -0.032257654722206396 0.0078362336109779468 -0.0045712551168335443 0.016678068314736741 -0.02938906847715601 0.0072104665672017053
leaf_weight=4.4407168477773658 4.6046823561191541 5.2537850141525251 7.8964281529188112 4.4142704904079402 4.4283660352230072 4.7000813484191877 4.4680938720703125 4.5123423635959625 5.4607499837875491 4.9329345971345884 4.5433135181665421
leaf_count=21 20 25 36 20 20 21 20 20 25 22 21
internal_value=0 0.00448247 0 -0.00426753 -0.00913449 -0.00181748 -0.0138011 -0.0217771 0.00913368 -0.02116 0.0211531
internal_weight=59.6558 50.5387 40.7416 36.3009 28.4045 19.0432 9.16818 9.11702 9.87502 9.3613 9.7971
internal_count=271 231 185 164 128 86 41 40 45 42 46
is_linear=0
shrinkage=0.03


end of trees

feature_importances:
Column_12=12
Column_19=8
Column_35=8
Column_30=5
Column_1=4
Column_20=4
Column_23=4
Column_32=4
Column_4=3
Column_22=3
Column_31=3
Column_0=2
Column_10=2
Column_17=2
Column_39=2
Column_41=2
Column_2=1
Column_3=1
Column_21=1
Column_26=1
Column_27=1
Column_29=1
Column_33=1
Column_34=1
Column_37=1
Column_38=1

parameters:
[boosting: gbdt]
[objective: binary]
[metric: binary_logloss]
[tree_learner: serial]
[device_type: cpu]
[data_sample_strategy: bagging]
[data: ]
[valid: ]
[num_iterations: 350]
[learning_rate: 0.03]
[num_leaves: 96]
[num_threads: 2]
[seed: 42]
[deterministic: 0]
[force_col_wise: 1]
[force_row_wise: 0]
[histogram_pool_size: -1]
[max_depth: 10]
[min_data_in_leaf: 20]
[min_sum_hessian_in_leaf: 0.001]
[bagging_fraction: 0.85]
[pos_bagging_fraction: 1]
[neg_bagging_fraction: 1]
[bagging_freq: 0]
[bagging_seed: 400]
[bagging_by_query: 0]
[feature_fraction: 0.8]
[feature_fraction_bynode: 1]
[feature_fraction_seed: 30056]
[extra_trees: 0]
[extra_seed: 12879]
[early_stopping_round: 0]
[early_stopping_min_delta: 0]
[first_metric_only: 0]
[max_delta_step: 0]
[lambda_l1: 0.2]
[lambda_l2: 1.5]
[linear_lambda: 0]
[min_gain_to_split: 0]
[drop_rate: 0.1]
[max_drop: 50]
[skip_drop: 0.5]
[xgboost_dart_mode: 0]
[uniform_drop: 0]
[drop_seed: 17869]
[top_rate: 0.2]
[other_rate: 0.1]
[min_data_per_group: 100]
[max_cat_threshold: 32]
[cat_l2: 10]
[cat_smooth: 10]
[max_cat_to_onehot: 4]
[top_k: 20]
[monotone_constraints: ]
[monotone_constraints_method: basic]
[monotone_penalty: 0]
[feature_contri: ]
[forcedsplits_filename: ]
[refit_decay_rate: 0.9]
[cegb_tradeoff: 1]
[cegb_penalty_split: 0]
[cegb_penalty_feature_lazy: ]
[cegb_penalty_feature_coupled: ]
[path_smooth: 0]
[interaction_constraints: ]
[verbosity: -1]
[saved_feature_importance_type: 0]
[use_quantized_grad: 0]
[num_grad_quant_bins: 4]
[quant_train_renew_leaf: 0]
[stochastic_rounding: 1]
[linear_tree: 0]
[max_bin: 255]
[max_bin_by_feature: ]
[min_data_in_bin: 3]
[bin_construct_sample_cnt: 200000]
[data_random_seed: 175]
[is_enable_sparse: 1]
[enable_bundle: 1]
[use_missing: 1]
[zero_as_missing: 0]
[feature_pre_filter: 1]
[pre_partition: 0]
[two_round: 0]
[header: 0]
[label_column: ]
[weight_column: ]
[group_column: ]
[ignore_column: ]
[categorical_feature: ]
[forcedbins_filename: ]
[precise_float_parser: 0]
[parser_config_file: ]
[objective_seed: 16083]
[num_class: 1]
[is_unbalance: 0]
[scale_pos_weight: 1]
[sigmoid: 1]
[boost_from_average: 1]
[reg_sqrt: 0]
[alpha: 0.9]
[fair_c: 1]
[poisson_max_delta_step: 0.7]
[tweedie_variance_power: 1.5]
[lambdarank_truncation_level: 30]
[lambdarank_norm: 1]
[label_gain: ]
[lambdarank_position_bias_regularization: 0]
[eval_at: ]
[multi_error_top_k: 1]
[auc_mu_weights: ]
[num_machines: 1]
[local_listen_port: 12400]
[time_out: 120]
[machine_list_filename: ]
[machines: ]
[gpu_platform_id: -1]
[gpu_device_id: -1]
[gpu_device_id_list: ]
[gpu_use_dp: 0]
[num_gpu: 1]

end of parameters

pandas_categorical:null
