tree
version=v4
num_class=3
num_tree_per_iteration=3
label_index=0
max_feature_idx=62
objective=multiclass num_class:3
feature_names=Column_0 Column_1 Column_2 Column_3 Column_4 Column_5 Column_6 Column_7 Column_8 Column_9 Column_10 Column_11 Column_12 Column_13 Column_14 Column_15 Column_16 Column_17 Column_18 Column_19 Column_20 Column_21 Column_22 Column_23 Column_24 Column_25 Column_26 Column_27 Column_28 Column_29 Column_30 Column_31 Column_32 Column_33 Column_34 Column_35 Column_36 Column_37 Column_38 Column_39 Column_40 Column_41 Column_42 Column_43 Column_44 Column_45 Column_46 Column_47 Column_48 Column_49 Column_50 Column_51 Column_52 Column_53 Column_54 Column_55 Column_56 Column_57 Column_58 Column_59 Column_60 Column_61 Column_62
feature_infos=[-1.2026313367414976:13.840910574829133] [-1.0238496105140824:12.866247751822279] [-1.1264740340038712:15.339591114164458] [-1.1836945639360694:13.873719315182736] [-1.0690783426771824:12.971415215719794] [-1.1641588591360326:15.493392570951427] [-2.7952090404253793:7.6820506129558082] [-1.720293459073104:9.3884247453979555] [-3.3244874797804624:7.1971979312442285] [-3.9318595662217062:4.6471327106784592] [-6.7091134405797215:2.4859014892979605] [-2.9199974428843296:6.1165933795223699] [-2.4372083657391972:4.4105455547932975] [-3.8775145770589718:4.7439222161903842] [-2.8772582315771524:6.2467369981853889] [-3.8775145770589718:4.7439222161903842] [-6.9855616771998328:1.9102063512410385] [-2.8772582315771524:6.2467369981853889] [-8.067942945277867:0.62304473356850842] [-1.5056044110354405:1.3207685894184555] [-1.422774392590425:1.4722927120913798] [-3.328287849570629:0.63979157072994397] [-2.2663547022396235:0.44123719866612143] [-2.3188509255045067:2.9447665211344627] [-2.1133508271233783:5.1196131752403105] [-2.1783863112843922:3.9118472279005556] [-3.1516951027730715:4.8417702610563049] [-2.3632732008384871:2.7972683764494177] [-2.1832991761204235:7.379525714420665] [-2.187753156902922:3.8266374794375793] [-3.5469635139368343:6.6254601486744642] [-3.0031821860415504:2.7227803530232983] [-2.7913995408205321:4.6955808960762573] [-2.8873617770301907:3.6426462540762801] [-3.3851128049931942:4.1799068447363883] [-3.0054033577820021:3.7376162707069653] [-2.6057634281064175:9.0040857917288335] [-2.8227756161017168:3.5824359694863541] [-4.1221152412789888:8.143789953296249] [-3.7432778436021041:3.9685329040745008] [-3.6122821192931891:4.595288158963478] [-2.6986318458254592:2.3415466100387934] [-3.5024774219378929:5.9722220821174403] [-1.8547258989083404:2.8762134246478923] [-4.9564031712753858:4.0715121110544974] [-2.2007078617867561:5.3015781539461369] [-1.8461458764405787:5.2622536224619951] [-4.4980466811043156:4.3108501976700584] [-4.1017593222258029:3.0911596239112051] [-0.98041357384752614:4.5652218648151566] [-1.2048511886688771:4.5674396771972257] [-13.365374677303569:14.031182254754048] [-4.4963869273635027:4.1202969091979167] [-4.0638795161195604:6.4436375473449488] [-2.7729169239452967:2.9186195193480762] [-2.8599844946024668:3.4449513310818491] [-0.96668003693971782:3.6284539414709132] [-1.0751210416214703:2.5808321225825215] [-1.0499851974812684:3.4642823713076241] [-3.0374458038055705:3.1755115221603689] [23:817] [23:817] [0:1]
tree_sizes=2228 2698 2493

Tree=0
num_leaves=20
num_cat=0
split_feature=13 35 18 52 39 27 29 16 52 23 20 54 12 61 41 26 37 52 35
split_gain=20.435 5.48118 4.39099 3.96023 4.45395 3.82024 3.58706 5.0668 4.69638 4.16651 3.40997 3.11717 2.66281 2.59979 3.10844 3.31689 2.40309 1.55162 1.08139
threshold=0.14734927174688969 -1.5444157716093923 0.60006157919854153 -1.5136886762460884 1.1837123563023935 1.0000000180025095e-35 0.71920231732832018 0.4758118005836191 1.0000000180025095e-35 1.0000000180025095e-35 -0.50161667746439609 0.41065934237244728 0.065862493241987161 620.50000000000011 -0.85056641200856642 -0.22075780270230036 1.0000000180025095e-35 0.47477682449885433 -0.64534648781086335
decision_type=2 2 2 2 2 2 2 2 2 2 2 2 2 2 2 2 2 2 2
left_child=1 -1 3 -3 6 12 7 13 -9 -8 -7 -12 18 14 15 -5 -16 -10 -2
right_child=5 2 -4 4 -6 10 9 8 17 -11 11 -13 -14 -15 16 -17 -18 -19 -20
leaf_value=-0.83052353878133756 -0.81809685424795908 -0.83456707973605881 -0.87173802549029267 -0.85776822237422234 -0.83799679382721182 -0.83246229451406328 -0.8325243199368868 -0.86037713138343763 -0.83094299491828505 -0.85812657830953532 -0.8630489034848231 -0.83913888656718782 -0.84240051953459494 -0.8734207207072221 -0.85744564166300041 -0.83391523985369587 -0.87169595928637833 -0.84828600276009758 -0.83636490861731461
leaf_weight=7.3451191186904898 17.628285884857178 8.079631030559538 11.384934633970259 11.384934633970262 12.119446545839308 13.58847036957741 10.650422722101213 12.853958457708361 10.283166766166689 9.1813988983631116 8.8141429424285906 7.7123750746250144 10.65042272210121 13.588470369577406 42.601690888404853 7.3451191186904827 16.526518017053604 7.7123750746250144 8.4468869864940661
leaf_count=20 48 22 31 31 33 37 29 35 28 25 24 21 29 37 116 20 45 21 23
internal_value=-0.848286 -0.853524 -0.854675 -0.853238 -0.854377 -0.834293 -0.855908 -0.857827 -0.847511 -0.844517 -0.842885 -0.851725 -0.827892 -0.861329 -0.858707 -0.848286 -0.862008 -0.83779 -0.822827
internal_weight=247.898 181.057 173.712 162.327 154.248 66.8406 142.128 122.296 30.8495 19.8318 30.115 16.5265 36.7256 91.4467 77.8583 18.7301 59.1282 17.9955 26.0752
internal_count=675 493 473 442 420 182 387 333 84 54 82 45 100 249 212 51 161 49 71
is_linear=0
shrinkage=1


Tree=1
num_leaves=25
num_cat=0
split_feature=11 42 58 46 27 46 55 32 55 38 26 4 37 19 60 5 49 61 12 54 47 38 58 33
split_gain=6.42877 7.10784 5.90079 5.09257 4.8871 4.40972 5.2666 6.03677 4.4011 3.83832 3.71575 5.94122 5.4308 4.41855 3.14587 3.04436 5.31633 2.1992 1.95622 1.422 0.934697 0.818144 0.656069 1.50643
threshold=-0.38695683025666638 0.1465622519212558 1.2071485869131782 -0.96109249195664559 -0.47107462249958859 0.62611403179083103 -0.60975850874442539 0.82730767034624941 -0.074764028149871792 -0.7694344880950903 0.17891546548916859 -0.56428916950624342 1.0000000180025095e-35 -0.95042400023199658 256.50000000000006 0.15418050128387298 -1.0000000180025095e-35 349.50000000000006 -0.076680577293805799 -0.057817621309307093 1.2775966726636241 0.39355504146463599 1.2071485869131782 -0.25024314908334655
decision_type=2 2 2 2 2 2 2 2 2 2 2 2 2 2 2 2 2 2 2 2 2 2 2 2
left_child=4 3 5 9 20 6 -3 8 -8 -2 11 -5 13 -12 -13 -6 18 21 -17 -10 -1 -16 23 -19
right_child=1 2 -4 10 15 -7 7 -9 19 -11 12 14 -14 -15 17 16 -18 22 -20 -21 -22 -23 -24 -25
leaf_value=-1.1343189910468077 -1.1134307599676752 -1.1204163964193403 -1.0783467837876228 -1.0964459915529976 -1.126941159745529 -1.1251908518404659 -1.0882207545801128 -1.078096810563177 -1.104677372567596 -1.0840206288327443 -1.0816381073851193 -1.1076033607670315 -1.1222249980355197 -1.1121567450948977 -1.1075206160200763 -1.1264001083110737 -1.0875697859885822 -1.116526137518584 -1.1066921351672803 -1.1202814086453017 -1.1180925375287898 -1.1208184399021739 -1.1171245999349244 -1.1337838380038168
leaf_weight=17.216236948966984 6.6216295957565308 9.2702814340591413 7.6148740351200095 7.2837925553321829 7.9459555149078396 6.9527110755443564 7.6148740351200059 9.9324443936347944 7.6148740351200095 6.9527110755443555 7.6148740351200104 9.2702814340591413 10.263525873422621 7.2837925553321856 6.621629595756529 7.6148740351200139 6.9527110755443546 7.6148740351200024 7.2837925553321838 10.594607353210458 6.9527110755443564 6.6216295957565308 6.6216295957565299 27.148681342601783
leaf_count=52 20 28 23 22 24 21 23 30 23 21 23 28 31 22 20 23 21 23 22 32 21 20 20 82
internal_value=-1.11204 -1.10916 -1.10094 -1.11365 -1.12091 -1.10521 -1.10167 -1.09651 -1.10529 -1.09748 -1.11618 -1.11968 -1.10663 -1.09557 -1.12271 -1.11242 -1.10678 -1.12543 -1.11679 -1.11339 -1.13051 -1.11398 -1.12876 -1.13051
internal_weight=223.48 169.514 59.5947 109.919 53.9663 51.9798 45.0271 35.7568 25.8244 13.5743 96.3447 71.1825 25.1622 14.8987 63.8987 29.7973 21.8514 54.6284 14.8987 18.2095 24.1689 13.2433 41.3852 34.7636
internal_count=675 512 180 332 163 157 136 108 78 41 291 215 76 45 193 90 66 165 45 55 73 40 125 105
is_linear=0
shrinkage=1


Tree=2
num_leaves=23
num_cat=0
split_feature=13 47 61 26 58 50 27 42 47 51 47 47 12 47 45 19 44 55 34 59 38 34
split_gain=17.2749 8.79336 4.80426 4.46428 3.68344 2.62762 2.32723 2.05862 1.87251 1.86839 1.89846 3.58987 2.10581 2.22245 2.09905 2.18208 1.55039 1.77842 1.51068 1.47936 0.654178 0.406082
threshold=-0.66020712695383521 -0.47325496481507756 435.00000000000006 1.0000000180025095e-35 1.2071485869131782 1.3720643764499194 -1.5891919642453012 -0.55763838689366763 -0.75078262222536651 -0.83290714455380843 0.74340864658113548 1.4489644180408126 -0.040938839991876044 0.97951085035352337 -0.49486972804587742 -1.05136589310535 0.15029638236576068 -0.21486558478537612 -0.29033203919472844 -1.0000000180025095e-35 0.70247413525393843 0.22546475510501587
decision_type=2 2 2 2 2 2 2 2 2 2 2 2 2 2 2 2 2 2 2 2 2 2
left_child=4 2 3 7 8 6 -3 -2 20 -8 14 12 -12 -14 15 18 -16 -18 -11 -17 -1 -19
right_child=1 5 -4 -5 -6 -7 9 -9 -10 10 11 -13 13 -15 16 19 17 21 -20 -21 -22 -23
leaf_value=-1.4108248337199196 -1.4148462630483314 -1.4098044406275156 -1.3871879546732804 -1.4294620211205114 -1.411360479347074 -1.4062580102576889 -1.4102124153920017 -1.3914110162846138 -1.3775155656165468 -1.42087138433897 -1.3987410946825451 -1.4352373527614783 -1.4075734314380213 -1.4304886704601962 -1.4372109891188436 -1.4152510786444779 -1.4131757551706035 -1.4201542266735308 -1.4025648682523639 -1.4331942592671976 -1.393725845250114 -1.4331942592671976
leaf_weight=5.5179589986801165 5.7938569486141231 9.1046323478221876 8.5528364479541761 7.449244648218154 9.656428247690199 7.1733466982841483 6.3456528484821311 5.7938569486141231 9.3805302977561968 6.6215507984161377 6.3456528484821364 6.0697548985481253 6.6215507984161377 5.5179589986801147 24.554917544126511 7.1733466982841536 7.1733466982841483 6.3456528484821382 6.3456528484821337 11.587713897228237 5.5179589986801147 11.587713897228239
leaf_count=20 21 33 31 27 35 26 23 21 34 24 23 22 24 20 89 26 26 23 23 42 20 42
internal_value=-1.41485 -1.4189 -1.40401 -1.41333 -1.39459 -1.42223 -1.42332 -1.40202 -1.38771 -1.42452 -1.42548 -1.41764 -1.41106 -1.41812 -1.42769 -1.42093 -1.43158 -1.42489 -1.41198 -1.42717 -1.40029 -1.42965
internal_weight=186.231 156.158 27.5898 19.037 30.0729 128.568 121.395 11.5877 20.4164 112.29 105.945 24.5549 18.4852 12.1395 81.3899 31.7283 49.6616 25.1067 12.9672 18.7611 11.0359 17.9334
internal_count=675 566 100 69 109 466 440 42 74 407 384 89 67 44 295 115 180 91 47 68 40 65
is_linear=0
shrinkage=1


end of trees

feature_importances:
Column_47=6
Column_12=3
Column_26=3
Column_27=3
Column_38=3
Column_52=3
Column_55=3
Column_58=3
Column_61=3
Column_13=2
Column_19=2
Column_34=2
Column_35=2
Column_37=2
Column_42=2
Column_46=2
Column_54=2
Column_4=1
Column_5=1
Column_11=1
Column_16=1
Column_18=1
Column_20=1
Column_23=1
Column_29=1
Column_32=1
Column_33=1
Column_39=1
Column_41=1
Column_44=1
Column_45=1
Column_49=1
Column_50=1
Column_51=1
Column_59=1
Column_60=1

parameters:
[boosting: gbdt]
[objective: multiclass]
[metric: multi_logloss]
[tree_learner: serial]
[device_type: cpu]
[data_sample_strategy: bagging]
[data: ]
[valid: ]
[num_iterations: 1800]
[learning_rate: 0.03]
[num_leaves: 96]
[num_threads: 2]
[seed: 42]
[deterministic: 0]
[force_col_wise: 1]
[force_row_wise: 0]
[histogram_pool_size: -1]
[max_depth: 10]
[min_data_in_leaf: 20]
[min_sum_hessian_in_leaf: 0.001]
[bagging_fraction: 0.85]
[pos_bagging_fraction: 1]
[neg_bagging_fraction: 1]
[bagging_freq: 0]
[bagging_seed: 400]
[bagging_by_query: 0]
[feature_fraction: 0.8]
[feature_fraction_bynode: 1]
[feature_fraction_seed: 30056]
[extra_trees: 0]
[extra_seed: 12879]
[early_stopping_round: 0]
[early_stopping_min_delta: 0]
[first_metric_only: 0]
[max_delta_step: 0]
[lambda_l1: 0.2]
[lambda_l2: 1.5]
[linear_lambda: 0]
[min_gain_to_split: 0]
[drop_rate: 0.1]
[max_drop: 50]
[skip_drop: 0.5]
[xgboost_dart_mode: 0]
[uniform_drop: 0]
[drop_seed: 17869]
[top_rate: 0.2]
[other_rate: 0.1]
[min_data_per_group: 100]
[max_cat_threshold: 32]
[cat_l2: 10]
[cat_smooth: 10]
[max_cat_to_onehot: 4]
[top_k: 20]
[monotone_constraints: ]
[monotone_constraints_method: basic]
[monotone_penalty: 0]
[feature_contri: ]
[forcedsplits_filename: ]
[refit_decay_rate: 0.9]
[cegb_tradeoff: 1]
[cegb_penalty_split: 0]
[cegb_penalty_feature_lazy: ]
[cegb_penalty_feature_coupled: ]
[path_smooth: 0]
[interaction_constraints: ]
[verbosity: -1]
[saved_feature_importance_type: 0]
[use_quantized_grad: 0]
[num_grad_quant_bins: 4]
[quant_train_renew_leaf: 0]
[stochastic_rounding: 1]
[linear_tree: 0]
[max_bin: 255]
[max_bin_by_feature: ]
[min_data_in_bin: 3]
[bin_construct_sample_cnt: 200000]
[data_random_seed: 175]
[is_enable_sparse: 1]
[enable_bundle: 1]
[use_missing: 1]
[zero_as_missing: 0]
[feature_pre_filter: 1]
[pre_partition: 0]
[two_round: 0]
[header: 0]
[label_column: ]
[weight_column: ]
[group_column: ]
[ignore_column: ]
[categorical_feature: ]
[forcedbins_filename: ]
[precise_float_parser: 0]
[parser_config_file: ]
[objective_seed: 16083]
[num_class: 3]
[is_unbalance: 0]
[scale_pos_weight: 1]
[sigmoid: 1]
[boost_from_average: 1]
[reg_sqrt: 0]
[alpha: 0.9]
[fair_c: 1]
[poisson_max_delta_step: 0.7]
[tweedie_variance_power: 1.5]
[lambdarank_truncation_level: 30]
[lambdarank_norm: 1]
[label_gain: ]
[lambdarank_position_bias_regularization: 0]
[eval_at: ]
[multi_error_top_k: 1]
[auc_mu_weights: ]
[num_machines: 1]
[local_listen_port: 12400]
[time_out: 120]
[machine_list_filename: ]
[machines: ]
[gpu_platform_id: -1]
[gpu_device_id: -1]
[gpu_device_id_list: ]
[gpu_use_dp: 0]
[num_gpu: 1]

end of parameters

pandas_categorical:null
