tree
version=v4
num_class=3
num_tree_per_iteration=3
label_index=0
max_feature_idx=42
objective=multiclass num_class:3
feature_names=Column_0 Column_1 Column_2 Column_3 Column_4 Column_5 Column_6 Column_7 Column_8 Column_9 Column_10 Column_11 Column_12 Column_13 Column_14 Column_15 Column_16 Column_17 Column_18 Column_19 Column_20 Column_21 Column_22 Column_23 Column_24 Column_25 Column_26 Column_27 Column_28 Column_29 Column_30 Column_31 Column_32 Column_33 Column_34 Column_35 Column_36 Column_37 Column_38 Column_39 Column_40 Column_41 Column_42
feature_infos=[-1.3870021396574013:11.555224458039531] [-1.2178438376031531:8.4320806004615907] [-1.8107793181151546:7.7558023198076853] [-1.3750632089604051:11.476109884979977] [-1.2258537467940258:8.4900130456262968] [-1.7944452415944441:7.6716980118097968] [-2.332103885709671:6.4520693023032774] [-1.5304515985147744:6.8229291511041188] [-3.3701633328278766:4.4039238227956643] [-3.604098156629163:3.3187833535654905] [-5.512064180907589:1.8495957702305168] [-2.4282202002615789:5.7472270606545077] [-1.2637509345563782:3.0727284151552832] [-3.6103223754777511:3.4830998211286506] [-2.3797180169477246:5.8077862836565259] [-1.7907625255525836:1.6727258082926992] [-1.5169195232447243:1.4204290801980923] [-3.9259894521239729:0.98214181303954906] [-2.0293544712278493:0.4927675347890077] [-2.1892494474801438:2.6932247224427717] [-2.2167528059145298:5.4426530177707866] [-1.9463983777045226:4.0930271853827218] [-3.188800087087071:4.4616241198972091] [-2.3788988632239638:2.5970313794650917] [-2.2047909268700625:4.7247599558645055] [-2.3249451144402511:4.4449202565746848] [-3.172454457069994:3.4129692867572858] [-2.7832918434221812:3.1854828556703958] [-2.2020581327838809:4.7300309128144482] [-2.3533448101128935:3.5770082756543884] [-3.1220908748408056:4.2393694740050369] [-2.6009673103370514:3.608945138102305] [-2.2756871426076732:4.0760803190831929] [-2.3776201874637866:3.6643284101770215] [-3.0735029851950535:3.7853222419631525] [-3.2753456360804702:3.8080258628477495] [-3.3301717135120521:4.0881613947626096] [-1.8018133156612901:2.4231282520962178] [-1.2350852494527191:3.5175467532917777] [-1.1450161872067623:3.9582394786211301] [17:763] [17:763] none
tree_sizes=3006 3674 3517

Tree=0
num_leaves=28
num_cat=0
split_feature=13 15 21 17 32 26 13 32 1 36 21 14 29 29 25 30 35 33 36 29 28 17 28 15 2 16 26
split_gain=11.1303 5.3476 2.87377 2.96705 2.76242 2.49683 3.67602 3.55524 3.47211 5.23924 3.14073 2.89332 2.60772 2.87282 2.59973 4.04746 1.92716 1.83192 1.69601 1.33676 1.2742 1.17455 1.15455 1.12766 1.11859 0.906356 0.187786
threshold=-0.79617693935701439 0.19753633276600477 1.2620464526855759 1.0000000180025095e-35 -1.4232130885386358 0.37354294345238764 1.0638551289296418 0.2148743094763769 0.019617060925149067 1.0000000180025095e-35 -1.3802022311650932 -0.94715047173679345 0.86967317128236854 0.35399029425912637 -0.53292192799512084 0.55863929958211589 0.41089871540258277 -0.86713303805358444 0.6213551552422073 0.35399029425912637 0.54687373012580132 -1.0629128807785848 -0.17023892976368085 -1.0852371242137295 -0.97075291884907022 0.21878646969875828 -0.25967087806946615
decision_type=2 2 2 2 2 2 2 2 2 2 2 2 2 2 2 2 2 2 2 2 2 2 2 2 2 2 2
left_child=1 17 3 -3 -2 7 12 8 10 11 -6 20 13 14 16 25 -7 -1 21 -9 -10 -12 23 -23 -5 -16 -24
right_child=4 2 -4 24 5 6 -8 19 9 -11 18 -13 -14 -15 15 -17 -18 -19 -20 -21 -22 22 26 -25 -26 -27 -28
leaf_value=-1.6256767111069137 -1.5990576103722367 -1.6087447967843309 -1.6099925723872066 -1.5728180704105645 -1.5981515283886885 -1.6242201091054451 -1.6280707911539314 -1.6324532715850257 -1.6285128757131626 -1.5831466117537325 -1.6115409626308792 -1.6008309347810186 -1.6215775382316959 -1.5874072638669838 -1.6041520601351722 -1.5825373907506617 -1.6060344873787742 -1.6042897994989789 -1.608386806247833 -1.6154237142138539 -1.6114992411759828 -1.6094811284601853 -1.6318998277518828 -1.6219397061966281 -1.5960406731585068 -1.6200826368897019 -1.6207570181097823
leaf_weight=5.2716747522354126 8.1471337080001813 5.0320531725883546 6.4697826504707328 9.8244847655296379 4.7924315929412833 9.3452416062355024 7.1886473894119254 16.533888995647434 7.6678905487060582 5.2716747522354117 8.3867552876472384 8.6263768672943115 7.4282689690589896 6.4697826504707328 5.0320531725883502 5.7509179115295401 8.3867552876472455 5.9905394911766034 8.1471337080001813 7.6678905487060538 5.750917911529541 7.428268969058986 14.377294778823854 22.045185327529907 7.428268969058986 4.7924315929412842 8.8659984469413882
leaf_count=22 34 21 27 41 20 39 30 69 32 22 35 36 31 27 21 24 35 25 34 32 24 31 60 92 31 20 37
internal_value=-1.61154 -1.59747 -1.59087 -1.58601 -1.61462 -1.61546 -1.6102 -1.61777 -1.61511 -1.60629 -1.61848 -1.61302 -1.60693 -1.60379 -1.60804 -1.59955 -1.61555 -1.61432 -1.62022 -1.62783 -1.62155 -1.62194 -1.62355 -1.61866 -1.58046 -1.61154 -1.62871
internal_weight=228.12 40.0168 28.7546 22.2848 188.103 179.956 54.3941 125.562 101.36 27.3169 74.0431 22.0452 47.2055 39.7772 33.3074 15.5754 17.732 11.2622 69.2506 24.2018 13.4188 61.1035 52.7167 29.4735 17.2528 9.82448 23.2433
internal_count=952 167 120 93 785 751 227 524 423 114 309 92 197 166 139 65 74 47 289 101 56 255 220 123 72 41 97
is_linear=0
shrinkage=1


Tree=1
num_leaves=34
num_cat=0
split_feature=37 27 21 36 6 2 33 33 15 37 31 20 15 29 20 26 26 24 25 33 35 15 23 24 31 29 32 41 1 35 21 16 33
split_gain=6.45307 4.58396 4.73625 4.60202 4.13612 3.6885 2.80702 5.35553 3.73948 3.12016 3.17897 3.07403 5.15345 2.80978 2.68078 2.65796 2.65302 4.93002 3.51683 2.56319 2.55801 2.35984 2.09342 4.01778 1.47803 1.4142 1.21417 1.05654 0.986184 0.913856 0.908178 0.864917 0.716864
threshold=1.1556457817689656 -1.5674303306440638 0.88458235499262317 -1.2964525517265264 1.092017915620821 -1.0106715287315493 -0.31786498372260191 0.78067112493936297 0.45409102416195168 -0.53433084533403763 -0.62360045175504575 0.5187492739730829 0.71064571555789857 -0.16169258276411552 -0.94018516863364365 -0.51295640667820774 0.37354294345238764 0.7402681982921292 -1.3293766775262899 -0.31786498372260191 -0.16733569267319012 -1.0852371242137295 0.44079494096650113 -0.64564197825478453 0.52033078874694105 1.6431974868172314 -0.7211756322464874 520.50000000000011 -0.093911461875612209 0.26634011338363939 -0.2478099380862353 -0.58230860396746431 0.78067112493936297
decision_type=2 2 2 2 2 2 2 2 2 2 2 2 2 2 2 2 2 2 2 2 2 2 2 2 2 2 2 2 2 2 2 2 2
left_child=1 25 3 15 6 -6 8 11 16 10 -9 13 -13 31 -2 30 21 18 -18 29 -15 -5 23 -4 -10 -1 -23 -25 -11 -16 -3 -8 -21
right_child=14 2 22 4 5 -7 7 9 24 28 -12 12 -14 20 19 -17 17 -19 -20 32 -22 26 -24 27 -26 -27 -28 -29 -30 -31 -32 -33 -34
leaf_value=-0.81774892614190353 -0.79781673520594609 -0.82222380045511456 -0.79781673520594609 -0.79833001073574916 -0.79631796061348548 -0.82187695272817496 -0.80306497235896002 -0.80814491431082414 -0.77111903675943061 -0.78913560440415398 -0.7840888985798935 -0.78083239462664011 -0.80814491431082425 -0.80610984443991818 -0.7840888985798935 -0.79477982610375719 -0.79462846008607058 -0.78534762669889058 -0.81775674575707047 -0.76884589175395968 -0.78986096531822703 -0.77204829503481132 -0.79555953885205299 -0.78731420033790933 -0.78846879808219239 -0.7989252866667661 -0.79053950209592505 -0.76997464379673763 -0.77312104980157481 -0.79706550199498927 -0.80430345816559057 -0.81539488347120059 -0.7854862090988407
leaf_weight=9.6589446067810076 9.2874467372894269 8.5444509983062762 9.2874467372894305 8.5444509983062762 12.259429693222048 8.1729531288146955 14.488416910171511 8.9159488677978533 9.2874467372894305 8.9159488677978533 7.8014552593231192 13.745421171188356 8.9159488677978498 15.231412649154665 7.8014552593231192 8.1729531288146955 9.6589446067810041 12.630927562713621 11.887931823730471 12.259429693222048 16.345906257629395 7.429957389831543 14.488416910171507 7.8014552593231228 12.259429693222044 7.8014552593231192 7.8014552593231183 13.002425432205198 9.6589446067810041 8.1729531288146955 8.5444509983062762 17.460399866104126 7.4299573898315421
leaf_count=26 25 23 25 23 33 22 39 24 25 24 21 37 24 41 21 22 26 34 32 33 44 20 39 21 33 21 21 35 26 22 23 47 20
internal_value=-0.79478 -0.796341 -0.795386 -0.797042 -0.795588 -0.807969 -0.79427 -0.797097 -0.789913 -0.787531 -0.796633 -0.80114 -0.791989 -0.804485 -0.784352 -0.808808 -0.794105 -0.799282 -0.807793 -0.780703 -0.797676 -0.786599 -0.786578 -0.782232 -0.779677 -0.810648 -0.779932 -0.775269 -0.779513 -0.790698 -0.815078 -0.810605 -0.77374
internal_weight=353.666 308.715 291.254 246.675 221.413 20.4324 200.98 121.48 79.5005 35.2923 16.7174 86.1875 22.6614 63.5261 44.9512 25.2619 57.9537 34.1778 21.5469 35.6638 31.5773 23.7759 44.5797 30.0913 21.5469 17.4604 15.2314 20.8039 18.5749 15.9744 17.0889 31.9488 19.6894
internal_count=952 831 784 664 596 55 541 327 214 95 45 232 61 171 121 68 156 92 58 96 85 64 120 81 58 47 41 56 50 43 46 86 53
is_linear=0
shrinkage=1


Tree=2
num_leaves=33
num_cat=0
split_feature=0 10 7 24 41 30 17 30 37 21 30 29 26 12 29 33 19 14 24 35 30 22 0 21 37 40 37 2 21 29 30 26
split_gain=7.04972 6.71897 5.14856 4.71323 4.23195 3.49903 3.92169 3.93919 3.68568 3.98805 3.11006 3.49474 3.31086 2.67705 2.13754 4.10471 2.12425 1.92897 3.07883 2.03714 1.91198 1.84764 1.53851 2.20804 1.26789 1.23977 1.1032 1.06365 0.895649 0.70993 0.396275 0.315522
threshold=-1.0932215359059982 -0.53999916360809042 -0.20351644717711498 -0.64564197825478453 487.50000000000006 -1.4044167934434419 -1.0629128807785848 0.47684529570605055 -0.53433084533403763 -0.2478099380862353 0.39505129182998588 0.35399029425912637 0.37354294345238764 -0.15037543200163545 -0.16169258276411552 -0.31786498372260191 0.2519876374813142 0.044215376876148987 1.0000000180025095e-35 -0.45645289671107686 -0.6682707585588582 1.1299877716943778 0.59138525947929754 1.2620464526855759 -0.53433084533403763 631.50000000000011 1.0000000180025095e-35 -0.075187584094319859 -1.0000000180025095e-35 -0.67737545978735747 1.0000000180025095e-35 0.50018570775675852
decision_type=2 2 2 2 2 2 2 2 2 2 2 2 2 2 2 2 2 2 2 2 2 2 2 2 2 2 2 2 2 2 2 2
left_child=-1 4 10 14 -2 -5 24 13 -9 27 11 17 -12 16 29 -16 20 26 -19 -20 -8 31 23 28 -7 -17 -3 -10 -13 -4 -18 -6
right_child=1 2 3 5 21 6 7 8 9 -11 12 22 -14 -15 15 25 30 18 19 -21 -22 -23 -24 -25 -26 -27 -28 -29 -30 -31 -32 -33
leaf_value=-1.031554537462311 -1.0509971240937266 -1.0496688602105748 -1.0432351782846889 -1.0352165095670345 -1.0787147855012564 -1.0517783861950947 -1.0556149857589472 -1.0316458554752623 -1.053858279951666 -1.0379124278179517 -1.0751531968682633 -1.0650107703652745 -1.0542433206666757 -1.0448454070065232 -1.0617346987093808 -1.0504522615723941 -1.0573247695459518 -1.0347661412289799 -1.062448168069384 -1.0439406767512662 -1.0703011498605755 -1.0560683675467499 -1.0527435504676996 -1.0781237071116663 -1.0339292714687427 -1.0325290152067119 -1.0639676046302422 -1.070660094777969 -1.0523531728049562 -1.0240464694408087 -1.0483118966008089 -1.0659278252266082
leaf_weight=11.242452889680861 13.286535233259199 7.4949685931205776 6.8136078119277954 8.5170097649097425 13.627215623855593 7.1542882025241878 12.945854842662802 7.8356489837169674 7.1542882025241887 7.1542882025241825 14.308576405048372 7.4949685931205776 13.286535233259199 7.1542882025241914 8.8576901555061358 6.8136078119277981 7.1542882025241834 13.286535233259203 9.1983705461025256 9.198370546102522 28.276472419500351 7.8356489837169638 11.242452889680861 7.1542882025241843 8.8576901555061323 10.901772499084471 8.5170097649097425 6.8136078119277954 9.1983705461025256 7.1542882025241834 7.1542882025241852 11.242452889680861
leaf_count=33 39 22 20 25 40 21 38 23 21 21 42 22 39 21 26 20 21 39 27 27 83 23 33 21 26 32 25 20 27 21 21 33
internal_value=-1.05343 -1.05432 -1.05249 -1.049 -1.06472 -1.05219 -1.05371 -1.0562 -1.04737 -1.05399 -1.0574 -1.05434 -1.06585 -1.06043 -1.04037 -1.04638 -1.06271 -1.04918 -1.04496 -1.05343 -1.06607 -1.07034 -1.0614 -1.06552 -1.04074 -1.03834 -1.05718 -1.06332 -1.05819 -1.03112 -1.05314 -1.0742
internal_weight=324.328 313.085 267.093 156.713 45.9919 116.172 107.655 91.643 28.9578 21.1222 110.38 82.7853 27.5951 62.6852 40.541 26.5731 55.5309 47.6953 31.6833 18.3967 41.2223 32.7053 35.0901 23.8476 16.012 17.7154 16.012 13.9679 16.6933 13.9679 14.3086 24.8697
internal_count=952 919 784 460 135 341 316 269 85 62 324 243 81 184 119 78 163 140 93 54 121 96 103 70 47 52 47 41 49 41 42 73
is_linear=0
shrinkage=1


end of trees

feature_importances:
Column_29=8
Column_21=7
Column_26=6
Column_30=6
Column_33=6
Column_15=5
Column_37=5
Column_24=4
Column_35=4
Column_2=3
Column_17=3
Column_32=3
Column_36=3
Column_0=2
Column_1=2
Column_13=2
Column_14=2
Column_16=2
Column_20=2
Column_25=2
Column_28=2
Column_31=2
Column_41=2
Column_6=1
Column_7=1
Column_10=1
Column_12=1
Column_19=1
Column_22=1
Column_23=1
Column_27=1
Column_40=1

parameters:
[boosting: gbdt]
[objective: multiclass]
[metric: multi_logloss]
[tree_learner: serial]
[device_type: cpu]
[data_sample_strategy: bagging]
[data: ]
[valid: ]
[num_iterations: 900]
[learning_rate: 0.03]
[num_leaves: 96]
[num_threads: 2]
[seed: 42]
[deterministic: 0]
[force_col_wise: 1]
[force_row_wise: 0]
[histogram_pool_size: -1]
[max_depth: 10]
[min_data_in_leaf: 20]
[min_sum_hessian_in_leaf: 0.001]
[bagging_fraction: 0.85]
[pos_bagging_fraction: 1]
[neg_bagging_fraction: 1]
[bagging_freq: 0]
[bagging_seed: 400]
[bagging_by_query: 0]
[feature_fraction: 0.8]
[feature_fraction_bynode: 1]
[feature_fraction_seed: 30056]
[extra_trees: 0]
[extra_seed: 12879]
[early_stopping_round: 0]
[early_stopping_min_delta: 0]
[first_metric_only: 0]
[max_delta_step: 0]
[lambda_l1: 0.2]
[lambda_l2: 1.5]
[linear_lambda: 0]
[min_gain_to_split: 0]
[drop_rate: 0.1]
[max_drop: 50]
[skip_drop: 0.5]
[xgboost_dart_mode: 0]
[uniform_drop: 0]
[drop_seed: 17869]
[top_rate: 0.2]
[other_rate: 0.1]
[min_data_per_group: 100]
[max_cat_threshold: 32]
[cat_l2: 10]
[cat_smooth: 10]
[max_cat_to_onehot: 4]
[top_k: 20]
[monotone_constraints: ]
[monotone_constraints_method: basic]
[monotone_penalty: 0]
[feature_contri: ]
[forcedsplits_filename: ]
[refit_decay_rate: 0.9]
[cegb_tradeoff: 1]
[cegb_penalty_split: 0]
[cegb_penalty_feature_lazy: ]
[cegb_penalty_feature_coupled: ]
[path_smooth: 0]
[interaction_constraints: ]
[verbosity: -1]
[saved_feature_importance_type: 0]
[use_quantized_grad: 0]
[num_grad_quant_bins: 4]
[quant_train_renew_leaf: 0]
[stochastic_rounding: 1]
[linear_tree: 0]
[max_bin: 255]
[max_bin_by_feature: ]
[min_data_in_bin: 3]
[bin_construct_sample_cnt: 200000]
[data_random_seed: 175]
[is_enable_sparse: 1]
[enable_bundle: 1]
[use_missing: 1]
[zero_as_missing: 0]
[feature_pre_filter: 1]
[pre_partition: 0]
[two_round: 0]
[header: 0]
[label_column: ]
[weight_column: ]
[group_column: ]
[ignore_column: ]
[categorical_feature: ]
[forcedbins_filename: ]
[precise_float_parser: 0]
[parser_config_file: ]
[objective_seed: 16083]
[num_class: 3]
[is_unbalance: 0]
[scale_pos_weight: 1]
[sigmoid: 1]
[boost_from_average: 1]
[reg_sqrt: 0]
[alpha: 0.9]
[fair_c: 1]
[poisson_max_delta_step: 0.7]
[tweedie_variance_power: 1.5]
[lambdarank_truncation_level: 30]
[lambdarank_norm: 1]
[label_gain: ]
[lambdarank_position_bias_regularization: 0]
[eval_at: ]
[multi_error_top_k: 1]
[auc_mu_weights: ]
[num_machines: 1]
[local_listen_port: 12400]
[time_out: 120]
[machine_list_filename: ]
[machines: ]
[gpu_platform_id: -1]
[gpu_device_id: -1]
[gpu_device_id_list: ]
[gpu_use_dp: 0]
[num_gpu: 1]

end of parameters

pandas_categorical:null
