tree
version=v4
num_class=1
num_tree_per_iteration=1
label_index=0
max_feature_idx=42
objective=binary sigmoid:1
feature_names=Column_0 Column_1 Column_2 Column_3 Column_4 Column_5 Column_6 Column_7 Column_8 Column_9 Column_10 Column_11 Column_12 Column_13 Column_14 Column_15 Column_16 Column_17 Column_18 Column_19 Column_20 Column_21 Column_22 Column_23 Column_24 Column_25 Column_26 Column_27 Column_28 Column_29 Column_30 Column_31 Column_32 Column_33 Column_34 Column_35 Column_36 Column_37 Column_38 Column_39 Column_40 Column_41 Column_42
feature_infos=[-1.3599564333051022:6.1478760894744147] [-1.6177754446723831:6.1103647892910455] [-1.3692281288693424:4.7477717012331864] [-1.3336439838999337:5.7705572842292767] [-1.6272334610575538:6.704678988345921] [-1.3733677223452576:4.7835100727868616] [-2.14858802309374:4.0962599001733224] [-1.9722819926994757:5.2754704843093894] [-2.3310628640990365:3.2466544294703508] [-2.6555368773725325:3.0756927789660953] [-4.551661926193133:2.3643336418429501] [-2.0529081596746122:3.5347087510325528] [-0.69424581174858147:3.2900352788807434] [-2.642317808137121:2.7986348306816899] [-2.0983220063367307:3.5762315197735211] [-1.4340440791243181:1.1918697883149387] [-1.5822775218579728:1.3227116238834162] [-3.9273880619394994:0.72176333204211363] [-2.3232004377523303:0.43044069024345188] [-2.0899060660484223:2.3776448306794578] [-2.2529028705000584:4.3230835725757126] [-2.2172524169979151:3.7203288398183108] [-2.467827504322829:3.8550228070255832] [-2.2164726985315122:2.4175793095906273] [-2.3653628188716458:4.712641385226493] [-1.9144641003571397:3.5411658811816671] [-2.8592383998317579:3.3349015104172226] [-2.6532073806144907:3.0292674251603571] [-3.0371348696012102:5.3790762806955685] [-2.2434977779087681:3.0394199539733919] [-2.3854911220065826:4.5313110757814599] [-2.7647193031494735:3.0961042074946734] [-3.0947979619549972:4.111411870539488] [-2.2508791684258318:2.8191125183317451] [-2.8204381042518984:2.8197292397501967] [-3.0967911647882005:3.2366122017594172] [-3.2358952092923916:3.6030690512453423] [-1.5355838193187823:2.6629972323315179] [-0.98532333400600591:3.2654480006896502] [-1.2324465711517134:2.7783725837461972] [6:798] [6:798] none
tree_sizes=1979 1767 1806 1915 1901 1904 1800 1914 1719 2137 2121 1811 1920 1914 1913 2051 2034 2040 2043 1943 1937 1720 1935 2020 2019 1929 2103 1926 2015 2119 1926 1941

Tree=0
num_leaves=18
num_cat=0
split_feature=16 26 23 30 26 34 36 32 25 15 27 1 16 15 15 28 30
split_gain=10.9254 8.5719 3.71296 5.22451 7.07368 4.93226 5.60628 4.45474 4.36997 4.19633 2.48473 2.07755 2.02499 1.28047 4.57246 0.52592 0.0373108
threshold=-0.92205271600765693 -0.93691911734069544 0.40949010607103381 0.066829657209177704 -0.61653257025885122 -1.0496878916000776 -0.71561023179793004 1.4620700203576926 0.4924314797335107 -0.75492842375209646 0.6615695894208371 -0.13248723153827099 0.9265767403732269 0.69385164104197639 -0.84547717780172593 -0.26679869929518746 1.0000000180025095e-35
decision_type=2 2 2 2 2 2 2 2 2 2 2 2 2 2 2 2 2
left_child=1 -1 3 4 -2 -5 -7 9 10 -4 -8 13 16 14 -3 -6 -11
right_child=2 11 7 5 15 6 8 -9 -10 12 -12 -13 -14 -15 -16 -17 -18
leaf_value=0.18142165213438058 0.16635238027781471 0.13839190597971021 0.17714848382702747 0.18700547061321041 0.20315342724401286 0.13846069139542933 0.19275822969282758 0.18398189680621274 0.15054551263877552 0.13662467608725504 0.16662308016393051 0.16220306367946921 0.16662308016393051 0.12927801288461588 0.17189079540642335 0.18267360849290673 0.15518579148928235
leaf_weight=6.4546675682067862 9.4337449073791522 7.9442062377929714 5.7098982334137025 7.6959497928619411 10.675027132034304 5.4616417884826722 5.4616417884826607 6.2064111232757559 4.9651288986206046 4.9651288986206037 5.2133853435516357 7.1994369029998806 5.2133853435516349 6.7029240131378165 4.9651288986206046 6.7029240131378165 4.9651288986206055
leaf_count=26 38 32 23 31 43 22 22 25 20 20 21 29 21 27 20 27 20
internal_value=0.167413 0.153266 0.173257 0.177629 0.186795 0.16836 0.160977 0.164418 0.170335 0.157606 0.180977 0.145893 0.149664 0.140985 0.150817 0.197412 0.142558
internal_weight=115.936 33.2664 82.6694 55.6094 26.8117 28.7977 21.1018 27.06 15.6402 20.8535 10.675 26.8117 15.1436 19.6123 12.9093 17.378 9.93026
internal_count=467 134 333 224 108 116 85 109 63 84 43 108 61 79 52 70 40
is_linear=0
shrinkage=1


Tree=1
num_leaves=16
num_cat=0
split_feature=16 26 41 40 22 33 33 41 16 34 3 17 32 33 25
split_gain=10.362 8.15001 6.10807 5.61738 5.50599 5.57235 4.99881 4.06849 3.48692 3.03651 1.70708 1.4191 1.39022 1.01947 0.609282
threshold=-0.92205271600765693 -0.93691911734069544 73.500000000000014 339.00000000000006 0.18369036817811835 0.45311639784487617 -0.5850247570626278 362.50000000000006 0.39839689569297426 0.32756227379578257 0.53747676696687863 1.0000000180025095e-35 -0.49844294877683704 -1.0000000180025095e-35 0.17151206905475722
decision_type=2 2 2 2 2 2 2 2 2 2 2 2 2 2 2
left_child=1 -1 3 6 11 -6 -2 10 -5 -10 -3 12 -4 -14 -8
right_child=2 7 4 8 5 -7 14 -9 9 -11 -12 -13 13 -15 -16
leaf_value=0.013680902335882655 0.0064227222235416085 -0.0319929198460129 0.025061071761513336 -0.0070328513154756592 -0.013223387807029257 0.020968471514089801 -0.01031101793559807 0 0.027287946443113727 0 -0.0072171230319916825 0.033477697045744811 0.013480175140256959 -0.0031730055435876198 -0.027930234646634279
leaf_weight=6.4468069970607749 7.6920517385005978 15.418006360530859 5.4550087302923176 6.9494233876466778 9.6809939146041852 5.4597294330596915 7.4449796974658948 6.460431993007659 8.1818283647298795 5.9587633907794944 4.9710243195295325 8.1817742437124252 4.9594950079917881 4.9606231153011366 7.6978570073843002
leaf_count=26 31 62 22 28 39 22 30 26 33 24 20 33 20 20 31
internal_value=0 -0.0137804 0.00568424 -0.00186926 0.0141571 0 -0.0119208 -0.0209607 0.00881723 0.0169178 -0.027135 0.0227881 0.014274 0.00530428 -0.0213383
internal_weight=115.919 33.2963 82.6225 43.9249 38.6976 15.1407 22.8349 26.8495 21.09 14.1406 20.389 23.5569 15.3751 9.92012 15.1428
internal_count=467 134 333 177 156 61 92 108 85 57 82 95 62 40 61
is_linear=0
shrinkage=0.03


Tree=2
num_leaves=16
num_cat=0
split_feature=41 22 34 40 19 12 32 31 19 24 33 36 12 36 41
split_gain=8.17236 6.26805 5.07953 5.36075 4.93768 4.6992 4.16748 6.60294 4.93811 3.77826 3.44639 6.46994 2.00643 1.26642 1.04184
threshold=168.00000000000003 0.89756056462068112 0.32756227379578257 430.50000000000006 -1.0474775234785834 -0.34877495245339563 0.82622797631406109 -0.6048973057083894 1.0000000180025095e-35 -0.39478210295795974 1.0000000180025095e-35 -1.0132318246176277 -0.22514928567535822 1.1524401912193212 505.50000000000006
decision_type=2 2 2 2 2 2 2 2 2 2 2 2 2 2 2
left_child=2 4 3 10 -2 13 7 14 -9 -5 -1 -12 -7 -4 -6
right_child=1 -3 5 9 6 12 -8 8 -10 -11 11 -13 -14 -15 -16
leaf_value=0.0053868212666543808 -0.01005031595546638 -0.012850015401889349 -0.0094337274376796055 -0.00027917920859831744 0.035102063002401165 -0.033353359495892021 0.035047809562699227 0.012415516617147425 -0.019537127458917031 0.02595584777503835 0.0038553290460891726 -0.031742546443512917 -0.0071085678383997391 0.0091558706210655982 0.010304130425117847
leaf_weight=8.6855272948741931 5.2054206728935233 7.9494183808565131 5.2172327637672442 9.6635556817054766 5.9495549201965314 10.445423692464827 8.9255103021860105 7.6754289865493792 6.7077974379062653 7.6892095804214469 7.1995534598827389 8.953899532556532 5.4657017886638632 4.9652190655469894 5.2018181830644608
leaf_count=35 21 32 21 39 24 42 36 31 27 31 29 36 22 20 21
internal_value=0 0.00937976 -0.00659364 0 0.0142865 -0.0166021 0.0183955 0.0107311 -0.00254603 0.0121678 -0.00878645 -0.0165573 -0.0260716 0 0.0266019
internal_weight=115.9 47.6149 68.2853 42.1917 39.6655 26.0936 34.4601 25.5346 14.3832 17.3528 24.839 16.1535 15.9111 10.1825 11.1514
internal_count=467 192 275 170 160 105 139 103 58 70 100 65 64 41 45
is_linear=0
shrinkage=0.03


Tree=3
num_leaves=17
num_cat=0
split_feature=16 26 20 23 26 14 38 34 24 34 31 22 38 26 15 29
split_gain=9.59042 7.60375 5.27306 5.35402 6.28893 4.57257 4.03865 6.18348 2.81938 3.7765 2.64592 2.57224 2.45614 1.79985 1.18058 1.00921
threshold=-0.92205271600765693 -0.83012360164674714 0.30442519069607504 0.40949010607103381 -0.61653257025885122 -0.53157032610233712 1.0000000180025095e-35 0.91781234467972306 -0.39478210295795974 0.32756227379578257 -0.6048973057083894 -1.0000000180025095e-35 1.0000000180025095e-35 0.34462707098668 0.87494914914123545 0.32458723064505968
decision_type=2 2 2 2 2 2 2 2 2 2 2 2 2 2 2 2
left_child=1 -1 3 4 5 -2 -5 -8 -3 -10 -4 -6 -12 -14 -11 -7
right_child=2 8 10 6 11 15 7 -9 9 14 12 -13 13 -15 -16 -17
leaf_value=0.011363985471807078 0.022363368769462148 -0.033810688276035908 0.0080104112627551616 0.014858665060023162 0.034178246049994358 -0.01700013294557284 -0.029272889864731446 0.0092905901846033756 0.0049594175046068726 -0.006547731598336254 -0.02142881151505268 0.0061428969341414787 0.009796528387352052 -0.011175043491882097 -0.030671101243472044 0
leaf_weight=7.431605413556098 4.9486437141895285 8.9699814319610613 8.6745440512895602 6.6897468268871334 14.826079338788984 4.9608968645334226 6.4617072045803052 5.6979540884494781 6.7149786949157741 4.9787437766790372 8.4475706070661563 5.2068307846784618 5.708836689591406 5.9587551355361938 5.2326073944568634 4.9638068377971649
leaf_count=30 20 36 35 27 60 20 26 23 27 20 34 21 23 24 21 20
internal_value=0 -0.0132272 0.00549522 0.0109716 0.0177096 0.00204873 -0.00159711 -0.0117272 -0.020739 -0.0112977 -0.00456897 0.0281056 -0.0104508 -0.000511129 -0.0217667 -0.00916163
internal_weight=115.873 33.3279 82.5454 53.7557 34.9063 14.8733 18.8494 12.1597 25.8963 16.9263 28.7897 20.0329 20.1152 11.6676 10.2114 9.9247
internal_count=467 134 333 217 141 60 76 49 104 68 116 81 81 47 41 40
is_linear=0
shrinkage=0.03


Tree=4
num_leaves=17
num_cat=0
split_feature=16 26 41 40 32 22 33 26 23 28 41 38 29 17 32 33
split_gain=9.11355 7.24563 5.49396 5.29701 5.22966 4.93467 5.221 3.85822 3.79708 6.36714 3.69035 2.15931 2.76112 1.38273 1.37241 0.981598
threshold=-0.92205271600765693 -0.93691911734069544 73.500000000000014 704.00000000000011 1.0381753243286049 0.18369036817811835 0.45311639784487617 -0.61653257025885122 0.40949010607103381 0.59235618896427533 362.50000000000006 -1.0000000180025095e-35 1.0000000180025095e-35 1.0000000180025095e-35 -0.49844294877683704 -1.0000000180025095e-35
decision_type=2 2 2 2 2 2 2 2 2 2 2 2 2 2 2 2
left_child=1 -1 3 4 7 13 -7 -2 9 -9 11 -3 -13 14 -4 -16
right_child=2 10 5 -5 -6 6 -8 8 -10 -11 -12 12 -14 -15 15 -17
leaf_value=0.013004293618258146 -0.016070482292437301 -0.038324947786179009 0.023996086063690102 0.019620616156164193 -0.029634698608070571 -0.012767302072165643 0.020346834853167132 0.028533594920316395 -0.0094332689298568893 -0.0093641626229035227 0 -0.024795813901775481 0.00098372193021586322 0.032071488567351106 0.012677369222100821 -0.0036586609385848073
leaf_weight=6.4282544553279868 9.1906366795301455 7.4823154360055968 5.426068872213361 6.9367786943912497 5.7181983441114417 9.690609544515608 5.4440353959798804 8.8945100605487841 7.9539756327867499 5.2161011844873419 6.46372066438198 7.4847066700458527 5.482280895113945 8.1255092769861221 4.9404213875532124 4.9480038136243865
leaf_count=26 37 30 22 28 23 39 22 36 32 21 26 30 22 33 20 20
internal_value=0 -0.0128957 0.00535474 -0.00179823 -0.00658098 0.0134093 0 -0.00101613 0.0056237 0.0145864 -0.0196531 -0.0255207 -0.0145099 0.0216102 0.013337 0.004571
internal_weight=115.826 33.3413 82.4848 43.9102 36.9734 38.5746 15.1346 31.2552 22.0646 14.1106 26.913 20.4493 12.967 23.44 15.3145 9.88843
internal_count=467 134 333 177 149 156 61 126 89 57 108 82 52 95 62 40
is_linear=0
shrinkage=0.03


Tree=5
num_leaves=17
num_cat=0
split_feature=16 26 41 40 32 22 33 25 20 35 41 33 26 16 38 29
split_gain=8.65839 6.9086 5.25462 5.05118 4.96874 4.70458 4.97222 3.68592 5.94642 5.32933 2.80153 1.79786 1.36481 1.74297 1.20714 2.10686
threshold=-0.92205271600765693 -0.83012360164674714 73.500000000000014 704.00000000000011 1.0381753243286049 0.18369036817811835 0.45311639784487617 0.4924314797335107 -1.0000000180025095e-35 0.069910518485608183 362.50000000000006 -0.5850247570626278 -0.40294153887095557 0.66248681803310061 1.0000000180025095e-35 1.0000000180025095e-35
decision_type=2 2 2 2 2 2 2 2 2 2 2 2 2 2 2 2
left_child=1 -1 3 4 7 12 -7 8 11 -9 14 -2 -4 -14 -3 -16
right_child=2 10 5 -5 -6 6 -8 9 -10 -11 -12 -13 13 -15 15 -17
leaf_value=0.010883153273450547 0.031500194316006196 -0.03584618347617461 0.007209377062276999 0.019166852042228361 -0.028885728306923708 -0.012425606360445072 0.019901789900720744 -0.030518871822262272 -0.01084547480455118 0.0067244499536010987 -0.00078149782426659565 0.0057644057608501453 0.036649261435145901 0.012333828051121433 -0.024158105474817056 0
leaf_weight=7.4152907133102408 4.9422467052936554 6.9932574629783693 7.4030517637729654 6.9236822873353949 5.7291877865791312 9.6994913220405561 5.4325187355279914 5.9706370830535871 8.6907063424587268 5.2145131528377533 6.2153572142124167 6.4281278401613253 7.3672564327716836 8.6151561737060529 7.4913026541471464 5.2335166782140732
leaf_count=30 20 28 30 28 23 39 22 24 35 21 25 26 30 35 30 21
internal_value=0 -0.0125626 0.00522701 -0.00176433 -0.00643409 0.0131126 0 -0.000999629 0.00640552 -0.013941 -0.0197138 0.0197844 0.0211337 0.0260683 -0.0249216 -0.0153491
internal_weight=115.765 33.3487 82.4166 43.8991 36.9754 38.5175 15.132 31.2462 20.0611 11.1852 25.9334 11.3704 23.3855 15.9824 19.7181 12.7248
internal_count=467 134 333 177 149 156 61 126 81 45 104 46 95 65 79 51
is_linear=0
shrinkage=0.03


Tree=6
num_leaves=16
num_cat=0
split_feature=16 26 41 40 32 22 33 26 20 41 12 15 38 29 24
split_gain=8.25091 6.58853 5.00974 4.80776 4.7341 4.48311 4.73592 3.53506 6.03229 3.34634 2.55637 6.11767 1.96552 2.50289 1.90696
threshold=-0.92205271600765693 -0.93691911734069544 73.500000000000014 704.00000000000011 1.0381753243286049 0.18369036817811835 0.45311639784487617 -0.61653257025885122 1.0000000180025095e-35 362.50000000000006 -0.29858688804061306 -1.0718490629257997 1.0000000180025095e-35 1.0000000180025095e-35 -1.0000000180025095e-35
decision_type=2 2 2 2 2 2 2 2 2 2 2 2 2 2 2
left_child=1 -1 3 4 7 10 -7 -2 14 12 11 -4 -3 -14 -9
right_child=2 9 5 -5 -6 6 -8 8 -10 -11 -12 -13 13 -15 -16
leaf_value=0.012450681554050554 -0.015355340012012169 -0.036490548083481192 0.029130396540265186 0.018725917068826196 -0.028166035140633549 -0.012094103784662157 0.019469023384833053 0.02791998020240204 -0.01135419639095165 0 0.033978396878293605 -0.0056113313734759297 -0.023543036811583738 0.00094900475618424948 0.0032609784767466906
leaf_weight=6.4112692624330512 9.2066477537155169 7.496236175298697 7.1169080436229697 6.909643903374671 5.7375051379203788 9.7073881179094297 5.4202060103416434 6.6353953778743744 9.4469771683216077 6.4638437181711188 7.8419497460126903 8.369599983096121 7.4955221116542798 5.4817820191383362 5.9515050947666186
leaf_count=26 37 30 29 28 23 39 22 27 38 26 32 34 30 22 24
internal_value=0 -0.0122562 0.00511202 -0.00171043 -0.0062662 0.0128202 0 -0.000954752 0.00540264 -0.0186941 0.0206641 0.0111637 -0.0242762 -0.0137564 0.0182751
internal_weight=115.692 33.3487 82.3437 43.8877 36.978 38.4561 15.1276 31.2405 22.0339 26.9374 23.3285 15.4865 20.4735 12.9773 12.5869
internal_count=467 134 333 177 149 156 61 126 89 108 95 63 82 52 51
is_linear=0
shrinkage=0.03


Tree=7
num_leaves=17
num_cat=0
split_feature=16 22 19 1 41 40 33 22 33 16 12 12 15 15 29 33
split_gain=7.84667 6.27258 8.27524 5.40816 4.77481 4.5998 4.38041 4.26953 4.51143 3.2741 3.03809 2.4471 5.20582 0.808702 0.604246 0.421057
threshold=-0.92205271600765693 -0.7341427415337477 -0.20360679854109512 -0.13248723153827099 73.500000000000014 339.00000000000006 -0.5850247570626278 0.18369036817811835 0.45311639784487617 0.39839689569297426 -0.29047858452116881 -0.28884329266862024 -1.0718490629257997 0.69385164104197639 -0.58035701046438437 0.45311639784487617
decision_type=2 2 2 2 2 2 2 2 2 2 2 2 2 2 2 2
left_child=1 -1 -3 13 5 6 -2 11 -9 -7 -11 12 -6 -4 -8 -16
right_child=4 2 3 -5 7 9 14 8 -10 10 -12 -13 -14 -15 15 -17
leaf_value=-0.03114115521047562 0.0063731703687370366 0.023845359627674728 -0.011535299119927674 0.0081831438804435813 0.028506068375163722 -0.0072770315772677091 -0.028899145199117765 -0.011772398602830424 0.019047985880539641 0.02535878004575624 -0.0013645337795505235 0.034530222907383591 -0.0029341171528521628 -0.033141164022243021 -0.002351067360338647 -0.016587963929410376
leaf_weight=9.2109434455633146 7.6799390316009548 5.9491978138685253 6.9729150384664553 5.9621208012104026 7.0878863930702236 6.9322746396064785 4.9874791502952585 9.7143641114234907 5.4071674793958655 8.874743640422821 5.1915101706981632 6.8212166577577618 9.3568751215934736 5.2457683533430099 4.9652012884616816 5.2366672605276108
leaf_count=37 31 24 28 24 29 28 20 39 22 36 21 28 38 21 20 21
internal_value=0 -0.0119445 -0.00298899 -0.0132229 0.00499677 -0.00166036 -0.0107482 0.0125311 0 0.00802711 0.0159293 0.0202005 0.0115327 -0.023858 -0.0195592 -0.0113612
internal_weight=115.596 33.3409 24.13 18.1808 82.2553 43.8678 22.8693 38.3875 15.1215 20.9985 14.0663 23.266 16.4448 12.2187 15.1893 10.2019
internal_count=467 134 97 73 333 177 92 156 61 85 57 95 67 49 61 41
is_linear=0
shrinkage=0.03


Tree=8
num_leaves=15
num_cat=0
split_feature=16 34 20 23 22 29 32 20 22 16 31 30 19 13
split_gain=7.45142 6.0516 4.34199 4.78856 3.37525 4.82311 2.79585 2.70532 4.30676 2.6202 2.27943 2.47883 2.58815 1.62068
threshold=-0.92205271600765693 -0.52502116192546422 0.30442519069607504 0.40949010607103381 -1.3460314813416585 -0.25425097763215249 1.2501226723431487 0.30442519069607504 -0.7341427415337477 0.66248681803310061 -0.6048973057083894 0.40218976376859822 1.2235275156914225 0.31755879010715421
decision_type=2 2 2 2 2 2 2 2 2 2 2 2 2 2
left_child=1 -1 3 4 -2 13 9 8 -3 -5 -4 -12 -13 -6
right_child=2 7 10 6 5 -7 -8 -9 -10 -11 11 12 -14 -15
leaf_value=0.0071711092026047578 -0.0046604952731603049 -0.026258524753839625 0.0074374221325370742 -0.020516400241764692 -0.0045794619818529921 0.029605908021007061 0.013999336773521085 -0.034572329913767172 0.0019886368591141572 0.0033802574548736021 -0.022127144253588353 0.010983188466761282 -0.013147784290686157 0.014878621912130971
leaf_weight=9.6531955301761609 4.9070955812931052 7.229928687214854 8.6391645222902316 6.9448296725749987 6.8985025137662905 17.404239982366562 5.1666553467512122 6.7348293811082831 9.722508519887926 6.6718828827142715 7.1951908767223385 6.4593236446380597 6.4728295207023621 5.4043728709220886
leaf_count=39 20 29 35 28 28 71 21 27 39 27 29 26 26 22
internal_value=0 -0.0116426 0.00486925 0.00986889 0.016284 0.0199936 -0.00198713 -0.0195184 -0.0108884 -0.00923709 -0.00424221 -0.00970096 -0.000790339 0.00422136
internal_weight=115.505 33.3405 82.1641 53.3976 34.6142 29.7071 18.7834 23.6873 16.9524 13.6167 28.7665 20.1273 12.9322 12.3029
internal_count=467 134 333 217 141 121 76 95 68 55 116 81 52 50
is_linear=0
shrinkage=0.03


Tree=9
num_leaves=19
num_cat=0
split_feature=16 7 41 40 31 25 28 22 15 2 33 33 24 35 15 36 22 36
split_gain=7.07473 5.9719 4.54405 4.42933 4.27278 8.29181 6.29784 4.1954 5.95248 4.08088 5.70967 3.63537 3.45584 3.02813 2.88693 2.7042 1.33767 0.818312
threshold=-0.92205271600765693 -0.095352485220473182 73.500000000000014 704.00000000000011 0.65409441139294555 0.4924314797335107 -0.40706888513346706 -0.7341427415337477 0.69385164104197639 1.1784642277553108 -0.93268132986886165 1.0000000180025095e-35 -0.39478210295795974 0.069910518485608183 -0.93602593185135541 -0.21535266088822552 1.0000000180025095e-35 -0.10136992321259679
decision_type=2 2 2 2 2 2 2 2 2 2 2 2 2 2 2 2 2 2
left_child=1 7 3 4 5 6 -2 -1 14 10 -4 -3 -12 -7 -9 -14 -17 -8
right_child=2 11 9 -5 -6 13 17 8 -10 -11 12 -13 15 -15 -16 16 -18 -19
leaf_value=-0.037893306367150555 0.033866199863330462 -0.0091769578492677771 -0.0099002578090661777 0.017901336769824982 -0.0230300995374919 -0.030275329300050009 -0.0089525049678595651 -0.0099562292543627501 -0.029061748556610208 -0.0067029333311547246 0.03519000493101393 0.02257609714977369 -0.003354313160690139 -0.00028902853280852753 0.017745616720312437 0.029540442020023695 0.0049549603673599051 0.0057231995160853637
leaf_weight=6.4795326590538052 6.1253391504287746 4.9895041733980161 4.9005750566720989 6.8769546598196021 8.4675037413835508 6.2336901724338514 5.2178226262331009 4.9755435138940829 6.4897434413433066 7.1381636708974829 10.256139814853672 4.9426151067018509 6.1294260621070888 5.7111528664827347 5.4615198820829391 4.8792507499456335 4.9645939767360687 5.1907916367054003
leaf_count=26 25 20 20 28 34 25 21 20 26 29 42 20 25 23 22 20 20 21
internal_value=0 -0.0113555 0.00473602 -0.00175242 -0.00612241 0 0.0131082 -0.0193325 -0.00939563 0.0121031 0.0167091 0.00698866 0.0221636 -0.0180161 0.00444535 0.0111534 0.0199648 -0.00133085
internal_weight=115.43 33.3385 82.0914 43.8233 36.9463 28.4788 16.534 23.4063 16.9268 38.2681 31.13 9.93212 26.2294 11.9448 10.4371 15.9733 9.84384 10.4086
internal_count=467 134 333 177 149 115 67 94 68 156 127 40 107 48 42 65 40 42
is_linear=0
shrinkage=0.03


Tree=10
num_leaves=19
num_cat=0
split_feature=16 1 41 32 31 20 33 24 2 36 31 23 25 35 41 27 24 15
split_gain=6.73323 5.68946 4.32144 4.33933 5.7178 7.00619 3.47752 3.41158 3.33137 3.04005 2.71218 3.43666 4.57985 1.93712 1.4487 0.77994 0.487565 0.526825
threshold=-0.92205271600765693 -0.13248723153827099 73.500000000000014 0.82622797631406109 -0.6048973057083894 -0.5306207068373564 -1.0000000180025095e-35 1.0127755512661021 1.0547282353414114 -0.81783284574512116 -0.71343107442402187 0.71842690661250974 0.4924314797335107 -0.62454160503934952 449.50000000000006 0.47215376256167552 -0.39478210295795974 0.69385164104197639
decision_type=2 2 2 2 2 2 2 2 2 2 2 2 2 2 2 2 2 2
left_child=1 9 7 4 8 -6 -3 10 -4 -1 -2 12 13 -12 -7 -15 -11 -18
right_child=2 6 3 -5 5 14 -8 -9 -10 16 11 -13 -14 15 -16 -17 17 -19
leaf_value=0 -0.010241579496496732 -0.0089642461818558207 0.028593081674642584 0.02826586905911942 0.019027481072423271 -0.030118291527386338 0.022095455970050439 -0.018369583711533591 -0.00031874565786891006 -0.032289964810766202 0.0025336626659865579 -0.011418527743392861 -0.00810816196326666 0.035749422929173595 -0.0056359877846258585 0.011591937888477937 -0.0048483840912530527 -0.021471690343126404
leaf_weight=5.4506049156188991 9.6599342823028547 4.9902438968420029 8.5169557780027372 9.2965588420629484 4.8341822028160086 4.9610691368579882 4.9314253628253919 7.4689438492059699 4.9084297716617575 7.4768641442060497 4.9066558778285989 5.4539041370153418 5.7163035422563544 5.3713357895612752 5.6858993470668793 5.2152242660522461 5.4851145744323713 4.9896319955587387
leaf_count=22 39 20 35 38 20 20 20 30 20 30 20 22 23 22 23 21 22 20
internal_value=0 -0.0110835 0.00461978 0.011812 0.00518969 -0.00674704 0.00682257 -0.00170546 0.018651 -0.0188697 0.00215505 0.00716556 0.0126471 0.0206977 -0.0198482 0.0272608 -0.0244233 -0.0149657
internal_weight=115.319 33.3239 81.9954 38.2031 28.9065 15.4812 9.92167 43.7923 13.4254 23.4022 36.3234 26.6634 21.2095 15.4932 10.647 10.5866 17.9516 10.4747
internal_count=467 134 333 156 118 63 40 177 55 94 147 108 86 63 43 43 72 42
is_linear=0
shrinkage=0.03


Tree=11
num_leaves=16
num_cat=0
split_feature=12 16 26 26 40 20 26 0 10 41 40 21 26 26 19
split_gain=6.57343 5.96928 4.67523 4.07297 3.78224 3.70378 3.35631 4.41954 2.91523 2.70997 2.26595 2.1152 1.97421 1.48131 1.03605
threshold=-0.086587612368241029 -0.92205271600765693 0.34462707098668 -0.83012360164674714 168.00000000000003 1.0350903510378275 -0.40294153887095557 -0.39691286157860067 0.15805609251377911 296.00000000000006 339.00000000000006 -0.23805866472583989 -0.83012360164674714 -1.0000000180025095e-35 -1.0000000180025095e-35
decision_type=2 2 2 2 2 2 2 2 2 2 2 2 2 2 2
left_child=1 3 5 -1 -2 6 7 -3 -5 10 11 -4 -9 -8 -10
right_child=4 2 9 8 -6 -7 13 12 14 -11 -12 -13 -14 -15 -16
leaf_value=0.0071225295711483541 0.027088308849308844 0.020158450895473377 -0.0055832858157118951 -0.0007627907323365401 -0.00090361966794379146 -0.0084770850479211519 0.028430217292808004 0.0024626921041938669 -0.014004522295502997 0.00578015124045089 0 -0.034550450824792717 -0.018796051336498996 0.0075704760754699884 -0.034523810225705651
leaf_weight=5.4272263944149044 9.9813188165426272 6.6012783497571936 5.4736137688159978 6.4740996360778835 6.1912149637937537 8.9409972429275495 9.5028336793184298 7.1397825330495825 9.7228001356124931 7.1322354674339286 6.9270490109920493 4.9552821815013903 5.6599731892347327 7.5915012955665615 7.4832666814327196
leaf_count=22 41 27 22 26 25 36 39 29 39 29 28 20 23 31 30
internal_value=0 -0.00297389 0.0017512 -0.0140505 0.0168657 0.00743854 0.0116763 0.00239257 -0.0192766 -0.0083907 -0.0145288 -0.0224638 -0.00750377 0.0208472 -0.0253023
internal_weight=115.204 99.0319 69.9245 29.1074 16.1725 45.4364 36.4954 19.401 23.6802 24.4882 17.3559 10.4289 12.7998 17.0943 17.2061
internal_count=467 401 284 117 66 185 149 79 95 99 70 42 52 70 69
is_linear=0
shrinkage=0.03


Tree=12
num_leaves=17
num_cat=0
split_feature=16 22 19 10 41 3 33 40 26 25 36 33 28 26 15 30
split_gain=6.09735 5.53526 7.42911 4.55927 3.93404 4.91286 4.95806 3.91662 3.6707 5.003 4.31625 3.71315 2.9581 1.8814 0.631531 0.44057
threshold=-0.92205271600765693 -0.7341427415337477 -0.20360679854109512 0.15805609251377911 168.00000000000003 -0.91522189752504091 -0.93268132986886165 704.00000000000011 0.34462707098668 0.4924314797335107 -0.21535266088822552 1.0953153448341693 -0.40706888513346706 0.66501361806852388 0.69385164104197639 1.0000000180025095e-35
decision_type=2 2 2 2 2 2 2 2 2 2 2 2 2 2 2 2
left_child=1 -1 -3 -4 7 -6 -7 8 9 10 -2 -11 -10 15 -5 -8
right_child=4 2 3 14 5 6 13 -9 12 11 -12 -13 -14 -15 -16 -17
leaf_value=-0.028560045217675731 -0.0028031551316832094 0.023266293548624108 0.0076931678710659233 -0.010495037781813316 -0.010933262723691899 -0.007276707160159334 0.032097265567412353 0.017506795931690439 0.00024414652202500703 -0.026729135283742739 0.028328355796857069 0.0026430113365411125 -0.026013120068821654 0.003307129123643701 -0.030072374428554993 0.014199712485060285
leaf_weight=9.2222694158554059 6.6439934074878666 5.9220195710659054 5.9426999092102077 6.9692845493555051 5.6561953723430625 5.1475476920604732 11.06484135985375 6.8583527505397788 5.444947972893714 5.475246995687483 6.8369123190641448 7.4499192386865616 8.7270176112651807 4.9204990565776816 5.2304873317480087 7.5890597999095908
leaf_count=37 27 24 24 28 23 21 46 28 22 22 28 30 35 20 21 31
internal_value=0 -0.0105665 -0.00216497 -0.0119145 0.00438724 0.0119008 0.0169155 -0.00113328 -0.00493812 0.00159659 0.0138404 -0.010869 -0.0164843 0.0225566 -0.0217002 0.0267124
internal_weight=115.101 33.2868 24.0645 18.1425 81.8145 34.3781 28.7219 47.4364 40.578 26.4061 13.4809 12.9252 14.172 23.5744 12.1998 18.6539
internal_count=467 134 97 73 333 141 118 192 164 107 55 52 57 97 49 77
is_linear=0
shrinkage=0.03


Tree=13
num_leaves=17
num_cat=0
split_feature=16 26 41 32 31 22 40 33 2 16 24 34 34 15 17 30
split_gain=5.79445 5.25712 3.76412 4.2157 5.3682 5.53209 4.02958 4.02715 3.08481 2.96788 2.93476 3.74454 2.64036 1.03173 0.528303 0.159425
threshold=-0.92205271600765693 -0.93691911734069544 73.500000000000014 0.82622797631406109 -0.6048973057083894 -0.42819837162979252 339.00000000000006 -0.5850247570626278 1.0547282353414114 0.39839689569297426 -0.39478210295795974 0.32756227379578257 0.32756227379578257 0.87494914914123545 -1.0000000180025095e-35 0.25546971714885175
decision_type=2 2 2 2 2 2 2 2 2 2 2 2 2 2 2 2
left_child=1 -1 6 4 8 -6 7 -2 -4 -8 -3 -12 -11 -13 -9 -7
right_child=2 10 3 -5 5 15 9 14 -10 12 11 13 -14 -15 -16 -17
leaf_value=0.011716513843242083 0.0062791462817222716 -0.028422937951354383 0.027283197565377112 0.027255729015361965 0.015327568598650467 -0.024264616172584057 -0.0070631001168903031 -0.0081898431967914725 -0.00050823809421862492 0.024806925930855147 0.0083369720450482947 -0.0043472597445636104 0 -0.025917259772085217 -0.024160558735878423 -0.0085841981060439596
leaf_weight=6.3750543892383567 7.6550104022026089 9.7020270973444003 8.4238229990005475 9.2280347943305951 5.0512810349464408 5.1648833900690096 6.9195228070020702 6.96615907549858 4.9020592868328086 8.0502964556217176 6.9628470093011883 4.9858675599098188 5.926241233944892 5.2328861802816391 8.2066315710544568 5.2128205150365829
leaf_count=26 31 39 35 38 21 21 28 28 20 33 28 20 24 21 33 21
internal_value=0 -0.0103072 0.00427729 0.0110167 0.00451399 -0.00702522 -0.00161576 -0.010127 0.0176381 0.00746996 -0.0160844 -0.00707323 0.0150399 -0.0178085 -0.0185844 -0.0189721
internal_weight=114.965 33.2587 81.7068 37.9829 28.7549 15.429 43.7239 22.8278 13.3259 20.8961 26.8836 17.1816 13.9765 10.2188 15.1728 10.3777
internal_count=467 134 333 156 118 63 177 92 55 85 108 69 57 41 61 42
is_linear=0
shrinkage=0.03


Tree=14
num_leaves=17
num_cat=0
split_feature=16 22 19 10 41 32 36 28 40 32 31 22 16 21 8 15
split_gain=5.50413 5.20772 7.02121 4.32392 3.58034 4.02756 5.23801 5.10486 3.91903 4.16203 4.20406 3.02548 3.01477 2.59069 1.85726 0.586032
threshold=-0.92205271600765693 -0.7341427415337477 -0.20360679854109512 0.15805609251377911 73.500000000000014 0.82622797631406109 -0.8992490869419989 -0.40706888513346706 704.00000000000011 -0.080435679081487091 -0.71343107442402187 0.43864400976474799 0.9265767403732269 -0.23805866472583989 -0.67481475459942497 0.69385164104197639
decision_type=2 2 2 2 2 2 2 2 2 2 2 2 2 2 2 2
left_child=1 -1 -3 -4 8 6 -6 -8 9 10 -2 -12 -9 -11 -15 -5
right_child=4 2 3 15 5 -7 7 12 -10 13 11 -13 -14 14 -16 -17
leaf_value=-0.027513597530660124 -0.012174590377425807 0.022832780281188101 0.0076583820460576039 -0.010104837514063901 0.021416823722785409 0.026657715645887453 0.013659789620890084 -0.028108200531801561 0.016951504707354015 -0.00049238056918332227 0.025476029491540514 -0.0024720222229454828 0 -0.0063824019551918625 -0.034831226296418827 -0.029060185079039139
leaf_weight=9.2092269808053953 7.4525569826364526 5.9051069915294674 5.9355343133211163 6.9646182805299741 9.1958116888999957 9.1862780451774579 7.2045560181140926 6.1870768517255765 6.8321425616741172 7.1815096139907864 6.844559982419014 4.9550677090883255 6.1236274540424347 4.9668016284704217 5.4676960259675953 5.2137148678302765
leaf_count=37 30 24 24 28 38 38 30 25 28 29 28 20 25 20 22 21
internal_value=0 -0.010057 -0.00190494 -0.0114047 0.00416454 0.0107476 0.00438764 -0.0043071 -0.00157884 -0.00569759 0.0036447 0.0143334 -0.0155979 -0.0157063 -0.0242966 -0.0209554
internal_weight=114.826 33.2282 24.019 18.1139 81.5977 37.8974 28.7111 19.5153 43.7003 36.8682 19.2522 11.7996 12.3107 17.616 10.4345 12.1783
internal_count=467 134 97 73 333 156 118 80 177 149 78 48 50 71 42 49
is_linear=0
shrinkage=0.03


Tree=15
num_leaves=18
num_cat=0
split_feature=12 33 16 22 22 28 40 36 23 38 10 36 28 16 33 20 28
split_gain=5.93082 4.94725 4.54207 3.70011 5.3707 4.07153 3.48696 3.45609 3.32024 3.02972 5.93423 2.82779 1.80864 1.61602 1.58382 1.52338 0.467696
threshold=-0.086587612368241029 1.0953153448341693 -0.92205271600765693 0.18369036817811848 -0.22423545836048903 -0.61747416389088638 168.00000000000003 -0.59529511980698857 0.71842690661250974 1.0000000180025095e-35 0.28080938798458643 -0.8992490869419989 1.0000000180025095e-35 0.9265767403732269 -1.0000000180025095e-35 -0.21747849526231977 -0.82787944264830593
decision_type=2 2 2 2 2 2 2 2 2 2 2 2 2 2 2 2 2
left_child=1 2 9 4 5 -4 16 -5 13 -1 12 -3 -11 -9 -6 -7 -2
right_child=6 11 3 7 14 15 -8 8 -10 10 -12 -13 -14 -15 -16 -17 -18
leaf_value=-0.028234886229527627 0.01120179199469375 0.022653672426014997 0.010428549360119254 -0.027425763269689891 0.028309210926370818 -0.022940183588967936 -0.00094656330157593272 -0.0016100280889284311 -0.017024958050725097 0.014430981847381915 -0.029357988330743746 -0.0034105433583873001 -0.0064105875514923055 0.017694370784841852 0.0041419157151917048 -0.00077037300801738133 0.0334067489354452
leaf_weight=9.4187134057283419 4.8436360210180291 8.290785998106001 8.9745658785104734 5.4588033258914974 7.2328887730836868 6.4085311889648402 6.1784658282995215 8.1673870384693164 7.2050749361515036 6.7031432092189807 5.201483115553855 4.9258503019809714 5.2279245257377625 4.9196672439575186 5.1147222667932528 5.3807357400655764 5.0217254757881173
leaf_count=38 20 34 37 22 30 26 25 33 29 27 21 20 21 20 21 22 21
internal_value=0 -0.00285425 -0.00558806 -0.000727231 0.0056955 -0.0034805 0.0160547 -0.00906489 -0.0023025 -0.0155352 -0.00652045 0.0131743 0.00515592 0.00630883 0.0202648 -0.0145022 0.0259499
internal_weight=114.674 98.6303 85.4136 58.8624 33.1114 20.7638 16.0438 25.7509 20.2921 26.5513 17.1326 13.2166 11.9311 13.0871 12.3476 11.7893 9.86536
internal_count=467 401 347 240 136 85 66 104 82 107 69 54 48 53 51 48 41
is_linear=0
shrinkage=0.03


Tree=16
num_leaves=18
num_cat=0
split_feature=12 34 34 36 28 26 37 29 40 32 4 24 20 35 29 12 28
split_gain=5.6741 5.2168 4.34581 5.84187 4.34695 4.08074 3.84742 3.49459 3.35433 3.32815 3.35228 2.519 2.21567 4.81625 1.53522 0.936523 0.449562
threshold=-0.086587612368241029 0.32756227379578257 -0.19710445587883094 -0.8992490869419989 -0.40706888513346706 -0.83012360164674714 -1.0000000180025095e-35 0.32458723064505968 168.00000000000003 1.4620700203576926 -0.31793293329415034 0.69104808744345936 0.72194813946279068 0.1810228582496016 0.2022974683329726 -0.41249790670755698 -0.82787944264830593
decision_type=2 2 2 2 2 2 2 2 2 2 2 2 2 2 2 2 2
left_child=1 2 3 5 -4 -1 -6 12 16 10 15 14 13 -5 -12 -3 -2
right_child=8 9 4 7 6 -7 -8 -9 -10 -11 11 -13 -14 -15 -16 -17 -18
leaf_value=0.021932371500820738 0.010958823083621082 -0.010569461060640195 0.031230711689405864 -0.01689596939785774 -0.011174745552049321 -0.0046691528902974089 0.017701349676776241 -0.031762143464042131 -0.00092366026711232269 0.0050088765342875203 -0.0034187567265136381 0.0086201527435892031 -0.01901858563282717 0.017824736038109842 -0.0241729191938201 -0.035030882374988588 0.032805772693123181
leaf_weight=9.0245057344436663 4.8358688503503808 4.933289110660553 6.5162610709667232 4.9028203040361458 7.1432584524154672 8.8098449409008008 6.4010502398014042 5.1749095469713202 6.1788997352123252 7.865529552102088 8.8965793401002902 5.4250236451625815 4.9679388701915732 6.6140972375869751 5.203493893146514 6.6670761555433291 4.9882913827896127
leaf_count=37 20 20 27 20 29 36 26 21 25 32 36 22 20 27 21 27 21
internal_value=0 -0.00279205 0.0027147 -0.00297315 0.0136187 0.00913861 0.00247755 -0.0131509 0.0157226 -0.0111402 -0.0154477 -0.00655843 -0.00481301 0.00233925 -0.0130503 -0.0274875 0.0254577
internal_weight=114.549 98.5457 59.5547 39.4941 20.0606 17.8344 13.5443 21.6598 16.0031 38.991 31.1255 19.5251 16.4849 11.5169 14.1001 11.6004 9.82416
internal_count=467 401 243 161 82 73 55 88 66 158 126 79 67 47 57 47 41
is_linear=0
shrinkage=0.03


Tree=17
num_leaves=18
num_cat=0
split_feature=12 34 34 33 28 37 17 40 32 31 23 12 4 30 40 24 28
split_gain=5.43336 4.96022 4.15732 6.37029 4.16037 3.66485 3.46418 3.2279 3.17357 3.99502 2.42721 2.23787 2.08987 1.79728 1.76594 0.845287 0.432911
threshold=-0.086587612368241029 0.32756227379578257 -0.19710445587883094 1.0953153448341693 -0.40706888513346706 -1.0000000180025095e-35 1.0000000180025095e-35 168.00000000000003 1.4620700203576926 0.65409441139294555 -0.82625709609487008 -0.34203047216679844 -0.31793293329415034 -0.2475704426902787 168.00000000000003 0.36932062362081669 -0.82787944264830593
decision_type=2 2 2 2 2 2 2 2 2 2 2 2 2 2 2 2 2
left_child=1 2 3 6 -4 -6 10 16 9 11 -1 -3 -11 -5 -8 -14 -2
right_child=7 8 4 13 5 -7 14 -9 -10 12 -12 -13 15 -15 -16 -17 -18
leaf_value=-0.0015667051169326346 0.010721402473996845 0.010984209465403473 0.030586550878856533 -9.5747080888747797e-05 -0.010891578821136281 0.017293850039318538 0.010507174435967105 -0.0009013134422591136 0.0048842735382916272 -0.036870671808884453 -0.027792559777671231 -0.011082136592786363 -0.019040632983129236 0.021177924575830936 -0.010478371104558496 -0.00094783932611089666 0.032226312447481427
leaf_weight=5.3639557212591145 4.8280048072338095 5.1654553711414328 6.4859379976987865 4.8893669992685318 7.1480282396078119 6.3908229768276188 6.5878884941339493 6.179320588707923 7.8625132888555518 6.6845812350511578 9.9020758867263812 9.1117412000894564 5.2151610404252988 7.7958357632160169 4.936109185218811 4.9501211196184158 4.9531484544277182
leaf_count=22 20 21 27 20 29 26 27 25 32 27 40 37 21 32 20 20 21
internal_value=0 -0.00273748 0.00263415 -0.00292496 0.0133118 0.00241189 -0.0111738 0.0153996 -0.0108769 -0.0150835 -0.0199002 -0.00243301 -0.0244005 0.0134122 0.000886127 -0.0119992 0.0249803
internal_weight=114.45 98.4896 59.5 39.4752 20.0248 13.5389 26.79 15.9605 38.9896 31.1271 15.266 14.2772 16.8499 12.6852 11.524 10.1653 9.78115
internal_count=467 401 243 161 82 55 109 66 158 126 62 58 68 52 47 41 41
is_linear=0
shrinkage=0.03


Tree=18
num_leaves=18
num_cat=0
split_feature=12 34 34 33 26 28 16 37 17 29 27 24 35 35 28 27 26
split_gain=5.1958 4.72515 3.96505 6.05273 4.01022 3.98353 3.6935 3.49128 3.46626 2.91976 2.57053 2.14345 1.68945 1.24516 0.971915 0.382798 0.0205001
threshold=-0.086587612368241029 0.32756227379578257 -0.19710445587883094 1.0953153448341693 -1.0437146330346432 -0.40706888513346706 -0.92205271600765693 -1.0000000180025095e-35 -1.0000000180025095e-35 -0.25425097763215249 -0.50649467621065913 1.0127755512661021 0.51435987754158152 -0.9301005393903311 0.39948468343664101 -0.15923232696886322 -0.40294153887095557
decision_type=2 2 2 2 2 2 2 2 2 2 2 2 2 2 2 2 2
left_child=1 2 3 4 -1 -4 15 -7 16 -2 -8 14 -5 -11 -12 -3 -6
right_child=9 6 5 12 8 7 10 -9 -10 13 11 -13 -14 -15 -16 -17 -18
leaf_value=0.0072078130684055655 -0.0022624433092571293 -0.011327077852764262 0.02996475724757066 0.0023632305377360645 -0.034303606914406676 -0.010616223216759813 -0.015811970057901224 0.016897377404825692 -0.0016199972423700554 0.0068495709001716908 0.01793692242267966 -0.011310155635664275 0.024748052131056814 0.031495683391726453 0.0010678359743392315 -0.029467114281537483 -0.01513239835059744
leaf_weight=6.8456925451755515 5.137721225619317 6.4414761066436768 6.4535264521837261 7.8041027486324293 5.2021403312683097 7.1522655487060556 8.3719872236251849 6.3799117207527134 8.578276023268705 4.8384272754192343 5.139815106987955 4.9229930043220511 4.8574902713298798 5.9401031434535954 7.663470521569252 6.437807232141493 6.1681144535541526
leaf_count=28 21 26 27 32 21 29 34 26 35 20 21 20 20 25 31 26 25
internal_value=0 -0.00267105 0.0025734 -0.0028517 -0.0108898 0.0130143 -0.0106161 0.00234799 -0.0174497 0.0150853 -0.00340085 0.00292505 0.0130863 0.0231092 0.00943021 -0.0229398 -0.0273456
internal_weight=114.335 98.4191 59.4415 39.4558 26.7942 19.9857 38.9775 13.5322 19.9485 15.9163 26.0983 17.7263 12.6616 10.7785 12.8033 12.8793 11.3703
internal_count=467 401 243 161 109 82 158 55 81 66 106 72 52 45 52 52 46
is_linear=0
shrinkage=0.03


Tree=19
num_leaves=17
num_cat=0
split_feature=12 22 19 25 12 3 32 19 36 30 32 16 17 22 25 12
split_gain=4.96024 4.6377 6.92183 5.67037 5.04938 4.10181 3.36469 3.1806 3.04892 2.79784 2.74806 3.66299 2.70904 1.29846 1.18371 0.963741
threshold=-0.086587612368241029 -0.7341427415337477 -0.20360679854109512 1.0000000180025095e-35 -0.31475332197850409 -0.47772963563172161 0.16010773969692368 0.44170610876404331 -0.36042159974811699 -0.12181040273049606 0.40233328028497373 -0.92205271600765693 -1.0000000180025095e-35 0.38765328144742195 0.4924314797335107 -0.40410056958084745
decision_type=2 2 2 2 2 2 2 2 2 2 2 2 2 2 2 2
left_child=1 10 4 6 -3 12 13 -7 -2 -6 11 -1 -5 -4 -9 -8
right_child=8 2 3 5 9 7 15 14 -10 -11 -12 -13 -14 -15 -16 -17
leaf_value=-0.021413157885462823 0.0022285018516274529 -0.0059273915530259286 -0.0064802654760936851 8.8158743395624049e-05 0.032875866653867034 -0.019240304339752382 0.0067089248945309612 0.013430462173729566 0.028653025933724798 0.0049920541292360976 -0.027564091887189519 0.0076232814982973565 0.028714718928121857 -0.029627866906273906 -0.0040744633606628593 -0.0084539942561518457
leaf_weight=5.2019037157297143 9.4877775907516462 6.6064128726720837 4.9207998514175442 5.6369459480047226 9.1616223603487015 6.6265341192483964 4.94813472032547 5.4172481447458249 6.3875750303268424 6.3596258461475346 7.6704852432012549 7.7281527370214471 6.0378775298595411 9.6601599454879743 5.194719523191452 7.1681599020957929
leaf_count=21 39 27 20 23 38 27 20 22 27 26 31 32 25 39 21 29
internal_value=0 -0.00260597 0.000754179 -0.00483161 0.0144617 0.00415425 -0.0144795 -0.00484204 0.0147617 0.0232501 -0.0147479 -0.00465418 0.0169321 -0.0235222 0.00492277 -0.0017641
internal_weight=114.214 98.3388 77.7382 55.6106 22.1277 28.9133 26.6973 17.2385 15.8754 15.5212 20.6005 12.9301 11.6748 14.581 10.612 12.1163
internal_count=467 401 317 226 91 118 108 70 66 64 84 53 48 59 43 49
is_linear=0
shrinkage=0.03


Tree=20
num_leaves=17
num_cat=0
split_feature=12 22 19 25 37 15 32 40 32 24 41 10 33 34 22 28
split_gain=4.73473 4.41947 6.57842 5.39413 5.45265 4.87659 3.19969 3.07737 2.60136 2.25633 1.93402 1.83544 1.80298 1.7075 1.22244 0.445436
threshold=-0.086587612368241029 -0.7341427415337477 -0.20360679854109512 1.0000000180025095e-35 -1.0000000180025095e-35 0.78440039509160597 0.16010773969692368 168.00000000000003 0.40233328028497373 -0.39478210295795974 177.50000000000003 0.15805609251377911 0.68971600989356296 -0.67492594183249666 0.38765328144742195 -0.82787944264830593
decision_type=2 2 2 2 2 2 2 2 2 2 2 2 2 2 2 2
left_child=1 8 5 6 12 13 14 15 9 -1 -8 -6 -5 -3 -4 -2
right_child=7 2 3 4 11 -7 10 -9 -10 -11 -12 -13 -14 -15 -16 -17
leaf_value=-0.013693683990705583 0.0099928560326504393 0.0066584880780768876 -0.0063295170135495918 -0.01607247633870789 0.025650779062586216 -0.0059167535836038513 -0.011110468985757738 -0.0013520863890089923 -0.026871680552567168 0.0092164693883923995 0.010492430420595729 0.0035601798518126201 0.004007032813456473 0.030300512337244508 -0.028874301316029867 0.031059529722536651
leaf_weight=8.0271099209785461 4.7977801263332358 6.087683469057084 4.9225547313690212 8.8806551694869977 7.2847510576248169 6.5898766666650763 7.1931121349334699 6.1681748032569876 7.6707292199134818 4.8879707306623468 4.9223724752664566 7.6104408502578735 5.111866995692254 9.3991874307394028 9.6541333496570569 4.8689176440238944
leaf_count=33 20 25 20 36 30 27 29 25 31 20 20 31 21 39 39 21
internal_value=0 -0.00254263 0.000737924 -0.00470387 0.00406156 0.0141202 -0.0141145 0.0144437 -0.0143993 -0.00454987 -0.00170381 0.0160883 -0.00867185 0.022769 -0.022935 0.0238878
internal_weight=114.077 98.2424 77.6566 55.5799 28.8877 22.0767 26.6922 15.8349 20.5858 12.9151 12.1155 14.8952 13.9925 15.4869 14.5767 9.6667
internal_count=467 401 317 226 118 91 108 66 84 53 49 61 57 64 59 41
is_linear=0
shrinkage=0.03


Tree=21
num_leaves=15
num_cat=0
split_feature=12 22 19 12 3 14 39 40 30 32 24 15 27 30
split_gain=4.52588 4.19896 6.25024 4.70725 3.90087 3.90796 3.82597 2.96358 2.67765 2.4761 2.1484 1.29105 0.82946 1.80737
threshold=-0.086587612368241029 -0.7341427415337477 -0.20360679854109512 -0.31475332197850409 -0.50577401139411393 -1.2198615168191933 -0.73109417678947441 168.00000000000003 -0.12181040273049606 0.40233328028497373 -0.39478210295795974 -1.2982209480498736 1.0404012431391603 0.12970967718906898
decision_type=2 2 2 2 2 2 2 2 2 2 2 2 2 2
left_child=1 9 3 -3 5 -4 11 -2 -5 10 -1 -6 13 -8
right_child=7 2 4 8 6 -7 12 -9 -10 -11 -12 -13 -14 -15
leaf_value=-0.013338508707147175 0.023454336376314382 -0.0058448057580784809 -0.0076498853138377912 0.031773139269938244 -0.0059300919275468373 0.018817251734073961 -0.0073214099823346711 -0.0013193382726589956 0.0045383441587066101 -0.026204569125428925 0.0090102427142540274 0.011103662834788407 -0.005326101600710887 -0.028655140968157716
leaf_weight=8.0334706902503967 9.6191691458225232 6.6046885550022152 7.8301619291305569 9.0787189602851868 5.9059402048587799 9.2805002033710462 8.8940465152263695 6.1688606292009345 6.3423976898193333 7.6682472229003897 4.884239688515664 6.8577572852373105 7.6377111971378318 9.1331163793802244
leaf_count=33 41 27 32 38 24 38 36 25 26 31 20 28 31 37
internal_value=0 -0.00247505 0.000724061 0.0137866 -0.00457742 0.00674263 -0.00983198 0.0141529 0.0223218 -0.014031 -0.00441393 0.0030065 -0.0162512 -0.0198079
internal_weight=113.939 98.151 77.565 22.0258 55.5392 17.1107 38.4286 15.788 15.4211 20.586 12.9177 12.7637 25.6649 18.0272
internal_count=467 401 317 91 226 70 156 66 64 84 53 52 104 73
is_linear=0
shrinkage=0.03


Tree=22
num_leaves=17
num_cat=0
split_feature=16 22 26 41 40 32 36 32 31 15 32 39 35 32 22 27
split_gain=4.4704 4.59912 5.82274 2.82716 3.81449 3.77062 4.65921 3.68762 3.96753 3.602 3.65152 2.70656 2.55741 4.05691 2.5365 1.54477
threshold=-0.92205271600765693 -0.7341427415337477 -0.83012360164674714 73.500000000000014 704.00000000000011 0.82622797631406109 -0.8992490869419989 -0.080435679081487091 -0.71343107442402187 1.0000000180025095e-35 -0.30415787976350533 -0.73109417678947441 -0.53693379868697055 0.82622797631406109 0.43864400976474799 0.28273793570251399
decision_type=2 2 2 2 2 2 2 2 2 2 2 2 2 2 2 2
left_child=1 -1 -3 4 7 6 -5 8 -2 10 -8 -4 -9 -14 -10 -13
right_child=3 2 11 5 -6 -7 9 12 14 -11 -12 15 13 -15 -16 -17
leaf_value=-0.02555268574508833 -0.011927133503378387 0.020767466924912284 0.0060028480386304052 0.019774180735561881 0.016976702976974446 0.025166545120119038 0.022820958851725793 -0.029654077840624581 0.024135417645112303 -0.01673578624703545 -0.0091976879513694793 -0.0018248631175799084 0.0088882140623076852 -0.022317016259503317 -0.0015559192445187206 -0.024745638001492473
leaf_weight=9.1294042915105802 7.4464247524738321 6.0368319153785732 5.1700208783149746 9.0277795046567935 6.8129266351461402 9.014372453093527 4.9244609475135803 5.4795498847961452 6.7484768778085709 9.5446558147668821 4.8601046204566973 4.9283118396997434 6.8581200391054136 5.2255228757858276 4.9538968205451965 7.6527518779039383
leaf_count=37 30 25 21 38 28 38 21 22 28 39 20 20 28 21 20 31
internal_value=0 -0.00910214 -0.00141022 0.00377134 -0.00131743 0.00967452 0.00353188 -0.00540258 0.00340618 -0.00464381 0.00727667 -0.0102946 -0.0148337 -0.00513889 0.0138641 -0.017344
internal_weight=113.814 32.9173 23.7879 80.8963 43.5249 37.3714 28.357 36.712 19.1488 19.3292 9.78457 17.7511 17.5632 12.0836 11.7024 12.5811
internal_count=467 134 97 333 177 156 118 149 78 80 41 72 71 49 48 51
is_linear=0
shrinkage=0.03


Tree=23
num_leaves=18
num_cat=0
split_feature=16 1 41 40 32 31 19 32 31 11 34 36 29 28 27 26 41
split_gain=4.24369 4.40518 2.70065 3.64058 3.59834 4.47988 4.01706 3.51531 3.77545 2.88905 2.52187 2.2668 1.95703 1.94239 1.86524 1.66955 0.667966
threshold=-0.92205271600765693 -0.13248723153827099 73.500000000000014 704.00000000000011 0.82622797631406109 -0.6048973057083894 -0.45180407058153277 -0.080435679081487091 -0.71343107442402187 -1.1831976274798752 1.0000000180025095e-35 -0.81783284574512116 0.32458723064505968 0.39948468343664101 0.28273793570251399 0.66501361806852388 449.50000000000006
decision_type=2 2 2 2 2 2 2 2 2 2 2 2 2 2 2 2 2
left_child=1 11 3 7 5 9 -7 8 -2 -4 -3 -1 13 -9 -10 -13 -8
right_child=2 10 4 -5 -6 6 16 12 14 -11 -12 15 -14 -15 -16 -17 -18
leaf_value=0.00024044421604110122 -0.011623795597933697 0.019937766322043169 -0.0016797827936564367 0.016594985538462958 0.024633363190048579 0.012758991687789056 -0.024312152839978129 0.0045429303700289187 0.022659901051842148 0.025153262822882994 -0.0066381078187331974 -0.026766260921431462 -0.026872522578454246 -0.017362913873762632 0 -0.0046574297145753826 -0.0057984192075308544
leaf_weight=5.3970576524734524 7.4506054669618615 4.8345045745372754 4.8401683568954459 6.7953191250562659 8.9663975536823255 4.7154927104711524 4.9283010214567202 6.615380987524988 6.4727410227060318 8.1957298070192319 4.946656122803688 11.789437010884287 5.9755162596702567 4.9628671556711197 5.204570472240448 5.9009688794612876 5.6338894963264465
leaf_count=22 30 20 20 28 38 20 20 27 27 35 20 48 24 20 21 24 23
internal_value=0 -0.00887488 0.00367732 -0.00129442 0.00945601 0.00345082 -0.00705388 -0.00528735 0.0033136 0.0156323 0.00687006 -0.0158015 -0.0144975 -0.00530244 0.0135379 -0.0206446 -0.0168834
internal_weight=113.626 32.8686 80.757 43.477 37.28 28.3136 15.2777 36.6817 19.1279 13.0359 9.78116 23.0875 17.5538 11.5782 11.6773 17.6904 10.5622
internal_count=467 134 333 177 156 118 63 149 78 55 40 94 71 47 48 72 43
is_linear=0
shrinkage=0.03


Tree=24
num_leaves=18
num_cat=0
split_feature=22 20 36 11 23 25 15 16 21 24 24 16 25 22 23 22 31
split_gain=4.12881 4.99273 8.61189 3.86082 4.05007 3.74832 4.18663 3.37857 3.14609 3.10745 4.4924 2.94724 2.67373 2.53276 1.63192 1.27843 0.462555
threshold=-1.1420685680723548 0.30442519069607504 -1.0132318246176277 1.462168511046203 -0.5173202955533942 0.4924314797335107 0.6033028869923468 0.66248681803310061 0.75153821141019794 1.0000000180025095e-35 -0.59586176784711131 -0.65796279366753074 1.1342703010910176 -0.58117055658177008 0.71842690661250974 -0.12225400172583707 0.26337284401666922
decision_type=2 2 2 2 2 2 2 2 2 2 2 2 2 2 2 2 2
left_child=11 3 -3 4 12 6 13 16 9 10 -4 -1 15 -6 -11 -2 -8
right_child=1 2 8 -5 5 -7 7 -9 -10 14 -12 -13 -14 -15 -16 -17 -18
leaf_value=-0.027195101183694271 -0.0023638758960130265 0.023842943578656739 -0.0040873215343167832 0.028428444554714879 0 -0.020027877568031843 -0.0060045068626164988 0.010264482370477007 0.007097638221619209 0.0067554771135804803 -0.03757397395386361 -0.00077241585429975348 0.030580871534938634 0.023477390771603924 -0.013691450072133944 0.014882991999240171 -0.022208234007849006
leaf_weight=6.4117152094840995 6.7585782706737527 5.5678005814552298 6.9091836512088802 5.6775377243757239 6.9369063526391974 6.1294486075639716 5.8528214097023028 5.3749783039093009 4.8415532559156409 5.669702008366583 8.6472039818763751 8.4274775683879835 5.71151179075241 8.5952913761138934 5.1828040182590485 5.543136030435563 5.1934504508972168
leaf_count=26 28 23 28 24 29 25 24 22 20 23 35 35 24 36 21 23 21
internal_value=0 0.00225999 -0.00624186 0.00744993 0.00453742 -0.000972569 0.00323747 -0.00682049 -0.0126317 -0.0166508 -0.0247205 -0.0140049 0.0156732 0.0138876 -0.0030004 0.00574571 -0.0158453
internal_weight=113.431 98.5919 36.8182 61.7737 56.0961 38.0829 31.9534 16.4213 31.2504 26.4089 15.5564 14.8392 18.0132 15.5322 10.8525 12.3017 11.0463
internal_count=467 406 150 256 232 157 132 67 127 107 63 61 75 65 44 51 45
is_linear=0
shrinkage=0.03


Tree=25
num_leaves=17
num_cat=0
split_feature=12 26 16 24 34 28 36 40 32 32 36 36 24 19 3 26
split_gain=4.07682 3.90839 4.61062 3.40871 3.57839 3.12711 2.87827 2.83844 5.34528 4.30739 3.00803 2.68417 2.52136 2.23459 2.01621 1.91557
threshold=-0.086587612368241029 0.34462707098668 0.134306973352848 -0.39478210295795974 -0.13152111466950411 -0.40706888513346706 -0.36042159974811699 339.00000000000006 -0.86935080780228835 0.52344605057899851 -0.8992490869419989 -0.21535266088822552 0.36932062362081669 0.44170610876404331 0.18972650751321432 -0.93691911734069544
decision_type=2 2 2 2 2 2 2 2 2 2 2 2 2 2 2 2
left_child=1 2 3 4 15 14 -2 8 -4 10 -10 -12 -7 -14 -3 -1
right_child=6 5 7 -5 -6 12 -8 -9 9 -11 11 -13 13 -15 -16 -17
leaf_value=-0.0046461569421997794 0.001417800043695897 0.013884162567309023 0.028338998113645295 0.0069456155358050076 0.0021757972532311601 -0.029797728050473964 0.02712472938415705 0.023557875494132404 0.0053508950625784854 0.017613006089266095 -0.031383724089510553 -0.0017335325988179816 -0.017170167766269284 0.0039828891250000362 -0.0084430915205923 -0.031663282110312795
leaf_weight=4.8750315010547665 9.3959882855415326 5.2913868874311429 4.7702896744012824 9.5178435593843442 7.254705116152766 7.3962761312723186 6.2315208911895743 7.9126732945442191 5.9865474998951003 5.2802288234233847 5.4406929016113317 5.6153691112995148 8.1189458668231946 6.8897381275892249 6.183146595954895 7.1108845025300971
leaf_count=20 39 22 20 39 30 30 27 33 25 22 22 23 33 28 25 29
internal_value=0 -0.00235362 0.00196222 -0.00663266 -0.0136553 -0.0103848 0.0134966 0.00916996 0.00374265 -0.00271502 -0.0102521 -0.0188084 -0.0166004 -0.00761681 0.00180532 -0.0228585
internal_weight=113.271 97.6438 63.7643 28.7585 19.2406 33.8795 15.6275 35.0058 27.0931 22.3228 17.0426 11.0561 22.405 15.0087 11.4745 11.9859
internal_count=467 401 263 118 79 138 66 145 112 92 70 45 91 61 47 49
is_linear=0
shrinkage=0.03


Tree=26
num_leaves=19
num_cat=0
split_feature=22 20 36 26 32 11 23 25 15 21 32 24 25 22 28 28 29 35
split_gain=3.94668 4.67076 8.05477 4.14652 3.71996 3.64059 3.85289 3.61596 3.91293 2.98825 3.19693 3.06675 2.54469 2.407 1.88873 1.82082 1.65921 0.684321
threshold=-1.1420685680723548 0.30442519069607504 -1.0132318246176277 -0.40294153887095557 0.40233328028497373 1.462168511046203 -0.5173202955533942 0.4924314797335107 0.6033028869923468 0.75153821141019794 0.16010773969692368 -0.59586176784711131 1.1342703010910176 -0.58117055658177008 0.22414695113879135 -0.40706888513346706 -0.25425097763215249 0.9588092365975549
decision_type=2 2 2 2 2 2 2 2 2 2 2 2 2 2 2 2 2 2
left_child=3 5 -3 -1 -5 6 12 8 13 10 11 -4 16 -8 15 -10 -2 -12
right_child=1 2 9 4 -6 -7 7 -9 14 -11 17 -13 -14 -15 -16 -17 -18 -19
leaf_value=-0.032421866619671419 -0.0030357745292475761 0.023154440304433584 -0.0057553188741784255 0.014852104500620663 -0.017383159334352197 0.027701528165509193 0 -0.019663784393791892 0 0.0070247853602166035 0.0037676821266290103 -0.034746636464588337 0.029912567342538492 0.022887322918883266 0.0052296542451623143 -0.023786367555425059 0.016805847681509549 -0.0093619357591714289
leaf_weight=4.9540179818868628 7.2472491711378106 5.5354972183704367 6.6558430194854763 4.9945114701986295 4.8575662672519684 5.6314157694578162 6.9255242049694052 6.1310624629259101 4.8780745714902869 4.8318144828081122 5.6670387238264066 8.8780333846807498 5.665959730744361 8.549371078610422 6.1367591619491568 5.3806827962398556 5.0364272445440301 5.1660946160554886
leaf_count=20 30 23 27 21 20 24 29 25 20 20 23 36 24 36 25 22 21 21
internal_value=0 0.00222429 -0.00600411 -0.0136948 -0.000709775 0.00725375 0.00442174 -0.000952216 0.0031897 -0.0121859 -0.0161103 -0.0242776 0.0153035 0.0135091 -0.00653093 -0.013846 0.00560776 -0.00238418
internal_weight=113.123 98.3168 36.7343 14.8061 9.85208 61.5825 55.9511 38.0015 31.8704 31.1988 26.367 15.5339 17.9496 15.4749 16.3955 10.2588 12.2837 10.8331
internal_count=467 406 150 61 41 256 232 157 132 127 107 63 75 65 67 42 51 44
is_linear=0
shrinkage=0.03


Tree=27
num_leaves=17
num_cat=0
split_feature=12 26 16 24 34 5 24 36 40 36 36 26 41 31 31 26
split_gain=3.81073 3.69086 4.36163 3.2179 3.3922 2.9031 2.99927 2.76307 2.70705 2.82779 3.26153 2.3998 2.00567 1.95334 1.90427 1.78566
threshold=-0.086587612368241029 0.34462707098668 0.134306973352848 -0.39478210295795974 -0.13152111466950411 1.0000000180025095e-35 0.69104808744345936 -0.36042159974811699 339.00000000000006 -1.0132318246176277 -0.21535266088822552 -0.29614602317700772 339.00000000000006 1.0448159787692222 0.8494551950810838 -0.93691911734069544
decision_type=2 2 2 2 2 2 2 2 2 2 2 2 2 2 2 2
left_child=1 2 3 4 15 6 14 -2 9 -4 12 -12 -11 -8 -3 -1
right_child=7 5 8 -5 -6 -7 13 -9 -10 10 11 -13 -14 -15 -16 -17
leaf_value=-0.0045486881349546936 0.001268787192612457 -0.0032915184831286116 0.019610643817466782 0.0067682849582905132 0.0021405168675183652 -0.027485469249172993 -0.0068884569899212876 0.02650525162407754 0.023051243908547684 -0.023938034498388435 -0.0055094197095235829 0.019421630665096602 0.00026251890819088257 0.012982434750139863 -0.026536241964767535 -0.030749044271196506
leaf_weight=4.8693881779909161 9.3749351203441602 8.0781225115060824 5.9543561637401572 9.4991485327482206 7.248411193490031 5.6586422324180594 6.6409887075424185 6.1746147125959387 7.868889480829238 5.1873013228178042 4.8138396292924881 6.2786877751350421 4.7739812135696411 8.0356811285018903 5.4079047590494147 7.0962273627519599
leaf_count=20 39 33 25 39 30 23 27 27 33 21 20 26 20 33 22 29
internal_value=0 -0.00226464 0.0019339 -0.00642523 -0.0132554 -0.0100754 -0.005162 0.0130922 0.00896182 0.00364948 -0.00160259 0.00875831 -0.0132999 0.00381522 -0.0147362 -0.0222268
internal_weight=112.961 97.4116 63.5902 28.7132 19.214 33.8213 28.1627 15.5495 34.8771 27.0082 21.0538 11.0925 9.96128 14.6767 13.486 11.9656
internal_count=467 401 263 118 79 138 115 66 145 112 87 46 41 60 55 49
is_linear=0
shrinkage=0.03


Tree=28
num_leaves=18
num_cat=0
split_feature=12 29 1 41 2 23 28 30 21 40 11 14 20 26 30 20 40
split_gain=3.64796 4.48315 4.08807 4.33864 4.04809 3.91415 3.0322 6.87239 3.76868 2.32208 1.90474 1.7794 1.87712 1.68543 1.48519 1.2962 0.301897
threshold=-0.18098057139338178 1.0000000180025095e-35 -0.28333681568470415 296.00000000000006 -0.62681217438594394 -0.82625709609487008 -0.40706888513346706 0.40218976376859822 -0.81098317196249303 168.00000000000003 1.0212839901955364 -1.2198615168191933 -0.5306207068373564 -0.29614602317700739 -0.81349062250930027 0.30442519069607504 296.00000000000006
decision_type=2 2 2 2 2 2 2 2 2 2 2 2 2 2 2 2 2
left_child=2 -2 4 5 10 16 13 -8 -9 -6 -1 -5 -13 -7 -3 -14 -4
right_child=1 14 3 11 9 6 7 8 -10 -11 -12 12 15 -15 -16 -17 -18
leaf_value=0.012089623024595517 -0.004001833328602749 0.0077139020466092155 0.0028017651270503333 -0.0026202940100755628 -0.033846233827561412 -0.0096806705796730237 -0.032688614392343468 -0.016837939381629183 0.012183499272306759 -0.0045159524316992624 -0.01067692608031913 0 0.027382781841689734 0.0098061991211291534 0.033049574427552089 0.0047826518611455739 0.016011248678570664
leaf_weight=5.0836162865161914 8.9295284450054186 5.8611579537391663 4.8451921939849836 5.5928424447774914 7.0843188315629941 5.0345452427864066 9.6192639768123644 5.6837439686059916 7.6351909041404742 4.8489208668470383 5.1039020270109177 5.7028598785400435 8.2759781479835457 8.4690464586019498 5.304130017757414 4.8985128998756418 4.8391396105289459
leaf_count=21 37 25 20 23 29 21 39 23 31 20 21 24 35 35 23 20 20
internal_value=0 0.0111101 -0.00256038 0.000955697 -0.0133837 -0.0043539 -0.00892511 -0.0152685 -0.000247039 -0.02421 0.000263877 0.0108687 0.0150582 0.00189952 0.0227122 0.0207363 0.011201
internal_weight=112.812 20.0948 92.7171 70.5963 22.1208 46.1261 36.4418 22.9382 13.3189 11.9332 10.1875 24.4702 18.8774 13.5036 11.1653 13.1745 9.68433
internal_count=467 85 382 291 91 189 149 93 54 49 42 102 79 56 48 55 40
is_linear=0
shrinkage=0.03


Tree=29
num_leaves=19
num_cat=0
split_feature=22 20 36 26 34 11 23 25 15 16 21 24 24 25 22 23 22 31
split_gain=3.84696 4.33842 7.42529 3.82846 3.3739 3.36441 3.59927 3.44553 3.57645 3.03428 2.76914 2.88124 4.10914 2.38317 2.27662 1.48571 1.21002 0.394572
threshold=-1.1420685680723548 0.30442519069607504 -1.0132318246176277 -0.40294153887095557 0.65547897984241621 1.462168511046203 -0.5173202955533942 0.4924314797335107 0.6033028869923468 0.66248681803310061 0.75153821141019794 1.0000000180025095e-35 -0.59586176784711131 1.1342703010910176 -0.58117055658177008 0.71842690661250974 -0.12225400172583707 0.26337284401666922
decision_type=2 2 2 2 2 2 2 2 2 2 2 2 2 2 2 2 2 2
left_child=3 5 -3 -1 -5 6 13 8 14 17 11 12 -4 16 -8 -13 -2 -10
right_child=1 2 10 4 -6 -7 7 -9 9 -11 -12 15 -14 -15 -16 -17 -18 -19
leaf_value=-0.031541491091995895 -0.0023877986050290906 0.022342271817533708 -0.00355543546708381 0.013970717516056308 -0.016763371586665805 0.026827454544244067 0 -0.019131704758747061 -0.0055000898642499447 0.010039816719245325 0.006825968401212054 0.0068834388599461971 -0.035564776965648227 0.029103218616119111 0.02224203470401221 -0.012653435493817375 0.014396610494473759 -0.0206382209667327
leaf_weight=4.9461911916732779 6.7461199313402185 5.4936945885419837 6.9006001651287106 4.9439907819032651 4.8658213913440704 5.5704997926950446 6.908667415380477 6.127919688820838 5.8334090560674685 5.3585255146026602 4.8078110516071311 5.6499298512935621 8.5867094099521655 5.6066474467515937 8.4868866205215472 5.165777862071991 5.5164795815944681 5.1632846891880035
leaf_count=20 28 23 28 21 20 24 29 25 24 22 20 23 35 24 36 21 23 21
internal_value=0 0.00220795 -0.00573203 -0.0135339 -0.000944795 0.00706699 0.00433646 -0.000860773 0.00318907 -0.00610434 -0.0116732 -0.0154562 -0.0232291 0.0148767 0.0130823 -0.00236518 0.00547305 -0.0147121
internal_weight=112.679 97.923 36.6045 14.756 9.80981 61.3184 55.7479 37.8787 31.7508 16.3552 31.1108 26.303 15.4873 17.8692 15.3956 10.8157 12.2626 10.9967
internal_count=467 406 150 61 41 256 232 157 132 67 127 107 63 75 65 44 51 45
is_linear=0
shrinkage=0.03


Tree=30
num_leaves=17
num_cat=0
split_feature=41 32 31 41 10 31 25 35 35 35 2 34 12 24 21 28
split_gain=3.49626 4.33759 5.46685 4.32811 3.10502 2.7122 4.06539 5.8048 4.23272 2.76668 2.64404 2.33773 2.0449 1.76354 0.736845 0.35615
threshold=168.00000000000003 0.82622797631406109 -0.6048973057083894 430.50000000000006 -0.41699691601665684 0.65409441139294555 0.4924314797335107 0.51435987754158152 0.84769689683356153 -0.9301005393903311 1.1784642277553108 -0.13152111466950411 -0.34877495245339563 -0.39478210295795974 0.39997090015134246 -0.26679869929518746
decision_type=2 2 2 2 2 2 2 2 2 2 2 2 2 2 2 2
left_child=4 2 10 -4 -1 6 8 14 9 -6 15 -5 -7 -11 -8 -2
right_child=1 -3 3 11 5 12 7 -9 -10 13 -12 -13 -14 -15 -16 -17
leaf_value=0.010710194597524057 0.0095846169059972119 0.021685978195148035 -0.024166846803546988 -0.011769921098825466 -0.0077040001314034705 -0.0019446700050252778 -0.031961451463206988 0.0097670978855604555 -0.017438970226357854 0.0036423468229437937 -0.0023439379733979867 0.01162278957790798 -0.027166422536012657 0.023416488437958603 -0.0097095307901115691 0.029707840454536553
leaf_weight=8.929397985339163 4.7113650590181342 10.726068556308745 7.9570601880550411 4.8853169232606861 5.1107697933912268 5.4094264209270477 6.6542140841484088 5.0981860458850852 5.1505691707134238 9.0677859783172625 4.7726317644119254 7.9519372731447229 7.5844367742538434 8.975478827953344 4.9403214454650879 4.5585445165634146
leaf_count=37 20 46 33 20 21 22 27 21 21 38 20 33 31 37 20 20
internal_value=0 0.00629173 0.000687265 -0.00869478 -0.00433135 -0.00695992 -0.00305019 -0.0142204 0.0037203 0.00944515 0.0144646 0.002002 -0.0183683 0.0148282 -0.0251367 0.0227968
internal_weight=112.484 45.5629 34.8369 20.7943 66.9206 57.9912 44.9973 16.6927 28.3046 23.154 14.0425 12.8373 12.9939 18.0433 11.5945 9.26991
internal_count=467 192 146 86 275 238 185 68 117 96 60 53 53 75 47 40
is_linear=0
shrinkage=0.03


Tree=31
num_leaves=17
num_cat=0
split_feature=22 20 36 26 32 29 35 35 18 22 32 24 24 12 41 12
split_gain=3.65597 4.09618 7.04711 3.57553 3.37601 3.19433 5.12979 3.27736 3.21003 4.30357 2.17701 3.51342 2.39755 1.5522 1.3736 1.16197
threshold=-1.1420685680723548 0.30442519069607504 -1.0132318246176277 -0.40294153887095557 0.40233328028497373 -0.25425097763215249 -0.17083288433637714 0.5884347707175771 1.0000000180025095e-35 -0.7341427415337477 0.82622797631406109 -0.59586176784711131 1.0000000180025095e-35 -0.32021216766873412 177.50000000000003 -0.31475332197850409
decision_type=2 2 2 2 2 2 2 2 2 2 2 2 2 2 2 2
left_child=3 5 -3 -1 -5 6 -2 14 -7 -10 11 -4 -13 -9 -8 -11
right_child=1 2 10 4 -6 8 7 13 9 15 -12 12 -14 -15 -16 -17
leaf_value=-0.030609641614911118 -0.019299304401044166 0.021840444094282811 0.00023965829776841736 0.013908283326575819 -0.01686861919224153 -0.0055801202953839543 0.0037509538870325013 0.0071422758534799569 -0.0036661807031366815 0.0064857902352394442 0.0033161751767163006 -0.032003522961828887 -0.0067068115752246275 -0.012974116884986585 0.028145567723618797 0.027210838025161877
leaf_weight=4.944642409682273 7.7387937903404262 5.4612947404384604 8.3173494189977664 4.9509807676076871 4.8306350260972977 5.686864271759986 4.8060699999332446 4.7955745905637768 6.0376097559928885 5.1157757490873363 6.0905348658561698 9.2359905689954811 7.3909645229578009 5.8602963536977724 4.9558654129505157 16.113811388611797
leaf_count=20 32 23 34 21 20 24 20 20 25 21 25 38 30 24 21 69
internal_value=0 0.00215249 -0.0055705 -0.0132092 -0.000980977 0.00688356 -0.000386866 0.00733783 0.0130161 0.0171918 -0.0113631 -0.0151589 -0.0225752 -0.00366314 0.0187674 0.0232382
internal_weight=112.333 97.6068 36.4961 14.7263 9.78162 61.1107 28.1566 20.4178 32.9541 27.2672 31.0348 24.9443 16.627 10.6559 9.76194 21.2296
internal_count=467 406 150 61 41 256 117 85 139 115 127 102 68 44 41 90
is_linear=0
shrinkage=0.03


end of trees

feature_importances:
Column_22=35
Column_26=34
Column_16=32
Column_32=32
Column_41=27
Column_12=24
Column_24=24
Column_36=24
Column_40=24
Column_33=23
Column_28=21
Column_34=20
Column_15=19
Column_31=18
Column_25=16
Column_20=15
Column_19=13
Column_23=13
Column_29=13
Column_35=13
Column_30=11
Column_21=7
Column_27=7
Column_10=6
Column_17=6
Column_38=6
Column_1=5
Column_2=5
Column_3=5
Column_11=5
Column_37=4
Column_14=3
Column_4=2
Column_39=2
Column_0=1
Column_5=1
Column_7=1
Column_8=1
Column_13=1
Column_18=1

parameters:
[boosting: gbdt]
[objective: binary]
[metric: binary_logloss]
[tree_learner: serial]
[device_type: cpu]
[data_sample_strategy: bagging]
[data: ]
[valid: ]
[num_iterations: 900]
[learning_rate: 0.03]
[num_leaves: 96]
[num_threads: 2]
[seed: 42]
[deterministic: 0]
[force_col_wise: 1]
[force_row_wise: 0]
[histogram_pool_size: -1]
[max_depth: 10]
[min_data_in_leaf: 20]
[min_sum_hessian_in_leaf: 0.001]
[bagging_fraction: 0.85]
[pos_bagging_fraction: 1]
[neg_bagging_fraction: 1]
[bagging_freq: 0]
[bagging_seed: 400]
[bagging_by_query: 0]
[feature_fraction: 0.8]
[feature_fraction_bynode: 1]
[feature_fraction_seed: 30056]
[extra_trees: 0]
[extra_seed: 12879]
[early_stopping_round: 0]
[early_stopping_min_delta: 0]
[first_metric_only: 0]
[max_delta_step: 0]
[lambda_l1: 0.2]
[lambda_l2: 1.5]
[linear_lambda: 0]
[min_gain_to_split: 0]
[drop_rate: 0.1]
[max_drop: 50]
[skip_drop: 0.5]
[xgboost_dart_mode: 0]
[uniform_drop: 0]
[drop_seed: 17869]
[top_rate: 0.2]
[other_rate: 0.1]
[min_data_per_group: 100]
[max_cat_threshold: 32]
[cat_l2: 10]
[cat_smooth: 10]
[max_cat_to_onehot: 4]
[top_k: 20]
[monotone_constraints: ]
[monotone_constraints_method: basic]
[monotone_penalty: 0]
[feature_contri: ]
[forcedsplits_filename: ]
[refit_decay_rate: 0.9]
[cegb_tradeoff: 1]
[cegb_penalty_split: 0]
[cegb_penalty_feature_lazy: ]
[cegb_penalty_feature_coupled: ]
[path_smooth: 0]
[interaction_constraints: ]
[verbosity: -1]
[saved_feature_importance_type: 0]
[use_quantized_grad: 0]
[num_grad_quant_bins: 4]
[quant_train_renew_leaf: 0]
[stochastic_rounding: 1]
[linear_tree: 0]
[max_bin: 255]
[max_bin_by_feature: ]
[min_data_in_bin: 3]
[bin_construct_sample_cnt: 200000]
[data_random_seed: 175]
[is_enable_sparse: 1]
[enable_bundle: 1]
[use_missing: 1]
[zero_as_missing: 0]
[feature_pre_filter: 1]
[pre_partition: 0]
[two_round: 0]
[header: 0]
[label_column: ]
[weight_column: ]
[group_column: ]
[ignore_column: ]
[categorical_feature: ]
[forcedbins_filename: ]
[precise_float_parser: 0]
[parser_config_file: ]
[objective_seed: 16083]
[num_class: 1]
[is_unbalance: 0]
[scale_pos_weight: 1]
[sigmoid: 1]
[boost_from_average: 1]
[reg_sqrt: 0]
[alpha: 0.9]
[fair_c: 1]
[poisson_max_delta_step: 0.7]
[tweedie_variance_power: 1.5]
[lambdarank_truncation_level: 30]
[lambdarank_norm: 1]
[label_gain: ]
[lambdarank_position_bias_regularization: 0]
[eval_at: ]
[multi_error_top_k: 1]
[auc_mu_weights: ]
[num_machines: 1]
[local_listen_port: 12400]
[time_out: 120]
[machine_list_filename: ]
[machines: ]
[gpu_platform_id: -1]
[gpu_device_id: -1]
[gpu_device_id_list: ]
[gpu_use_dp: 0]
[num_gpu: 1]

end of parameters

pandas_categorical:null
