tree
version=v4
num_class=3
num_tree_per_iteration=3
label_index=0
max_feature_idx=42
objective=multiclass num_class:3
feature_names=Column_0 Column_1 Column_2 Column_3 Column_4 Column_5 Column_6 Column_7 Column_8 Column_9 Column_10 Column_11 Column_12 Column_13 Column_14 Column_15 Column_16 Column_17 Column_18 Column_19 Column_20 Column_21 Column_22 Column_23 Column_24 Column_25 Column_26 Column_27 Column_28 Column_29 Column_30 Column_31 Column_32 Column_33 Column_34 Column_35 Column_36 Column_37 Column_38 Column_39 Column_40 Column_41 Column_42
feature_infos=[-1.3599564333051022:6.1478760894744147] [-1.6177754446723831:6.1103647892910455] [-1.3692281288693424:4.7477717012331864] [-1.3336439838999337:5.7705572842292767] [-1.6272334610575538:6.704678988345921] [-1.3733677223452576:4.7835100727868616] [-2.14858802309374:4.0962599001733224] [-1.9722819926994757:5.2754704843093894] [-2.3310628640990365:3.2466544294703508] [-2.6555368773725325:3.0756927789660953] [-4.551661926193133:2.3643336418429501] [-2.0529081596746122:3.5347087510325528] [-0.69424581174858147:3.2900352788807434] [-2.642317808137121:2.7986348306816899] [-2.0983220063367307:3.5762315197735211] [-1.4340440791243181:1.1918697883149387] [-1.5822775218579728:1.3227116238834162] [-3.9273880619394994:0.72176333204211363] [-2.3232004377523303:0.43044069024345188] [-2.492672504008647:2.0427947287662356] [-2.4544434459438507:4.2517532860397615] [-2.064686539333707:3.8547387845541303] [-3.2638527286648871:3.409640989326566] [-1.7893117486035282:2.8230631544204683] [-2.250804455040333:4.4583101393519327] [-2.3668762148781135:3.3899255727126749] [-2.6661536242357813:3.2213299218218312] [-2.7845969606996448:2.5979685811037649] [-3.1379241147679449:4.2778717865280846] [-2.6714114655782675:3.6442525583340686] [-2.8879066690021729:3.3257701396526409] [-2.2711824522088659:3.5336850715326604] [-2.4424602601337595:4.1983726959252792] [-3.0402701534594478:3.2400866256648237] [-3.2763669360206515:3.1267036045991827] [-2.5615427448815713:3.1168363608052094] [-2.4978399888863421:3.9396946156197719] [-1.5355838193187823:2.6629972323315179] [-0.98532333400600591:3.2654480006896502] [-1.2324465711517134:2.7783725837461972] [6:798] [6:798] none
tree_sizes=1769 1667 1913 1937 2039 1839 1824 1718 2049

Tree=0
num_leaves=16
num_cat=0
split_feature=11 30 23 35 16 40 0 33 16 27 16 16 37 33 40
split_gain=18.0743 7.86257 3.46827 3.09711 3.86714 2.75498 2.19086 2.76927 2.12243 1.83401 1.77221 1.69778 1.49242 1.47832 0.163789
threshold=0.46527871161627293 -0.77525655405953575 1.0000000180025095e-35 0.61081701059140059 -0.92205271600765693 73.500000000000014 -0.59227969593839191 0.49329322116871394 0.39839689569297426 0.57950650292748651 0.66248681803310061 0.39839689569297426 0.563706706506368 -0.43150656828475037 73.500000000000014
decision_type=2 2 2 2 2 2 2 2 2 2 2 2 2 2 2
left_child=1 8 6 4 -4 12 -3 9 -1 -8 -7 -5 -2 -6 -9
right_child=5 2 3 11 13 10 7 14 -10 -11 -12 -13 -14 -15 -16
leaf_value=-1.1627226359605609 -1.1646555054579322 -1.1861170781704777 -1.1749317766158289 -1.163431570654303 -1.1618711967549069 -1.1320318625149142 -1.1556238483198968 -1.1722523298770153 -1.144226474757116 -1.1742467841439757 -1.1533566870062335 -1.1820033963407677 -1.1473594414019361 -1.1424667513196449 -1.1842523939752776
leaf_weight=10.314908027648928 8.0585218966007215 17.728748172521591 6.7691583931446102 8.7032036483287829 6.7691583931446084 14.182998538017275 10.314908027648928 8.7032036483287829 10.637248903512953 6.4468175172805777 8.0585218966007215 9.6702262759208661 6.7691583931446067 8.3808627724647486 9.0255445241928083
leaf_count=32 25 55 21 27 21 44 32 27 33 20 25 30 21 26 28
internal_value=-1.16272 -1.16868 -1.17246 -1.16551 -1.15819 -1.14495 -1.17749 -1.1721 -1.15273 -1.16282 -1.13843 -1.17423 -1.15644 -1.14992 -1.17988
internal_weight=150.533 113.464 92.5118 40.2926 21.9192 37.0692 52.2192 34.4905 20.9522 16.7617 22.2415 18.3734 14.8277 15.15 17.7287
internal_count=467 352 287 125 68 115 162 107 65 52 69 57 46 47 55
is_linear=0
shrinkage=1


Tree=1
num_leaves=15
num_cat=0
split_feature=10 16 40 40 27 1 40 16 22 14 41 32 36 29
split_gain=4.61424 3.75145 6.1965 4.07023 3.78529 3.09258 2.24107 2.29359 2.99456 1.80418 1.05846 1.11345 1.51813 0.998074
threshold=-1.1273562734550235 -1.1861426383477831 73.500000000000014 296.00000000000006 0.96397547019915886 -0.63145124063801139 339.00000000000006 0.134306973352848 -1.0000000180025095e-35 0.47542012627367525 457.50000000000006 0.75936991510899143 -0.52634501625634444 -0.67145119133936093
decision_type=2 2 2 2 2 2 2 2 2 2 2 2 2 2
left_child=13 2 -2 4 5 9 -5 -8 -9 -3 11 12 -7 -1
right_child=1 3 -4 6 -6 10 7 8 -10 -11 -12 -13 -14 -15
leaf_value=-1.4954571142097226 -1.4650691669952522 -1.4778790338932524 -1.4958948584898042 -1.4698927586740089 -1.4792966797517277 -1.4954571142097226 -1.5010213229735925 -1.4932711824501668 -1.4693006846206644 -1.4988994700487019 -1.4948274700975692 -1.4954207953799084 -1.5155689316961753 -1.5136390226916765
leaf_weight=5.7514592409133902 10.980058550834658 6.0128892064094526 9.9343386888504011 6.012889206409457 7.0586090683937064 5.7514592409133902 8.104328930377962 9.9343386888504082 6.5357491374015764 5.4900292754173279 9.4114787578582746 7.0586090683937064 15.685797929763799 8.3657588958740217
leaf_count=22 42 23 38 23 27 22 31 38 25 21 36 27 60 32
internal_value=-1.49237 -1.49019 -1.47924 -1.49294 -1.49773 -1.50079 -1.48443 -1.4893 -1.48296 -1.48797 -1.50486 -1.50768 -1.51099 -1.50762
internal_weight=122.088 107.971 20.9144 87.0562 56.4689 49.4103 30.5873 24.5744 16.4701 11.5029 37.9073 28.4959 21.4373 14.1172
internal_count=467 413 80 333 216 189 117 94 63 44 145 109 82 54
is_linear=0
shrinkage=1


Tree=2
num_leaves=17
num_cat=0
split_feature=9 30 9 4 26 12 40 12 12 35 30 19 32 12 28 29
split_gain=18.462 7.72999 5.57785 4.13651 3.53797 2.7447 2.12429 4.23305 3.07914 3.80478 2.91474 2.70946 2.22196 1.71845 1.54352 0.0963394
threshold=1.0839272000530187 1.6480774013158417 -0.87884705066551039 -0.68691762748201857 -0.26754921658267983 -0.29858688804061306 73.500000000000014 -0.36142546990253505 -0.32794930591392468 0.065190446864694648 -0.15388887319405478 -0.57769745017036311 -0.81189859681569176 0.074373604415186506 1.0000000180025095e-35 -1.0000000180025095e-35
decision_type=2 2 2 2 2 2 2 2 2 2 2 2 2 2 2 2
left_child=1 2 5 13 -2 -1 8 -8 -5 10 11 -10 -9 -4 15 -14
right_child=4 -3 3 6 -6 -7 7 12 9 -11 -12 -13 14 -15 -16 -17
leaf_value=-0.79618195624320209 -0.74014367307657924 -0.74972842606631662 -0.79570831614154103 -0.76043012158793311 -0.76602879190597994 -0.77676467182521536 -0.78461613067443448 -0.77363656231377886 -0.7699903266935979 -0.79303577631140865 -0.76243049391037987 -0.78995163298416715 -0.76251266766985615 -0.77456910205413676 -0.74881845301981664 -0.76921068675005466
leaf_weight=16.03442615270615 16.407319784164432 8.576553523540495 8.2036598920822126 8.9494471549987775 8.2036598920822126 13.79706436395645 7.4578726291656485 8.9494471549987775 11.559702575206748 10.441021680831907 12.678383469581609 10.068128049373628 7.4578726291656467 7.4578726291656485 10.441021680831907 7.4578726291656539
leaf_count=43 44 23 22 24 22 37 20 24 31 28 34 27 20 20 28 20
internal_value=-0.771051 -0.775078 -0.776871 -0.773617 -0.747758 -0.788096 -0.771115 -0.766199 -0.775075 -0.778383 -0.773022 -0.779646 -0.761627 -0.787179 -0.757257 -0.765022
internal_weight=174.141 149.53 140.954 111.122 24.611 29.8315 95.4608 41.7641 53.6967 44.7472 34.3062 21.6278 34.3062 15.6615 25.3568 14.9157
internal_count=467 401 378 298 66 80 256 112 144 120 92 58 92 42 68 40
is_linear=0
shrinkage=1


Tree=3
num_leaves=17
num_cat=0
split_feature=11 30 20 23 22 35 16 14 22 0 33 12 27 16 33 40
split_gain=16.9793 7.49581 3.71988 3.31986 3.29986 2.96274 3.73205 2.89088 2.61911 2.11199 2.69036 1.81992 1.74205 1.64627 1.39499 0.153171
threshold=0.46527871161627293 -0.77525655405953575 -0.85078770568689988 1.0000000180025095e-35 -0.23044649321422675 0.61081701059140059 -0.92205271600765693 1.2267579691958088 -0.73601419912266997 -0.59227969593839191 0.49329322116871394 -0.29858688804061306 0.57950650292748651 0.39839689569297426 -0.43150656828475037 73.500000000000014
decision_type=2 2 2 2 2 2 2 2 2 2 2 2 2 2 2 2
left_child=1 2 -1 9 8 6 -5 -6 11 -3 12 -2 -11 -7 -8 -12
right_child=4 3 -4 5 7 13 14 -9 -10 10 15 -13 -14 -15 -16 -17
leaf_value=-0.0033205494929530294 0.023268406041104056 -0.023017052653256369 0.020408246479613614 -0.012078578650045588 0.016725678801216472 -0.00066733771705903937 0.00084076380199359926 -0.0070392154033236242 0.038317191467655873 0.0069306041788658925 -0.0093750391255493365 0.0017132372509954935 -0.011248542467813699 -0.018997283285851079 0.019696349126237168 -0.021208527129174853
leaf_weight=9.7040444910526293 7.190799504518508 17.479895234107971 11.347278982400892 6.7426925599575069 7.7981202304363233 8.6948857009410876 6.7706308960914621 7.4775641262531281 7.4862700998783138 10.347528606653215 8.6668290793895739 7.4676153361797324 6.3937247693538657 9.5755963623523694 8.4555843174457515 8.9170424938201887
leaf_count=30 22 55 35 21 24 27 21 23 23 32 27 23 20 30 26 28
internal_value=0 -0.00581635 0.0097106 -0.0095304 0.0171179 -0.0027247 0.00440934 0.00514568 0.0242724 -0.0144787 -0.00918146 0.013837 -3.74079e-05 -0.01129 0.0124979 -0.0168857
internal_weight=150.516 113.096 21.0513 92.0444 37.4204 40.2394 21.9689 15.2757 22.1447 51.805 34.3251 14.6584 16.7413 18.2705 15.2262 17.5839
internal_count=467 352 65 287 115 125 68 47 68 162 107 45 52 57 47 55
is_linear=0
shrinkage=0.03


Tree=4
num_leaves=18
num_cat=0
split_feature=7 33 7 16 40 27 29 40 26 33 26 34 30 22 29 0 35
split_gain=4.38678 3.23224 4.76122 2.79682 3.96602 3.8744 2.78657 2.41297 2.48704 1.92112 2.52165 2.19325 1.10363 0.93301 0.902972 0.36275 0.237715
threshold=-0.62976571710806573 -1.0112318094346828 0.832232055063716 -1.1861426383477831 100.00000000000001 0.77174098656332279 1.0000000180025095e-35 296.00000000000006 -0.37657668965782082 0.29314998315266561 -0.21303548004510928 0.39205889454279536 -0.77525655405953575 -0.33156003439591558 -0.67145119133936093 1.0453540626657427 0.36285657845531821
decision_type=2 2 2 2 2 2 2 2 2 2 2 2 2 2 2 2 2
left_child=6 15 3 4 -3 7 16 9 -9 10 -5 -12 -8 -10 -4 -2 -1
right_child=1 2 14 5 -6 -7 12 8 13 -11 11 -13 -14 -15 -16 -17 -18
leaf_value=0.027689713456523886 -0.020716065958283677 0.027855376461033966 -0.0037645307464473175 0.012071030005158644 -0.0029858475210366242 0.015268085473809038 -0.0073083313470689582 -0.0076920149906124953 0.0014052207813177208 -0.017842264499828123 -0.02012865799458749 0.0025790982884164476 0.0083712975922976707 0.01989988088992687 -0.021223707477764628 -0.0057423882324597764 0.0099363870847348663
leaf_weight=5.271804481744768 7.3093276321887952 6.9133610725402814 5.9864397644996634 5.7114008069038364 5.7291223406791687 10.241086870431898 5.7719140946865082 7.5896987617015865 5.2189007699489602 11.716701507568358 6.4804543554782938 5.9994497001171112 7.3487474322319013 5.7743293344974491 8.5153466165065748 5.2196550071239471 5.2765679359436035
leaf_count=20 28 26 23 22 22 39 22 29 20 45 25 23 28 22 33 20 20
internal_value=0 -0.00281837 -0.000554941 0.00263819 0.0146206 -0.000141374 0.0111953 -0.00387629 0.00419669 -0.00904422 -0.00214536 -0.00967775 0.00102115 0.0128229 -0.0154199 -0.0161866 0.0216497
internal_weight=122.074 98.4053 85.8763 71.3745 12.6425 58.732 23.669 48.4909 18.5829 29.908 18.1913 12.4799 13.1207 10.9932 14.5018 12.529 10.5484
internal_count=467 377 329 273 48 225 90 186 71 115 70 48 50 42 56 48 40
is_linear=0
shrinkage=0.03


Tree=5
num_leaves=16
num_cat=0
split_feature=13 15 22 23 32 6 32 34 37 25 37 38 26 19 19
split_gain=17.5356 7.08968 6.12451 5.00062 3.76973 4.98989 2.97046 2.82932 3.1507 3.80727 2.41469 2.36483 1.91368 0.233637 0.28465
threshold=0.75799142025498434 -0.75492842375209646 1.0334727715568821 1.0000000180025095e-35 0.20596716877073806 -0.42401614272942706 0.52219730953545418 -0.074831665710734449 -1.0000000180025095e-35 0.10753858856003252 0.563706706506368 -1.0000000180025095e-35 0.71369804109358925 1.0000000180025095e-35 -1.1320323341761818
decision_type=2 2 2 2 2 2 2 2 2 2 2 2 2 2 2
left_child=1 2 6 -2 5 -3 7 8 9 -1 12 -10 -6 14 -7
right_child=3 4 -4 -5 10 13 -8 -9 11 -11 -12 -13 -14 -15 -16
leaf_value=-0.024082597450817336 0.028096337196106387 0.0034194403307879571 0.024008906848816819 0.0031277970931401044 -0.0061042028253996839 -0.013217100007106181 -0.013952198522439674 0.015424610272796856 0.018360736743309888 0.0010962379674600666 -0.014161827695150007 -0.0019696613384246288 0.0099516695632050414 -0.013172839571352579 -0.029013658143640542
leaf_weight=7.8275777101516679 20.185288429260254 7.83271899819374 8.5857629179954511 12.314844965934752 11.174346655607225 7.4442420899868003 11.551234364509581 9.6968254148960096 7.4640099704265603 11.557178884744642 10.425861507654188 10.443694621324546 12.299566566944121 11.1726898252964 14.138566017150881
leaf_count=21 54 21 23 33 30 20 31 26 20 31 28 28 33 30 38
internal_value=0 -0.00460051 0.00238252 0.0193672 -0.0108952 -0.0169399 -0.00120992 0.00213344 -0.00163067 -0.00978314 -0.00307714 0.00695913 0.00216073 -0.0219201 -0.0250381
internal_weight=174.114 141.614 67.1263 32.5001 74.488 40.5882 58.5405 46.9893 37.2925 19.3848 33.8998 17.9077 23.4739 32.7555 21.5828
internal_count=467 380 180 87 200 109 157 126 100 52 91 48 63 88 58
is_linear=0
shrinkage=0.03


Tree=6
num_leaves=16
num_cat=0
split_feature=2 30 20 22 24 20 14 12 40 41 12 9 29 41 25
split_gain=15.8859 6.37238 4.12716 3.42027 2.99097 3.69489 2.50103 2.25022 1.86962 3.16322 1.59744 1.04951 1.95538 1.03812 1.01218
threshold=-0.56494417817899412 -0.77525655405953575 -0.85078770568689988 -0.23044649321422675 -0.57352580644226658 -0.5592139347310906 1.2267579691958088 -0.29858688804061306 320.00000000000006 321.50000000000006 -0.32794930591392468 0.45882048454877555 -0.46092905720894978 134.00000000000003 -0.17020184856057588
decision_type=2 2 2 2 2 2 2 2 2 2 2 2 2 2 2
left_child=3 2 -2 7 11 13 -5 -1 9 14 -11 12 -3 -6 -7
right_child=1 4 -4 6 5 8 -8 -9 -10 10 -12 -13 -14 -15 -16
leaf_value=0.031968067321492752 -0.005295214085629954 0.002299593828555338 0.019790685847184433 0.014802013910523163 -8.1466773805583665e-05 -0.0088619481811976885 -0.0070652274577831685 0.010268769726677366 0.0015798307587990149 -0.011698441271941015 0.0055736338885447202 -0.023355134345361361 -0.017820147492837814 0.015084290187307781 -0.025112174263999035
leaf_weight=12.242125183343886 9.377135634422304 6.4119575917720786 11.452676087617872 8.1728015840053541 6.4271529614925367 9.9241383373737317 7.482246905565261 10.787691533565523 10.547395914793013 6.6631502509117153 9.9754122495651227 13.807340681552885 8.3276667296886462 6.8014444410800934 12.054777085781099
leaf_count=37 29 20 35 25 20 31 23 33 33 21 31 44 26 21 38
internal_value=0 -0.00574956 0.00863176 0.0162052 -0.0091951 -0.00515793 0.004297 0.0232977 -0.00896348 -0.0119441 -0.00140785 -0.0171212 -0.00929431 0.00805071 -0.0190652
internal_weight=150.455 111.77 20.8298 38.6849 90.9404 62.3935 15.655 23.0298 49.1649 38.6175 16.6386 28.547 14.7396 13.2286 21.9789
internal_count=467 349 64 118 285 195 48 70 154 121 52 90 46 41 69
is_linear=0
shrinkage=0.03


Tree=7
num_leaves=15
num_cat=0
split_feature=10 16 40 40 27 1 12 38 39 34 41 32 36 36
split_gain=4.30197 3.43558 5.57332 3.83333 3.59036 2.88332 2.5345 2.19154 2.56862 1.5244 1.05137 1.062 1.52536 1.02463
threshold=-1.1273562734550235 -1.1861426383477831 73.500000000000014 296.00000000000006 0.96397547019915886 -0.63145124063801139 2.5945560866390585 0.60871591650486512 -0.73109417678947441 -0.27492762010510413 457.50000000000006 0.75936991510899143 -0.52634501625634444 -0.20382964172503637
decision_type=2 2 2 2 2 2 2 2 2 2 2 2 2 2
left_child=13 2 -2 4 5 6 -3 8 -5 -10 11 12 -7 -1
right_child=1 3 -4 7 -6 10 -8 -9 9 -11 -12 -13 -14 -15
leaf_value=-0.020992309957296749 0.025649743362649184 0.016881059211648172 -0.0034136256376868131 0.013622763002488459 0.012612279820112426 -0.0027996214931160337 -0.0079872066521737388 0.020197052429091079 -0.015579546891753599 0.0024702123009632464 -0.0022407769503107818 -0.003048418820966692 -0.022967934626227888 -0.00264385723694771
leaf_weight=8.1802094876766187 11.308157533407213 5.5708901286125165 9.8946818113327009 9.2060116231441551 7.1382010579109183 5.6882996559143058 6.0429553687572479 7.6682781279087058 5.7784273624420193 8.1334089040756172 9.3408465683460218 7.0573229789733878 15.375549346208578 5.6544961631298056
leaf_count=32 42 21 38 35 27 22 23 29 22 31 36 27 60 22
internal_value=0 0.00208758 0.0124931 -0.000549324 -0.0052333 -0.00824469 0.00405045 0.00766334 0.00228482 -0.00542427 -0.0122196 -0.0150503 -0.0183356 -0.0148764
internal_weight=122.038 108.203 21.2028 87.0002 56.2141 49.0759 11.6138 30.7861 23.1178 13.9118 37.462 28.1212 21.0638 13.8347
internal_count=467 413 80 333 216 189 44 117 88 53 145 109 82 54
is_linear=0
shrinkage=0.03


Tree=8
num_leaves=18
num_cat=0
split_feature=13 30 15 23 24 32 34 33 40 14 1 12 12 23 12 12 29
split_gain=16.5021 6.80123 4.75292 4.73348 3.05818 2.70324 2.67635 2.83537 2.02032 1.87674 2.5985 2.3964 3.14085 1.65675 1.09094 1.0432 0.155463
threshold=0.75799142025498434 1.6480774013158417 -0.75492842375209646 1.0000000180025095e-35 -0.20079721786491866 0.52219730953545418 -0.074831665710734449 -1.0000000180025095e-35 73.500000000000014 1.5899728810851432 -0.63145124063801139 -0.29630376221919358 -0.409360128082148 -0.71309093789792877 -0.33273965879029838 -0.25848518975339002 0.2057243675373521
decision_type=2 2 2 2 2 2 2 2 2 2 2 2 2 2 2 2 2
left_child=1 2 5 -2 15 6 7 -1 16 10 14 12 -12 -10 -6 -4 -9
right_child=3 -3 4 -5 9 -7 -8 8 13 -11 11 -13 -14 -15 -16 -17 -18
leaf_value=-0.015018619932011272 0.027247836843941893 0.019713127983297683 -0.027116812284768723 0.0029651288097582496 -0.019595355483557439 -0.012130655655386801 0.015206640322146072 -0.0068241295169850103 0.00011557959428159674 -0.017648270273791986 0.0082644555385654721 0.015591864731603899 -0.016290951933836891 0.019124076890042911 -0.0027626375029869863 -0.010578319692152165 -3.5615716082410813e-05
leaf_weight=8.1863871514797157 20.223619550466537 8.2255151569843274 11.505769699811937 12.321319729089735 7.4286325275897971 11.909547626972197 10.827371358871458 7.4543723464012199 8.588507801294325 9.6608075201511365 8.1961227655410713 7.4445076286792853 7.4310553371906272 7.8428837060928371 8.1926615536212868 11.159035205841063 7.4522301256656647
leaf_count=22 54 22 31 33 20 32 29 20 23 26 22 20 20 21 22 30 20
internal_value=0 -0.00447355 -0.00621356 0.0187665 -0.0114342 -3.5593e-05 0.00297767 -0.000659626 0.00342333 -0.00663153 -0.00317562 0.00301564 -0.00346597 0.010364 -0.0121333 -0.0203845 -0.0041096
internal_weight=174.05 141.505 133.28 32.5449 71.0186 62.2613 50.3518 39.5244 31.338 48.3538 38.693 23.0717 15.6272 16.4314 15.6213 22.6648 14.9066
internal_count=467 380 358 87 191 167 135 106 84 130 104 62 42 44 42 61 40
is_linear=0
shrinkage=0.03


end of trees

feature_importances:
Column_40=13
Column_12=12
Column_16=10
Column_30=7
Column_33=7
Column_22=6
Column_29=6
Column_32=6
Column_23=5
Column_27=5
Column_14=4
Column_26=4
Column_34=4
Column_35=4
Column_41=4
Column_0=3
Column_1=3
Column_9=3
Column_19=3
Column_20=3
Column_36=3
Column_37=3
Column_7=2
Column_10=2
Column_11=2
Column_13=2
Column_15=2
Column_24=2
Column_25=2
Column_38=2
Column_2=1
Column_4=1
Column_6=1
Column_28=1
Column_39=1

parameters:
[boosting: gbdt]
[objective: multiclass]
[metric: multi_logloss]
[tree_learner: serial]
[device_type: cpu]
[data_sample_strategy: bagging]
[data: ]
[valid: ]
[num_iterations: 350]
[learning_rate: 0.03]
[num_leaves: 96]
[num_threads: 2]
[seed: 42]
[deterministic: 0]
[force_col_wise: 1]
[force_row_wise: 0]
[histogram_pool_size: -1]
[max_depth: 10]
[min_data_in_leaf: 20]
[min_sum_hessian_in_leaf: 0.001]
[bagging_fraction: 0.85]
[pos_bagging_fraction: 1]
[neg_bagging_fraction: 1]
[bagging_freq: 0]
[bagging_seed: 400]
[bagging_by_query: 0]
[feature_fraction: 0.8]
[feature_fraction_bynode: 1]
[feature_fraction_seed: 30056]
[extra_trees: 0]
[extra_seed: 12879]
[early_stopping_round: 0]
[early_stopping_min_delta: 0]
[first_metric_only: 0]
[max_delta_step: 0]
[lambda_l1: 0.2]
[lambda_l2: 1.5]
[linear_lambda: 0]
[min_gain_to_split: 0]
[drop_rate: 0.1]
[max_drop: 50]
[skip_drop: 0.5]
[xgboost_dart_mode: 0]
[uniform_drop: 0]
[drop_seed: 17869]
[top_rate: 0.2]
[other_rate: 0.1]
[min_data_per_group: 100]
[max_cat_threshold: 32]
[cat_l2: 10]
[cat_smooth: 10]
[max_cat_to_onehot: 4]
[top_k: 20]
[monotone_constraints: ]
[monotone_constraints_method: basic]
[monotone_penalty: 0]
[feature_contri: ]
[forcedsplits_filename: ]
[refit_decay_rate: 0.9]
[cegb_tradeoff: 1]
[cegb_penalty_split: 0]
[cegb_penalty_feature_lazy: ]
[cegb_penalty_feature_coupled: ]
[path_smooth: 0]
[interaction_constraints: ]
[verbosity: -1]
[saved_feature_importance_type: 0]
[use_quantized_grad: 0]
[num_grad_quant_bins: 4]
[quant_train_renew_leaf: 0]
[stochastic_rounding: 1]
[linear_tree: 0]
[max_bin: 255]
[max_bin_by_feature: ]
[min_data_in_bin: 3]
[bin_construct_sample_cnt: 200000]
[data_random_seed: 175]
[is_enable_sparse: 1]
[enable_bundle: 1]
[use_missing: 1]
[zero_as_missing: 0]
[feature_pre_filter: 1]
[pre_partition: 0]
[two_round: 0]
[header: 0]
[label_column: ]
[weight_column: ]
[group_column: ]
[ignore_column: ]
[categorical_feature: ]
[forcedbins_filename: ]
[precise_float_parser: 0]
[parser_config_file: ]
[objective_seed: 16083]
[num_class: 3]
[is_unbalance: 0]
[scale_pos_weight: 1]
[sigmoid: 1]
[boost_from_average: 1]
[reg_sqrt: 0]
[alpha: 0.9]
[fair_c: 1]
[poisson_max_delta_step: 0.7]
[tweedie_variance_power: 1.5]
[lambdarank_truncation_level: 30]
[lambdarank_norm: 1]
[label_gain: ]
[lambdarank_position_bias_regularization: 0]
[eval_at: ]
[multi_error_top_k: 1]
[auc_mu_weights: ]
[num_machines: 1]
[local_listen_port: 12400]
[time_out: 120]
[machine_list_filename: ]
[machines: ]
[gpu_platform_id: -1]
[gpu_device_id: -1]
[gpu_device_id_list: ]
[gpu_use_dp: 0]
[num_gpu: 1]

end of parameters

pandas_categorical:null
