tree
version=v4
num_class=1
num_tree_per_iteration=1
label_index=0
max_feature_idx=42
objective=binary sigmoid:1
feature_names=Column_0 Column_1 Column_2 Column_3 Column_4 Column_5 Column_6 Column_7 Column_8 Column_9 Column_10 Column_11 Column_12 Column_13 Column_14 Column_15 Column_16 Column_17 Column_18 Column_19 Column_20 Column_21 Column_22 Column_23 Column_24 Column_25 Column_26 Column_27 Column_28 Column_29 Column_30 Column_31 Column_32 Column_33 Column_34 Column_35 Column_36 Column_37 Column_38 Column_39 Column_40 Column_41 Column_42
feature_infos=[-1.4728406522503172:3.8700494121458604] [-1.8047611775655481:5.9592182791113064] [-1.44428266453941:4.589336321520161] [-1.4271208680768066:4.2704522031663208] [-1.7224431299121536:5.5575212823741511] [-1.4012308540404219:4.6022405421977055] [-1.9801639333242782:2.9238147936946897] [-2.0557711657641997:5.1751614543353739] [-2.0609611293253387:3.1031800509896712] [-2.1844906608590975:2.5783319455875904] [-4.4948214516344018:2.3176052523752988] [-2.0694656697243925:2.781242106236097] [-2.1426137042688125:2.8122614921353764] [-2.1840097334937032:2.609530925025271] [-2.0690946643761974:2.7855700624897204] [-1.6821104333817167:1.5955096344553665] [-1.4560573309454679:1.4321875386348863] [-2.0569852996385887:1.19948274296543] [-1.4175450477018909:0.70544495331643386] [-2.3218725857337921:2.9990854232394772] [-2.0026780442376704:4.6239320191580422] [-2.1909141858539201:3.3608198190768905] [-3.5746168284250608:3.0350676618809578] [-2.1902019855393333:2.6138853400649333] [-2.3610667613248686:3.0451801356434256] [-2.4030937156974668:4.1357353877428187] [-3.5521190083576357:2.8202011112356939] [-2.6828883650271371:2.6018739259330728] [-1.8259553731057785:3.5459214961448877] [-2.4937718039905734:3.4892379993456721] [-3.4573112254493941:3.0354643677323576] [-2.2952572144948555:2.9129494346375151] [-2.2085859838161479:2.8233140358274911] [-2.4370962376972223:3.1026024980516524] [-2.8988867409663621:2.3622519341303043] [-2.4026165908522157:2.7789878180692287] [-2.8316378052795304:3.1453230068827005] [-0.84154902165830925:3.5449564997305898] [-0.80766408159855563:3.0187444634005423] [-0.81266770674508682:2.738578847387553] [2:814] [2:814] [0:1]
tree_sizes=1367 1400 1398 1277 1374 1506 1294 1397 1376 1507 1511 1395 1398 1505 1375 1299 1298

Tree=0
num_leaves=12
num_cat=0
split_feature=16 12 0 26 1 28 20 4 34 32 30
split_gain=9.7816 8.48037 4.37303 5.26049 5.94378 4.2479 7.19324 3.84766 3.36011 2.56816 1.75259
threshold=0.77576825009389683 -0.6395630870423209 -0.58686774283778653 0.14382666100649508 -0.50528156511327837 0.62642319763909127 -0.71417053191072599 0.62332318071343373 0.27449849163162693 1.0000000180025095e-35 -0.21092342885851781
decision_type=2 2 2 2 2 2 2 2 2 2 2
left_child=1 8 7 4 -4 6 -2 -3 -1 -5 -8
right_child=5 2 3 9 -6 -7 10 -9 -10 -11 -12
leaf_value=0.10600170091405857 0.13670796648511657 0.064137105172804215 0.094603748166725926 0.10668414258833452 0.13242253212296543 0.13817208503266629 0.088885709955905529 0.097999009940020768 0.13242253212296543 0.08070653860502551 0.10998226607934249
leaf_weight=8.7251501530408841 5.235090091824536 6.2322501093149167 5.733670100569725 5.2350900918245307 6.2322501093149203 7.9772801399230948 5.9829601049423253 7.4787001311779022 6.2322501093149176 9.2237301617860776 5.235090091824528
leaf_count=35 21 25 23 21 25 32 24 30 25 37 21
internal_value=0.106684 0.0996928 0.0925689 0.100642 0.114528 0.121943 0.111766 0.0795349 0.117988 0.0891162 0.0984304
internal_weight=79.5235 55.0931 40.1357 26.4247 11.9659 24.4304 16.4531 13.711 14.9574 14.4588 11.2181
internal_count=319 221 161 106 48 98 66 55 60 58 45
is_linear=0
shrinkage=1


Tree=1
num_leaves=12
num_cat=0
split_feature=16 12 0 17 35 3 31 34 30 12 12
split_gain=9.3163 8.06729 4.16101 5.38804 4.23456 4.4256 3.88652 3.20846 2.99488 1.71075 1.58937
threshold=0.77576825009389683 -0.6395630870423209 -0.58686774283778653 -1.0000000180025095e-35 -0.45951493750667399 0.37109506730422598 -0.23367541587995908 0.27449849163162693 -0.21092342885851781 -0.57138840371034538 -0.15523005067395665
decision_type=2 2 2 2 2 2 2 2 2 2 2
left_child=1 7 6 -4 5 -5 -3 -1 10 -10 -2
right_child=8 2 3 4 -6 -7 -8 -9 9 -11 -12
leaf_value=-0.0006649511250134088 -0.0083473723129654856 -0.037573927078606829 -0.025115378950906653 0.00868258396478086 0.018965075575250782 -0.024206164427743239 -0.0032469378933761141 0.025147616586858892 0.0053714422664582935 0.030556570012195222 0.012145279586143948
leaf_weight=8.7254662066698057 5.2336024045944214 8.484759792685507 7.4820931404829016 5.9827055484056473 7.2280804812908217 5.7369985580444336 5.2408386617898932 6.2226802110671988 4.97930584847927 8.9633194506168348 5.2335774004459399
leaf_count=35 21 34 30 24 29 23 21 25 20 36 21
internal_value=0 -0.00681788 -0.0137635 -0.00588154 0.00270533 -0.00788299 -0.0264721 0.0110291 0.0149017 0.0233462 0.00163558
internal_weight=79.5134 55.1036 40.1555 26.4299 18.9478 11.7197 13.7256 14.9481 24.4098 13.9426 10.4672
internal_count=319 221 161 106 76 47 55 60 98 56 42
is_linear=0
shrinkage=0.03


Tree=2
num_leaves=12
num_cat=0
split_feature=16 31 28 32 0 3 28 19 24 5 35
split_gain=8.86215 4.02892 5.55912 4.25822 6.59973 7.91661 3.96543 3.59282 2.21187 1.54804 0.670536
threshold=0.77576825009389683 -0.66769263664098977 -0.3078162578827639 0.74492054945294439 -0.6950781745217598 0.43554725136806199 0.62642319763909127 -0.7255851830418113 1.0628896067550513 -0.59190211518047164 1.0000000180025095e-35
decision_type=2 2 2 2 2 2 2 2 2 2 2
left_child=1 2 -1 4 -3 10 7 -2 -5 -9 -6
right_child=6 3 -4 8 5 -7 -8 9 -10 -11 -12
leaf_value=0.0031911472994604019 0.021842879933293865 -0.019813067349889718 -0.031636874303164593 -0.0016649552883901705 0.013339591925885845 -0.0097161869452620682 0.03024674934965909 0.0050597663823863815 -0.026964238919534624 -0.014754472918815211 0.033861960889808945
leaf_weight=5.7356359511613837 5.4756236076355025 5.7379512190818778 9.4810423105955106 6.9808483421802503 7.4775226116180473 7.7328904867172232 7.9490572065114966 5.4815096259117162 5.4871471375226974 5.4810542166233027 6.4731262475252151
leaf_count=23 22 23 38 28 30 31 32 22 22 22 26
internal_value=0 -0.00664612 -0.0190418 -0.00125384 0.00520816 0.0129417 0.0145436 0.00472125 -0.0149287 -0.00494898 0.0256133
internal_weight=79.4934 55.1062 15.2167 39.8895 27.4215 21.6835 24.3872 16.4382 12.468 10.9626 13.9506
internal_count=319 221 61 160 110 87 98 66 50 44 56
is_linear=0
shrinkage=0.03


Tree=3
num_leaves=11
num_cat=0
split_feature=16 12 0 26 28 20 11 31 34 30
split_gain=8.43814 7.56423 3.7835 4.92451 3.77462 6.77354 3.76316 3.65168 2.99799 1.61433
threshold=0.77576825009389683 -0.6395630870423209 -0.58686774283778653 1.0000000180025095e-35 0.62642319763909127 -0.71417053191072599 0.4390187010210127 -0.23367541587995908 0.27449849163162693 -0.21092342885851781
decision_type=2 2 2 2 2 2 2 2 2 2
left_child=1 8 7 -4 5 -2 -5 -3 -1 -7
right_child=4 2 3 6 -6 9 -8 -9 -10 -11
leaf_value=-0.00049476426986779496 0.028887764077000933 -0.036068539568847237 0.010893089339234007 0 0.029549757292308066 -0.017417251465638214 -0.026692237606729084 -0.0028757942313473728 0.024462596617455899 0.0028350381328479321
leaf_weight=8.7274962961673719 5.2166915982961699 8.4977915436029416 8.969338387250902 8.4707829058170336 7.9281484633684149 5.9871501922607457 8.9908064752817136 5.2434333264827719 6.2079430967569342 5.2286203205585444
leaf_count=35 21 34 36 34 32 24 36 21 25 21
internal_value=0 -0.00648076 -0.0132068 -0.00566963 0.0142031 0.00461178 -0.0146824 -0.0253259 0.0107996 -0.00828339
internal_weight=79.4682 55.1076 40.1722 26.4309 24.3606 16.4325 17.4616 13.7412 14.9354 11.2158
internal_count=319 221 161 106 98 66 70 55 60 45
is_linear=0
shrinkage=0.03


Tree=4
num_leaves=12
num_cat=0
split_feature=16 12 27 22 3 0 12 16 27 29 30
split_gain=8.03486 7.19191 3.63176 5.42134 5.55985 5.23061 2.81116 2.59067 1.90469 1.731 0.98277
threshold=0.77576825009389683 -0.6395630870423209 0.9503857100080072 0.3911938657585507 0.37109506730422598 -0.58686774283778653 -0.21481981419034887 -0.53707032698808244 1.0000000180025095e-35 -0.28265948536630892 -0.38178594446856368
decision_type=2 2 2 2 2 2 2 2 2 2 2
left_child=1 9 3 4 5 -3 8 -7 -2 -1 -8
right_child=6 2 -4 -5 -6 7 10 -9 -10 -11 -12
leaf_value=0.019425059746014446 -0.0060151469374003291 -0.021846706808593356 -0.032369513569337115 0.012773286034666287 -0.032770634509220888 0.01911720914525266 0.0089249003555745936 -0.006409931915800287 0.01498951733451972 0 0.03167794906611119
leaf_weight=7.4626923799514771 7.4602300971746462 7.2473042160272589 5.9927082955837241 7.2312889993190756 8.2435879707336408 6.4779841452836981 5.4715763926506042 4.9808129966259065 5.2044059932231903 7.4597280621528608 6.1909070611000043
leaf_count=30 30 29 24 29 33 26 22 20 21 30 25
internal_value=0 -0.00631424 -0.0128723 -0.00806875 -0.0142507 -0.00396537 0.0138789 0.00810069 0.0028662 0.0105389 0.0236925
internal_weight=79.4232 55.0961 40.1737 34.181 26.9497 18.7061 24.3271 11.4588 12.6646 14.9224 11.6625
internal_count=319 221 161 137 108 75 98 46 51 60 47
is_linear=0
shrinkage=0.03


Tree=5
num_leaves=13
num_cat=0
split_feature=16 12 26 28 20 0 29 19 17 26 24 31
split_gain=7.6651 6.8717 6.3302 3.57032 5.40945 3.26505 9.37058 5.14584 3.25827 2.28226 2.0541 1.36229
threshold=0.77576825009389683 -0.30102734153755972 -0.62085175334470433 0.9934458408798198 -0.71417053191072599 -0.1269734081809005 0.23760223666292971 0.69333695268439399 -1.0000000180025095e-35 1.0000000180025095e-35 0.34205668715927851 -0.23367541587995908
decision_type=2 2 2 2 2 2 2 2 2 2 2 2
left_child=1 2 -1 4 -2 7 -7 11 -4 -6 -10 -3
right_child=3 5 8 -5 9 6 -8 -9 10 -11 -12 -13
leaf_value=-0.019351948476281425 0.02816727829674193 -0.017128709007767379 -0.0018707940577103732 0.032387771542914223 -0.016743753231514016 0.018200129514679683 -0.027779500105827463 -0.043592104868975128 0.031217924675359894 0.0055213396263345711 0.0045536890869910893 0.0019747244105382143
leaf_weight=5.7374019920825985 5.2007181346416518 5.4895203560590771 7.4695552736520794 5.4190275669097892 5.722351461648941 6.9775580912828428 5.995183065533638 5.9943794459104529 6.9587276428937894 7.9572905451059341 5.4699985980987549 4.9902202188968685
leaf_count=23 21 22 30 22 23 28 24 24 28 32 22 20
internal_value=0 -0.00616012 0.00490001 0.0135709 0.00588943 -0.0157535 -0.00331104 -0.0241236 0.0130395 -0.00413135 0.0216677 -0.00842298
internal_weight=79.3819 55.0825 25.6357 24.2994 18.8804 29.4469 12.9727 16.4741 19.8983 13.6796 12.4287 10.4797
internal_count=319 221 103 98 76 118 52 66 80 55 50 42
is_linear=0
shrinkage=0.03


Tree=6
num_leaves=11
num_cat=0
split_feature=20 36 22 0 2 34 20 26 1 29
split_gain=4.61098 4.38812 6.93589 4.33332 7.03141 4.41386 3.80779 8.17759 3.08662 2.59645
threshold=1.1265544856991945 0.76812268386363147 -0.53416196288429185 0.38702614231797244 -0.35871914076723649 -1.3957042623673146 -0.71417053191072599 -0.23851254616910469 -0.50528156511327837 0.23760223666292971
decision_type=2 2 2 2 2 2 2 2 2 2
left_child=1 3 -3 4 -1 -6 -7 -8 -5 -9
right_child=-2 2 -4 8 5 6 7 9 -10 -11
leaf_value=0.02297383337027839 0.01795568920656606 -0.014042274796264822 0.023703103805519023 -0.035384653703933566 0.013168001771124815 0.0050692256275627744 -0.038293091502018199 -0.012827621791950981 -0.0035095265290787255 0.011097768873935687
leaf_weight=6.7044698297977368 9.6510807722806913 5.4756642431020728 10.437237650156019 5.7421602010726929 5.9694736897945324 7.2111411541700319 8.9711783379316312 7.7164933979511492 5.727124020457266 5.7201103121042252
leaf_count=27 39 22 42 23 24 29 36 31 23 23
internal_value=0 -0.00279167 0.0102795 -0.00694314 -0.00205667 -0.00767236 -0.0124977 -0.0183652 -0.0221774 -0.00214899
internal_weight=79.3261 69.6751 15.9129 53.7622 42.2929 35.5884 29.6189 22.4078 11.4693 13.4366
internal_count=319 280 64 216 170 143 119 90 46 54
is_linear=0
shrinkage=0.03


Tree=7
num_leaves=12
num_cat=0
split_feature=16 12 28 20 0 17 4 26 34 19 30
split_gain=7.24193 6.5514 3.3896 6.22552 3.27399 4.97449 3.88838 3.81118 2.79772 1.51125 1.46917
threshold=0.77576825009389683 -0.6395630870423209 0.62642319763909127 -0.71417053191072599 -0.58686774283778653 -1.0000000180025095e-35 0.62332318071343373 0.14382666100649508 0.27449849163162693 -0.37085464911026006 -0.21092342885851781
decision_type=2 2 2 2 2 2 2 2 2 2 2
left_child=1 8 3 -2 6 -6 -3 -7 -1 -9 -5
right_child=2 4 -4 10 5 7 -8 9 -10 -11 -12
leaf_value=-0.00074869263682997734 0.027505522666000704 -0.038760068200311519 0.027809671533707423 -0.016876102055120197 -0.02371428955166522 0.016138919064997446 -0.0058319082467696223 -0.018530067421276074 0.023345679919024614 0.0019986137606324847 0.002440308158151972
leaf_weight=8.7196447700262052 5.183299764990811 6.2429750561714155 7.854573890566825 5.9907598644495046 7.4867432713508597 8.9472053498029762 7.4916056990623474 4.9873415231704703 6.1773217022418967 4.9874644428491584 5.2203228026628459
leaf_count=35 21 25 32 24 30 36 30 20 25 20 21
internal_value=0 -0.00599091 0.0132029 0.0041249 -0.0122543 -0.00522247 -0.0235357 0.00300468 0.0100983 -0.00882324 -0.00818303
internal_weight=79.2893 55.0403 24.249 16.3944 40.1433 26.4088 13.7346 18.922 14.897 9.97481 11.2111
internal_count=319 221 98 66 161 106 55 76 60 40 45
is_linear=0
shrinkage=0.03


Tree=8
num_leaves=12
num_cat=0
split_feature=20 36 22 0 2 3 3 7 14 15 30
split_gain=4.24445 4.11252 6.50155 4.15268 6.60386 3.51808 3.80179 4.31178 3.0847 1.97448 1.29034
threshold=1.1265544856991945 0.76812268386363147 -0.53416196288429185 0.38702614231797244 -0.35871914076723649 -0.27342677333413695 -0.68592075134268937 1.0913253000560497 0.96151418247012177 0.42493103879926541 -0.38178594446856368
decision_type=2 2 2 2 2 2 2 2 2 2 2
left_child=1 3 -3 4 -1 6 7 9 -5 -6 -8
right_child=-2 2 -4 8 5 -7 10 -9 -10 -11 -12
leaf_value=0.022361970456888165 0.01725078269042277 -0.0135468288128671 0.023005045273368656 -0.034797028818205344 -0.029426584654329298 -0.025873994458778481 0 0.0098386140546650198 -0.0030974608362226539 -0.0051206468992321024 0.019717238895016382
leaf_weight=6.6863037049770275 9.6162509173154813 5.4751750677824012 10.407890200614927 5.7394509464502317 6.4764696955680829 5.9726834148168697 5.2250667214393616 5.4634337425231925 5.7279280126094818 7.2217998206615448 5.2012542933225614
leaf_count=27 39 22 42 23 26 24 21 22 23 29 21
internal_value=0 -0.00268334 0.00997811 -0.00670529 -0.00191851 -0.00736605 -0.00236885 -0.0102059 -0.0216157 -0.0187772 0.0110032
internal_weight=79.2137 69.5975 15.8831 53.7144 42.247 35.5607 29.588 19.1617 11.4674 13.6983 10.4263
internal_count=319 280 64 216 170 143 119 77 46 55 42
is_linear=0
shrinkage=0.03


Tree=9
num_leaves=13
num_cat=0
split_feature=16 12 26 5 29 19 35 12 20 26 10 30
split_gain=6.79593 6.24879 5.78334 3.11419 8.53898 4.98755 2.8396 2.74796 2.17536 2.07237 1.22638 0.843499
threshold=0.77576825009389683 -0.30102734153755972 -0.62085175334470433 -0.46271349019813235 0.23760223666292971 0.69333695268439399 -0.74738184911342043 -0.21481981419034887 1.0000000180025095e-35 1.0000000180025095e-35 -0.25504532510723726 -0.38178594446856368
decision_type=2 2 2 2 2 2 2 2 2 2 2 2
left_child=1 2 -1 4 -3 10 -4 9 -8 -2 -5 -9
right_child=7 3 6 5 -6 -7 8 11 -10 -11 -12 -13
leaf_value=-0.018432613869810398 -0.0095717676527695243 0.020352281184372812 -0.0038261357603959051 0.001528740523265861 -0.025334630589557167 -0.042076345145482981 0.029186049094885379 0.0085338028850441526 0.0041643573428157441 0.012252808737522316 -0.015863939634996192 0.030024853849931168
leaf_weight=5.7363997399807003 5.687668055295946 5.9590820223093051 5.717462405562407 5.239285200834277 5.7366667836904526 5.9859153330326071 7.4433739781379646 5.4563505947589874 6.6807065606117249 6.9156972914934158 6.4782320261001578 6.123276010155676
leaf_count=23 23 24 23 21 23 24 30 22 27 28 26 25
internal_value=0 -0.00581977 0.00473036 -0.0149769 -0.00193463 -0.0224566 0.012533 0.0127933 0.0192708 0.00200784 -0.00834223 0.022497
internal_weight=79.1601 54.9771 25.5779 29.3992 11.6957 17.7034 19.8415 24.183 14.1241 12.6034 11.7175 11.5796
internal_count=319 221 103 118 47 71 80 98 57 51 47 47
is_linear=0
shrinkage=0.03


Tree=10
num_leaves=13
num_cat=0
split_feature=16 12 26 28 20 17 5 22 19 24 26 31
split_gain=6.48646 5.94723 5.50982 3.16473 5.02348 2.9806 2.96334 5.70181 4.76373 1.97426 1.94908 1.47881
threshold=0.77576825009389683 -0.30102734153755972 -0.62085175334470433 0.9934458408798198 -0.71417053191072599 -1.0000000180025095e-35 -0.46271349019813235 -0.26977458327205128 0.69333695268439399 0.34205668715927851 1.0000000180025095e-35 -0.23367541587995908
decision_type=2 2 2 2 2 2 2 2 2 2 2 2
left_child=1 2 -1 4 -2 -4 7 -3 11 -7 -6 -8
right_child=3 6 5 -5 10 9 8 -9 -10 -11 -12 -13
leaf_value=-0.017992094044264256 0.026855745901099317 -0.021042744027009893 -0.0019807923913436158 0.030338876735363351 -0.01593543288178598 0.029867954742331261 -0.016743243120161098 0.016283808224536404 -0.041116648208578258 0.0039060787886660317 0.0046314275906062475 0.0022903482660179895
leaf_weight=5.7372551858425167 5.1623010486364409 5.7314197719097137 7.4537881016731289 5.3358234316110602 5.7286813706159592 6.9157585799694044 6.230279132723811 5.9529794007539767 5.976997345685958 5.4533233195543289 7.9229642003774643 5.4901672750711432
leaf_count=23 21 23 30 22 23 28 25 24 24 22 32 22
internal_value=0 -0.00568872 0.00460355 0.0125054 0.00528556 0.0122303 -0.0146253 -0.00188147 -0.0219221 0.0205148 -0.00432629 -0.00812529
internal_weight=79.0917 54.942 25.5601 24.1498 18.8139 19.8229 29.3818 11.6844 17.6974 12.3691 13.6516 11.7204
internal_count=319 221 103 98 76 80 118 47 71 50 55 47
is_linear=0
shrinkage=0.03


Tree=11
num_leaves=12
num_cat=0
split_feature=20 36 0 2 34 20 26 35 14 29 5
split_gain=3.92825 3.73001 4.04083 6.01831 4.20898 3.42926 7.48941 3.23787 2.8658 2.4099 0.948062
threshold=1.1265544856991945 0.76812268386363147 0.38702614231797244 -0.35871914076723649 -1.3957042623673146 -0.71417053191072599 -0.23851254616910469 -0.74738184911342043 0.96151418247012177 0.23760223666292971 -0.59190211518047164
decision_type=2 2 2 2 2 2 2 2 2 2 2
left_child=1 2 3 -1 -5 -6 -7 -3 -4 -8 -9
right_child=-2 7 8 4 5 6 9 10 -10 -11 -12
leaf_value=0.021509918677576668 0.016626311184002217 -0.0068006184153966611 -0.033864769363507102 0.01341940046063649 0.0049911893444301884 -0.036301859530502169 -0.012061541373861588 0.027224053274822708 -0.0031681473054361838 0.011016653849359407 0.0056636304421819085
leaf_weight=6.6556139886379162 9.5618492364883405 5.7079247385263434 5.73224228620529 5.9478425979614178 7.1891473978757814 8.9593761861324293 7.6975807249546282 4.9450160264968863 5.7207281887531281 5.7064730674028397 5.1740667670965186
leaf_count=27 39 23 23 24 29 36 31 20 23 23 21
internal_value=0 -0.00259464 -0.00642896 -0.0017065 -0.00691684 -0.0116535 -0.0172331 0.00947888 -0.0211376 -0.00171402 0.0188706
internal_weight=78.9979 69.436 53.609 42.156 35.5004 29.5526 22.3634 15.827 11.453 13.4041 10.1191
internal_count=319 280 216 170 143 119 90 64 46 54 41
is_linear=0
shrinkage=0.03


Tree=12
num_leaves=12
num_cat=0
split_feature=16 12 28 20 27 22 3 0 26 34 1
split_gain=6.10457 5.67467 3.05765 5.79703 2.92854 4.76258 4.74134 4.24343 2.83162 2.53999 1.08337
threshold=0.77576825009389683 -0.6395630870423209 0.62642319763909127 -0.71417053191072599 0.9503857100080072 0.3911938657585507 0.37109506730422598 -0.58686774283778653 0.14382666100649508 0.27449849163162693 -0.20919760278238109
decision_type=2 2 2 2 2 2 2 2 2 2 2
left_child=1 9 3 -2 5 6 7 -3 -9 -1 -5
right_child=2 4 -4 10 -6 -7 -8 8 -10 -11 -12
leaf_value=-0.00080968026088295674 0.026256065320635385 -0.019494109578676543 0.026119430828538768 0.00063391909308220995 -0.028899233161404247 0.012506887746444975 -0.029956411817327545 0.020914838051635395 -0.0056547075591154876 0.022157384459685816 -0.015949701301939512
leaf_weight=8.705781474709509 5.1410608291626021 7.2233215421438208 7.7474624812602988 5.4664442390203511 5.9642043709754935 7.1906650066375724 8.2203291207551938 5.4430391341447883 5.9741769731044769 6.1313292831182471 5.7245010137557948
leaf_count=35 21 29 32 22 24 29 33 22 24 25 23
internal_value=0 -0.00550959 0.0121619 0.00356413 -0.0113525 -0.00702074 -0.0128449 -0.00333184 0.00750535 0.009477 -0.00825884
internal_weight=78.9323 54.8528 24.0795 16.332 40.0157 34.0515 26.8609 18.6405 11.4172 14.8371 11.1909
internal_count=319 221 98 66 161 137 108 75 46 60 45
is_linear=0
shrinkage=0.03


Tree=13
num_leaves=13
num_cat=0
split_feature=16 12 26 28 20 5 29 19 17 24 31 1
split_gain=5.82083 5.46616 5.06832 2.91672 5.5413 2.82655 7.71701 4.48491 2.77571 1.92402 1.43526 1.03425
threshold=0.77576825009389683 -0.30102734153755972 -0.62085175334470433 0.62642319763909127 -0.71417053191072599 -0.46271349019813235 0.23760223666292971 0.69333695268439399 -1.0000000180025095e-35 0.34205668715927851 -0.23367541587995908 -0.20919760278238109
decision_type=2 2 2 2 2 2 2 2 2 2 2 2
left_child=1 2 -1 4 -2 6 -3 10 -4 -10 -7 -6
right_child=3 5 8 -5 11 7 -8 -9 9 -11 -12 -13
leaf_value=-0.017175453466239936 0.02572464141246443 0.019657428968044049 -0.001872463655070088 0.025563506686207899 0.00061901376199946392 -0.016227132471035365 -0.023856402075764456 -0.039743076281936629 0.02907845028041774 0.0035365132672833372 0.0024992383438006793 -0.015561992560657802
leaf_weight=5.7297494858503368 5.1211358159780547 5.928788438439371 7.4435654580593136 7.7116299122571936 5.4662389904260671 6.2213992178440121 5.7133450657129288 5.9494151175022116 6.8794386982917768 5.4410613179206848 5.48712334036827 5.7284152805805171
leaf_count=23 21 24 30 32 22 25 23 24 28 22 22 23
internal_value=0 -0.00537647 0.00449316 0.0118943 0.00348848 -0.0139594 -0.0015259 -0.0210825 0.0118257 0.0198407 -0.0077097 -0.00804877
internal_weight=78.8213 54.7939 25.4938 24.0274 16.3158 29.3001 11.6421 17.6579 19.7641 12.3205 11.7085 11.1947
internal_count=319 221 103 98 66 118 47 71 80 50 47 45
is_linear=0
shrinkage=0.03


Tree=14
num_leaves=12
num_cat=0
split_feature=16 16 26 3 1 3 28 21 19 33 35
split_gain=5.5576 3.01955 4.58463 4.90969 3.68521 3.42216 2.82535 2.69484 2.33798 1.34419 1.205
threshold=0.77576825009389683 1.0000000180025095e-35 -0.36595894856097116 0.29375244642762233 -0.14340116670884837 -0.80193468265759449 0.9934458408798198 -0.52539398437467677 -0.7255851830418113 0.33275313017721492 1.0000000180025095e-35
decision_type=2 2 2 2 2 2 2 2 2 2 2
left_child=1 2 5 4 -4 -1 8 -3 -2 -10 -9
right_child=6 7 3 -5 -6 -7 -8 10 9 -11 -12
leaf_value=-0.029765276330985701 0.018089278007221564 0.0010648085523847293 0.028348762090738208 -0.0088036207754593841 0 0.00068703430778624213 0.028620080830418441 -0.029009414753618873 -0.010647075502166703 0.0068562321648059739 -0.0060595541381790394
leaf_weight=5.2120222002267838 6.1106144934892699 5.9201935529708889 8.6101810634136182 9.6787056475877744 7.2056995332241085 5.7115150541067106 5.2411154806613913 7.4556201547384244 6.9176156371831894 5.7025464177131653 4.9326853007078171
leaf_count=21 25 24 35 39 29 23 22 30 28 23 20
internal_value=0 -0.00525674 0 0.00682127 0.0166639 -0.0151994 0.0116348 -0.0146844 0.00481592 -0.00242495 -0.0219448
internal_weight=78.6985 54.7266 36.4181 25.4946 15.8159 10.9235 23.9719 18.3085 18.7308 12.6202 12.3883
internal_count=319 221 147 103 64 44 98 74 76 51 50
is_linear=0
shrinkage=0.03


Tree=15
num_leaves=11
num_cat=0
split_feature=16 12 17 0 35 3 12 34 23 30
split_gain=5.31195 5.11787 2.80329 4.67567 3.90628 2.73087 2.72676 2.37937 1.27571 0.806452
threshold=0.77576825009389683 -0.6395630870423209 1.0000000180025095e-35 -0.61392035075877982 -0.45951493750667399 0.37109506730422598 -0.21481981419034887 0.27449849163162693 -0.42870329948443536 -0.38178594446856368
decision_type=2 2 2 2 2 2 2 2 2 2
left_child=1 7 -3 -4 5 -5 8 -1 -2 -8
right_child=6 2 3 4 -6 -7 9 -9 -10 -11
leaf_value=-0.00082360629337317748 -0.0091225280453353375 -0.023226490564000512 -0.020277359402117993 0.0059121848383552108 0.018786360882601244 -0.019714769990493132 0.0076793319292025241 0.021415976113386061 0.0082853520688553218 0.028403166137709584
leaf_weight=8.6965973675250989 4.8948289901018143 10.433287486433981 10.15552021563053 6.1927398741245252 7.4034422338008943 5.7090859413146973 5.418263167142868 6.0968192219734183 7.6001694053411502 6.013682082295416
leaf_count=35 20 42 41 25 30 23 22 25 31 25
internal_value=0 -0.00513633 -0.0106994 -0.00515893 0.00339427 -0.0067636 0.0113895 0.00910155 0.000790361 0.0210749
internal_weight=78.6144 54.6875 39.8941 29.4608 19.3053 11.9018 23.9269 14.7934 12.495 11.4319
internal_count=319 221 161 119 78 48 98 60 51 47
is_linear=0
shrinkage=0.03


Tree=16
num_leaves=11
num_cat=0
split_feature=20 36 22 0 2 34 20 23 1 31
split_gain=3.38578 3.42586 5.84128 3.64776 5.33718 4.03535 3.13572 5.25076 2.63552 0.145601
threshold=1.1265544856991945 0.76812268386363147 -0.53416196288429185 0.38702614231797244 -0.35871914076723649 -1.3957042623673146 -0.71417053191072599 -1.0000000180025095e-35 -0.50528156511327837 -0.45068402626047449
decision_type=2 2 2 2 2 2 2 2 2 2
left_child=1 3 -3 4 -1 -6 -7 9 -5 -8
right_child=-2 2 -4 8 5 6 7 -9 -10 -11
leaf_value=0.020366894718171165 0.015547615738571786 -0.01308500484087631 0.021652297489169258 -0.032284339809852743 0.013449240436191699 0.0047814046116716269 -0.032916159150356498 0.00028406486169720122 -0.0028240291357950983 -0.013199618636001054
leaf_weight=6.5998052656650463 9.44653272628784 5.4349578320980063 10.299734205007551 5.7086738646030426 5.9117779731750408 7.1517461985349611 7.9096658825874284 9.388199880719208 5.7003514617681486 4.9631350636482265
leaf_count=27 39 22 42 23 24 29 32 38 23 20
internal_value=0 -0.00238413 0.00921092 -0.00607278 -0.00156433 -0.00648746 -0.0111469 -0.0164954 -0.0200682 -0.0279028
internal_weight=78.5146 69.068 15.7347 53.3334 41.9243 35.3245 29.4127 22.261 11.409 12.8728
internal_count=319 280 64 216 170 143 119 90 46 52
is_linear=0
shrinkage=0.03


end of trees

feature_importances:
Column_12=16
Column_16=15
Column_20=15
Column_26=14
Column_0=13
Column_28=10
Column_3=9
Column_34=9
Column_30=8
Column_19=7
Column_31=7
Column_1=6
Column_17=6
Column_22=6
Column_29=6
Column_35=6
Column_5=5
Column_2=4
Column_24=4
Column_36=4
Column_27=3
Column_4=2
Column_14=2
Column_23=2
Column_32=2
Column_7=1
Column_10=1
Column_11=1
Column_15=1
Column_21=1
Column_33=1

parameters:
[boosting: gbdt]
[objective: binary]
[metric: binary_logloss]
[tree_learner: serial]
[device_type: cpu]
[data_sample_strategy: bagging]
[data: ]
[valid: ]
[num_iterations: 900]
[learning_rate: 0.03]
[num_leaves: 96]
[num_threads: 2]
[seed: 42]
[deterministic: 0]
[force_col_wise: 1]
[force_row_wise: 0]
[histogram_pool_size: -1]
[max_depth: 10]
[min_data_in_leaf: 20]
[min_sum_hessian_in_leaf: 0.001]
[bagging_fraction: 0.85]
[pos_bagging_fraction: 1]
[neg_bagging_fraction: 1]
[bagging_freq: 0]
[bagging_seed: 400]
[bagging_by_query: 0]
[feature_fraction: 0.8]
[feature_fraction_bynode: 1]
[feature_fraction_seed: 30056]
[extra_trees: 0]
[extra_seed: 12879]
[early_stopping_round: 0]
[early_stopping_min_delta: 0]
[first_metric_only: 0]
[max_delta_step: 0]
[lambda_l1: 0.2]
[lambda_l2: 1.5]
[linear_lambda: 0]
[min_gain_to_split: 0]
[drop_rate: 0.1]
[max_drop: 50]
[skip_drop: 0.5]
[xgboost_dart_mode: 0]
[uniform_drop: 0]
[drop_seed: 17869]
[top_rate: 0.2]
[other_rate: 0.1]
[min_data_per_group: 100]
[max_cat_threshold: 32]
[cat_l2: 10]
[cat_smooth: 10]
[max_cat_to_onehot: 4]
[top_k: 20]
[monotone_constraints: ]
[monotone_constraints_method: basic]
[monotone_penalty: 0]
[feature_contri: ]
[forcedsplits_filename: ]
[refit_decay_rate: 0.9]
[cegb_tradeoff: 1]
[cegb_penalty_split: 0]
[cegb_penalty_feature_lazy: ]
[cegb_penalty_feature_coupled: ]
[path_smooth: 0]
[interaction_constraints: ]
[verbosity: -1]
[saved_feature_importance_type: 0]
[use_quantized_grad: 0]
[num_grad_quant_bins: 4]
[quant_train_renew_leaf: 0]
[stochastic_rounding: 1]
[linear_tree: 0]
[max_bin: 255]
[max_bin_by_feature: ]
[min_data_in_bin: 3]
[bin_construct_sample_cnt: 200000]
[data_random_seed: 175]
[is_enable_sparse: 1]
[enable_bundle: 1]
[use_missing: 1]
[zero_as_missing: 0]
[feature_pre_filter: 1]
[pre_partition: 0]
[two_round: 0]
[header: 0]
[label_column: ]
[weight_column: ]
[group_column: ]
[ignore_column: ]
[categorical_feature: ]
[forcedbins_filename: ]
[precise_float_parser: 0]
[parser_config_file: ]
[objective_seed: 16083]
[num_class: 1]
[is_unbalance: 0]
[scale_pos_weight: 1]
[sigmoid: 1]
[boost_from_average: 1]
[reg_sqrt: 0]
[alpha: 0.9]
[fair_c: 1]
[poisson_max_delta_step: 0.7]
[tweedie_variance_power: 1.5]
[lambdarank_truncation_level: 30]
[lambdarank_norm: 1]
[label_gain: ]
[lambdarank_position_bias_regularization: 0]
[eval_at: ]
[multi_error_top_k: 1]
[auc_mu_weights: ]
[num_machines: 1]
[local_listen_port: 12400]
[time_out: 120]
[machine_list_filename: ]
[machines: ]
[gpu_platform_id: -1]
[gpu_device_id: -1]
[gpu_device_id_list: ]
[gpu_use_dp: 0]
[num_gpu: 1]

end of parameters

pandas_categorical:null
