tree
version=v4
num_class=1
num_tree_per_iteration=1
label_index=0
max_feature_idx=62
objective=binary sigmoid:1
feature_names=Column_0 Column_1 Column_2 Column_3 Column_4 Column_5 Column_6 Column_7 Column_8 Column_9 Column_10 Column_11 Column_12 Column_13 Column_14 Column_15 Column_16 Column_17 Column_18 Column_19 Column_20 Column_21 Column_22 Column_23 Column_24 Column_25 Column_26 Column_27 Column_28 Column_29 Column_30 Column_31 Column_32 Column_33 Column_34 Column_35 Column_36 Column_37 Column_38 Column_39 Column_40 Column_41 Column_42 Column_43 Column_44 Column_45 Column_46 Column_47 Column_48 Column_49 Column_50 Column_51 Column_52 Column_53 Column_54 Column_55 Column_56 Column_57 Column_58 Column_59 Column_60 Column_61 Column_62
feature_infos=[-1.2281180658852515:9.5213705886834052] [-0.9836329402042977:10.543638174562121] [-1.2041694924621544:8.2535791120573876] [-1.2324517545416522:9.4893138633624439] [-0.98518431430956777:10.062116929422809] [-1.2040216531563235:7.9751626859106581] [-2.3165791414747909:5.6376444546684272] [-1.2904681420409556:8.0684454506595618] [-2.7049647523231504:4.7068642427094618] [-3.1733488640438279:3.5399603878993675] [-6.2776994707186962:1.6174612177897865] [-2.4664689662262766:4.8595268315166145] [-1.4401988947434332:2.484498738342106] [-3.1797871901756483:3.6934536930949036] [-2.4394111902822853:4.8293420731132386] [-3.1797871901756483:3.6934536930949036] [-6.4084462041169061:1.8468028683764108] [-2.4394111902822853:4.8293420731132386] [-6.3635460183536523:0.73645524569121112] [-1.7163369562797548:1.7689345481271619] [-1.4791571956065577:1.3393943109823161] [-2.2445157817818302:1.0562699604382826] [-1.5196026456139986:0.65806676691848687] [-2.1889701112408551:2.4653011430619811] [-2.2808376871818261:4.6679841597747895] [-2.3194334240754508:4.3030065706410836] [-3.6143094590318308:3.4909705174277441] [-2.2570513322744605:2.450560049277076] [-2.4428819800413812:5.2157725214547641] [-2.2394722419272171:4.5393841814981633] [-3.8577992620068233:4.5994498614638157] [-2.8726973081235991:3.1772477461898667] [-2.9580935911527519:4.8304804105984633] [-2.5317162320939133:4.1642057029931641] [-3.5599473100967525:4.486117844797155] [-2.8695851925717859:3.1666577496432042] [-2.36393994223666:4.694185800466248] [-2.4903544656403134:4.873399510553841] [-3.2108547504432003:4.3055998623648613] [-3.5789159792704819:3.9245139327555219] [-3.6669145732454478:4.0293970680394038] [-2.6227040578767049:2.0847304156068382] [-4.0306139176579627:4.7022256216982203] [-1.8785048432734153:2.8893848635026047] [-4.0477617665276364:2.9887691707486517] [-2.2923579051150678:4.9197202865603362] [-2.0962661021396558:5.0672720993957707] [-3.9417415214205209:3.4254945854673582] [-3.6375280533098397:2.6496441780292961] [-1.1922006685806268:4.5307612143704326] [-1.180718488226421:4.5615335383654285] [-10.051535035000965:9.2510117747295109] [-6.1691164216208207:7.7705334355108269] [-4.6191631890943272:7.2087012511730721] [-2.6711334340916904:2.9956872939131638] [-2.7128374349321813:2.9686105144278101] [-1.2715601584425575:3.1325607401864759] [-1.1049574653940939:3.7460753095068067] [-1.3005935408173321:3.0814402836040817] [-2.8828785159016217:2.9298500599488992] [61:805] [61:805] [0:2]
tree_sizes=4616 4568 4671

Tree=0
num_leaves=43
num_cat=0
split_feature=54 19 43 53 41 43 45 42 55 12 53 53 45 55 54 29 32 36 29 32 48 12 16 61 53 16 29 29 37 47 16 52 16 19 40 40 27 12 52 40 20 61
split_gain=7.90966 8.45117 12.5432 9.03574 11.6157 6.60019 6.61328 8.48666 5.28009 6.04928 7.3513 5.318 5.01257 5.79828 4.948 4.94507 4.77768 5.94091 5.27303 7.82969 4.72513 8.19229 4.57764 4.71309 4.5221 4.44027 4.26303 4.13519 3.92573 3.72159 3.64662 3.45537 2.8499 2.78474 2.58628 2.00928 1.37516 1.27477 0.901374 0.778129 0.525371 0.045117
threshold=1.4116582091315582 0.088535787073827019 -0.44813793124060919 -0.95815752901156048 -0.58281578603383621 1.459017951469799 1.279863130104677 -0.84430759924422027 0.16774512035879197 1.8777027516615135 1.0000000180025095e-35 1.0000000180025095e-35 0.45589799397738678 -0.26829377544910604 1.7332154081454101 -0.99073553234885747 0.6765742763311493 -1.339373302166883 0.43639213574069641 -0.62152139062738676 0.29733056866222901 -0.47432089675555961 0.78070962035645175 728.00000000000011 -0.95815752901156048 0.50899136353925301 -0.99073553234885747 -0.63395361532646888 1.0000000180025095e-35 -0.8356801073839587 0.5027017342072807 2.473466489800801 0.24944914970931925 -0.90725607132814912 -0.65252584707554762 -0.13943840432322413 -0.53092715903889698 -0.10310500957706772 -0.31446348162552867 0.11710531705293753 0.44258246797676543 719.00000000000011
decision_type=2 2 2 2 2 2 2 2 2 2 2 2 2 2 2 2 2 2 2 2 2 2 2 2 2 2 2 2 2 2 2 2 2 2 2 2 2 2 2 2 2 2
left_child=1 2 16 4 -3 6 7 22 11 10 15 28 13 34 37 -10 17 -1 19 35 -8 -22 23 32 -20 -14 -12 30 36 -28 -15 -16 -5 -17 -9 -19 -4 -2 -21 -29 -26 -31
right_child=14 3 8 5 -6 -7 20 12 9 -11 26 -13 25 27 31 33 -18 18 24 38 21 -23 -24 -25 40 -27 29 39 -30 41 -32 -33 -34 -35 -36 -37 -38 -39 -40 -41 -42 -43
leaf_value=-0.16815358382396756 -0.16521058131317193 -0.13776971847763614 -0.17074024964633203 -0.16183216220831473 -0.18679688097359515 -0.16705967644588926 -0.14314829052060044 -0.14527125019526127 -0.17076270697763998 -0.13961833691425138 -0.15519288940570192 -0.15356198014322717 -0.11016231926301427 -0.13361201198740341 -0.14602019609160272 -0.12835043585453709 -0.16535208821934796 -0.14129190923886664 -0.17385863939734852 -0.13776971847763611 -0.19308906890095312 -0.14575718162352927 -0.13236136446954139 -0.17562367242332291 -0.15252947510023759 -0.14608513145810151 -0.1573668898236521 -0.1394679988051504 -0.16210286728921539 -0.19802965702433009 -0.16458508970295246 -0.17385863939734852 -0.1339823757114455 -0.15519288940570192 -0.16936828780340463 -0.16458508970295249 -0.19614723888035687 -0.18928039497599669 -0.11106005165774219 -0.11380791552094802 -0.13682663685420401 -0.17601682023643325
leaf_weight=6.2125179916620246 5.7155165523290625 5.7155165523290625 6.7095194309949902 5.2185151129961049 9.6915280669927579 9.4430273473262769 8.9460259079933184 7.4550215899944305 5.218515112996104 9.6915280669927579 7.4550215899944297 7.7035223096609107 12.673536702990534 5.7155165523290581 8.9460259079933149 6.7095194309949884 9.6915280669927579 5.2185151129961014 4.9700143933296195 5.715516552329059 5.2185151129961014 5.2185151129960996 5.2185151129961005 8.6975251883268356 4.9700143933296186 5.7155165523290625 5.218515112996104 5.4670158326625913 8.9460259079933149 5.4670158326625842 4.9700143933296204 4.9700143933296195 4.9700143933296204 5.4670158326625797 5.7155165523290581 4.9700143933296168 10.685530945658686 8.2005237489938754 9.1945266276598048 7.9520230293273926 5.2185151129961014 7.9520230293273926
leaf_count=25 23 23 27 21 39 38 36 30 21 39 30 31 51 23 36 27 39 21 20 23 21 21 21 35 20 23 21 22 36 22 20 20 20 22 23 20 43 33 37 32 21 32
internal_value=-0.155193 -0.153579 -0.158497 -0.147873 -0.168322 -0.144778 -0.142451 -0.138681 -0.165576 -0.159315 -0.164211 -0.174601 -0.132378 -0.140022 -0.169986 -0.149619 -0.147622 -0.143598 -0.139335 -0.13127 -0.15775 -0.170709 -0.153956 -0.160869 -0.154001 -0.119497 -0.173931 -0.131694 -0.180726 -0.181109 -0.147893 -0.156422 -0.147782 -0.139405 -0.1557 -0.152915 -0.188677 -0.18172 -0.118405 -0.121228 -0.142648 -0.188792
internal_weight=295.219 267.387 143.385 124.002 15.407 108.595 99.1518 79.7687 87.2238 53.1792 43.4876 34.0446 55.6642 37.2751 27.8321 17.3951 56.1612 46.4696 40.2571 25.0986 19.3831 10.437 24.1046 18.8861 15.1585 18.3891 26.0926 24.1046 26.3411 18.6376 10.6855 13.916 10.1885 12.1765 13.1705 10.1885 17.3951 13.916 14.91 13.419 10.1885 13.419
internal_count=1188 1076 577 499 62 437 399 321 351 214 175 137 224 150 112 70 226 187 162 101 78 42 97 76 61 74 105 97 106 75 43 56 41 49 53 41 70 56 60 54 41 54
is_linear=0
shrinkage=1


Tree=1
num_leaves=42
num_cat=0
split_feature=25 19 43 21 49 28 60 55 43 47 46 47 35 57 12 55 41 46 52 10 52 46 43 27 40 46 33 35 47 40 28 58 32 12 60 53 36 57 43 41 27
split_gain=8.78439 7.1479 10.659 8.47606 6.32689 6.59488 5.73106 7.31178 5.16481 7.45319 10.354 6.54147 5.72301 5.69684 6.15868 5.08963 4.93106 5.62437 4.81518 4.55724 4.03497 3.9798 3.97306 4.38826 3.72255 3.62083 3.45376 6.61499 3.65632 3.1323 7.58502 4.32576 3.59471 3.11495 3.04776 3.01961 2.94688 2.56237 2.77683 2.28472 1.89581
threshold=-1.491628424735884 0.088535787073827019 -0.44813793124060919 -1.4193193462268019 -0.10681134595197761 0.29235177049295624 333.00000000000006 0.07112445131658944 1.459017951469799 0.2552583701234083 0.46063706632840506 0.52064422523613374 0.45034842564645888 1.0000000180025095e-35 -1.1017199892966423 0.8374116263716761 0.98632903846067854 -0.47848440588342461 1.0000000180025095e-35 -1.0000000180025095e-35 -0.31446348162552867 0.34226822919721328 -0.76599724502567723 -0.53092715903889698 -0.52425398638746668 1.2017696502581858 0.69667470089449923 0.45034842564645888 0.61423923097988331 0.88673648118142301 1.0217474373021131 -1.0000000180025095e-35 -0.17646001909874606 -0.4791723998370005 788.50000000000011 -0.39492588899882725 -0.20096592431157537 -0.61985418790400371 0.068383453660126187 1.0000000180025095e-35 0.72443587604151283
decision_type=2 2 2 2 2 2 2 2 2 2 2 2 2 2 2 2 2 2 2 2 2 2 2 2 2 2 2 2 2 2 2 2 2 2 2 2 2 2 2 2 2
left_child=37 2 4 18 22 20 7 -4 9 12 11 -11 13 21 -15 -9 17 -13 19 -3 -6 24 23 39 -5 40 28 -28 29 30 32 -31 -8 -12 -34 -22 -23 -1 -39 -2 -14
right_child=1 3 6 8 5 -7 26 15 -10 10 33 16 25 14 -16 -17 -18 -19 -20 -21 35 36 -24 -25 -26 -27 27 -29 -30 31 -32 -33 34 -35 -36 -37 -38 38 -40 -41 -42
leaf_value=-0.0011312652918591356 -0.011092738602403642 0.021412723621010783 -0.019692605924999506 0.022680674169998333 0.0031354277064387821 -0.0090413014446908864 -0.041325362841739349 0.034940115453853227 -0.018369205885988033 -0.018163763389213019 -0.03787093859710168 -0.0022218909712743884 0.043776972508912902 -0.0066961745104078818 0.030527182762824297 -0.0021229569486896321 -0.009446856780011479 0.033886495640532019 0.036017104599757363 -0.0083324614352128477 0.0072370618457202425 -0.028633252537542522 0.01246998525587957 -0.02633203502306734 -0.0085602964659921912 0.0047994109301628179 -0.017508379495704406 0.02064995095543468 0.0019219569458084887 0.0063775685100649019 0.007633641111766943 -0.023467376922156551 -0.032168131916019506 -0.0047784164831186525 -0.0057305294459683315 0.039400552433584271 0 -0.03596161937745268 -0.0058920617775317496 0.013139901231638619 0.014199920506682359
leaf_weight=6.2084096819162395 5.2178213894367254 9.2000958621501905 5.2116057723760632 5.2206449657678604 7.4565723538398805 6.2113918215036383 13.403385460376734 5.9660108685493451 8.1935212612152082 6.4623620510101345 7.188323974609375 5.2184663861990002 6.4727800339460391 5.2188305258750907 9.4519384056329709 5.2173985689878464 4.9702654331922522 9.7013017237186414 10.442311331629751 6.7107358276844051 4.9702061712741878 6.2142547518014872 7.9588956683874121 7.701073870062829 5.4694849699735659 7.7050635218620291 7.197815537452696 6.2090380042791367 7.6957607567310324 8.9428325146436674 4.9636645317077628 5.9606283754110327 6.2063910812139591 4.9697893708944303 11.170179098844528 10.944437518715853 5.966224208474161 7.6967993676662427 5.7152105420827866 5.7172181308269501 6.4631001353263855
leaf_count=25 21 37 21 21 30 25 54 24 33 26 29 21 26 21 38 21 20 39 42 27 20 25 32 31 22 31 29 25 31 36 20 24 25 20 45 44 24 31 23 23 26
internal_value=0 0.00141818 -0.00314789 0.00646345 0.00689155 0.0161346 -0.00962155 0.00572414 0.0024545 0.00453381 -0.00547494 0.00505863 0.0112302 0.00373872 0.0175218 0.0189699 0.0136288 0.0218423 0.0212123 0.00888542 0.0232086 -0.00539078 -0.00348874 -0.0110234 0.00711788 0.0234081 -0.0132554 6.08178e-05 -0.0163405 -0.019206 -0.0239787 -0.00624755 -0.0293803 -0.0267936 -0.0172969 0.0311889 -0.0163843 -0.0186533 -0.0254321 0.00115114 0.0324261
internal_weight=295.182 275.562 144.322 131.239 56.1776 29.5826 88.1447 16.395 104.886 96.6928 38.5105 26.3524 58.1823 37.5414 14.6708 11.1834 19.89 14.9198 26.3531 15.9108 23.3712 22.8706 26.595 18.6361 10.6901 20.6409 71.7497 13.4069 58.3428 50.6471 35.7436 14.9035 30.78 12.1581 17.3766 15.9146 12.1805 19.6204 13.412 10.935 12.9359
internal_count=1188 1109 581 528 226 119 355 66 422 389 155 106 234 151 59 45 80 60 106 64 94 92 107 75 43 83 289 54 235 204 144 60 124 49 70 64 49 79 54 44 52
is_linear=0
shrinkage=0.03


Tree=2
num_leaves=43
num_cat=0
split_feature=25 19 43 21 30 45 12 14 43 40 32 42 40 55 55 42 16 35 61 12 51 12 12 44 37 55 38 47 45 10 21 12 61 53 45 10 61 35 55 19 44 47
split_gain=8.3695 6.76658 10.1156 8.02971 6.8107 6.45733 7.74791 6.72315 6.31086 5.23687 9.30736 7.60957 4.88825 4.93823 4.72094 4.6401 4.46151 4.42486 6.06761 5.04077 5.92479 6.9194 5.14163 4.34844 4.23069 3.66472 3.65115 3.49686 3.45298 3.45198 3.22344 4.76914 4.24394 6.36373 2.4613 3.4865 2.16539 1.9523 1.87684 1.83469 1.45603 0.384526
threshold=-1.491628424735884 0.088535787073827019 -0.44813793124060919 -1.4193193462268019 1.1930578533992533 1.210088373888967 -0.47432089675555961 -0.6325915847537219 1.459017951469799 0.6301927598052609 -0.17646001909874606 -0.37226221873848064 0.42269416163336559 0.20220498544699314 0.15958191393284796 0.30630301573851998 0.50726680677272751 0.45034842564645888 480.50000000000006 -0.024548644737343198 1.0000000180025095e-35 -1.0954076606209195 -1.1860392049348623 -1.5000522892379455 -0.96276720462131282 0.74844891401536351 0.03153743547400216 -0.44686457639952831 -1.062005931036244 0.57188895389985006 1.0000000180025095e-35 -1.0000000180025095e-35 358.00000000000006 -0.39492588899882725 -0.16113447802847955 -1.0000000180025095e-35 678.50000000000011 -0.55569206472270616 -0.66829422134717209 1.2088016277760505 0.19842069562184803 0.37480255065065432
decision_type=2 2 2 2 2 2 2 2 2 2 2 2 2 2 2 2 2 2 2 2 2 2 2 2 2 2 2 2 2 2 2 2 2 2 2 2 2 2 2 2 2 2
left_child=34 2 14 16 9 8 7 -7 17 10 28 -11 13 26 23 -6 39 19 -19 20 21 22 -5 -2 -13 -26 -12 -20 -4 -9 31 -25 -32 -34 -1 -36 -21 -23 -35 40 -3 -30
right_child=1 3 4 5 15 6 -8 29 -10 11 12 24 -14 -15 -16 -17 -18 18 27 36 -22 37 -24 30 25 -27 -28 -29 41 -31 32 -33 33 38 35 -37 -38 -39 -40 -41 -42 -43
leaf_value=-0.0021335388335392597 -0.0088711839172365501 0.044449759023813526 -0.008442530096746264 0.0025867756049927819 0.025522286818027835 -0.040648571580313569 0.013493609177281964 0.012145706244501113 -0.018536191557157269 0.024295782527739701 0.0025006939269662785 -0.02816934721626884 -0.02859275732659081 0.016205301896719537 -0.012470243175091711 -0.0081394162518989288 0.0017451735709569809 -0.0039685736641006403 0.039195642038953656 -0.020180757935713278 0.032016955166562354 0.031913485882369981 -0.028910389119899512 0.016280771730360827 0.015050930519432983 -0.015476556806122813 -0.024741617215741363 0.0063819349700822555 -0.043510962761809525 -0.018734433879854386 0.04084982307272475 -0.018636333813262601 -0.0069069817510244817 0.034991078313953747 -0.0063594808806355712 -0.039492613018453422 0.0003150991375473645 0.0044605674073150145 0.010292217905583488 0.0086863824256459294 0.014929950265784196 -0.018068946694197261
leaf_weight=6.9472023993730572 7.4545060247182837 6.9782258272171074 6.1967842280864742 13.672994688153265 6.4624119400978071 7.165214598178868 6.9628539085388175 4.9653340876102448 6.6932187378406516 6.2120307236909893 8.6806901395320946 6.2034520357847258 5.2100450694560996 9.189821243286131 8.1982039362192136 5.4614607244729996 8.7004702538251859 5.9709847420454034 9.9623792767524719 6.9539809972047797 7.2135298997163764 5.4808550328016281 5.2164983302354839 6.2173570692539215 5.9610669761896098 5.2155138254165649 6.4387828260660163 5.4773672223091117 11.878186330199243 4.9695286154747009 5.4760625064373043 4.9686263352632505 8.9444590955972654 6.2284564077854148 6.4504612535238275 6.1943519115447971 8.9502321481704694 5.2248987406492251 8.7060420364141482 5.228997513651847 5.4784974455833435 4.9576360732316962
leaf_count=28 30 28 25 55 26 29 28 20 27 25 35 25 21 37 33 22 35 24 40 28 29 22 21 25 24 21 26 22 48 20 22 20 36 25 26 25 36 21 35 21 22 20
internal_value=0 0.00137657 -0.00306693 0.00628465 -0.00937902 0.00237913 -0.0107465 -0.0212314 0.00648473 -0.0127069 -0.0178596 -0.000608496 -0.00591845 8.80398e-05 0.00670815 0.0104707 0.0206301 0.00914626 0.0202593 0.00408608 0.01015 0.00333983 -0.00730413 0.0103839 -0.0110507 0.000186404 -0.00992568 0.0295048 -0.0316216 -0.00320746 0.0142574 0 0.0192611 0.011952 -0.0182274 -0.0254815 -0.00926873 0.0212015 0.0232115 0.028745 0.0348967 -0.0384374
internal_weight=295.12 275.528 144.262 131.266 88.0679 104.88 24.0629 17.1001 80.8169 76.144 52.5519 23.5921 29.5193 24.3093 56.1937 11.9239 26.3862 74.1237 21.4107 52.713 36.8088 29.5952 18.8895 47.9955 17.38 11.1766 15.1195 15.4397 23.0326 9.93486 40.541 11.186 29.355 23.879 19.592 12.6448 15.9042 10.7058 14.9345 17.6857 12.4567 16.8358
internal_count=1188 1109 581 528 355 422 97 69 325 307 212 95 119 98 226 48 106 298 86 212 148 119 76 193 70 45 61 62 93 40 163 45 118 96 79 51 64 43 60 71 50 68
is_linear=0
shrinkage=0.03


end of trees

feature_importances:
Column_12=10
Column_43=8
Column_55=8
Column_40=7
Column_47=6
Column_53=6
Column_16=5
Column_19=5
Column_45=5
Column_61=5
Column_29=4
Column_32=4
Column_35=4
Column_46=4
Column_52=4
Column_10=3
Column_21=3
Column_27=3
Column_41=3
Column_42=3
Column_25=2
Column_28=2
Column_36=2
Column_37=2
Column_44=2
Column_54=2
Column_57=2
Column_60=2
Column_14=1
Column_20=1
Column_30=1
Column_33=1
Column_38=1
Column_48=1
Column_49=1
Column_51=1
Column_58=1

parameters:
[boosting: gbdt]
[objective: binary]
[metric: binary_logloss]
[tree_learner: serial]
[device_type: cpu]
[data_sample_strategy: bagging]
[data: ]
[valid: ]
[num_iterations: 1400]
[learning_rate: 0.03]
[num_leaves: 96]
[num_threads: 2]
[seed: 42]
[deterministic: 0]
[force_col_wise: 1]
[force_row_wise: 0]
[histogram_pool_size: -1]
[max_depth: 10]
[min_data_in_leaf: 20]
[min_sum_hessian_in_leaf: 0.001]
[bagging_fraction: 0.85]
[pos_bagging_fraction: 1]
[neg_bagging_fraction: 1]
[bagging_freq: 0]
[bagging_seed: 400]
[bagging_by_query: 0]
[feature_fraction: 0.8]
[feature_fraction_bynode: 1]
[feature_fraction_seed: 30056]
[extra_trees: 0]
[extra_seed: 12879]
[early_stopping_round: 0]
[early_stopping_min_delta: 0]
[first_metric_only: 0]
[max_delta_step: 0]
[lambda_l1: 0.2]
[lambda_l2: 1.5]
[linear_lambda: 0]
[min_gain_to_split: 0]
[drop_rate: 0.1]
[max_drop: 50]
[skip_drop: 0.5]
[xgboost_dart_mode: 0]
[uniform_drop: 0]
[drop_seed: 17869]
[top_rate: 0.2]
[other_rate: 0.1]
[min_data_per_group: 100]
[max_cat_threshold: 32]
[cat_l2: 10]
[cat_smooth: 10]
[max_cat_to_onehot: 4]
[top_k: 20]
[monotone_constraints: ]
[monotone_constraints_method: basic]
[monotone_penalty: 0]
[feature_contri: ]
[forcedsplits_filename: ]
[refit_decay_rate: 0.9]
[cegb_tradeoff: 1]
[cegb_penalty_split: 0]
[cegb_penalty_feature_lazy: ]
[cegb_penalty_feature_coupled: ]
[path_smooth: 0]
[interaction_constraints: ]
[verbosity: -1]
[saved_feature_importance_type: 0]
[use_quantized_grad: 0]
[num_grad_quant_bins: 4]
[quant_train_renew_leaf: 0]
[stochastic_rounding: 1]
[linear_tree: 0]
[max_bin: 255]
[max_bin_by_feature: ]
[min_data_in_bin: 3]
[bin_construct_sample_cnt: 200000]
[data_random_seed: 175]
[is_enable_sparse: 1]
[enable_bundle: 1]
[use_missing: 1]
[zero_as_missing: 0]
[feature_pre_filter: 1]
[pre_partition: 0]
[two_round: 0]
[header: 0]
[label_column: ]
[weight_column: ]
[group_column: ]
[ignore_column: ]
[categorical_feature: ]
[forcedbins_filename: ]
[precise_float_parser: 0]
[parser_config_file: ]
[objective_seed: 16083]
[num_class: 1]
[is_unbalance: 0]
[scale_pos_weight: 1]
[sigmoid: 1]
[boost_from_average: 1]
[reg_sqrt: 0]
[alpha: 0.9]
[fair_c: 1]
[poisson_max_delta_step: 0.7]
[tweedie_variance_power: 1.5]
[lambdarank_truncation_level: 30]
[lambdarank_norm: 1]
[label_gain: ]
[lambdarank_position_bias_regularization: 0]
[eval_at: ]
[multi_error_top_k: 1]
[auc_mu_weights: ]
[num_machines: 1]
[local_listen_port: 12400]
[time_out: 120]
[machine_list_filename: ]
[machines: ]
[gpu_platform_id: -1]
[gpu_device_id: -1]
[gpu_device_id_list: ]
[gpu_use_dp: 0]
[num_gpu: 1]

end of parameters

pandas_categorical:null
