tree
version=v4
num_class=1
num_tree_per_iteration=1
label_index=0
max_feature_idx=42
objective=binary sigmoid:1
feature_names=Column_0 Column_1 Column_2 Column_3 Column_4 Column_5 Column_6 Column_7 Column_8 Column_9 Column_10 Column_11 Column_12 Column_13 Column_14 Column_15 Column_16 Column_17 Column_18 Column_19 Column_20 Column_21 Column_22 Column_23 Column_24 Column_25 Column_26 Column_27 Column_28 Column_29 Column_30 Column_31 Column_32 Column_33 Column_34 Column_35 Column_36 Column_37 Column_38 Column_39 Column_40 Column_41 Column_42
feature_infos=[-1.1477206573725902:7.1640877038618163] [-2.6946376768737199:7.3862681227116465] [-1.2488807098871011:6.4393343485339694] [-1.1321996769916343:7.7701580607264811] [-2.6737181193807475:8.098109590588356] [-1.2502302944311019:6.415879350454551] [-2.0349802835533422:4.5012039857416264] [-4.5695842577919894:5.4269268740559289] [-2.431295309597282:3.7157179755096408] [-2.7273787023333256:3.0961712085596087] [-3.8792347647788175:7.4293420086577457] [-1.9562697903628483:3.9277861626059192] [-1.6327457823688032:3.246851907801477] [-2.6889369944441999:3.0309098948290321] [-1.933432134867147:4.0958147895276777] [-1.8243121119169334:1.6870850946488667] [-1.3857165860634428:1.4832632853320125] [-2.9771081624483506:0.63470125748094353] [-2.0406821314560095:0.49003222235621263] [-2.0851055250922133:2.8110936836263458] [-2.2496687581582808:4.5642615345318465] [-2.2753707831004983:4.7057151486831152] [-3.3843058509531021:3.1833442203146509] [-2.0519530984866572:2.5970031402721778] [-2.3124466270886588:4.2010053622260788] [-2.2198734943704888:4.6672292898752819] [-3.7630419685162084:3.2551577858950616] [-2.5127999000877406:3.2863729121500631] [-2.8885579573042421:3.2862184822956668] [-2.833571747402079:3.6346384844209845] [-3.1031492641667224:3.2297470489638718] [-2.4810276632073109:2.8166258581309815] [-2.9453240143598372:3.7514117708838897] [-2.1377306307934032:3.3197770169123055] [-3.3804515131093056:3.1910572717003509] [-2.9377691956590199:3.8670499468070672] [-2.9190927717982622:2.907189766758802] [-1.0492452136273234:3.0541307774255899] [-1.0526235500887591:2.9009413653131064] [-1.1074988385825371:2.9149198718761959] [25:779] [25:779] [0:1]
tree_sizes=2686 2964 2886

Tree=0
num_leaves=25
num_cat=0
split_feature=3 14 9 1 12 28 33 40 30 15 1 25 12 12 28 26 34 5 16 33 30 2 29 29
split_gain=7.78114 4.26102 3.85213 3.60384 5.49868 4.40467 5.40885 5.64719 4.99493 4.47535 3.3402 3.82697 4.52841 3.30098 3.04872 2.95863 4.49379 3.44488 5.18894 2.6729 2.42894 3.38117 2.25383 1.6182
threshold=0.77865993842765846 2.0591616729995734 -0.65268629620044705 -0.71523235356457593 1.774177821166621 1.0000000180025095e-35 0.1867633673034727 512.00000000000011 0.76695403830197451 0.34104949879864338 -0.2068604945726101 -0.41610847944897728 -0.40902754459815188 -0.47223124922276621 -1.4020377033264861 -1.4613743071232641 -0.79379379993954735 -0.26817223044179989 0.30958970157932636 -0.82388619708647315 -0.71072176809516441 -0.72330216634532152 -0.64272634630071879 -0.85137828926275316
decision_type=2 2 2 2 2 2 2 2 2 2 2 2 2 2 2 2 2 2 2 2 2 2 2 2
left_child=2 -2 20 19 5 14 7 10 9 -8 22 12 -12 -3 -5 -16 -17 -18 -19 -4 -1 -22 -7 -10
right_child=1 13 3 4 -6 6 8 -9 23 -11 11 -13 -14 -15 15 16 17 18 -20 -21 21 -23 -24 -25
leaf_value=0.26450497413027935 0.32329505549270821 0.31090336580370848 0.29547462108710093 0.28390359692180162 0.31482410955499573 0.26721751597926036 0.25669686038266404 0.31730202825978571 0.28358403144157551 0.29265929804975493 0.26919827273853802 0.31291737171194889 0.30485903121158769 0.28107627968754478 0.28544406347840751 0.32173558215273013 0.31545908993693489 0.30459389834135669 0.27960107122277444 0.26972479329985133 0.2746753843535335 0.30485903121158769 0.29076379992561013 0.3034421583755878
leaf_weight=5.6276198327541342 10.031844049692156 5.1382615864276886 4.8935824632644644 8.8084484338760358 9.7871649265289289 5.8722989559173575 10.031844049692156 6.6063363254070273 6.3616572022438049 4.8935824632644644 4.8935824632644582 7.3403736948967131 4.8935824632644653 5.1382615864276868 7.0956945717334738 9.2978066802024824 7.0956945717334667 15.659463882446298 11.744597911834715 8.074411064386366 5.382940709590911 4.8935824632644644 9.5424858033656985 5.3829407095909101
leaf_count=23 41 21 20 36 40 24 41 27 26 20 20 30 20 21 29 38 29 64 48 33 22 20 39 22
internal_value=0.293874 0.310719 0.291657 0.293272 0.294743 0.292995 0.28767 0.294707 0.277632 0.266935 0.289466 0.298213 0.286651 0.29575 0.298777 0.301677 0.304632 0.298886 0.293874 0.279015 0.278289 0.289126 0.279871 0.293192
internal_weight=184.488 20.3084 164.18 148.276 135.308 125.52 65.8187 39.1487 26.67 14.9254 32.5423 17.1275 9.78716 10.2765 59.7017 50.8933 43.7976 34.4998 27.4041 12.968 15.9041 10.2765 15.4148 11.7446
internal_count=754 83 671 606 553 513 269 160 109 61 133 70 40 42 244 208 179 141 112 53 65 42 63 48
is_linear=0
shrinkage=1


Tree=1
num_leaves=27
num_cat=0
split_feature=3 35 9 21 25 15 15 31 34 13 40 30 29 20 30 27 8 20 35 27 1 3 20 13 35 30
split_gain=7.40317 5.01587 3.66275 3.58504 4.01021 3.75328 7.90082 6.60964 9.78838 6.10993 5.47093 4.23727 3.73941 3.25119 3.05451 5.17813 3.05041 5.00147 2.6185 2.37529 2.22585 2.06287 1.97721 1.17001 1.00011 0.332272
threshold=0.77865993842765846 -1.001636130124026 -0.65268629620044705 -1.1118564611365629 0.15781675257150354 -0.94646281027548329 -0.47827651606671001 0.2624000532000193 1.0238575660716345 0.62648377272875011 494.50000000000006 -1.062549341046864 -0.22542246037665034 -0.27721525237955957 -0.2337999469828603 0.87005090705097843 0.077766523799090728 -0.63584316252114503 1.0000000180025095e-35 0.48343938623512489 -0.52414222217043294 -0.718554772006752 0.6791258413313358 -1.7129891561330468 0.97500181125898011 -0.14779765137244497
decision_type=2 2 2 2 2 2 2 2 2 2 2 2 2 2 2 2 2 2 2 2 2 2 2 2 2 2
left_child=2 -2 18 4 24 10 13 9 22 16 11 -5 -13 -7 -11 21 17 -8 20 -15 -1 -16 -9 -3 -4 -18
right_child=1 23 3 5 -6 6 7 8 -10 14 -12 12 -14 19 15 -17 25 -19 -20 -21 -22 -23 -24 -25 -26 -27
leaf_value=-0.0059913178138060238 -0.006315509367743082 0.010971708294427262 -0.0084035920884621366 0.0028381696197169971 0.0067889556526656803 0.032372255253805424 -0.022520494080724141 0.029670380477743903 -0.019110377732777635 0.021600594708811479 0.011095515219285739 -0.0028360842542836389 -0.032443653006426217 -0.0021645139468373796 -0.025019667551945332 0.015489828483738539 -0.012928492911616452 0.0089516769157461287 0.001798151030947145 0.020483735625628146 -0.03488678120305419 0 0.0057257665574133518 0.033038507020440408 -0.029188237925685388 -0.034435552157370646
leaf_weight=5.8827440142631522 5.3761216700077084 7.0889018028974542 6.6056918948888796 8.0759227871894819 5.6256747096776953 8.7988719642162341 7.090247467160224 11.496345996856695 5.3852054029703131 5.1393198370933559 9.2919127047061902 6.8580366075038937 10.291907802224161 8.0758097022771818 5.6313022524118459 7.3323171734809867 5.1338007152080536 8.0683012902736682 4.8993636369705191 5.869182050228118 5.1516359299421302 5.140034615993498 6.1129870712757102 7.7945489883422825 6.367162898182869 5.8828405141830427
leaf_count=24 22 29 27 33 23 36 29 47 22 21 38 28 42 33 23 30 21 33 20 24 21 21 25 32 26 24
internal_value=0 0.0164473 -0.00216482 -0.000587188 -0.0124074 0.00118487 0.00429129 -0.00057957 0.0121504 -0.00680416 -0.00703421 -0.0141847 -0.0221061 0.0191232 0.00409595 -0.00183982 -0.0163974 -0.00611123 -0.0151878 0.00804283 -0.022521 -0.0145769 0.022774 0.0248612 -0.0209873 -0.027643
internal_weight=184.466 20.2596 164.207 148.273 18.5985 129.674 95.1566 72.4127 22.9945 49.4182 34.5178 25.2259 17.1499 22.7439 23.243 18.1037 26.1752 15.1585 15.9337 13.945 11.0344 10.7713 17.6093 14.8835 12.9729 11.0166
internal_count=754 83 671 606 76 530 389 296 94 202 141 103 70 93 95 74 107 62 65 57 45 44 72 61 53 45
is_linear=0
shrinkage=0.03


Tree=2
num_leaves=26
num_cat=0
split_feature=3 37 35 2 21 29 16 19 24 34 28 40 32 28 14 21 23 22 23 11 32 38 35 28 35
split_gain=7.11708 7.16929 4.89111 4.64316 4.44559 3.26485 3.27353 6.29396 5.50719 9.47443 5.04766 5.90059 4.46094 4.31867 3.23679 3.04909 2.74365 2.30088 1.77014 1.69418 1.59153 1.03054 0.959376 0.307795 0.18339
threshold=0.7112178343540364 1.8231179801097162 -1.001636130124026 -0.71244310552834256 -1.1118564611365629 -1.0600302322247872 0.30958970157932636 1.0000000180025095e-35 -1.0459420736107927 -0.7238841320160404 1.1136119572512544 425.00000000000006 1.0000000180025095e-35 0.19883026249571226 0.13720261626838662 -0.44699113430002846 -0.65726622685900649 -0.10048081531922533 0.27252502089276043 -0.18998064144087687 0.095147980089900955 1.0000000180025095e-35 0.63476085413567607 -1.0000000180025095e-35 -0.38596201723423718
decision_type=2 2 2 2 2 2 2 2 2 2 2 2 2 2 2 2 2 2 2 2 2 2 2 2 2
left_child=1 3 -2 -1 16 19 7 14 -8 23 11 -11 13 -9 17 -14 -5 18 -7 -6 -18 24 -3 -10 -4
right_child=2 22 21 4 5 6 8 12 9 10 -12 -13 15 -15 -16 -17 20 -19 -20 -21 -22 -23 -24 -25 -26
leaf_value=-0.026113400435956502 -0.0062258663785952828 0.0065358895085852369 0.014565811139979184 0.0015532924906703082 0.00066068708018893869 0.023540153852294351 0.013152676494057299 0 -0.017448007607999548 -0.031701054384116217 0.019232528626193367 -0.0011149265349273364 -0.010573376931506772 -0.031010635533099101 -0.0064474632308088222 0.016850898868501846 -0.030841641170800658 -0.00070102116428074647 0.0031147182371135912 0.024947574122188339 -0.0055857164324687267 0.0073429935628215419 0.02929288842902451 -0.043587028780086558 0.035496925462069541
leaf_weight=6.6323612928390494 5.8743298351764706 4.8997381925582868 5.5990168750286138 4.8913884162902859 5.3755107372999191 17.110919266939163 8.3151246607303602 6.8559716939926174 5.1333674639463425 6.1249361634254482 5.618008777499198 24.480122983455658 4.8932806700468063 8.3333024829626066 6.8558853268623343 6.838974714279173 7.6111558824777585 6.1077262163162294 6.3476156741380683 4.888663634657858 4.9026098251342773 5.1143140643835059 4.8757471144199371 5.1588682979345304 5.5897779166698438
leaf_count=27 24 20 23 20 22 70 34 28 21 25 23 100 20 34 28 28 31 25 26 20 20 21 20 21 23
internal_value=0 -0.00223495 0.0153617 -0.00393937 -0.00263469 -0.000580007 -0.00209978 0.00245794 -0.00739691 -0.0114915 -0.00354656 -0.00861809 -0.00816133 -0.0182679 0.0104778 0.00505739 -0.0162304 0.0147174 0.018773 0.0144442 -0.0230321 0.0233463 0.0208055 -0.0349365 0.0284557
internal_weight=184.429 162.251 22.1774 152.476 145.843 128.438 118.174 63.3437 54.8304 46.5153 36.2231 30.6051 26.9215 15.1893 36.4221 11.7323 17.4052 29.5663 23.4585 10.2642 12.5138 16.3031 9.77549 10.2922 11.1888
internal_count=754 663 91 623 596 525 483 259 224 190 148 125 110 62 149 48 71 121 96 42 51 67 40 42 46
is_linear=0
shrinkage=0.03


end of trees

feature_importances:
Column_35=6
Column_28=5
Column_30=5
Column_3=4
Column_29=4
Column_1=3
Column_12=3
Column_15=3
Column_20=3
Column_21=3
Column_34=3
Column_40=3
Column_2=2
Column_9=2
Column_13=2
Column_14=2
Column_16=2
Column_23=2
Column_25=2
Column_27=2
Column_32=2
Column_33=2
Column_5=1
Column_8=1
Column_11=1
Column_19=1
Column_22=1
Column_24=1
Column_26=1
Column_31=1
Column_37=1
Column_38=1

parameters:
[boosting: gbdt]
[objective: binary]
[metric: binary_logloss]
[tree_learner: serial]
[device_type: cpu]
[data_sample_strategy: bagging]
[data: ]
[valid: ]
[num_iterations: 900]
[learning_rate: 0.03]
[num_leaves: 96]
[num_threads: 2]
[seed: 42]
[deterministic: 0]
[force_col_wise: 1]
[force_row_wise: 0]
[histogram_pool_size: -1]
[max_depth: 10]
[min_data_in_leaf: 20]
[min_sum_hessian_in_leaf: 0.001]
[bagging_fraction: 0.85]
[pos_bagging_fraction: 1]
[neg_bagging_fraction: 1]
[bagging_freq: 0]
[bagging_seed: 400]
[bagging_by_query: 0]
[feature_fraction: 0.8]
[feature_fraction_bynode: 1]
[feature_fraction_seed: 30056]
[extra_trees: 0]
[extra_seed: 12879]
[early_stopping_round: 0]
[early_stopping_min_delta: 0]
[first_metric_only: 0]
[max_delta_step: 0]
[lambda_l1: 0.2]
[lambda_l2: 1.5]
[linear_lambda: 0]
[min_gain_to_split: 0]
[drop_rate: 0.1]
[max_drop: 50]
[skip_drop: 0.5]
[xgboost_dart_mode: 0]
[uniform_drop: 0]
[drop_seed: 17869]
[top_rate: 0.2]
[other_rate: 0.1]
[min_data_per_group: 100]
[max_cat_threshold: 32]
[cat_l2: 10]
[cat_smooth: 10]
[max_cat_to_onehot: 4]
[top_k: 20]
[monotone_constraints: ]
[monotone_constraints_method: basic]
[monotone_penalty: 0]
[feature_contri: ]
[forcedsplits_filename: ]
[refit_decay_rate: 0.9]
[cegb_tradeoff: 1]
[cegb_penalty_split: 0]
[cegb_penalty_feature_lazy: ]
[cegb_penalty_feature_coupled: ]
[path_smooth: 0]
[interaction_constraints: ]
[verbosity: -1]
[saved_feature_importance_type: 0]
[use_quantized_grad: 0]
[num_grad_quant_bins: 4]
[quant_train_renew_leaf: 0]
[stochastic_rounding: 1]
[linear_tree: 0]
[max_bin: 255]
[max_bin_by_feature: ]
[min_data_in_bin: 3]
[bin_construct_sample_cnt: 200000]
[data_random_seed: 175]
[is_enable_sparse: 1]
[enable_bundle: 1]
[use_missing: 1]
[zero_as_missing: 0]
[feature_pre_filter: 1]
[pre_partition: 0]
[two_round: 0]
[header: 0]
[label_column: ]
[weight_column: ]
[group_column: ]
[ignore_column: ]
[categorical_feature: ]
[forcedbins_filename: ]
[precise_float_parser: 0]
[parser_config_file: ]
[objective_seed: 16083]
[num_class: 1]
[is_unbalance: 0]
[scale_pos_weight: 1]
[sigmoid: 1]
[boost_from_average: 1]
[reg_sqrt: 0]
[alpha: 0.9]
[fair_c: 1]
[poisson_max_delta_step: 0.7]
[tweedie_variance_power: 1.5]
[lambdarank_truncation_level: 30]
[lambdarank_norm: 1]
[label_gain: ]
[lambdarank_position_bias_regularization: 0]
[eval_at: ]
[multi_error_top_k: 1]
[auc_mu_weights: ]
[num_machines: 1]
[local_listen_port: 12400]
[time_out: 120]
[machine_list_filename: ]
[machines: ]
[gpu_platform_id: -1]
[gpu_device_id: -1]
[gpu_device_id_list: ]
[gpu_use_dp: 0]
[num_gpu: 1]

end of parameters

pandas_categorical:null
