tree
version=v4
num_class=1
num_tree_per_iteration=1
label_index=0
max_feature_idx=23
objective=binary sigmoid:1
feature_names=Column_0 Column_1 Column_2 Column_3 Column_4 Column_5 Column_6 Column_7 Column_8 Column_9 Column_10 Column_11 Column_12 Column_13 Column_14 Column_15 Column_16 Column_17 Column_18 Column_19 Column_20 Column_21 Column_22 Column_23
feature_infos=[-1.8496102956546159:1.5797583376259368] [-1.5157011848127164:1.4135485127948086] [-1.6358644108580136:1.3758376735184099] [-0.70363203396071028:1.421197375524603] [-2.1281199978789034:1.7345370551693919] [-2.1113196451137957:1.814687959436651] [-2.6192089164332288:3.667498722894595] [-4.1081481853604052:6.1784467882448784] [-2.4163163854511756:2.157948067435536] [-2.6231791951082695:2.0858902592389463] [-2.524182585363373:3.123920967964851] [-4.7337031635382925:6.9545039983042862] [-2.8793331737523751:2.5306038262286004] [-3.1807968626872882:2.4944337438168733] [-2.4330266521968595:2.3859519042032189] [-5.4819862576729959:8.0625186637503408] [-1.7486079625687148:3.1845604446911877] [-1.7728720332929533:2.7414478491120868] [-2.0467316226251424:1.8958852949635441] [-0.77875079633926103:4.5210407890116038] [-0.78730743169642703:4.8363170804209092] [-6.2723209604294636:6.9558486767644689] [-0.52657770203899679:4.8595510419392669] [-0.51880796183654199:4.5661601487805568]
tree_sizes=1588 1665 1589 1774 1776 1771 1783 1776 1705 1776 1703 1779 1794 1677 1514 1486 1509 1470 1716

Tree=0
num_leaves=14
num_cat=0
split_feature=8 18 2 1 0 14 18 5 18 14 14 0 10
split_gain=12.1049 8.18881 6.47855 6.47992 5.3936 5.01765 4.77951 3.91197 3.59516 2.33958 2.20163 0.763387 4.47876
threshold=0.76933207280921334 1.2760450398731489 1.0000000180025095e-35 -0.58366719011941293 -0.34926151859437399 0.14362815008882815 0.42290784330699666 0.63688567807151719 -0.78754802501098664 0.082666010166266526 -0.81453132896147984 0.50808063972576423 -0.62101725761147131
decision_type=2 2 2 2 2 2 2 2 2 2 2 2 2
left_child=2 6 3 8 5 10 -2 9 -1 -6 -4 12 -5
right_child=1 -3 4 11 7 -7 -8 -9 -10 -11 -12 -13 -14
leaf_value=-0.38328434791178406 -0.36464311358790913 -0.37863605316081272 -0.36464311358790913 -0.3590015693035904 -0.32185524849262931 -0.34783694537024357 -0.32121301754786447 -0.37140247080953703 -0.34664315525446632 -0.3590015693035904 -0.39911025495600061 -0.40855600251094393 -0.39855983629855468
leaf_weight=3.6280569434165955 4.1117978692054775 4.5955387949943534 3.6280569434165946 4.5955387949943569 4.5955387949943525 3.6280569434165946 11.367911756038664 4.3536683320999137 5.8048911094665545 4.5955387949943542 5.8048911094665554 6.0467615723609915 7.0142434239387503
leaf_count=15 17 19 15 19 19 15 47 18 24 19 24 25 29
internal_value=-0.364643 -0.34271 -0.373336 -0.384798 -0.361256 -0.376219 -0.331364 -0.346858 -0.361991 -0.335632 -0.388624 -0.39628 -0.383988
internal_weight=73.7705 20.0752 53.6952 27.0895 26.6058 13.061 15.4797 13.5447 9.43295 9.19108 9.43295 17.6565 11.6098
internal_count=305 83 222 112 110 54 64 56 39 38 39 73 48
is_linear=0
shrinkage=1


Tree=1
num_leaves=15
num_cat=0
split_feature=8 18 2 1 0 14 18 5 18 14 16 0 10 10
split_gain=11.3631 7.69901 6.17913 6.16814 5.11413 4.79179 4.44648 3.71299 3.42213 2.19773 2.11627 0.743747 4.27553 0.140445
threshold=0.76933207280921334 1.2760450398731489 1.0000000180025095e-35 -0.58366719011941293 -0.34926151859437399 0.14362815008882815 0.42290784330699666 0.63688567807151719 -0.78754802501098664 0.082666010166266526 -1.0414555424074201 0.50808063972576423 -0.62101725761147131 1.2207556402129498
decision_type=2 2 2 2 2 2 2 2 2 2 2 2 2 2
left_child=2 6 3 8 5 10 -2 9 -1 -6 -4 12 -5 -8
right_child=1 -3 4 11 7 -7 13 -9 -10 -11 -12 -13 -14 -15
leaf_value=-0.018261856641977194 0 -0.013676599357991759 0 0.0055000230826207893 0.041529337918673186 0.016395061120270185 0.022437857062826375 -0.0066029105557506504 0.017489380694799064 0.0055000230826207919 -0.033766031526040845 -0.043032657368987468 -0.033160375974182726 0.053175109438941374
leaf_weight=3.6155779659748077 4.1117978692054775 4.583740532398223 3.6264893710613242 4.6001808643341091 4.6290791332721692 3.6388199776411048 6.578838184475897 4.3483167886734 5.823307156562807 4.6001808643341064 5.7688369452953365 5.9962783008813849 6.9695391952991477 4.8732134699821472
leaf_count=15 17 19 15 19 19 15 27 18 24 19 24 25 29 20
internal_value=0 0.0211797 -0.00846458 -0.0196849 0.00331815 -0.0112741 0.0321326 0.0173124 0.0025373 0.0282167 -0.0234478 -0.0309329 -0.0188568 0.0418691
internal_weight=73.7642 20.1476 53.6166 27.0049 26.6117 13.0341 15.5638 13.5776 9.43889 9.22926 9.39533 17.566 11.5697 11.4521
internal_count=305 83 222 112 110 54 64 56 39 38 39 73 48 47
is_linear=0
shrinkage=0.035


Tree=2
num_leaves=14
num_cat=0
split_feature=8 18 2 1 0 18 10 18 14 19 0 10 0
split_gain=10.7619 7.29378 5.89561 5.87443 4.88018 4.1886 3.77717 3.25795 3.13561 2.17718 0.726142 4.08336 0.132475
threshold=0.76933207280921334 1.2760450398731489 1.0000000180025095e-35 -0.58366719011941293 1.0000000180025095e-35 0.42290784330699666 -0.4982323977565099 -0.78754802501098664 0.23201451914560786 -1.0000000180025095e-35 0.50808063972576423 -0.62101725761147131 -0.34926151859437399
decision_type=2 2 2 2 2 2 2 2 2 2 2 2 2
left_child=2 5 3 7 8 -2 -6 -1 9 -4 11 -5 -7
right_child=1 -3 4 10 6 12 -8 -9 -10 -11 -12 -13 -14
leaf_value=-0.01789173258850562 0 -0.01336796334270629 -0.027065317284234568 0.0053621641022197752 -0.0040510465389189806 0.017368727013241398 0.032628590674861742 0.016995982490273995 0.0129920521845841 0.0020261296141051359 -0.042195319089891763 -0.032431991697788369 0.047471143384638481
leaf_weight=3.6028095334768295 4.1117978692054775 4.5718208104372016 7.4474061876535407 4.6046428680419949 4.6152750700712204 4.4021107703447342 6.8000491708517057 5.8403767347335833 3.8883302211761466 3.859004124999049 5.9418812394142142 6.9224055111408225 7.1107242852449399
leaf_count=15 17 19 31 19 19 18 28 24 16 16 25 29 29
internal_value=0 0.0205884 -0.00824527 -0.0192326 0.00325095 0.0312115 0.0190144 0.00242598 -0.00912049 -0.0179294 -0.0302567 -0.0183858 0.0406238
internal_weight=73.7186 20.1965 53.5222 26.9121 26.6101 15.6246 11.4153 9.44319 15.1947 11.3064 17.4689 11.527 11.5128
internal_count=305 83 222 112 110 64 47 39 63 47 73 48 47
is_linear=0
shrinkage=0.035


Tree=3
num_leaves=16
num_cat=0
split_feature=8 18 2 1 17 23 18 18 17 4 12 1 16 10 10
split_gain=10.1787 6.9029 5.62322 5.59747 4.61572 8.40794 3.94025 3.10213 2.51463 4.24963 1.25001 0.734091 0.374753 0.27692 0.189596
threshold=0.76933207280921334 1.2760450398731489 1.0000000180025095e-35 -0.58366719011941293 0.54680217620287319 0.52593478663679394 0.42290784330699666 -0.78754802501098664 0.29705382674154929 1.0000000180025095e-35 -1.0921218434015167 1.0141053722119644 -0.68371275315094293 -0.62101725761147131 1.2207556402129498
decision_type=2 2 2 2 2 2 2 2 2 2 2 2 2 2 2
left_child=2 6 3 7 5 8 -2 -1 9 12 -6 13 -4 -5 -8
right_child=1 -3 4 11 10 -7 14 -9 -10 -11 -12 -13 -14 -15 -16
leaf_value=-0.017530532001480269 0 -0.013066794659967972 0 -0.016711873413538188 0.0036867496438902046 0.028652678930416797 0.020944754036106131 0.016518971487774127 -0.037618576764189227 -0.030369029451397939 0.034362689721358398 -0.010273206736217361 0.013617195154454635 -0.04263812575090891 0.050218029976934746
leaf_weight=3.5897856205701828 4.1117978692054775 4.5598034113645545 3.612993776798251 5.9850109368562725 3.644710898399353 4.3930183947086325 6.6278998851776105 5.8561778068542498 3.8432878404855719 3.5976805835962296 3.6521970778703681 4.9950775057077399 3.8676437884569195 6.3859585970640174 4.9388073980808258
leaf_count=15 17 19 15 25 15 18 27 24 16 15 15 21 16 27 20
internal_value=0 0.0199923 -0.00803745 -0.0187972 0.00317598 -0.00582537 0.0302944 0.0023182 -0.018473 -0.00669249 0.0236945 -0.0296069 0.00814498 -0.0345318 0.0393915
internal_weight=73.6619 20.2383 53.4235 26.812 26.6115 19.3146 15.6785 9.44596 14.9216 11.0783 7.29691 17.366 7.48064 12.371 11.5667
internal_count=305 83 222 112 110 80 64 39 62 46 30 73 31 52 47
is_linear=0
shrinkage=0.035


Tree=4
num_leaves=16
num_cat=0
split_feature=8 18 2 1 17 23 18 18 17 4 12 0 10 16 10
split_gain=9.65785 6.54737 5.36791 5.33991 4.40784 8.01829 3.72058 2.95419 2.41808 4.075 1.18121 0.802167 3.84803 0.357588 0.179501
threshold=0.76933207280921334 1.2760450398731489 1.0000000180025095e-35 -0.58366719011941293 0.54680217620287319 0.52593478663679394 0.42290784330699666 -0.78754802501098664 0.29705382674154929 1.0000000180025095e-35 -1.0921218434015167 0.50808063972576423 -0.62101725761147131 -0.68371275315094293 1.2207556402129498
decision_type=2 2 2 2 2 2 2 2 2 2 2 2 2 2 2
left_child=2 6 3 7 5 8 -2 -1 9 13 -6 12 -5 -4 -8
right_child=1 -3 4 11 10 -7 14 -9 -10 -11 -12 -13 -14 -15 -16
leaf_value=-0.017177926629574177 0 -0.012772861127917321 0 0.0056042379387544481 0.003601993834433442 0.027881395390520071 0.020338526379706439 0.016057600681730542 -0.036942455350203095 -0.02980742026911342 0.033470715854257309 -0.040965070828287507 -0.031058970046836231 0.013281727068777975 0.048792183615364061
leaf_weight=3.5765386372804642 4.1117978692054775 4.5477101355791083 3.612993776798251 4.5967599302530315 3.6469268798828125 4.4115222096443167 6.645852178335188 5.8707829713821429 3.8137737214565268 3.5752524137496948 3.6712431013584128 5.8497083187103263 6.8220416456460944 3.8768943697214153 4.9632117003202438
leaf_count=15 17 19 15 19 15 18 27 24 16 15 15 25 29 16 20
internal_value=0 0.0194493 -0.00784765 -0.0183872 0.00309655 -0.0057102 0.0294563 0.00221384 -0.0181045 -0.00654871 0.0231173 -0.0289902 -0.0172731 0.00794257 0.0382719
internal_weight=73.593 20.2686 53.3244 26.7158 26.6086 19.2904 15.7209 9.44732 14.8789 11.0651 7.31817 17.2685 11.4188 7.48989 11.6091
internal_count=305 83 222 112 110 80 64 39 62 46 30 73 48 31 47
is_linear=0
shrinkage=0.035


Tree=5
num_leaves=16
num_cat=0
split_feature=8 18 2 1 17 23 18 18 17 4 18 0 10 16 10
split_gain=9.16198 6.21353 5.11922 5.09172 4.21075 7.64918 3.51696 2.8137 2.32663 3.90857 1.14331 0.784291 3.67901 0.341264 0.172834
threshold=0.76933207280921334 1.2760450398731489 1.0000000180025095e-35 -0.58366719011941293 0.54680217620287319 0.52593478663679394 0.42290784330699666 -0.78754802501098664 0.29705382674154929 1.0000000180025095e-35 -1.1400691022527496 0.50808063972576423 -0.62101725761147131 -0.68371275315094293 1.2207556402129498
decision_type=2 2 2 2 2 2 2 2 2 2 2 2 2 2 2
left_child=2 6 3 7 5 8 -2 -1 9 13 -6 12 -5 -4 -8
right_child=1 -3 4 11 10 -7 14 -9 -10 -11 -12 -13 -14 -15 -16
leaf_value=-0.016833615545882721 0 -0.012485940917246868 0 0.0054636847529670107 0.0034280505465402581 0.02713939030880648 0.019753883620923788 0.015611171400048375 -0.03629274721853698 -0.02926336093301329 0.032718446423868668 -0.04022288776864117 -0.030403501773131975 0.01295552196505659 0.047450986447221372
leaf_weight=3.563099205493927 4.1117978692054775 4.5355616509914389 3.612993776798251 4.6013541519641903 3.6515450328588486 4.4278921484947196 6.6619544774293882 5.8842623233795184 3.7825296670198432 3.5518591105937958 3.6853675842285147 5.7871353179216376 6.7692521363496772 3.8856026083230999 4.9810645133256912
leaf_count=15 17 19 15 19 15 18 27 24 16 15 15 25 29 16 20
internal_value=0 0.0189279 -0.0076582 -0.0179805 0.00301874 -0.00560001 0.0286549 0.00211276 -0.0177485 -0.00640945 0.0225599 -0.0283838 -0.0168503 0.00774534 0.037207
internal_weight=73.4933 20.2904 53.2029 26.6051 26.5978 19.2609 15.7548 9.44736 14.833 11.0505 7.33691 17.1577 11.3706 7.4986 11.643
internal_count=305 83 222 112 110 80 64 39 62 46 30 73 48 31 47
is_linear=0
shrinkage=0.035


Tree=6
num_leaves=16
num_cat=0
split_feature=8 18 2 1 17 23 18 18 17 4 8 1 1 16 0
split_gain=8.69507 5.89975 4.88318 4.85711 4.02377 7.29933 3.32785 2.68025 2.23989 3.7499 1.11903 0.803029 0.442914 0.325737 0.174963
threshold=0.76933207280921334 1.2760450398731489 1.0000000180025095e-35 -0.58366719011941293 0.54680217620287319 0.52593478663679394 0.42290784330699666 -0.78754802501098664 0.29705382674154929 1.0000000180025095e-35 -0.86433380322175524 1.0141053722119644 -0.31737176306418341 -0.68371275315094293 1.0000000180025095e-35
decision_type=2 2 2 2 2 2 2 2 2 2 2 2 2 2 2
left_child=2 6 3 7 5 8 -2 -1 9 13 -6 12 -5 -4 -8
right_child=1 -3 4 11 10 -7 14 -9 -10 -11 -12 -13 -14 -15 -16
leaf_value=-0.016497313450855901 0 -0.012205827680323987 0 -0.010846077444220115 0.0032144725889794883 0.026424941128620687 0.016651150140948718 0.015179039779903331 -0.035667716649983021 -0.028735887121036155 0.032036873216337323 -0.0088908441493536928 -0.038002471785016777 0.012638255339901372 0.043617521235507904
leaf_weight=3.5494952648878098 4.1117978692054775 4.5233769267797461 3.612993776798251 3.7205088138580349 3.6555360406637192 4.4422535896301261 5.1932985633611661 5.8966816663742083 3.7497304230928412 3.5276000499725342 3.6979211866855612 4.9203612208366385 8.4019633680582029 3.8937950581312206 6.4758352935314178
leaf_count=15 17 19 15 16 15 18 21 24 16 15 15 21 36 16 26
internal_value=0 0.0184268 -0.00747638 -0.0175879 0.00294246 -0.00549449 0.0278877 0.00201485 -0.0174042 -0.00627451 0.0220211 -0.0277991 -0.032756 0.00755314 0.0361926
internal_weight=73.3731 20.3043 53.0688 26.489 26.5798 19.2264 15.7809 9.44618 14.7841 11.0344 7.35346 17.0428 12.1225 7.50679 11.6691
internal_count=305 83 222 112 110 80 64 39 62 46 30 73 52 31 47
is_linear=0
shrinkage=0.035


Tree=7
num_leaves=16
num_cat=0
split_feature=8 18 2 1 17 23 18 18 17 4 18 0 10 16 10
split_gain=8.24246 5.59843 4.65484 4.62857 3.84625 6.96759 3.14632 2.55347 2.15754 3.59855 1.07189 0.858301 3.55431 0.310964 0.219222
threshold=0.76933207280921334 1.2760450398731489 1.0000000180025095e-35 -0.58366719011941293 0.54680217620287319 0.52593478663679394 0.42290784330699666 -0.78754802501098664 0.29705382674154929 1.0000000180025095e-35 -1.1400691022527496 0.50808063972576423 -0.62101725761147131 -0.68371275315094293 1.2207556402129498
decision_type=2 2 2 2 2 2 2 2 2 2 2 2 2 2 2
left_child=2 6 3 7 5 8 -2 -1 9 13 -6 12 -5 -4 -8
right_child=1 -3 4 11 10 -7 14 -9 -10 -11 -12 -13 -14 -15 -16
leaf_value=-0.01616875125907433 0 -0.011932319653873492 0 0.0059443769799606546 0.0030980697224119356 0.025736457852685048 0.018491853121018701 0.014760590260023576 -0.035065774740101911 -0.02822410439773676 0.031288425659309026 -0.039128991013142461 -0.029273681230080974 0.012329617706758774 0.04512825597916973
leaf_weight=3.5357534140348434 4.1117978692054775 4.5111735165119162 3.612993776798251 4.5851176679134396 3.6590092033147812 4.4547255933284751 6.6917448788881284 5.9081039428710955 3.7155402898788443 3.5025688856840134 3.7090120464563361 5.6840953379869452 6.6694327145814887 3.9014969915151623 4.9982697516679764
leaf_count=15 17 19 15 19 15 18 27 24 16 15 15 25 29 16 20
internal_value=0 0.0179268 -0.00729832 -0.0171969 0.00286765 -0.00539337 0.0271289 0.00191999 -0.017071 -0.00614371 0.0214995 -0.0272096 -0.0157977 0.00736582 0.0351933
internal_weight=73.2508 20.313 52.9378 26.3825 26.5553 19.1873 15.8018 9.44386 14.7326 11.0171 7.36802 16.9386 11.2546 7.51449 11.69
internal_count=305 83 222 112 110 80 64 39 62 46 30 73 48 31 47
is_linear=0
shrinkage=0.035


Tree=8
num_leaves=15
num_cat=0
split_feature=4 9 17 17 5 23 20 19 4 16 13 15 15 13
split_gain=7.85043 6.45619 5.08739 3.89166 5.30114 3.46711 3.36339 3.19177 5.19919 2.27115 2.15912 1.60161 3.0537 0.541498
threshold=1.0907608796613431 1.5364988228984384 1.21322469357555 -0.83840240878877392 0.63688567807151719 -0.3966643714928943 0.38428100832801798 -0.38126642743794609 -0.19679147135475561 0.4056060049515382 0.64998379670302076 0.26969249305030546 -0.5874947065222903 0.16353545900266422
decision_type=2 2 2 2 2 2 2 2 2 2 2 2 2 2
left_child=1 2 3 5 6 -1 7 8 -5 -7 -6 12 -2 -9
right_child=11 -3 -4 4 10 9 -8 13 -10 -11 -12 -13 -14 -15
leaf_value=-0.032998977785661306 0.0044200105274062413 0.029074035907510544 -0.032854694442669204 0.025323649306736615 -0.02804886608732254 0.015393267441943645 -0.012253531205226839 0.040995641317373308 -0.015322358331182692 -0.015474566676597074 0.00094836132770004353 0.00089486101164842403 0.045452171751250506 0.012145175787544232
leaf_weight=6.8954544514417648 4.5945037454366675 4.0479935109615317 7.2689355760812751 5.0731430500745729 5.6811893731355649 3.6369872987270337 4.3183391392230979 3.9021510183811259 6.4355273693799981 4.041400745511055 4.5434167236089706 3.6683525145053855 4.4579880088567725 4.5317061543464661
leaf_count=29 19 17 31 21 24 15 18 16 27 17 19 15 18 19
internal_value=0 -0.00543803 -0.0089201 -0.00412296 0.00231576 -0.0181163 0.0111853 0.0171542 0.00330274 -0.000151513 -0.0166871 0.0229776 0.02967 0.0312963
internal_weight=73.0971 60.3762 56.3283 49.0593 34.4855 14.5738 24.2609 19.9425 11.5087 7.67839 10.2246 12.7208 9.05249 8.43386
internal_count=305 253 236 205 144 61 101 83 48 32 43 52 37 35
is_linear=0
shrinkage=0.035


Tree=9
num_leaves=16
num_cat=0
split_feature=8 18 2 1 17 23 18 18 17 4 8 0 10 16 10
split_gain=7.53319 5.19606 4.43639 4.38201 3.64149 6.58676 2.92892 2.38199 2.10621 3.434 0.965112 0.843202 3.37822 0.287948 0.220543
threshold=0.76933207280921334 1.2760450398731489 1.0000000180025095e-35 -0.58366719011941293 0.54680217620287319 0.52593478663679394 0.42290784330699666 -0.78754802501098664 0.29705382674154929 1.0000000180025095e-35 -0.86433380322175524 0.50808063972576423 -0.62101725761147131 -0.68371275315094293 1.2207556402129498
decision_type=2 2 2 2 2 2 2 2 2 2 2 2 2 2 2
left_child=2 6 3 7 5 8 -2 -1 9 13 -6 12 -5 -4 -8
right_child=1 -3 4 11 10 -7 14 -9 -10 -11 -12 -13 -14 -15 -16
leaf_value=-0.015622110771547222 0 -0.011604504716676803 0 0.0058464646126118718 0.0032445703501280477 0.025077235685190383 0.01768621688186502 0.014276556946670861 -0.034370431408108519 -0.027497296742926201 0.030374827637247009 -0.038275683049893219 -0.028510890943626126 0.012096150836251649 0.043432417471722239
leaf_weight=3.5113001018762589 4.1145823299884823 4.495773419737815 3.6062325239181545 4.5875154286623028 3.6524071544408798 4.4647871702909461 6.7064532041549665 5.9194957613945025 3.6718159168958655 3.463782474398613 3.7214150428771964 5.5938858836889258 6.5952315628528586 3.9070571810007122 4.9977917224168777
leaf_count=15 17 19 15 19 15 18 27 24 16 15 15 25 29 16 20
internal_value=0 0.0171658 -0.00696436 -0.0166708 0.0029513 -0.00511761 0.0260218 0.00189969 -0.0165429 -0.00579697 0.0210562 -0.02648 -0.0152695 0.00733306 0.0337972
internal_weight=73.0095 20.3146 52.6949 26.2074 26.4875 19.1137 15.8188 9.4308 14.6489 10.9771 7.37382 16.7766 11.1827 7.51329 11.7042
internal_count=305 83 222 112 110 80 64 39 62 46 30 73 48 31 47
is_linear=0
shrinkage=0.035


Tree=10
num_leaves=15
num_cat=0
split_feature=4 9 17 17 5 23 20 19 4 12 19 15 15 13
split_gain=7.16154 6.1162 4.77494 3.7153 4.99997 3.26622 3.20532 3.01204 4.89477 2.22507 2.0539 1.54797 2.81337 0.450509
threshold=1.0907608796613431 1.5364988228984384 1.21322469357555 -0.83840240878877392 0.63688567807151719 -0.3966643714928943 0.38428100832801798 -0.38126642743794609 -0.19679147135475561 0.55018046016413635 -0.1162768481704029 0.26969249305030546 -0.5874947065222903 0.16353545900266422
decision_type=2 2 2 2 2 2 2 2 2 2 2 2 2 2
left_child=1 2 3 5 6 -1 7 8 -5 -7 -6 12 -2 -9
right_child=11 -3 -4 4 10 9 -8 13 -10 -11 -12 -13 -14 -15
leaf_value=-0.032184811875471162 0.0042318211201599655 0.028366339432064125 -0.031908700965470257 0.024573041266809377 -0.026020591237717248 -0.015391240303996164 -0.011964495474206405 0.039690284885060295 -0.014878533397180725 0.015185513665296104 0.0026552073558180731 0.00048517938340322602 0.043676479287439389 0.012008728713453078
leaf_weight=6.8267468214035034 4.5900624245405188 4.0579261779785147 7.1735084056854239 5.0888303965330079 6.3533594906330109 4.0205216407775861 4.301086649298667 3.9194543659687113 6.3981409370899209 3.6368224769830704 3.8089485168457013 3.6657246947288504 4.464612364768981 4.5296338051557541
leaf_count=29 19 17 31 21 27 17 18 16 27 15 16 15 18 19
internal_value=0 -0.0051759 -0.00858797 -0.00394288 0.00234275 -0.0176626 0.0109467 0.0167692 0.00326182 -0.000187966 -0.0161717 0.0219755 0.028539 0.0304914
internal_weight=72.8354 60.115 56.0571 48.8835 34.3995 14.4841 24.2371 19.9361 11.487 7.65734 10.1623 12.7204 9.05467 8.44909
internal_count=305 253 236 205 144 61 101 83 48 32 43 52 37 35
is_linear=0
shrinkage=0.035


Tree=11
num_leaves=16
num_cat=0
split_feature=8 18 2 1 17 23 18 18 17 4 12 0 10 16 10
split_gain=6.88765 4.85891 4.23197 4.13039 3.46481 6.16532 2.72646 2.24705 2.06454 3.26917 0.862897 0.838993 3.23379 0.278694 0.228026
threshold=0.76933207280921334 1.2760450398731489 1.0000000180025095e-35 -0.58366719011941293 0.54680217620287319 0.52593478663679394 0.42290784330699666 -0.78754802501098664 0.29705382674154929 1.0000000180025095e-35 -1.0921218434015167 0.50808063972576423 -0.62101725761147131 -0.68371275315094293 1.2207556402129498
decision_type=2 2 2 2 2 2 2 2 2 2 2 2 2 2 2
left_child=2 6 3 7 5 8 -2 -1 9 13 -6 12 -5 -4 -8
right_child=1 -3 4 11 10 -7 14 -9 -10 -11 -12 -13 -14 -15 -16
leaf_value=-0.015217543648971566 0 -0.011358465628172439 0 0.0058456199471644214 0.003429783977874433 0.024272326488500799 0.016925327888538837 0.013844485211947552 -0.033694164258343685 -0.026737917095769444 0.029539074007402365 -0.037478098376916798 -0.02778833681943027 0.012001366818796485 0.041913181196919148
leaf_weight=3.4913549274206161 4.1151060611009624 4.4832172691822043 3.6020069271326092 4.5856915116310146 3.6457365751266479 4.4751487076282492 6.7155241519212705 5.9268570989370364 3.6249340921640387 3.4197369813919067 3.7274902164936057 5.5001824498176566 6.5185452401638022 3.9081397652626064 4.9853648841381073
leaf_count=15 17 19 15 19 15 18 27 24 16 15 15 25 29 16 20
internal_value=0 0.0164484 -0.00664655 -0.0161703 0.00303272 -0.00486969 0.0250154 0.00183289 -0.0159969 -0.0054176 0.0206757 -0.0257633 -0.0147257 0.00731993 0.0325192
internal_weight=72.725 20.2992 52.4258 26.0226 26.4032 19.03 15.816 9.41821 14.5548 10.9299 7.37323 16.6044 11.1042 7.51015 11.7009
internal_count=305 83 222 112 110 80 64 39 62 46 30 73 48 31 47
is_linear=0
shrinkage=0.035


Tree=12
num_leaves=16
num_cat=0
split_feature=8 18 2 1 17 23 18 18 17 4 18 0 10 21 16
split_gain=6.5466 4.62337 4.04018 3.94541 3.3149 5.88981 2.63567 2.14158 1.99194 3.14022 0.838278 0.822757 3.09563 0.539215 0.265802
threshold=0.76933207280921334 1.2760450398731489 1.0000000180025095e-35 -0.58366719011941293 0.54680217620287319 0.52593478663679394 0.58955551236502413 -0.78754802501098664 0.29705382674154929 1.0000000180025095e-35 -1.1400691022527496 0.50808063972576423 -0.62101725761147131 -0.12122207913428536 -0.68371275315094293
decision_type=2 2 2 2 2 2 2 2 2 2 2 2 2 2 2
left_child=2 6 3 7 5 8 -2 -1 9 14 -6 12 -5 -8 -4
right_child=1 -3 4 11 10 -7 13 -9 -10 -11 -12 -13 -14 -15 -16
leaf_value=-0.01491774892422636 0.0035004091490075744 -0.0111047448810867 0 0.0056988433336584068 0.0032683794347718991 0.023658864516240503 0.012137836597546662 0.013467475717196538 -0.033161055503038835 -0.026282217888054647 0.02891854555606365 -0.036878121805370409 -0.0272330092202345 0.041816567517806616 0.011709906647115579
leaf_weight=3.4773082435131073 6.1077045053243664 4.4710647463798514 3.6020069271326092 4.5905874818563488 3.6483992636203766 4.4822232872247687 3.9805284589529037 5.9353605806827563 3.5871183276176444 3.3924257010221481 3.7330834120512 5.4278453141450873 6.4604831337928763 5.7222692817449552 3.9148822575807598
leaf_count=15 25 19 15 19 15 18 16 24 16 15 15 25 29 23 16
internal_value=0 0.0160348 -0.00649793 -0.0158331 0.00295614 -0.00478663 0.0243895 0.00174457 -0.0157021 -0.00530658 0.0201997 -0.0252596 -0.014374 0.0342448 0.0071421
internal_weight=72.5333 20.2816 52.2517 25.8916 26.3601 18.9787 15.8105 9.41267 14.4964 10.9093 7.38148 16.4789 11.0511 9.7028 7.51689
internal_count=305 83 222 112 110 80 64 39 62 46 30 73 48 39 31
is_linear=0
shrinkage=0.035


Tree=13
num_leaves=15
num_cat=0
split_feature=4 9 17 17 5 20 23 19 4 16 13 15 15 13
split_gain=6.32799 5.81183 4.4052 3.55554 4.65926 3.06786 3.02618 2.84859 4.56651 2.09648 1.98545 1.492 2.56665 0.300447
threshold=1.0907608796613431 1.5364988228984384 1.21322469357555 -0.83840240878877392 0.63688567807151719 0.38428100832801798 -0.3966643714928943 -0.38126642743794609 -0.19679147135475561 0.4056060049515382 0.64998379670302076 0.26969249305030546 -0.5874947065222903 0.16353545900266422
decision_type=2 2 2 2 2 2 2 2 2 2 2 2 2 2
left_child=1 2 3 6 5 7 -1 8 -5 -8 -6 12 -2 -9
right_child=11 -3 -4 4 10 -7 9 13 -10 -11 -12 -13 -14 -15
leaf_value=-0.031317559860559542 0.0038974305549004324 0.027835952810195193 -0.030803647258627061 0.02374509244155892 -0.026574411298152276 -0.011747591547296748 0.01459693084632268 0.038210549383924305 -0.014407293484457712 -0.015127220498482072 0.0012366551150943819 0 0.041604490608009262 0.012109702257117782
leaf_weight=6.7319446951150894 4.575683966279029 4.0499305725097647 7.0339820086956015 5.0959949642419771 5.5648638457059842 4.2759110778570166 3.6304274648427945 3.9262683838605952 6.3402999490499505 3.984775647521019 4.505111962556839 3.6591417193412772 4.4524003416299811 4.5117924511432648
leaf_count=29 19 17 31 21 24 18 15 16 27 17 19 15 18 19
internal_value=0 -0.00485816 -0.00821451 -0.0037502 0.00239981 0.0107039 -0.017239 0.0164067 0.00320653 -0.000321996 -0.0155541 0.0207056 0.0271423 0.0297519
internal_weight=72.3385 59.6513 55.6014 48.5674 34.2202 24.1503 14.3471 19.8744 11.4363 7.6152 10.07 12.6872 9.02808 8.43806
internal_count=305 253 236 205 144 101 61 83 48 32 43 52 37 35
is_linear=0
shrinkage=0.035


Tree=14
num_leaves=13
num_cat=0
split_feature=8 18 16 18 8 5 18 8 23 18 21 2
split_gain=6.05963 2.81876 3.88928 2.81405 4.28335 4.32369 3.40277 1.98247 1.7824 1.72514 1.4077 0.586292
threshold=0.44259889760301924 1.4425155896034212 0.32917465126092688 -1.1861733623023332 -0.37423404041246489 0.63688567807151719 -0.57431172157218224 -1.0277003908248519 -0.3966643714928943 0.58955551236502413 -0.12122207913428536 1.0000000180025095e-35
decision_type=2 2 2 2 2 2 2 2 2 2 2 2
left_child=3 2 -2 11 5 7 -6 -5 -8 -4 -11 -1
right_child=1 -3 9 4 6 -7 8 -9 -10 10 -12 -13
leaf_value=-0.030831202227820126 -0.0052963848915271268 -0.011252896296588332 0.0018979282905465496 0.00048097947116922379 0.0067716836021465962 -0.011943113372567472 -0.032366913046749879 0.030370975363624184 -0.0046587961925103356 0.0083482761081692218 0.037572737994473984 -0.0060516814509145493
leaf_weight=4.7923264354467374 6.1255007684230867 3.5640581101179114 4.0991015285253551 4.5476208627223977 5.6201903671026239 6.0700860917568198 7.3608509004116049 6.8330142498016366 5.9198718518018731 4.869405195117003 8.7986127585172564 3.6041278690099716
leaf_count=22 26 15 17 19 24 26 32 28 25 20 36 15
internal_value=2.60959e-05 0.0125272 0.0168724 -0.00773984 -0.00281586 0.00899887 -0.0137926 0.0206766 -0.0225859 0.0245436 0.0298909 -0.0239101
internal_weight=72.2048 27.4567 23.8926 44.7481 36.3516 17.4507 18.9009 11.3806 13.2807 17.7671 13.668 8.39645
internal_count=305 114 99 191 154 73 81 47 57 73 56 37
is_linear=0
shrinkage=0.035


Tree=15
num_leaves=13
num_cat=0
split_feature=4 9 17 23 23 17 5 0 19 15 15 4
split_gain=5.78861 5.55075 4.10325 3.53099 8.96394 4.28021 3.52064 2.09947 1.93412 1.39131 2.4156 0.854989
threshold=1.0907608796613431 1.5364988228984384 1.21322469357555 0.86509077535799028 0.52593478663679394 -0.83840240878877392 0.63688567807151719 -0.34926151859437399 -0.1162768481704029 0.26969249305030546 -0.5874947065222903 -1.0000000180025095e-35
decision_type=2 2 2 2 2 2 2 2 2 2 2 2
left_child=1 2 3 4 5 11 7 -7 -8 10 -2 -1
right_child=9 -3 -4 -5 -6 6 8 -9 -10 -11 -12 -13
leaf_value=-0.0079851665296931107 0.0035730779733111678 0.027256576631774044 -0.029895021438292434 -0.026464532653077733 0.033716836667867713 -0.00095807222404039314 -0.024581139244990925 0.020805535064571799 0.0031723750847823394 0 0.040073787839764202 -0.035624520894248578
leaf_weight=4.505685105919838 4.5774771720170966 4.0611346065998069 6.929644748568534 5.1309320479631415 6.0632579177618018 10.935437768697733 6.2256819754838943 7.7344771772623231 3.7742164433002454 3.6572964489459983 4.4414490461349478 4.0594451129436404
leaf_count=19 19 17 31 22 25 46 27 32 16 15 18 18
internal_value=3.00256e-06 -0.0046467 -0.00794744 -0.00364182 0 -0.00680018 3.29076e-05 0.00894478 -0.0148858 0.0198193 0.0260357 -0.0258458
internal_weight=72.0961 59.4199 55.3588 48.4291 43.2982 37.2349 28.6698 18.6699 9.9999 12.6762 9.01893 8.56513
internal_count=305 253 236 205 183 158 121 78 43 52 37 37
is_linear=0
shrinkage=0.035


Tree=16
num_leaves=13
num_cat=0
split_feature=8 18 16 18 8 5 18 8 23 18 21 2
split_gain=5.57097 2.66626 3.54285 2.59076 3.99112 3.96205 3.14957 1.86636 1.66496 1.6128 1.31704 0.582888
threshold=0.44259889760301924 1.4425155896034212 0.32917465126092688 -1.1861733623023332 -0.37423404041246489 0.63688567807151719 -0.57431172157218224 -1.0277003908248519 -0.3966643714928943 0.58955551236502413 -0.12122207913428536 1.0000000180025095e-35
decision_type=2 2 2 2 2 2 2 2 2 2 2 2
left_child=3 2 -2 11 5 7 -6 -5 -8 -4 -11 -1
right_child=1 -3 9 4 6 -7 8 -9 -10 10 -12 -13
leaf_value=-0.029965712120189173 -0.0049634798576817206 -0.011091533892539047 0.0016849490730120084 0.00027070788579612907 0.0063689912002461539 -0.011448052276485848 -0.031418425491459186 0.029171959378805384 -0.0045168151140646722 0.0079175982679650751 0.036139634925437869 -0.0056151929799019475
leaf_weight=4.7005247920751554 6.0988499224186006 3.55891129374504 4.0948315113782909 4.5545757710933694 5.6350673437118539 6.0373281985521308 7.2656838893890372 6.8622618466615686 5.906933620572091 4.8641830384731355 8.7936202287673861 3.5867213606834412
leaf_count=22 26 15 17 19 24 26 32 28 25 20 36 15
internal_value=3.72443e-06 0.0119971 0.0162368 -0.00746124 -0.0027353 0.0086507 -0.01337 0.0197926 -0.0218866 0.023551 0.0287189 -0.0230778
internal_weight=71.9595 27.4104 23.8515 44.5491 36.2619 17.4542 18.8077 11.4168 13.1726 17.7526 13.6578 8.28725
internal_count=305 114 99 191 154 73 81 47 57 73 56 37
is_linear=0
shrinkage=0.035


Tree=17
num_leaves=13
num_cat=0
split_feature=4 9 17 23 23 17 17 1 19 15 15 4
split_gain=5.31679 5.31555 3.81014 3.40184 8.38006 4.02708 3.20084 3.34137 3.10748 1.3002 2.27899 0.81862
threshold=1.0907608796613431 1.5364988228984384 1.21322469357555 0.86509077535799028 0.52593478663679394 -0.83840240878877392 0.29705382674154929 0.21521909104627562 0.32537245060883596 0.26969249305030546 -0.5874947065222903 -1.0000000180025095e-35
decision_type=2 2 2 2 2 2 2 2 2 2 2 2
left_child=1 2 3 4 5 11 7 -7 -8 10 -2 -1
right_child=9 -3 -4 -5 -6 6 8 -9 -10 -11 -12 -13
leaf_value=-0.0077017981941993347 0.0032682277506118785 0.026694132530244153 -0.02903275907313066 -0.026026928562680428 0.032541679910581267 0.024145067505496932 -0.019304021002770282 -0.0070678734606519954 0.011497476820230069 0 0.038657945091265883 -0.034793178960710595
leaf_weight=4.4853100627660751 4.5775400400161734 4.0709235966205588 6.8234100341796866 5.1058936715126029 6.0821093618869773 7.9686897695064633 10.963128954172133 5.6663456708192825 4.0189492404460898 3.65516074001789 4.4216470122337332 3.9957243502139956
leaf_count=19 19 17 31 22 25 33 47 24 17 15 18 18
internal_value=0 -0.00448486 -0.00773415 -0.003585 0 -0.00660739 7.25549e-06 0.0115932 -0.0103514 0.0189861 0.0250014 -0.0251701
internal_weight=71.8348 59.1805 55.1096 48.2862 43.1803 37.0981 28.6171 13.635 14.9821 12.6543 8.99919 8.48103
internal_count=305 253 236 205 183 158 121 57 64 52 37 37
is_linear=0
shrinkage=0.035


Tree=18
num_leaves=15
num_cat=0
split_feature=8 18 16 18 17 8 20 16 18 1 21 2 2 0
split_gain=5.1669 2.53466 3.21411 2.37042 3.8127 4.35581 2.54842 2.61242 1.50419 1.44567 1.24356 1.11836 0.58569 0.104943
threshold=0.44259889760301924 1.4425155896034212 0.32917465126092688 -1.1861733623023332 0.72000953985308336 -0.21086745280936794 -0.17808144288371566 -0.92006182884602694 0.58955551236502413 -0.31737176306418341 -0.12122207913428536 0.62291215242430409 1.0000000180025095e-35 -1.0000000180025095e-35
decision_type=2 2 2 2 2 2 2 2 2 2 2 2 2 2
left_child=3 2 -2 12 5 6 7 -5 -4 -8 -10 13 -1 -7
right_child=1 -3 8 4 -6 11 9 -9 10 -11 -12 -13 -14 -15
leaf_value=-0.029138327454086541 -0.0045490553896465015 -0.01093033689647414 0.0015321074967007413 -0.0062226059584872583 0.023378096380238748 -0.033262981204934997 0.0046407893430055061 0.025301126788262879 0.0075013556246578614 -0.01917689043712241 0.034854975930393453 -0.0038022140870387633 -0.005150567141623855 -0.009831121017136955
leaf_weight=4.6077839285135251 6.0716556906700196 3.552850440144538 4.0877483785152462 3.7624545395374254 3.8551310151815406 4.9756355732679358 4.0658923834562302 6.5282212197780618 4.8557614982128205 4.853055402636528 8.7782566398382098 4.6828353852033606 3.5668278783559799 3.4449650943279293
leaf_count=22 26 15 17 16 16 22 17 27 20 21 36 20 15 15
internal_value=0 0.0115523 0.0157002 -0.00721588 -0.00269051 -0.007135 0.00336622 0.0142113 0.0226618 -0.00897703 0.0276547 -0.0212846 -0.0222576 -0.0279073
internal_weight=71.6891 27.3463 23.7934 44.3428 36.1682 32.3131 19.2096 10.2907 17.7218 8.91895 13.634 13.1034 8.17461 8.4206
internal_count=305 114 99 191 154 138 81 43 73 38 56 57 37 37
is_linear=0
shrinkage=0.035


end of trees

feature_importances:
Column_18=47
Column_17=28
Column_8=21
Column_4=18
Column_10=18
Column_23=17
Column_0=16
Column_1=16
Column_2=15
Column_16=15
Column_15=10
Column_5=8
Column_19=7
Column_14=6
Column_9=5
Column_13=5
Column_12=4
Column_20=4
Column_21=4

parameters:
[boosting: gbdt]
[objective: binary]
[metric: binary_logloss]
[tree_learner: serial]
[device_type: cpu]
[data_sample_strategy: bagging]
[data: ]
[valid: ]
[num_iterations: 600]
[learning_rate: 0.035]
[num_leaves: 48]
[num_threads: 0]
[seed: 42]
[deterministic: 0]
[force_col_wise: 0]
[force_row_wise: 0]
[histogram_pool_size: -1]
[max_depth: 8]
[min_data_in_leaf: 15]
[min_sum_hessian_in_leaf: 0.001]
[bagging_fraction: 1]
[pos_bagging_fraction: 1]
[neg_bagging_fraction: 1]
[bagging_freq: 0]
[bagging_seed: 400]
[bagging_by_query: 0]
[feature_fraction: 1]
[feature_fraction_bynode: 1]
[feature_fraction_seed: 30056]
[extra_trees: 0]
[extra_seed: 12879]
[early_stopping_round: 0]
[early_stopping_min_delta: 0]
[first_metric_only: 0]
[max_delta_step: 0]
[lambda_l1: 0.15]
[lambda_l2: 2]
[linear_lambda: 0]
[min_gain_to_split: 0]
[drop_rate: 0.1]
[max_drop: 50]
[skip_drop: 0.5]
[xgboost_dart_mode: 0]
[uniform_drop: 0]
[drop_seed: 17869]
[top_rate: 0.2]
[other_rate: 0.1]
[min_data_per_group: 100]
[max_cat_threshold: 32]
[cat_l2: 10]
[cat_smooth: 10]
[max_cat_to_onehot: 4]
[top_k: 20]
[monotone_constraints: ]
[monotone_constraints_method: basic]
[monotone_penalty: 0]
[feature_contri: ]
[forcedsplits_filename: ]
[refit_decay_rate: 0.9]
[cegb_tradeoff: 1]
[cegb_penalty_split: 0]
[cegb_penalty_feature_lazy: ]
[cegb_penalty_feature_coupled: ]
[path_smooth: 0]
[interaction_constraints: ]
[verbosity: -1]
[saved_feature_importance_type: 0]
[use_quantized_grad: 0]
[num_grad_quant_bins: 4]
[quant_train_renew_leaf: 0]
[stochastic_rounding: 1]
[linear_tree: 0]
[max_bin: 255]
[max_bin_by_feature: ]
[min_data_in_bin: 3]
[bin_construct_sample_cnt: 200000]
[data_random_seed: 175]
[is_enable_sparse: 1]
[enable_bundle: 1]
[use_missing: 1]
[zero_as_missing: 0]
[feature_pre_filter: 1]
[pre_partition: 0]
[two_round: 0]
[header: 0]
[label_column: ]
[weight_column: ]
[group_column: ]
[ignore_column: ]
[categorical_feature: ]
[forcedbins_filename: ]
[precise_float_parser: 0]
[parser_config_file: ]
[objective_seed: 16083]
[num_class: 1]
[is_unbalance: 0]
[scale_pos_weight: 1]
[sigmoid: 1]
[boost_from_average: 1]
[reg_sqrt: 0]
[alpha: 0.9]
[fair_c: 1]
[poisson_max_delta_step: 0.7]
[tweedie_variance_power: 1.5]
[lambdarank_truncation_level: 30]
[lambdarank_norm: 1]
[label_gain: ]
[lambdarank_position_bias_regularization: 0]
[eval_at: ]
[multi_error_top_k: 1]
[auc_mu_weights: ]
[num_machines: 1]
[local_listen_port: 12400]
[time_out: 120]
[machine_list_filename: ]
[machines: ]
[gpu_platform_id: -1]
[gpu_device_id: -1]
[gpu_device_id_list: ]
[gpu_use_dp: 0]
[num_gpu: 1]

end of parameters

pandas_categorical:null
