tree
version=v4
num_class=3
num_tree_per_iteration=3
label_index=0
max_feature_idx=23
objective=multiclass num_class:3
feature_names=Column_0 Column_1 Column_2 Column_3 Column_4 Column_5 Column_6 Column_7 Column_8 Column_9 Column_10 Column_11 Column_12 Column_13 Column_14 Column_15 Column_16 Column_17 Column_18 Column_19 Column_20 Column_21 Column_22 Column_23
feature_infos=[-1.8387817015416545:1.2714252657499681] [-1.3605418401815135:1.5563619551101868] [-2.6793551538510014:1.3242789840872766] [-0.96225044864937515:1.0392304845413249] [-2.1292347661136741:2.4227814530686373] [-2.0257905245525083:2.142282831160907] [-4.4700321655396094:3.1115266110087685] [-3.0243084674437855:2.4924375676501165] [-2.7732839531318216:3.1621425638081915] [-2.6552594897720971:2.9422425298244317] [-4.6934196538546438:3.2595352489276794] [-3.7372940900763343:2.8007353438191669] [-2.9049364272836464:4.0986292187451063] [-3.3372838710869761:3.6637713619986512] [-4.2517328424229355:3.7546138550096231] [-4.0356736851235917:3.3536765101819284] [-2.8964150810890068:2.978788096843068] [-3.3204326389907743:3.59927042353746] [-2.6203488616375035:3.1280278511656294] [-0.6669719770419944:3.7928492153519673] [-0.68648198887879608:3.7980737173645958] [-5.6527525255373217:5.6972146476545253] [-0.80362744899398308:8.8886969429080569] [-1.1546429730032963:7.1879741912270365]
tree_sizes=1168 1350 1254 1283 1393 1481 1284 1289 1404 1286 1295 1486 1199 1410 1360 1295 1305 1280

Tree=0
num_leaves=10
num_cat=0
split_feature=18 14 11 5 19 1 9 14 11
split_gain=16.4673 7.4124 8.93344 4.62873 4.71432 4.03044 1.7505 1.3399 0.638795
threshold=-0.65979932772514516 0.81252259872416488 -0.75885845907949478 0.61398926739932169 -0.33248538761244717 -0.16726301483490877 -0.13638358095365916 1.3811407535196289 -1.0494375450304056
decision_type=2 2 2 2 2 2 2 2 2
left_child=5 2 8 4 -4 -1 -6 -3 -2
right_child=1 7 3 -5 6 -7 -8 -9 -10
leaf_value=-0.72022296047311296 -0.65761757439016344 -0.65328735019673456 -0.70305053473270918 -0.71328293006182586 -0.68685715699928251 -0.68867583061343396 -0.66745328266995951 -0.67675050153404448 -0.67675050153404448
leaf_weight=14.624134093523027 8.9994671344757098 12.3742673099041 10.874356120824816 8.6244893372058851 9.374444931745531 8.2495115399360639 10.12440052628517 7.1245781481266013 7.1245781481266013
leaf_count=39 24 33 29 23 25 22 27 19 19
internal_value=-0.685484 -0.677452 -0.684391 -0.693381 -0.6862 -0.710228 -0.676286 -0.660006 -0.663885
internal_weight=97.4942 74.6206 55.1217 38.9977 30.3732 22.8736 19.4988 19.4988 16.124
internal_count=260 199 147 104 81 61 52 52 43
is_linear=0
shrinkage=1


Tree=1
num_leaves=12
num_cat=0
split_feature=7 18 11 22 14 23 16 10 22 9 8
split_gain=9.57345 4.91189 2.85659 1.96876 1.78634 2.14028 3.30159 1.7497 1.69647 1.25665 0.734832
threshold=0.17540423291067794 -0.77597036877861114 0.11287879877323861 -0.6394620629522817 0.71606059032136293 -1.0858269684760153 -0.32483218432652017 0.33344806771531527 0.1583817132103861 1.1697002236188647 -0.6958846722028168
decision_type=2 2 2 2 2 2 2 2 2 2 2
left_child=1 -1 -2 7 5 -4 9 -3 10 -7 -5
right_child=2 3 4 8 -6 6 -8 -9 -10 -11 -12
leaf_value=-1.2117215872975837 -1.1982553473532611 -1.2197698154460626 -1.2364419335358694 -1.2381204865152724 -1.2371827520457177 -1.236171312136455 -1.1958101656060873 -1.2435115460908348 -1.232143554500347 -1.2160889758302393 -1.2571622936683808
leaf_weight=4.6544377505779257 6.5162128508090964 5.8956211507320386 4.6544377505779329 6.5162128508091 6.205917000770568 5.8956211507320457 6.2059170007705644 5.2750294506549835 7.1368045508861533 5.2750294506549835 16.445680052042011
leaf_count=15 21 19 15 21 20 19 20 17 23 17 53
internal_value=-1.22995 -1.24025 -1.21651 -1.24429 -1.22271 -1.21816 -1.21282 -1.23094 -1.24871 -1.22642 -1.25306
internal_weight=80.6769 45.9238 34.7531 41.2693 28.2369 22.031 17.3766 11.1707 30.0987 11.1707 22.9619
internal_count=260 148 112 133 91 71 56 36 97 36 74
is_linear=0
shrinkage=1


Tree=2
num_leaves=11
num_cat=0
split_feature=18 19 17 16 4 17 9 9 2 16
split_gain=8.61777 5.25147 3.65896 1.84604 2.36827 1.56381 2.88124 1.63714 1.39598 0.0737748
threshold=-0.55879521632327289 -0.10949432799274912 1.1127541535275853 0.5194400249984058 -0.46016215241349312 0.22413561612179836 -0.13638358095365916 -0.13638358095365916 1.0000000180025095e-35 -0.69123481337658399
decision_type=2 2 2 2 2 2 2 2 2 2
left_child=1 2 -1 4 8 6 -5 -7 -2 -6
right_child=3 -3 -4 5 9 7 -8 -9 -10 -11
leaf_value=-1.5497067641940558 -1.6022039555576393 -1.5994922880633715 -1.5893983335218136 -1.5631470800712932 -1.5969891496458135 -1.610057771474976 -1.5978897087462369 -1.5852288854577057 -1.5791346572621254 -1.6119757881812486
leaf_weight=8.7638164758682269 3.6515901982784289 4.6253475844860068 4.3819082379341117 3.8950295448303223 3.8950295448303267 4.6253475844860077 4.1384688913822192 4.6253475844860059 5.3556656241416931 15.33667883276939
leaf_count=36 15 19 18 16 16 19 17 19 22 63
internal_value=-1.59039 -1.57097 -1.56071 -1.59847 -1.6037 -1.58971 -1.5795 -1.59847 -1.58941 -1.6101
internal_weight=63.2942 17.7711 13.1457 45.5232 28.239 17.2842 8.0335 9.2507 9.00726 19.2317
internal_count=260 73 54 187 116 71 33 38 37 79
is_linear=0
shrinkage=1


Tree=3
num_leaves=11
num_cat=0
split_feature=18 17 14 5 1 11 9 4 18 14
split_gain=15.4379 7.09513 5.86749 7.20393 3.84431 3.39975 3.2395 2.54167 3.81139 2.33936
threshold=-0.65979932772514516 0.9218366637280121 0.81252259872416488 0.61398926739932169 -0.16726301483490877 -1.0494375450304056 -0.13638358095365916 -0.46016215241349312 0.36366616313602884 1.3811407535196289
decision_type=2 2 2 2 2 2 2 2 2 2
left_child=4 2 3 5 -1 -2 7 -7 -9 -4
right_child=1 -3 9 -5 -6 6 -8 8 -10 -11
leaf_value=-0.033724058532876501 0.027142509034012718 -0.024512917952593957 0.035721216042752163 -0.024038594696135659 -0.0029498656930353065 -0.018065978044365185 0.017232067314979994 0.021881566638296834 -0.0099247191639643545 0.0067935257900668799
leaf_weight=14.620247453451158 8.9931537210941297 5.623468041419982 11.614699572324755 7.1241120994091025 8.2497586607933027 7.4992641210555986 12.370136469602587 6.373416185379031 8.2491605877876264 6.7478377521038047
leaf_count=39 24 15 31 19 22 20 33 17 22 18
internal_value=0 0.00777407 0.0110971 0.00439691 -0.0239641 0.010023 0.00417262 -0.00373562 0.00458734 0.0270601
internal_weight=97.4653 74.5952 68.9718 50.6092 22.87 43.4851 34.492 22.1218 14.6226 18.3625
internal_count=260 199 184 135 61 116 92 59 39 49
is_linear=0
shrinkage=0.035


Tree=4
num_leaves=12
num_cat=0
split_feature=7 15 11 22 8 14 15 15 20 22 12
split_gain=8.98064 4.73444 2.71814 2.13747 2.15409 1.6925 2.79006 2.66765 1.79643 1.41636 2.12549
threshold=0.17540423291067794 0.26753613449550534 0.11287879877323861 0.1583817132103861 -0.89373222276748399 -0.44519358775852175 0.78913732475236575 0.78913732475236575 -0.20065512070242861 -0.6394620629522817 0.27260724545162129
decision_type=2 2 2 2 2 2 2 2 2 2 2
left_child=1 3 -2 4 -1 7 8 -4 -7 10 -6
right_child=2 -3 5 -5 9 6 -8 -9 -10 -11 -12
leaf_value=0.00094624242728628494 0.030620628620457512 0.010670110290680606 -0.00081744537493986689 0.0027999701985690515 0.0059014001724445068 -0.002806005361597164 -0.01440903451167547 0.029809339903052963 0.023215243202482909 -0.02884965291618366 -0.022055369666935481
leaf_weight=4.955143302679061 6.6199269592761985 9.0079274475574476 5.6256598234176654 5.5742265582084647 4.963855564594267 4.9842393100261706 7.4659376740455619 5.6368088722229004 4.6763205230236053 16.523453503847129 4.6110571324825287
leaf_count=16 21 29 18 18 16 16 24 18 15 54 15
internal_value=0 -0.0100369 0.0129459 -0.0155541 -0.0189776 0.00690758 -5.2306e-05 0.016299 0.0111611 -0.0227454 -0.00859296
internal_weight=80.6446 45.6357 35.0089 36.6277 31.0535 28.389 17.1265 11.2625 9.66056 26.0984 9.57491
internal_count=260 148 112 119 101 91 55 36 31 85 31
is_linear=0
shrinkage=0.035


Tree=5
num_leaves=13
num_cat=0
split_feature=18 19 7 6 23 12 18 8 20 9 11 15
split_gain=8.03423 4.90405 3.50045 1.79753 1.46194 1.94848 3.56084 3.19064 0.655353 0.369832 0.259991 0.068793
threshold=-0.55879521632327289 -0.10949432799274912 0.17540423291067794 1.4391239397113327 -0.88996603251375517 0.093028639143191483 0.18536750446846603 -0.10234202050881573 -0.20065512070242861 1.3562836242720824 0.54874742769960549 -0.25406505576135491
decision_type=2 2 2 2 2 2 2 2 2 2 2 2
left_child=1 2 -1 4 8 6 11 -8 -2 -4 -7 -6
right_child=3 -3 9 -5 5 10 7 -9 -10 -11 -12 -13
leaf_value=0 -0.005479883764076615 -0.0090430221600706767 0.045285247608405785 0.011051791798817351 -0.0054553577233822752 -0.023038003474025855 -0.0073898654043927595 0.029704525346027189 0.011263345260016324 0.014431998927892518 -0.0054653515520443237 -0.020531314064797294
leaf_weight=3.722407370805743 3.6277290880680084 4.6122158765792838 5.7343154400587064 3.6567458212375632 3.6236751377582559 13.98126918077469 4.1169868111610413 3.6492301523685446 3.6331226527690879 3.9964489340782166 3.625318616628646 5.318061277270318
leaf_count=15 15 19 23 15 15 58 17 15 15 16 15 22
internal_value=0 0.018547 0.0282917 -0.00788912 -0.0101063 -0.013025 -0.00339826 0.0120163 0.00295421 0.0376822 -0.020614 -0.0170155
internal_weight=63.2975 18.0654 13.4532 45.2321 41.5754 34.3145 16.708 7.76622 7.26085 9.73076 17.6066 8.94174
internal_count=260 73 54 187 172 142 69 32 30 39 73 37
is_linear=0
shrinkage=0.035


Tree=6
num_leaves=11
num_cat=0
split_feature=18 17 14 5 1 11 9 4 18 14
split_gain=14.5033 6.76795 5.5771 6.85924 3.65957 3.25845 3.08871 2.45327 3.64037 2.23775
threshold=-0.65979932772514516 0.9218366637280121 0.81252259872416488 0.61398926739932169 -0.16726301483490877 -1.0494375450304056 -0.13638358095365916 -0.46016215241349312 0.36366616313602884 1.3811407535196289
decision_type=2 2 2 2 2 2 2 2 2 2
left_child=4 2 3 5 -1 -2 7 -7 -9 -4
right_child=1 -3 9 -5 -6 6 -8 8 -10 -11
leaf_value=-0.03279136788622683 0.026495146175236611 -0.024014082408158149 0.034817159607613696 -0.023514017684131309 -0.0027744568253204632 -0.01778904351012079 0.016762840568035734 0.021380933763242876 -0.0097049042158741123 0.0065394225601309586
leaf_weight=14.599819093942644 8.9809896647930128 5.6211315393447867 11.590473353862764 7.1202923059463492 8.2493397891521436 7.4989621639251665 12.362816691398622 6.3687277138233211 8.2484241127967817 6.745449721813201
leaf_count=39 24 15 31 19 22 20 33 17 22 18
internal_value=0 0.007514 0.0107643 0.00423151 -0.023261 0.00972721 0.00400246 -0.00371147 0.00446654 0.0263387
internal_weight=97.3864 74.5373 68.9161 50.5802 22.8492 43.4599 34.4789 22.1161 14.6172 18.3359
internal_count=260 199 184 135 61 116 92 59 39 49
is_linear=0
shrinkage=0.035


Tree=7
num_leaves=11
num_cat=0
split_feature=7 15 11 22 8 18 14 15 13 20
split_gain=8.46386 4.50923 2.57995 2.07548 2.07511 1.77776 1.58407 2.70221 2.52167 1.71405
threshold=0.17540423291067794 0.26753613449550534 0.11287879877323861 0.1583817132103861 -0.49803712163814978 0.13645938832057816 -0.44519358775852175 0.78913732475236575 0.57163863405249926 -0.20065512070242861
decision_type=2 2 2 2 2 2 2 2 2 2
left_child=1 3 -2 4 5 -1 8 9 -4 -8
right_child=2 -3 6 -5 -6 -7 7 -9 -10 -11
leaf_value=-0.016945243922775122 0.029624724002563722 0.010338512881185015 -0.00092478407796413005 0.0028252133193627954 -0.02465197759981317 0.00784118215269166 -0.002759009613698364 -0.014268712311620919 0.028693697607754736 0.022602626643040868
leaf_weight=4.6417034566402418 6.7157350480556479 9.0609947144985181 5.6395956873893756 5.5704509615898123 20.557673960924152 5.5224858522415161 4.9768731296062487 7.4329464733600608 5.7336634695529938 4.7265914082527161
leaf_count=15 21 29 18 18 68 18 16 24 18 15
internal_value=0 -0.0097862 0.012518 -0.0152253 -0.0186313 -0.0039715 0.00663841 -9.44077e-05 0.0156725 0.0108976
internal_weight=80.5787 45.3533 35.2254 36.2923 30.7219 10.1642 28.5097 17.1364 11.3733 9.70346
internal_count=260 148 112 119 101 33 91 55 36 31
is_linear=0
shrinkage=0.035


Tree=8
num_leaves=12
num_cat=0
split_feature=18 19 17 16 4 17 9 9 2 1 16
split_gain=7.49862 4.60265 3.38807 1.77528 2.26211 1.54968 2.69134 1.57601 1.33678 0.0903743 0.655328
threshold=-0.55879521632327289 -0.10949432799274912 1.1127541535275853 0.5194400249984058 -0.46016215241349312 0.22413561612179836 -0.13638358095365916 -0.13638358095365916 -1.0000000180025095e-35 0.36308312976358226 -0.05323944781453864
decision_type=2 2 2 2 2 2 2 2 2 2 2
left_child=1 2 -1 4 8 6 -5 -7 -2 -6 -11
right_child=3 -3 -4 5 9 7 -8 -9 -10 10 -12
leaf_value=0.037363593366401916 -0.011587813325896821 -0.0089906183886189692 0.00017242351283771823 0.026611839341981733 -0.023662139619307548 -0.019397255418866503 -0.007055251761170429 0.0050169012461582308 0.011013375939748186 -0.00011902956061275186 -0.01843524196859217
leaf_weight=9.2224932909011859 3.6044488400220871 4.6004792600870124 4.5116915404796591 3.9506900906562805 9.7314053475856799 4.533344641327858 4.0524292290210742 4.6459780335426313 5.3903341442346591 5.0155007243156433 3.9966465532779676
leaf_count=36 15 19 18 16 41 19 17 19 22 21 17
internal_value=0 0.0177575 0.0270548 -0.0076886 -0.0128799 0.000887304 0.0110373 -0.00788391 0.00101859 -0.0192578 -0.0105915
internal_weight=63.2554 18.3347 13.7342 44.9208 27.7383 17.1824 8.00312 9.17932 8.99478 18.7436 9.01215
internal_count=260 73 54 187 116 71 33 38 37 79 38
is_linear=0
shrinkage=0.035


Tree=9
num_leaves=11
num_cat=0
split_feature=18 17 14 5 1 22 22 14 23 4
split_gain=13.6465 6.461 5.34052 6.54745 3.4748 3.14131 3.89106 2.15648 2.05366 1.27741
threshold=-0.65979932772514516 0.9218366637280121 0.81252259872416488 0.61398926739932169 -0.16726301483490877 0.37836333050626575 -0.6394620629522817 1.3811407535196289 -0.88996603251375517 -0.46016215241349312
decision_type=2 2 2 2 2 2 2 2 2 2
left_child=4 2 3 5 -1 6 -2 -4 -8 -10
right_child=1 -3 7 -5 -6 -7 8 -9 9 -11
leaf_value=-0.031899277086023255 -0.0049463564674202534 -0.023528156994430144 0.034047176045553094 -0.023043482258839912 -0.0026390145068603669 -0.010496357468155013 0.0035763805405471978 0.0063063149696312906 0.0095112024298988559 0.032718663708410402
leaf_weight=14.562424540519716 9.3640944361686653 5.6160110831260672 11.556943714618685 7.1140931844711295 8.2479066848754865 6.3670853376388541 8.6094436049461347 6.7418329119682303 7.4864225685596457 11.592536956071863
leaf_count=39 25 15 31 19 22 17 23 18 20 31
internal_value=0 0.00727757 0.0104585 0.00406587 -0.0225964 0.00944231 0.0133651 0.0257136 0.0196508 0.0256278
internal_weight=97.2588 74.4485 68.8325 50.5337 22.8103 43.4196 37.0525 18.2988 27.6884 19.079
internal_count=260 199 184 135 61 116 99 49 74 51
is_linear=0
shrinkage=0.035


Tree=10
num_leaves=11
num_cat=0
split_feature=7 18 22 15 22 14 8 12 22 8
split_gain=7.95693 4.35006 2.53948 2.61727 1.95594 1.95405 1.97777 1.62337 1.54432 0.670173
threshold=0.17540423291067794 -0.77597036877861114 1.0000000180025095e-35 0.054777754259154432 -0.6394620629522817 -0.53794551891506193 1.0000000180025095e-35 0.27260724545162129 0.1583817132103861 -0.6958846722028168
decision_type=2 2 2 2 2 2 2 2 2 2
left_child=1 -1 -2 -4 7 -5 -7 -3 9 -6
right_child=2 4 3 5 8 6 -8 -9 -10 -11
leaf_value=0.01701828072326033 -0.0034396099466584462 0.010429061552739994 0.034809971715068853 0.021434704797794177 -0.00778190268391635 -0.011935509623439736 0.011644300662881446 -0.012630450592814436 -0.0020792327707290104 -0.026204122314287769
leaf_weight=4.7606681287288657 8.5484632253646833 5.8641433715820295 6.0595116615295437 7.3655672669410732 6.4428091347217586 6.2791546583175641 7.1735950410366058 5.1069619059562683 7.115352898836135 15.755763500928881
leaf_count=15 27 19 19 23 21 20 23 17 23 53
internal_value=0 -0.00951993 0.0121044 0.0171257 -0.0134368 0.00914845 0.000178232 -0.00019262 -0.0178971 -0.0221594
internal_weight=80.472 45.0457 35.4263 26.8778 40.285 20.8183 13.4527 10.9711 29.3139 22.1986
internal_count=260 148 112 85 133 66 43 36 97 74
is_linear=0
shrinkage=0.035


Tree=11
num_leaves=13
num_cat=0
split_feature=18 19 7 16 4 17 9 9 2 9 1 16
split_gain=6.98029 4.30773 3.1974 1.7138 2.18062 1.52139 2.54527 1.52582 1.27671 0.454197 0.101379 0.648651
threshold=-0.55879521632327289 -0.10949432799274912 0.17540423291067794 0.5194400249984058 -0.46016215241349312 0.22413561612179836 -0.13638358095365916 -0.13638358095365916 -1.0000000180025095e-35 1.3562836242720824 0.36308312976358226 -0.05323944781453864
decision_type=2 2 2 2 2 2 2 2 2 2 2 2
left_child=1 2 -1 4 8 6 -5 -7 -2 -4 -6 -12
right_child=3 -3 9 5 10 7 -8 -9 -10 -11 11 -13
leaf_value=-0.00056399205125269765 -0.011427728218057362 -0.0089406681966722884 0.041864441743153166 0.025909349649986483 -0.023427033105048588 -0.019230313991236331 -0.006820849048290255 0.0048182168951080451 0.010665106100601788 0.012943735388581691 0 -0.018189723357676216
leaf_weight=3.8123087435960796 3.5708805173635483 4.5891394168138495 6.0508466362953168 4.0135742127895355 9.5429752618074435 4.4761471003293991 4.0070816427469271 4.6749828755855543 5.4408821314573306 4.1603589653968811 4.9868762195110321 3.921481251716612
leaf_count=15 15 19 23 16 41 19 17 19 22 16 21 17
internal_value=0 0.016948 0.0258061 -0.00750998 -0.0126492 0.000897547 0.0109359 -0.00781327 0.000948557 0.0345611 -0.0189905 -0.0103327
internal_weight=63.2475 18.6127 14.0235 44.6349 27.4631 17.1718 8.02066 9.15113 9.01176 10.2112 18.4513 8.90836
internal_count=260 73 54 187 116 71 33 38 37 39 79 38
is_linear=0
shrinkage=0.035


Tree=12
num_leaves=10
num_cat=0
split_feature=18 14 11 5 19 1 7 14 14
split_gain=12.808 6.20345 7.69611 3.73962 4.10838 3.34037 1.55993 1.0757 0.522025
threshold=-0.65979932772514516 0.81252259872416488 -0.75885845907949478 0.61398926739932169 -0.33248538761244717 -0.16726301483490877 -0.26593544989683421 1.3811407535196289 -0.38636236285351611
decision_type=2 2 2 2 2 2 2 2 2
left_child=5 2 8 4 -4 -1 -6 -3 -2
right_child=1 7 3 -5 6 -7 -8 -9 -10
leaf_value=-0.031072923569830695 0.026786646907423061 0.029129309018765259 -0.016842871855312084 -0.025569269082129382 -0.002363221545445663 -0.0024105027862390584 0.015970788615352258 0.007886990681581876 0.0092916188246255672
leaf_weight=14.512380957603456 7.4645301699638393 12.262655735015871 10.858090221881868 8.5982642471790296 8.605159133672716 8.2457765042781812 10.850849092006682 7.1130632162094107 8.5905391275882703
leaf_count=39 20 33 29 23 23 22 29 19 23
internal_value=-6.60309e-06 0.00703575 0.000689782 -0.00764148 -0.00112617 -0.0219336 0.00815277 0.0230442 0.0197826
internal_weight=97.1013 74.3432 54.9674 38.9124 30.3141 22.7582 19.456 19.3757 16.0551
internal_count=260 199 147 104 81 61 52 52 43
is_linear=0
shrinkage=0.035


Tree=13
num_leaves=12
num_cat=0
split_feature=7 15 11 22 8 22 12 14 15 12 20
split_gain=7.54799 4.1958 2.48397 1.94439 1.96558 1.38966 1.99222 1.38603 2.58972 2.40371 1.5991
threshold=0.17540423291067794 0.26753613449550534 0.11287879877323861 0.1583817132103861 -0.89373222276748399 -0.6394620629522817 0.27260724545162129 -0.44519358775852175 0.78913732475236575 -1.0243493556648142 -0.20065512070242861
decision_type=2 2 2 2 2 2 2 2 2 2 2
left_child=1 3 -2 4 -1 6 -6 9 10 -4 -9
right_child=2 -3 7 -5 5 -7 -8 8 -10 -11 -12
leaf_value=0.00092563722820272244 0.028381812493805145 0.010005774461444662 -0.00026892643262297554 0.0027590952972445359 0.0060393499582808039 -0.027881811802012421 -0.021177073007548387 -0.0027201482622738666 -0.014149015244196183 0.028352999302963013 0.02169028618314162
leaf_weight=4.9553867578506461 6.8323615491390219 9.1082040667533857 6.4183636903762817 5.5779389739036551 4.9472824037075043 15.764856785535816 4.4246000349521637 4.967879533767702 7.4017942249774924 5.1737267971038836 4.7987975478172302
leaf_count=16 21 29 20 18 16 54 15 16 24 16 15
internal_value=1.97679e-05 -0.00930284 0.0117588 -0.0146421 -0.0180021 -0.0217201 -0.00781288 0.00605063 -0.000235383 0.0144115 0.0104757
internal_weight=80.3712 44.7783 35.5929 35.6701 30.0921 25.1367 9.37188 28.7606 17.1685 11.5921 9.76668
internal_count=260 148 112 119 101 85 31 91 55 36 31
is_linear=0
shrinkage=0.035


Tree=14
num_leaves=12
num_cat=0
split_feature=18 19 17 16 4 17 9 9 2 1 16
split_gain=6.55142 4.06612 3.14975 1.66805 2.10673 1.49369 2.42459 1.47058 1.23064 0.109485 0.640745
threshold=-0.55879521632327289 -0.10949432799274912 1.1127541535275853 0.5194400249984058 -0.46016215241349312 0.22413561612179836 -0.13638358095365916 -0.13638358095365916 1.0000000180025095e-35 0.36308312976358226 -0.05323944781453864
decision_type=2 2 2 2 2 2 2 2 2 2 2
left_child=1 2 -1 4 8 6 -5 -7 -2 -6 -11
right_child=3 -3 -4 5 9 7 -8 -9 -10 10 -12
leaf_value=0.034493566127170132 -0.011312963855111224 -0.0088844548502092797 0 0.025340476770520141 -0.023212421289933186 -0.019030721370954382 -0.006607635940719286 0.004613338200724279 0.010379119358901802 0 -0.017970623148791186
leaf_weight=9.6380936652421969 3.5468587875366229 4.5763762891292563 4.6261621415615073 4.064851313829422 9.3692109584808367 4.4076246917247772 3.9657972306013125 4.7046471983194333 5.4827905595302582 4.9644099324941635 3.8541585654020292
leaf_count=36 15 19 18 16 41 19 17 19 22 21 17
internal_value=0 0.0162847 0.024782 -0.00734155 -0.0124451 0.000940582 0.0108683 -0.00771768 0.000876126 -0.0187502 -0.0101094
internal_weight=63.201 18.8406 14.2643 44.3603 27.2174 17.1429 8.03065 9.11227 9.02965 18.1878 8.81857
internal_count=260 73 54 187 116 71 33 38 37 79 38
is_linear=0
shrinkage=0.035


Tree=15
num_leaves=11
num_cat=0
split_feature=18 17 14 5 1 11 18 10 18 14
split_gain=12.0953 5.98866 4.91992 5.92998 3.20733 2.99202 2.9519 3.13555 2.83285 2.00866
threshold=-0.65979932772514516 0.9218366637280121 0.81252259872416488 0.61398926739932169 -0.16726301483490877 -1.0494375450304056 -0.33738752763750685 -0.29892974800457295 0.24490249018808172 1.3811407535196289
decision_type=2 2 2 2 2 2 2 2 2 2
left_child=4 2 3 5 -1 -2 -7 -8 -9 -4
right_child=1 -3 9 -5 -6 6 7 8 -10 -11
leaf_value=-0.030327313589837025 0.025000791237700343 -0.022835656271684907 0.032670823029115031 -0.022044509935681796 -0.002244376396721101 0.022891459149443134 -0.014951888574410089 0.023481566177296402 -0.0027573602325619713 0.005904343498015786
leaf_weight=14.452148973941805 8.9232435524463636 5.5991267561912528 11.464496463537218 7.0918801426887503 8.2428332567214948 5.6047778129577592 10.852453291416166 5.9680874049663641 11.979641437530516 6.7322985231876364
leaf_count=39 24 15 31 19 22 15 29 16 32 18
internal_value=-8.88339e-06 0.00683662 0.00991039 0.003775 -0.021348 0.00890311 0.0034397 -0.00141597 0.00718409 0.0245932
internal_weight=96.911 74.216 68.6169 50.4201 22.695 43.3282 34.405 28.8002 17.9477 18.1968
internal_count=260 199 184 135 61 116 92 77 48 49
is_linear=0
shrinkage=0.035


Tree=16
num_leaves=11
num_cat=0
split_feature=7 15 22 23 2 0 22 8 18 19
split_gain=7.12763 4.0126 2.40712 2.53271 3.03409 2.38507 1.88094 1.94283 1.78744 0.0119744
threshold=0.17540423291067794 0.26753613449550534 1.0000000180025095e-35 -1.0858269684760153 -1.0111742630433855 -1.1723087799791638 0.1583817132103861 -0.49803712163814978 0.13645938832057816 -0.10949432799274912
decision_type=2 2 2 2 2 2 2 2 2 2
left_child=1 6 -2 -4 -5 -6 7 8 -1 -7
right_child=2 -3 3 4 5 9 -8 -9 -10 -11
leaf_value=-0.016650224027541728 -0.0036597951711949601 0.0097448063525131454 -0.0039263289283260668 -0.0021345201817664161 0.0042219805229390499 0.041018376734788267 0.0027347645164621085 -0.023665913057235602 0.0082967221460643805 0.015902340235489455
leaf_weight=4.5865544676780683 8.5818402171134931 9.1477991640567762 5.1129264831542995 4.7492859661579159 5.2676890790462556 7.1922330558300063 5.5806310176849356 19.710696429014209 5.4615966379642487 4.8524346649646661
leaf_count=15 27 29 16 15 17 22 18 68 18 15
internal_value=4.18615e-05 -0.0090713 0.0113992 0.0162597 0.0210936 0.0272988 -0.0143436 -0.0176821 -0.00352841 0.0349791
internal_weight=80.2437 44.4873 35.7564 27.1746 22.0616 17.3124 35.3395 29.7588 10.0482 12.0447
internal_count=260 148 112 85 69 54 119 101 33 37
is_linear=0
shrinkage=0.035


Tree=17
num_leaves=11
num_cat=0
split_feature=18 19 17 23 22 17 11 15 12 14
split_gain=6.10546 3.8011 2.9473 1.6296 2.05455 1.88174 1.41135 3.35669 1.22556 0.275941
threshold=-0.55879521632327289 -0.10949432799274912 1.1127541535275853 -0.88996603251375517 -0.77736098722731073 -0.12696557122667698 -0.75885845907949478 -0.42793211918030832 -1.0000000180025095e-35 0.52313657351575904
decision_type=2 2 2 2 2 2 2 2 2 2
left_child=1 2 -1 8 -5 6 -6 -8 -2 -9
right_child=3 -3 -4 4 5 -7 7 9 -10 -11
leaf_value=0.03291420875723141 -0.0058654477940692853 -0.0088034776061372139 0 0.0097281720061900157 -0.01665770982762927 -0.022524392323013561 0.021227006606511795 -0.00089122213141217725 0.017111161214326393 -0.014679158022847827
leaf_weight=9.8747205287218112 3.7596289813518524 4.5581224709749213 4.6576380282640448 3.8528441935777655 6.0235707610845557 13.282317847013472 4.5960656702518436 3.9255829900503194 3.6668364256620398 4.9789170920848846
leaf_count=36 16 19 18 16 26 57 19 16 15 22
internal_value=0 0.0155594 0.023659 -0.00717617 -0.0101891 -0.0131036 -0.00495329 0.0014057 0.00614582 -0.0103605
internal_weight=63.1762 19.0905 14.5324 44.0858 36.6593 32.8065 19.5241 13.5006 7.42647 8.9045
internal_count=260 73 54 187 156 140 83 57 31 38
is_linear=0
shrinkage=0.035


end of trees

feature_importances:
Column_18=21
Column_14=19
Column_22=15
Column_9=14
Column_17=13
Column_11=12
Column_15=11
Column_1=9
Column_7=9
Column_16=9
Column_19=9
Column_8=8
Column_4=7
Column_5=6
Column_12=6
Column_2=5
Column_23=5
Column_20=4
Column_10=2
Column_0=1
Column_6=1
Column_13=1

parameters:
[boosting: gbdt]
[objective: multiclass]
[metric: multi_logloss]
[tree_learner: serial]
[device_type: cpu]
[data_sample_strategy: bagging]
[data: ]
[valid: ]
[num_iterations: 600]
[learning_rate: 0.035]
[num_leaves: 48]
[num_threads: 0]
[seed: 42]
[deterministic: 0]
[force_col_wise: 0]
[force_row_wise: 0]
[histogram_pool_size: -1]
[max_depth: 8]
[min_data_in_leaf: 15]
[min_sum_hessian_in_leaf: 0.001]
[bagging_fraction: 1]
[pos_bagging_fraction: 1]
[neg_bagging_fraction: 1]
[bagging_freq: 0]
[bagging_seed: 400]
[bagging_by_query: 0]
[feature_fraction: 1]
[feature_fraction_bynode: 1]
[feature_fraction_seed: 30056]
[extra_trees: 0]
[extra_seed: 12879]
[early_stopping_round: 0]
[early_stopping_min_delta: 0]
[first_metric_only: 0]
[max_delta_step: 0]
[lambda_l1: 0.15]
[lambda_l2: 2]
[linear_lambda: 0]
[min_gain_to_split: 0]
[drop_rate: 0.1]
[max_drop: 50]
[skip_drop: 0.5]
[xgboost_dart_mode: 0]
[uniform_drop: 0]
[drop_seed: 17869]
[top_rate: 0.2]
[other_rate: 0.1]
[min_data_per_group: 100]
[max_cat_threshold: 32]
[cat_l2: 10]
[cat_smooth: 10]
[max_cat_to_onehot: 4]
[top_k: 20]
[monotone_constraints: ]
[monotone_constraints_method: basic]
[monotone_penalty: 0]
[feature_contri: ]
[forcedsplits_filename: ]
[refit_decay_rate: 0.9]
[cegb_tradeoff: 1]
[cegb_penalty_split: 0]
[cegb_penalty_feature_lazy: ]
[cegb_penalty_feature_coupled: ]
[path_smooth: 0]
[interaction_constraints: ]
[verbosity: -1]
[saved_feature_importance_type: 0]
[use_quantized_grad: 0]
[num_grad_quant_bins: 4]
[quant_train_renew_leaf: 0]
[stochastic_rounding: 1]
[linear_tree: 0]
[max_bin: 255]
[max_bin_by_feature: ]
[min_data_in_bin: 3]
[bin_construct_sample_cnt: 200000]
[data_random_seed: 175]
[is_enable_sparse: 1]
[enable_bundle: 1]
[use_missing: 1]
[zero_as_missing: 0]
[feature_pre_filter: 1]
[pre_partition: 0]
[two_round: 0]
[header: 0]
[label_column: ]
[weight_column: ]
[group_column: ]
[ignore_column: ]
[categorical_feature: ]
[forcedbins_filename: ]
[precise_float_parser: 0]
[parser_config_file: ]
[objective_seed: 16083]
[num_class: 3]
[is_unbalance: 0]
[scale_pos_weight: 1]
[sigmoid: 1]
[boost_from_average: 1]
[reg_sqrt: 0]
[alpha: 0.9]
[fair_c: 1]
[poisson_max_delta_step: 0.7]
[tweedie_variance_power: 1.5]
[lambdarank_truncation_level: 30]
[lambdarank_norm: 1]
[label_gain: ]
[lambdarank_position_bias_regularization: 0]
[eval_at: ]
[multi_error_top_k: 1]
[auc_mu_weights: ]
[num_machines: 1]
[local_listen_port: 12400]
[time_out: 120]
[machine_list_filename: ]
[machines: ]
[gpu_platform_id: -1]
[gpu_device_id: -1]
[gpu_device_id_list: ]
[gpu_use_dp: 0]
[num_gpu: 1]

end of parameters

pandas_categorical:null
