tree
version=v4
num_class=1
num_tree_per_iteration=1
label_index=0
max_feature_idx=42
objective=binary sigmoid:1
feature_names=Column_0 Column_1 Column_2 Column_3 Column_4 Column_5 Column_6 Column_7 Column_8 Column_9 Column_10 Column_11 Column_12 Column_13 Column_14 Column_15 Column_16 Column_17 Column_18 Column_19 Column_20 Column_21 Column_22 Column_23 Column_24 Column_25 Column_26 Column_27 Column_28 Column_29 Column_30 Column_31 Column_32 Column_33 Column_34 Column_35 Column_36 Column_37 Column_38 Column_39 Column_40 Column_41 Column_42
feature_infos=[-1.1128035972537034:11.595446522810629] [-0.98303365324565928:9.4909549367626695] [-1.2930251452934629:8.5500349457008475] [-1.1031080772508393:11.514762658866454] [-0.99292742368896991:9.6083738281350932] [-1.3114716890338687:8.6392747634368501] [-2.2484566926255152:6.3067457145409032] [-1.3379665635167757:7.2982661958385613] [-2.8127647030738889:4.6761890064732894] [-3.3150047669977352:3.5035404977805853] [-5.6370101226926925:1.7131931329213368] [-2.347163961852655:4.8972879584663653] [-1.298354481825124:3.5161301434539767] [-3.3028090885336052:3.5215289580186666] [-2.3159956513161126:5.0012551731458723] [-1.7230507476783787:1.6719702361514657] [-1.5870809011742688:1.4604151878516867] [-3.0585648840521347:0.92255625578746492] [-1.7441886631975787:0.57333247320086855] [-2.5315740432212812:2.0581249286764138] [-2.4582841224403698:5.2548784298988256] [-2.3051211750986997:3.6115527265068268] [-3.0156903583178623:4.2805207687646005] [-1.7176071408502178:3.0555536818180533] [-1.9558793160265586:5.291044389508893] [-2.5677183511646602:3.9685676677809889] [-3.4017133936681327:4.4851082187735356] [-3.0426008137206364:2.624144514273965] [-2.4066591683413123:4.9108650337270001] [-2.9898981261886619:4.294359675832653] [-3.779455023843326:3.9983034375036781] [-2.2274026851551638:3.9310031300026278] [-2.4299670241033566:6.5119688196056877] [-3.3279877452880053:3.9225338243352899] [-2.8193122456607145:5.501034445969772] [-3.0824337573267391:3.4447122379259394] [-2.8393893739868012:4.8883458349170725] [-1.5457702361046346:2.4936402554072039] [-1.07862924203259:2.857853858413967] [-1.1333042881928359:3.1327291424112382] [4:819] [4:819] [0:1]
tree_sizes=3582 3683 3831 3630 3316

Tree=0
num_leaves=34
num_cat=0
split_feature=14 12 40 26 12 15 36 12 33 38 33 28 27 34 0 14 26 26 16 13 22 25 28 31 20 26 29 22 26 15 25 29 30
split_gain=9.72984 7.28465 8.18372 5.14611 6.61928 8.19886 6.46761 4.59708 4.11332 3.72625 4.34279 4.31704 3.71771 3.54422 5.38296 3.4996 3.25345 2.99546 2.63915 2.54645 2.31346 2.15899 2.07544 3.63923 2.68591 3.19411 1.40737 1.29061 1.211 0.996149 0.918219 0.865391 0.639316
threshold=-0.76949403731984811 -0.93951427604393067 273.50000000000006 0.23835811976648413 0.0077210841092561567 -0.25967963395861815 1.3018841097591212 0.72817566860617966 -0.82483148910853421 -0.58656885447677021 0.91267224682191594 -0.81798615078700765 -0.20922814972333556 -0.33562666606952402 -1.0000000180025095e-35 0.86838356282156537 -0.14081599621628843 0.13724502217107792 -0.61742305466601022 -0.16021012313154659 -0.22596257443339171 1.3229280886839407 0.38555401402685946 -0.77577845729654149 -1.1233136806893549 -0.16609427061513996 -0.26697318590926544 -0.011368129519201402 0.23835811976648386 -1.0000000180025095e-35 -0.54458220244338773 -0.26697318590926544 0.91401990972814151
decision_type=2 2 2 2 2 2 2 2 2 2 2 2 2 2 2 2 2 2 2 2 2 2 2 2 2 2 2 2 2 2 2 2 2
left_child=12 2 20 4 9 -6 7 8 26 11 22 -3 -1 -10 30 -16 21 29 -12 -7 -2 31 24 -24 -11 -26 -5 -8 -27 -14 -15 -13 -25
right_child=1 3 -4 6 5 19 27 -9 13 10 18 16 17 14 15 -17 -18 -19 -20 -21 -22 -23 23 32 25 28 -28 -29 -30 -31 -32 -33 -34
leaf_value=1.0154696973682562 1.0074682078540595 1.0376619397034781 1.0261701897875128 1.0289643802782089 1.0314568459694615 1.0124652383051664 1.0372221802268524 1.0299519160216217 1.0200150640536636 1.0194440891395058 1.0015949298347033 1.0121607504863495 1.0267828457826527 0.96921580380186145 1.0279103408408761 0.99625577093752604 1.0311328144265699 1.0215454281218963 1.0274780669891597 0.97900320061837931 0.96961105126600899 1.0214176685802656 1.0428783773898134 1.0055619885688853 1.0522747852214087 1.0173226487819595 1.0091951986768861 1.0181985622588334 1.0366916896130229 1.0497461976970353 1.0021030306516725 0.99106991312618586 1.0200150640536636
leaf_weight=6.4296791553497341 4.0916140079498282 5.4554853439331081 4.870969057083129 4.4812915325164795 6.0400016307830837 4.6761302947998056 6.6245179176330566 4.6761302947998038 3.896775245666503 4.2864527702331499 5.0658078193664551 5.2606465816497829 4.0916140079498371 7.0141954421997053 4.2864527702331614 5.4554853439331055 3.8967752456665012 7.2090342044830313 6.0400016307830793 5.4554853439331028 5.0658078193664542 4.09161400794983 4.0916140079498291 3.8967752456665021 14.418068408966063 4.6761302947998136 5.4554853439331001 4.0916140079498273 3.8967752456665039 13.443874597549435 4.0916140079498309 6.2348403930664054 3.8967752456665039
leaf_count=33 21 28 25 23 31 24 34 24 20 22 26 27 21 36 22 28 20 37 31 28 26 21 21 20 74 24 28 21 20 69 21 32 20
internal_value=1.01944 1.01634 0.996821 1.01854 1.02272 1.00621 1.01092 1.00532 1.00153 1.02654 1.03115 1.01733 1.03434 0.995293 0.990675 1.00999 1.01046 1.03942 1.01543 0.99104 0.981897 1.00436 1.03574 1.02387 1.04021 1.04405 1.01871 1.03021 1.02679 1.0457 0.977351 0.998305 1.01236
internal_weight=186.656 155.481 14.0284 141.453 91.3794 16.1716 50.0736 39.3574 34.6813 75.2078 50.2684 24.9394 31.1742 24.7445 20.8477 9.74194 19.4839 24.7445 11.1058 10.1316 9.15742 15.5871 39.1626 11.8852 27.2774 22.991 9.93678 10.7161 8.57291 17.5355 11.1058 11.4955 7.79355
internal_count=958 798 72 726 469 83 257 202 178 386 258 128 160 127 107 50 100 127 57 52 47 80 201 61 140 118 51 55 44 90 57 59 40
is_linear=0
shrinkage=1


Tree=1
num_leaves=34
num_cat=0
split_feature=23 12 41 41 17 5 32 12 34 33 31 14 14 35 29 24 40 13 32 34 24 29 33 33 30 30 22 35 15 33 16 22 41
split_gain=9.68743 6.60347 8.63202 7.50306 6.08397 6.05999 8.75739 5.45829 7.30184 5.27519 4.6251 5.06021 5.21838 6.07187 4.88434 4.29596 3.69496 3.91315 3.63402 3.35974 3.28939 2.95638 2.79387 5.10547 2.4893 2.45617 2.37122 2.99443 2.04128 1.70342 1.27829 0.665997 0.27296
threshold=1.0000000180025095e-35 0.72817566860617966 451.00000000000006 386.50000000000006 -1.0000000180025095e-35 -0.50858745686275653 1.2461621560881395 -0.25367581294914404 0.30599210865819998 0.91267224682191594 -0.77577845729654149 1.0000000180025095e-35 -0.76949403731984811 0.89912529977739475 0.53082647812164041 -1.0000000180025095e-35 486.50000000000006 0.8344679934232726 -1.0000000180025095e-35 -0.397718805559304 -0.50649457491946837 -0.26697318590926544 0.33084026901263891 -0.82483148910853421 -0.89632042179228166 -0.76222113797595414 -0.22596257443339143 0.50749654006223421 -0.37674932305619901 1.0000000180025095e-35 0.21371224234106853 1.0000000180025095e-35 361.50000000000006
decision_type=2 2 2 2 2 2 2 2 2 2 2 2 2 2 2 2 2 2 2 2 2 2 2 2 2 2 2 2 2 2 2 2 2
left_child=9 2 3 4 7 6 -6 -2 -9 10 14 12 29 19 -1 -4 17 18 25 -14 21 -21 23 30 -13 -11 -25 -28 -3 -12 -7 -27 -26
right_child=1 28 15 -5 5 22 -8 8 -10 16 11 24 13 -15 -16 -17 -18 -19 -20 20 -22 -23 -24 26 32 31 27 -29 -30 -31 -32 -33 -34
leaf_value=0.028000751604096843 0.0033674453117887677 0 -0.0033231003533511611 0.02564945718148234 -0.039593792449412989 0.028345342832791557 0.0096279228665776088 -0.056515523254617339 -0.0077461440528175905 -0.0011861875156206837 0.025754766814641325 0 0.01939319690015685 -0.031806997029818262 -0.0013440396903329963 -0.040972915016878428 0.017143341426750839 0.012344703711970464 0.0062755347655610704 0 0.0088696570435996963 -0.02924302261304235 0.02385733321065998 0.0040779362558169335 0.03157026139482539 -0.037798717672793511 -0.032751359290900436 -0.0011841119504291562 0.025500409609463291 0.00042743750394849125 0.0031307671192367416 -0.011721159531929952 0.011453419946917516
leaf_weight=17.995354935526851 4.2943135499954215 4.2733323723077774 4.4983186274766931 4.884988769888877 6.2656264007091433 3.8933421224355644 4.4926731735467911 4.912764996290198 6.4306816756725311 4.096514165401465 5.0201804935932106 5.243287965655326 4.4592932164669064 5.863131344318389 6.2199396342039099 9.4235014915466273 3.8845350593328467 4.0520205348730078 3.910068258643153 5.2487191855907467 6.2353010773658815 5.2767254412174216 4.2625481486320487 6.8439292162656775 5.8214838951826078 5.6800366193056089 4.1307044923305778 6.2391460239887238 4.8604406267404539 4.6401145458221436 4.271949902176857 4.1102053076028824 4.8723796308040619
leaf_count=93 22 22 23 25 32 20 23 25 33 21 26 27 23 30 32 48 20 21 20 27 32 27 22 35 30 29 21 32 25 24 22 21 25
internal_value=0 -0.00749452 -0.0105177 -0.00518191 -0.00857247 -0.0019785 -0.0198864 -0.0235936 -0.0334687 0.00613368 0.0100476 0.00465447 -0.00145425 -0.00833238 0.0205912 -0.0307033 -0.00525072 -0.0103347 -0.0163675 0 -0.00654609 -0.0161446 0.00497323 0.000423956 0.0179959 -0.0231233 -0.00852587 -0.0168138 0.0147032 0.0158195 0.0183074 -0.0303939 0.025433
internal_weight=186.608 83.9783 74.8445 60.9227 56.0377 40.3999 10.7583 15.6378 11.3434 102.629 76.8959 52.6806 36.7435 27.0832 24.2153 13.9218 25.7334 21.8488 17.7968 21.22 16.7607 10.5254 29.6416 25.3791 15.9372 13.8868 17.2138 10.3699 9.13377 9.6603 8.16529 9.79024 10.6939
internal_count=958 430 383 312 287 207 55 80 58 528 396 271 189 139 125 71 132 112 91 109 86 54 152 130 82 71 88 53 47 50 42 50 55
is_linear=0
shrinkage=0.03


Tree=2
num_leaves=35
num_cat=0
split_feature=23 14 35 18 2 31 33 33 25 21 16 11 35 38 34 33 33 30 22 16 32 34 29 28 28 29 22 16 19 28 30 24 21 35
split_gain=9.1871 5.0377 5.73856 4.19987 4.17195 8.90711 5.4849 5.30398 4.19827 3.88226 3.57184 3.487 7.36515 3.24116 3.04476 3.03229 2.52336 2.79155 2.31711 2.24228 2.07372 2.0045 1.73407 2.54391 4.27095 2.74012 1.57429 1.56383 1.46354 1.30086 1.249 0.882283 0.831364 0.719258
threshold=1.0000000180025095e-35 -1.0217028538320019 0.69605853548064489 1.0000000180025095e-35 -0.48642037232998564 0.90882249849000785 0.59937810492461285 -0.82483148910853421 -1.1670856328191637 0.46831971627889085 0.76780244034578782 0.13506798975420309 0.50749654006223421 1.3816726957465086 0.036926170869154125 1.4049916126605344 0.59937810492461285 0.84697026781997786 -0.54785424180467657 0.49075734134342813 0.3803556696337716 0.30599210865819998 1.5020608517244827 1.0000000180025095e-35 -0.38471169145401557 -0.26697318590926544 0.31052353785208364 -0.34037795566365064 -0.84868442019212631 -0.81798615078700765 0.55003613936953832 -0.50649457491946837 1.0000000180025095e-35 0.50749654006223421
decision_type=2 2 2 2 2 2 2 2 2 2 2 2 2 2 2 2 2 2 2 2 2 2 2 2 2 2 2 2 2 2 2 2 2 2
left_child=1 33 13 9 5 27 7 20 -9 14 16 12 18 15 -2 22 17 -4 -10 -7 -6 -14 23 24 28 -26 -16 -5 -3 -30 -28 -25 -17 -1
right_child=3 2 10 4 6 19 -8 8 11 -11 -12 -13 21 -15 26 32 -18 -19 -20 -21 -22 -23 -24 31 25 -27 30 -29 29 -31 -32 -33 -34 -35
leaf_value=0.0097555985896839986 -0.045035992940475493 0.023681376378059737 -0.018248044615359345 -0.011425163952426045 0.024110233638003974 0.019033574214357994 0.029183263295285533 -0.032235068204443107 -0.0033465668894543882 0.001477987955682284 0.0061644959323481447 0.018078752721788639 0.023415082883444537 -0.0094289486250959884 -0.025797322112250852 -0.013473780995143233 -0.029873707297215713 0.011389893733558599 -0.03324495348495992 -0.0067917656268102061 0 -0.0025705981375251353 -0.0018429649526835467 0.012632980217045422 0.0070471873944938611 -0.022704658516894311 0.0064160972561705023 -0.044441743574944771 -0.0026539614384194347 0.015010353284013928 -0.013232832666725236 0.032846026693680003 0.0022526372211489239 0.029117717556088937
leaf_weight=6.5268875360488874 4.0035341680049958 9.4915886968374199 4.5032074898481387 4.1310809403657913 6.1818967610597593 4.3102857768535596 4.4100367426872245 4.1599607914686194 4.4960992932319677 6.2798587977886191 7.3778829723596564 4.0917158275842658 4.0878731161355963 7.3721757829189292 4.7169827520847312 3.9246189892292005 6.4774411320686331 3.864590659737587 6.5091598182916695 4.6911717802286148 5.0648944973945618 3.9117091447114944 5.4316189885139456 8.3513231724500638 4.0617908388376236 4.0910633355379158 3.9224589467048627 4.7546558976173419 5.9999091923236794 5.7943177074194026 4.505058541893959 7.1333463937044135 4.8939902633428574 7.0683694928884506
leaf_count=34 20 49 23 21 32 22 23 21 23 32 38 21 21 38 24 20 33 20 33 24 26 20 28 43 21 21 20 24 31 30 23 37 25 37
internal_value=0 0.00599635 0.00313515 -0.00727228 -0.00282547 -0.0144303 0.00220056 -0.00171836 -0.00892873 -0.0177076 -0.00952795 -0.00277722 -0.00855414 0.00756902 -0.0246091 0.00996636 -0.017544 -0.00430133 -0.0233766 0.00595551 0.0142796 0.0116773 0.012793 0.0146943 0.00847268 -0.00846881 -0.0140021 -0.0335367 0.0153552 0.00628738 -0.00389553 0.0243763 -0.005106 0.0221128
internal_weight=186.593 102.364 88.7689 84.2284 60.8005 17.8872 42.9133 38.5033 27.2565 23.4279 22.2231 23.0966 19.0048 66.5457 17.148 59.1736 14.8452 8.3678 11.0053 9.00146 11.2468 7.99958 50.355 44.9233 29.4387 8.15285 13.1445 8.88574 21.2858 11.7942 8.42752 15.4847 8.81861 13.5953
internal_count=958 528 457 430 311 91 220 197 139 119 114 118 97 343 87 305 76 43 56 46 58 41 260 232 152 42 67 45 110 61 43 80 45 71
is_linear=0
shrinkage=0.03


Tree=3
num_leaves=33
num_cat=0
split_feature=23 12 33 34 36 33 31 36 29 36 9 28 38 15 33 9 16 16 20 16 15 15 32 22 18 22 15 27 36 19 22 15
split_gain=8.75142 6.29416 6.27125 6.06622 8.72677 4.8857 4.45585 5.13879 4.72952 4.23063 4.00002 5.37368 3.92773 4.46784 6.38415 11.5316 3.56063 3.36009 3.28987 6.41984 4.78188 3.3309 3.07072 4.52021 3.02996 2.53391 2.3992 2.35116 2.32748 0.793417 0.70305 0.218349
threshold=1.0000000180025095e-35 0.72817566860617966 -0.82483148910853421 -0.45981094504908371 -0.19907984427797762 0.91267224682191594 -0.77577845729654149 1.0000000180025095e-35 0.53082647812164041 1.088876023872668 0.92063531775083607 -0.38471169145401557 1.3816726957465086 -1.0791674576416839 1.0000000180025095e-35 -1.0000000180025095e-35 0.21371224234106853 0.49075734134342813 -0.30749841073040179 -0.89446815366836985 -0.49381901215377982 -0.37674932305619901 0.25261372900935669 -0.011368129519201402 1.0000000180025095e-35 -0.22596257443339143 -1.0791674576416839 -1.0641250742052797 0.65565450458563268 -0.54270448873227994 -0.11866535197629645 1.0000000180025095e-35
decision_type=2 2 2 2 2 2 2 2 2 2 2 2 2 2 2 2 2 2 2 2 2 2 2 2 2 2 2 2 2 2 2 2
left_child=5 2 17 16 30 6 8 12 -1 10 11 27 13 -8 -15 31 -4 24 19 -7 -21 -20 -13 -24 -2 -19 -9 -6 -3 -28 -5 -16
right_child=1 28 3 4 9 18 7 26 -10 -11 -12 22 -14 14 15 -17 -18 25 21 20 -22 -23 23 -25 -26 -27 29 -29 -30 -31 -32 -33
leaf_value=0.027465090824992849 -0.0061571902979204295 0.025805038233774145 -0.013693936646204457 -0.057904602286041877 -0.017796717004084941 -0.040687088970772778 -0.021196526694780317 -0.0021365918732098367 -0.0014544464481689998 0.010728612941513466 0.0074655733617041871 -0.049931176578523452 -0.025733318206115734 0.025279370942815127 0.0057078358350192747 -0.03378531654103261 0.018506369622156942 0.0031759446213454369 -0.00827469417701375 0.019522055866043483 -0.017534474574315513 0.019640759467002986 0.0027388224149929715 -0.034443695370646787 0.021755428898943222 -0.021842667347950498 0.008554163291352123 0.0079309469978436822 -0.0013467689099394458 0.026227443799298287 -0.021034932349161373 0.022323548076734586
leaf_weight=17.69222462177277 4.1272589564323416 5.0281377434730512 3.9068673551082593 4.1979810148477554 4.0022118240594864 3.9465309381484976 4.7009776532650056 4.6736681312322643 6.2063459008932105 4.6996528953313819 4.1026258170604697 5.0169147253036561 4.2866148054599753 8.8153886198997515 3.8559135645628029 5.666271224617951 5.592693880200386 6.6446355134248734 6.30867038667202 4.4759045839309684 5.0902105718851116 5.9792819023132306 4.9419802874326662 4.3830159753561047 8.4522951990366 5.1088972985744459 7.1374717503786131 5.9406823664903623 4.0825720429420471 9.4335679709911311 4.1979351639747602 3.8317976891994476
leaf_count=93 21 26 20 21 20 20 24 24 32 24 21 25 22 46 20 29 29 34 32 23 26 31 25 22 44 26 37 30 21 49 21 20
internal_value=0 -0.00708994 -0.010026 -0.0158821 -0.0207233 0.0058595 0.0096563 0.00436637 0.0200762 -0.0124022 -0.0167786 -0.0213031 -0.00324895 0.00129741 0.00736171 -0.00542073 0.00465643 0.00222116 -0.00506264 -0.0146874 0 0.00553269 -0.0322175 -0.0165348 0.012491 -0.00848748 0.0152763 -0.00287599 0.0146023 0.0202891 -0.0460589 0.0169352
internal_weight=186.527 84.4264 75.3156 50.9826 41.483 102.101 76.3002 52.4017 23.8986 33.0871 28.3874 24.2848 31.157 26.8703 22.1694 13.354 9.49956 24.3331 25.8006 13.5126 9.56612 12.288 14.3419 9.325 12.5796 11.7535 21.2447 9.94289 9.11071 16.571 8.39592 7.68771
internal_count=958 430 383 258 209 528 396 271 125 167 143 122 161 139 115 69 49 125 132 69 49 63 72 47 65 60 110 50 47 86 42 40
is_linear=0
shrinkage=0.03


Tree=4
num_leaves=30
num_cat=0
split_feature=14 12 40 35 39 24 36 25 27 33 35 30 30 35 12 24 41 33 22 16 30 22 32 21 17 22 35 40 40
split_gain=8.49565 6.72315 7.26221 4.71511 5.4041 4.37397 3.74189 6.23936 3.42313 3.37398 2.82646 3.88142 5.43027 4.90819 4.79525 4.09558 5.99069 3.59899 3.025 2.50407 2.39854 2.05488 1.84114 1.70765 1.50073 1.26281 0.577912 0.176848 0.0875072
threshold=-0.76949403731984811 -0.93951427604393067 273.50000000000006 0.89912529977739475 -0.6000501093673265 -0.50649457491946837 1.3018841097591212 -1.1670856328191637 -0.20922814972333556 -0.82483148910853421 -1.4832829884898324 -0.49402257034329888 -1.0304197056086093 -0.66738973908324806 -0.15445521803375786 0.45976191915192505 353.00000000000006 0.91267224682191594 -0.54785424180467657 1.0448475393481476 0.24352349064650328 -0.22596257443339171 -0.54222501265366929 -0.64105664027214526 0.59079616080083175 -0.011368129519201402 -0.27576097936808708 305.50000000000006 466.50000000000006
decision_type=2 2 2 2 2 2 2 2 2 2 2 2 2 2 2 2 2 2 2 2 2 2 2 2 2 2 2 2 2
left_child=8 2 21 6 23 -6 7 9 -1 -3 -9 12 13 22 -14 17 27 24 -16 20 -10 -2 -12 -5 -13 -19 -8 -17 -22
right_child=1 3 -4 4 5 -7 26 10 19 -11 11 15 14 -15 18 16 -18 25 -20 -21 28 -23 -24 -25 -26 -27 -28 -29 -30
leaf_value=-0.0039787585566359628 -0.011242625014168643 0 0.006324879183159284 -0.03901087023501399 0.01783783671824583 -0.015385972790073331 0.006692273795293917 0.019787566209184478 0.00010462489780771476 -0.035426930781909352 0.0061153329610871528 0.016755578927799726 0.0046144749437251947 0.024226179133557131 -0.0077645932933675336 0.011865422329976472 -0.028259331822525081 -0.016250914062835298 -0.036651082382182412 -0.00058101267759405324 0.030936293636088946 -0.046693355533316543 -0.017443224350674816 -0.0076639322833363865 0.00089622329753890728 0.0035226669410454293 0.024923788664668049 0.00093975891738274796 0.011581307920359846
leaf_weight=6.426677048206332 4.1436847150325766 4.2844246178865433 4.8238718509674063 5.1691097170114517 5.3914207965135574 5.8703696727752668 5.7823287397623062 6.0018992573022834 3.8549258261919084 5.0592152774333936 3.8940955549478522 28.93497861921788 6.1841536164283744 6.2019159644842139 7.6376674920320502 3.9101120382547361 5.7677843868732452 4.1638004034757614 7.6961268484592393 4.2152943015098563 12.113097846508028 5.2468571066856375 5.0957851856946936 3.9434819370508212 7.7260155677795401 4.3081372827291471 4.6496370583772642 3.9239736795425415 3.9662892818450919
leaf_count=33 21 22 25 26 28 30 30 31 20 25 20 150 32 32 39 20 29 21 39 22 64 26 26 20 40 22 24 20 21
internal_value=-5.70835e-06 -0.00290647 -0.0215398 -0.000787817 -0.0136396 0.000276429 0.00146367 -0.000199331 0.0140336 -0.0218894 0.00202996 0.00056252 -0.00685733 0.00626193 -0.0161848 0.00535488 -0.00821701 0.0097065 -0.0245933 0.0190134 0.0231874 -0.0353043 -0.00725128 -0.0290114 0.0137372 -0.00657664 0.0174328 0.00806619 0.0278989
internal_weight=186.387 155.811 14.2144 141.596 20.3744 11.2618 121.222 110.79 30.5763 9.34364 101.446 95.4445 36.7097 15.1918 21.5179 58.7348 13.6019 45.1329 15.3338 24.1496 19.9343 9.39054 8.98988 9.11259 36.661 8.47194 10.432 7.83409 16.0794
internal_count=958 798 72 726 104 58 622 568 160 47 521 490 188 78 110 302 69 233 78 127 105 47 46 46 190 43 54 40 85
is_linear=0
shrinkage=0.03


end of trees

feature_importances:
Column_33=15
Column_22=12
Column_16=9
Column_35=9
Column_12=8
Column_15=8
Column_30=8
Column_29=7
Column_14=6
Column_28=6
Column_34=6
Column_36=6
Column_24=5
Column_26=5
Column_32=5
Column_40=5
Column_25=4
Column_31=4
Column_41=4
Column_21=3
Column_23=3
Column_27=3
Column_38=3
Column_9=2
Column_13=2
Column_17=2
Column_18=2
Column_19=2
Column_20=2
Column_0=1
Column_2=1
Column_5=1
Column_11=1
Column_39=1

parameters:
[boosting: gbdt]
[objective: binary]
[metric: binary_logloss]
[tree_learner: serial]
[device_type: cpu]
[data_sample_strategy: bagging]
[data: ]
[valid: ]
[num_iterations: 800]
[learning_rate: 0.03]
[num_leaves: 96]
[num_threads: 1]
[seed: 42]
[deterministic: 0]
[force_col_wise: 1]
[force_row_wise: 0]
[histogram_pool_size: -1]
[max_depth: 10]
[min_data_in_leaf: 20]
[min_sum_hessian_in_leaf: 0.001]
[bagging_fraction: 0.85]
[pos_bagging_fraction: 1]
[neg_bagging_fraction: 1]
[bagging_freq: 0]
[bagging_seed: 400]
[bagging_by_query: 0]
[feature_fraction: 0.8]
[feature_fraction_bynode: 1]
[feature_fraction_seed: 30056]
[extra_trees: 0]
[extra_seed: 12879]
[early_stopping_round: 0]
[early_stopping_min_delta: 0]
[first_metric_only: 0]
[max_delta_step: 0]
[lambda_l1: 0.2]
[lambda_l2: 1.5]
[linear_lambda: 0]
[min_gain_to_split: 0]
[drop_rate: 0.1]
[max_drop: 50]
[skip_drop: 0.5]
[xgboost_dart_mode: 0]
[uniform_drop: 0]
[drop_seed: 17869]
[top_rate: 0.2]
[other_rate: 0.1]
[min_data_per_group: 100]
[max_cat_threshold: 32]
[cat_l2: 10]
[cat_smooth: 10]
[max_cat_to_onehot: 4]
[top_k: 20]
[monotone_constraints: ]
[monotone_constraints_method: basic]
[monotone_penalty: 0]
[feature_contri: ]
[forcedsplits_filename: ]
[refit_decay_rate: 0.9]
[cegb_tradeoff: 1]
[cegb_penalty_split: 0]
[cegb_penalty_feature_lazy: ]
[cegb_penalty_feature_coupled: ]
[path_smooth: 0]
[interaction_constraints: ]
[verbosity: -1]
[saved_feature_importance_type: 0]
[use_quantized_grad: 0]
[num_grad_quant_bins: 4]
[quant_train_renew_leaf: 0]
[stochastic_rounding: 1]
[linear_tree: 0]
[max_bin: 255]
[max_bin_by_feature: ]
[min_data_in_bin: 3]
[bin_construct_sample_cnt: 200000]
[data_random_seed: 175]
[is_enable_sparse: 1]
[enable_bundle: 1]
[use_missing: 1]
[zero_as_missing: 0]
[feature_pre_filter: 1]
[pre_partition: 0]
[two_round: 0]
[header: 0]
[label_column: ]
[weight_column: ]
[group_column: ]
[ignore_column: ]
[categorical_feature: ]
[forcedbins_filename: ]
[precise_float_parser: 0]
[parser_config_file: ]
[objective_seed: 16083]
[num_class: 1]
[is_unbalance: 0]
[scale_pos_weight: 1]
[sigmoid: 1]
[boost_from_average: 1]
[reg_sqrt: 0]
[alpha: 0.9]
[fair_c: 1]
[poisson_max_delta_step: 0.7]
[tweedie_variance_power: 1.5]
[lambdarank_truncation_level: 30]
[lambdarank_norm: 1]
[label_gain: ]
[lambdarank_position_bias_regularization: 0]
[eval_at: ]
[multi_error_top_k: 1]
[auc_mu_weights: ]
[num_machines: 1]
[local_listen_port: 12400]
[time_out: 120]
[machine_list_filename: ]
[machines: ]
[gpu_platform_id: -1]
[gpu_device_id: -1]
[gpu_device_id_list: ]
[gpu_use_dp: 0]
[num_gpu: 1]

end of parameters

pandas_categorical:null
