tree
version=v4
num_class=3
num_tree_per_iteration=3
label_index=0
max_feature_idx=62
objective=multiclass num_class:3
feature_names=Column_0 Column_1 Column_2 Column_3 Column_4 Column_5 Column_6 Column_7 Column_8 Column_9 Column_10 Column_11 Column_12 Column_13 Column_14 Column_15 Column_16 Column_17 Column_18 Column_19 Column_20 Column_21 Column_22 Column_23 Column_24 Column_25 Column_26 Column_27 Column_28 Column_29 Column_30 Column_31 Column_32 Column_33 Column_34 Column_35 Column_36 Column_37 Column_38 Column_39 Column_40 Column_41 Column_42 Column_43 Column_44 Column_45 Column_46 Column_47 Column_48 Column_49 Column_50 Column_51 Column_52 Column_53 Column_54 Column_55 Column_56 Column_57 Column_58 Column_59 Column_60 Column_61 Column_62
feature_infos=[-1.6538919255826279:7.2174661203482771] [-4.2394447798381432:6.8565541312661509] [-1.5641756126479716:5.3849012385773491] [-1.6355490059759015:7.1029197578987899] [-4.1728421796955963:6.6445010675007978] [-1.5581815611305334:5.3035629766244021] [-2.2354868300808222:4.6252937008826658] [-5.4294371269569535:5.9696060937319366] [-2.4202744687412414:3.647423241436079] [-3.0150680970746291:2.8744227375912437] [-5.1981808637969715:6.9445250411475099] [-2.4441060431570483:3.5526505246049926] [-1.552061450662962:2.0182505729938969] [-3.0020764116620358:3.0426518641561677] [-2.4317512121962253:3.7399183107826457] [-3.0020764116620358:3.0426518641561677] [-5.2683350449619351:6.3583839237667137] [-2.4317512121962253:3.7399183107826457] [-5.3056507347494604:0.84912921035088806] [-1.7592104854455592:1.6811584719487001] [-1.4273483376117224:1.4257112020450695] [-2.2147329524137649:1.1375948604527484] [-1.5736864453293056:0.63545060260765629] [-2.1719841059643996:2.6934825790231804] [-2.4310075159704865:3.9799289364832346] [-2.5033792356554989:3.9222448255852229] [-3.2185968409262111:4.0603071040163288] [-2.2593833239051122:2.6252539615795207] [-2.452453205460817:3.9280201654841682] [-2.4090067090598724:3.9904583446115152] [-3.0787892944570312:4.0252467576685289] [-2.7862233480968239:3.4035236331519356] [-2.673701505686529:3.146946234813444] [-2.4645865532994149:4.0534416365472907] [-3.3691498969293616:2.962924532181586] [-2.6820673034456095:3.4599126556909865] [-2.5117767898320085:3.0141321477984224] [-2.6567640559577659:3.8611782732141675] [-2.7131393273408997:3.0341612777823599] [-2.67197268743393:2.8781139980502699] [-2.411749909355354:3.2837444662910902] [-2.405170816047089:2.1590564854522651] [-2.9894229980036675:3.3856423697923455] [-1.895895761640144:3.0645046779452247] [-3.2564989281230923:2.8168518577112089] [-3.1243705788272553:3.688143603201588] [-3.6223962933000342:3.1982503460138223] [-2.8971340279412594:3.6244521688474016] [-2.9153070259019924:2.8318452987161882] [-0.93794368131035066:4.611794731808744] [-0.94612682759590516:4.7463998630663786] [-9.0561565298296767:9.0016711650016834] [-6.2017854386953823:6.8781667016058519] [-4.6394502056176092:6.2140920706751253] [-2.6021209415149986:3.2174518765919498] [-2.6087486478216078:3.1844691183473404] [-1.2807250007618838:2.9338863518936922] [-1.0954668463674511:3.6575563642018101] [-1.3303838948097981:2.8946898146520179] [-2.6276382467777171:2.6860940939890372] [2:814] [2:814] [0:2]
tree_sizes=4227 4417 4024 4387 4168 4210

Tree=0
num_leaves=40
num_cat=0
split_feature=0 61 39 45 18 50 24 47 28 12 47 47 41 19 45 42 43 61 47 26 22 36 19 31 43 29 50 29 42 31 61 39 55 47 47 55 36 40 47
split_gain=14.055 9.67527 10.5961 8.14022 6.86376 5.9832 9.8408 6.15162 5.46668 6.39712 4.7746 4.74045 3.94925 4.45573 3.88946 3.51704 4.077 3.50032 3.32314 3.28549 2.39885 3.70555 3.12987 3.02389 2.23655 2.08429 2.08033 1.90173 1.2172 1.89139 1.07384 4.47509 3.9472 2.97211 2.80653 0.992212 0.978696 0.628423 0.412815
threshold=-0.91604203007967056 720.50000000000011 1.2263024845133055 1.2240698371849554 0.7306989450263438 -0.4378655159296298 -0.35688101664722377 -0.58433568606527975 -1.1388263349721433 -0.026048656711324919 0.57512992882062219 0.90988805716756083 -0.42733898539736898 0.64904778473042246 -0.3456696379907564 1.0000000180025095e-35 1.0000000180025095e-35 371.50000000000006 1.1446869874339392 -0.20663658784653913 1.0000000180025095e-35 1.130299555424412 -0.86471455652305174 -0.61981190465975777 -0.73846899240355779 1.0000000180025095e-35 1.0000000180025095e-35 0.4142866969716224 0.67033675017552519 0.41181259221503536 474.50000000000006 -0.35943656848218047 0.43637566143367873 -0.58433568606527975 -1.1647439384497875 0.12344610952004868 0.62794419745800922 -0.22626950939799753 -0.80959628557681318
decision_type=2 2 2 2 2 2 2 2 2 2 2 2 2 2 2 2 2 2 2 2 2 2 2 2 2 2 2 2 2 2 2 2 2 2 2 2 2 2 2
left_child=3 2 5 18 8 6 7 -2 19 14 20 -12 13 -6 36 -16 -17 -8 28 -3 23 22 37 -11 -5 -9 -13 -20 29 -1 33 -32 -33 34 -7 -14 -10 -22 -24
right_child=1 4 -4 24 12 30 17 25 9 10 11 26 35 -15 15 16 -18 -19 27 -21 21 -23 38 -25 -26 -27 -28 -29 -30 -31 31 32 -34 -35 -36 -37 -38 -39 -40
leaf_value=-1.0309875126259402 -1.0176615726749678 -1.0461338461381757 -1.0232055698364508 -1.0620444249893712 -1.0304068253377803 -1.0655032464877252 -1.048564369001173 -1.0376080808391099 -1.0176615726749678 -1.0582996276979582 -1.0259678613498711 -1.0613722239505745 -1.0541709684492451 -1.0613722239505745 -1.0555624559386008 -1.0207358868598597 -1.048391969451095 -1.0701786737477734 -1.0307191720654238 -1.019713934905242 -1.0560101612131829 -1.040702457270988 -1.0577715961999099 -1.036485031386972 -1.0424093028036097 -1.0585856034910175 -1.040702457270988 -1.0505703406985802 -1.0341103062092529 -1.0036049332443986 -1.0681258073715769 -1.0365925633316526 -1.0626656846835589 -1.071963041525952 -1.0412087085897748 -1.0720038973923394 -1.0373746955357999 -1.0448093363404394 -1.0731382680622081
leaf_weight=8.1982562541961723 8.5398502647876757 7.1734742224216488 6.8318802118301383 7.1734742224216488 6.8318802118301409 7.1734742224216461 12.297384381294252 6.8318802118301374 8.5398502647876757 8.5398502647876757 11.272602349519731 6.8318802118301374 6.8318802118301418 6.8318802118301392 11.272602349519731 7.5150682330131557 9.2230382859706861 15.713324487209318 7.5150682330131513 11.955790370702742 7.5150682330131531 7.5150682330131522 6.8318802118301383 11.614196360111235 11.272602349519728 7.1734742224216461 7.5150682330131531 6.8318802118301392 8.8814442753791791 7.8566622436046591 18.104482561349869 10.931008338928224 7.5150682330131522 29.718678921461105 6.8318802118301374 11.272602349519728 7.5150682330131522 6.8318802118301374 14.005354434251787
leaf_count=24 25 21 20 21 20 21 36 20 25 25 33 20 20 20 33 22 27 46 22 35 22 22 20 34 33 21 22 20 26 23 53 32 22 87 20 33 22 20 41
internal_value=-1.04763 -1.0501 -1.05608 -1.0342 -1.04562 -1.0581 -1.04977 -1.0356 -1.04292 -1.04524 -1.04985 -1.03935 -1.05793 -1.04611 -1.03608 -1.04353 -1.03511 -1.06142 -1.0267 -1.0285 -1.05432 -1.05825 -1.0623 -1.0461 -1.05025 -1.04799 -1.05054 -1.03993 -1.02018 -1.01463 -1.06313 -1.05815 -1.04763 -1.06667 -1.05379 -1.0666 -1.02488 -1.05054 -1.06939
internal_weight=378.828 321.098 137.662 57.7294 183.436 130.831 50.5559 22.5452 151.668 132.538 88.4728 25.6196 31.7682 13.6638 44.0656 28.0107 16.7381 28.0107 39.2833 19.1293 62.8533 42.6993 35.1842 20.154 18.4461 14.0054 14.3469 14.3469 24.9364 16.0549 80.2746 36.5506 18.4461 43.724 14.0054 18.1045 16.0549 14.3469 20.8372
internal_count=1109 940 403 169 537 383 148 66 444 388 259 75 93 40 129 82 49 82 115 56 184 125 103 59 54 41 42 42 73 47 235 107 54 128 41 53 47 42 61
is_linear=0
shrinkage=1


Tree=1
num_leaves=41
num_cat=0
split_feature=7 60 60 47 49 41 49 38 38 47 40 14 28 2 46 61 19 29 46 37 34 46 46 33 28 31 33 10 33 38 46 47 61 49 36 60 40 33 28 26
split_gain=4.05876 5.07728 8.30697 7.19215 5.04218 5.58828 4.59994 4.13857 9.8698 5.13032 3.79501 3.73555 3.87298 4.80858 3.66074 3.76136 3.04982 3.0312 2.99328 3.06445 3.41101 2.76451 4.1479 2.676 2.55214 2.93807 2.5014 3.82803 3.63272 2.41723 1.94224 1.89818 1.82498 1.75744 1.65737 1.45887 1.32062 1.04234 1.03219 0.756261
threshold=-0.70672067929693239 647.00000000000011 333.00000000000006 0.74284202470407956 0.74679833695794617 0.18122465480254515 0.15218350698090014 -0.71754883945087855 1.0000000180025095e-35 1.3340236388440736 1.230717423906907 0.94574294022239291 -0.38818240897861583 -0.43495062432385684 -0.08215684889231277 514.00000000000011 -0.58948503993151091 1.0000000180025095e-35 -0.6588193316457277 -0.12200870572423612 0.260209836829352 0.61310168750221583 -0.0059388802058114995 -0.17120626427927776 1.0000000180025095e-35 -0.61981190465975777 -0.65402316723088538 0.21625550014096759 -1.0000000180025095e-35 1.0385707898923395 -0.8084276906634823 0.1164328821275905 533.50000000000011 -0.24422637967046376 -0.87912187644119932 130.50000000000003 -0.62362958211751685 0.55301909014813411 1.0000000180025095e-35 -0.4576332756031784
decision_type=2 2 2 2 2 2 2 2 2 2 2 2 2 2 2 2 2 2 2 2 2 2 2 2 2 2 2 2 2 2 2 2 2 2 2 2 2 2 2 2
left_child=11 2 3 26 6 38 7 9 21 30 14 12 31 16 15 33 -14 -15 23 20 -20 22 32 -4 -16 -26 -2 37 -29 -12 -3 -1 -9 -10 -32 -5 -34 -28 -6 -13
right_child=1 4 18 35 5 -7 -8 8 10 -11 29 39 13 17 24 -17 -18 -19 19 -21 -22 -23 -24 -25 25 -27 27 28 -30 -31 34 -33 36 -35 -36 -37 -38 -39 -40 -41
leaf_value=-0.93097971592436912 -0.94043918753555034 -0.89730902292018233 -0.91401459947753305 -0.89506653918292112 -0.91233616826155106 -0.92628498259427949 -0.94305867452917602 -0.94445628219673816 -0.94203993027679456 -0.93085530245089265 -0.94043918753555034 -0.92216911190352102 -0.9154825045006838 -0.9279622042324861 -0.89968777662558952 -0.90955536222686528 -0.89066220244703387 -0.90605450383400377 -0.94192388251176895 -0.94808850523403077 -0.91812643538088479 -0.94985992968883115 -0.91233616826155106 -0.93573892702562012 -0.92911493173046633 -0.90942818936853764 -0.92477030119816461 -0.90387621734537804 -0.92595235443423163 -0.91971177337365639 -0.90746597824082775 -0.91398778992652652 -0.92015985251428123 -0.92216911190352102 -0.92477030119816461 -0.9154825045006838 -0.93593607828609016 -0.94203993027679456 -0.89253735533825629 -0.93513207864534265
leaf_weight=11.856518000364305 8.2636337578296644 11.137941151857374 8.2636337578296679 7.185768485069274 7.1857684850692811 9.7007874548435193 7.9043453335762015 11.856518000364302 7.185768485069274 9.3414990305900556 8.2636337578296679 7.1857684850692749 8.6229221820831281 12.575094848871236 14.371536970138548 8.6229221820831281 14.012248545885084 7.9043453335762015 9.3414990305900591 22.635170727968216 9.3414990305900556 8.6229221820831281 7.1857684850692776 8.9822106063365919 8.6229221820831281 19.042286485433582 7.1857684850692731 10.419364303350445 13.652960121631626 8.9822106063365919 10.060075879096987 8.9822106063365919 8.2636337578296626 8.2636337578296679 7.1857684850692776 8.6229221820831281 7.5450569093227395 7.1857684850692749 9.7007874548435193 7.1857684850692731
leaf_count=33 23 31 23 20 20 27 22 33 20 26 23 20 24 35 40 24 39 22 26 63 26 24 20 25 24 53 20 29 38 25 28 25 23 23 20 24 21 20 27 20
internal_value=-0.922169 -0.923672 -0.928486 -0.920947 -0.920748 -0.908953 -0.92263 -0.921505 -0.92408 -0.912956 -0.918088 -0.916114 -0.912994 -0.907993 -0.914789 -0.923862 -0.898866 -0.919257 -0.936463 -0.940757 -0.930312 -0.935454 -0.930729 -0.92519 -0.909577 -0.915812 -0.926833 -0.923182 -0.916119 -0.929991 -0.906724 -0.923329 -0.935973 -0.932611 -0.914627 -0.904311 -0.927883 -0.934845 -0.899147 -0.929175
internal_weight=398.451 320.126 121.08 62.5162 199.046 26.5873 172.458 164.554 126.829 37.7253 83.3549 78.3249 63.9533 43.1146 66.1091 24.0723 22.6352 20.4794 58.564 41.3182 18.683 43.4739 34.851 17.2458 42.0367 27.6652 46.7075 38.4439 24.0723 17.2458 28.3838 20.8387 27.6652 15.4494 17.2458 15.8087 15.8087 14.3715 16.8866 14.3715
internal_count=1109 891 337 174 554 74 480 458 353 105 232 218 178 120 184 67 63 57 163 115 52 121 97 48 117 77 130 107 67 48 79 58 77 43 48 44 44 40 47 40
is_linear=0
shrinkage=1


Tree=2
num_leaves=38
num_cat=0
split_feature=9 47 16 32 50 60 60 1 25 42 19 61 56 38 20 51 40 16 19 42 42 14 12 12 20 56 42 53 44 34 38 55 2 20 34 43 38
split_gain=11.0979 6.44567 6.29639 8.50484 7.42371 5.02814 5.64386 5.22158 4.61883 3.78625 3.06873 3.00492 4.85981 7.5953 2.92708 2.91757 2.79453 2.79973 2.79159 4.19224 4.03406 3.29932 2.48668 2.66092 2.46354 2.02699 1.88427 1.57783 1.57399 1.25365 1.23069 1.03276 0.493658 0.37084 0.215662 0.0739347 0.0213605
threshold=-0.3660418075229131 -1.284596049464682 0.97227915948069765 -0.85474908678028738 -0.4378655159296298 151.00000000000003 647.00000000000011 -0.40593126714759731 0.33145490900952562 0.67033675017552519 0.92427730132196306 593.50000000000011 0.82658067556590442 -0.31843074187287462 -0.51955666590274296 1.0000000180025095e-35 1.0982640663337337 0.70929272583386449 -0.86471455652305174 1.3786773465973046 0.67033675017552519 -0.85983380488210692 -1.2929301408650076 0.060908266295509425 0.51791953033609039 0.82658067556590442 0.43422321803493213 -0.35515720181784632 0.2660445276608025 1.0000000180025095e-35 0.71927631182993612 0.43637566143367873 0.33854781090181868 0.51791953033609039 -0.51199436184271507 0.58430445815254051 1.0000000180025095e-35
decision_type=2 2 2 2 2 2 2 2 2 2 2 2 2 2 2 2 2 2 2 2 2 2 2 2 2 2 2 2 2 2 2 2 2 2 2 2 2
left_child=2 14 3 10 16 33 7 -7 25 22 30 12 18 -14 -2 28 17 -5 36 20 21 -20 -6 35 -4 26 -9 -10 29 34 -1 -30 -28 -3 -13 -24 -8
right_child=1 5 24 4 9 6 11 8 27 -11 -12 15 13 -15 -16 -17 -18 -19 19 -21 -22 -23 23 -25 -26 -27 32 -29 31 -31 -32 -33 -34 -35 -36 -37 -38
leaf_value=-1.3988736324143045 -1.3800022055290013 -1.4032762009863788 -1.3971701987241172 -1.360422087110728 -1.3691536889719202 -1.3584553485444661 -1.4015138087813142 -1.4002040332502428 -1.3789704339452045 -1.3772403093670953 -1.3712231088409328 -1.3926819775381629 -1.3456185403282062 -1.3873244078707325 -1.3517452777686796 -1.3770737295690656 -1.3895861501000923 -1.3843749722843415 -1.3953371929889031 -1.3993060883708421 -1.3602531739751216 -1.3751183639754641 -1.328236946052086 -1.3626637636396965 -1.3750811259199867 -1.3753453438480616 -1.387688582850825 -1.3574391993066293 -1.3772403093670953 -1.4032405763031588 -1.3803378439605907 -1.3924492289318433 -1.3767773476152123 -1.3895861501000923 -1.3830385916174854 -1.3556345857938974 -1.389082634857135
leaf_weight=8.1904628872871417 5.6485950946807861 11.862049698829653 9.6026116609573346 9.6026116609573382 8.1904628872871381 11.014760434627531 7.3431736230850202 10.16747117042542 6.2134546041488647 6.7783141136169425 8.7553223967552167 8.1904628872871381 5.9310248494148254 7.0607438683509809 6.213454604148863 8.7553223967552167 8.1904628872871381 5.9310248494148246 10.449900925159449 8.7553223967552167 7.6256033778190604 16.663355529308326 7.3431736230850273 10.167471170425413 6.2134546041488639 8.1904628872871381 5.6485950946807844 6.4958843588829023 6.7783141136169416 20.33494234085083 5.9310248494148246 5.9310248494148254 5.6485950946807861 8.1904628872871381 6.7783141136169425 6.2134546041488647 6.2134546041488647
leaf_count=29 20 42 34 34 29 39 26 36 22 24 31 29 21 25 22 31 29 21 37 31 27 59 26 36 22 29 20 23 24 72 21 21 20 29 24 22 22
internal_value=-1.38 -1.3839 -1.37189 -1.36866 -1.36301 -1.38523 -1.38352 -1.37549 -1.38037 -1.35512 -1.38391 -1.38696 -1.3826 -1.36711 -1.36376 -1.39203 -1.37683 -1.3695 -1.38647 -1.38236 -1.37764 -1.3831 -1.35094 -1.34591 -1.38847 -1.38695 -1.39165 -1.36632 -1.39489 -1.39814 -1.39225 -1.38448 -1.38203 -1.39902 -1.38935 -1.33672 -1.39769
internal_weight=313.215 212.105 101.11 85.2938 62.417 200.243 180.19 53.3792 42.3645 38.6929 22.8768 126.811 70.0426 12.9918 11.862 56.7684 23.7241 15.5336 57.0508 43.4942 34.7389 27.1133 31.9146 23.7241 15.8161 29.6551 21.4647 12.7093 48.0131 35.3037 14.1215 12.7093 11.2972 20.0525 14.9688 13.5566 13.5566
internal_count=1109 751 358 302 221 709 638 189 150 137 81 449 248 46 42 201 84 55 202 154 123 96 113 84 56 105 76 45 170 125 50 45 40 71 53 48 48
is_linear=0
shrinkage=1


Tree=3
num_leaves=40
num_cat=0
split_feature=6 61 45 50 18 24 47 61 32 23 51 37 38 41 50 45 32 43 34 45 26 14 46 40 43 50 55 29 24 55 45 46 45 54 55 54 29 44 21
split_gain=13.3483 9.24193 7.78531 7.24268 6.53937 6.09958 5.86684 5.81365 5.23573 5.8588 6.76691 4.33261 4.20227 3.83945 3.75065 3.53588 5.99877 4.62557 3.03249 2.93456 3.0602 2.58796 2.19272 4.00832 2.15618 2.11489 2.05563 1.98184 1.88266 1.82019 1.8183 1.80542 1.18404 1.02869 0.959212 0.926471 0.864197 0.670015 0.476676
threshold=-1.0242143281845413 720.50000000000011 1.2240698371849554 -0.4378655159296298 0.7306989450263438 -0.35688101664722377 -0.58433568606527975 348.50000000000006 1.5705208050947013 -0.38797965480228674 1.0000000180025095e-35 -1.0876297915274853 -1.0368433175132818 -0.42733898539736898 -0.64117004059613991 0.57484366865230285 -0.12716811921779089 0.58430445815254051 -0.43477394197550828 0.15391008826691127 -0.20663658784653913 0.71851806808329433 -0.58809250621378573 0.17109056332152153 -0.73846899240355779 -0.4378655159296298 -0.20123422336926472 0.4142866969716224 -0.73399492561508961 0.82806047267977589 0.81587882169986348 -0.55979478384414338 -1.053381847816824 -0.16871772632779417 0.12344610952004868 0.30778814271544053 -0.33859154463677626 1.0000000180025095e-35 0.29951290723612012
decision_type=2 2 2 2 2 2 2 2 2 2 2 2 2 2 2 2 2 2 2 2 2 2 2 2 2 2 2 2 2 2 2 2 2 2 2 2 2 2 2
left_child=2 3 12 5 8 6 -2 -7 9 10 14 -11 -1 21 -3 17 -17 18 -13 32 -21 -6 -16 28 -4 -14 -8 -18 -24 -25 -22 -20 -5 36 -15 -35 -34 -27 -9
right_child=1 4 24 19 13 7 26 38 -10 11 -12 15 25 34 22 16 27 -19 31 20 30 -23 23 29 -26 37 -28 -29 -30 -31 -32 -33 33 35 -36 -37 -38 -39 -40
leaf_value=0.0045003271616783644 0.029181333128591072 0.0089359443788679105 -0.014245152180006108 -0.0052177012768713478 -0.010027853590701947 0.0062318832866572749 -0.010892467346481307 -0.02359165169293324 -0.015248040166326924 -0.0045298488549237858 0.024294724406230202 0.013235543668824009 0.012920666425038684 -0.0064199113722445446 -0.019608397274814112 0.0010285792979555276 0.042411562744335211 0.02275617027071462 0.006166407244417707 -0.017319050910430352 0.010932405454407525 0.013543186939389603 -0.0030715028846637874 -0.020923218424456241 0.0050380626893543144 0.041493629299364905 0.0099395529765519668 0.014891227456627942 0.017017405066289119 -0.00059026186602374698 -0.0073133708827519345 -0.011143758031231151 -0.011712033349200197 -0.0033170963906555312 -0.024018661675488995 -0.017457290343275519 -0.027987463154114281 0.018275725961404265 -0.0088737107068382493
leaf_weight=12.338933825492857 8.6208975315094012 12.32125350832939 7.1459083557128933 8.8244479298591596 6.8146512806415576 13.338262408971788 7.1639158129692078 10.18681573867798 9.5643934905529004 11.932670593261717 6.8436342477798453 11.645956069231028 11.012072503566744 6.815653711557391 11.254300802946085 8.2188386321067828 9.2688896358013171 12.670067399740217 6.8606112897396079 9.1720705032348651 9.5425888299942034 6.8401164412498474 6.8488358855247498 9.8936594426631945 11.305322229862211 8.9684535562992114 6.8410538136959058 7.2194199860095969 6.852116554975515 7.1749712824821463 7.1461619436740866 13.334123373031625 9.1757320761680621 9.1816266477108019 11.164188683032988 11.554390519857405 18.654604911804199 7.2252250909805289 7.8034193813800803
leaf_count=36 25 36 21 26 20 39 21 30 28 35 20 34 32 20 33 24 27 37 20 27 28 20 20 29 33 26 20 21 20 21 21 39 27 27 33 34 55 21 23
internal_value=0 -0.00240425 0.0130619 -0.00825897 0.00197154 0.000217826 0.0117665 -0.00809653 0.00459441 0.00611453 -0.000812008 0.0113298 0.0203626 -0.0100798 -0.00464875 0.0141868 0.0232213 0.00844797 0.00180683 -0.0137301 -0.00465412 0.00155553 -0.00894029 -0.00412229 -0.00263885 0.0267367 -0.000352472 0.0329419 0.00726848 -0.0134373 0.00283084 -0.00496678 -0.0174952 -0.019383 -0.0186635 -0.0121122 -0.0236994 0.033901 -0.0186897
internal_weight=378.74 320.744 57.9959 137.206 183.538 53.9544 22.6259 31.3285 151.904 142.339 61.1888 81.1506 39.5447 31.6346 54.3451 69.2179 24.7071 44.5108 31.8407 83.2516 25.8608 13.6548 42.0239 30.7696 18.4512 27.2058 14.005 16.4883 13.701 17.0686 16.6888 20.1947 57.3908 48.5664 17.9798 20.736 27.8303 16.1937 17.9902
internal_count=1109 940 169 403 537 158 66 92 444 416 179 237 115 93 159 202 72 130 93 245 76 40 123 90 54 79 41 48 40 50 49 59 169 143 53 61 82 47 53
is_linear=0
shrinkage=0.03


Tree=4
num_leaves=38
num_cat=0
split_feature=18 60 60 43 54 3 16 23 36 39 6 5 53 55 19 40 55 28 39 41 34 34 28 47 19 33 59 28 29 47 43 46 19 12 34 55 46
split_gain=9.88194 4.55746 9.95657 6.42093 4.0158 3.94061 6.47998 5.8487 5.36019 4.43205 4.55244 4.15541 3.98728 5.61624 3.50534 3.23592 3.20044 3.79283 2.98385 5.2648 4.1295 3.24353 2.90434 4.43274 2.73956 2.70188 2.54181 2.47878 2.25559 1.98363 1.97986 1.88678 1.85513 1.68177 1.38016 0.612811 0.448698
threshold=0.76465244525595299 151.00000000000003 715.00000000000011 0.58430445815254051 1.4731080889530384 1.0000000180025095e-35 -0.45837198090420689 -1.0367085461339638 1.3814772344076134 0.82986772126443364 -0.46059175790700585 0.85159777058102148 -0.35515720181784632 0.71703889939560239 0.098588751547340814 -0.22626950939799753 -0.066110436534439612 0.26863102626572088 -0.22729164739922328 1.0940701151024161 -0.43477394197550828 -1.4386394002491947 -0.76350437197537946 -0.34545861039632392 1.199506817913504 -0.65402316723088538 1.0000000180025095e-35 -0.76350437197537946 0.4142866969716224 -0.43272160049686231 1.2456911834305899 -0.93303392063127555 -0.17664076504419993 -1.1580488726026472 0.260209836829352 -0.078270023807871333 -0.098112623056537548
decision_type=2 2 2 2 2 2 2 2 2 2 2 2 2 2 2 2 2 2 2 2 2 2 2 2 2 2 2 2 2 2 2 2 2 2 2 2 2
left_child=1 3 4 27 18 6 11 -7 15 10 31 -4 22 26 -13 -9 -2 -18 20 24 21 -3 -12 -24 28 -16 -14 -1 -20 -22 -17 -8 -29 -23 -27 -33 -35
right_child=16 2 5 -5 -6 7 9 8 -10 -11 12 14 13 -15 25 30 17 -19 19 -21 29 33 23 -25 -26 34 -28 32 -30 -31 -32 35 -34 36 -36 -37 -38
leaf_value=0.0018013747538717555 0.0007263517433501724 0.0038629499361829789 -0.019583471930406163 -0.010192103484058924 0.0097810191318708911 0.012556757632527695 0.0062321137467246752 0.0027866004825115942 0.011320545718532259 -0.0072255068019476017 0.00066306120824618738 -0.013346922791134291 0.0046935139624902696 0.015882886189029465 0.016640621314620539 -0.022009513788747864 0.037849711102208347 0.0090335091951826152 -0.027213140836951796 0.0026314934548229809 0.016200823575425436 -0.0023121959030492785 0.0050528489440012248 0.03752309466680602 -0.004138297755242307 0.0063564156792187141 -0.011918752180816561 0.031247442435549437 -0.0092882755061697159 -0.0022740199481472759 -0.0026106530080091932 0.034945133354022467 0.0081288060091228558 -0.025848564149024283 -0.010271851110142189 0.014655183197293101 -0.010276703118989967
leaf_weight=8.2827823162078875 8.6256591975688952 8.607857942581175 11.479855686426161 10.05698177218437 7.8995199501514426 11.878683507442473 7.1971125304698971 7.1970907747745505 7.5543447434902182 13.308711498975752 8.6320964097976702 10.408000677824019 11.507818311452864 14.031414508819578 10.793329387903212 25.11290580034256 7.9441537559032467 10.824919700622557 28.661472946405411 11.476525038480757 7.8966747224330929 7.1578831970691708 8.2656002044677717 7.5743999779224387 10.765084326267241 7.1871658861637133 20.840127050876617 9.3795486688613909 12.189156025648115 10.040611654520033 7.1859747469425193 7.9255521893501291 7.5438781082630149 10.39222899079323 7.5257779657840729 7.5522499978542301 7.5260316729545584
leaf_count=23 24 24 32 28 22 33 20 20 21 37 24 29 32 39 30 70 22 30 80 32 22 20 23 21 30 20 58 26 34 28 20 22 21 29 21 21 21
internal_value=0 -0.00131774 -0.00242004 0.00868549 -0.00918313 0.00147927 0.00401481 -0.00499239 -0.00979762 0.00809776 0.010421 -0.00503229 0.006303 0.000866127 5.72312e-05 -0.0142496 0.0168941 0.0234246 -0.0106501 -0.0150257 -0.00491587 -0.0110029 0.0157308 0.0228284 -0.0190281 0.00618658 -0.00588556 0.0165915 -0.0225247 0.0061732 -0.0181785 0.0218508 0.0227685 -0.0162617 -0.00194241 0.0275677 -0.0209161
internal_weight=398.429 371.034 335.771 35.2632 122.613 213.158 154.229 58.929 47.0503 106.835 93.5264 47.3941 70.8515 46.3794 35.9143 39.496 27.3947 18.7691 114.714 63.0922 51.6213 33.684 24.4721 15.84 51.6157 25.5063 32.3479 25.2062 40.8506 17.9373 32.2989 22.6749 16.9234 25.0761 14.7129 15.4778 17.9183
internal_count=1109 1033 935 98 342 593 429 164 131 297 260 132 197 129 100 110 76 52 320 176 144 94 68 44 144 71 90 70 114 50 90 63 47 70 41 43 50
is_linear=0
shrinkage=0.03


Tree=5
num_leaves=39
num_cat=0
split_feature=9 18 32 36 31 47 13 56 18 32 19 4 39 13 40 54 29 47 32 19 33 21 47 45 47 52 47 36 39 39 24 40 54 47 2 20 62 18
split_gain=10.5899 7.96994 7.41209 9.3031 6.83049 5.72133 5.69017 5.29626 4.14479 3.91329 4.12515 3.75125 5.07853 3.15121 4.91012 4.43366 3.39607 5.51367 3.98348 3.13717 3.03434 2.91013 2.89853 2.57128 2.47772 2.46816 1.94345 1.91985 1.91159 1.51896 1.56099 1.29549 0.557832 0.521404 0.309444 0.285857 0.243557 0.210585
threshold=-0.3660418075229131 0.74021083281666111 -0.85474908678028738 1.130299555424412 -0.41348700528479926 -1.284596049464682 -1.443363151910074 -0.85926386549632605 0.64110147165281728 -0.85474908678028738 -0.86471455652305174 -0.32291966984271298 -0.35943656848218047 1.3296902834308508 -0.88853629726386307 0.51433779910996325 1.0000000180025095e-35 -0.20794967887675544 1.3279938159072024 0.92427730132196306 -0.65402316723088538 0.29951290723612012 1.1446869874339392 0.34204819602394626 -0.11999012861818713 0.33819063145523448 -0.68585125921257317 1.0000000180025095e-35 1.0941575634303482 0.43343295801556242 -0.73399492561508961 -0.49117622454434401 1.0895293294314794 0.99351635161497531 -0.5466322165756925 0.77728857939579876 1.0000000180025095e-35 0.78367019513068426
decision_type=2 2 2 2 2 2 2 2 2 2 2 2 2 2 2 2 2 2 2 2 2 2 2 2 2 2 2 2 2 2 2 2 2 2 2 2 2 2
left_child=1 2 19 6 5 -2 -4 -3 -5 -6 32 27 24 14 15 -12 17 -16 35 -1 28 -8 -15 -22 26 -24 -13 -7 -19 30 -9 -14 33 -11 -23 -18 -26 -32
right_child=4 7 3 8 9 11 21 29 -10 10 13 12 31 22 16 -17 18 20 -20 -21 23 34 25 -25 36 -27 -28 -29 -30 -31 37 -33 -34 -35 -36 -37 -38 -39
leaf_value=-0.012681054710401585 0.024450917026521302 0.017120161491136984 0.0075766415032654348 0.013552863504182347 0.012399099479050636 0.022458455090634891 0.013412356870022344 0 -0.014785911818886761 -0.021993416194042232 -0.0033986316139628858 -0.010743417410482627 0 -0.023384591999120331 -0.019046235410802463 0.030268960765782386 -0.023414488339867728 -0.012216605755184436 0.0060372338544000649 0.01079362635105297 0.028170644989109459 0.049577452285895926 0.0077143126276499607 0.0034021117388960335 -0.0082937572386131281 -0.01300662914209978 0.0101881809954181 0 0.007616678845840677 0.0020676854722527296 -0.022364349330133655 0.018611119200946529 -0.0058212233378840432 -0.0083121496914614953 0.02385658663732855 -0.0089895382525610398 -0.022571737697565864 -0.0083230494563543769
leaf_weight=10.386754512786867 9.111641973257063 6.7976433634757987 10.82541218400001 8.2599205672740919 7.0444927513599387 7.1089585125446302 6.8116905689239564 5.6474634706974056 7.3627675771713248 21.322353214025501 5.6302152276039106 7.0355497598648071 5.6453347504138947 12.851239055395128 8.4491328299045509 5.938581645488739 12.652244150638586 7.8931786715984309 5.9445170164108267 7.3882658481597892 6.2227105498313984 10.320427924394608 7.3332741856575039 9.5932370424270612 5.9035545885562888 10.668716579675673 5.9267061054706538 6.5175107419490814 6.4850192070007324 5.9338991343975058 9.0448976159095782 6.5225587189197558 6.465191274881362 7.5643632113933554 6.8610623478889474 6.1901590526103965 9.6008637249469757 5.9102633893489829
leaf_count=37 32 24 38 29 25 25 24 20 26 76 20 25 20 46 30 21 45 28 21 26 22 36 26 34 21 38 21 23 23 21 32 23 23 27 24 22 34 21
internal_value=0 0.00789696 0.0136953 0.0194371 -0.00381664 0.00429755 0.0277642 -0.0038756 0 -0.00733362 -0.00848009 0.000239043 -0.00426092 -0.00529557 -0.00178776 0.0149153 -0.00520077 0.000295621 -0.0135259 -0.00253177 0.00654256 0.0356555 -0.0131588 0.0150898 -0.0111459 -0.00431399 -0.000693968 0.0131466 -0.00301882 -0.0100961 -0.0137735 0.0108629 -0.0172488 -0.0191954 0.0423678 -0.0199828 -0.0186992 -0.0184444
internal_weight=313.172 101.55 68.2163 50.4413 211.621 63.3727 34.8186 33.3342 15.6227 148.249 141.204 54.261 40.6346 105.852 74.999 11.5688 63.4302 38.6433 24.7869 17.775 30.1941 23.9932 30.8532 15.8159 28.4667 18.002 12.9623 13.6265 14.3782 26.5365 20.6026 12.1679 35.3519 28.8867 17.1815 18.8424 15.5044 14.9552
internal_count=1109 358 240 177 751 224 122 118 55 527 502 192 144 376 266 41 225 137 88 63 107 84 110 56 101 64 46 48 51 94 73 43 126 103 60 67 55 53
is_linear=0
shrinkage=0.03


end of trees

feature_importances:
Column_47=20
Column_19=10
Column_46=9
Column_55=9
Column_40=8
Column_45=8
Column_61=8
Column_28=7
Column_29=7
Column_34=7
Column_38=7
Column_39=7
Column_43=7
Column_60=7
Column_18=6
Column_32=6
Column_33=6
Column_36=6
Column_42=6
Column_50=6
Column_54=5
Column_12=4
Column_20=4
Column_24=4
Column_31=4
Column_41=4
Column_2=3
Column_14=3
Column_16=3
Column_26=3
Column_49=3
Column_56=3
Column_6=2
Column_9=2
Column_13=2
Column_21=2
Column_23=2
Column_37=2
Column_44=2
Column_51=2
Column_53=2
Column_0=1
Column_1=1
Column_3=1
Column_4=1
Column_5=1
Column_7=1
Column_10=1
Column_22=1
Column_25=1
Column_52=1
Column_59=1
Column_62=1

parameters:
[boosting: gbdt]
[objective: multiclass]
[metric: multi_logloss]
[tree_learner: serial]
[device_type: cpu]
[data_sample_strategy: bagging]
[data: ]
[valid: ]
[num_iterations: 1400]
[learning_rate: 0.03]
[num_leaves: 96]
[num_threads: 2]
[seed: 42]
[deterministic: 0]
[force_col_wise: 1]
[force_row_wise: 0]
[histogram_pool_size: -1]
[max_depth: 10]
[min_data_in_leaf: 20]
[min_sum_hessian_in_leaf: 0.001]
[bagging_fraction: 0.85]
[pos_bagging_fraction: 1]
[neg_bagging_fraction: 1]
[bagging_freq: 0]
[bagging_seed: 400]
[bagging_by_query: 0]
[feature_fraction: 0.8]
[feature_fraction_bynode: 1]
[feature_fraction_seed: 30056]
[extra_trees: 0]
[extra_seed: 12879]
[early_stopping_round: 0]
[early_stopping_min_delta: 0]
[first_metric_only: 0]
[max_delta_step: 0]
[lambda_l1: 0.2]
[lambda_l2: 1.5]
[linear_lambda: 0]
[min_gain_to_split: 0]
[drop_rate: 0.1]
[max_drop: 50]
[skip_drop: 0.5]
[xgboost_dart_mode: 0]
[uniform_drop: 0]
[drop_seed: 17869]
[top_rate: 0.2]
[other_rate: 0.1]
[min_data_per_group: 100]
[max_cat_threshold: 32]
[cat_l2: 10]
[cat_smooth: 10]
[max_cat_to_onehot: 4]
[top_k: 20]
[monotone_constraints: ]
[monotone_constraints_method: basic]
[monotone_penalty: 0]
[feature_contri: ]
[forcedsplits_filename: ]
[refit_decay_rate: 0.9]
[cegb_tradeoff: 1]
[cegb_penalty_split: 0]
[cegb_penalty_feature_lazy: ]
[cegb_penalty_feature_coupled: ]
[path_smooth: 0]
[interaction_constraints: ]
[verbosity: -1]
[saved_feature_importance_type: 0]
[use_quantized_grad: 0]
[num_grad_quant_bins: 4]
[quant_train_renew_leaf: 0]
[stochastic_rounding: 1]
[linear_tree: 0]
[max_bin: 255]
[max_bin_by_feature: ]
[min_data_in_bin: 3]
[bin_construct_sample_cnt: 200000]
[data_random_seed: 175]
[is_enable_sparse: 1]
[enable_bundle: 1]
[use_missing: 1]
[zero_as_missing: 0]
[feature_pre_filter: 1]
[pre_partition: 0]
[two_round: 0]
[header: 0]
[label_column: ]
[weight_column: ]
[group_column: ]
[ignore_column: ]
[categorical_feature: ]
[forcedbins_filename: ]
[precise_float_parser: 0]
[parser_config_file: ]
[objective_seed: 16083]
[num_class: 3]
[is_unbalance: 0]
[scale_pos_weight: 1]
[sigmoid: 1]
[boost_from_average: 1]
[reg_sqrt: 0]
[alpha: 0.9]
[fair_c: 1]
[poisson_max_delta_step: 0.7]
[tweedie_variance_power: 1.5]
[lambdarank_truncation_level: 30]
[lambdarank_norm: 1]
[label_gain: ]
[lambdarank_position_bias_regularization: 0]
[eval_at: ]
[multi_error_top_k: 1]
[auc_mu_weights: ]
[num_machines: 1]
[local_listen_port: 12400]
[time_out: 120]
[machine_list_filename: ]
[machines: ]
[gpu_platform_id: -1]
[gpu_device_id: -1]
[gpu_device_id_list: ]
[gpu_use_dp: 0]
[num_gpu: 1]

end of parameters

pandas_categorical:null
