tree
version=v4
num_class=1
num_tree_per_iteration=1
label_index=0
max_feature_idx=42
objective=binary sigmoid:1
feature_names=Column_0 Column_1 Column_2 Column_3 Column_4 Column_5 Column_6 Column_7 Column_8 Column_9 Column_10 Column_11 Column_12 Column_13 Column_14 Column_15 Column_16 Column_17 Column_18 Column_19 Column_20 Column_21 Column_22 Column_23 Column_24 Column_25 Column_26 Column_27 Column_28 Column_29 Column_30 Column_31 Column_32 Column_33 Column_34 Column_35 Column_36 Column_37 Column_38 Column_39 Column_40 Column_41 Column_42
feature_infos=[-1.2798432966842144:6.6536751633043512] [-1.3295769978715881:7.3963998187769597] [-1.2454926110678621:5.4537617690274569] [-1.2685170646706216:6.592614643411765] [-1.3293387664144891:7.3822647447813505] [-1.2403103620809213:5.4281636988612805] [-1.9589831126702517:4.0729317927927307] [-1.6356971665005946:5.7672572939588775] [-2.209869746552426:3.3205035955316298] [-2.5309160032676523:2.766778791204128] [-4.5581239346337012:1.9654253552981573] [-1.9838835893433318:3.5992492884463503] [-1.4593243483040019:3.2633757425668968] [-2.472707941552851:2.7908958766130665] [-1.9685415574983449:3.598019720761946] [-1.7235180849413416:1.6976925941152894] [-1.567871530440061:1.468301617795867] [-4.589890868044451:1.0763774524553382] [-2.4291375465086915:0.41166874285784338] [-2.7709895850278157:1.868030784152231] [-2.6164223618125373:3.7167695583571043] [-2.2679856598445567:4.2469712801092028] [-3.3422173793897776:3.188199434032116] [-2.0929877963344956:2.7091433988082141] [-2.2588159375032664:4.6990045668417437] [-2.6988934645151827:3.754426841872224] [-3.60394165586218:3.6989875633997134] [-3.0449417062741508:2.4250073395329985] [-2.6842922816951305:4.7849679476097711] [-3.1581307086959969:3.8182107025558238] [-3.0531899119588206:3.3279517275876325] [-2.8115002852629369:3.6642456299842605] [-3.0501164305872659:5.5124226024045742] [-3.4408487552315044:3.6726753117393494] [-3.3571673363946424:4.9317054245208585] [-2.6587927995224776:3.0560868861390906] [-3.5178200632143706:4.5388770603168531] [-1.6457427323231957:2.5113384684828] [-1.1147645955291647:4.0552351730593834] [-1.2981109612991579:3.6012760260712087] [4:804] [4:804] none
tree_sizes=3623 3955 3726 3525 3532 3974

Tree=0
num_leaves=34
num_cat=0
split_feature=15 36 36 32 40 34 16 29 33 13 31 15 10 25 15 3 29 26 37 25 16 34 13 15 16 28 25 33 35 31 15 15 30
split_gain=7.94759 5.67006 6.50616 4.95805 4.74657 4.5666 4.52185 9.33933 4.33626 4.29852 4.23437 3.91883 3.4515 5.66056 4.09032 3.4139 3.19303 2.97246 2.69708 2.50129 2.33802 2.27592 2.67422 2.25599 2.14577 2.02207 1.70862 2.60244 1.32947 0.829026 0.352088 0.311323 0.158146
threshold=-1.546558911886688 -0.68612798597324909 0.84622421203170894 -1.0165134102517037 395.50000000000006 -1.6945736721412421 -0.87783217856825912 -0.60908288535398547 -1.3558503218090125 0.88221287765903966 0.75015996812302199 0.10506003662340943 0.1897372230226794 0.70702558607817079 0.93086951087845837 -0.70937271016231584 1.0008420557041273 -1.1093767245301469 1.0000000180025095e-35 0.70702558607817079 -1.1538479193169797 1.0523202079295921 0.17384418566656704 1.0000000180025095e-35 -0.60181643781953831 -1.0000000180025095e-35 0.22900185967910361 -1.0000000180025095e-35 -0.30233266939579206 -0.32913101775151105 0.81289672884202291 -0.48480387355876825 1.0000000180025095e-35
decision_type=2 2 2 2 2 2 2 2 2 2 2 2 2 2 2 2 2 2 2 2 2 2 2 2 2 2 2 2 2 2 2 2 2
left_child=29 3 6 5 23 31 7 11 -6 -7 -10 -3 13 14 -8 24 18 -14 -9 25 -20 22 26 -4 -5 -17 27 -19 -12 -1 -25 -2 -28
right_child=1 2 4 15 8 9 12 16 10 -11 28 -13 17 -15 -16 19 -18 21 20 -21 -22 -23 -24 30 -26 -27 32 -29 -30 -31 -32 -33 -34
leaf_value=0.42026386824076162 0.39237945118350626 0.37285563750161699 0.40791899758141503 0.36942615908666215 0.3944846130311338 0.40671865945814883 0.38562449679726363 0.40605800976522977 0.40117203015873942 0.43841237952930712 0.41430148515987042 0.40865128259179268 0.40364201552644247 0.43187009708926122 0.41330137099959136 0.38565521792100288 0.39936503347146995 0.42832745681521944 0.43771797339965579 0.41571070865666138 0.41213834586197318 0.40667642986374375 0.40893043627760767 0.37505959487254126 0.39744580209747093 0.41060650760858286 0.44430086381744921 0.41047450576989286 0.43770559580601287 0.4410877170244234 0.39720131979589018 0.40667642986374375 0.42383280428002873
leaf_weight=6.4732990264892578 4.7950363159179688 6.473299026489256 5.5142917633056667 5.5142917633056632 8.6310653686523455 6.473299026489256 7.4323062896728578 5.2745399475097718 6.233547210693362 6.2335472106933594 4.7950363159179714 5.0347881317138672 5.5142917633056632 5.5142917633056632 9.1105690002441388 6.2335472106933585 5.5142917633056632 28.05096244812011 8.6310653686523455 7.6720581054687491 5.7540435791015581 4.7950363159179679 6.2335472106933585 5.2745399475097638 8.631065368652342 4.7950363159179714 7.1925544738769513 8.8708171844482475 5.9937953948974565 5.7540435791015607 5.2745399475097656 4.7950363159179705 4.7950363159179688
leaf_count=27 20 27 23 23 36 27 31 22 26 26 20 21 23 23 38 26 23 117 36 32 24 20 26 22 36 20 30 37 25 24 22 20 20
internal_value=0.410607 0.40924 0.411995 0.401029 0.401989 0.411723 0.415466 0.406844 0.410461 0.423138 0.418887 0.386024 0.41915 0.409189 0.400156 0.393863 0.416984 0.422554 0.422656 0.403632 0.428975 0.424519 0.426239 0.389968 0.383238 0.395146 0.428549 0.424044 0.429513 0.43276 0.382585 0.397488 0.43894
internal_weight=233.279 221.051 165.908 55.1429 41.7168 22.2969 124.191 36.682 25.6534 12.7068 17.0224 11.5081 87.5094 22.0572 16.5429 32.846 25.1739 65.4522 19.6596 18.7006 14.3851 59.938 55.1429 16.0634 14.1454 11.0286 48.9094 36.9218 10.7888 12.2273 10.5491 9.59007 11.9876
internal_count=973 922 692 230 174 93 518 153 107 53 71 48 365 92 69 137 105 273 82 78 60 250 230 67 59 46 204 154 45 51 44 40 50
is_linear=0
shrinkage=1


Tree=1
num_leaves=36
num_cat=0
split_feature=15 36 36 32 41 34 16 29 1 15 22 10 25 15 3 29 22 26 24 27 35 35 20 32 26 21 27 37 16 26 16 2 33 20 29
split_gain=7.61607 5.38323 6.17785 4.69403 4.67725 4.35703 4.3066 8.85552 3.78344 3.68135 3.39015 3.27031 5.39772 3.87064 3.22261 3.04346 2.88436 2.83431 3.25683 2.90672 3.23514 6.04207 2.97472 4.36058 2.63065 3.08377 4.19956 2.58099 2.23352 2.10142 2.01484 1.88926 1.6393 1.10266 0.838493
threshold=-1.546558911886688 -0.68612798597324909 0.84622421203170894 -1.0165134102517037 395.50000000000006 -1.6945736721412421 -0.87783217856825912 -0.60908288535398547 0.37198848137487878 0.10506003662340943 -0.077008972678830723 0.1897372230226794 0.70702558607817079 0.93086951087845837 -0.70937271016231584 1.0008420557041273 -0.48516002351769905 -1.1093767245301469 -0.83562537979633222 1.0000000180025095e-35 1.0000000180025095e-35 -0.38582928817980849 0.33906720093329545 0.22029778340267295 1.0000000180025095e-35 0.079315002344665583 0.70298634363074808 1.0000000180025095e-35 -1.1538479193169797 0.40905410323717734 -0.60181643781953831 -0.66358657367272111 -0.61996852177754513 0.33906720093329545 1.0000000180025095e-35
decision_type=2 2 2 2 2 2 2 2 2 2 2 2 2 2 2 2 2 2 2 2 2 2 2 2 2 2 2 2 2 2 2 2 2 2 2
left_child=34 3 6 5 31 10 7 9 -7 -3 -2 12 13 -8 30 27 -16 -13 -19 20 21 -20 29 -24 -6 26 -26 -9 -29 -21 -5 -4 -27 -18 -1
right_child=1 2 4 14 24 8 11 15 -10 -11 -12 17 -14 -15 16 -17 33 18 19 22 -22 -23 23 -25 25 32 -28 28 -30 -31 -32 -33 -34 -35 -36
leaf_value=0.028731804124556826 -0.027516600902915037 -0.036610194646677828 0.019195782948637125 -0.039955127446400361 -0.032226229238093831 -0.0014766680156948887 -0.024257549863529092 -0.0044390412323961409 0.028588364671737934 -0.0019094417277981607 0.003989662832435052 -0.0067926504388367498 0.020835325237047071 0.0026267001858067602 0.0073700661491690701 -0.010956685421732466 -0.023711501083166858 0.033807128589010936 0.016995477176876102 0.0028272765564630511 0.032957403265122323 -0.01597746522221043 -0.006840298087019506 0.026987004286022794 0.01209698730292025 -0.0049286641713197181 -0.016813867405810728 0.0265482521622931 0.0014957598283289069 -0.020485991910744166 -0.012795266875495002 -0.0038399405589520214 -0.029581968559600023 -0.0039308509750420771 0.0079767099944598949
leaf_weight=6.6871361136436445 4.8035763204097748 6.5207318812608701 5.0359873622655869 5.5581936836242667 4.8051227033138302 7.4318202733993513 7.4688749909401002 5.2793734073638978 5.2439587414264679 5.0367770791053772 4.8076398670673388 5.5220085978507987 5.4900085479021064 9.1055837869644147 6.7237016260623941 5.5266892164945594 5.5286120921373367 5.4961003214120856 20.307876944541931 5.9804575741291064 6.9316456019878379 5.0246265381574657 5.0221458524465543 5.9866533130407333 9.3546173870563525 5.7610537856817245 6.2507169991731635 8.5823081731796282 5.7522561550140336 5.0281674414873123 8.6537348628044111 4.7984473407268506 5.7664739787578565 6.470989391207695 5.4907453507184982
leaf_count=28 20 27 21 23 20 31 31 22 22 21 20 23 23 38 28 23 23 23 85 25 29 21 21 25 39 24 26 36 24 21 36 20 24 27 23
internal_value=0 -0.00135013 0.00133572 -0.00934363 -0.00840415 0.00106452 0.00472419 -0.00368316 0.0122469 -0.0239037 -0.0128058 0.00832585 -0.00136078 -0.0101638 -0.0163006 0.00620977 -0.00679328 0.0116458 0.0135716 0.0105611 0.0161199 0.00970421 0.00165164 0.0121058 -0.0139047 -0.00893223 0 0.0117658 0.017968 -0.00852105 -0.0265996 0.00840604 -0.0197078 -0.0151109 0.0217135
internal_weight=233.235 221.057 165.835 55.2222 41.7724 22.287 124.062 36.6981 12.6758 11.5575 9.61122 87.3641 22.0645 16.5745 32.9352 25.1406 18.7233 65.2997 59.7777 54.2816 32.2641 25.3325 22.0174 11.0088 31.938 27.1329 15.6053 19.6139 14.3346 11.0086 14.2119 9.83443 11.5275 11.9996 12.1779
internal_count=973 922 692 230 174 93 518 153 53 48 40 365 92 69 137 105 78 273 250 227 135 106 92 46 133 113 65 82 60 46 59 41 48 50 51
is_linear=0
shrinkage=0.03


Tree=2
num_leaves=34
num_cat=0
split_feature=27 14 10 29 40 41 31 19 35 38 28 27 35 30 31 34 29 32 36 41 12 36 33 27 12 19 12 30 22 40 12 35 31
split_gain=4.66231 5.54759 5.52537 5.13257 6.64159 6.06371 6.43056 8.35652 6.51922 5.55367 4.85255 4.92295 4.84563 4.49322 7.72225 4.39214 3.9969 4.27466 3.82592 3.5233 3.61343 6.958 3.34818 3.30175 2.98362 2.97479 2.3832 2.36525 1.65216 1.38831 1.3225 1.15911 0.15644
threshold=-1.9306928265726944 -0.50291640704094165 -2.6881807422988069 -0.60908288535398547 395.50000000000006 638.00000000000011 0.75015996812302199 0.4763246733982171 0.5233561163572592 -0.59776461867030983 1.0503378329573207 0.29780493283021803 0.39347248713767824 1.0000000180025095e-35 0.31844357377320859 -0.17655336999683413 0.73252123219444143 0.22029778340267295 0.30911107046296044 295.50000000000006 -0.68885896254166246 -0.26530159482583948 -0.37467458843372264 -0.15802415432037772 -0.084946980034658032 1.0175437164692225 -0.031158736675160569 -0.60328731820437864 0.4331798408697547 306.00000000000006 0.51539849603325871 -0.38582928817980849 -0.5449892149264175
decision_type=2 2 2 2 2 2 2 2 2 2 2 2 2 2 2 2 2 2 2 2 2 2 2 2 2 2 2 2 2 2 2 2 2
left_child=-1 2 -2 5 9 6 8 -8 23 29 11 19 13 16 -15 -11 24 -18 -17 31 -21 30 -20 -3 27 -10 -13 -6 -16 -5 -22 -4 -14
right_child=1 3 10 4 12 -7 7 -9 25 15 -12 26 32 14 28 18 17 -19 22 20 21 -23 -24 -25 -26 -27 -28 -29 -30 -31 -32 -33 -34
leaf_value=-0.023310144630548413 0.01824297315138412 0.0035506048514911178 0.011128154937996756 0.019658499389800136 0.0091134191157829485 -0.032003830185282092 -0.038854665010003793 0.0058524167310028763 -0.015798184708336806 -0.029827160037956161 -0.028278424628110876 0.017575032224884598 0.013286983686848674 -0.024364655193226968 0.022653814796887793 0.013379232854065552 -0.013209414186549463 0.016133380207910338 -0.021064713129020921 0.00019536987739648915 -0.045535480604420017 0.0027824935279769742 0.0037593080289602615 0.033631673999783403 0.0010947786995905544 0.0098534361518042898 -0.0033257935322102946 0.036664786530209069 0 0.00034559704872244763 -0.015261798763382231 -0.0064168475938586817 0.029717053126811336
leaf_weight=5.9938616752624503 5.7614920735359183 6.7114409655332565 5.2590079009532928 8.1407506167888624 6.4393544644117346 4.8116553574800482 6.0127928853034955 6.470066249370575 9.1193601042032224 5.7557587325572994 8.9130578488111478 8.3974236994981784 6.4646164178848293 7.9097804725170162 4.7888283431529981 7.3898559212684658 7.6710565537214261 7.1708003580570221 9.598601192235952 6.7277553379535666 6.7370418310165388 5.2836189866066041 7.4214797914028123 7.1854660511016863 5.7309467941522625 5.0276926159858695 8.1810905039310438 9.3233280628919584 4.7738140672445297 6.2156015485525122 5.0519799441099167 5.037783816456793 11.687976419925688
leaf_count=25 24 28 22 34 27 20 25 27 38 24 37 35 27 33 20 31 32 30 40 28 28 22 31 30 24 21 34 39 20 26 21 21 49
internal_value=-6.82366e-07 0.000736966 -0.00651561 0.00373554 0.00706492 -0.00464243 -0.000224784 -0.0171112 0.00757569 -0.00190214 -0.00939684 -0.00524337 0.0126201 0.00754582 -0.00445422 -0.00921279 0.0134226 0.000779901 -0.00267507 -0.0116674 -0.0177305 -0.0245629 -0.0104886 0.0212551 0.0212714 -0.00622778 0.00750893 0.027527 0.012543 0.012499 -0.0362008 0.00231108 0.0256319
internal_weight=233.165 227.171 65.3503 161.821 116.483 45.3385 40.5268 12.4829 28.044 44.522 59.5888 50.6757 71.9605 53.8079 17.4724 30.1657 36.3355 14.8419 24.4099 34.0972 23.8004 17.0726 17.0201 13.8969 21.4936 14.1471 16.5785 15.7627 9.56264 14.3564 11.789 10.2968 18.1526
internal_count=973 948 272 676 487 189 169 52 117 186 248 211 301 225 73 126 152 62 102 142 99 71 71 58 90 59 69 66 40 60 49 43 76
is_linear=0
shrinkage=0.03


Tree=3
num_leaves=32
num_cat=0
split_feature=15 29 0 13 5 33 29 37 27 12 20 28 24 26 38 28 25 25 12 20 33 16 33 22 28 25 16 13 24 31 31
split_gain=7.07857 3.5572 4.66817 5.03947 4.48968 6.52199 7.20602 4.4662 6.15518 5.4411 6.55554 8.62573 4.74649 7.08821 4.20233 5.60021 5.74271 5.27273 3.79762 3.19263 3.07546 3.01604 3.11961 4.0544 2.8464 2.51526 2.41816 2.40836 2.16588 0.870512 0.651925
threshold=-1.546558911886688 -1.5146656646991736 -0.93490771146731999 1.9708261655504815 1.1082580571925187 0.54517766160561199 0.73252123219444143 1.0000000180025095e-35 0.50039563823048305 -0.10569944178668075 -0.50535838842265679 0.32162951790318395 -0.51936081141701373 -0.13324262096543876 1.0000000180025095e-35 -0.22490171838741868 -0.72704559311903061 -0.36852779831973048 0.28526734840623968 -0.78683358487464095 -0.61996852177754513 -0.87783217856825912 0.79923209256885686 0.12706655274060344 0.13945243913964958 0.22900185967910361 -1.0000000180025095e-35 -0.39430827339412072 -0.32169545617993961 -0.32913101775151105 0.31844357377320859
decision_type=2 2 2 2 2 2 2 2 2 2 2 2 2 2 2 2 2 2 2 2 2 2 2 2 2 2 2 2 2 2 2
left_child=29 24 3 25 5 7 21 8 12 14 27 18 -4 -14 15 16 -9 -17 -12 -15 -16 -7 -23 -24 -2 -3 -13 -11 -26 -1 -10
right_child=1 2 4 -5 -6 6 -8 9 30 10 11 26 13 19 20 17 -18 -19 -20 -21 -22 22 23 -25 28 -27 -28 -29 -30 -31 -32
leaf_value=0.0086940343846383834 0.024801891961295362 -0.032769297236279367 0.017523409814996508 0.0081765062202873683 0.023658403663014266 -0.019719210776899178 -0.038077467149921045 0.021848225488358432 -0.033687456602070023 0.018592392198037648 -0.047906840172279808 -0.0085600776780426387 -0.03396219287163494 -0.01545788041980933 -0.019436617086876884 0.007981966506284844 -0.0068495144136661475 0.035642423095576414 -0.0088907584095361588 0.0094800389674583874 0.0062864211944380008 0.017563469102527991 -0.024362703376654256 0.0063047561539278313 -0.010718463181357512 -0.0082092811234049864 0.017611434116597463 -0.0045532486978767262 0.013460950528702271 0.029333621231400819 -0.010725972966546836
leaf_weight=6.4145876616239548 6.4761719405651119 8.6867896020412498 8.3924543261527997 5.4988694489002219 5.0264472365379325 7.2117508053779629 6.7440442144870749 7.8830098658800152 5.0479606539010984 8.8384503126144391 5.304343447089197 4.7973648458719254 5.0371775627136222 5.0444160699844369 5.526921108365058 14.103379979729651 17.21504724025726 12.894437298178678 5.2763237506151199 13.888408407568935 8.6191015243530256 5.7212609350681332 5.0533848851919156 7.9126144498586655 5.5349460095167169 9.3969328403472883 4.7745817154645902 5.27193659543991 4.802985176444051 5.676483288407324 5.0481460690498352
leaf_count=27 27 36 35 23 21 30 28 33 21 37 22 20 21 21 23 59 72 54 22 58 36 24 21 33 23 39 20 22 20 24 21
internal_value=0 -0.00130824 -0.00245186 -0.0145935 -0.000726623 -0.00165295 -0.0134488 0.00111057 -0.00684205 0.00458021 -0.00487209 -0.0155003 0 -0.00696101 0.00955752 0.0134415 0.00266234 0.0225841 -0.0324669 0.00189499 -0.00428011 -0.00508312 0.00131352 -0.0065197 0.0113172 -0.0219197 0.00456997 0.00995377 0.000290622 0.0209933 -0.0255965
internal_weight=233.121 221.03 204.216 23.5826 180.633 175.607 32.6431 142.963 42.4586 100.505 34.263 20.1526 32.3625 23.97 66.2419 52.0959 25.0981 26.9978 10.5807 18.9328 14.146 25.899 18.6873 12.966 16.8141 18.0837 9.57195 14.1104 10.3379 12.0911 10.0961
internal_count=973 922 852 98 754 733 136 597 177 420 143 84 135 100 277 218 105 113 44 79 59 108 78 54 70 75 40 59 43 51 42
is_linear=0
shrinkage=0.03


Tree=4
num_leaves=32
num_cat=0
split_feature=15 29 0 13 5 33 29 37 27 40 24 26 29 29 26 21 28 28 16 33 22 23 28 17 35 28 24 32 26 29 23
split_gain=6.78328 3.40025 4.40215 4.77741 4.30667 6.17348 6.79272 4.26096 5.83687 5.24709 4.53159 6.71288 4.39861 4.52052 5.21407 3.06002 3.8966 4.37283 2.85689 2.98086 3.85377 2.82774 2.72477 2.54811 2.3322 4.4703 2.06789 1.95533 1.82803 0.855415 0.0803605
threshold=-1.546558911886688 -1.5146656646991736 -0.93490771146731999 1.9708261655504815 1.1082580571925187 0.54517766160561199 0.73252123219444143 1.0000000180025095e-35 0.50039563823048305 395.50000000000006 -0.51936081141701373 -0.13324262096543876 1.0008420557041273 0.46420040868475604 -0.45862065548700826 0.079315002344665583 -0.58925587591448692 0.32162951790318395 -0.87783217856825912 0.79923209256885686 0.12706655274060344 1.0000000180025095e-35 0.13945243913964958 0.60418842574702258 -0.52499031948650232 1.0503378329573207 -0.32169545617993961 0.4462536745510689 -0.13324262096543876 1.0000000180025095e-35 1.0000000180025095e-35
decision_type=2 2 2 2 2 2 2 2 2 2 2 2 2 2 2 2 2 2 2 2 2 2 2 2 2 2 2 2 2 2 2
left_child=29 22 3 24 5 7 18 8 10 15 -4 -12 13 14 -11 16 -9 -18 -7 -20 -21 -17 -2 -13 -3 -26 -24 -23 -15 -1 -10
right_child=1 2 4 -5 -6 6 -8 9 30 12 11 23 -14 28 -16 21 17 -19 19 20 -22 27 26 -25 25 -27 -28 -29 -30 -31 -32
leaf_value=0.027569402772251447 0.024299937819714418 -0.037116761682060219 0.017130398051260865 0.0079947146938238855 0.023201886615223408 -0.019168941529196189 -0.036930844521756004 0.018488044640764142 -0.031362025240231732 0.026683793576447224 -0.033008395801051638 0.0087850094835535998 -0.007645069712224708 0.0094492330046541517 0.0016834074317248619 0.0028395864511422462 -0.01935872612740849 0.013051244479710794 0.017198957426136512 -0.023714517125784356 0.0061524619089905839 -0.031880918835176637 -0.010448476161398431 -0.013261211521546521 0.0020592075955043741 -0.030514669351807491 0.013180669899905692 -0.0055638387647573614 0.03885986080707577 0.0071269675869904802 -0.012557703975279487
leaf_weight=6.5954374521970731 6.4431355744600323 5.0830610394477906 8.3623197972774488 5.4894436150789252 5.001479133963584 7.2388484477996853 6.7906686365604392 7.8712225854396847 4.8329448103904706 8.587719038128844 5.0700769424438468 13.641464561223989 9.5889925807714445 5.0058592557907104 32.72079028189183 5.9764176756143597 7.6879670917987806 4.7832569777965546 5.6993650794029262 5.0764043778181058 7.9025097042322159 5.5390650033950788 5.5462151914834985 5.2792610526084891 8.2067553997039777 4.8587532192468634 4.7900588512420628 6.2304632961750031 6.3996719568967801 5.443495899438858 5.3054947257041931
leaf_count=28 27 21 35 23 21 30 28 33 20 36 21 57 40 21 137 25 32 20 24 21 33 23 23 22 34 20 20 26 27 23 22
internal_value=-8.04246e-06 -0.00128785 -0.00240539 -0.0141821 -0.000726836 -0.00163305 -0.0130959 0.00105819 -0.00670312 0.00445244 0 -0.00681622 0.00975605 0.013156 0.00777383 -0.00411233 0.00354322 -0.00643201 -0.00495313 0.00127434 -0.0063615 -0.0127919 0.0110672 0.0018176 -0.0212936 -0.0115373 0.000277535 -0.0206053 0.0290151 0.020583 -0.0249239
internal_weight=233.049 221.01 204.23 23.638 180.592 175.591 32.7078 142.883 42.4916 100.391 32.3531 23.9908 62.303 52.714 41.3085 38.0884 20.3424 12.4712 25.9171 18.6783 12.9789 17.7459 16.7794 18.9207 18.1486 13.0655 10.3363 11.7695 11.4055 12.0389 10.1384
internal_count=973 922 852 98 754 733 136 597 177 420 135 100 261 221 173 159 85 52 108 78 54 74 70 79 75 54 43 49 48 51 42
is_linear=0
shrinkage=0.03


Tree=5
num_leaves=36
num_cat=0
split_feature=15 36 36 41 32 34 13 16 29 38 15 26 22 10 25 15 13 25 23 30 27 21 27 26 24 27 30 27 34 36 38 21 32 29 28
split_gain=6.49303 4.59872 5.82411 4.23648 4.20873 3.88396 3.96421 3.87378 8.26104 4.96922 3.4183 3.2741 3.11907 2.95856 5.09171 3.43044 2.84573 3.45585 3.36881 2.76377 8.09544 5.23338 3.3021 2.64503 3.10493 2.71471 3.99371 2.99457 3.27598 3.09397 2.47961 2.11724 1.77908 0.818895 0.730939
threshold=-1.546558911886688 -0.68612798597324909 0.84622421203170894 395.50000000000006 -1.0165134102517037 -1.6945736721412421 0.88221287765903966 -0.87783217856825912 -0.60908288535398547 -0.59776461867030983 0.10506003662340943 0.57174312049796205 -0.077008972678830723 0.1897372230226794 0.70702558607817079 0.93086951087845837 0.80486138860802725 0.70702558607817079 -0.33220635811550209 0.80208316193382789 0.29780493283021803 1.0000000180025095e-35 -0.51255788877084096 -1.1093767245301469 -0.83562537979633222 1.0000000180025095e-35 1.2175220707584671 -0.91773929957137057 0.25716671633013982 0.44338935585514766 -1.0000000180025095e-35 -1.0000000180025095e-35 0.91005787217146006 1.0000000180025095e-35 -1.0000000180025095e-35
decision_type=2 2 2 2 2 2 2 2 2 2 2 2 2 2 2 2 2 2 2 2 2 2 2 2 2 2 2 2 2 2 2 2 2 2 2
left_child=33 4 7 32 5 12 -7 8 10 -10 -3 30 -2 14 15 -9 17 34 -18 20 21 -5 -23 -15 -25 27 31 28 -26 -29 -11 -27 -4 -1 -6
right_child=1 2 3 19 16 6 -8 13 9 11 -12 -13 -14 23 -16 -17 18 -19 -20 -21 -22 22 -24 24 25 26 -28 29 -30 -31 -32 -33 -34 -35 -36
leaf_value=0.027047026470389555 -0.025877946905282018 -0.035086907026224919 -0.0039804377936271465 0.0043546601847588903 -0.021989431844506163 -0.0038603510026883939 0.026622126805065312 -0.022974648733075826 0.024181312189459618 -0.023090427191328585 -0.0017091755462993478 0.013394362717991968 0.0041929332142331714 -0.0066507406571751073 0.020365849104508459 0.0022934985760928281 -0.034202136133459383 0.0090091043970858802 -0.0036007319602988259 -0.030063780812429226 0.019132117000281505 -0.010744962792864124 -0.043090469471402118 0.032831060991847745 -0.013892352431694949 -0.013182704405166215 0.022285376610831527 0.02896895732192975 0.014665483425207054 0.0019030928580547257 0.001799469014080995 0.0064943759969677255 0.018377170820114058 0.0069685135189416674 -0.0036359300829222909
leaf_weight=6.5507824420928937 4.8558276295661926 6.5768079161643964 4.7891194820404035 6.2193557769060197 6.047831878066062 6.4723242372274381 6.1463325917720795 7.5265994369983735 7.6217526644468299 6.0000224709510821 5.0433850884437561 5.719586342573165 4.8132961541414279 5.5247596204280844 5.4590835720300666 9.0782746672630292 9.476827993988989 6.9868395626544944 5.8121521025896064 6.0401312261819831 5.9897426962852469 8.4404503554105759 5.3163408935070011 5.4270751327276221 4.773699730634684 10.536076664924625 4.7684472054243079 14.467251583933836 6.8960920125246048 5.9257411658763877 5.763119593262676 6.6676177382469186 4.9896751195192337 5.434500053524971 4.8039405643939999
leaf_count=28 20 27 20 26 25 27 26 31 32 25 21 24 20 23 23 38 39 29 24 25 25 35 22 23 20 44 20 61 29 25 24 28 21 23 20
internal_value=-1.1853e-05 -0.00126239 0.00122448 -0.00822634 -0.00863411 0.00120991 0.0118131 0.00452313 -0.00343771 0.00613313 -0.0229093 -0.0027081 -0.0118187 0.00795072 -0.00124742 -0.00978309 -0.0151958 -0.00581398 -0.0242874 -0.0134395 -0.00792326 -0.0170847 -0.0266458 0.0111216 0.0129943 0.0100609 0.00145152 0.0154535 0.00227614 0.0220475 -0.0116193 -0.00532646 0.0078225 0.0201755 -0.0157786
internal_weight=232.961 220.976 165.56 41.7848 55.4154 22.2878 12.6187 123.775 36.7247 25.1045 11.6202 17.4827 9.66912 87.0507 22.064 16.6049 33.1276 17.8386 15.289 32.006 25.9659 19.9761 13.7568 64.9868 59.462 54.0349 21.9721 32.0628 11.6698 20.393 11.7631 17.2037 9.77879 11.9853 10.8518
internal_count=973 922 692 174 230 93 53 518 153 105 48 73 40 365 92 69 137 74 63 133 108 83 57 273 250 227 92 135 49 86 49 72 41 51 45
is_linear=0
shrinkage=0.03


end of trees

feature_importances:
Column_29=16
Column_15=14
Column_27=11
Column_16=10
Column_26=10
Column_28=10
Column_25=9
Column_33=9
Column_36=9
Column_13=7
Column_31=7
Column_32=7
Column_35=7
Column_12=6
Column_22=6
Column_24=6
Column_34=6
Column_30=5
Column_10=4
Column_20=4
Column_21=4
Column_37=4
Column_38=4
Column_40=4
Column_41=4
Column_23=3
Column_0=2
Column_3=2
Column_5=2
Column_19=2
Column_1=1
Column_2=1
Column_14=1
Column_17=1

parameters:
[boosting: gbdt]
[objective: binary]
[metric: binary_logloss]
[tree_learner: serial]
[device_type: cpu]
[data_sample_strategy: bagging]
[data: ]
[valid: ]
[num_iterations: 800]
[learning_rate: 0.03]
[num_leaves: 96]
[num_threads: 1]
[seed: 42]
[deterministic: 0]
[force_col_wise: 1]
[force_row_wise: 0]
[histogram_pool_size: -1]
[max_depth: 10]
[min_data_in_leaf: 20]
[min_sum_hessian_in_leaf: 0.001]
[bagging_fraction: 0.85]
[pos_bagging_fraction: 1]
[neg_bagging_fraction: 1]
[bagging_freq: 0]
[bagging_seed: 400]
[bagging_by_query: 0]
[feature_fraction: 0.8]
[feature_fraction_bynode: 1]
[feature_fraction_seed: 30056]
[extra_trees: 0]
[extra_seed: 12879]
[early_stopping_round: 0]
[early_stopping_min_delta: 0]
[first_metric_only: 0]
[max_delta_step: 0]
[lambda_l1: 0.2]
[lambda_l2: 1.5]
[linear_lambda: 0]
[min_gain_to_split: 0]
[drop_rate: 0.1]
[max_drop: 50]
[skip_drop: 0.5]
[xgboost_dart_mode: 0]
[uniform_drop: 0]
[drop_seed: 17869]
[top_rate: 0.2]
[other_rate: 0.1]
[min_data_per_group: 100]
[max_cat_threshold: 32]
[cat_l2: 10]
[cat_smooth: 10]
[max_cat_to_onehot: 4]
[top_k: 20]
[monotone_constraints: ]
[monotone_constraints_method: basic]
[monotone_penalty: 0]
[feature_contri: ]
[forcedsplits_filename: ]
[refit_decay_rate: 0.9]
[cegb_tradeoff: 1]
[cegb_penalty_split: 0]
[cegb_penalty_feature_lazy: ]
[cegb_penalty_feature_coupled: ]
[path_smooth: 0]
[interaction_constraints: ]
[verbosity: -1]
[saved_feature_importance_type: 0]
[use_quantized_grad: 0]
[num_grad_quant_bins: 4]
[quant_train_renew_leaf: 0]
[stochastic_rounding: 1]
[linear_tree: 0]
[max_bin: 255]
[max_bin_by_feature: ]
[min_data_in_bin: 3]
[bin_construct_sample_cnt: 200000]
[data_random_seed: 175]
[is_enable_sparse: 1]
[enable_bundle: 1]
[use_missing: 1]
[zero_as_missing: 0]
[feature_pre_filter: 1]
[pre_partition: 0]
[two_round: 0]
[header: 0]
[label_column: ]
[weight_column: ]
[group_column: ]
[ignore_column: ]
[categorical_feature: ]
[forcedbins_filename: ]
[precise_float_parser: 0]
[parser_config_file: ]
[objective_seed: 16083]
[num_class: 1]
[is_unbalance: 0]
[scale_pos_weight: 1]
[sigmoid: 1]
[boost_from_average: 1]
[reg_sqrt: 0]
[alpha: 0.9]
[fair_c: 1]
[poisson_max_delta_step: 0.7]
[tweedie_variance_power: 1.5]
[lambdarank_truncation_level: 30]
[lambdarank_norm: 1]
[label_gain: ]
[lambdarank_position_bias_regularization: 0]
[eval_at: ]
[multi_error_top_k: 1]
[auc_mu_weights: ]
[num_machines: 1]
[local_listen_port: 12400]
[time_out: 120]
[machine_list_filename: ]
[machines: ]
[gpu_platform_id: -1]
[gpu_device_id: -1]
[gpu_device_id_list: ]
[gpu_use_dp: 0]
[num_gpu: 1]

end of parameters

pandas_categorical:null
