tree
version=v4
num_class=3
num_tree_per_iteration=3
label_index=0
max_feature_idx=23
objective=multiclass num_class:3
feature_names=Column_0 Column_1 Column_2 Column_3 Column_4 Column_5 Column_6 Column_7 Column_8 Column_9 Column_10 Column_11 Column_12 Column_13 Column_14 Column_15 Column_16 Column_17 Column_18 Column_19 Column_20 Column_21 Column_22 Column_23
feature_infos=[-1.8022654266574794:1.3198408427542219] [-1.3246694160860277:1.6232943133539761] [-2.2367711358343789:1.3924270646916002] [-0.77543999738373348:1.2895904304316437] [-2.1071824506327577:2.3257110318318013] [-2.2100646767273306:2.3599101084592977] [-3.0171429265716982:2.7166456012755407] [-3.7526603143055586:3.1513438247729173] [-2.7121726347953827:3.0742405211588855] [-2.8415402955365896:3.1119109379940264] [-4.4258920511853477:2.5189746004626707] [-5.0582485912029123:3.9631825006996833] [-3.7626329171574073:4.130540418796631] [-3.8992675110488673:4.2620978216398457] [-5.0136002812677347:2.1344023812803297] [-4.5854552971633282:5.2007173067779293] [-2.0020318160047017:3.3183846018209957] [-2.7329040927558816:2.8090802259845984] [-2.5334403426194934:3.3331956581540751] [-0.71052419361384944:4.0070483656108964] [-0.73452688693602397:3.8387663099972889] [-5.7754275094008891:5.7966606987736862] [-0.51908047490544984:7.4205231128972846] [-0.28013018808509843:14.076004204562439]
tree_sizes=1272 1158 1159 1285 1298 1172 1299 1150 1184 1295 1291 1200 1294 1405 1207 1299 1311 1202 1298 1401 1209 1298 1278 1204 1410 1407 1197 1410 1282 1291 1302 1280 1298 1308 1303 1315 1297 1306 1310 1306 1307 1426 1407 1276 1406 1418 1201 1420 1308 1412 1389 1420 1306 1412 1302 1422 1382

Tree=0
num_leaves=11
num_cat=0
split_feature=7 22 14 14 21 10 17 8 8 19
split_gain=7.11574 4.89774 4.72154 3.23799 4.2841 3.17369 1.74854 4.3193 1.74673 1.55359
threshold=0.36747118804772544 -0.19162220510394107 -0.73170496650464301 0.50649287221141226 0.11678254155038563 0.58984497500488786 0.78823050693434826 0.4703546009794648 0.24991981408596878 -0.1994538330311687
decision_type=2 2 2 2 2 2 2 2 2 2
left_child=1 3 -2 4 8 -5 7 -4 9 -1
right_child=2 -3 6 5 -6 -7 -8 -9 -10 -11
leaf_value=-0.68133474594032872 -0.7040059551948703 -0.72655094110532403 -0.73636698451317784 -0.73303702630346179 -0.72114823836512942 -0.70326468961358757 -0.74483835909294294 -0.70227347532403417 -0.70963044527637131 -0.70562915961001738
leaf_weight=16.118283659219742 7.1220323145389584 10.495626568794249 9.7459389567375201 5.6226570904254904 5.9975008964538565 8.2465637326240522 9.3710951507091504 5.6226570904254904 6.7471885085105887 6.7471885085105958
leaf_count=43 19 28 26 15 16 22 25 15 18 18
internal_value=-0.713766 -0.706717 -0.726669 -0.702075 -0.696718 -0.715911 -0.733631 -0.723704 -0.691451 -0.687061
internal_weight=91.8367 59.975 31.8617 49.4794 35.6102 13.8692 24.7397 15.3686 29.6127 22.8655
internal_count=245 160 85 132 95 37 66 41 79 61
is_linear=0
shrinkage=1


Tree=1
num_leaves=10
num_cat=0
split_feature=14 21 13 12 10 18 13 6 17
split_gain=5.54525 3.45347 3.09228 3.07072 4.13314 2.07579 1.00609 2.08844 0.36778
threshold=0.83947436270278175 0.22294848841437256 0.32499473059279077 -0.057226545556761592 -0.08535039390533615 0.15731175856919286 0.24324368054313097 -0.60895174487585768 -0.79680462470494495
decision_type=2 2 2 2 2 2 2 2 2
left_child=1 3 -2 6 -5 -6 7 -1 -9
right_child=2 -3 -4 4 5 -7 -8 8 -10
leaf_value=-1.3673663641156109 -1.3411431873474888 -1.3595612277199154 -1.3741238254996355 -1.3552542462523882 -1.3691876189983061 -1.3944011618852505 -1.3974952904853499 -1.3777392464924658 -1.3944011618852505
leaf_weight=5.9541693627834329 6.5212331116199476 7.6553606092929831 5.6706374883651733 8.2224243581295031 5.3871056139469164 7.3718287348747253 11.057743102312086 4.25297811627388 7.3718287348747253
leaf_count=21 23 27 20 29 19 26 39 15 26
internal_value=-1.37412 -1.37883 -1.35447 -1.38235 -1.37241 -1.38417 -1.38944 -1.38224 -1.39012
internal_weight=69.4653 57.2734 12.1919 49.6181 20.9814 12.7589 28.6367 17.579 11.6248
internal_count=245 202 43 175 74 45 101 62 41
is_linear=0
shrinkage=1


Tree=2
num_leaves=10
num_cat=0
split_feature=18 19 14 11 23 4 1 16 9
split_gain=14.5937 3.90116 3.64421 4.01191 2.27838 3.67058 1.63918 0.672715 1.33429
threshold=-0.71692202382482006 -0.042201414390343868 -0.81803350107647954 0.84037943042570762 -0.17253603310808255 1.0000000180025095e-35 0.41730915131033819 -0.1282432377932646 -0.22863669859815261
decision_type=2 2 2 2 2 2 2 2 2
left_child=1 6 -2 4 7 -6 -1 8 -4
right_child=2 -3 3 -5 5 -7 -8 -9 -10
leaf_value=-1.3412353997269968 -1.341491112263457 -1.3581234841531944 -1.3775351312207607 -1.3435817350157317 -1.3732000453141398 -1.3404041365161536 -1.3063730804486684 -1.3828392484330243 -1.3573105915090269
leaf_weight=7.1632653474807757 4.2979592084884635 4.5844898223876944 6.590204119682312 4.5844898223876944 8.5959184169769269 4.8710204362869254 4.5844898223876953 18.624489903450016 6.3036735057830793
leaf_count=25 15 16 23 16 30 17 16 65 22
internal_value=-1.35812 -1.33103 -1.36702 -1.36989 -1.37319 -1.36024 -1.3217 -1.37811 -1.36851
internal_weight=70.2 16.3322 53.8678 49.5698 44.9853 13.4669 11.7478 31.5184 12.8939
internal_count=245 57 188 173 157 47 41 110 45
is_linear=0
shrinkage=1


Tree=3
num_leaves=11
num_cat=0
split_feature=7 22 14 14 21 10 8 17 8 19
split_gain=6.75136 4.65954 4.53506 3.07656 4.09493 3.03059 1.70474 1.63596 4.13952 1.47495
threshold=0.36747118804772544 -0.19162220510394107 -0.73170496650464301 0.50649287221141226 0.11678254155038563 0.58984497500488786 0.24991981408596878 0.78823050693434826 0.4703546009794648 -0.1994538330311687
decision_type=2 2 2 2 2 2 2 2 2 2
left_child=1 3 -2 4 6 -5 9 8 -4 -1
right_child=2 -3 7 5 -6 -7 -8 -9 -10 -11
leaf_value=0.03164943938659303 0.009593779150052174 -0.01250594802004888 -0.022176735085250497 -0.018858120414786118 -0.0072759077302145354 0.010236235672300887 0.0038618367367787938 -0.030309175923674766 0.011198822430839979 0.0079397707542566975
leaf_weight=16.124301314353943 7.1230151355266598 10.491577774286268 9.7399608790874499 5.6188666820526114 5.9965149462223044 8.2482553422451002 6.7486680448055258 9.3587410449981672 5.6238341629505149 6.7483277022838655
leaf_count=43 19 28 26 15 16 22 18 25 15 18
internal_value=0 0.00683638 -0.0126006 0.0113657 0.0165862 -0.00211279 0.0217376 -0.0194312 -0.00977471 0.0260662
internal_weight=91.8221 59.9765 31.8456 49.4849 35.6178 13.8671 29.6213 24.7225 15.3638 22.8726
internal_count=245 160 85 132 95 37 79 66 41 61
is_linear=0
shrinkage=0.035


Tree=4
num_leaves=11
num_cat=0
split_feature=16 6 14 22 1 21 19 20 19 1
split_gain=5.29908 3.07293 4.05338 3.08265 2.91494 2.6412 1.99209 1.89864 1.42977 0.0585674
threshold=1.3941219711743604 -0.83830328598974724 -0.54178219044660259 -0.45358882094514802 -0.65467765939511768 1.0000000180025095e-35 -0.1994538330311687 -0.16286523731935984 0.27230342289130588 1.2212992593394303
decision_type=2 2 2 2 2 2 2 2 2 2
left_child=1 2 -1 -3 5 -5 -7 9 -9 -6
right_child=-2 3 -4 4 7 6 -8 8 -10 -11
leaf_value=-0.0074763248349328732 0.027978691525488847 0.010970723900432732 0.026403195339945167 -0.016609575284230488 -0.026668666082283441 -0.0025982767842407106 0.023183757966604837 0.0080458235258620055 -0.015010863345066334 -0.0092001737403650686
leaf_weight=6.7664893269538879 5.4499936997890464 7.6491414308547965 6.8679309785366041 5.0640101730823508 12.989203482866289 6.4910436272621164 4.8348322510719273 4.8068586885929161 4.291228711605072 4.2502580881118766
leaf_count=24 19 27 24 18 46 23 17 17 15 15
internal_value=0 -0.00316072 0.0104481 -0.00720251 -0.0109184 0.000465735 0.00984138 -0.0177209 -0.00310143 -0.0240389
internal_weight=69.461 64.011 13.6344 50.3766 42.7274 16.3899 11.3259 26.3375 9.09809 17.2395
internal_count=245 226 48 178 151 58 40 93 32 61
is_linear=0
shrinkage=0.035


Tree=5
num_leaves=10
num_cat=0
split_feature=18 20 14 11 23 4 1 16 9
split_gain=13.7967 3.71457 3.52685 3.81507 2.25466 3.53558 1.37941 0.656753 1.29813
threshold=-0.71692202382482006 1.0000000180025095e-35 -0.81803350107647954 0.84037943042570762 -0.17253603310808255 -1.0000000180025095e-35 0.41730915131033819 -0.1282432377932646 -0.22863669859815261
decision_type=2 2 2 2 2 2 2 2 2
left_child=1 6 -2 4 7 -6 -1 8 -4
right_child=2 -3 3 -5 5 -7 -8 -9 -10
leaf_value=0.015572864464476805 0.016342609984755563 0 -0.019181139638791308 0.013973709694913379 -0.014777300596454584 0.017424779158750243 0.048045066961224764 -0.024431728768079093 0.00079359515654200236
leaf_weight=6.6521530449390429 4.3261053562164298 4.6064609587192527 6.520252525806427 4.6442038714885703 8.4987660944461805 4.9016735553741446 5.2998354136943817 18.369949549436573 6.3067751824855787
leaf_count=23 15 16 23 16 30 17 18 65 22
internal_value=0 0.0261684 -0.00868603 -0.0115394 -0.0147946 -0.00192418 0.0351713 -0.0197159 -0.0102236
internal_weight=70.1262 16.5584 53.5677 49.2416 44.5974 13.4004 11.952 31.197 12.827
internal_count=245 57 188 173 157 47 41 110 45
is_linear=0
shrinkage=0.035


Tree=6
num_leaves=11
num_cat=0
split_feature=7 22 14 14 21 15 10 8 17 8
split_gain=6.33721 4.48478 4.36583 2.92912 6.07948 3.30019 3.25999 2.31084 1.54075 3.96833
threshold=0.36747118804772544 1.2592698210935132 -0.73170496650464301 0.50649287221141226 0.11678254155038563 0.30763100480730066 0.58984497500488786 0.24991981408596878 0.78823050693434826 0.4703546009794648
decision_type=2 2 2 2 2 2 2 2 2 2
left_child=1 3 -2 4 5 7 -5 -1 9 -4
right_child=2 -3 8 6 -6 -7 -8 -9 -10 -11
leaf_value=0.031069258886121484 0.0095073361587286378 -0.018774855744496652 -0.021709910898539634 -0.019822256777277482 -0.011868328764382322 -0.00094611375706052728 0.0099521388116788501 0.0039895396345621505 -0.029544593443088754 0.010965570702846922
leaf_weight=20.616671919822696 7.1232274472713497 5.6171003580093375 9.7298580110073107 5.9894954264163962 7.1189517974853507 6.3709095418453208 8.2493706941604596 5.9989858269691458 9.3369332551956159 5.6241480112075797
leaf_count=55 19 15 26 16 19 17 22 16 25 15
internal_value=-1.98566e-06 0.00659397 -0.0122436 0.00988266 0.0145634 0.0207701 -0.0031478 0.0258546 -0.0189576 -0.00955405
internal_weight=91.7757 59.9615 31.8142 54.3444 40.1055 32.9866 14.2389 26.6157 24.6909 15.354
internal_count=245 160 85 145 107 88 38 71 66 41
is_linear=0
shrinkage=0.035


Tree=7
num_leaves=10
num_cat=0
split_feature=14 21 13 12 6 1 23 19 16
split_gain=5.01559 3.23728 2.90737 2.41557 4.69543 1.08701 1.32575 1.02922 0.647467
threshold=0.83947436270278175 0.43528038214234649 0.32499473059279077 -0.53958713830950833 -0.83830328598974724 1.2212992593394303 -0.17692763127040975 -0.67121108895364312 -1.0809744969392978
decision_type=2 2 2 2 2 2 2 2 2
left_child=1 3 -2 8 -5 6 -6 -8 -1
right_child=2 -3 -4 4 5 -7 7 -9 -10
leaf_value=-0.0032607861994155252 0.031240310819120983 0.016662247266125634 0 0.02274468780493456 0.0013842419106466777 0.0058135935499167464 0 -0.018889423932058658 -0.022797721903586678
leaf_weight=4.2013622224330893 6.7064372301101667 5.7443814277648917 5.7308161854743958 5.5056583583354906 7.296879529953002 4.2623768150806418 4.5054739415645626 14.930209040641794 10.55553764104843
leaf_count=15 23 20 20 19 26 15 16 53 38
internal_value=0 -0.0045258 0.0184896 -0.00753545 -0.00219115 -0.00788983 -0.0105101 -0.0149331 -0.0186018
internal_weight=69.4391 57.0019 12.4373 51.2575 36.5006 30.9949 26.7326 19.4357 14.7569
internal_count=245 202 43 182 129 110 95 69 53
is_linear=0
shrinkage=0.035


Tree=8
num_leaves=10
num_cat=0
split_feature=18 19 14 11 23 4 1 16 16
split_gain=13.0532 3.53612 3.42178 3.64905 2.21312 3.39258 1.34021 0.637164 1.28432
threshold=-0.71692202382482006 -0.042201414390343868 -0.81803350107647954 0.84037943042570762 -0.17253603310808255 -1.0000000180025095e-35 0.41730915131033819 -0.1282432377932646 -0.95531995158898042
decision_type=2 2 2 2 2 2 2 2 2
left_child=1 6 -2 4 7 -6 -1 8 -4
right_child=2 -3 3 -5 5 -7 -8 -9 -10
leaf_value=0.015971872566562999 0.016092219129208083 -0.00011412189520925553 -0.021249845156347005 0.013511877226671215 -0.014511568494396138 0.017028206739269938 0.047722752621838893 -0.024145455254295862 0
leaf_weight=7.2921111583709735 4.3503376543521872 4.6255327761173239 4.8023678064346313 4.6926515996456137 8.4108783900737745 4.9428758323192588 4.853983461856842 18.107215583324436 7.9626194238662702
leaf_count=25 15 16 17 16 30 17 16 65 28
internal_value=3.86307e-06 0.0252907 -0.00848974 -0.0113251 -0.0145446 -0.00179783 0.0339849 -0.0194537 -0.0100738
internal_weight=70.0406 16.7716 53.2689 48.9186 44.226 13.3538 12.1461 30.8722 12.765
internal_count=245 57 188 173 157 47 41 110 45
is_linear=0
shrinkage=0.035


Tree=9
num_leaves=11
num_cat=0
split_feature=7 22 14 14 21 12 15 8 17 8
split_gain=5.98665 4.27784 4.18486 2.78008 5.77852 3.1559 3.13209 2.21605 1.4479 3.80543
threshold=0.36747118804772544 1.2592698210935132 -0.73170496650464301 0.50649287221141226 0.11678254155038563 0.90749463994873214 0.30763100480730066 0.24991981408596878 0.78823050693434826 0.4703546009794648
decision_type=2 2 2 2 2 2 2 2 2 2
left_child=1 3 -2 4 6 -5 7 -1 9 -4
right_child=2 -3 8 5 -6 -7 -8 -9 -10 -11
leaf_value=0.030261982627390428 0.0093257826730981826 -0.018411947963992214 -0.021293349740336517 -0.018209780189296785 -0.011615299422453779 0.010888651589161857 -0.00093543259051733559 0.0037790563664228919 -0.028842645654372959 0.010707695312382567
leaf_weight=20.59970518946648 7.1235338151454952 5.6109768450260153 9.7173401415348071 6.7355193495750409 7.1152460873126975 7.4964120388031006 6.3694657683372489 5.9988223016262046 9.3077496588230115 5.6232837736606589
leaf_count=55 19 15 26 18 19 20 17 16 25 15
internal_value=-4.59147e-05 0.00636456 -0.0119533 0.00958029 0.014143 -0.00310615 0.0201988 0.0251548 -0.0185384 -0.00937819
internal_weight=91.6981 59.9261 31.7719 54.3152 40.0832 14.2319 32.968 26.5985 24.6484 15.3406
internal_count=245 160 85 145 107 38 88 71 66 41
is_linear=0
shrinkage=0.035


Tree=10
num_leaves=11
num_cat=0
split_feature=16 6 14 22 1 21 19 20 19 1
split_gain=4.81068 2.88129 3.59646 2.94472 2.84374 2.49121 1.85535 1.81878 1.41816 0.0638565
threshold=1.3941219711743604 -0.83830328598974724 -0.54178219044660259 -0.45358882094514802 -0.65467765939511768 1.0000000180025095e-35 -0.1994538330311687 -0.16286523731935984 0.27230342289130588 1.2212992593394303
decision_type=2 2 2 2 2 2 2 2 2 2
left_child=1 2 -1 -3 5 -5 -7 9 -9 -6
right_child=-2 3 -4 4 7 6 -8 8 -10 -11
leaf_value=-0.007024867740239661 0.026375455979678566 0.010725941544249579 0.024822596736014408 -0.016175437758182233 -0.026325883829069623 -0.0024529757185212013 0.022369087943610748 0.0079893623306899354 -0.01497628568990649 -0.0089572632816986436
leaf_weight=6.663847804069519 5.6063769161701194 7.687204271554946 7.0556819736957532 4.960106134414672 12.718847662210466 6.4614478051662454 4.9125807285308811 4.811399728059774 4.2837294638156891 4.2064716517925254
leaf_count=24 19 27 24 18 46 23 17 17 15 15
internal_value=0 -0.00302458 0.010094 -0.00697178 -0.010641 0.0005885 0.00961733 -0.0174165 -0.0031039 -0.0236894
internal_weight=69.3677 63.7613 13.7195 50.0418 42.3546 16.3341 11.374 26.0204 9.09513 16.9253
internal_count=245 226 48 178 151 58 40 93 32 61
is_linear=0
shrinkage=0.035


Tree=11
num_leaves=10
num_cat=0
split_feature=18 20 14 11 23 4 1 16 17
split_gain=12.3344 3.33374 3.2942 3.47581 2.17904 3.25898 1.1717 0.626432 1.69014
threshold=-0.71692202382482006 1.0000000180025095e-35 -0.81803350107647954 0.84037943042570762 -0.17253603310808255 -1.0000000180025095e-35 0.41730915131033819 -0.1282432377932646 -0.66651964928122609
decision_type=2 2 2 2 2 2 2 2 2
left_child=1 6 -2 4 7 -6 -1 8 -4
right_child=2 -3 3 -5 5 -7 -8 -9 -10
leaf_value=0.01462735622598888 0.015734881095041914 -0.00018722347881367296 -0.017846778531440014 0.013018881045968482 -0.014230066337229872 0.016693214247699872 0.044482400187532058 -0.023870225460272305 0.0055718085851880579
leaf_weight=6.7780496776103991 4.3849753141403189 4.6351161003112784 8.3969328105449659 4.7442123591899863 8.3165491521358472 4.9773709774017325 5.565412849187851 17.8486941754818 4.2909696400165549
leaf_count=23 15 16 30 16 30 17 18 65 15
internal_value=3.588e-05 0.024432 -0.00829433 -0.0111038 -0.0142836 -0.0016399 0.0327799 -0.0191874 -0.00988907
internal_weight=69.9383 16.9786 52.9597 48.5747 43.8305 13.2939 12.3435 30.5366 12.6879
internal_count=245 57 188 173 157 47 41 110 45
is_linear=0
shrinkage=0.035


Tree=12
num_leaves=11
num_cat=0
split_feature=7 22 14 14 21 10 8 17 8 19
split_gain=5.60581 4.08458 4.03193 2.66817 3.51577 2.74515 1.54629 1.36947 3.6458 1.34031
threshold=0.36747118804772544 -0.19162220510394107 -0.73170496650464301 0.50649287221141226 0.11678254155038563 0.58984497500488786 0.24991981408596878 0.78823050693434826 0.4703546009794648 -0.1994538330311687
decision_type=2 2 2 2 2 2 2 2 2 2
left_child=1 3 -2 4 6 -5 9 8 -4 -1
right_child=2 -3 7 5 -6 -7 -8 -9 -10 -11
leaf_value=0.029453384031367422 0.0092437477534476481 -0.011977300569393574 -0.020842938927805088 -0.018098265387724157 -0.0068161275041542192 0.0096017440813953824 0.0031716589979426612 -0.028153958437251551 0.010482050698313854 0.0070592265819118026
leaf_weight=16.070203393697739 7.123141914606097 10.469649106264113 9.7002411186695117 5.6041515171527854 5.9897988736629477 8.248690724372862 6.7473424077033988 9.2701645791530591 5.6222803294658652 6.7425823211669984
leaf_count=43 19 28 26 15 16 22 18 25 15 18
internal_value=-8.3117e-05 0.00612 -0.0116173 0.0103742 0.0152458 -0.00214262 0.0200312 -0.0180978 -0.00916265 0.0241486
internal_weight=91.5882 59.8724 31.7158 49.4028 35.5499 13.8528 29.5601 24.5927 15.3225 22.8128
internal_count=245 160 85 132 95 37 79 66 41 61
is_linear=0
shrinkage=0.035


Tree=13
num_leaves=12
num_cat=0
split_feature=16 6 18 22 1 21 20 19 11 6 17
split_gain=4.53977 2.78033 3.43365 2.8276 2.76005 2.38156 1.77126 1.7648 1.39356 1.33333 0.0811002
threshold=1.3941219711743604 -0.83830328598974724 -0.97084048320703942 -0.45358882094514802 -0.65467765939511768 1.0000000180025095e-35 -0.16286523731935984 -0.1994538330311687 -0.40874179768388247 -1.2970063682175261 0.95385127770183675
decision_type=2 2 2 2 2 2 2 2 2 2 2
left_child=1 2 -1 -3 5 -5 10 -7 -8 -4 -6
right_child=-2 3 9 4 6 7 8 -9 -10 -11 -12
leaf_value=-0.010739041901903688 0.025462063888840054 0.010433613468764239 0.0037047470649366034 -0.015922669935879541 -0.026105614938815743 -0.0024322156397452448 0.0078998921756469991 0.021702686339211644 -0.014875537120187136 0.031905626902688063 -0.008682728779441996
leaf_weight=4.7574556469917288 5.6961451768875113 7.7344067692756644 4.6034859120845786 4.8987139463424674 12.542700856924059 6.4564137160778055 4.822140097618103 4.977060824632642 4.2621364593505913 4.4009922742843619 4.1576814949512473
leaf_count=17 19 27 16 18 46 23 17 17 15 15 15
internal_value=0 -0.00295176 0.00990509 -0.00684743 -0.0104691 0.000573156 -0.0171901 0.00935001 -0.00306817 0.0212588 -0.0234413
internal_weight=69.3093 63.6132 13.7619 49.8513 42.1168 16.3322 25.7847 11.4335 9.08428 9.00448 16.7004
internal_count=245 226 48 178 151 58 93 40 32 31 61
is_linear=0
shrinkage=0.035


Tree=14
num_leaves=10
num_cat=0
split_feature=18 19 14 11 23 4 1 16 17
split_gain=11.6448 3.2022 3.18625 3.32058 2.13498 3.12264 1.12371 0.620746 1.63486
threshold=-0.71692202382482006 -0.042201414390343868 -0.81803350107647954 0.84037943042570762 -0.17253603310808255 1.0000000180025095e-35 0.41730915131033819 -0.1282432377932646 -0.66651964928122609
decision_type=2 2 2 2 2 2 2 2 2
left_child=1 6 -2 4 7 -6 -1 8 -4
right_child=2 -3 3 -5 5 -7 -8 -9 -10
leaf_value=0.015048951547889005 0.015469171552671919 -0.00037983970842109531 -0.017581726281393008 0.012594987172568939 -0.013961638849724529 0.016312074760907635 0.044193334580487166 -0.023598336901477709 0.0054639271615202533
leaf_weight=7.4208719134330767 4.4104964435100547 4.6604382991790763 8.2963201403617841 4.7883561551570883 8.2248702049255353 5.0165551006793967 5.0935275256633759 17.588846832513813 4.3033292889595023
leaf_count=25 15 16 30 16 30 17 16 65 15
internal_value=7.65084e-05 0.0236107 -0.00809074 -0.0108805 -0.0140249 -0.00151242 0.0317279 -0.0189152 -0.00968079
internal_weight=69.8036 17.1748 52.6288 48.2183 43.4299 13.2414 12.5144 30.1885 12.5996
internal_count=245 57 188 173 157 47 41 110 45
is_linear=0
shrinkage=0.035


Tree=15
num_leaves=11
num_cat=0
split_feature=7 14 14 14 10 8 15 17 8 18
split_gain=5.2592 3.94561 3.89138 2.31551 3.32915 2.69757 2.98006 1.29812 3.49009 0.648957
threshold=0.36747118804772544 -0.92162774256268332 -0.73170496650464301 0.50649287221141226 0.58984497500488786 0.24991981408596878 0.12471189071494071 0.78823050693434826 0.4703546009794648 0.15731175856919286
decision_type=2 2 2 2 2 2 2 2 2 2
left_child=1 -1 -2 5 -5 6 9 8 -4 -3
right_child=2 3 7 4 -6 -7 -8 -9 -10 -11
leaf_value=-0.0155646996732678 0.0091724587646522977 0.014329131932212771 -0.020403776627656797 -0.019159361650269355 0.010717245862695691 -0.00060804903833797845 -0.00088989437626144931 -0.027508359832690874 0.010250309586799327 0.033209962299343122
leaf_weight=7.0965109169483176 7.1225379109382656 11.559315353631979 9.6799974739551562 5.972016990184783 8.6222175657749158 10.86089640855789 6.3584090769290915 9.2269288599491102 5.6204687952995291 9.3359656035900098
leaf_count=19 19 31 26 16 23 29 17 25 15 25
internal_value=-0.000110667 0.00589787 -0.0112961 0.00934683 -0.00202768 0.013717 0.0192564 -0.0176813 -0.00895663 0.0251585
internal_weight=91.4553 59.8053 31.6499 52.7088 14.5942 38.1146 27.2537 24.5274 15.3005 20.8953
internal_count=245 160 85 141 39 102 73 66 41 56
is_linear=0
shrinkage=0.035


Tree=16
num_leaves=11
num_cat=0
split_feature=14 21 13 12 6 20 20 19 9 14
split_gain=4.32478 2.92995 2.72067 2.27722 4.16242 1.03944 2.20897 1.88563 0.673114 0.491946
threshold=0.83947436270278175 0.43528038214234649 0.32499473059279077 -0.53958713830950833 -0.83830328598974724 -0.16286523731935984 0.065799422527305806 -0.67121108895364312 -1.0000000180025095e-35 1.0000000180025095e-35
decision_type=2 2 2 2 2 2 2 2 2 2
left_child=1 3 -2 8 -5 7 -7 -6 -1 -9
right_child=2 -3 -4 4 5 6 -8 9 -10 -11
leaf_value=-0.005514132362263259 0.029137739098652998 0.015742322369646587 -0.00057862050517237893 0.021163416862711993 0.0036743232762795502 0.016808850863430438 -0.010578164158246008 -0.0066343508745773366 -0.02410877930731567 -0.023869375094589067
leaf_weight=6.2255185097455987 6.9273929893970472 5.8497140109539023 5.8221333026885986 5.6677763164043382 5.6518512964248648 4.2764810919761747 6.4224252700805664 6.5657863020896894 8.1630600690841639 7.6706284731626511
leaf_count=23 23 20 20 19 20 15 23 24 30 28
internal_value=0 -0.00423408 0.0169733 -0.00715164 -0.00197653 -0.00746117 0.000878551 -0.0118577 -0.0180385 -0.0180403
internal_weight=69.2428 56.4932 12.7495 50.6435 36.2549 30.5872 10.6989 19.8883 14.3886 14.2364
internal_count=245 202 43 182 129 110 38 72 53 52
is_linear=0
shrinkage=0.035


Tree=17
num_leaves=10
num_cat=0
split_feature=18 14 11 19 23 4 1 16 17
split_gain=11.029 3.10324 3.17958 3.04184 2.0941 2.99452 1.0328 0.603265 1.57914
threshold=-0.71692202382482006 -0.81803350107647954 0.84037943042570762 -0.042201414390343868 -0.17253603310808255 1.0000000180025095e-35 0.41730915131033819 -0.1282432377932646 -0.66651964928122609
decision_type=2 2 2 2 2 2 2 2 2
left_child=3 -2 4 6 7 -6 -1 8 -3
right_child=1 2 -4 -5 5 -7 -8 -9 -10
leaf_value=0.014624949918199671 0.015290525919707001 -0.01736756129979523 0.012196024592742079 -0.00046011950264413101 -0.01371108006310752 0.015938583462299951 0.042620357323388217 -0.023333931992612938 0.0052888667502525707
leaf_weight=7.4792138338089007 4.4274706542491904 8.2133167386054975 4.8296446800231925 4.6706895232200614 8.1387418210506421 5.0547917783260337 5.1994945704936981 17.330985605716709 4.3235790133476248
leaf_count=25 15 30 16 16 30 17 16 65 15
internal_value=0.000106871 -0.00790705 -0.0106839 0.0228642 -0.0137939 -0.00140321 0.0307062 -0.018671 -0.00954026
internal_weight=69.6679 52.3185 47.8911 17.3494 43.0614 13.1935 12.6787 29.8679 12.5369
internal_count=245 188 173 57 157 47 41 110 45
is_linear=0
shrinkage=0.035


Tree=18
num_leaves=11
num_cat=0
split_feature=7 22 12 17 14 21 12 15 8 8
split_gain=4.98339 3.82882 3.75004 2.89596 2.47843 5.24872 2.94705 2.70866 2.01237 1.24781
threshold=0.36747118804772544 1.2592698210935132 -1.0657986940397775 0.65935991603642807 0.50649287221141226 0.11678254155038563 0.90749463994873214 0.30763100480730066 0.24991981408596878 0.24991981408596878
decision_type=2 2 2 2 2 2 2 2 2 2
left_child=1 4 -2 9 5 7 -6 8 -1 -4
right_child=2 -3 3 -5 6 -7 -8 -9 -10 -11
leaf_value=0.028406421986562111 0.011498173915832209 -0.01772036760079904 -0.012040510664771369 -0.029147760440574325 -0.017779372103087998 -0.011392869119806441 0.010356557831549184 -0.00074193127945901174 0.0032589102367502091 0.0061601763117718001
leaf_weight=20.480358332395557 5.6135630309581783 5.591163605451583 9.6818456351757067 10.675110369920729 6.7154380083084089 7.1056915223598471 7.4923048615455627 6.3585306704044333 5.9942396581172934 5.6055722534656516
leaf_count=55 15 15 26 29 18 19 20 17 16 15
internal_value=-0.000130535 0.00571825 -0.0110335 -0.016567 0.00877703 0.0131012 -0.00317116 0.0189026 0.0235258 -0.00512244
internal_weight=91.3138 59.7377 31.5761 25.9625 54.1466 39.9388 14.2077 32.8331 26.4746 15.2874
internal_count=245 160 85 70 145 107 38 88 71 41
is_linear=0
shrinkage=0.035


Tree=19
num_leaves=12
num_cat=0
split_feature=16 6 18 22 1 21 20 9 19 6 1
split_gain=4.14002 2.63606 3.20073 2.68088 2.70043 2.2659 1.68471 1.66204 1.3866 1.22216 0.0931718
threshold=1.3941219711743604 -0.83830328598974724 -0.97084048320703942 -0.45358882094514802 -0.65467765939511768 1.0000000180025095e-35 -0.16286523731935984 0.58169416374351457 0.27230342289130588 -1.2970063682175261 1.2212992593394303
decision_type=2 2 2 2 2 2 2 2 2 2 2
left_child=1 2 -1 -3 5 -5 10 -7 -8 -4 -6
right_child=-2 3 9 4 6 7 8 -9 -10 -11 -12
leaf_value=-0.010442288701384018 0.024089895770750894 0.010091097617432158 0.0035752833983813338 -0.015556074757978801 -0.025805930328399816 0.018371787992121944 0.0078091748806337312 -0.0051824617380392384 -0.014901065412829744 0.030562317032845097 -0.0083992552792942002
leaf_weight=4.6966859996318808 5.8290747404098502 7.7872305214405051 4.6144786775112143 4.8082567304372779 12.285302415490152 6.8763093054294568 4.8273285925388389 4.5842601954936981 4.2667873203754425 4.500861942768096 4.1047761738300315
leaf_count=17 19 27 16 18 46 24 17 16 15 15 15
internal_value=0 -0.00284276 0.00963832 -0.00666337 -0.0102266 0.000686483 -0.0169274 0.00918988 -0.00313824 0.0204744 -0.0231196
internal_weight=69.1814 63.3523 13.812 49.5403 41.753 16.2688 25.4842 11.4606 9.09412 9.11534 16.3901
internal_count=245 226 48 178 151 58 93 40 32 31 61
is_linear=0
shrinkage=0.035


Tree=20
num_leaves=10
num_cat=0
split_feature=18 14 11 20 23 4 1 16 17
split_gain=10.3959 2.96402 3.0256 2.86227 2.06263 2.87123 0.978598 0.594221 1.54084
threshold=-0.71692202382482006 -0.81803350107647954 0.84037943042570762 1.0000000180025095e-35 -0.17253603310808255 -1.0000000180025095e-35 0.41730915131033819 -0.1282432377932646 -0.66651964928122609
decision_type=2 2 2 2 2 2 2 2 2
left_child=3 -2 4 6 7 -6 -1 8 -3
right_child=1 2 -4 -5 5 -7 -8 -9 -10
leaf_value=0.013230250439552348 0.014854593064978274 -0.017146107793543516 0.011760221536484193 -0.00051014917231152496 -0.013420957403850116 0.015635333064913066 0.040039305221638163 -0.023063802324662555 0.0052491427174057616
leaf_weight=6.9622267186641711 4.4699319899082175 8.1268963068723661 4.8746334314346305 4.6764378845691672 8.0392046868801099 5.0853260457515708 5.8942513763904572 17.065263062715534 4.3279075324535361
leaf_count=23 15 30 16 16 30 17 18 65 15
internal_value=0.000130865 -0.00771705 -0.0104605 0.022078 -0.0135311 -0.00123669 0.0296102 -0.0184054 -0.00935127
internal_weight=69.5221 51.9892 47.5192 17.5329 42.6446 13.1245 12.8565 29.5201 12.4548
internal_count=245 188 173 57 157 47 41 110 45
is_linear=0
shrinkage=0.035


Tree=21
num_leaves=11
num_cat=0
split_feature=7 14 22 14 21 12 15 8 17 8
split_gain=4.67668 3.67817 3.64711 2.37637 5.02132 2.83347 2.55984 1.93288 1.15216 3.30653
threshold=0.36747118804772544 -0.73170496650464301 1.2592698210935132 0.50649287221141226 0.11678254155038563 0.90749463994873214 0.30763100480730066 0.24991981408596878 0.78823050693434826 0.4703546009794648
decision_type=2 2 2 2 2 2 2 2 2 2
left_child=2 -2 3 4 6 -5 7 -1 9 -3
right_child=1 8 -4 5 -6 -7 -8 -9 -10 -11
leaf_value=0.027724588048464036 0.0091170465047100916 -0.019848784510352716 -0.017374828803469203 -0.017518670201041909 -0.011204221825000735 0.01007603214426417 -0.00066434207003462269 0.0030924470715661149 -0.026345849469016767 0.010000994777482793
leaf_weight=20.413319259881977 7.1189516484737423 9.6446731984615344 5.5797484815120688 6.7069644033908826 7.0998704433441153 7.4905635416507721 6.3546323776245108 5.991477519273757 9.1246209144592267 5.6149832904338828
leaf_count=55 19 26 15 18 19 20 17 16 25 15
internal_value=-0.000160221 -0.0107355 0.00550812 0.00849939 0.0127416 -0.0031892 0.0184285 0.0229315 -0.0169822 -0.00867487
internal_weight=91.1398 31.5032 59.6366 54.0568 39.8593 14.1975 32.7594 26.4048 24.3843 15.2597
internal_count=245 85 160 145 107 38 88 71 66 41
is_linear=0
shrinkage=0.035


Tree=22
num_leaves=11
num_cat=0
split_feature=14 11 18 13 0 17 23 22 12 7
split_gain=3.92744 2.75588 3.21427 2.56761 2.00304 1.48284 1.31075 1.04907 0.987876 0.5284
threshold=0.83947436270278175 1.0000000180025095e-35 0.15731175856919286 0.32499473059279077 -0.6872274732961573 -0.48342235715540655 -0.17692763127040975 -0.45358882094514802 -0.44391230999491393 0.59018099898574083
decision_type=2 2 2 2 2 2 2 2 2 2
left_child=1 2 4 -2 -1 -4 -3 -8 -6 -9
right_child=3 6 5 -5 8 -7 7 9 -10 -11
leaf_value=-0.00095172481451569646 0.027762123892970784 0.00038541324910340157 0.00228729508033528 -0.00085934092074072032 0.0055957254958328186 -0.018505271777421138 0 -0.024915177401636082 0.032609837505070793 -0.0073865957489988891
leaf_weight=6.071449100971221 7.0700852870941144 7.5550882667303112 7.0898240953683853 5.8615800440311432 4.3539193570613834 6.1463186442852003 4.55385294556618 9.3279833793640154 4.3370389640331313 6.7256662249565116
leaf_count=22 23 27 26 20 16 22 16 34 15 24
internal_value=0 -0.00406273 0.00348564 0.0160598 0.013991 -0.00818506 -0.0114747 -0.0157045 0.0231462 -0.0194942
internal_weight=69.0928 56.1611 27.9986 12.9317 14.7624 13.2361 28.1626 20.6075 8.69096 16.0536
internal_count=245 202 101 43 53 48 101 74 31 58
is_linear=0
shrinkage=0.035


Tree=23
num_leaves=10
num_cat=0
split_feature=18 14 11 19 23 4 1 16 17
split_gain=9.80604 2.86731 2.88086 2.75617 2.02832 2.74675 0.902093 0.592936 1.49455
threshold=-0.71692202382482006 -0.81803350107647954 0.84037943042570762 -0.042201414390343868 -0.17253603310808255 1.0000000180025095e-35 0.41730915131033819 -0.1282432377932646 -0.66651964928122609
decision_type=2 2 2 2 2 2 2 2 2
left_child=3 -2 4 6 7 -6 -1 8 -3
right_child=1 2 -4 -5 5 -7 -8 -9 -10
leaf_value=0.013704951306811056 0.014610317866685724 -0.01689109678135927 0.011339854660860021 -0.00069132331041465251 -0.013138532928567875 0.01530070279447442 0.039695740720624921 -0.022817862740669201 0.0051820252334228954
leaf_weight=7.6062678992748278 4.4931093454360953 8.0267059653997404 4.9182807803153983 4.7002475857734671 7.9413510710000974 5.1189521551132202 5.3925937712192535 16.81888069212437 4.335478037595748
leaf_count=25 15 30 16 16 30 17 16 65 15
internal_value=0.000160005 -0.00752635 -0.0102508 0.0213449 -0.0132823 -0.0010916 0.0286927 -0.0181501 -0.00914077
internal_weight=69.3519 51.6528 47.1596 17.6991 42.2414 13.0603 12.9989 29.1811 12.3622
internal_count=245 188 173 57 157 47 41 110 45
is_linear=0
shrinkage=0.035


Tree=24
num_leaves=12
num_cat=0
split_feature=7 14 14 23 6 14 12 20 20 17 8
split_gain=4.41716 3.55604 3.55235 2.27185 1.93107 4.00219 2.34752 1.10078 2.00362 1.09637 3.17923
threshold=0.36747118804772544 -0.73170496650464301 -0.73170496650464301 -0.26256379543578962 1.2258605840352588 0.50649287221141226 0.51283597315103024 1.0000000180025095e-35 -0.23908679060158169 0.78823050693434826 0.4703546009794648
decision_type=2 2 2 2 2 2 2 2 2 2 2
left_child=2 -2 -1 -4 5 6 7 8 -5 10 -3
right_child=1 9 3 4 -6 -7 -8 -9 -10 -11 -12
leaf_value=-0.013301470446015699 0.0090171609473842698 -0.019488249662222595 -0.0087842278680092256 0.018495203149033097 0.026777376587671885 -0.011858028705136458 -0.0043930981319033413 0.029581976170867753 -0.0042448617993529631 -0.025823363702290488 0.0097916420992545782
leaf_weight=8.5592359602451307 7.1179721653461483 9.621742248535158 5.9596340954303733 11.12892732024193 7.0722362101078025 8.1961809992790204 5.9725542664527884 6.7012693285942069 5.939507454633719 9.0686832666397077 5.6111891865730277
leaf_count=23 19 26 16 30 19 22 16 18 16 25 15
internal_value=-0.000190165 -0.0104826 0.00532099 0.00893145 0.0116627 0.00751381 0.0134284 0.0181035 0.0106915 -0.0166451 -0.00851343
internal_weight=90.9491 31.4196 59.5295 50.9703 45.0107 37.9384 29.7423 23.7697 17.0684 24.3016 15.2329
internal_count=245 85 160 137 121 102 80 64 46 66 41
is_linear=0
shrinkage=0.035


Tree=25
num_leaves=12
num_cat=0
split_feature=16 6 18 22 1 21 20 11 19 6 17
split_gain=3.7609 2.52961 3.01936 2.53995 2.63394 2.13538 1.63199 1.59988 1.34642 1.06887 0.0948527
threshold=1.3941219711743604 -0.83830328598974724 -0.97084048320703942 -0.45358882094514802 -0.65467765939511768 1.0000000180025095e-35 -0.16286523731935984 0.42400568772251096 0.27230342289130588 -1.2970063682175261 0.95385127770183675
decision_type=2 2 2 2 2 2 2 2 2 2 2
left_child=1 2 -1 -3 5 -5 10 -7 -8 -4 -6
right_child=-2 3 9 4 6 7 8 -9 -10 -11 -12
leaf_value=-0.010156610559906762 0.022774987947641444 0.0097534288606309257 0.0037055411471484034 -0.015158718274362219 -0.025526106706968154 0.017926138684346598 0.0076622626950086275 -0.0051474825364487883 -0.014737522530181593 0.029289675073139742 -0.0082114845647132742
leaf_weight=4.6388882994651786 5.9549829065799704 7.8386905789375296 4.5924444794654837 4.7091282159090033 12.038095355033876 6.9336555302143079 4.8385660648346001 4.5728958547115326 4.2315684258937836 4.5944592654705039 4.0658816546201697
leaf_count=17 19 27 16 18 46 24 17 16 15 15 15
internal_value=0 -0.00271875 0.00948765 -0.00648595 -0.00999029 0.000774624 -0.0166643 0.00896321 -0.0030884 0.0199187 -0.0228346
internal_weight=69.0093 63.0543 13.8258 49.2285 41.3898 16.2157 25.1741 11.5066 9.07013 9.1869 16.104
internal_count=245 226 48 178 151 58 93 40 32 31 61
is_linear=0
shrinkage=0.035


Tree=26
num_leaves=10
num_cat=0
split_feature=18 14 11 19 23 4 1 16 17
split_gain=9.27018 2.7709 2.73419 2.631 2.00002 2.64013 0.845057 0.5893 1.44493
threshold=-0.71692202382482006 -0.81803350107647954 0.84037943042570762 -0.042201414390343868 -0.17253603310808255 1.0000000180025095e-35 0.41730915131033819 -0.1282432377932646 -0.66651964928122609
decision_type=2 2 2 2 2 2 2 2 2
left_child=3 -2 4 6 7 -6 -1 8 -3
right_child=1 2 -4 -5 5 -7 -8 -9 -10
leaf_value=0.013298809529982858 0.014351695390214953 -0.0166402266076719 0.01089359621703757 -0.00078705165805044994 -0.012868717341509739 0.01504310548943745 0.038408742814447658 -0.022577733496136006 0.0050794701778555471
leaf_weight=7.6609195768833178 4.5174376070499411 7.927054226398468 4.9635933041572562 4.7120409011840811 7.8463825881481153 5.1438802182674408 5.4746131300926208 16.574462011456493 4.3466427326202375
leaf_count=25 15 30 16 16 30 17 16 65 15
internal_value=0.000187827 -0.00734571 -0.0100499 0.0206719 -0.013038 -0.000933551 0.0278034 -0.0179045 -0.00894659
internal_weight=69.167 51.3195 46.802 17.8476 41.8384 12.9903 13.1355 28.8482 12.2737
internal_count=245 188 173 57 157 47 41 110 45
is_linear=0
shrinkage=0.035


Tree=27
num_leaves=12
num_cat=0
split_feature=7 12 22 17 23 1 16 16 23 8 14
split_gain=4.16163 3.46627 3.44834 2.6 2.3017 1.49682 1.48982 1.63359 1.17287 1.09451 0.347093
threshold=0.36747118804772544 -1.0657986940397775 -0.19162220510394107 0.65935991603642807 -0.26256379543578962 -0.65467765939511768 0.1097567609104388 -0.76036121238314791 -0.15496964045877384 0.24991981408596878 -0.13921860291688082
decision_type=2 2 2 2 2 2 2 2 2 2 2
left_child=2 -2 4 9 -1 8 7 -7 -6 -3 -9
right_child=1 3 -4 -5 5 6 -8 10 -10 -11 -12
leaf_value=-0.0087142138726681983 0.011376712454234508 -0.011254482455288504 -0.011482578959459528 -0.027618313800778501 0.010936309542951515 0.019683401713407801 0.024915451542963624 0.0049828303664904558 -0.0076197104171574579 0.0057956124836346205 -0.0053385962975431257
leaf_weight=5.9558580517768851 5.6091082394123104 9.6274895668029803 10.401775389909742 10.497560352087019 5.9494993090629578 6.3079222142696372 12.267241179943083 5.5791995823383314 6.6608230769634194 5.5900142490863791 6.3208634853363144
leaf_count=16 15 26 28 29 16 17 33 15 18 15 17
internal_value=-0.000201134 -0.0102093 0.00514799 -0.0155884 0.00908994 0.0119449 0.0159382 0.00776289 0.00107426 -0.00474068 -0.000101141
internal_weight=90.7674 31.3242 59.4432 25.7151 49.0414 43.0855 30.4752 18.208 12.6103 15.2175 11.9001
internal_count=245 85 160 70 132 116 82 49 34 41 32
is_linear=0
shrinkage=0.035


Tree=28
num_leaves=11
num_cat=0
split_feature=21 12 23 2 0 13 6 18 2 13
split_gain=3.69621 3.79395 4.33078 2.17654 3.39851 1.81421 2.12528 1.16167 1.07775 0.668628
threshold=0.43528038214234649 -0.057226545556761592 -0.25158480002997169 0.48512751456010544 0.65081807073742881 0.24324368054313097 -0.60895174487585768 0.34337570902315906 -1.0000000180025095e-35 -0.31733494836882098
decision_type=2 2 2 2 2 2 2 2 2 2
left_child=1 5 -3 4 8 6 -1 -5 -4 -8
right_child=-2 2 3 7 -6 -7 9 -9 -10 -11
leaf_value=0.010235977162673781 0.020058172670930262 0.027482747384661145 -0.012685419848646367 0 0.023329037412329209 -0.022423316278329743 -0.018470050387835057 -0.022076848491489266 0.0061669564612629284 -0.00065726796496020571
leaf_weight=6.1441457122564342 7.7984350919723502 5.9839663356542578 7.2760066539049157 4.2927349209785444 5.9717220962047568 10.63998559117317 6.4025902599096325 5.3463486135005951 4.2010657191276595 4.8691745251417151
leaf_count=22 26 20 26 15 20 40 24 19 15 18
internal_value=0 -0.00304584 0.00477595 -0.00160445 0.00547819 -0.012145 -0.00393223 -0.0136149 -0.00550404 -0.0124295
internal_weight=68.9262 61.1277 33.0718 27.0879 17.4488 28.0559 17.4159 9.63908 11.4771 11.2718
internal_count=245 219 115 95 61 104 64 34 41 42
is_linear=0
shrinkage=0.035


Tree=29
num_leaves=11
num_cat=0
split_feature=18 5 0 19 11 17 12 15 1 1
split_gain=8.76071 2.49456 2.58477 2.49153 1.75796 3.37251 1.60706 1.588 1.42742 0.816686
threshold=-0.71692202382482006 0.68425268722420085 0.65081807073742881 -0.042201414390343868 -0.56295429498136262 -0.66651964928122609 0.11817730635332811 -0.058207223377419258 0.68530585398670218 0.41730915131033819
decision_type=2 2 2 2 2 2 2 2 2 2
left_child=3 2 4 9 5 -2 -3 8 -6 -1
right_child=1 6 -4 -5 7 -7 -8 -9 -10 -11
leaf_value=0.012824015530085579 -0.010972529936445007 0.019473133768554397 -0.023209709209753907 -0.00083174006155615262 0.010934567940935808 0.023745136140382636 -0.0052493337080274189 -0.018922391502852083 -0.011216982329051743 0.037215026990525708
leaf_weight=7.72584316134453 5.0061208456754684 4.5302434116601926 12.231270238757132 4.716873735189437 5.1998951733112317 4.7552085667848569 4.5693934857845306 9.6595528572797829 5.0555311739444733 5.5479122400283813
leaf_count=25 19 15 47 16 19 17 16 36 19 16
internal_value=0.00020278 -0.00717613 -0.0107741 0.020011 -0.00434117 0.00665558 0.00787678 -0.0100863 0 0.0269004
internal_weight=68.9978 51.0072 41.9076 17.9906 29.6763 9.76133 9.09964 19.915 10.2554 13.2738
internal_count=245 188 157 57 110 36 31 74 38 41
is_linear=0
shrinkage=0.035


Tree=30
num_leaves=11
num_cat=0
split_feature=7 14 22 14 21 10 15 8 17 8
split_gain=3.93725 3.36979 3.30388 2.21348 4.69125 2.64752 2.33258 1.85202 0.963633 3.00827
threshold=0.36747118804772544 -0.73170496650464301 1.2592698210935132 0.50649287221141226 0.11678254155038563 0.58984497500488786 0.30763100480730066 0.24991981408596878 0.78823050693434826 0.4703546009794648
decision_type=2 2 2 2 2 2 2 2 2 2
left_child=2 -2 3 4 6 -5 7 -1 9 -3
right_child=1 8 -4 5 -6 -7 -8 -9 -10 -11
leaf_value=0.026534274134395432 0.0089778641206056456 -0.018983450057404583 -0.016797869844270202 -0.01845742395362273 -0.01112988594543507 0.0084355955232091589 -0.00068743670179410843 0.0025729089534752758 -0.024740899586458032 0.0095185563710115644
leaf_weight=20.248236387968067 7.1119037270545986 9.5804699361324328 5.5514739155769339 5.9306552708148947 7.0845313966274253 8.2264993190765363 6.3364119529724112 5.9784097969532004 8.9331425726413709 5.6031959950923911
leaf_count=55 19 26 15 16 19 22 17 16 25 15
internal_value=-0.000206186 -0.00995844 0.0049965 0.00786071 0.0119762 -0.00339558 0.0175082 0.0218275 -0.0160035 -0.00827622
internal_weight=90.5849 31.2287 59.3562 53.8047 39.6476 14.1572 32.5631 26.2266 24.1168 15.1837
internal_count=245 85 160 145 107 38 88 71 66 41
is_linear=0
shrinkage=0.035


Tree=31
num_leaves=11
num_cat=0
split_feature=21 12 23 2 0 13 6 18 2 13
split_gain=3.49889 3.63038 4.10149 2.10997 3.22691 1.77119 2.06133 1.12274 1.04202 0.65495
threshold=0.43528038214234649 -0.057226545556761592 -0.25158480002997169 0.48512751456010544 0.65081807073742881 0.24324368054313097 -0.60895174487585768 0.34337570902315906 -1.0000000180025095e-35 -0.31733494836882098
decision_type=2 2 2 2 2 2 2 2 2 2
left_child=1 5 -3 4 8 6 -1 -5 -4 -8
right_child=-2 2 3 7 -6 -7 9 -9 -10 -11
leaf_value=0.010079008007871509 0.019424856652211463 0.026606247321113264 -0.012489560772693706 0 0.022645555025316379 -0.022164089801364497 -0.018261395909653734 -0.021843458123103548 0.0060485693166174347 -0.00060691811636032016
leaf_weight=6.1656752079725292 7.8819923698902121 6.0671102553606024 7.222804307937623 4.3042553514242154 6.0423104465007773 10.482676342129706 6.3313142955303219 5.2772267460823059 4.2145969271659895 4.8603374361991873
leaf_count=22 26 20 26 15 20 40 24 19 15 18
internal_value=0 -0.00297527 0.00464931 -0.00158504 0.00536575 -0.0119276 -0.00382301 -0.0134556 -0.00538418 -0.0122468
internal_weight=68.8503 60.9683 33.1283 27.0612 17.4797 27.84 17.3573 9.58148 11.4374 11.1917
internal_count=245 219 115 95 61 104 64 34 41 42
is_linear=0
shrinkage=0.035


Tree=32
num_leaves=11
num_cat=0
split_feature=18 5 17 19 6 18 12 8 20 14
split_gain=8.33674 2.37347 2.51688 2.35464 1.55199 3.42748 1.53441 1.29348 1.93865 0.769528
threshold=-0.71692202382482006 0.68425268722420085 0.17679400940459497 -0.042201414390343868 0.2511165343012281 0.20018047984312534 0.11817730635332811 0.24991981408596878 0.21824252909174957 -0.92162774256268332
decision_type=2 2 2 2 2 2 2 2 2 2
left_child=3 2 4 9 7 -6 -3 8 -2 -1
right_child=1 6 -4 -5 5 -7 -8 -9 -10 -11
leaf_value=0.007849261002707433 -0.022323203283493291 0.01886806807196828 -0.024524056636351731 -0.00081274281797827439 0.022849967392607726 -0.010356494080138079 -0.005223683140030435 0.0037871324891719242 0.0017573945347359148 0.031985930366485907
leaf_weight=4.6230238080024728 10.536667689681058 4.5833812654018384 9.9106728583574277 4.7141084671020499 4.8439775407314283 6.5529990941286087 4.5643166303634644 4.663079395890235 5.1057665497064582 8.768984317779541
leaf_count=15 40 15 39 16 17 25 16 17 19 26
internal_value=0.000204345 -0.00703653 -0.0105743 0.0194461 -0.00486111 0.00466938 0.00759581 -0.0103847 -0.0148574 0.0260974
internal_weight=68.867 50.7609 41.6132 18.1061 31.7025 11.397 9.1477 20.3055 15.6424 13.392
internal_count=245 188 157 57 118 42 31 76 59 41
is_linear=0
shrinkage=0.035


Tree=33
num_leaves=11
num_cat=0
split_feature=7 14 14 16 6 23 11 14 17 8
split_gain=3.69485 3.25691 3.22767 2.2096 2.68332 5.03262 3.56281 2.98209 0.913882 2.88598
threshold=0.36747118804772544 -0.73170496650464301 -0.73170496650464301 -0.96785721376970624 1.0000000180025095e-35 -0.13740324780946514 -0.13115930254841798 0.50649287221141226 0.78823050693434826 0.4703546009794648
decision_type=2 2 2 2 2 2 2 2 2 2
left_child=1 -1 -2 -3 5 -5 7 -6 9 -4
right_child=2 3 8 4 6 -7 -8 -9 -10 -11
leaf_value=-0.013025005170125942 0.0088171822692420902 0.02618250649774841 -0.018600354388570071 -0.020038375423055255 0.014323806999352488 0.014235395226716827 0.025792994717999014 -0.011775381474651314 -0.02419764272794412 0.0093276906829345141
leaf_weight=8.5226439535617811 7.1087777018547085 5.5324410796165457 9.5509756803512591 9.9858548045158404 8.4774953722953814 7.3334262371063224 10.421602278947832 8.9376869201660138 8.8571603894233686 5.5987285673618308
leaf_count=23 19 15 26 27 23 20 28 24 25 15
internal_value=-0.000231313 0.00481156 -0.00969716 0.00829078 0.00496989 -0.00528291 0.0114514 0.000825755 -0.0156378 -0.00808898
internal_weight=90.3268 59.2112 31.1156 50.6885 45.1561 17.3193 27.8368 17.4152 24.0069 15.1497
internal_count=245 160 85 137 122 47 75 47 66 41
is_linear=0
shrinkage=0.035


Tree=34
num_leaves=11
num_cat=0
split_feature=13 5 14 18 11 17 6 18 20 15
split_gain=3.39097 4.18082 3.98198 3.02834 2.69181 2.27903 2.03067 1.16808 0.832299 0.238664
threshold=0.24324368054313097 0.68425268722420085 0.73588012121657798 0.28728850195443262 -1.0000000180025095e-35 0.65935991603642807 0.2511165343012281 1.0095038183958065 -0.23908679060158169 0.67346923299202077
decision_type=2 2 2 2 2 2 2 2 2 2
left_child=2 9 3 4 6 -3 8 -5 -1 -2
right_child=1 5 -4 7 -6 -7 -8 -9 -10 -11
leaf_value=0.0069936524621384095 -0.024748996454539294 -0.0085238722546452945 0.025750358292129343 -0.017931865463572776 -0.0061687204475751991 0.018243842896878516 -0.0017311726765778252 0.0010466709177282482 0.034161152344792813 -0.0081736082645968607
leaf_weight=4.0876966416835758 9.366717457771303 5.5762763917446119 7.8688986003398886 8.6610416620969755 7.7462962418794659 6.0342414379119873 3.9461772590875617 5.2080007642507544 4.707047939300538 5.5233226716518393
leaf_count=15 35 20 25 32 28 20 15 19 16 20
internal_value=6.61829e-06 -0.0093353 0.00614536 0.000341117 0.00871738 0.00563874 0.0177331 -0.0112406 0.0256556 -0.0206073
internal_weight=68.7257 26.5006 42.2252 34.3563 20.4872 11.6105 12.7409 13.869 8.79474 14.89
internal_count=245 95 150 125 74 40 46 51 31 55
is_linear=0
shrinkage=0.035


Tree=35
num_leaves=11
num_cat=0
split_feature=18 14 11 20 23 4 1 16 17 7
split_gain=7.90697 2.62851 2.47663 2.24362 1.96239 2.48031 0.800735 0.549046 1.36111 0.243936
threshold=-0.71692202382482006 -0.81803350107647954 0.84037943042570762 1.0000000180025095e-35 -0.17253603310808255 -1.0000000180025095e-35 0.41730915131033819 -0.1282432377932646 -0.66651964928122609 -0.96878767758036666
decision_type=2 2 2 2 2 2 2 2 2 2
left_child=3 -2 4 6 7 -6 -1 8 -3 -9
right_child=1 2 -4 -5 5 -7 -8 9 -10 -11
leaf_value=0.011159293157964052 0.014176875237465343 -0.016244247209450561 0.010220555444921594 -0.00085759688359734923 -0.012324135389504052 0.014839928553070297 0.034377539171287434 -0.0067334992931800909 0.0048650087057183072 -0.024920153645159957
leaf_weight=7.2249803543090838 4.5310340821743003 7.761146292090416 5.0261185467243186 4.7178378701210013 7.6486660987138748 5.159188359975813 6.2780533730983734 3.9120504409074739 4.3684413433074933 12.063554748892789
leaf_count=23 15 30 16 16 30 17 18 16 15 49
internal_value=0.000221221 -0.00687769 -0.00956866 0.0188796 -0.0124851 -0.00050106 0.0253353 -0.0173759 -0.00865772 -0.0220034
internal_weight=68.6911 50.4702 45.9392 18.2209 40.913 12.8079 13.503 28.1052 12.1296 15.9756
internal_count=245 188 173 57 157 47 41 110 45 65
is_linear=0
shrinkage=0.035


Tree=36
num_leaves=11
num_cat=0
split_feature=7 12 22 17 14 21 12 15 8 8
split_gain=3.49968 3.17529 3.0931 2.29971 2.0363 4.38717 2.52572 2.1623 1.78944 0.953514
threshold=0.36747118804772544 -1.0657986940397775 1.2592698210935132 0.65935991603642807 0.50649287221141226 0.11678254155038563 0.90749463994873214 0.30763100480730066 0.24991981408596878 0.24991981408596878
decision_type=2 2 2 2 2 2 2 2 2 2
left_child=2 -2 4 9 5 7 -6 8 -1 -3
right_child=1 3 -4 -5 6 -7 -8 -9 -10 -11
leaf_value=0.025625735782673596 0.011132153749928183 -0.010566263134558327 -0.016426885993727332 -0.026146155405034177 -0.016882387805260017 -0.010906847707626878 0.0092220074864628153 -0.00069684818269428279 0.0021831610271654698 0.0053569708090255757
leaf_weight=20.087147593498234 5.6006389856338528 9.5682080686092394 5.528205841779708 10.258905172348021 6.657711595296858 7.0658631622791281 7.4639732241630554 6.3183935284614554 5.969993829727172 5.5713228285312644
leaf_count=55 15 26 15 29 18 19 20 17 16 15
internal_value=-0.000232528 -0.00946497 0.00467614 -0.0146795 0.00746155 0.0114251 -0.00332695 0.0168027 0.0209804 -0.0044589
internal_weight=90.0904 30.9991 59.0913 25.3984 53.5631 39.4414 14.1217 32.3755 26.0571 15.1395
internal_count=245 85 160 70 145 107 38 88 71 41
is_linear=0
shrinkage=0.035


Tree=37
num_leaves=11
num_cat=0
split_feature=13 5 15 1 21 17 1 15 16 15
split_gain=3.25234 4.00749 3.77373 2.69738 3.05391 2.17176 1.83129 1.78716 1.45959 0.245673
threshold=0.24324368054313097 0.68425268722420085 0.30763100480730066 -0.65467765939511768 1.0000000180025095e-35 0.65935991603642807 1.2212992593394303 -0.78988367974685891 -0.049933071655851688 0.67346923299202077
decision_type=2 2 2 2 2 2 2 2 2 2
left_child=2 9 3 8 -5 -3 7 -6 -1 -2
right_child=1 5 -4 4 6 -7 -8 -9 -10 -11
leaf_value=0.00096907024795676421 -0.024490687380083476 -0.0084377503848059952 0.026785423209826603 0.012492082595795456 0.00013152783683838951 0.017651593736844384 0.0048798205870851079 -0.025098098538858169 0.02593325885736196 -0.0079450501919993803
leaf_weight=6.3159624636173248 9.2131558209657687 5.5559579282999021 6.636924445629119 6.4493495225906399 4.2341583520174035 6.0957922041416168 4.3342917561531058 9.8900162428617477 4.4260932207107526 5.4772793948650351
leaf_count=23 35 20 22 23 15 20 15 37 15 20
internal_value=7.62303e-06 -0.00917808 0.00600439 0.000778798 -0.00540314 0.0054131 -0.0125223 -0.018131 0.0141232 -0.0203275
internal_weight=68.629 26.3422 42.2868 35.6499 24.9078 11.6518 18.4585 14.1242 10.7421 14.6904
internal_count=245 95 150 128 90 40 67 52 38 55
is_linear=0
shrinkage=0.035


Tree=38
num_leaves=11
num_cat=0
split_feature=18 14 11 19 23 4 1 16 17 7
split_gain=7.48045 2.52921 2.37431 2.12978 1.92996 2.39657 0.719855 0.545483 1.32045 0.2424
threshold=-0.71692202382482006 -0.81803350107647954 0.84037943042570762 -0.042201414390343868 -0.17253603310808255 1.0000000180025095e-35 0.41730915131033819 -0.1282432377932646 -0.66651964928122609 -0.96878767758036666
decision_type=2 2 2 2 2 2 2 2 2 2
left_child=3 -2 4 6 7 -6 -1 8 -3 -9
right_child=1 2 -4 -5 5 -7 -8 9 -10 -11
leaf_value=0.011630775276218039 0.013854215202885102 -0.016024838225205909 0.0099246402441036212 -0.00089522492261498996 -0.0121122686463431 0.014612450324532959 0.034035301474767257 -0.0066133494585703338 0.0047824847068737028 -0.024714674740682504
leaf_weight=7.8836177885532397 4.5625684261322013 7.6729844659566879 5.0545849204063407 4.7229385972023001 7.5750781595706922 5.1811297833919525 5.7287616729736328 3.8902446478605226 4.3771873414516431 11.869861900806432
leaf_count=25 15 30 16 16 30 17 16 16 15 49
internal_value=0.000221574 -0.00672838 -0.00939249 0.0182926 -0.012276 -0.000392514 0.0245481 -0.0171586 -0.0084881 -0.02179
internal_weight=68.519 50.1836 45.6211 18.3353 40.5665 12.7562 13.6124 27.8103 12.0502 15.7601
internal_count=245 188 173 57 157 47 41 110 45 65
is_linear=0
shrinkage=0.035


Tree=39
num_leaves=11
num_cat=0
split_feature=7 12 14 9 16 6 23 11 14 17
split_gain=3.26208 3.05631 2.99565 2.21537 2.10078 2.53906 4.71593 3.37306 2.77479 1.39034
threshold=0.36747118804772544 -1.0657986940397775 -0.73170496650464301 0.19030986968733524 -0.96785721376970624 1.0000000180025095e-35 -0.13740324780946514 -0.13115930254841798 0.50649287221141226 0.44590538899025817
decision_type=2 2 2 2 2 2 2 2 2 2
left_child=2 -2 -1 -3 -4 6 -6 8 -7 -5
right_child=1 3 4 9 5 7 -8 -9 -10 -11
leaf_value=-0.012635880512614548 0.010987684626010642 0.001076774012663276 0.025307003522486254 -0.0060172512401063171 -0.019665012749601755 0.01367414655819767 0.013594077632747717 0.024899304991581862 -0.011546566265414769 -0.028189359882005778
leaf_weight=8.4902988374233228 5.6002205014228847 7.3998327553272274 5.4915589392185202 7.7269204258918789 9.9447114765644091 8.4292813837528247 7.2800287306308737 10.374177455902101 8.9179743528366071 10.156366378068922
leaf_count=23 15 20 15 21 27 23 20 28 24 29
internal_value=-0.000262812 -0.00919399 0.00447988 -0.0143344 0.00783318 0.00459921 -0.00538314 0.0109233 0.000583876 -0.0204423
internal_weight=89.8114 30.8833 58.928 25.2831 50.4377 44.9462 17.2247 27.7214 17.3473 17.8833
internal_count=245 85 160 70 137 122 47 75 47 50
is_linear=0
shrinkage=0.035


Tree=40
num_leaves=11
num_cat=0
split_feature=13 5 14 18 11 17 6 18 20 15
split_gain=3.1778 3.86688 3.61882 2.93324 2.60996 2.05189 1.89736 1.13074 0.723598 0.240946
threshold=0.24324368054313097 0.68425268722420085 0.73588012121657798 0.28728850195443262 -1.0000000180025095e-35 0.65935991603642807 0.2511165343012281 1.0095038183958065 -0.23908679060158169 0.67346923299202077
decision_type=2 2 2 2 2 2 2 2 2 2
left_child=2 9 3 4 6 -3 8 -5 -1 -2
right_child=1 5 -4 7 -6 -7 -8 -9 -10 -11
leaf_value=0.0070162032783857159 -0.02427585011076424 -0.0082987933687101566 0.024484224996088193 -0.017713909009481634 -0.0060997321740862307 0.017027945176487005 -0.0015238147295742522 0.00098832425417067524 0.032980846385382387 -0.0078359038995219309
leaf_weight=4.0783884972333873 9.075156584382059 5.5264225900173169 8.0050678849220258 8.5621829032897931 7.7140106111764934 6.1601053476333618 3.9082013666629782 5.2060105204582205 4.7990440428257006 5.4537799060344687
leaf_count=15 35 20 25 32 28 20 15 19 16 20
internal_value=3.32521e-05 -0.00907397 0.00595444 0.000369581 0.00859478 0.00520509 0.0174414 -0.0110809 0.0250184 -0.0201172
internal_weight=68.4884 26.2155 42.2729 34.2678 20.4996 11.6865 12.7856 13.7682 8.87743 14.5289
internal_count=245 95 150 125 74 40 46 51 31 55
is_linear=0
shrinkage=0.035


Tree=41
num_leaves=12
num_cat=0
split_feature=18 14 11 19 15 10 16 17 5 16 14
split_gain=7.0906 2.44494 2.27512 2.02946 1.92352 1.6343 5.01425 2.76017 0.766349 0.713777 0.702989
threshold=-0.71692202382482006 -0.81803350107647954 0.84037943042570762 -0.042201414390343868 0.21617144776112068 -0.18180687517822527 -0.087824940051663428 -0.72432204188634286 -0.83907224117134194 -0.031509837360503765 -0.30006229364546039
decision_type=2 2 2 2 2 2 2 2 2 2 2
left_child=3 -2 4 10 5 9 7 -7 -8 -3 -1
right_child=1 2 -4 -5 -6 6 8 -9 -10 -11 -12
leaf_value=0.011743276512695616 0.013606093597255455 -0.022224227600953599 0.0096310275940012877 -0.00092814659480170087 -0.024519071791177273 -0.0014332043669972893 -0.0010239783832728733 0.031735651984667927 -0.021899775012872442 -0.0017910783970916287 0.033813738108188093
leaf_weight=8.3963393867015839 4.5854021310806266 6.6930108517408371 5.0845832526683798 4.7269967496395102 9.7574765831232053 5.0550650954246521 3.9236575514078122 4.3919082134962082 6.3490750789642387 4.0426630824804288 5.3070193827152261
leaf_count=26 15 27 16 16 38 19 16 15 26 16 15
internal_value=0.000235165 -0.00657512 -0.00921799 0.0177638 -0.0120691 -0.00665335 -6.53111e-05 0.016379 -0.0158203 -0.0164317 0.023843
internal_weight=68.3132 49.8828 45.2974 18.4304 40.2129 30.4554 19.7197 9.44697 10.2727 10.7357 13.7034
internal_count=245 188 173 57 157 119 76 34 42 43 41
is_linear=0
shrinkage=0.035


Tree=42
num_leaves=12
num_cat=0
split_feature=7 14 22 14 21 12 15 8 16 16 20
split_gain=3.09562 2.978 2.89049 1.9093 4.13729 2.41795 2.00125 1.75295 0.838467 2.94135 0.216036
threshold=0.36747118804772544 -0.73170496650464301 1.2592698210935132 0.50649287221141226 0.11678254155038563 0.90749463994873214 0.30763100480730066 0.24991981408596878 0.69186042874037568 -0.53003421562920172 0.21824252909174957
decision_type=2 2 2 2 2 2 2 2 2 2 2
left_child=2 -2 3 4 6 -5 7 10 9 -3 -1
right_child=1 8 -4 5 -6 -7 -8 -9 -10 -11 -12
leaf_value=0.028102785812075197 0.0087429032909675953 -0.021328451833328356 -0.016055871502715466 -0.016649891314045932 -0.010748878874121218 0.0089224777328972341 -0.00065727046921202324 0.0017594346210985776 -0.023722189106794474 0.0057251468059382896 0.010276993823714426
leaf_weight=14.448526650667196 7.0960725843906429 7.6625378727912929 5.5015788674354544 6.6294631659984571 7.0448997318744651 7.4468054175376892 6.2935768961906424 5.9560115635395041 7.759938269853591 8.2489806711673719 5.4707725048065177
leaf_count=40 19 21 15 18 19 20 17 16 22 23 15
internal_value=-0.000258251 -0.00897721 0.00436353 0.00707108 0.0109272 -0.00336774 0.0161791 0.0202159 -0.014761 -0.0079368 0.0248309
internal_weight=89.5592 30.7675 58.7916 53.2901 39.2138 14.0763 32.1689 25.8753 23.6715 15.9115 19.9193
internal_count=245 85 160 145 107 38 88 71 66 44 55
is_linear=0
shrinkage=0.035


Tree=43
num_leaves=11
num_cat=0
split_feature=13 5 15 1 21 17 1 15 16 15
split_gain=3.05638 3.7115 3.48898 2.62565 2.94088 1.94485 1.7311 1.7148 1.32773 0.24202
threshold=0.24324368054313097 0.68425268722420085 0.30763100480730066 -0.65467765939511768 1.0000000180025095e-35 0.65935991603642807 1.2212992593394303 -0.78988367974685891 -0.049933071655851688 0.67346923299202077
decision_type=2 2 2 2 2 2 2 2 2 2
left_child=2 9 3 8 -5 -3 7 -6 -1 -2
right_child=1 5 -4 4 6 -7 -8 -9 -10 -11
leaf_value=0.0011403622870943552 -0.024026465243484323 -0.0081815921166322018 0.025651167831207706 0.012140848663789524 0 0.016444962373308215 0.0044690645229612334 -0.024839185344042856 0.025084194382673172 -0.0076592966681967474
leaf_weight=6.2739425897598267 8.9216669052839297 5.5007210522890073 6.7495588362216941 6.4807796478271511 4.2494316101074228 6.219534695148468 4.3726565539836875 9.696958526968956 4.4897097349166852 5.4181850850582114
leaf_count=23 35 20 22 23 15 20 15 37 15 20
internal_value=3.26593e-05 -0.0089335 0.00582726 0.0007597 -0.00536151 0.00499642 -0.0123973 -0.017912 0.0139047 -0.019858
internal_weight=68.3731 26.0601 42.313 35.5635 24.7998 11.7203 18.319 13.9464 10.7637 14.3399
internal_count=245 95 150 128 90 40 67 52 38 55
is_linear=0
shrinkage=0.035


Tree=44
num_leaves=12
num_cat=0
split_feature=18 14 5 19 23 4 14 16 16 16 7
split_gain=6.72553 2.34954 2.18444 1.90721 1.84246 2.53771 0.667278 0.519954 1.40733 0.503024 0.248335
threshold=-0.71692202382482006 -0.81803350107647954 0.98891767290330945 -0.042201414390343868 -0.17253603310808255 0.36784974374328777 -0.30006229364546039 -0.1282432377932646 -0.67997609106091927 -0.43921357981119752 -0.96878767758036666
decision_type=2 2 2 2 2 2 2 2 2 2 2
left_child=3 -2 4 6 7 9 -1 8 -3 -6 -9
right_child=1 2 -4 -5 5 -7 -8 10 -10 -11 -12
leaf_value=0.011359767482511164 0.01327504419773389 -0.01775761303846498 0.00767239387243078 -0.00088291382327581756 -0.018187249885711521 0.017514077182096841 0.032766827795667176 -0.0063836292438597762 0.0033151744954854692 -6.8449750298258657e-05 -0.02446989930031444
leaf_weight=8.4435479044914246 4.6175505220890036 6.268345981836319 6.382755070924758 4.7205017507076255 3.6680643409490585 4.0311651229858398 5.3594171702861795 3.847595483064647 5.6719763576984388 3.7241781949996966 11.408127427101137
leaf_count=26 15 25 21 16 15 13 15 16 20 15 48
internal_value=0.000229486 -0.00644134 -0.00905487 0.0172411 -0.0121903 0 0.0230989 -0.0168539 -0.00833138 -0.0115764 -0.0214812
internal_weight=68.1432 49.6198 45.0022 18.5235 38.6195 11.4234 13.803 27.196 11.9403 7.39224 15.2557
internal_count=245 188 173 57 152 43 41 109 45 30 64
is_linear=0
shrinkage=0.035


Tree=45
num_leaves=12
num_cat=0
split_feature=1 13 1 23 6 16 7 13 17 6 18
split_gain=2.94822 4.6344 4.30119 3.44948 3.87097 3.25842 1.99742 1.94321 1.36322 0.95141 0.558431
threshold=-0.65467765939511768 0.24324368054313097 1.0000000180025095e-35 -0.13740324780946514 1.0000000180025095e-35 -0.93277152653226836 0.59018099898574083 1.0000000180025095e-35 -0.56820372067440794 -0.60895174487585768 1.0719364511002605
decision_type=2 2 2 2 2 2 2 2 2 2 2
left_child=1 8 10 4 5 -4 -3 -6 -1 -7 -2
right_child=2 6 3 -5 7 9 -8 -9 -10 -11 -12
leaf_value=-0.0027093222685393836 0.02327459145040215 0.017702646808069419 0.0058055464725094499 0.018880822332233226 0.019105674790773124 -0.031047081748261051 -0.0065151198046137053 -0.0033828885905850302 -0.025608642328770186 -0.0094232138846554962 0.0057656220195044083
leaf_weight=5.4866264462471035 10.255483120679857 6.615388482809065 5.4550998508930197 6.1921100616455069 6.233874410390853 7.7969021797180158 6.1592096388339996 9.1435732543468458 12.084972828626634 7.9381802976131475 5.9144568741321555
leaf_count=15 28 18 15 17 17 22 17 25 33 22 16
internal_value=-0.000282051 -0.00886886 0.00419958 -0.00167548 -0.00609106 -0.0152881 0.00636951 0.0065813 -0.0197342 -0.022727 0.0184989
internal_weight=89.2759 30.3462 58.9297 42.7597 36.5676 21.1902 12.7746 15.3774 17.5716 15.7351 16.1699
internal_count=245 83 162 118 101 59 35 42 48 44 44
is_linear=0
shrinkage=0.035


Tree=46
num_leaves=10
num_cat=0
split_feature=13 5 14 18 11 17 6 18 15
split_gain=2.96302 3.6055 3.27739 2.83401 2.53782 1.87358 1.76381 1.09932 0.241209
threshold=0.24324368054313097 0.68425268722420085 0.73588012121657798 0.28728850195443262 -1.0000000180025095e-35 0.65935991603642807 0.2511165343012281 1.0095038183958065 0.67346923299202077
decision_type=2 2 2 2 2 2 2 2 2
left_child=2 8 3 4 6 -3 -1 -5 -2
right_child=1 5 -4 7 -6 -7 -8 -9 -10
leaf_value=0.024380979454949187 -0.023831290554186434 -0.0080804454504812447 0.023244119120727554 -0.017508846325978367 -0.0060608175648332171 0.016079874478759089 -0.0012960749750968246 0.00096139986328118736 -0.0075315514074838453
leaf_weight=8.9569363445043546 8.7926112264394778 5.4773246943950635 8.1337945163249952 8.4638209342956525 7.6865902394056347 6.2553943693637848 3.8659258037805548 5.1987663954496375 5.390615075826644
leaf_count=31 35 20 25 32 28 20 15 19 20
internal_value=5.41574e-05 -0.00880461 0.00575189 0.000388172 0.00845554 0.00488436 0.0171551 -0.0109202 -0.0196571
internal_weight=68.2218 25.9159 42.3058 34.172 20.5095 11.7327 12.8229 13.6626 14.1832
internal_count=245 95 150 125 74 40 46 51 55
is_linear=0
shrinkage=0.035


Tree=47
num_leaves=12
num_cat=0
split_feature=18 14 11 15 20 10 16 17 5 1 16
split_gain=6.42812 2.28469 2.11472 1.91499 1.84122 1.58658 4.79487 2.58972 0.764439 0.732176 0.689974
threshold=-0.71692202382482006 -0.81803350107647954 0.84037943042570762 0.21617144776112068 1.0000000180025095e-35 -0.18180687517822527 -0.087824940051663428 -0.72432204188634286 -0.83907224117134194 0.41730915131033819 -0.031509837360503765
decision_type=2 2 2 2 2 2 2 2 2 2 2
left_child=4 -2 3 5 9 10 7 -7 -8 -1 -3
right_child=1 2 -4 -5 -6 6 8 -9 -10 -11 -12
leaf_value=0.0096800416668252603 0.013082135706448101 -0.021831859417544629 0.0091642765674230121 -0.024224612672705259 -0.00094028593465006385 -0.0012574022638078106 -0.00077207532108335337 0.030873258492339507 -0.021590904660578517 0.030920702282550241 -0.0016659469329115238
leaf_weight=7.4034886062145251 4.6348825693130484 6.4927418828010559 5.1302483081817618 9.5455365329980832 4.7259661555290213 5.0157423764467239 3.8817772418260557 4.4517733305692673 6.1910521835088783 6.4651630222797394 4.0175549238920194
leaf_count=23 15 27 16 38 16 19 16 15 26 18 16
internal_value=0.000238599 -0.00631816 -0.00891482 -0.0117114 0.0168224 -0.00630923 0 0.0161426 -0.0154598 0.0225618 -0.0160418
internal_weight=67.9559 49.3613 44.7264 39.5962 18.5946 30.0506 19.5403 9.46752 10.0728 13.8687 10.5103
internal_count=245 188 173 157 57 119 76 34 42 41 43
is_linear=0
shrinkage=0.035


Tree=48
num_leaves=11
num_cat=0
split_feature=13 9 13 17 17 5 16 20 4 23
split_gain=2.86792 3.85013 2.78717 4.46087 3.46091 3.96072 2.86211 1.9542 1.48939 0.828151
threshold=-0.70273275574578797 -0.95628073825189441 0.24324368054313097 -0.63702959625503941 0.4126407773832011 0.34150457833520365 -0.83070427214759512 -0.23908679060158169 0.70031675492812961 -1.0000000180025095e-35
decision_type=2 2 2 2 2 2 2 2 2 2
left_child=1 -1 3 7 6 -6 -4 -2 9 -5
right_child=2 -3 4 8 5 -7 -8 -9 -10 -11
leaf_value=0.023528775141709743 0.017688908631861677 -0.0058583456839367562 -0.0030363804699468683 -0.030035968971509629 0.0083251887659348978 -0.02245782637196234 0.023532031784577554 -0.0057744022931680381 -0.0025371662643461166 -0.0081221590476734575
leaf_weight=10.554915547370912 5.85642409324646 8.1082648336887342 6.9638690054416683 10.517330825328829 8.3374897539615649 8.2654289007186872 10.695464879274367 7.7033721804618818 6.2516042590141288 5.7898740172386196
leaf_count=29 16 22 19 29 23 24 29 21 17 16
internal_value=-0.000269071 0.0111761 -0.00360152 -0.0101718 0.00335899 -0.00748418 0.0135448 0.00499302 -0.0191653 -0.0242796
internal_weight=89.044 18.6632 70.3809 36.1186 34.2623 16.6029 17.6593 13.5598 22.5588 16.3072
internal_count=245 51 194 99 95 47 48 37 62 45
is_linear=0
shrinkage=0.035


Tree=49
num_leaves=12
num_cat=0
split_feature=16 6 18 1 21 22 20 16 19 6 1
split_gain=2.88325 2.17599 2.69724 2.27616 5.02692 2.2493 1.40691 1.3786 1.37488 0.720988 0.0582167
threshold=1.3941219711743604 -0.83830328598974724 -0.97084048320703942 -0.65467765939511768 0.11678254155038563 -0.45358882094514802 -0.16286523731935984 -0.049933071655851688 0.27230342289130588 -1.2970063682175261 1.2212992593394303
decision_type=2 2 2 2 2 2 2 2 2 2 2
left_child=1 2 -1 4 7 -5 10 -3 -8 -4 -7
right_child=-2 3 9 5 -6 6 8 -9 -10 -11 -12
leaf_value=-0.0098622058209494549 0.019671153640011041 -0.015916461210745685 0.0040836189803130519 0.0055021472571157486 0.02888834271141541 -0.024732093701200386 0.0075760508651311143 0.0043404714507507642 -0.015056548458506343 0.026264024808765669 -0.0080101986457837906
leaf_weight=4.5421560257673255 6.1818986237049094 7.6214642673730859 4.5061658173799506 6.0948758870363227 4.614232510328292 11.267196744680406 4.8078676015138679 5.4287579804658863 4.2666015923023224 4.8000679016113272 3.9855758100748053
leaf_count=17 19 30 16 21 15 46 17 19 15 15 15
internal_value=3.86978e-05 -0.00239281 0.00887445 -0.00596726 0.00356882 -0.0115449 -0.0161087 -0.00768396 -0.00338857 0.0186106 -0.022102
internal_weight=68.1169 61.935 13.8484 48.0866 17.6645 30.4221 24.3272 13.0502 9.07447 9.30623 15.2528
internal_count=245 226 48 178 64 114 93 49 32 31 61
is_linear=0
shrinkage=0.035


Tree=50
num_leaves=12
num_cat=0
split_feature=18 14 5 23 4 19 14 16 16 16 7
split_gain=6.15407 2.20561 2.04245 1.83648 2.3993 1.76017 0.629543 0.494807 1.31503 0.488098 0.253022
threshold=-0.71692202382482006 -0.81803350107647954 0.98891767290330945 -0.17253603310808255 0.36784974374328777 -0.042201414390343868 -0.30006229364546039 -0.1282432377932646 -0.67997609106091927 -0.43921357981119752 -0.96878767758036666
decision_type=2 2 2 2 2 2 2 2 2 2 2
left_child=5 -2 3 7 9 6 -1 8 -3 -5 -9
right_child=1 2 -4 4 -6 -7 -8 10 -10 -11 -12
leaf_value=0.010763374915968163 0.012797004284620139 -0.017414167929296103 0.0073227491468114692 -0.017735097312641085 0.017214356580512333 -0.00092539568016657137 0.03131335997451884 -0.0061372590833611903 0.0030102740421077013 0 -0.024165421894233513
leaf_weight=8.5063037872314453 4.6622338294982901 6.1349147409200668 6.4228976517915717 3.5476018190383911 4.0477442145347595 4.7263661921024314 5.4205822944641122 3.801247194409366 5.7077572047710401 3.6925913542509097 11.10629326105118
leaf_count=26 15 25 21 15 13 16 15 16 20 15 48
internal_value=0.000236955 -0.00620927 -0.00878036 -0.0118605 0 0.0164246 0.0220192 -0.0165576 -0.00817836 -0.0111414 -0.0211487
internal_weight=67.7765 49.1233 44.461 38.0381 11.2879 18.6533 13.9269 26.7502 11.8427 7.24019 14.9075
internal_count=245 188 173 152 43 57 41 109 45 30 64
is_linear=0
shrinkage=0.035


Tree=51
num_leaves=12
num_cat=0
split_feature=1 13 1 23 6 16 13 7 17 6 18
split_gain=2.79625 4.27062 4.04826 3.2284 3.55803 3.1093 1.84885 1.83304 1.24439 0.910015 0.537721
threshold=-0.65467765939511768 0.24324368054313097 1.0000000180025095e-35 -0.13740324780946514 1.0000000180025095e-35 -0.93277152653226836 1.0000000180025095e-35 0.59018099898574083 -0.56820372067440794 -0.60895174487585768 1.0719364511002605
decision_type=2 2 2 2 2 2 2 2 2 2 2
left_child=1 8 10 4 5 -4 -6 -3 -1 -7 -2
right_child=2 7 3 -5 6 9 -8 -9 -10 -11 -12
leaf_value=-0.0027080153853048599 0.022669705380364419 0.016901125356369069 0.0057867087366960763 0.018303229281017956 0.018493387012116561 -0.030290481918561592 -0.0034582217174190461 -0.0063294107316512749 -0.024749054478931269 -0.0090830472828934417 0.0055273383112429252
leaf_weight=5.4698694646358517 10.208877056837084 6.5773159265518171 5.4391701817512503 6.1500191390514365 6.2031752467155448 7.6857094764709455 9.1160808503627759 6.1255017817020416 12.020608574151995 7.8788564801216161 5.9032388925552359
leaf_count=15 28 18 15 17 17 22 25 17 33 22 16
internal_value=-0.000282176 -0.0086645 0.00409462 -0.00162756 -0.00591822 -0.0147831 0.00623656 0.00600474 -0.0191106 -0.0221107 0.0179827
internal_weight=88.7784 30.1933 58.5851 42.473 36.323 21.0037 15.3193 12.7028 17.4905 15.5646 16.1121
internal_count=245 83 162 118 101 59 42 35 48 44 44
is_linear=0
shrinkage=0.035


Tree=52
num_leaves=11
num_cat=0
split_feature=13 5 15 1 21 17 1 15 16 15
split_gain=2.74868 3.44165 3.1136 2.38843 2.80038 1.75775 1.60879 1.68511 1.21886 0.244538
threshold=0.24324368054313097 0.68425268722420085 0.30763100480730066 -0.65467765939511768 1.0000000180025095e-35 0.65935991603642807 1.2212992593394303 -0.78988367974685891 -0.049933071655851688 0.67346923299202077
decision_type=2 2 2 2 2 2 2 2 2 2
left_child=2 9 3 8 -5 -3 7 -6 -1 -2
right_child=1 5 -4 4 6 -7 -8 -9 -10 -11
leaf_value=0.00091919910423792297 -0.02348706467145166 -0.0078495317835056838 0.024059462822772128 0.011811492184157231 9.8337148553321937e-05 0.015566629004015479 0.004042170546132806 -0.02454716415820523 0.023725890791090658 -0.0072641061662165251
leaf_weight=6.2882576286792755 8.5635732412338275 5.4204452484846097 6.8989612460136405 6.4980795532465008 4.2150598168373117 6.2951343655586243 4.4052947908639899 9.4424796998500824 4.5906246900558454 5.3310464471578589
leaf_count=23 35 20 22 23 15 20 15 37 15 20
internal_value=5.87242e-05 -0.00853781 0.00552763 0.000687345 -0.00520513 0.00478509 -0.0121557 -0.0175647 0.0131407 -0.0192902
internal_weight=67.949 25.6102 42.3388 35.4398 24.5609 11.7156 18.0628 13.6575 10.8789 13.8946
internal_count=245 95 150 128 90 40 67 52 38 55
is_linear=0
shrinkage=0.035


Tree=53
num_leaves=12
num_cat=0
split_feature=18 14 11 15 20 10 16 17 5 1 16
split_gain=5.86366 2.12248 1.99728 1.87436 1.67624 1.53859 4.52313 2.39491 0.765417 0.695158 0.664779
threshold=-0.71692202382482006 -0.81803350107647954 0.84037943042570762 0.21617144776112068 1.0000000180025095e-35 -0.18180687517822527 -0.087824940051663428 -0.72432204188634286 -0.83907224117134194 0.41730915131033819 -0.031509837360503765
decision_type=2 2 2 2 2 2 2 2 2 2 2
left_child=4 -2 3 5 9 10 7 -7 -8 -1 -3
right_child=1 2 -4 -5 -6 6 8 -9 -10 -11 -12
leaf_value=0.0090955993541695385 0.012499170270095217 -0.021494848714669116 0.0088698103288968703 -0.023904166925144951 -0.00092394150322231902 -0.0011413059163735248 -0.00049303191589635626 0.029689344161688044 -0.02128748026629004 0.029491528828098988 -0.0016048379696732822
leaf_weight=7.4718739390373248 4.688866287469863 6.3211606591939926 5.1560542583465567 9.307722404599188 4.7231343984603873 4.988986924290657 3.834310516715048 4.5385606586933136 6.0286717116832786 6.5253422856330872 4.0036273896694166
leaf_count=23 15 27 16 38 16 19 16 15 26 18 16
internal_value=0.000233628 -0.00609142 -0.00863407 -0.0113945 0.0159923 -0.00605022 0 0.0156928 -0.015092 0.0214305 -0.0157201
internal_weight=67.5883 48.868 44.1791 39.023 18.7204 29.7153 19.3905 9.52755 9.86298 13.9972 10.3248
internal_count=245 188 173 157 57 119 76 34 42 41 43
is_linear=0
shrinkage=0.035


Tree=54
num_leaves=11
num_cat=0
split_feature=13 9 13 17 17 5 16 20 4 23
split_gain=2.67638 3.66602 2.64648 4.13 3.14433 3.69896 2.71778 1.85332 1.35935 0.76959
threshold=-0.70273275574578797 -0.95628073825189441 0.24324368054313097 -0.63702959625503941 0.4126407773832011 0.34150457833520365 -0.83070427214759512 -0.23908679060158169 0.70031675492812961 -1.0000000180025095e-35
decision_type=2 2 2 2 2 2 2 2 2 2
left_child=1 -1 3 7 6 -6 -4 -2 9 -5
right_child=2 -3 4 8 5 -7 -8 -9 -10 -11
leaf_value=0.022905680709896986 0.017103676896648455 -0.0057988697078004995 -0.0031089199328508325 -0.029123032982446 0.008137294931850076 -0.021724723757127987 0.022772021719060096 -0.0057749577113697876 -0.0025871163027023779 -0.0078458410642994539
leaf_weight=10.480212658643724 5.8191236853599548 8.0964942872524244 6.9558266699314144 10.422499358654024 8.2994079291820544 8.1281369328498823 10.637252956628798 7.6803249120712263 6.2270300090312949 5.7584935426712063
leaf_count=29 16 22 19 29 23 24 29 21 17 16
internal_value=-0.000282571 0.0107923 -0.00351592 -0.00993484 0.0032887 -0.00710739 0.0129986 0.0046829 -0.0186183 -0.0235357
internal_weight=88.5048 18.5767 69.9281 35.9075 34.0206 16.4275 17.5931 13.4994 22.408 16.181
internal_count=245 51 194 99 95 47 48 37 62 45
is_linear=0
shrinkage=0.035


Tree=55
num_leaves=12
num_cat=0
split_feature=21 12 6 0 20 17 13 11 16 14 15
split_gain=2.71428 3.14914 2.43146 2.19999 3.08575 2.20704 4.1696 0.998089 0.717393 0.64186 0.0417238
threshold=0.43528038214234649 -0.53958713830950833 -0.83830328598974724 0.65081807073742881 -0.16286523731935984 1.3022164528064837 -0.48080089143583177 -0.13115930254841798 -1.0809744969392978 0.11431467229935485 -0.058207223377419258
decision_type=2 2 2 2 2 2 2 2 2 2 2
left_child=1 8 -3 4 9 6 -5 -6 -1 10 -4
right_child=-2 2 3 5 7 -7 -8 -9 -10 -11 -12
leaf_value=-0.0012328430061930714 0.016907354825240795 0.017960051211170232 -0.0085353559139113543 -0.0050238136237195398 0.016310994310717565 -0.007765832676201765 0.036344223538604635 -0.0027808002450125527 -0.02098351528914405 -0.023459537640782707 -0.00097315144881372458
leaf_weight=3.8689810484647742 8.1457774043083173 7.2418259382247916 4.2752929180860448 4.4778205901384345 4.2733733952045441 4.8869868814945212 4.3394876271486273 5.3737628161907249 9.3714558929204923 7.7177863568067542 3.827398821711542
leaf_count=15 26 23 17 16 15 16 14 20 38 30 15
internal_value=6.32221e-05 -0.00262554 0.00173449 -0.00186439 -0.00785971 0.00852488 0.0178058 0.00657415 -0.0164758 -0.0167059 -0.00638273
internal_weight=67.7999 59.6542 46.4137 39.1719 25.4676 13.7043 8.81731 9.64714 13.2404 15.8205 8.10269
internal_count=245 219 166 143 97 46 30 35 53 62 32
is_linear=0
shrinkage=0.035


Tree=56
num_leaves=12
num_cat=0
split_feature=18 14 11 23 4 14 1 9 16 9 7
split_gain=5.61845 2.04819 1.93758 1.86443 2.22914 1.61873 1.74315 0.78389 0.483265 1.14566 0.252035
threshold=-0.71692202382482006 -0.81803350107647954 0.84037943042570762 -0.17253603310808255 0.36784974374328777 -0.30006229364546039 -0.65467765939511768 -0.22863669859815261 -0.1282432377932646 -0.22863669859815261 -0.96878767758036666
decision_type=2 2 2 2 2 2 2 2 2 2 2
left_child=5 -2 3 8 7 6 -1 -5 9 -3 -10
right_child=1 2 -4 4 -6 -7 -8 -9 10 -11 -12
leaf_value=0.017532675321251624 0.012222133636334235 -0.01697397169109997 0.0086991641625561965 0 0.016904737450375563 0.027200581056201167 -0.0057843741767353045 -0.018482661684316296 -0.0058803347933474191 0.0021601770199912713 -0.023747292080536248
leaf_weight=5.3526595532894143 4.7147022783756247 5.721590131521225 5.1720080077648154 4.570260912179946 4.0659146904945365 6.9820691943168631 6.431245982646943 3.7302490174770382 3.7517791390418962 5.998767286539076 10.910480663180353
leaf_count=17 15 23 16 19 13 20 20 15 16 22 49
internal_value=0.000229262 -0.00598981 -0.00850627 -0.0112458 0 0.0156246 0.00543332 -0.00983943 -0.0161877 -0.00791068 -0.0207452
internal_weight=67.4017 48.6358 43.921 38.749 12.3664 18.766 11.7839 8.30051 26.3826 11.7204 14.6623
internal_count=245 188 173 157 47 57 37 34 110 45 65
is_linear=0
shrinkage=0.035


end of trees

feature_importances:
Column_14=63
Column_16=47
Column_17=44
Column_1=38
Column_18=37
Column_6=27
Column_23=27
Column_8=25
Column_11=25
Column_15=25
Column_19=25
Column_21=25
Column_13=24
Column_7=23
Column_20=23
Column_12=19
Column_22=18
Column_4=16
Column_5=15
Column_10=10
Column_9=9
Column_0=5
Column_2=4

parameters:
[boosting: gbdt]
[objective: multiclass]
[metric: multi_logloss]
[tree_learner: serial]
[device_type: cpu]
[data_sample_strategy: bagging]
[data: ]
[valid: ]
[num_iterations: 600]
[learning_rate: 0.035]
[num_leaves: 48]
[num_threads: 0]
[seed: 42]
[deterministic: 0]
[force_col_wise: 0]
[force_row_wise: 0]
[histogram_pool_size: -1]
[max_depth: 8]
[min_data_in_leaf: 15]
[min_sum_hessian_in_leaf: 0.001]
[bagging_fraction: 1]
[pos_bagging_fraction: 1]
[neg_bagging_fraction: 1]
[bagging_freq: 0]
[bagging_seed: 400]
[bagging_by_query: 0]
[feature_fraction: 1]
[feature_fraction_bynode: 1]
[feature_fraction_seed: 30056]
[extra_trees: 0]
[extra_seed: 12879]
[early_stopping_round: 0]
[early_stopping_min_delta: 0]
[first_metric_only: 0]
[max_delta_step: 0]
[lambda_l1: 0.15]
[lambda_l2: 2]
[linear_lambda: 0]
[min_gain_to_split: 0]
[drop_rate: 0.1]
[max_drop: 50]
[skip_drop: 0.5]
[xgboost_dart_mode: 0]
[uniform_drop: 0]
[drop_seed: 17869]
[top_rate: 0.2]
[other_rate: 0.1]
[min_data_per_group: 100]
[max_cat_threshold: 32]
[cat_l2: 10]
[cat_smooth: 10]
[max_cat_to_onehot: 4]
[top_k: 20]
[monotone_constraints: ]
[monotone_constraints_method: basic]
[monotone_penalty: 0]
[feature_contri: ]
[forcedsplits_filename: ]
[refit_decay_rate: 0.9]
[cegb_tradeoff: 1]
[cegb_penalty_split: 0]
[cegb_penalty_feature_lazy: ]
[cegb_penalty_feature_coupled: ]
[path_smooth: 0]
[interaction_constraints: ]
[verbosity: -1]
[saved_feature_importance_type: 0]
[use_quantized_grad: 0]
[num_grad_quant_bins: 4]
[quant_train_renew_leaf: 0]
[stochastic_rounding: 1]
[linear_tree: 0]
[max_bin: 255]
[max_bin_by_feature: ]
[min_data_in_bin: 3]
[bin_construct_sample_cnt: 200000]
[data_random_seed: 175]
[is_enable_sparse: 1]
[enable_bundle: 1]
[use_missing: 1]
[zero_as_missing: 0]
[feature_pre_filter: 1]
[pre_partition: 0]
[two_round: 0]
[header: 0]
[label_column: ]
[weight_column: ]
[group_column: ]
[ignore_column: ]
[categorical_feature: ]
[forcedbins_filename: ]
[precise_float_parser: 0]
[parser_config_file: ]
[objective_seed: 16083]
[num_class: 3]
[is_unbalance: 0]
[scale_pos_weight: 1]
[sigmoid: 1]
[boost_from_average: 1]
[reg_sqrt: 0]
[alpha: 0.9]
[fair_c: 1]
[poisson_max_delta_step: 0.7]
[tweedie_variance_power: 1.5]
[lambdarank_truncation_level: 30]
[lambdarank_norm: 1]
[label_gain: ]
[lambdarank_position_bias_regularization: 0]
[eval_at: ]
[multi_error_top_k: 1]
[auc_mu_weights: ]
[num_machines: 1]
[local_listen_port: 12400]
[time_out: 120]
[machine_list_filename: ]
[machines: ]
[gpu_platform_id: -1]
[gpu_device_id: -1]
[gpu_device_id_list: ]
[gpu_use_dp: 0]
[num_gpu: 1]

end of parameters

pandas_categorical:null
