tree
version=v4
num_class=1
num_tree_per_iteration=1
label_index=0
max_feature_idx=42
objective=binary sigmoid:1
feature_names=Column_0 Column_1 Column_2 Column_3 Column_4 Column_5 Column_6 Column_7 Column_8 Column_9 Column_10 Column_11 Column_12 Column_13 Column_14 Column_15 Column_16 Column_17 Column_18 Column_19 Column_20 Column_21 Column_22 Column_23 Column_24 Column_25 Column_26 Column_27 Column_28 Column_29 Column_30 Column_31 Column_32 Column_33 Column_34 Column_35 Column_36 Column_37 Column_38 Column_39 Column_40 Column_41 Column_42
feature_infos=[-0.82278226486144124:7.7100965999631619] [-0.75611409907587912:8.3046059180971881] [-0.9754264250872805:7.2984506397436162] [-0.81451806218127032:7.9614326331136533] [-0.77541996988002948:7.6638639230530332] [-1.0079453473423994:7.6167257233061481] [-1.7933883627576295:4.7318532103196436] [-1.0545914985510449:6.0081575749703555] [-2.2224461230318537:4.0005233824340216] [-2.6011680271845758:2.8913516489559363] [-4.4217037148908291:1.3698815664014814] [-1.9241781958351742:3.7616224759523216] [-1.2470243124367695:4.0704328371848053] [-2.5898370543633886:2.9818026048354427] [-1.9081612619279205:3.8352985640042814] [-1.7255303262490009:1.8028907284136499] [-1.4967305918827565:1.4466158456074594] [-3.7873339978874485:0.89851234156778104] [-1.8880904364418658:0.52963564705328559] [-2.3525556549040449:2.238920460084918] [-2.3259990771289942:4.5470583505777133] [-2.3321254887090239:3.0183868544638006] [-3.2053884191413222:3.7328273588539629] [-1.7338901581114239:3.2331341032089633] [-2.0589753684674696:4.2682848888114799] [-2.4368221228499398:4.0309986938710791] [-3.2938117969884786:3.6878745826648318] [-3.0853323970362889:2.8271159382462221] [-2.9679262293122917:3.8131566766421643] [-3.0939031206337106:2.7257316180659292] [-3.108992193627464:3.5153137159692416] [-2.2700501782902771:4.1212412361711186] [-2.6898625651926156:4.8687046381674435] [-2.4577485843808389:3.4913667037781231] [-3.1957234990007453:4.6054547848242668] [-3.8190643742224983:3.4655615499923944] [-2.9771276089919509:4.3999966790230767] [-1.445039944976789:2.6816739380037258] [-0.98578920485965094:2.8608792747884482] [-1.0080827538418311:3.6723014604238138] [4:804] [4:804] [0:1]
tree_sizes=2321 2337 2206 2413 2344 2294

Tree=0
num_leaves=21
num_cat=0
split_feature=1 22 30 39 22 30 13 13 14 27 27 14 0 6 12 33 28 32 9 27
split_gain=14.376 11.3668 5.15154 4.60361 4.67476 6.15439 5.92137 6.45448 5.4736 5.70113 5.39376 3.94923 3.70404 3.28703 3.25581 2.37947 2.32421 1.71246 1.5607 1.25622
threshold=1.1530766552934211 -1.0328158017892628 1.5550599263947065 1.3321093532909913 0.15859498837154348 -0.47278882144101991 0.023565229232877464 -0.33666981889259623 -0.79387437182707943 0.36359579854517599 -0.81889386851132617 -0.65346291090004471 -0.14781821403058901 0.09518069595050084 -0.73216893413859929 -0.63996335744337796 -1.0000000180025095e-35 -1.0000000180025095e-35 -0.71579381109234108 0.75775902089734337
decision_type=2 2 2 2 2 2 2 2 2 2 2 2 2 2 2 2 2 2 2 2
left_child=1 14 3 4 5 10 7 15 19 -10 13 -7 -13 -3 -1 -6 -14 -5 -16 -8
right_child=-2 2 -4 17 6 11 8 -9 9 -11 -12 12 16 -15 18 -17 -18 -19 -20 -21
leaf_value=0.079182820491153147 0.11221234810093063 0.088220459543337376 0.057823398645879778 0.085591078135153847 0.096375197493430653 0.086140337882747303 0.081585917137494177 0.11823623294095742 0.086712564780297124 0.05306620063559063 0.10257836392143121 0.047388037529843628 0.062680894066117182 0.062279803808515236 0.070692215616863882 0.073849707319113486 0.086140337882747289 0.11092057795180862 0.045577004250143403 0.10202053915157243
leaf_weight=5.9903358221054104 10.233490362763403 6.9887251257896441 6.2399331480264655 5.9903358221054077 6.4895304739475259 5.4911411702632895 5.9903358221054095 7.7375171035528174 6.7391277998685828 8.9855037331581098 8.7359064072370476 9.9838930368423444 6.7391277998685819 7.4879197776317596 5.4911411702632948 7.2383224517107019 5.4911411702633011 5.24154384434223 10.732685014605519 5.2415438443422318
leaf_count=24 41 28 25 24 26 22 24 31 27 36 35 40 27 30 22 29 22 21 43 21
internal_value=0.0803107 0.077647 0.0814286 0.0830974 0.0808502 0.0746483 0.0874661 0.0986961 0.0782368 0.0671362 0.0856931 0.065388 0.0599609 0.0747453 0.0586958 0.0846376 0.0731369 0.100096 0.0522056 0.0930276
internal_weight=149.259 139.026 116.812 110.572 99.3397 50.9179 48.4219 21.4654 26.9565 15.7246 23.2126 27.7053 22.2142 14.4766 22.2142 13.7279 12.2303 11.2319 16.2238 11.2319
internal_count=598 557 468 443 398 204 194 86 108 63 93 111 89 58 89 55 49 45 65 45
is_linear=0
shrinkage=1


Tree=1
num_leaves=21
num_cat=0
split_feature=1 22 30 41 39 41 22 23 1 13 13 41 14 27 33 33 15 27 27 12
split_gain=13.6417 10.807 4.90955 4.39373 4.39237 6.17379 4.44786 7.95411 7.56029 5.6188 6.14653 5.35712 5.20766 5.41353 4.1872 2.26679 2.16088 1.27357 1.19628 1.01978
threshold=1.1530766552934211 -1.0328158017892628 1.5550599263947065 470.50000000000006 1.3321093532909913 237.00000000000003 0.15859498837154348 -0.57491783047 -0.39785740170016709 0.023565229232877464 -0.33666981889259623 386.50000000000006 -0.79387437182707943 0.36359579854517599 0.41765713822932632 -0.63996335744337796 0.33271528897087888 -0.49042451655118674 0.75775902089734337 0.25391651509925889
decision_type=2 2 2 2 2 2 2 2 2 2 2 2 2 2 2 2 2 2 2 2
left_child=1 3 4 14 6 -6 7 8 -3 10 15 16 18 -14 -1 -8 19 -10 -11 -9
right_child=-2 2 -4 -5 5 -7 9 11 17 12 -12 -13 13 -15 -16 -17 -18 -19 -20 -21
leaf_value=-0.036685788028710108 0.03110915106618543 -0.016369039191220708 -0.021929465726095675 0.0022363733829821775 -0.0015084445714190031 0.039103988073171267 0.015682211931674111 -0.034832415856296831 0.0063592963485155814 0.0012446795405553557 0.037031647839054938 0.0044830836326199414 0.0062461650770814911 -0.026523096187127584 -0.0028557757631133317 -0.0062991102629261662 -0.0060571342325898576 0.029947156487183189 0.021220009456374214 -0.013020249810332287
leaf_weight=11.989307090640073 10.217801839113234 5.2425502091646221 6.2447786331176749 4.994740515947341 5.9859239757060987 5.2369858026504517 6.4849301278591165 8.7393137663602847 4.9908139556646356 5.9900268316268939 7.7229772061109534 9.2361952960491163 6.7373273670673361 8.9936667680740339 5.2441109269857398 7.2401240170001993 8.2358805239200574 7.2376286834478352 5.2363630682229996 7.2411523312330237
leaf_count=48 41 21 25 20 24 21 26 35 20 24 31 37 27 36 21 29 33 29 21 29
internal_value=0 -0.00258262 0.00110467 -0.0210552 0.0027355 0.0193471 0.000539198 -0.00550778 0.010151 0.00699531 0.0179409 -0.0139421 -0.0019891 -0.0128183 -0.0277646 0.00421452 -0.0210545 0.0225039 0.0124362 -0.0272574
internal_weight=149.243 139.025 116.797 22.2282 110.552 11.2229 99.329 50.9235 17.471 48.4054 21.448 33.4525 26.9574 15.731 17.2334 13.7251 24.2163 12.2284 11.2264 15.9805
internal_count=598 557 468 89 443 45 398 204 70 194 86 134 108 63 69 55 97 49 45 64
is_linear=0
shrinkage=0.03


Tree=2
num_leaves=20
num_cat=0
split_feature=1 22 30 39 23 22 16 23 31 35 30 35 30 33 33 38 1 40 35
split_gain=12.9504 10.2445 4.6773 4.21216 4.04787 7.42713 3.87992 3.7825 3.55537 3.75933 4.38332 3.31543 3.30458 3.21439 2.31028 4.84813 2.18998 2.16752 1.70282
threshold=1.1530766552934211 -1.0328158017892628 1.5550599263947065 1.0000000180025095e-35 -0.57491783047 -0.051653974598010473 1.0000000180025095e-35 1.0000000180025095e-35 -1.0983134189723545 -0.35886706022042453 0.00037588638731589705 -0.48027749229067257 0.40594563595446137 -0.37555823352520196 -0.63996335744337796 -0.50495564490363842 -0.39785740170016709 117.00000000000001 0.70347422039424778
decision_type=2 2 2 2 2 2 2 2 2 2 2 2 2 2 2 2 2 2 2
left_child=1 14 3 4 12 7 17 -6 -5 -10 -11 -9 16 -8 -1 -16 -3 -7 -14
right_child=-2 2 -4 8 5 6 13 11 9 10 -12 -13 18 -15 15 -17 -18 -19 -20
leaf_value=-0.034418337131107174 0.030348588128212072 0 -0.0213899932164025 -0.0074878990816725768 -0.034069996601843205 0.0040966669010150626 0.027700493351965304 0.0067030498937360721 0.028487117439062581 -0.014698273826402545 0.016308397365884731 -0.018978394069989368 -0.014962143401732322 0 0.0083098290453754772 -0.023356186298897415 0.023864778797946292 -0.0153455911180493 0.006600360155727493
leaf_weight=6.7483897805213955 10.197543427348135 5.2402184903621665 6.2479872256517401 5.7369742989540127 7.4932997077703467 9.2285701930523008 6.7296579033136368 6.7410430759191522 11.212632030248647 4.9914247542619661 9.4788806736469251 8.490794032812115 4.9877514988183957 6.736165449023245 5.7454058080911645 9.7431979030370677 10.225203618407251 8.2316470593214017 4.9909940212965012
leaf_count=27 41 21 25 23 30 37 27 27 45 20 38 34 20 27 23 39 41 33 20
internal_value=0 -0.00250482 0.00108536 0.00267899 -0.000986465 -0.00569091 0.0037288 -0.0181948 0.011713 0.0163993 0.00486122 -0.00767215 0.00847516 0.0151209 -0.0204864 -0.0115601 0.0166565 -0.00524184 -0.00420148
internal_weight=149.198 139 116.763 110.515 79.0953 53.6512 30.926 22.7251 31.4199 25.6829 14.4703 15.2318 25.4442 13.4658 22.237 15.4886 15.4654 17.4602 9.97875
internal_count=598 557 468 443 317 215 124 91 126 103 58 61 102 54 89 62 62 70 40
is_linear=0
shrinkage=0.03


Tree=3
num_leaves=22
num_cat=0
split_feature=1 22 30 28 0 15 2 27 2 32 16 23 33 19 15 15 30 10 1 9 14
split_gain=12.3142 9.71918 4.4489 3.72451 5.55621 6.12942 5.52304 4.22738 4.4071 4.00805 3.53354 3.91717 3.78942 4.78831 4.24454 3.10038 2.1811 1.62108 1.40109 1.06257 0.602936
threshold=1.1530766552934211 -1.0328158017892628 1.5550599263947065 0.14007010258350058 -0.20614844064560078 -1.0394484545090408 0.30029616582666219 0.36359579854517599 -0.24763168327345167 0.86037354547650335 1.0452504223133394 -0.57491783047 -0.17725439058656975 -0.66901441274142515 0.13669189704517598 1.1168088566736902 -0.33759890491863848 0.071479616541228044 -0.32076418834083653 -0.71579381109234108 0.11628161895506869
decision_type=2 2 2 2 2 2 2 2 2 2 2 2 2 2 2 2 2 2 2 2 2
left_child=1 15 3 7 5 -5 17 10 -9 -6 11 16 13 -13 -15 19 -3 -7 -12 -1 -14
right_child=-2 2 -4 4 9 6 -8 8 -10 -11 18 12 20 14 -16 -17 -18 -19 -20 -21 -22
leaf_value=-0.0089400294345231418 0.029617692947532734 0.026407163728103089 -0.020867910141749969 -0.02241863479746092 0.031966829799160157 0.0060402085387567719 0.024002778984578064 0.0016765410207788762 -0.032321446487818047 0.00072996311134430902 -0.019748429482512091 -0.01393908426712605 -0.0032134848199157147 0 0.032685821786082515 -0.00022285504915570592 0.0012484315717303991 -0.01344237060464714 0 -0.031548827365610342 -0.019549964738563307
leaf_weight=4.9979430288076445 10.173098802566527 8.4667291492223722 6.2496714293956748 6.2389567196369198 10.706351771950724 5.4883990138769168 9.4703826159238798 5.4883562475442886 5.9947960674762708 5.9816855937242499 6.4873533099889755 4.9954880923032716 5.2387688010931139 6.7358562946319598 5.980994924902916 5.9953219443559638 5.4865771681070248 6.7411655187606812 5.2383027076721174 11.247183874249458 5.7404606640338898
leaf_count=20 41 34 25 25 43 22 38 22 24 24 26 20 21 27 24 24 22 27 21 45 23
internal_value=0 -0.00244981 0.00104705 0.00260325 0.00916846 0.000518138 0.00839443 -0.00186181 -0.0172937 0.0220837 0.00166682 0.00579275 -0.000536417 0.00765187 0.0171312 -0.0199626 0.0179842 -0.00455728 -0.0118401 -0.0262748 -0.013559
internal_weight=149.144 138.971 116.73 110.481 44.6269 27.9389 21.6999 65.8537 11.4832 16.688 54.3705 42.6449 28.6916 17.7123 12.7169 22.2404 13.9533 12.2296 11.7257 16.2451 10.9792
internal_count=598 557 468 443 179 112 87 264 46 67 218 171 115 71 51 89 56 49 47 65 44
is_linear=0
shrinkage=0.03


Tree=4
num_leaves=21
num_cat=0
split_feature=1 22 30 41 39 41 22 30 27 2 10 14 27 33 14 41 0 2 0 27
split_gain=11.7154 9.22054 4.23115 4.09381 3.96885 5.91174 4.09696 5.54966 4.96566 4.67938 4.45047 4.42221 4.57713 3.86477 3.48286 4.82457 3.03807 2.91852 2.6352 1.12151
threshold=1.1530766552934211 -1.0328158017892628 1.5550599263947065 470.50000000000006 1.3321093532909913 237.00000000000003 0.15859498837154348 -0.47278882144101991 -0.81889386851132617 -0.23097734135551506 0.35926829245401565 -0.79387437182707943 0.36359579854517599 0.41765713822932632 -0.65346291090004471 427.00000000000006 -0.10337613660962751 -0.4424874837133097 -0.14781821403058901 0.75775902089734337
decision_type=2 2 2 2 2 2 2 2 2 2 2 2 2 2 2 2 2 2 2 2
left_child=1 3 4 13 6 -6 7 8 16 10 -8 19 -13 -1 -9 18 -3 -12 -16 -11
right_child=-2 2 -4 -5 5 -7 9 14 -10 11 17 12 -14 -15 15 -17 -18 -19 -20 -21
leaf_value=-0.034501841151214976 0.028914418016404635 0.0075862228849154596 -0.020362328782960921 0.0028368507609005315 -0.0019531588396696836 0.037732772427418231 -0.0058363115791632775 0.00532469085873388 0.021354956220331185 0.0010320124181302595 0.0057816644433622477 0.0061478763108114764 -0.023759890162247176 -0.0021773619887469038 -0.038077623051263512 0.0041333517761754411 -0.017344753437172081 0.03378702858260834 -0.011073475227816812 0.020352935043862732
leaf_weight=11.996004715561872 10.144827201962469 6.9806893169879913 6.2499366700649253 4.997205287218093 5.9790969192981702 5.2140893936157227 4.9871080070734051 5.4831698983907691 8.7142463475465721 5.9864626079797763 6.7285751551389739 6.7354710400104514 9.2460842579603177 5.2466394901275626 8.2479322701692599 5.2404705435037604 7.4925089180469531 9.4367591887712443 8.7381601333618253 5.2228957712650299
leaf_count=48 41 28 25 20 24 21 20 22 35 24 27 27 37 21 33 21 30 38 35 21
internal_value=0 -0.0023991 0.00100695 -0.0194565 0.0025266 0.0183353 0.000437545 -0.00536322 0.00512359 0.00664274 0.0167414 -0.0014687 -0.011366 -0.0259476 -0.0141565 -0.019248 -0.00536126 0.0239506 -0.0265362 0.0118461
internal_weight=149.068 138.924 116.684 22.2398 110.434 11.1932 99.2405 50.8972 23.1874 48.3434 21.1524 27.1909 15.9816 17.2426 27.7097 22.2266 14.4732 16.1653 16.9861 11.2094
internal_count=598 557 468 89 443 45 398 204 93 194 85 109 64 69 111 89 58 65 68 45
is_linear=0
shrinkage=0.03


Tree=5
num_leaves=21
num_cat=0
split_feature=4 22 30 39 23 22 12 16 23 31 32 35 35 15 20 21 30 4 30 9
split_gain=11.1328 8.74685 4.03325 3.80266 3.76085 6.77024 4.62736 3.61366 3.53585 3.33692 3.5852 3.76457 3.0651 2.91605 2.68021 2.83258 2.52989 2.21184 2.13158 1.03052
threshold=1.2171887270624995 -1.0328158017892628 1.5550599263947065 1.0000000180025095e-35 -0.57491783047 -0.051653974598010473 0.54529313530655388 1.0000000180025095e-35 1.0000000180025095e-35 -1.0983134189723545 0.63132605446559231 -0.29264318818210716 -0.48027749229067257 1.1168088566736902 0.51287246909768969 -1.1282602114951381 0.40594563595446137 -0.35345577523337635 0.27075571943207971 -0.71579381109234108
decision_type=2 2 2 2 2 2 2 2 2 2 2 2 2 2 2 2 2 2 2 2
left_child=1 13 3 4 6 8 16 14 -6 -5 11 -11 -10 19 15 -7 -3 -9 -13 -1
right_child=-2 2 -4 9 5 7 -8 17 12 10 -12 18 -14 -15 -16 -17 -18 -19 -20 -21
leaf_value=-0.0082654773793569697 0.028236891266814466 0.021645713245383263 -0.019872424872888629 -0.0074849768641994776 -0.032816071682187101 0.001535854176131362 -0.01434864870229427 0.023587594553356774 0.0065026952475121238 0.036339805267927565 -0.0017730917670339063 -0.003744776300619557 -0.018174898977293769 0 0.0077500783371455689 -0.026609447403997087 0 0 0.019923673739395072 -0.030207630356558934
leaf_weight=4.9973882436752364 10.113067701458929 13.184268698096281 6.2488839030265799 5.7329704612493542 7.496318206191062 4.9844045639038086 4.9893150925636283 7.7047965824604034 6.7354665398597726 7.9331128746271196 6.9730619341135016 5.7284960448741895 8.4942340254783595 5.9948218762874594 6.9774128645658484 5.4855498671531766 7.2323521524667731 5.7325982898473722 4.9817280173301697 11.23919677734375
leaf_count=20 41 53 25 23 30 20 20 31 27 32 28 23 34 24 28 22 29 23 20 45
internal_value=0 -0.00232725 0.000990083 0.00247557 -0.00100319 -0.00553953 0.00812142 0.00345927 -0.0174736 0.0110719 0.0156306 0.0220851 -0.00729789 -0.0189439 -0.00518393 -0.0141958 0.0144925 0.0144771 0.00786806 -0.0250626
internal_weight=148.959 138.846 116.615 110.366 79.0167 53.6108 25.4059 30.8848 22.726 31.3494 25.6164 18.6433 15.2297 22.2314 17.4474 10.47 20.4166 13.4374 10.7102 16.2366
internal_count=598 557 468 443 317 215 102 124 91 126 103 75 61 89 70 42 82 54 43 65
is_linear=0
shrinkage=0.03


end of trees

feature_importances:
Column_30=13
Column_22=11
Column_27=10
Column_1=8
Column_33=7
Column_14=6
Column_23=6
Column_41=6
Column_15=5
Column_35=5
Column_39=5
Column_0=4
Column_2=4
Column_13=4
Column_9=3
Column_12=3
Column_16=3
Column_32=3
Column_4=2
Column_10=2
Column_28=2
Column_31=2
Column_6=1
Column_19=1
Column_20=1
Column_21=1
Column_38=1
Column_40=1

parameters:
[boosting: gbdt]
[objective: binary]
[metric: binary_logloss]
[tree_learner: serial]
[device_type: cpu]
[data_sample_strategy: bagging]
[data: ]
[valid: ]
[num_iterations: 800]
[learning_rate: 0.03]
[num_leaves: 96]
[num_threads: 1]
[seed: 42]
[deterministic: 0]
[force_col_wise: 1]
[force_row_wise: 0]
[histogram_pool_size: -1]
[max_depth: 10]
[min_data_in_leaf: 20]
[min_sum_hessian_in_leaf: 0.001]
[bagging_fraction: 0.85]
[pos_bagging_fraction: 1]
[neg_bagging_fraction: 1]
[bagging_freq: 0]
[bagging_seed: 400]
[bagging_by_query: 0]
[feature_fraction: 0.8]
[feature_fraction_bynode: 1]
[feature_fraction_seed: 30056]
[extra_trees: 0]
[extra_seed: 12879]
[early_stopping_round: 0]
[early_stopping_min_delta: 0]
[first_metric_only: 0]
[max_delta_step: 0]
[lambda_l1: 0.2]
[lambda_l2: 1.5]
[linear_lambda: 0]
[min_gain_to_split: 0]
[drop_rate: 0.1]
[max_drop: 50]
[skip_drop: 0.5]
[xgboost_dart_mode: 0]
[uniform_drop: 0]
[drop_seed: 17869]
[top_rate: 0.2]
[other_rate: 0.1]
[min_data_per_group: 100]
[max_cat_threshold: 32]
[cat_l2: 10]
[cat_smooth: 10]
[max_cat_to_onehot: 4]
[top_k: 20]
[monotone_constraints: ]
[monotone_constraints_method: basic]
[monotone_penalty: 0]
[feature_contri: ]
[forcedsplits_filename: ]
[refit_decay_rate: 0.9]
[cegb_tradeoff: 1]
[cegb_penalty_split: 0]
[cegb_penalty_feature_lazy: ]
[cegb_penalty_feature_coupled: ]
[path_smooth: 0]
[interaction_constraints: ]
[verbosity: -1]
[saved_feature_importance_type: 0]
[use_quantized_grad: 0]
[num_grad_quant_bins: 4]
[quant_train_renew_leaf: 0]
[stochastic_rounding: 1]
[linear_tree: 0]
[max_bin: 255]
[max_bin_by_feature: ]
[min_data_in_bin: 3]
[bin_construct_sample_cnt: 200000]
[data_random_seed: 175]
[is_enable_sparse: 1]
[enable_bundle: 1]
[use_missing: 1]
[zero_as_missing: 0]
[feature_pre_filter: 1]
[pre_partition: 0]
[two_round: 0]
[header: 0]
[label_column: ]
[weight_column: ]
[group_column: ]
[ignore_column: ]
[categorical_feature: ]
[forcedbins_filename: ]
[precise_float_parser: 0]
[parser_config_file: ]
[objective_seed: 16083]
[num_class: 1]
[is_unbalance: 0]
[scale_pos_weight: 1]
[sigmoid: 1]
[boost_from_average: 1]
[reg_sqrt: 0]
[alpha: 0.9]
[fair_c: 1]
[poisson_max_delta_step: 0.7]
[tweedie_variance_power: 1.5]
[lambdarank_truncation_level: 30]
[lambdarank_norm: 1]
[label_gain: ]
[lambdarank_position_bias_regularization: 0]
[eval_at: ]
[multi_error_top_k: 1]
[auc_mu_weights: ]
[num_machines: 1]
[local_listen_port: 12400]
[time_out: 120]
[machine_list_filename: ]
[machines: ]
[gpu_platform_id: -1]
[gpu_device_id: -1]
[gpu_device_id_list: ]
[gpu_use_dp: 0]
[num_gpu: 1]

end of parameters

pandas_categorical:null
