tree
version=v4
num_class=1
num_tree_per_iteration=1
label_index=0
max_feature_idx=62
objective=binary sigmoid:1
feature_names=Column_0 Column_1 Column_2 Column_3 Column_4 Column_5 Column_6 Column_7 Column_8 Column_9 Column_10 Column_11 Column_12 Column_13 Column_14 Column_15 Column_16 Column_17 Column_18 Column_19 Column_20 Column_21 Column_22 Column_23 Column_24 Column_25 Column_26 Column_27 Column_28 Column_29 Column_30 Column_31 Column_32 Column_33 Column_34 Column_35 Column_36 Column_37 Column_38 Column_39 Column_40 Column_41 Column_42 Column_43 Column_44 Column_45 Column_46 Column_47 Column_48 Column_49 Column_50 Column_51 Column_52 Column_53 Column_54 Column_55 Column_56 Column_57 Column_58 Column_59 Column_60 Column_61 Column_62
feature_infos=[-1.7893021810431162:5.5870428972121928] [-1.7945612377650693:9.898524593528089] [-1.5241403742098427:7.8649030880427375] [-1.771609622750449:5.4844836513994304] [-1.7383355082153236:10.150574077852829] [-1.4968802636760057:8.5921504338189365] [-2.5532692656643956:3.8193388023069534] [-2.1279464435578017:8.0548963465176762] [-2.4097148123611722:4.3846934443774144] [-2.6173018752536326:3.5222836041437029] [-6.5755954296670689:2.4657533528788775] [-2.5414692392897846:3.5697350848819314] [-1.7493555043269917:2.2887772511922333] [-2.7301419452436742:3.5349239701561439] [-2.5487610260251432:3.2455581148146222] [-2.7301419452436742:3.5349239701561439] [-6.9911245640180395:2.5156316521777664] [-2.5487610260251432:3.2455581148146222] [-7.3761680697408867:0.81703486936494818] [-1.7327662880831183:1.824481284142677] [-1.4043272825707587:1.4770725597692886] [-2.1848618788374483:1.1663248055220019] [-1.4881395724101953:0.67197997992917113] [-2.1135585686425675:2.6101378594104765] [-2.3692162025726393:3.9200320195181] [-2.3871902975397337:3.567425864371637] [-3.4729859475493887:3.4301446046787114] [-2.1981399106816126:2.6200418843071707] [-2.4636965658269196:2.817066182750271] [-2.287320731248522:3.1068544185218179] [-2.8743188864226887:2.7528636586655639] [-2.8367124984300354:3.0188282198665797] [-3.2157382244758357:3.5285738859539637] [-2.9049416602999218:3.7745231825378811] [-4.5062624563373337:2.7320144679916711] [-2.4922325621280517:3.4185719567868635] [-2.5706765950386927:2.7721548313265338] [-3.1123376933533891:3.1107548183974445] [-2.6421924775770744:2.9284902071939998] [-3.591320010234484:3.1075014539302233] [-2.2571605950546942:4.2801229787463058] [-2.4764245607765694:2.2961646682946273] [-3.0721717871895913:3.2311959636611935] [-1.964523789764127:3.045479633691222] [-3.058297090148121:2.6752114461223777] [-2.228567451336871:3.1000866960960374] [-2.6159027643337578:2.9721755329727007] [-3.3984366401382147:2.9341076571163414] [-3.310281208837857:2.441313881960895] [-0.96473476136031766:5.2258003421295989] [-0.96477012813134433:5.0454075038128456] [-5.4689473420706136:10.30433151663425] [-2.9525350684430096:4.9000130884718658] [-4.0189724711900539:5.6786428826559519] [-2.6269024262526899:3.0067688006147213] [-2.3541701406000026:3.1774779016225643] [-1.1166714599986443:3.0997432787001071] [-0.9832484755168136:4.2644962506829733] [-1.1508172987543284:2.9895588318412183] [-2.7023556264412072:2.7741573459843307] [2:815] [2:815] [0:2]
tree_sizes=3286 3180 3403 3418 3032 3303 3204

Tree=0
num_leaves=30
num_cat=0
split_feature=35 61 41 45 45 50 0 56 12 18 32 41 18 18 55 46 41 20 16 27 20 36 36 20 55 13 12 16 16
split_gain=12.3258 12.9175 9.19648 8.7675 14.5527 7.95132 6.71253 7.89901 9.28657 6.47071 7.20577 4.53289 4.24532 6.78938 3.96013 3.78334 3.67695 2.98033 2.73691 2.87275 2.4607 2.37186 2.1364 2.11627 1.79414 1.17972 0.846381 0.662877 1.21694
threshold=0.77981993941413352 211.50000000000003 0.86438789957326867 0.92810806783268329 -0.39008029283728402 0.64509888042513508 -0.55222764187738205 1.0000000180025095e-35 0.29242789446620326 0.3395827185980328 -0.8427395189542396 1.0000000180025095e-35 0.49540130231019702 0.72357891741062663 -0.4890805277775237 -1.2374484211614036 -1.04464779205521 -1.011409122251661 0.70473981246252726 -0.43147325251905871 0.56026351902472826 -0.40810197008133903 1.0000000180025095e-35 0.82220895923745985 -0.57486858494450588 -0.64062448767758007 0.11023790972576586 0.36774387466239467 -0.16181580789708286
decision_type=2 2 2 2 2 2 2 2 2 2 2 2 2 2 2 2 2 2 2 2 2 2 2 2 2 2 2 2 2
left_child=1 5 16 4 18 6 7 8 11 -8 20 -1 -12 21 -10 -9 -2 -18 19 -3 -11 -14 -7 -23 -17 -6 -27 28 -19
right_child=2 3 -4 -5 25 22 9 15 14 10 12 -13 13 -15 -16 24 17 27 -20 -21 -22 23 -24 -25 -26 26 -28 -29 -30
leaf_value=0.019994330403282991 0.017531321057187257 0.013086242387212954 0.030214235917672784 0.0066004458913641734 0.030965006464857194 -0.014683841495092605 -0.010961572909186042 0.016686918785014954 0.047488157314535095 0.018936553387343867 0.026157559703523292 -0.013140351091794983 0.012864813792808604 0.029225593716005582 0.014964140587656627 0.027487043956972004 0.011814716342230747 -0.011703969295985616 0.0061088694610081287 0.03948771197150986 0.044542840747432477 -0.02158506879301211 0.012609319808127536 0.007993688151766239 0.053893186281384814 0.037873361540286664 0.062957119411904044 -0.019757020248001991 0.0099213352459286176
leaf_weight=4.9996519088745144 5.7495996952056876 5.9995822906494141 7.7494604587554923 8.7493908405303937 5.24963450431824 7.999443054199217 8.7493908405303937 4.9996519088745144 5.9995822906494141 7.4994778633117622 6.9995126724243226 8.4994082450866681 5.4996170997619656 4.9996519088745108 5.2496345043182355 5.999582290649415 7.2494952678680447 5.2496345043182382 8.2494256496429426 5.9995822906494158 6.2495648860931396 8.2494256496429461 4.9996519088745117 4.9996519088745108 9.4993386268615687 7.2494952678680447 12.499129772186278 11.24921679496765 6.9995126724243173
leaf_count=20 23 24 31 35 21 32 35 20 24 30 28 34 22 20 21 24 29 21 33 24 25 33 20 20 38 29 50 45 28
internal_value=0.0166869 0.0204665 0.00289033 0.032309 0.0375728 0.014653 0.0176339 0.0260212 0.0147291 0.0105558 0.0156808 -0.00136475 0.00755784 0.00160121 0.0334227 0.039131 -0.0033742 -0.00732687 0.018014 0.0269092 0.0325644 -0.00644475 -0.00610814 -0.0128494 0.0458794 0.052217 0.0561772 -0.0123455 -0.00186931
internal_weight=209.735 165.488 44.2469 53.9962 45.2468 111.492 98.4931 45.2468 24.7483 53.2463 44.4969 13.4991 30.7479 23.7483 11.2492 20.4986 36.4975 30.7479 20.2486 11.9992 13.749 18.7487 12.9991 13.2491 15.4989 24.9983 19.7486 23.4984 12.2491
internal_count=839 662 177 216 181 446 394 181 99 213 178 54 123 95 45 82 146 123 81 48 55 75 52 53 62 100 79 94 49
is_linear=0
shrinkage=1


Tree=1
num_leaves=29
num_cat=0
split_feature=35 61 49 60 0 56 12 37 34 56 42 32 12 41 26 55 41 46 47 61 40 36 27 58 33 55 40 42
split_gain=11.7115 12.2567 9.7096 8.81991 7.80194 8.48666 9.99821 6.63651 5.51817 5.9887 10.4881 5.19768 4.92656 4.06279 3.58183 3.28204 3.14944 2.57442 2.50893 2.81935 2.07519 1.98494 1.81732 2.66025 1.38422 1.29644 0.508937 0.31487
threshold=0.77981993941413352 211.50000000000003 0.69344428421733861 204.00000000000003 -0.55222764187738205 1.0000000180025095e-35 0.29242789446620326 -0.92273106884846612 -1.0411298861798315 -0.69502998612876898 -0.42475733183226155 0.31699669051120188 -1.1590831873815819 0.18827109212151569 0.93073526680302032 -0.4890805277775237 0.54621528430185551 -1.2374484211614036 -0.16882839361436194 598.00000000000011 -0.49209403012842434 -0.40810197008133903 1.4957994654764548 -1.0000000180025095e-35 1.0000000180025095e-35 -0.57486858494450588 -1.1458223875085241 -0.42475733183226155
decision_type=2 2 2 2 2 2 2 2 2 2 2 2 2 2 2 2 2 2 2 2 2 2 2 2 2 2 2 2
left_child=1 2 4 16 5 6 13 -3 -6 10 -10 21 -5 -1 18 -8 22 -7 19 -9 26 -11 23 -2 -14 -19 -20 -23
right_child=3 7 -4 12 8 17 15 14 9 11 -12 -13 24 -15 -16 -17 -18 25 20 -21 -22 27 -24 -25 -26 -27 -28 -29
leaf_value=0.00094051344625024414 -0.030094330618327645 -0.011722201475052525 -0.028121924972091605 -0.017500751526148984 0.012664237422991845 0.0031026344280227674 0.030074056825985414 9.0972862798706025e-05 0.032910566790288399 -0.0082357041598713713 -0.015431096981230675 0.00077734472802371295 0.022863471360860897 -0.030636844547350682 0.0014690386498298605 0 -0.0057528759328272444 0.012192593239492028 0.02456661907495445 0.025450433629961449 0.041357040299848512 -0.038831957910939997 -0.045628833589713758 -0.0030654896152476525 0.0011075744420845613 0.036309330556558647 0.0084808476711443898 -0.018654878064679897
leaf_weight=5.2495036274194735 7.7495000511407879 5.998880222439765 9.9992743730545026 4.9995453506708172 9.4982725381851179 5.4996249675750759 5.9966186285018921 9.7473275363445229 5.4988667070865631 7.2489496618509248 7.9990462809801084 9.249170705676077 5.9993778765201551 7.999655619263649 9.4971015155315381 5.4996962249279004 8.4986678808927518 6.2488869577646264 6.4965957403182939 5.7486356794834128 8.9957758635282588 7.2492735832929549 5.2496740072965613 6.4996033012867001 5.2497187256813049 9.4932733774185145 7.4966799020767221 8.7487720400095093
leaf_count=21 31 24 40 20 38 22 24 39 22 29 32 37 24 32 38 22 34 25 26 23 36 29 21 26 21 38 30 35
internal_value=0 0.0036851 -0.0019766 -0.0134479 0.000913456 0.00993247 -0.00189325 0.0152229 -0.00652014 -0.0108831 0.00518445 -0.0176678 0.003673 -0.0188954 0.0189661 0.0171589 -0.0232692 0.0231888 0.0229168 0.0112676 0.0293528 -0.0248513 -0.0296617 -0.0196126 0.0145059 0.0289777 0.0179916 -0.0306858
internal_weight=209.706 165.46 111.479 44.2461 101.48 45.9873 24.7455 53.981 55.4924 45.9941 13.4979 32.4962 16.2486 13.2492 47.9821 11.4963 27.9974 21.2418 38.485 15.496 22.9891 23.247 19.4988 14.2491 11.2491 15.7422 13.9933 15.998
internal_count=839 662 446 177 406 184 99 216 222 184 54 130 65 53 192 46 112 85 154 62 92 93 78 57 45 63 56 64
is_linear=0
shrinkage=0.03


Tree=2
num_leaves=31
num_cat=0
split_feature=35 61 60 45 45 51 50 32 16 34 24 20 32 12 55 27 32 12 16 27 30 34 19 37 12 42 47 40 58 35
split_gain=11.1706 11.6567 8.40864 8.29794 13.7852 7.84424 7.61363 6.55709 9.22816 9.72979 6.18043 5.65187 10.1705 4.70293 4.52048 4.1144 3.38903 5.42671 2.55333 2.73908 2.31881 3.77794 5.31892 1.94417 3.12746 1.64852 1.5382 1.38157 1.25588 1.16351
threshold=0.77981993941413352 211.50000000000003 204.00000000000003 0.92810806783268329 -0.39008029283728402 1.0375301871451428 0.64509888042513508 1.6551538552790193 -0.18712219191404603 -1.0411298861798315 0.77540790847273067 0.56026351902472826 -0.59295018153091361 -1.1590831873815819 -0.46741547737861294 1.0000000180025095e-35 0.65599650558571587 0.18305025380537093 0.70473981246252726 -0.43147325251905871 1.2849029947294979 -0.96412694017633116 0.23308105446271593 -0.28889757228125179 0.12316131062577965 1.0000000180025095e-35 0.68964901391484712 1.3383453705358559 0.91937076654344507 -0.27568086753495841
decision_type=2 2 2 2 2 2 2 2 2 2 2 2 2 2 2 2 2 2 2 2 2 2 2 2 2 2 2 2 2 2
left_child=1 5 20 4 18 6 7 8 16 14 11 23 -13 -4 -10 -14 17 -1 19 -3 21 -2 -23 -11 -25 -8 -18 -15 29 -6
right_child=2 3 13 -5 28 -7 25 -9 9 10 -12 12 15 27 -16 -17 26 -19 -20 -21 -22 22 -24 24 -26 -27 -28 -29 -30 -31
leaf_value=-0.0072208057915494842 -0.031776015622133613 -0.0038292294087229578 -0.017098110389833526 -0.01011594579718081 0.046202234357536558 -0.030093914706081096 -0.030463308612432502 -0.023489574220141161 0.00069319487945218063 -0.03507879483902631 0.019030192404783985 0.027424405932735676 0.00080063602976535866 0.00087205912676697301 0.039555188658142566 -0.028360838447836274 0.041601490729028266 0.022694307578924502 -0.010503204953873118 0.021910488778992602 -0.036433361043132058 0.010890866795354989 -0.023023934199826894 0.0033373951815305054 -0.02465710199014028 -0.0062860189696002143 0.012860198339880708 0.022506949894188343 0.013271518870258162 0.021057313038996398
leaf_weight=8.7446783185005241 6.2487969845533433 5.9986030906438828 4.9990888237953213 8.748573571443556 11.484624058008196 6.7473541945219031 5.9983322471380216 5.9975183457136145 5.2482362240552902 7.2483064532279995 5.2482141703367224 6.246483594179149 7.7476776838302666 5.2490482181310636 4.9966831356286985 7.2474820911884308 5.7445002198219282 10.243152141571043 8.2491680681705457 5.9951928257942217 7.996140018105506 7.7482426017522794 5.998962014913559 5.4981676936149579 6.2468177080154419 6.4988024085760117 5.7450505048036575 5.9982680529356003 5.2442313283681861 8.2421431392431277
leaf_count=35 25 24 20 35 46 27 24 24 21 29 21 25 31 21 20 29 23 41 33 24 32 31 24 22 25 26 23 24 21 33
internal_value=0 0.00360298 -0.0131314 0.014857 0.0199872 -0.001918 0.000240697 0.0033752 0.00568243 -0.00154998 -0.00771251 -0.0119032 -0.000714073 0.00357969 0.022789 -0.0142273 0.0185469 0.00910433 0.000970979 0.0095977 -0.0227225 -0.0148009 -0.00432435 -0.0231558 -0.0122053 -0.0203402 0.0308367 0.0141715 0.0342476 0.0382094
internal_weight=209.649 165.41 44.2385 53.9625 45.214 111.447 104.7 92.203 86.2054 55.7281 45.4831 40.2349 21.2416 16.2464 10.2449 14.9952 30.4774 18.9878 20.243 11.9938 27.9921 19.996 13.7472 18.9933 11.745 12.4971 11.4896 11.2473 24.971 19.7268
internal_count=839 662 177 216 181 446 419 369 345 223 182 161 85 65 41 60 122 76 81 48 112 80 55 76 47 50 46 45 100 79
is_linear=0
shrinkage=0.03


Tree=3
num_leaves=31
num_cat=0
split_feature=37 61 45 45 38 14 40 51 16 9 48 56 56 35 38 23 35 38 14 55 57 47 38 37 40 2 47 38 61 44
split_gain=10.6871 9.36996 12.5523 8.85454 7.94613 6.75003 6.07702 5.54472 5.68152 8.91405 5.76095 6.61369 6.33814 6.67288 5.58826 4.72143 4.31843 6.47988 3.98103 3.81393 3.16469 3.56502 3.1448 2.67948 2.00613 1.95379 1.20979 1.01436 0.912486 0.622239
threshold=-0.92273106884846612 178.50000000000003 0.92810806783268329 -0.39008029283728402 0.54105477086353948 0.94916952746490602 1.8613280564399357 1.0375301871451428 0.40087399245780181 -0.59640075144484983 -0.19126002100277642 1.0000000180025095e-35 -0.69502998612876898 -1.0000000180025095e-35 -0.1751758600355986 0.56320274058749098 0.99092010080395199 0.70021713328557034 -0.83337621463772027 -0.64882722287965999 1.0000000180025095e-35 -0.23788894817184209 -0.81182530972372124 -1.1532159766910894 0.29237999872769571 -0.84137098521283893 -0.047825686160559648 0.62063595207455502 514.00000000000011 -0.69010878168856726
decision_type=2 2 2 2 2 2 2 2 2 2 2 2 2 2 2 2 2 2 2 2 2 2 2 2 2 2 2 2 2 2
left_child=6 5 3 20 26 7 16 8 10 -10 24 12 15 29 22 -12 17 23 19 -13 28 -22 -11 -1 -2 -18 -5 -7 -3 -14
right_child=1 2 -4 4 -6 27 -8 -9 9 14 11 18 13 -15 -16 -17 25 -19 -20 -21 21 -23 -24 -25 -26 -27 -28 -29 -30 -31
leaf_value=-0.0035905843779305657 0.03536421739525504 0.022957757525533438 -0.016904472741797478 0.016209487929699482 0.00024890774258176364 -0.032254363921313985 0.013075046489471455 -0.022037878888512476 0.016937842909200064 -0.016304041783661672 -0.0058718901186172803 0.0055973515991538693 -0.036755191412091361 0.0084742765625971887 -0.032731714854889092 0.027361656029063198 -0.013725778756338071 0.013848748750055359 -0.0013896192068455124 0.038621623585247226 -0.016778918601108521 0.011192187330886746 0.012046245409171501 -0.033292264925953725 0.007326875905482309 -0.041507100350407125 0.042042309914379933 -0.0082737960980528956 0.0031409535863934522 -0.012862977368709342
leaf_weight=5.9953032284975034 6.4893062412738782 5.247039273381235 9.7480214387178403 5.7410964071750668 7.2397121340036383 5.2467956691980344 4.9953085929155341 7.495452180504798 7.7451723068952587 5.498027682304385 7.495045721530909 6.9965984374284753 6.4958246648311597 4.9970008730888464 9.9940074831247276 5.2440003454685211 7.2434250712394714 6.4956615567207328 7.7438600808382025 6.4866894930601129 8.2454405128955823 5.4969005435705176 5.4975388497114208 5.4957831650972402 5.4967296719551086 7.2467398792505247 16.453726634383205 4.9976473897695541 4.997060239315033 4.9977281838655472
leaf_count=24 26 21 39 23 29 21 20 30 31 22 30 28 26 20 40 21 29 26 31 26 33 22 22 22 22 29 66 20 20 20
internal_value=0 0.00318889 0.0122519 0.0179979 0.028653 -0.00210811 -0.0141953 0.000385352 0.0026203 -0.00805125 0.0076986 0.00281908 -0.0062058 -0.0179211 -0.0180537 0.00882848 -0.0189585 -0.00765074 0.0150996 0.0241614 0.0037705 -0.00519653 -0.00190484 -0.0204616 0.0251964 -0.0305852 0.0370626 -0.0236175 0.0154379 -0.0295122
internal_weight=209.559 172.086 63.169 53.421 29.4345 108.917 37.4722 98.673 91.1775 28.7347 62.4428 50.4567 29.2296 16.4906 20.9896 12.739 32.4769 17.9867 21.2271 13.4833 23.9864 13.7423 10.9956 11.4911 11.986 14.4902 22.1948 10.2444 10.2441 11.4936
internal_count=839 689 253 214 118 436 150 395 365 115 250 202 117 66 84 51 130 72 85 54 96 55 44 46 48 58 89 41 41 46
is_linear=0
shrinkage=0.03


Tree=4
num_leaves=28
num_cat=0
split_feature=37 61 45 45 3 43 3 40 24 18 52 12 36 42 45 33 36 39 58 39 54 12 30 34 5 45 54
split_gain=10.1716 8.8987 11.9254 8.44074 7.00385 7.9663 6.52586 5.80027 4.83846 4.60581 7.84304 5.51611 9.55962 4.30485 4.13209 4.14104 4.06575 4.0571 3.72609 3.65851 3.48495 3.20696 2.39123 2.32757 2.22931 2.02039 0.672273
threshold=-0.92273106884846612 178.50000000000003 0.92810806783268329 -0.75055862981626442 -0.70587092310968547 0.15081098902813136 0.22381602764076794 1.8613280564399357 -0.70441520260744339 0.67786980629586524 1.0000000180025095e-35 0.20527896076259208 -0.21728656199686672 0.83591621833789553 0.36501022933400412 -0.31376995402663643 1.0000000180025095e-35 -1.0300059209950365 -1.0000000180025095e-35 -0.7673070400474008 -0.12909586436828654 -1.0788875197139849 0.18393249677744811 0.19091724987616915 -0.88032838771798128 0.64060591300040104 -0.83520061104624299
decision_type=2 2 2 2 2 2 2 2 2 2 2 2 2 2 2 2 2 2 2 2 2 2 2 2 2 2 2
left_child=7 4 3 19 5 8 22 14 -2 11 26 17 -13 23 18 -16 -12 -6 -1 -3 -14 -19 -5 -10 -8 -23 -11
right_child=1 2 -4 6 9 -7 24 -9 13 10 16 12 20 -15 15 -17 -18 21 -20 -21 -22 25 -24 -25 -26 -27 -28
leaf_value=-0.037457797039343675 -0.022334468480090287 -0.013489001530027425 -0.016465517991915334 0.038940188529686795 0 0.033543289848985552 0.017093271443966773 0.012773401707337682 0 -0.0036598006544091466 0.032564839259650306 0.025778113546827637 -0.02516571294318902 -0.0079989803824080576 -0.018721967379712767 0.010863312426018682 0 -0.036427544410267861 -0.0073329265711692309 0.012832104228516291 0.0037776082644172264 -0.021540482558541199 0.012162416088294922 0.023856003444929306 -0.0059365524676557851 0.0015529067005492837 -0.021654006431132938
leaf_weight=11.238031879067419 4.9940403848886517 8.247385770082472 9.747647672891615 18.917577639222149 6.9926333278417614 7.2320069670677176 5.7441941648721695 4.9952966272830954 4.9956916570663479 4.9951259046792984 6.4956319928169233 6.7431500554084804 8.2420603036880493 9.4859823733568174 7.4907744377851486 6.4945530593395215 5.9926858693361282 11.988912954926496 7.2408983558416393 7.7419429570436469 4.9946165680885288 5.7467756420373863 6.4806607365608206 9.734209477901457 6.2411337345838529 5.2466495335102081 4.995585650205614
leaf_count=45 20 33 39 76 28 29 23 20 20 20 26 27 33 38 30 26 24 48 29 31 20 23 26 39 25 21 20
internal_value=0 0.00310887 0.0119453 0.0175517 -0.0020524 0.00838431 0.0251006 -0.013854 0.000625754 -0.00744791 0.00347107 -0.0124359 0 0.00662073 -0.018511 -0.00487414 0.0185626 -0.020262 -0.0273906 -0.000393893 -0.0145645 -0.0260184 0.0333899 0.0162746 0.00532959 -0.0111756 -0.0148317
internal_weight=209.456 171.996 63.1205 53.3729 108.876 36.4419 37.3836 37.4596 29.2099 72.4338 22.479 49.9548 19.9798 24.2159 32.4643 13.9853 12.4883 29.975 18.4789 15.9893 13.2367 22.9823 25.3982 14.7299 11.9853 10.9934 9.99071
internal_count=839 689 253 214 436 146 150 150 117 290 90 200 80 97 130 56 50 120 74 64 53 92 102 59 48 44 40
is_linear=0
shrinkage=0.03


Tree=5
num_leaves=30
num_cat=0
split_feature=35 49 32 57 45 37 30 16 19 18 23 39 56 24 45 34 49 39 16 20 12 0 47 14 18 33 2 53 47
split_gain=9.82436 8.78568 9.20947 7.94649 7.99662 7.33134 6.72549 6.24462 5.95763 4.88901 4.95183 5.07573 4.85234 5.4645 5.27954 4.98655 4.71425 4.7798 4.67484 4.52163 3.96099 2.70292 2.49708 2.41877 2.02478 4.66311 1.98936 1.54332 1.23271
threshold=0.77981993941413352 0.69344428421733861 1.6551538552790193 1.0000000180025095e-35 -0.74435636895589119 -0.69224616100584269 0.18393249677744811 0.49025687126162992 -1.451930953433713 0.53304058785322439 -0.69644964022665412 1.0000000180025095e-35 1.0000000180025095e-35 1.0000000180025095e-35 -0.096349839428397838 0.48792861303252683 -0.19091787342407809 1.0000000180025095e-35 0.34313159344803323 1.0000000180025095e-35 0.25861743089499439 -0.49075809955858779 0.76051441788144614 0.23492943582576681 0.66354534989399883 1.0000000180025095e-35 1.0000000180025095e-35 -1.0000000180025095e-35 -0.70480002859640256
decision_type=2 2 2 2 2 2 2 2 2 2 2 2 2 2 2 2 2 2 2 2 2 2 2 2 2 2 2 2 2
left_child=1 2 3 5 6 -1 23 22 -2 10 -10 -12 14 21 27 -15 17 -16 -3 -9 -4 -14 28 -5 -11 -26 -18 -6 -7
right_child=8 18 20 4 12 7 -8 19 9 24 11 -13 13 15 16 -17 26 -19 -20 -21 -22 -23 -24 -25 25 -27 -28 -29 -30
leaf_value=-0.010383224456542646 0.011273043466557279 -0.030796357302175271 -0.035684379501599021 -0.0091322100703005778 0.0033683837605370322 0.011742148782182145 0.012552194672582988 -0.017220424045476444 0.011896394544750053 -0.04390243156738112 -0.032314141488590367 0.0016594949229299248 0.038134356965594002 -0.013975544815650972 -0.013143057147135814 0.017377004083700763 -0.0040339175710671984 0.019365996608818194 0.0013043027678073394 0.017216181613548171 0 0.011155803789737719 0.010553063659353847 -0.036408001738489668 -0.032874998497520999 0.0019525295892782119 -0.030183651149040445 0.025582038907416255 0.036177794773213243
leaf_weight=6.4930589795112601 6.7415628582239142 8.232153117656706 4.9896228760480863 7.9905536472797412 7.2332123070955276 4.9923901855945578 4.9941673427820197 4.9962713718414289 7.2441743910312679 5.238771021366122 6.7392164617776853 6.7422946393489838 7.9709898084402075 7.7352100461721403 6.2428608834743446 7.4755131900310516 5.487897366285333 6.9819664359092712 6.240910902619361 5.7431727200746536 4.9979973435401917 9.228927433490755 9.2220911979675275 6.4956068992614746 5.739933252334593 5.7448994666337967 6.7359761297702789 4.9866277873516029 19.680607184767727
leaf_count=26 27 33 20 32 29 20 20 20 29 21 27 27 32 31 25 30 22 28 25 23 20 37 37 26 23 23 27 20 79
internal_value=0 0.00337308 0.00559709 0.00766643 0.00211485 0.0169396 -0.0141207 0.0212527 -0.0123296 -0.017003 -0.00614339 -0.016458 0.00691311 0.0151504 -0.000329999 0.00125072 -0.00817418 0.00383684 -0.017756 0.000558132 -0.0202246 0.0260354 0.0273386 -0.0240066 -0.0285188 -0.0167786 -0.020605 0.0146764 0.032419
internal_weight=209.339 165.148 150.675 140.687 89.5595 51.1276 19.4803 44.6345 44.1909 37.4493 20.7257 13.4815 70.0792 32.4106 37.6685 15.2107 25.4487 13.2248 14.4731 10.7394 9.98762 17.1999 33.8951 14.4862 16.7236 11.4848 12.2239 12.2198 24.673
internal_count=839 662 604 564 359 205 78 179 177 150 83 54 281 130 151 61 102 53 58 43 40 69 136 58 67 46 49 49 99
is_linear=0
shrinkage=0.03


Tree=6
num_leaves=29
num_cat=0
split_feature=37 36 49 58 54 41 41 52 45 45 53 55 55 55 30 34 46 29 42 34 12 55 41 26 60 36 34 29
split_gain=9.26664 6.56347 7.06252 5.89115 6.09583 5.44725 7.36771 4.84155 5.12865 4.78421 4.75335 4.3568 6.901 5.69714 7.10335 5.16489 4.47494 4.29618 3.99751 5.54379 3.18965 2.18739 2.093 1.99522 1.51274 1.46027 1.29289 0.429331
threshold=-0.92273106884846612 1.0000000180025095e-35 0.69344428421733861 0.91937076654344507 1.156086680027834 0.54621528430185551 -0.72647517678379703 0.97373901001442842 0.85848129949370966 -1.6090494702719975 -0.31106071824893405 -0.64882722287965999 0.29056673682217876 1.300231831160356 0.67325271808947029 -0.73311810216583118 0.30913699841412473 1.0000000180025095e-35 0.55226466954961018 -0.81012104816933139 0.18305025380537093 0.53299144469375159 0.54621528430185551 -0.85455711739390228 345.50000000000006 0.60958020636918053 0.19091724987616915 -0.43307302351496774
decision_type=2 2 2 2 2 2 2 2 2 2 2 2 2 2 2 2 2 2 2 2 2 2 2 2 2 2 2 2
left_child=5 2 3 4 9 6 -1 8 11 -2 23 -3 15 14 16 -13 -14 -5 19 -12 26 -8 -10 -11 -25 -17 -21 -16
right_child=1 7 -4 17 -6 -7 21 -9 22 10 18 12 13 -15 27 25 -18 -19 -20 20 -22 -23 -24 24 -26 -27 -28 -29
leaf_value=0.0016378585385141242 -0.0085048076678163765 0.020290789614054602 -0.015535697018964517 -0.022303382783175656 -0.0071770350538343268 0.0053054845611406418 -0.013682745052953266 0.01444116791600162 -0.036419996908238661 0.0086071861988935433 0.025154705784660072 0.0024560716858426381 0.0094757111462977703 -0.02139298121971546 0.035135031741938196 -0.012715736940401106 -0.022761871794042907 0.0074978092815593455 0.027559370344390256 -0.022761556812252899 0.0083685337524530331 -0.039331007245077494 -0.0070885582877022449 0.038109269866589114 0.01170176230488496 -0.039641453006214813 -0.0016226306823701559 0.012437020099492626
leaf_weight=9.2331431061029416 4.993778407573692 4.9791484773159018 8.9788541942834836 6.4883536696434003 9.7149434834718686 9.484955430030821 8.4860685616731697 9.4735062122344953 5.2445008307695371 5.7355481386184719 6.9695799946784929 5.9858147054910686 7.4883721172809654 4.9932206720113745 4.9900077283382416 6.2307242453098279 5.2419767677783966 7.9790911674499512 8.4695176333188993 5.2447381466627352 9.4586234390735608 10.21695902943611 5.4928283244371414 15.686177536845202 4.9889832288026801 6.2381667792797089 5.7377183735370636 4.9899471998214704
leaf_count=37 20 20 36 26 39 38 34 38 21 23 28 24 30 20 20 25 21 32 34 21 38 41 22 63 20 25 23 20
internal_value=0 0.0029511 0.00786495 0.0104402 0.0137286 -0.0132477 -0.0197002 -0.00390388 -0.00708265 0.016925 0.0192098 -0.00269119 -0.00585679 0.00347712 0.0101797 -0.0193773 -0.00437718 -0.00633131 0.011082 0.00461742 -0.00335249 -0.0298706 -0.0246135 0.0288478 0.0332302 -0.0294264 -0.0137204 0.0274167
internal_weight=209.215 171.794 100.446 91.4671 76.9996 37.4211 27.9362 71.3482 61.8747 67.2847 62.2909 51.1374 46.1582 27.7035 22.7103 18.4547 12.7303 14.4674 35.8802 27.4107 20.4411 18.703 10.7373 26.4107 20.6752 12.4689 10.9825 9.97995
internal_count=839 689 403 367 309 150 112 286 248 270 250 205 185 111 91 74 51 58 144 110 82 75 43 106 83 50 44 40
is_linear=0
shrinkage=0.03


end of trees

feature_importances:
Column_45=14
Column_12=11
Column_55=10
Column_16=8
Column_34=8
Column_41=8
Column_35=7
Column_36=7
Column_37=7
Column_61=7
Column_18=6
Column_32=6
Column_40=6
Column_47=6
Column_56=6
Column_20=5
Column_38=5
Column_42=5
Column_27=4
Column_30=4
Column_39=4
Column_49=4
Column_58=4
Column_0=3
Column_14=3
Column_24=3
Column_33=3
Column_46=3
Column_54=3
Column_60=3
Column_2=2
Column_3=2
Column_19=2
Column_23=2
Column_26=2
Column_29=2
Column_50=2
Column_51=2
Column_52=2
Column_53=2
Column_57=2
Column_5=1
Column_9=1
Column_13=1
Column_43=1
Column_44=1
Column_48=1

parameters:
[boosting: gbdt]
[objective: binary]
[metric: binary_logloss]
[tree_learner: serial]
[device_type: cpu]
[data_sample_strategy: bagging]
[data: ]
[valid: ]
[num_iterations: 1400]
[learning_rate: 0.03]
[num_leaves: 128]
[num_threads: 2]
[seed: 42]
[deterministic: 0]
[force_col_wise: 1]
[force_row_wise: 0]
[histogram_pool_size: -1]
[max_depth: 12]
[min_data_in_leaf: 20]
[min_sum_hessian_in_leaf: 0.001]
[bagging_fraction: 0.85]
[pos_bagging_fraction: 1]
[neg_bagging_fraction: 1]
[bagging_freq: 0]
[bagging_seed: 400]
[bagging_by_query: 0]
[feature_fraction: 0.8]
[feature_fraction_bynode: 1]
[feature_fraction_seed: 30056]
[extra_trees: 0]
[extra_seed: 12879]
[early_stopping_round: 0]
[early_stopping_min_delta: 0]
[first_metric_only: 0]
[max_delta_step: 0]
[lambda_l1: 0.2]
[lambda_l2: 1.5]
[linear_lambda: 0]
[min_gain_to_split: 0]
[drop_rate: 0.1]
[max_drop: 50]
[skip_drop: 0.5]
[xgboost_dart_mode: 0]
[uniform_drop: 0]
[drop_seed: 17869]
[top_rate: 0.2]
[other_rate: 0.1]
[min_data_per_group: 100]
[max_cat_threshold: 32]
[cat_l2: 10]
[cat_smooth: 10]
[max_cat_to_onehot: 4]
[top_k: 20]
[monotone_constraints: ]
[monotone_constraints_method: basic]
[monotone_penalty: 0]
[feature_contri: ]
[forcedsplits_filename: ]
[refit_decay_rate: 0.9]
[cegb_tradeoff: 1]
[cegb_penalty_split: 0]
[cegb_penalty_feature_lazy: ]
[cegb_penalty_feature_coupled: ]
[path_smooth: 0]
[interaction_constraints: ]
[verbosity: -1]
[saved_feature_importance_type: 0]
[use_quantized_grad: 0]
[num_grad_quant_bins: 4]
[quant_train_renew_leaf: 0]
[stochastic_rounding: 1]
[linear_tree: 0]
[max_bin: 255]
[max_bin_by_feature: ]
[min_data_in_bin: 3]
[bin_construct_sample_cnt: 200000]
[data_random_seed: 175]
[is_enable_sparse: 1]
[enable_bundle: 1]
[use_missing: 1]
[zero_as_missing: 0]
[feature_pre_filter: 1]
[pre_partition: 0]
[two_round: 0]
[header: 0]
[label_column: ]
[weight_column: ]
[group_column: ]
[ignore_column: ]
[categorical_feature: ]
[forcedbins_filename: ]
[precise_float_parser: 0]
[parser_config_file: ]
[objective_seed: 16083]
[num_class: 1]
[is_unbalance: 0]
[scale_pos_weight: 1]
[sigmoid: 1]
[boost_from_average: 1]
[reg_sqrt: 0]
[alpha: 0.9]
[fair_c: 1]
[poisson_max_delta_step: 0.7]
[tweedie_variance_power: 1.5]
[lambdarank_truncation_level: 30]
[lambdarank_norm: 1]
[label_gain: ]
[lambdarank_position_bias_regularization: 0]
[eval_at: ]
[multi_error_top_k: 1]
[auc_mu_weights: ]
[num_machines: 1]
[local_listen_port: 12400]
[time_out: 120]
[machine_list_filename: ]
[machines: ]
[gpu_platform_id: -1]
[gpu_device_id: -1]
[gpu_device_id_list: ]
[gpu_use_dp: 0]
[num_gpu: 1]

end of parameters

pandas_categorical:null
