tree
version=v4
num_class=3
num_tree_per_iteration=3
label_index=0
max_feature_idx=42
objective=multiclass num_class:3
feature_names=Column_0 Column_1 Column_2 Column_3 Column_4 Column_5 Column_6 Column_7 Column_8 Column_9 Column_10 Column_11 Column_12 Column_13 Column_14 Column_15 Column_16 Column_17 Column_18 Column_19 Column_20 Column_21 Column_22 Column_23 Column_24 Column_25 Column_26 Column_27 Column_28 Column_29 Column_30 Column_31 Column_32 Column_33 Column_34 Column_35 Column_36 Column_37 Column_38 Column_39 Column_40 Column_41 Column_42
feature_infos=[-1.1947183935919148:10.486836539282306] [-1.7362128773439549:11.429788872664588] [-1.2710748846040285:14.139718915615882] [-1.1833168452156042:10.404367353582826] [-1.7461264235888396:11.505037630415087] [-1.2902796749868959:14.366253057911726] [-2.4797971491345558:6.229048626456386] [-2.8340834283724869:8.3609373556141815] [-2.9959654037357621:6.1558656626095969] [-3.4960572688662772:4.0453752881932195] [-6.1497151026392043:4.2508979499545418] [-2.5736960693486894:5.1426903769089805] [-1.6380078510519513:3.0407479061721303] [-3.4898816120832836:4.096199404343877] [-2.5558591665885828:5.2092098770339872] [-1.7277918662703158:1.8044353477057848] [-1.3992515468724565:1.4851753799375578] [-3.6438400670415354:0.54232178053633417] [-2.6441492816648697:0.37819347301388428] [-2.7018895973063102:2.1389246337130419] [-2.4139207584447226:4.517547780594044] [-2.0815556902075185:3.2946935951528835] [-2.885604550976292:4.6360073829238369] [-1.7347632520702418:3.3771897080075877] [-2.1605484099084773:5.7853736633362915] [-2.5653863521043885:3.8780935984551994] [-3.1845223833078973:4.1439881594400187] [-3.5122803197693688:2.6920537574254784] [-3.1531818238190139:4.726610971974508] [-2.2328247370616392:3.4120914212470139] [-3.0982791942316026:3.8368129888688345] [-2.1104489296800653:4.0114719496968272] [-2.3194165522531627:6.9861122594018354] [-2.7664324972523082:3.6371750179023543] [-3.1853098164976279:5.5266034641102566] [-4.5795368381211619:3.0683060688632384] [-2.5754979975025889:4.4655720275304285] [-1.6281414317173173:2.2686539238903731] [-1.0893655369941944:3.9512218103341925] [-1.0117737245082588:3.9575107661755333] [23:817] [23:817] [0:1]
tree_sizes=3310 3687 3531 3753 4062 3631 3317 3839 3865 3405 3749 3310 3645 3629 3441

Tree=0
num_leaves=31
num_cat=0
split_feature=13 1 24 29 30 20 16 25 29 22 13 13 38 32 14 15 27 29 24 36 16 40 36 13 32 14 33 33 22 29
split_gain=13.6417 5.38453 5.14163 4.98907 5.02745 3.54138 3.44877 3.36698 2.48362 2.38986 3.29234 5.37275 3.24551 1.97656 2.5326 1.82936 1.56563 3.48709 3.32805 1.83748 1.48466 1.57578 1.47196 1.45586 1.26146 1.20178 1.09485 0.985829 0.876532 0.420568
threshold=-0.53743625013235696 -0.22400353348583091 0.97599977689866868 0.71792689114515695 -1.4800910181748337 0.39167365021382566 0.56740317595255341 -1.0392989953929068 -1.0781827955894143 0.025987165372145068 1.381791428483089 1.0678420387940026 -0.58530680226135556 -0.54041839708382466 1.1305202658172022 0.64966875852129047 -0.72032998503168766 0.20475269493527951 -0.27861949782418954 1.0000000180025095e-35 1.091844435372556 331.00000000000006 -0.63058704653192998 -0.67878850208134944 1.0000000180025095e-35 -0.38032321621684884 0.54972139452421331 0.3210211261258325 -0.21664547765689143 -0.30842150127459805
decision_type=2 2 2 2 2 2 2 2 2 2 2 2 2 2 2 2 2 2 2 2 2 2 2 2 2 2 2 2 2 2
left_child=2 3 5 7 -5 13 -6 29 24 20 11 12 -11 -1 23 16 -10 18 27 -20 21 -3 -17 -15 -9 26 -14 -18 -4 -2
right_child=1 9 28 4 6 -7 -8 8 15 10 -12 -13 25 14 -16 22 17 -19 19 -21 -22 -23 -24 -25 -26 -27 -28 -29 -30 -31
leaf_value=-1.5107603809965868 -1.5466310087228783 -1.5276536574238855 -1.5107603809965868 -1.5358132804927493 -1.5197545905938279 -1.5001567118648049 -1.4905497125653828 -1.5251445657293738 -1.5132445001541717 -1.5155784388393447 -1.5423571433603231 -1.5024456833618092 -1.5379283746781951 -1.5434932807507253 -1.5173551393139417 -1.5266202484939173 -1.538734748519403 -1.5422943382916174 -1.5269501498334126 -1.5083814259591284 -1.5269501498334126 -1.5473917777037742 -1.5443076268627614 -1.5250294325303213 -1.5070726848839551 -1.5464839846059262 -1.521766147650925 -1.5240022026576419 -1.4856660587358195 -1.531270558238063
leaf_weight=6.6351604461669913 7.4007558822631836 5.3591680526733425 6.6351604461669922 5.103969573974612 8.9319467544555646 6.1247634887695304 6.8903589248657218 7.6559543609619123 6.3799619674682608 6.8903589248657253 13.015122413635252 5.8695650100707999 6.1247634887695366 7.6559543609619141 9.9527406692504865 8.6767482757568377 8.9319467544555575 9.697542190551756 6.3799619674682715 11.7391300201416 6.3799619674682608 23.223061561584473 8.6767482757568342 5.3591680526733452 6.6351604461669922 7.1455574035644522 5.6143665313720703 5.1039695739746085 5.3591680526733381 5.1039695739746076
leaf_count=26 29 21 26 20 35 24 27 30 25 27 51 23 24 30 39 34 35 38 25 46 25 91 34 21 26 28 22 20 21 20
internal_value=-1.52606 -1.52963 -1.51195 -1.52546 -1.51271 -1.51851 -1.50472 -1.52845 -1.52606 -1.53553 -1.5305 -1.52529 -1.53129 -1.52357 -1.52773 -1.52859 -1.52563 -1.52775 -1.52302 -1.51479 -1.54135 -1.54415 -1.53653 -1.53616 -1.51537 -1.53766 -1.53014 -1.53331 -1.49586 -1.54202
internal_weight=240.652 192.93 47.7221 113.308 20.9263 35.7278 15.8223 92.3818 79.8771 79.6219 44.6597 31.6446 25.775 29.603 22.9679 65.586 48.2325 41.8526 32.155 18.1191 34.9622 28.5822 17.3535 13.0151 14.2911 18.8847 11.7391 14.0359 11.9943 12.5047
internal_count=943 756 187 444 82 140 62 362 313 312 175 124 101 116 90 257 189 164 126 71 137 112 68 51 56 74 46 55 47 49
is_linear=0
shrinkage=1


Tree=1
num_leaves=34
num_cat=0
split_feature=30 8 21 35 41 41 27 29 34 16 27 29 23 34 14 40 17 21 22 25 35 30 29 16 20 33 23 19 27 29 12 1 15
split_gain=8.89427 6.26192 6.01906 4.11423 4.06402 3.93364 5.40373 3.63818 5.05887 3.35526 3.27819 3.33792 3.51516 3.63069 3.18696 3.06034 2.91162 4.13394 2.61081 2.30261 2.23508 2.14169 3.44966 2.32898 2.13216 2.03687 1.61797 1.40303 1.25775 1.19346 0.807639 0.401853 0.202682
threshold=-0.47835548061588201 -1.0839405062886984 1.0000000180025095e-35 -0.21892465431426708 316.00000000000006 624.00000000000011 -0.51351884912519274 2.0008623816698514 0.10220462901478118 -0.48147934288745181 0.9341591022202721 -0.30842150127459805 -0.20117736404689288 0.8418953792550733 1.6217729059759785 525.00000000000011 -1.0000000180025095e-35 -0.35347556277024622 0.1473034868866632 -0.48821189435820544 -0.88978806720763537 0.36926689731861578 -0.56500859937953662 -0.74369997259745302 -1.2586760019382615 0.3210211261258325 0.42361688662928615 -0.2814824817966341 0.52053683040728183 -1.0781827955894143 -0.26784042215646664 -0.013347505485694047 -0.30131549139535202
decision_type=2 2 2 2 2 2 2 2 2 2 2 2 2 2 2 2 2 2 2 2 2 2 2 2 2 2 2 2 2 2 2 2 2
left_child=1 14 24 4 -2 6 -6 8 15 -10 18 12 29 26 -1 20 -8 -18 21 28 -4 22 -5 -24 -3 32 -14 -25 -20 -12 -26 -27 -21
right_child=3 2 7 10 5 -7 16 -9 9 -11 11 -13 13 -15 -16 -17 17 -19 19 25 -22 -23 23 27 30 31 -28 -29 -30 -31 -32 -33 -34
leaf_value=-0.84861468204164492 -0.80655541441255219 -0.793147734235774 -0.84419067168584849 -0.84964315493526266 -0.85010607845284714 -0.81160369980789138 -0.81534563508523161 -0.80562353507683682 -0.82932755671203684 -0.8064022423818451 -0.81684346058021484 -0.81606527773240889 -0.83466383228829477 -0.82423577746527898 -0.82541655548127091 -0.81900017479605791 -0.84387386929305652 -0.8206247398665194 -0.83811414714381371 -0.84214008573521026 -0.82804293328393108 -0.82181066232388356 -0.81900017479605791 -0.84335387794536532 -0.82279177483554677 -0.83960355260520225 -0.85494060548812612 -0.82745618654869657 -0.82423577746527898 -0.83059242316875959 -0.8075647414779934 -0.82932755671203684 -0.85528689802195867
leaf_weight=8.4876495301723498 7.7495930492877951 8.1186212897300738 15.49918609857559 9.2257060110568982 9.5947342514991742 9.2257060110568982 12.546960175037379 8.1186212897300702 8.1186212897300738 14.023073136806486 11.070847213268282 14.023073136806486 8.8566777706146294 8.8566777706146222 9.9637624919414503 10.332790732383726 12.177931934595103 12.177931934595117 11.439875453710558 11.070847213268282 14.392101377248766 13.285016655921934 10.332790732383726 8.8566777706146222 9.2257060110569018 8.4876495301723498 8.8566777706146222 8.1186212897300774 8.8566777706146222 8.4876495301723462 7.3805648088455191 8.1186212897300702 12.915988415479658
leaf_count=23 21 22 42 25 26 25 34 22 22 38 30 38 24 24 27 28 33 33 31 30 39 36 28 24 25 23 24 22 24 23 20 22 35
internal_value=-0.828043 -0.821209 -0.818092 -0.83138 -0.824971 -0.828043 -0.831699 -0.822895 -0.825711 -0.81461 -0.833802 -0.82805 -0.832082 -0.839005 -0.836531 -0.831942 -0.826395 -0.832261 -0.836831 -0.840973 -0.836825 -0.831423 -0.835184 -0.829221 -0.805704 -0.845048 -0.846423 -0.835996 -0.831938 -0.822852 -0.814557 -0.835434 -0.850641
internal_weight=347.994 113.661 95.2093 234.333 63.4729 55.7233 46.4976 70.4844 62.3658 22.1417 170.86 60.1516 46.1285 26.57 18.4514 40.2241 36.9028 24.3559 110.708 60.8897 29.8913 49.8188 36.5338 27.3081 24.7249 40.5931 17.7134 16.9753 20.2966 19.5585 16.6063 16.6063 23.9868
internal_count=943 308 258 635 172 151 126 191 169 60 463 163 125 72 50 109 100 66 300 165 81 135 99 74 67 110 48 46 55 53 45 45 65
is_linear=0
shrinkage=1


Tree=2
num_leaves=33
num_cat=0
split_feature=14 35 1 40 25 14 30 29 23 25 35 35 25 16 29 29 32 39 26 16 21 29 19 35 5 38 21 24 24 4 1 30
split_gain=15.989 9.59907 6.44409 5.1768 4.82225 4.80812 4.00808 4.35068 4.78636 4.93715 4.78655 3.99782 3.79881 2.66036 2.45494 2.34397 2.73464 2.28113 2.19498 2.05651 1.85874 1.79694 1.23504 1.22715 1.70975 1.19444 1.85671 0.910458 0.884299 0.798532 0.379299 0.248257
threshold=-1.1650705052631916 -0.21892465431426708 0.1371210859429752 331.00000000000006 0.99548414688906839 -0.25659739378675844 -0.40129890080365493 0.20475269493527951 1.1620100919738621 1.0000000180025095e-35 1.5253202192084907 -0.75561538462896194 0.31722309946174321 -0.74369997259745302 -0.30842150127459805 -1.0781827955894143 0.48592669243694692 -0.51484527543987946 -0.91015704245509588 0.56740317595255341 1.0000000180025095e-35 -1.0781827955894143 -0.60420343053125758 -0.35309733689294059 -0.73742925893045408 1.0000000180025095e-35 1.0000000180025095e-35 1.0000000180025095e-35 1.0000000180025095e-35 -0.1938472058340939 -0.39704241362880027 -0.86363837967701729
decision_type=2 2 2 2 2 2 2 2 2 2 2 2 2 2 2 2 2 2 2 2 2 2 2 2 2 2 2 2 2 2 2 2
left_child=4 3 6 13 -1 11 19 8 9 10 14 12 -5 -2 21 -11 18 -15 -17 22 -13 -8 -3 24 -7 29 -27 -4 -9 30 -26 -28
right_child=1 2 27 5 -6 23 7 28 -10 15 -12 20 -14 17 -16 16 -18 -19 -20 -21 -22 -23 -24 -25 25 26 31 -29 -30 -31 -32 -33
leaf_value=-1.0321761817038766 -1.0450483911265789 -1.0533335396742451 -1.0805900312654662 -1.0372374467787291 -1.0615180388598286 -1.0657451390166552 -1.0513406562597964 -1.0353794823198272 -1.0744752384009044 -1.0755205004895652 -1.0693333852426876 -1.0621689012667499 -1.0658551579361863 -1.0543816324038719 -1.0591136921907141 -1.0555231762712725 -1.0447851338770664 -1.0749147631768297 -1.0734441595291837 -1.0797680671621916 -1.0798407558171439 -1.0337119881088317 -1.0693333852426876 -1.0644602326531329 -1.074935318231764 -1.0832462944686931 -1.0683750798904574 -1.0655815218995366 -1.0526799400938354 -1.070219149410971 -1.0881841400858947 -1.0615180388598286
leaf_weight=17.982352256774906 8.142951965332033 7.1250829696655282 10.178689956665041 6.7857933044433576 7.4643726348876944 11.535848617553709 13.232296943664549 10.178689956665041 11.196558952331541 8.4822416305541974 7.1250829696655265 10.857269287109377 7.1250829696655273 8.142951965332033 9.5001106262207049 10.857269287109377 7.4643726348876944 8.1429519653320295 10.517979621887209 7.1250829696655265 9.5001106262207013 16.964483261108398 7.1250829696655282 8.8215312957763654 9.8394002914428622 7.12508296966553 6.7857933044433603 8.1429519653320295 8.4822416305541974 7.4643726348877015 23.071697235107422 7.4643726348876926
leaf_count=53 24 21 30 20 22 34 39 30 33 25 21 32 21 24 28 32 22 24 31 21 28 50 21 26 29 21 20 24 25 22 68 22
internal_value=-1.06217 -1.06418 -1.05904 -1.06981 -1.04005 -1.07244 -1.05672 -1.05447 -1.05732 -1.05479 -1.04845 -1.06277 -1.05122 -1.05765 -1.04444 -1.06281 -1.05879 -1.06452 -1.06424 -1.06817 -1.07115 -1.04037 -1.06163 -1.07633 -1.0776 -1.07958 -1.07211 -1.07499 -1.04165 -1.0829 -1.08513 -1.06468
internal_weight=319.95 294.503 153.698 140.805 25.4467 116.376 135.377 114.001 95.3404 84.1438 46.822 34.2683 13.9109 24.4289 39.6969 37.3219 28.8396 16.2859 21.3752 21.3752 20.3574 30.1968 14.2502 82.1081 73.2866 61.7507 21.3752 18.3216 18.6609 40.3755 32.9111 14.2502
internal_count=943 868 453 415 75 343 399 336 281 248 138 101 41 72 117 110 85 48 63 63 60 89 42 242 216 182 63 54 55 119 97 42
is_linear=0
shrinkage=1


Tree=3
num_leaves=34
num_cat=0
split_feature=11 1 29 16 22 30 38 32 30 22 9 0 38 34 28 28 21 26 33 19 16 36 37 24 14 33 23 33 15 33 28 16 19
split_gain=12.9136 6.25381 5.29335 5.93341 3.92733 3.71217 3.42197 3.09042 2.74838 2.68813 3.32569 4.85142 3.19162 2.68004 4.01015 5.00284 2.42657 2.36825 1.91783 1.72986 4.02714 1.56499 1.68153 4.13577 1.42786 1.4011 1.14265 1.0184 0.986911 0.837644 0.652907 0.391055 0.319565
threshold=0.76904052689067204 -0.22400353348583091 0.97451398925009569 -1.0059206023074543 -0.21664547765689143 -1.3259778585503794 1.0000000180025095e-35 1.1017337461494101 0.29221031750638854 0.025987165372145068 1.2572894218279034 -0.57346316893738114 -0.58530680226135556 -0.14435895439864962 -0.70405703593724345 0.36077982835917838 1.5666134677156121 0.4797328880660604 -0.65095501456728588 -0.2814824817966341 0.30518254624255203 -0.18744277922215988 -0.45910282503500993 -1.0000000180025095e-35 -0.38032321621684884 -0.44131310186877026 1.0000000180025095e-35 0.54972139452421331 -0.84473506277629051 0.54972139452421331 0.14781245549989402 1.091844435372556 1.3321222618764834
decision_type=2 2 2 2 2 2 2 2 2 2 2 2 2 2 2 2 2 2 2 2 2 2 2 2 2 2 2 2 2 2 2 2 2
left_child=1 2 6 -4 7 -5 13 25 -6 16 11 -11 -13 14 -1 28 31 29 -19 20 -15 -21 26 -24 27 -2 -23 -14 -16 30 -8 -3 -12
right_child=4 9 3 5 8 -7 17 -9 -10 10 32 12 24 19 15 -17 -18 18 -20 21 -22 22 23 -25 -26 -27 -28 -29 -30 -31 -32 -33 -34
leaf_value=0.02545104057833688 -0.0082261833906213198 -0.020320242831350865 -0.010329130445200172 0.002246446812244634 0.042246082386864219 0.032733836414798399 -0.022046681317893019 0.023281329287181969 0.0092489213270052755 0.02301999204189794 -0.018630142526408173 0.011296791829492928 -0.010729861795143424 0.022042706670750409 -0.018832023280851835 0.018567498745327145 0.0023654218352591027 -0.0096894488423872292 0.01265994362663227 -0.015471622040021882 -0.0084974208993018 0.015660128589552479 -0.020885665420726767 0.0072191199462235027 -0.020286806410315598 0.0095073802973494725 -0.0017142910607236559 0.0052930979799359372 -0.00093651396869024101 -0.0024939505184776709 -0.0051986058217760268 -0.0066308079000244966 -0.0049392811045297002
leaf_weight=7.9486763328313854 7.9563223719596889 24.708116903901104 5.3546645939350155 6.133562564849858 6.4832315444946271 10.352164506912228 11.202944487333303 5.9108026325702658 5.4390768706798553 5.9435944259166709 9.3541087210178357 6.6891611814498928 5.5676721334457451 6.1140855699777585 5.0995698571205175 7.3931465148925772 5.0490371584892264 5.0858891904354095 5.623503163456915 8.8878184854984266 6.3762561827898026 5.1065783649682981 8.1093923449516243 7.7080887258052888 7.0635997653007498 5.399648159742358 5.3825924098491669 5.3772121965885162 6.3893589377403242 5.6221191287040702 5.1001097559928885 5.6036550104618064 5.0437200367450705
leaf_count=31 31 98 21 24 25 40 44 23 21 23 37 26 22 24 20 29 20 20 22 35 25 20 32 30 28 21 21 21 25 22 20 22 20
internal_value=0 -0.0027118 0.00134959 0.0143233 0.0175527 0.0228579 -0.00140086 0.00772106 0.0303554 -0.00920637 -0.00395009 0.00157745 -0.00437636 0.00209902 0.00945723 0.00105248 -0.0153053 -0.00930909 0.00166835 -0.00208138 0.00678377 -0.00553979 -0.00131491 -0.00740432 -0.0109266 -0.000416793 0.00714487 -0.00268652 -0.0105992 -0.0146907 -0.0179952 -0.0184101 -0.01513
internal_weight=240.579 209.39 128.991 21.8404 31.1891 16.4857 107.15 19.2668 11.9223 80.3999 45.0391 30.6412 24.6976 74.5156 26.8308 18.8821 35.3608 32.6346 10.7094 47.6848 12.4903 35.1945 26.3067 15.8175 18.0085 13.356 10.4892 10.9449 11.4889 21.9252 16.3031 30.3118 14.3978
internal_count=943 822 505 85 121 64 420 75 46 317 177 120 97 292 105 74 140 128 42 187 49 138 103 62 71 52 41 43 45 86 64 120 57
is_linear=0
shrinkage=0.03


Tree=4
num_leaves=37
num_cat=0
split_feature=30 2 21 35 41 41 27 29 1 0 29 27 29 14 16 22 2 21 16 22 25 30 29 16 33 25 19 38 21 27 39 27 10 10 40 22
split_gain=8.36806 5.94307 5.78996 3.85934 3.89731 3.76569 5.21629 3.47879 3.88203 4.63845 6.19805 3.15163 3.2144 3.10188 2.85563 2.65488 2.64022 2.60667 2.80979 2.50068 2.25194 2.0699 3.3332 2.23328 1.94619 1.6157 1.3578 1.25372 2.19478 1.21772 1.21452 0.896159 2.76832 0.378181 0.170931 0.0899617
threshold=-0.47835548061588201 -0.69516816083131971 1.0000000180025095e-35 -0.21892465431426708 316.00000000000006 624.00000000000011 -0.51351884912519274 2.0008623816698514 -0.44970642062883437 -0.36849786253560995 0.46133979304021827 0.9341591022202721 -0.30842150127459805 1.6217729059759785 0.82962380566255467 -0.33796179917140962 -0.084001841725588181 -1.5055289810617609 -0.21925871317745058 0.1473034868866632 -0.48821189435820544 0.36926689731861578 -0.56500859937953662 -0.74369997259745302 0.3210211261258325 -0.48821189435820544 -0.2814824817966341 -0.58530680226135556 1.1825956616184403 0.52053683040728183 -1.0000000180025095e-35 -0.92714112093818246 0.35492064234451298 1.0000000180025095e-35 525.00000000000011 0.87520141597377255
decision_type=2 2 2 2 2 2 2 2 2 2 2 2 2 2 2 2 2 2 2 2 2 2 2 2 2 2 2 2 2 2 2 2 2 2 2 2
left_child=1 13 31 4 -2 6 -6 8 -4 -10 -11 19 17 -1 15 -8 -17 -13 30 21 29 22 -5 -24 34 -20 -25 -12 -29 -21 -19 -3 -33 -26 -22 -27
right_child=3 2 7 11 5 -7 14 -9 9 10 27 12 -14 -15 -16 16 -18 18 25 20 24 -23 23 26 33 35 -28 28 -30 -31 -32 32 -34 -35 -36 -37
leaf_value=-0.020256789387289486 0.020969245038341997 0.031200799210243865 -0.012441942280787991 -0.021210034018660534 -0.021740224399545122 0.016016340020337971 0.010086876268808045 0.021802170725608656 -0.0092607730444768648 -0.0070153321436660816 0.0064299467976700097 0.010021129203843232 0.011801873310323192 0.0026361814329723195 0.013985413920583096 -0.02053137385060395 0.00034646143041884092 -0.0051604048858293989 -0.023317368224012952 -0.0097926297403115106 -0.025158515111541015 0.0061746453669084388 0.008880616677706869 -0.015014923648756987 -0.0012798593839515419 -0.0018065149729579453 0.00062000356241726721 0.031499703109246067 0.0081927189233424874 0.0038663889127229325 0.010381378649370401 0.0020755023759983144 0.026683592689907592 -0.011298447782321513 -0.011564506308533373 -0.0083950893277176183
leaf_weight=8.4636366069316882 7.7749138772487631 8.1460736989974993 11.443440973758696 9.1931211054325086 9.5669103264808637 9.2504795193672162 7.3933695554733232 8.1495642960071546 12.177111893892286 11.076674073934553 8.8728546202182716 8.1131386756896955 14.038644492626188 9.9630190134048444 10.340799093246458 8.4843308925628644 10.69884619116784 7.3777667284011841 8.4668413698673213 11.414508730173113 16.538978368043903 13.289787232875822 10.34386622905731 8.8341705501079542 8.1181761324405688 7.3795416057109904 8.1162720322609001 10.354094833135614 8.4910716116428357 8.8526987433433515 7.3782297074794716 9.2493641376495379 7.4053252637386313 8.4690743386745435 7.3556623458862296 7.3690347671508789
leaf_count=23 21 22 31 25 26 25 20 22 33 30 24 22 38 27 28 23 29 20 23 31 45 36 28 24 22 20 22 28 23 24 20 25 20 23 20 20
internal_value=0 0.00662395 0.00965568 -0.00323918 0.00296284 0 -0.0036274 0.00494556 0.00219071 0.00585193 0.0109126 -0.00558791 0 -0.00831111 0.00157583 -0.00352819 -0.00941662 -0.0039132 -0.00731016 -0.00856168 -0.0126207 -0.00326663 -0.00697139 -0.00111216 -0.0166546 -0.0135502 -0.00776158 0.0182747 0.0226715 -0.00369544 0.00248249 0.0217827 0.0146484 -0.00723963 -0.0221403 -0.00593882
internal_weight=347.951 113.792 95.3656 234.159 63.5096 55.7347 46.4843 70.5648 62.4152 50.9718 38.7947 170.65 60.1232 18.4267 36.9173 26.5765 19.1832 46.0846 37.9714 110.526 60.7491 49.7772 36.4874 27.2943 40.4819 23.2154 16.9504 27.718 18.8452 20.2672 14.756 24.8008 16.6547 16.5873 23.8946 14.7486
internal_count=943 308 258 635 172 151 126 191 169 138 105 463 163 50 100 72 52 125 103 300 165 135 99 74 110 63 46 75 51 55 40 67 45 45 65 40
is_linear=0
shrinkage=0.03


Tree=5
num_leaves=33
num_cat=0
split_feature=35 2 39 40 21 23 16 35 26 2 17 30 17 26 37 31 31 37 0 37 16 26 34 22 15 19 15 35 15 32 28 29
split_gain=14.2054 7.80935 5.71408 5.11268 5.22373 4.85034 4.41128 3.12846 3.10192 3.4886 4.37989 4.07778 3.87563 3.66709 3.47998 2.80233 2.69331 3.3913 2.79614 2.78251 2.38466 2.2641 3.04824 1.91549 1.60388 1.32259 1.22753 1.10566 1.9309 0.324511 0.266342 0.0544868
threshold=0.18359339342175401 -0.048742246392565337 1.0000000180025095e-35 331.00000000000006 1.0000000180025095e-35 1.5028069559790505 0.56740317595255341 -0.21892465431426708 0.98514740825557212 0.96908473888736479 1.0000000180025095e-35 1.1398326954408866 -1.2019123226211113 0.10067199792392685 1.0000000180025095e-35 -0.40991535207537239 -0.63665316242266479 -0.45910282503500993 -0.54558006042926432 1.0000000180025095e-35 -0.21925871317745058 -0.27838889221820667 0.34876821242821188 0.75388509445925445 -1.3881546341572288 -0.926924379265881 -0.16546059855011744 -0.35309733689294059 0.5138138656760558 -0.54041839708382466 -0.49108966307795915 -0.30842150127459805
decision_type=2 2 2 2 2 2 2 2 2 2 2 2 2 2 2 2 2 2 2 2 2 2 2 2 2 2 2 2 2 2 2 2
left_child=1 2 3 6 27 8 -1 21 9 10 12 14 -2 -14 23 -11 17 -3 -18 20 -20 30 -23 24 -12 26 -4 -5 -29 -27 -6 -26
right_child=5 16 25 4 7 -7 -8 -9 -10 15 11 -13 13 -15 -16 -17 18 -19 19 -21 -22 22 -24 -25 31 29 -28 28 -30 -31 -32 -33
leaf_value=0.021248239562450862 0.010034406988446922 0.010518189583525867 -0.015620095939442814 -0.022445736585048229 -0.0060123592041660279 -0.011502687741596197 -0.0070965375729730362 0.011452014451811227 0.024069404644029551 0.03257889499227052 -0.0081742687237126941 -0.0051692789772013808 -0.019377250562940707 0.0052037904118510487 0.025255748752115694 0.0063914288966551895 0.021466182244355148 -0.012777458691264287 -0.013844507316037178 0.015226008962814045 0.0071826785421182414 0.012702945593285303 -0.0091830300272856494 0.0189570399631094 0.010264101431798529 -0.0097294941161118493 0 -0.018102595256358267 0.001814005675016825 -0.023510526163249904 -0.018345902391373424 0.0030974548037794197
leaf_weight=10.232522338628771 10.542506933212282 7.4840871095657375 8.0948255062103254 16.49353396892548 6.7578582763671875 9.1340208053588849 7.1140829920768729 11.562182903289793 11.264123827219008 7.1776047646999386 7.4832341074943516 11.185358762741087 13.896016269922258 7.1433635354042044 15.309023350477217 9.2407345771789533 10.202577859163283 13.226491689682005 8.8061923682689685 9.1806849837303144 7.4836652874946621 9.1418309807777423 10.812669634819029 7.1566057205200186 6.8054670393466914 6.7704561650753048 7.774040848016738 7.4656327962875348 7.1329326033592224 23.311516612768173 7.762580990791319 6.7987483739853012
leaf_count=30 31 22 24 49 20 27 21 34 33 21 22 33 41 21 45 27 30 39 26 27 22 27 32 21 20 20 23 22 21 69 23 20
internal_value=0 -0.00499499 -0.00876906 -0.00433682 -0.00768665 0.00792961 0.00966568 -0.00100714 0.00966766 0.00770747 0.00501092 0.0100745 -0.00364292 -0.0109743 0.0141644 0.0199436 0.00428455 -0.00394725 0.00919149 0.00313182 -0.0040561 -0.00565573 0.000751124 0.0069804 0.00166118 -0.0173302 -0.00843657 -0.0168912 -0.00873625 -0.0212083 -0.0140807 0.00774308
internal_weight=319.947 196.81 140.427 94.4758 77.1292 123.137 17.3466 46.0371 114.003 102.739 86.3203 54.7384 31.5819 21.0394 43.5531 16.4183 56.3837 20.7106 35.6731 25.4705 16.2899 34.4749 19.9545 28.2441 21.0874 45.9508 15.8689 31.0921 14.5986 30.082 14.5204 13.6042
internal_count=943 581 415 279 228 362 51 136 335 302 254 161 93 62 128 48 166 61 105 75 48 102 59 83 62 136 47 92 43 89 43 40
is_linear=0
shrinkage=0.03


Tree=6
num_leaves=30
num_cat=0
split_feature=13 1 29 30 23 15 19 7 0 20 25 1 29 19 31 22 13 13 38 35 30 23 26 34 22 2 33 33 35
split_gain=12.4484 4.94466 4.59755 4.59257 4.86964 4.73041 4.30754 4.89607 4.99266 3.53334 3.24037 2.71512 2.35594 2.69014 2.29666 2.25887 3.08081 5.01234 3.04322 1.85174 1.79683 1.96996 2.71467 1.89105 1.32491 0.938514 0.824377 0.424837 0.301596
threshold=-0.53743625013235696 -0.22400353348583091 0.71792689114515695 -1.4800910181748337 1.0000000180025095e-35 -0.70888016993105596 -0.926924379265881 -0.33838776415914446 0.21900412550383458 -0.92860607150784413 -1.0392989953929068 -0.66788587820040413 -1.0781827955894143 1.3321222618764834 0.95051151000838152 0.025987165372145068 1.381791428483089 1.0678420387940026 -0.58530680226135556 -0.88978806720763537 0.90866295600420521 -1.2235679560624586 -0.15203526217082877 0.67751965697945293 -1.0658597282585185 0.033530142717821752 0.54972139452421331 -1.0511804842644521 -0.68243028504059433
decision_type=2 2 2 2 2 2 2 2 2 2 2 2 2 2 2 2 2 2 2 2 2 2 2 2 2 2 2 2 2
left_child=6 2 10 -4 5 -5 9 8 -8 -1 27 -10 13 -12 -9 24 17 18 -17 -14 21 -21 -23 -24 -3 -20 -27 -2 -26
right_child=1 15 3 4 -6 -7 7 14 11 -11 12 -13 19 -15 -16 16 -18 -19 25 20 -22 22 23 -25 28 26 -28 -29 -30
leaf_value=0.012531980712817832 -0.0050279582040729017 -0.0030503044284100711 -0.0095387494199899933 0.047067826210213305 -0.0019564857205176846 0.0058371438352370023 0.025483208648311457 0.014031483281793079 0.010733880301543399 -0.015958565671674099 0.019110302122685718 -0.014287147751015125 0.0090127305818393112 -0.0053330775756319695 0.041606114071078927 0.0099559074277202932 -0.015892381719695998 0.022561464442901715 -0.01983945028189647 0.0072223944371076019 0.005992859966737288 -0.018218340085936657 0.0031500445540381399 -0.013711987300435907 -0.0093204972814773732 -0.011597803942019052 0.0021609283214576022 -0.020387828339733138 -0.02132115290807466
leaf_weight=6.4253835827112198 5.0626488327980042 8.5293860435485822 5.0475986301898983 5.5295850783586538 5.4313411861658087 5.2235507369041425 6.7504606395959881 8.3584315925836581 5.1604978591203681 6.1822274923324567 9.277379631996153 7.7085777074098578 8.9689895659685117 5.1292585283517829 7.879913091659545 6.9861248135566738 12.703325659036635 6.0015889108180991 6.4915410280227723 5.8868587464094082 9.9760320037603361 16.969584420323365 16.341595128178614 7.3486179262399665 8.7350968122482282 6.0356493890285474 6.1510254144668579 7.2863880693912488 16.947092175483707
leaf_count=25 20 34 20 21 21 20 26 32 20 24 36 30 35 20 30 27 51 23 26 23 39 67 64 29 35 24 24 29 68
internal_value=0 -0.00343702 0.000534295 0.0126736 0.0201619 0.0306953 0.013359 0.0184905 0.0071108 -0.00122463 -0.00235381 -0.00376303 0 0.0103482 0.0301375 -0.00914956 -0.00425998 0.000733357 -0.00511422 -0.00249488 -0.0046101 -0.00712359 -0.00952603 -0.00234735 -0.0148776 -0.0113693 -0.00473918 -0.0157507 -0.0181998
internal_weight=240.526 192.06 113.479 21.2321 16.1845 10.7531 48.4655 35.8579 19.6195 12.6076 92.2474 12.8691 79.8983 14.4066 16.2383 78.5808 44.3693 31.6659 25.6643 65.4917 56.5227 46.5467 40.6598 23.6902 34.2116 18.6782 12.1867 12.349 25.6822
internal_count=943 756 444 82 62 41 187 138 76 49 362 50 313 56 62 312 175 124 101 257 222 183 160 93 137 74 48 49 103
is_linear=0
shrinkage=0.03


Tree=7
num_leaves=35
num_cat=0
split_feature=30 2 22 40 19 0 32 35 34 35 35 26 38 15 33 1 39 29 29 28 39 40 28 35 31 16 13 16 22 40 15 20 35 26
split_gain=7.97997 5.70105 3.69931 4.8044 5.78341 5.51281 4.26394 4.85111 4.44768 3.64823 3.07309 2.90015 2.84306 4.40594 5.02157 3.30394 3.01957 2.61474 2.34295 2.25703 3.77685 2.01337 1.78288 1.85745 1.81392 1.59157 1.42096 1.16173 0.838082 0.808429 0.700367 0.512181 0.79924 0.38256
threshold=-0.47835548061588201 -0.69516816083131971 0.1473034868866632 469.00000000000006 -0.2814824817966341 -0.094069373534670334 -0.26672637321161902 1.6594929017871645 -0.39092253781208047 0.31776607600042783 -1.4264787975223301 -1.2892179325972293 -0.58530680226135556 0.37795897283082108 -0.44131310186877026 -0.509893857200302 1.0000000180025095e-35 0.97451398925009569 0.46133979304021827 0.14781245549989402 -0.51484527543987946 256.50000000000006 0.57374720121846268 0.98862948889379598 1.0000000180025095e-35 0.30518254624255203 -0.18063029903818403 -0.48147934288745181 0.87520141597377255 544.50000000000011 -0.57302527708582118 -1.0000000180025095e-35 0.18359339342175401 -0.40474252226558477
decision_type=2 2 2 2 2 2 2 2 2 2 2 2 2 2 2 2 2 2 2 2 2 2 2 2 2 2 2 2 2 2 2 2 2 2
left_child=1 17 3 21 19 29 8 22 11 -10 -3 -4 16 14 -14 -15 -12 -1 -16 20 -5 -2 24 28 -8 -13 -22 -21 -24 -6 -11 -26 -33 -20
right_child=2 10 6 4 5 -7 7 -9 9 30 12 25 13 15 18 -17 -18 -19 33 27 26 -23 23 -25 31 -27 -28 -29 -30 -31 -32 32 -34 -35
leaf_value=0.0025948684452105071 0.0002790306905072744 -0.0032991168510620051 0.0068857254324955304 0.0068398287668753246 0.028038139200542257 -0.0020749039917704131 -0.0059726847469776653 0.0078916246091743584 0.01822512337048739 0.0036979963959478308 -0.0079237094250056254 -0.01907841505785618 0.024675142979120976 0.0049050488113799584 -0.013094646172306271 0.029954658830311332 0.012067337817164474 -0.018376910027031564 0 0.013467469004974489 -0.0048946166930657698 -0.018651188689428395 -0.0051967974586342386 0.0012266834154937188 -0.029715166386838805 -0.0033267482626982447 -0.025348756004869879 -0.001740971260214589 -0.018879698495508856 0.010347820730557278 -0.0080545975904469519 -0.0063790179377343969 -0.021560914487625857 0.0099698932840583641
leaf_weight=9.2150467932224291 7.3749936521053341 13.298953801393507 8.1138238012790662 8.1151123046874982 13.321100920438772 11.059321671724318 11.778404027223585 9.9601875841617566 14.405963480472566 7.3729259371757507 11.45087367296219 13.253459781408312 8.1588007211685198 7.766172111034396 7.7596953213214901 19.645018607378006 12.593692749738691 9.1897155046462995 7.3951208591461191 7.3925220370292664 7.359775096178053 11.047561228275297 11.41571766138077 12.898264080286024 9.1979115605354291 12.523288249969481 7.3695903718471563 7.3733748793601972 9.5515684783458692 7.3784890472888938 7.3452829718589765 8.8375765383243614 9.5487089157104474 7.3969012498855564
leaf_count=25 20 36 22 22 36 30 32 27 39 20 31 36 22 21 21 53 34 25 20 20 20 30 31 35 25 34 20 20 26 20 20 24 26 20
internal_value=0 0.00646367 -0.00316696 0.00163171 0.00532316 0.0144734 -0.00607639 -0.0104741 -6.93086e-05 0.008211 0.0094297 -0.00740102 0.0115838 0.0151241 0.0065469 0.0236878 0.00240577 -0.0081709 -0.000891962 -0.00250883 -0.00831534 -0.0113214 -0.0131606 -0.0072983 -0.0176044 -0.0122494 -0.0168952 0.00604402 -0.0125414 0.0231279 -0.0019998 -0.0218006 -0.0155969 0.00575737
internal_weight=347.865 113.87 233.995 87.7918 69.3693 31.7589 146.203 83.1883 63.0147 29.1242 95.4652 33.8906 82.1663 58.1217 30.7105 27.4112 24.0446 18.4048 22.5517 37.6104 22.8445 18.4226 73.2282 33.8656 39.3626 25.7767 14.7294 14.7659 20.9673 20.6996 14.7182 27.5842 18.3863 14.792
internal_count=943 308 635 238 188 86 397 226 171 79 258 92 222 157 83 74 65 50 61 102 62 50 199 92 107 70 40 40 57 56 40 75 50 40
is_linear=0
shrinkage=0.03


Tree=8
num_leaves=35
num_cat=0
split_feature=14 35 7 40 25 14 35 30 21 25 12 21 41 30 23 41 12 12 20 12 7 35 35 5 38 21 24 14 4 23 35 22 10 12
split_gain=14.4647 8.62376 6.13214 4.77146 4.46622 4.45649 3.8174 3.64317 4.18164 3.55886 3.53421 3.09486 4.94836 4.32961 3.7885 3.10395 2.74928 3.44706 2.44043 1.87123 1.53193 1.37903 1.19314 1.63712 1.19372 1.7437 0.920171 0.796217 0.774577 0.758235 0.681252 0.506683 0.403945 0.378208
threshold=-1.1650705052631916 -0.21892465431426708 0.27267122065655364 331.00000000000006 0.99548414688906839 -0.25659739378675844 -0.75561538462896194 -0.40129890080365493 0.4145600494240968 0.31722309946174321 -0.25387438903486331 -0.73749336886741779 620.50000000000011 0.36926689731861578 0.42361688662928615 621.50000000000011 -0.044882390553492621 -0.43147909507848808 0.72174358064424304 -0.49340751386037679 -0.56200003398279075 0.45193875857910132 -0.35309733689294059 -0.73742925893045408 1.0000000180025095e-35 1.0000000180025095e-35 1.0000000180025095e-35 0.044990329679335361 -0.1938472058340939 -0.20117736404689288 0.31776607600042783 0.025987165372145068 0.6201281275080629 -0.16922589203868252
decision_type=2 2 2 2 2 2 2 2 2 2 2 2 2 2 2 2 2 2 2 2 2 2 2 2 2 2 2 2 2 2 2 2 2 2
left_child=4 3 7 16 -1 6 9 19 11 -5 -8 12 20 14 30 18 17 -2 29 -3 -9 -22 23 -7 28 -26 -4 -21 32 -15 -13 -10 -25 -27
right_child=1 2 26 5 -6 22 10 8 31 -11 -12 13 -14 15 -16 -17 -18 -19 -20 27 21 -23 -24 24 25 33 -28 -29 -30 -31 -32 -33 -34 -35
leaf_value=0.028353589105607188 -0.0037652937709466506 0.005511531947553815 -0.018291865340202704 0.024139462220805125 0.00029799454351656785 -0.0032870035073323512 -0.020517601248169589 0.0029525339388311316 0.026021442972494726 -0.0035113457393331502 0.0029045143430653053 0.025324829931163719 -0.0051596895398229948 -0.023123847048797254 -0.0064480377636599402 0.010146667789857984 -0.0088739486414589341 0.021718323610657352 -4.6000488059120387e-05 -0.002349499042869534 0.006551844934547614 0.026031541588937255 -0.0019547521423831883 -0.025433192236054947 -0.020328722900554951 0.0019087846914005219 -0.003251796528784844 -0.017881811308205035 -0.0076931888147018122 -0.0065180376414070706 0.0080929553754851939 0.010325215642058974 -0.012218629902821614 -0.0067315656698623992
leaf_weight=18.312486708164219 7.1341128945350691 7.1049208939075497 10.144636064767839 6.8574553132057172 7.5116510391235343 11.471873730421065 9.7899353206157667 6.8149257600307456 9.2308650910854357 7.0995820462703705 10.480253607034685 7.2078199684619921 11.181198686361311 9.4976193308830279 6.8185372650623313 6.817756623029708 7.8020843267440787 9.5514625906944275 12.930026441812513 6.7523743510246259 6.8164352178573671 15.034349679946898 8.7647298574447614 22.679851621389382 6.9682751297950771 7.1202851533889779 8.1159015893936139 7.422240823507309 7.4056940972805085 6.8276990652084377 7.2096355855464935 8.2141631543636304 9.7152406275272352 7.0583533942699406
leaf_count=53 21 21 30 20 22 34 29 20 27 21 31 21 33 28 20 20 23 28 38 20 20 44 26 68 21 21 24 22 22 20 21 24 29 21
internal_value=0 -0.00193736 0.00291886 -0.00730459 0.0208768 -0.00985211 -0.000540126 0.00517224 0.00730462 0.0107102 -0.00876637 0.0046276 0.010884 8.82025e-06 0.0104404 -0.00614412 0.0043468 0.0110807 -0.0104454 -0.0057731 0.0172863 0.021023 -0.0136245 -0.0148873 -0.0168433 -0.00941877 -0.0126652 -0.0117984 -0.0201575 -0.0176484 0.0186594 0.0203501 -0.0223633 -0.00224234
internal_weight=319.864 294.04 154.141 139.899 25.8241 115.412 34.2272 135.881 114.601 13.957 20.2702 97.156 39.8469 57.3091 21.236 36.0731 24.4877 16.6856 29.2553 21.2795 28.6657 21.8508 81.1843 72.4196 60.9477 21.1469 18.2605 14.1746 39.8008 16.3253 14.4175 17.445 32.3951 14.1786
internal_count=943 868 453 415 75 343 101 399 336 41 60 285 117 168 62 106 72 49 86 63 84 64 242 216 182 63 54 42 119 48 42 51 97 42
is_linear=0
shrinkage=0.03


Tree=9
num_leaves=31
num_cat=0
split_feature=13 4 24 19 40 20 38 20 25 36 36 16 3 13 32 14 25 21 25 25 37 35 16 16 39 30 26 29 20 29
split_gain=11.8207 4.76786 4.59329 4.27064 6.99377 3.32042 3.53604 3.19495 2.92078 3.31733 3.00836 2.06551 2.0241 2.432 1.83504 2.30904 1.82976 1.79492 1.79012 1.67032 1.50494 1.44145 1.20626 1.16781 1.35743 0.747241 0.662093 0.617128 0.257358 0.0254904
threshold=-0.53743625013235696 -0.1938472058340939 0.97599977689866868 -0.2814824817966341 605.00000000000011 -0.26846621064700943 1.0000000180025095e-35 0.39167365021382566 1.0000000180025095e-35 -0.77830180230185342 -0.77830180230185342 0.82962380566255467 -0.57675883648453052 0.42480777405896897 -0.54041839708382466 1.1305202658172022 0.6563536231754058 1.0000000180025095e-35 0.6563536231754058 -0.70016847167924456 -1.2384618961565479 -0.88978806720763537 0.56740317595255341 -0.74369997259745302 1.0000000180025095e-35 0.44632347713084281 0.10067199792392685 -0.30842150127459805 -0.26846621064700943 0.20475269493527951
decision_type=2 2 2 2 2 2 2 2 2 2 2 2 2 2 2 2 2 2 2 2 2 2 2 2 2 2 2 2 2 2
left_child=2 3 7 4 5 6 16 14 10 -10 -5 19 -13 -14 -1 21 26 -4 27 -3 -12 -16 28 24 29 -24 -2 -11 -22 -21
right_child=1 11 17 8 -6 -7 -8 -9 9 18 20 12 13 -15 15 -17 -18 -19 -20 23 22 -23 25 -25 -26 -27 -28 -29 -30 -31
leaf_value=0.014218181360853139 0.00099100105094947471 0 0.039233903028595349 0.0096290725581295658 0.02938597711714195 0.015082742398767418 -0.018311691481472124 0.023888627289632858 -0.012712316768016573 0.02313936313520859 0 0.0086283677790454233 0.0032823164962465859 -0.017969457321568894 0.00098694462078651899 0.0077676160766505147 -0.0079854451904099715 0.011530905550621688 -0.00021697278660122619 -0.016384495503508244 -0.0088493808951194911 -0.017390556509995103 0.0024164657407418047 -0.019087541502958608 0.0016275322641775242 -0.011292622382627236 0.016602905237729147 0.0054518246749625902 -0.022428761141422615 -0.0060076977251648017
leaf_weight=6.8092690706253043 5.363668695092203 8.2463343590497953 5.8968354165554029 5.3796485513448706 8.8763648569583875 9.589517608284952 8.8545376956462842 6.3787392377853385 6.6270110756158855 5.9276271015405682 6.8336180895566931 9.1139079034328478 7.9973610788583782 8.3633816391229612 5.3654612302780151 10.195439636707304 6.1346522271633139 6.5900537967681885 8.5021120905876142 6.7437242418527621 6.5723413825035122 7.6289594769477898 5.0380142927169782 24.689526915550232 7.4753381162881842 5.8352873623371124 5.6590296924114227 5.3480811417102805 12.924702405929567 5.4480567425489426
leaf_count=26 21 33 22 21 34 37 35 24 26 23 27 36 32 33 21 39 24 25 33 27 26 30 20 99 30 23 22 21 51 22
internal_value=0 -0.00336028 0.0129597 0.000531498 0.00768344 0.00114141 -0.00432223 0.00679074 -0.00405972 0.00350197 -0.00884421 -0.0089948 -0.00157502 -0.00784213 0.00200026 -0.00199014 0.00346761 0.027847 0.00973008 -0.0123339 -0.0119401 -0.0100716 -0.0146845 -0.0145693 -0.00766299 -0.00493286 0.0105139 0.0168449 -0.0190962 -0.0133519
internal_weight=240.409 191.544 48.8648 113.466 44.4778 35.6014 26.0119 36.3779 68.9884 26.4048 42.5836 78.0776 25.4747 16.3607 29.9991 23.1899 17.1574 12.4869 19.7778 52.603 37.204 12.9944 30.3703 44.3566 19.6671 10.8733 11.0227 11.2757 19.497 12.1918
internal_count=943 756 187 444 173 139 102 140 271 103 168 312 101 65 116 90 67 47 77 211 147 51 120 178 79 43 43 44 77 49
is_linear=0
shrinkage=0.03


Tree=10
num_leaves=34
num_cat=0
split_feature=30 2 21 22 40 19 9 23 0 31 30 14 10 30 22 12 12 37 21 28 38 20 0 22 16 16 41 41 16 21 21 12 40
split_gain=7.54824 5.42137 5.44376 3.52549 4.61084 5.60147 5.25074 3.24558 4.77323 3.18985 3.13305 2.99895 2.92705 2.68764 5.83958 3.46966 2.63553 2.52751 2.16484 2.15611 2.12054 2.03496 1.947 1.75565 1.55742 1.3724 1.26673 2.04137 1.11941 1.03746 0.924982 0.802886 0.746826
threshold=-0.47835548061588201 -0.69516816083131971 1.0000000180025095e-35 0.1473034868866632 469.00000000000006 -0.2814824817966341 -0.16389003147904366 -0.96797030805856721 -0.54068828700678762 -0.86339097276995724 1.602172174314249 1.6217729059759785 0.6201281275080629 -1.0177515393014713 -0.82322708522948218 -0.25719259225157137 -0.49532764073226793 1.0000000180025095e-35 1.0000000180025095e-35 0.14781245549989402 1.0000000180025095e-35 -1.2586760019382615 -0.05493518615485718 0.3899361299156997 1.091844435372556 -0.21925871317745058 435.00000000000006 620.50000000000011 -0.48147934288745181 1.1825956616184403 -0.73749336886741779 -0.26784042215646664 544.50000000000011
decision_type=2 2 2 2 2 2 2 2 2 2 2 2 2 2 2 2 2 2 2 2 2 2 2 2 2 2 2 2 2 2 2 2 2
left_child=1 11 21 4 18 19 -7 9 30 -5 16 -1 13 17 29 -16 -10 -4 -2 22 24 -3 -6 -22 26 -25 -18 -28 -21 -15 -9 -23 -8
right_child=3 2 12 7 5 6 32 8 10 -11 -12 -13 -14 14 15 -17 20 -19 -20 28 23 31 -24 25 -26 -27 27 -29 -30 -31 -32 -33 -34
leaf_value=-0.019788030990683648 -0.020654618009571527 0.03300500009263288 0.022436618070245176 -0.0052413425658251727 -0.014474393751134237 -0.0019552042375533827 0.027387414339950615 -0.010211991962646633 0.0086970900493500945 0.015074733236877936 0.011731942405077215 0.0027353888644408597 -0.0072858738724146102 -0.0019489641855951433 0.026384022461928714 -0.00026087099265469229 -0.0035423441153153734 0.0035295939426587654 -0.0001624116846030693 0.013133670491498186 -0.010554647557813275 0.0044336603885963199 0.0024499342979140194 -0.0026250531960199178 -0.00045320978655664641 0.013765844211549803 -0.021045502023188875 -0.0046496592854025857 -0.0017754878443317053 -0.018699034440574556 -0.026128335353729593 0.019244101181362001 0.010188454398855405
leaf_weight=8.4230600893497485 8.81588923931122 8.1967927217483538 14.105567395687101 14.37484794855118 14.347221016883848 11.047562777996065 13.363812744617464 10.627576947212221 7.7338285744190207 10.698833942413328 7.7486497163772574 9.9549423754215223 13.292035609483717 7.3841737508773786 7.4150914549827558 7.7644746005535197 11.757671713829039 13.335373371839522 9.5726063549518567 7.4077572226524353 8.1072357594966906 9.2719773054122943 8.4707829654216784 7.7117495238780975 11.405146718025206 7.3760072886943799 24.228897958993912 12.152622580528258 7.3743715286254865 7.3753755390644073 12.095945715904234 7.4326366484165183 7.3858975172042838
leaf_count=23 24 22 38 39 39 30 36 29 21 29 21 27 36 20 20 21 32 36 26 20 22 25 23 21 31 20 66 33 20 20 33 20 20
internal_value=0 0.00627907 0.00916781 -0.00308644 0.00159596 0.00520987 0.0142078 -0.00592975 -0.00796633 0.00356325 -0.00485705 -0.008 0.00460357 0.0075751 0.00100268 0.0135974 -0.00651123 0.0141149 -0.0111054 -0.00249912 -0.00813357 0.0208967 -0.00818123 -0.000137542 -0.0110701 0.00554652 -0.0133749 -0.0161281 0.00584906 -0.0116409 -0.0200254 0.0123958 0.0226347
internal_weight=347.756 113.952 95.5735 233.805 87.7859 69.3974 31.7973 146.019 120.945 25.0737 98.2218 18.378 70.6721 57.3801 29.9391 15.1796 90.4732 27.4409 18.3885 37.6001 82.7393 24.9014 22.818 23.195 59.5443 15.0878 48.1392 36.3815 14.7821 14.7595 22.7235 16.7046 20.7497
internal_count=943 308 258 635 238 188 86 397 329 68 267 50 191 155 81 41 246 74 50 102 225 67 62 63 162 41 131 99 40 40 62 45 56
is_linear=0
shrinkage=0.03


Tree=11
num_leaves=30
num_cat=0
split_feature=14 35 7 40 14 25 35 25 21 21 41 37 27 31 38 14 39 38 21 17 19 28 35 33 35 39 21 7 23
split_gain=13.7544 8.17024 5.8693 4.57883 4.33028 4.23318 3.6756 3.40094 2.93613 4.92937 4.28573 3.68893 2.32337 2.18907 2.62476 2.9482 2.11744 1.87049 1.79165 1.71713 2.33263 1.61943 1.12185 0.995715 0.974977 1.12766 1.52976 0.8791 0.689541
threshold=-1.1650705052631916 -0.21892465431426708 0.27267122065655364 331.00000000000006 -0.25659739378675844 0.99548414688906839 -0.75561538462896194 0.31722309946174321 0.4145600494240968 -0.73749336886741779 605.00000000000011 1.0000000180025095e-35 1.0000000180025095e-35 -0.40991535207537239 -0.58530680226135556 0.044990329679335361 -0.51484527543987946 -1.0000000180025095e-35 1.0000000180025095e-35 -1.2019123226211113 -1.5723662767351276 -1.0000000180025095e-35 0.58611144115777492 -0.65095501456728588 -0.35309733689294059 -0.51484527543987946 1.0000000180025095e-35 -0.56200003398279075 1.0000000180025095e-35
decision_type=2 2 2 2 2 2 2 2 2 2 2 2 2 2 2 2 2 2 2 2 2 2 2 2 2 2 2 2 2
left_child=5 3 8 16 6 -1 7 -5 9 10 11 17 -10 22 23 21 -2 -3 -8 -6 -21 -16 -11 -15 25 26 -22 -27 -4
right_child=1 2 28 4 19 -7 18 -9 12 13 -12 -13 -14 14 15 -17 -18 -19 -20 20 24 -23 -24 -25 -26 27 -28 -29 -30
leaf_value=0.027515908094988203 0.012287612348214681 0.016241886095214063 -0.017672947236671073 0.023609224451168455 0.00027381633878103217 0.00023500093937508883 0 -0.0033905549130064721 0.002818656983031965 -0.015482914906210302 -0.003341995723567517 0.029602429385296909 0.02117733053660989 -0.014822549502020443 0.023797005976781381 -0.0055797597385495125 -0.0042589069227839385 -0.0017170482948249725 -0.017167835191436394 -0.00075491421288776002 -0.018798183851753105 0.0051579775980039417 -0.0014479103203378361 0 -0.0042875859410755387 -0.0089015312007927963 -0.001584161103435746 -0.024273268956825567 -0.0040823603575376611
leaf_weight=18.476092845201496 12.644901692867281 8.2428714632987994 9.7422489821910876 6.9045972824096662 6.6928876936435691 7.5199307799339286 10.812463134527208 7.0821555256843567 12.238523066043856 11.872123986482622 12.536603242158888 11.022149503231047 14.781924962997435 7.4768998622894287 6.8858884274959591 10.171874016523359 11.869663745164869 9.5672681331634539 9.376605421304701 10.411465853452681 8.5921593010425585 12.967536091804506 10.543121308088301 7.8439036607742292 7.4008659422397605 8.0078273415565437 10.751310288906096 28.881105303764347 8.4377366602420789
leaf_count=53 37 24 29 20 20 22 32 21 36 35 37 32 43 22 20 30 35 28 28 31 26 38 31 23 22 24 32 87 25
internal_value=0 -0.00189828 0.00281928 -0.00713708 -0.00964391 0.0202858 -0.000464286 0.0105463 0.00501693 0.00266701 0.0106608 0.0168113 0.013658 -0.00225181 0.00146252 0.00663137 0.00426172 0.00689998 -0.00857075 -0.0133773 -0.0146716 0.0131212 -0.00963723 -0.00799859 -0.0167866 -0.0181736 -0.0103208 -0.0215709 -0.0124621
internal_weight=319.755 293.759 154.331 139.428 114.913 25.996 34.1758 13.9868 136.151 109.13 41.3689 28.8323 27.0204 67.7613 45.3461 30.0253 24.5146 17.8101 20.1891 80.7376 74.0447 19.8534 22.4152 15.3208 63.6333 56.2324 19.3435 36.8889 18.18
internal_count=943 868 453 415 343 75 101 41 399 320 121 84 79 199 133 88 72 52 60 242 222 58 66 45 191 169 58 111 54
is_linear=0
shrinkage=0.03


Tree=12
num_leaves=33
num_cat=0
split_feature=11 1 35 22 35 35 20 1 27 31 41 12 32 22 0 0 38 29 21 22 33 14 33 21 21 33 36 31 41 16 21 38
split_gain=11.0185 5.56394 6.08858 3.46664 2.90595 5.11161 7.12367 2.84813 5.23246 2.81838 4.0964 3.21247 2.79213 2.53157 2.97226 4.03812 2.96731 2.42833 2.39152 1.90102 1.43075 1.40827 1.3222 0.996309 0.956274 0.944297 0.878501 0.845994 0.588882 0.404731 0.329759 0.268985
threshold=0.76904052689067204 -0.22400353348583091 -1.1581334323649826 -0.21664547765689143 1.1228021714724699 0.58611144115777492 0.72174358064424304 -0.2691441109144313 -0.51351884912519274 -0.40991535207537239 469.00000000000006 -0.40806220285239575 1.1017337461494101 0.025987165372145068 -0.67619041080939057 -0.57346316893738114 -0.58530680226135556 0.71792689114515695 1.5666134677156121 0.3899361299156997 -0.13637941067092926 -0.38032321621684884 -0.44131310186877026 1.0000000180025095e-35 -0.35347556277024622 0.54972139452421331 0.69884575539738103 -0.18317754172808018 469.00000000000006 1.091844435372556 -0.35347556277024622 -0.58530680226135556
decision_type=2 2 2 2 2 2 2 2 2 2 2 2 2 2 2 2 2 2 2 2 2 2 2 2 2 2 2 2 2 2 2 2
left_child=1 2 20 12 5 7 -7 9 17 11 -11 -4 22 18 30 -16 -17 -9 29 24 -1 25 -2 -13 -10 -18 -5 -26 -6 -3 -15 -30
right_child=3 13 4 26 28 6 -8 8 19 10 -12 23 -14 14 15 16 21 -19 -20 -21 -22 -23 -24 -25 27 -27 -28 -29 31 -31 -32 -33
leaf_value=0.030091543440933996 -0.0084037852099952837 -0.019863867271049739 -0.012655668356118144 0.011981963605787719 -0.00054123985561242878 0.030345988396144018 -0.0077674687167243921 0.0046636496866903831 0.00016145348522801113 0.0033481101790842063 -0.021343990219448977 0.019499795269133646 0.021331335411953142 -0.018084284735828442 0.020444425808756873 0.010879841765092014 -0.010271659265031303 0.031791936772851796 0.0027861861262542813 0.0072282596134256869 0.0075125068128246882 -0.019942389065816257 0.0086785307644930889 0.00070896196973180346 -0.0025252209002385021 0.0052202575037580195 0.035489075601002056 -0.01997978532223459 -0.019502480338008572 -0.0061679186917529992 -0.0044210952676307239 -0.0072656137999735672
leaf_weight=5.5176322758197784 8.0148111432790738 23.875797078013424 6.605356082320216 5.6631528437137586 5.0773484259843853 9.791180416941641 6.075775444507598 7.4805586040019971 5.5939926058053997 7.9156543463468543 16.791549578309059 5.1894452571868843 6.1597518324851981 8.851967513561247 6.3275852948427191 6.76131743192673 5.4346089959144646 5.3011448681354523 4.9745116680860511 7.7029773741960517 7.580334857106207 6.8591323941946021 5.5264843106269863 5.4158524572849274 5.6258824020624179 5.3888850957155228 6.8120153546333313 6.5617370605468821 5.848512515425683 5.4878499805927268 4.9297835379838935 9.1430585831403697
leaf_count=21 31 98 26 21 20 38 24 29 22 31 67 20 23 36 24 26 22 20 20 30 29 28 21 21 22 21 25 26 23 22 20 36
internal_value=0 -0.00253448 0.00126657 0.0159527 -0.000967722 0.00119301 0.0159957 -0.00190268 0.00384005 -0.00723488 -0.0134654 0.00175126 0.00681154 -0.0087424 -0.00364125 0.00148561 -0.0040891 0.0184925 -0.0147642 -0.00390591 0.0195498 -0.0105288 -0.000863015 0.0116764 -0.00922749 -0.00237499 0.0276787 -0.0135207 -0.0109511 -0.0179228 -0.0145032 -0.0137429
internal_weight=240.286 208.109 129.218 32.1762 116.12 96.0511 15.867 80.1842 38.2663 41.9179 24.7072 17.2107 19.701 78.8914 44.5533 30.7715 24.4439 12.7817 34.3382 25.4846 13.098 17.6826 13.5413 10.6053 17.7816 10.8235 12.4752 12.1876 20.0689 29.3636 13.7818 14.9916
internal_count=943 822 505 121 455 376 62 314 149 165 98 67 75 317 177 121 97 49 140 100 50 71 52 41 70 43 46 48 79 120 56 59
is_linear=0
shrinkage=0.03


Tree=13
num_leaves=33
num_cat=0
split_feature=35 31 29 41 19 35 34 29 34 40 35 23 38 37 24 28 1 34 35 28 24 1 36 20 40 21 21 26 34 34 16 21
split_gain=6.72991 4.19166 4.36022 3.56376 3.33042 2.90104 4.84851 3.76747 3.56995 4.80841 3.88836 3.19952 2.79053 3.55025 2.65312 3.54851 2.6369 2.62082 2.48381 2.36596 2.19425 2.96504 2.49493 3.24106 2.20558 1.78316 1.60669 1.51192 2.27426 1.20636 0.735582 0.425269
threshold=0.18359339342175401 1.857462751397551 -0.82159569748447547 469.00000000000006 -1.8950872254697513 1.5253202192084907 0.26658035129040164 -0.82159569748447547 0.15699653643998809 435.00000000000006 0.31776607600042783 1.1620100919738621 -0.58530680226135556 -0.45910282503500993 1.0000000180025095e-35 -1.0000000180025095e-35 -0.31428468834303208 -1.130613288052372 -0.88978806720763537 -0.27812229021867479 -0.27861949782418954 -0.4196127023431005 -0.50893960060375787 -0.26846621064700943 525.00000000000011 1.0000000180025095e-35 0.4145600494240968 -1.0365106725024738 -0.39092253781208047 -0.39092253781208003 -0.48147934288745181 -1.217515626488882
decision_type=2 2 2 2 2 2 2 2 2 2 2 2 2 2 2 2 2 2 2 2 2 2 2 2 2 2 2 2 2 2 2 2
left_child=1 2 16 19 -5 8 7 -7 9 -2 -10 25 13 -6 15 -11 -1 -14 -15 26 21 -19 -22 -24 -23 -12 -4 -17 -29 -21 -20 -18
right_child=5 -3 3 4 12 6 -8 -9 10 14 11 -13 17 18 -16 27 31 20 30 29 22 24 23 -25 -26 -27 -28 28 -30 -31 -32 -33
leaf_value=0.0050107719952420188 -0.018193931309415504 -0.014344945581312753 0.029301035172021372 -0.011906692990392053 -0.012855341522854991 0.008251684067706903 0.020292391077965276 -0.016895365470820406 0.0041848157600804731 0.020572264056835675 -0.025246533264639954 -0.00154274067131417 -0.004539707029532789 0.016919464440642677 -0.010069860699673652 0.010126842070788697 -0.019101816445003215 -0.010568883554294198 -0.0076375873239584759 0.012433972958338932 0.027294654113290465 0.0018677698914351336 0.017943665519312677 -4.9059375839325257e-05 0.020054230811694777 -0.0071255345557605394 0.010050460820519951 -0.015552809632802121 0.00540404246308159 -0.0018079436058163051 0.0037478130988440285 -0.0063393607242635428
leaf_weight=9.2303845882415789 10.99732595682144 9.934271961450575 9.6697989106178301 9.9435137808322889 14.373850226402281 8.4818281531333941 8.4833343029022199 9.9252504110336321 8.8229982554912549 9.9772513806819862 24.113494604825974 11.010690480470656 11.837309926748274 8.4935794174671155 9.1948432028293592 7.3890807926654771 7.7236526012420681 8.1079832315444929 8.1200791597366351 8.1420923769474047 9.6384208798408419 18.09657526016235 17.056226432323449 16.221003443002722 8.4929147958755475 9.1834153234958631 11.853242009878157 7.7034630179405168 7.7365306913852825 9.9696237444877607 8.8510106205940264 8.8276355564594251
leaf_count=25 30 27 26 27 39 23 23 27 24 27 66 30 32 23 25 20 21 22 22 22 26 49 46 44 23 25 32 21 21 27 24 24
internal_value=0 0.00327579 0.00425841 0.00594209 0.00354654 -0.00527153 0.00323767 -0.00525777 -0.00749837 -0.00176454 -0.0129026 -0.0164618 0.00490383 -0.00153993 0.00287833 0.00696391 -0.0068871 0.00781773 0.0049845 0.0137754 0.00982862 0.00374215 0.0143219 0.00937675 0.008651 -0.0209437 0.0203054 0 -0.00514906 0.00474987 -0.00155273 -0.0137197
internal_weight=347.603 214.583 204.649 178.867 139.232 133.02 26.8904 18.4071 106.129 52.9985 53.1306 44.3076 129.289 39.8385 42.0012 32.8063 25.7817 89.4504 25.4647 39.6348 77.6131 34.6975 42.9157 33.2772 26.5895 33.2969 21.523 22.8291 15.44 18.1117 16.9711 16.5513
internal_count=943 581 554 484 377 362 73 50 289 144 145 121 350 108 114 89 70 242 69 107 210 94 116 90 72 91 58 62 42 49 46 45
is_linear=0
shrinkage=0.03


Tree=14
num_leaves=31
num_cat=0
split_feature=14 35 2 39 4 40 21 9 16 25 24 36 26 13 17 26 37 35 24 24 28 33 36 31 40 4 42 35 19 26
split_gain=13.0244 7.82713 4.73549 5.35246 4.95256 4.57306 4.96383 4.51638 4.07184 3.97123 3.09338 3.05134 3.18497 3.0368 3.32113 3.92409 2.87292 3.84048 2.20802 2.18249 2.07057 1.91528 1.90488 1.84332 1.44349 1.4139 1.05753 1.7677 0.760819 0.568367
threshold=-1.1650705052631916 0.18359339342175401 -0.048742246392565337 1.0000000180025095e-35 1.0000000180025095e-35 331.00000000000006 1.0000000180025095e-35 0.60356501613596347 0.56740317595255341 0.99548414688906839 1.0000000180025095e-35 -0.77830180230185342 0.35337925801868247 0.0018268703309304471 1.0000000180025095e-35 -0.15203526217082894 1.0000000180025095e-35 1.1228021714724699 -0.27861949782418954 0.40096594265069191 0.36077982835917838 0.77842166292259407 -0.18744277922215988 0.64819442954532513 525.00000000000011 -0.1938472058340939 1.0000000180025095e-35 -0.35309733689294059 -0.926924379265881 -0.27838889221820667
decision_type=2 2 2 2 2 2 2 2 2 2 2 2 2 2 2 2 2 2 2 2 2 2 2 2 2 2 2 2 2 2
left_child=9 2 3 5 10 8 26 13 -2 -1 25 -8 24 14 15 -3 17 22 -15 -14 -18 28 -16 -17 -13 -4 -7 -28 -5 -6
right_child=1 7 4 21 29 6 11 -9 -10 -11 -12 12 19 18 16 23 20 -19 -20 -21 -22 -23 -24 -25 -26 -27 27 -29 -30 -31
leaf_value=0.026618153013993253 0.020161370819030335 -0.017902172929609085 0.0046878410647833938 -0.0097603591926470074 -0.015988109904302116 -0.021866746664591746 0.012792958167543302 -0.012143896738426514 -0.0069964986110350692 0.0002072572542179939 -0.0047572308420790223 -0.0044026550377520542 0.013763407990410233 0.0040943848566300104 0.0063352339629923135 0.0118279075725804 0.028982162447274338 0.015731450877719395 0.026549869091369863 -0.006608222437789987 0.0054336316620953113 -0.0017541596131495868 -0.01171313970850018 -0.0052865216650875404 -0.02162213042810145 0.02038543959119422 -0.017332020960527401 0.0016587494370644516 -0.02262525530235239 -0.0026406493146901829
leaf_weight=18.64671361446381 10.370852440595629 9.7939634621143359 11.528573900461195 11.349451363086699 8.3986727297306043 15.939479947090149 9.8108082413673383 11.146756142377852 7.0961594581603995 7.5229786932468405 9.8167517483234388 12.083999484777452 8.8462271392345411 8.2168020308017748 6.8391260504722604 10.642422258853914 7.6248217821121198 11.609056502580641 9.6201548576354963 7.0336113572120658 7.8667270839214325 7.6990091204643241 12.267117410898212 8.8314948976039869 8.0295042991638166 13.331280797719957 7.5346993207931519 7.1498835682868958 26.1938855946064 6.7878232002258292
leaf_count=53 30 29 34 34 25 48 29 33 21 22 29 36 26 24 20 31 22 34 28 21 23 23 36 26 24 39 23 21 79 20
internal_value=0 -0.00186071 -0.00550256 -0.00833118 0.00228638 -0.00404155 -0.00724685 0.00465662 0.0091311 0.0196655 0.00855751 -0.000743017 -0.00495679 0.00688722 0.00397489 -0.00367866 0.00891174 0.00303578 0.0176358 0.00460346 0.0189125 -0.0166901 -0.00497062 0.00395738 -0.012578 0.0140144 -0.0162989 -0.00841799 -0.0194142 -0.0111555
internal_weight=319.629 293.459 189.001 139.138 49.8631 93.8952 76.4282 104.458 17.467 26.1697 34.6766 45.8042 35.9933 93.3117 75.4747 29.2679 46.2068 30.7153 17.837 15.8798 15.4915 45.2423 19.1062 19.4739 20.1135 24.8599 30.6241 14.6846 37.5433 15.1865
internal_count=943 868 562 415 147 279 228 306 51 75 102 136 107 273 221 86 135 90 52 47 45 136 56 57 60 73 92 44 113 45
is_linear=0
shrinkage=0.03


end of trees

feature_importances:
Column_35=37
Column_21=29
Column_29=27
Column_16=25
Column_22=20
Column_30=19
Column_14=17
Column_25=17
Column_40=17
Column_33=16
Column_38=15
Column_19=14
Column_1=13
Column_26=13
Column_23=12
Column_24=12
Column_41=12
Column_13=11
Column_20=11
Column_28=11
Column_34=11
Column_12=10
Column_27=10
Column_31=10
Column_0=9
Column_15=9
Column_36=9
Column_37=9
Column_39=9
Column_2=8
Column_32=8
Column_4=5
Column_7=5
Column_17=5
Column_10=4
Column_9=3
Column_5=2
Column_11=2
Column_3=1
Column_8=1
Column_42=1

parameters:
[boosting: gbdt]
[objective: multiclass]
[metric: multi_logloss]
[tree_learner: serial]
[device_type: cpu]
[data_sample_strategy: bagging]
[data: ]
[valid: ]
[num_iterations: 350]
[learning_rate: 0.03]
[num_leaves: 96]
[num_threads: 2]
[seed: 42]
[deterministic: 0]
[force_col_wise: 1]
[force_row_wise: 0]
[histogram_pool_size: -1]
[max_depth: 10]
[min_data_in_leaf: 20]
[min_sum_hessian_in_leaf: 0.001]
[bagging_fraction: 0.85]
[pos_bagging_fraction: 1]
[neg_bagging_fraction: 1]
[bagging_freq: 0]
[bagging_seed: 400]
[bagging_by_query: 0]
[feature_fraction: 0.8]
[feature_fraction_bynode: 1]
[feature_fraction_seed: 30056]
[extra_trees: 0]
[extra_seed: 12879]
[early_stopping_round: 0]
[early_stopping_min_delta: 0]
[first_metric_only: 0]
[max_delta_step: 0]
[lambda_l1: 0.2]
[lambda_l2: 1.5]
[linear_lambda: 0]
[min_gain_to_split: 0]
[drop_rate: 0.1]
[max_drop: 50]
[skip_drop: 0.5]
[xgboost_dart_mode: 0]
[uniform_drop: 0]
[drop_seed: 17869]
[top_rate: 0.2]
[other_rate: 0.1]
[min_data_per_group: 100]
[max_cat_threshold: 32]
[cat_l2: 10]
[cat_smooth: 10]
[max_cat_to_onehot: 4]
[top_k: 20]
[monotone_constraints: ]
[monotone_constraints_method: basic]
[monotone_penalty: 0]
[feature_contri: ]
[forcedsplits_filename: ]
[refit_decay_rate: 0.9]
[cegb_tradeoff: 1]
[cegb_penalty_split: 0]
[cegb_penalty_feature_lazy: ]
[cegb_penalty_feature_coupled: ]
[path_smooth: 0]
[interaction_constraints: ]
[verbosity: -1]
[saved_feature_importance_type: 0]
[use_quantized_grad: 0]
[num_grad_quant_bins: 4]
[quant_train_renew_leaf: 0]
[stochastic_rounding: 1]
[linear_tree: 0]
[max_bin: 255]
[max_bin_by_feature: ]
[min_data_in_bin: 3]
[bin_construct_sample_cnt: 200000]
[data_random_seed: 175]
[is_enable_sparse: 1]
[enable_bundle: 1]
[use_missing: 1]
[zero_as_missing: 0]
[feature_pre_filter: 1]
[pre_partition: 0]
[two_round: 0]
[header: 0]
[label_column: ]
[weight_column: ]
[group_column: ]
[ignore_column: ]
[categorical_feature: ]
[forcedbins_filename: ]
[precise_float_parser: 0]
[parser_config_file: ]
[objective_seed: 16083]
[num_class: 3]
[is_unbalance: 0]
[scale_pos_weight: 1]
[sigmoid: 1]
[boost_from_average: 1]
[reg_sqrt: 0]
[alpha: 0.9]
[fair_c: 1]
[poisson_max_delta_step: 0.7]
[tweedie_variance_power: 1.5]
[lambdarank_truncation_level: 30]
[lambdarank_norm: 1]
[label_gain: ]
[lambdarank_position_bias_regularization: 0]
[eval_at: ]
[multi_error_top_k: 1]
[auc_mu_weights: ]
[num_machines: 1]
[local_listen_port: 12400]
[time_out: 120]
[machine_list_filename: ]
[machines: ]
[gpu_platform_id: -1]
[gpu_device_id: -1]
[gpu_device_id_list: ]
[gpu_use_dp: 0]
[num_gpu: 1]

end of parameters

pandas_categorical:null
