tree
version=v4
num_class=3
num_tree_per_iteration=3
label_index=0
max_feature_idx=62
objective=multiclass num_class:3
feature_names=Column_0 Column_1 Column_2 Column_3 Column_4 Column_5 Column_6 Column_7 Column_8 Column_9 Column_10 Column_11 Column_12 Column_13 Column_14 Column_15 Column_16 Column_17 Column_18 Column_19 Column_20 Column_21 Column_22 Column_23 Column_24 Column_25 Column_26 Column_27 Column_28 Column_29 Column_30 Column_31 Column_32 Column_33 Column_34 Column_35 Column_36 Column_37 Column_38 Column_39 Column_40 Column_41 Column_42 Column_43 Column_44 Column_45 Column_46 Column_47 Column_48 Column_49 Column_50 Column_51 Column_52 Column_53 Column_54 Column_55 Column_56 Column_57 Column_58 Column_59 Column_60 Column_61 Column_62
feature_infos=[-1.8941564978635379:9.7103473871950374] [-1.6344702777022089:11.510084581811554] [-1.8353981577009768:8.1939033878040703] [-1.857672565263593:10.665842839587679] [-1.6082682374008024:11.434876105566273] [-1.8217934632159569:8.0743837823913829] [-2.8625928211950442:5.829795826721611] [-1.940326200177906:9.3299148444907143] [-3.1343410902688071:4.7980374066280671] [-3.5651189277213686:4.0213420036648477] [-7.5885662119288773:2.2429769151817602] [-2.8220560681762956:4.9874929731610322] [-1.5616442355530245:2.4035979657158602] [-3.6027973261441621:4.0461756330686569] [-2.8290822933344768:4.9704494092319651] [-3.6027973261441621:4.0461756330686569] [-7.8581385113511253:2.8589624789802253] [-2.8290822933344768:4.9704494092319651] [-7.9925722578050946:0.84547489651946717] [-1.8040241245234381:1.660193848279448] [-1.493055448764433:1.3730680039891126] [-2.2250413884623517:1.1216608473963361] [-1.5244744492344762:0.65596376541579637] [-2.1479828562120775:2.6573178059492961] [-2.3123420718191547:3.8508568890374395] [-2.3871315968797142:3.0423152691119939] [-3.6607747519825171:3.025258261955539] [-2.1639653007345721:2.7566436952032829] [-2.2087312074633378:3.7212797184800368] [-2.3711302061041173:3.4161174703761228] [-3.6723352120305623:3.7834408951970926] [-2.5846435700931161:3.0823823550530371] [-2.5526038925520624:3.1954342034257728] [-2.3976073216917371:3.9631492835394813] [-3.1034942207431047:2.9503410247923618] [-2.7000341514449215:2.7769056349832955] [-2.5173077798172097:4.2529581756344754] [-2.4362792538160969:4.0534483690329441] [-3.1714001187380996:3.2854346943587593] [-2.8619273427397811:3.1051830039310082] [-2.5155386198228884:3.1922076633043655] [-2.5136884619356037:2.2586300921540117] [-2.8057121939447285:3.3110940327778042] [-1.9710549133051545:2.6828247431097898] [-3.9257257442959528:3.3022778916625564] [-2.6423417287899684:3.0101992325767299] [-2.6655971601361204:3.4396800703134955] [-3.6993706874098873:3.6253421277555207] [-3.5787453742519117:2.8627382314796832] [-0.95830316603425914:4.5929244925647525] [-0.95312206589801107:4.5565981346088815] [-8.106964877631599:9.467971593355065] [-4.6659013095971451:4.851857522064484] [-4.3029936483565843:4.3143731242868455] [-2.5026840226142943:2.8047328143671617] [-2.3813376952133734:2.799587391115967] [-1.2626609981339074:3.0550590816918106] [-1.1253557186195815:2.7563060354595543] [-1.3136675586523263:2.9739473475360123] [-2.7363295298209738:2.8137508187165388] [2:814] [2:814] [0:2]
tree_sizes=4440 3698 4243 4661 3514 4450 3852 3323 4256 3595 3330 4229 4066 3324 4575

Tree=0
num_leaves=42
num_cat=0
split_feature=46 54 54 44 45 19 7 28 45 46 19 20 26 2 41 39 36 0 27 44 44 54 26 27 0 16 16 52 37 40 36 19 16 23 54 19 18 55 14 29 45
split_gain=14.9196 5.65186 8.91586 6.40447 3.77937 4.39295 4.38625 4.35861 4.40772 4.39099 4.14215 3.9071 3.66982 3.27766 3.71752 6.8106 5.69438 3.47488 3.09753 3.85863 5.1391 4.89746 4.90952 3.06701 2.94084 2.73885 2.66819 2.57265 2.45961 2.38242 2.13439 2.07031 1.95766 1.88821 1.76291 1.69549 1.38485 1.37657 1.25251 0.83831 0.68272
threshold=-0.57341211056792485 0.82430183008126734 0.18716068021074159 -0.9570813938129934 0.59513485990595627 0.44130233933028445 0.42788179853282143 1.1050984276226659 0.487635379543639 -0.097545000627792713 -1.2266544623896234 0.46111963265843903 -0.93683537593367949 0.23174273743539084 0.50877995565448619 -0.71099221777705479 -0.53291948252964649 -0.88773270692708517 -1.0158232016824056 0.84991951517663389 -0.18265243281743901 1.0066004358805485 -0.31775824501348926 0.29633919723435559 -0.21386634256093887 0.078541408670517246 1.1260441874299809 1.0000000180025095e-35 -1.0000000180025095e-35 0.55237500735801048 -0.76637692926935985 -0.071915138121995001 0.48285754641814144 -1.0000000180025095e-35 0.5157735320119593 -0.7134369849373442 0.5937453916839659 -0.692849780958253 -0.72749427803128763 -1.0000000180025095e-35 0.0082559915617451372
decision_type=2 2 2 2 2 2 2 2 2 2 2 2 2 2 2 2 2 2 2 2 2 2 2 2 2 2 2 2 2 2 2 2 2 2 2 2 2 2 2 2 2
left_child=1 2 13 -3 6 38 7 8 9 10 39 24 36 14 15 35 -17 -15 -7 20 25 22 -22 31 -11 -20 33 -4 -5 -21 -12 -14 -9 -26 -29 37 -13 -1 -6 -2 -32
right_child=4 3 27 28 5 18 -8 32 -10 11 30 12 23 17 -16 16 -18 -19 19 29 21 -23 -24 -25 26 -27 -28 34 -30 -31 40 -33 -34 -35 -36 -37 -38 -39 -40 -41 -42
leaf_value=-1.1592304989857629 -1.16416077886047 -1.1601301664617596 -1.1571086140404496 -1.1477041282033664 -1.1557177188758077 -1.1777984828820329 -1.147393705151857 -1.1821229126999555 -1.1843963236561419 -1.1484702190355878 -1.1603900023223019 -1.1317321006322254 -1.1569765302360717 -1.1547826733390152 -1.1709098298227814 -1.1572164228632007 -1.1244422595143964 -1.1245282303637005 -1.1574466582921885 -1.1581275363994012 -1.1601301664617596 -1.164618003681136 -1.1290940764342052 -1.1462534647224092 -1.1753648960915777 -1.1781725061544297 -1.1520939689556977 -1.1845453366524998 -1.1213098733345856 -1.1797278490270542 -1.1838365718814674 -1.1773983469544582 -1.1625569438031895 -1.1612603889917237 -1.163522845754106 -1.1505859833230654 -1.1534887717566231 -1.1760107184284228 -1.1355028771703934 -1.1505859833230654 -1.167931555398638
leaf_weight=7.7471051216125471 6.455920934677124 9.3610853552818316 8.0699011683464068 8.0699011683464086 6.7787169814109802 8.0699011683464033 8.7154932618141157 22.272927224636081 8.7154932618141157 6.7787169814109793 6.4559209346771267 6.4559209346771222 7.1015130281448355 7.4243090748786926 7.7471051216125479 9.0382893085479754 10.652269542217256 7.4243090748786909 11.943453729152678 6.4559209346771267 7.1015130281448373 9.0382893085479719 12.589045822620399 7.7471051216125479 25.823683738708489 8.3926972150802595 6.7787169814109793 9.0382893085479754 10.975065588951107 10.00667744874954 18.722170710563663 7.7471051216125515 7.1015130281448355 14.203026056289678 7.4243090748786917 6.4559209346771231 7.1015130281448364 6.7787169814109802 6.4559209346771222 6.4559209346771222 6.4559209346771231
leaf_count=24 20 29 25 25 21 25 27 69 27 21 20 20 22 23 24 28 33 23 37 20 22 28 39 24 80 26 21 28 34 31 58 24 22 44 23 20 22 21 20 20 20
internal_value=-1.16013 -1.15122 -1.15524 -1.13985 -1.16402 -1.15895 -1.16648 -1.16758 -1.16525 -1.16371 -1.17124 -1.15991 -1.15241 -1.14931 -1.15365 -1.14995 -1.13793 -1.13741 -1.16183 -1.15961 -1.15529 -1.14732 -1.13935 -1.16013 -1.16494 -1.16638 -1.16774 -1.17007 -1.13048 -1.17146 -1.1769 -1.16787 -1.17793 -1.17073 -1.17647 -1.1617 -1.14093 -1.16744 -1.14395 -1.1575 -1.18065
internal_weight=384.127 116.207 87.8005 28.4061 267.921 86.8321 181.089 172.373 142.999 134.283 44.5459 89.7373 36.1532 63.268 48.4194 40.6723 19.6906 14.8486 73.5975 65.5276 49.065 28.7288 19.6906 22.5957 53.5841 20.3362 46.8054 24.5325 19.045 16.4626 31.634 14.8486 29.3744 40.0267 16.4626 20.9817 13.5574 14.5258 13.2346 12.9118 25.1781
internal_count=1190 360 272 88 830 269 561 534 443 416 138 278 112 196 150 126 61 46 228 203 152 89 61 70 166 63 145 76 59 51 98 46 91 124 51 65 42 45 41 40 78
is_linear=0
shrinkage=1


Tree=1
num_leaves=34
num_cat=0
split_feature=60 55 46 37 51 53 43 12 4 54 54 31 35 28 26 41 56 27 19 6 37 26 43 49 28 24 57 46 42 27 41 33 46
split_gain=5.51683 7.12811 6.8507 5.26934 3.72 3.40376 3.48388 4.08296 3.40142 3.11375 2.99839 3.88483 3.61225 2.90738 3.31288 2.85671 2.82956 2.7972 2.56022 2.77933 5.39145 4.14297 2.21797 3.42776 3.01726 2.11193 2.10104 2.01357 2.00104 1.70531 1.62684 1.17149 1.10878
threshold=367.00000000000006 1.5119039208633331 -0.6449165070932138 2.0103859692471362 -0.67141483221416398 -1.5331257571497672 1.0000000180025095e-35 0.18952744507766303 -0.60208281665762786 1.0066004358805485 0.16931525514257059 1.0000000180025095e-35 -0.26583869081015832 1.0000000180025095e-35 -0.44157367119752727 0.19062538538184517 -0.83088899015133555 -0.35974200222402508 1.2111285555087037 0.019592988103860641 -0.63357713635802948 0.30131888590670125 0.71387565770346717 0.13211655261911823 -0.63902243294891503 -0.31836593742437408 1.0000000180025095e-35 0.2911597655765002 -0.72599807685906736 1.0000000180025095e-35 1.0000000180025095e-35 1.0000000180025095e-35 0.43571247918089356
decision_type=2 2 2 2 2 2 2 2 2 2 2 2 2 2 2 2 2 2 2 2 2 2 2 2 2 2 2 2 2 2 2 2 2
left_child=2 3 16 4 17 30 9 22 -4 10 11 12 -7 14 -9 -3 -1 -2 19 20 -10 -22 24 26 -8 -12 -24 -27 -26 -11 -6 -15 -21
right_child=1 15 8 -5 5 6 7 13 18 29 25 -13 -14 31 -16 -17 -18 -19 -20 32 21 -23 23 -25 28 27 -28 -29 -30 -31 -32 -33 -34
leaf_value=-0.85952178123343759 -0.87737122721301952 -0.82967358836557736 -0.84117179577297618 -0.83504254100247066 -0.87658517545885217 -0.84433787690845052 -0.84584228918136284 -0.86979184610069427 -0.83182098034839502 -0.8528919869820526 -0.83106374504546865 -0.86646567525991691 -0.85800452265808125 -0.88337850481701008 -0.84436617840809813 -0.85003552568590468 -0.88063642797455077 -0.85549609004944338 -0.87266465267479276 -0.85620518738437845 -0.84659377858717766 -0.87170223223919996 -0.84767529199560876 -0.83276490947540438 -0.85042782284669016 -0.84249558722815487 -0.86220718350818193 -0.85960185206345741 -0.86492232735136798 -0.869070298063782 -0.85692331762905016 -0.86392562818604623 -0.87318851077977322
leaf_weight=10.265071392059328 10.265071392059328 13.197948932647707 9.898461699485777 10.265071392059324 7.3321938514709464 46.192821264266961 12.464729547500609 7.3321938514709464 8.0654132366180367 10.265071392059328 10.998290777206419 12.464729547500609 25.662678480148323 7.3321938514709499 8.0654132366180438 13.931168317794798 17.597265243530273 10.631681084632872 8.7986326217651349 7.3321938514709455 10.631681084632882 9.898461699485777 20.163533091545105 7.6988035440444937 9.5318520069122297 19.063704013824466 13.564558625221251 7.3321938514709464 35.561140179634094 9.898461699485777 8.4320229291915876 8.7986326217651349 7.3321938514709473
leaf_count=28 28 36 27 28 20 126 34 20 22 28 30 34 70 20 22 38 48 29 24 20 29 27 55 21 26 52 37 20 97 27 23 24 20
internal_value=-0.855172 -0.85345 -0.861735 -0.854757 -0.855486 -0.854593 -0.853762 -0.857257 -0.855957 -0.850518 -0.848688 -0.852025 -0.849259 -0.866406 -0.856342 -0.839103 -0.873681 -0.867277 -0.859194 -0.855825 -0.850553 -0.858729 -0.854278 -0.849056 -0.857995 -0.841729 -0.853741 -0.847445 -0.861676 -0.86097 -0.867482 -0.874756 -0.865952
internal_weight=436.266 346.446 89.8194 319.317 309.052 288.155 272.391 130.513 61.957 141.878 121.714 84.3202 71.8555 31.5284 15.3976 27.1291 27.8623 20.8968 52.0586 43.2599 28.5956 20.5301 98.9846 41.4269 57.5577 37.3942 33.7281 26.3959 45.093 20.1635 15.7642 16.1308 14.6644
internal_count=1190 945 245 871 843 786 743 356 169 387 332 230 196 86 42 74 76 57 142 118 78 56 270 113 157 102 92 72 123 55 43 44 40
is_linear=0
shrinkage=1


Tree=2
num_leaves=40
num_cat=0
split_feature=13 12 50 40 61 44 45 51 16 47 24 12 13 60 38 37 61 47 61 20 19 30 27 34 50 37 35 27 60 28 34 26 45 59 47 47 28 34 13
split_gain=7.07224 7.7798 6.06267 5.10198 5.32579 4.22913 6.12577 3.84663 4.2662 3.53197 3.93511 3.33073 2.79396 2.68688 2.57086 3.22345 2.47707 2.4541 7.27325 4.38315 4.11488 4.00103 3.17225 2.2924 2.58779 2.21908 2.13677 2.88023 2.54174 2.09885 2.46348 3.33548 1.41271 1.26634 1.20424 1.15188 0.982697 0.178646 0.156508
threshold=0.43445620150276393 1.5617885724165652 0.12914440205870006 -0.16109327803289622 719.00000000000011 -0.69893840681447528 0.92483533923947447 1.0000000180025095e-35 0.46292810797024186 -0.30046266992074849 -0.31836593742437408 -1.3174696357138673 0.014939758735026584 672.00000000000011 1.0000000180025095e-35 -0.39321685403028733 175.50000000000003 -0.72250858275015861 600.50000000000011 0.20056295513538944 0.69791107805642427 0.17981577670372564 1.0000000180025095e-35 -0.79347814020983432 -0.4611827622813241 -0.63357713635802948 -0.39971944114507035 1.0000000180025095e-35 367.00000000000006 1.0000000180025095e-35 -0.79347814020983432 0.17750345972266288 -0.057091152175288158 0.87122269672840968 1.0445192943159094 0.33501687318698431 0.40745008339403332 -0.39519950563513245 0.68511206497739963
decision_type=2 2 2 2 2 2 2 2 2 2 2 2 2 2 2 2 2 2 2 2 2 2 2 2 2 2 2 2 2 2 2 2 2 2 2 2 2 2 2
left_child=1 2 3 7 17 6 34 -1 26 -10 -11 13 14 -7 -4 32 -13 22 20 25 37 -21 -5 -3 -25 -20 27 28 -9 -24 -31 -32 -16 38 -2 -30 -28 -19 -18
right_child=5 23 12 4 -6 11 -8 8 9 10 -12 16 -14 -15 15 -17 33 18 19 21 -22 -23 29 24 -26 -27 36 -29 35 30 31 -33 -34 -35 -36 -37 -38 -39 -40
leaf_value=-1.3278713798898163 -1.3424399888578495 -1.3390895215352407 -1.3618630111525667 -1.3266434189135929 -1.3119942818355037 -1.3279852554048563 -1.3211923470609186 -1.3354431350273035 -1.3522499519040574 -1.3170076493771623 -1.3461408054201267 -1.3419156739263409 -1.334100022852061 -1.3522499519040574 -1.3634751271992602 -1.3342094733347414 -1.3509709730718609 -1.3248526072237883 -1.3395576236399278 -1.3460955373239374 -1.3406819198589837 -1.3197307508497338 -1.3569503239526062 -1.3088765787962906 -1.3332984659165381 -1.3614710745923064 -1.3637192204398825 -1.3302882908037335 -1.3474717084976517 -1.3286079707355141 -1.3588154013292864 -1.3327672635413861 -1.3430563167542631 -1.3457227414032884 -1.3588856293894587 -1.3641401955201868 -1.3461408054201267 -1.3032400349894608 -1.3634688268388813
leaf_weight=9.5556567013263685 10.424352765083318 8.6869606375694293 17.663486629724503 7.8182645738124839 7.5286992192268363 6.6600031554698926 9.2660913467407209 5.7913070917129579 6.6600031554698971 8.9765259921550751 5.791307091712949 8.9765259921550733 6.3704378008842459 6.6600031554698944 6.9495685100555411 9.8452220559120178 6.0808724462985984 6.0808724462986001 5.7913070917129508 8.3973952829837817 6.0808724462985984 9.5556567013263685 9.845222055912016 9.5556567013263738 9.5556567013263667 8.6869606375694257 13.030440956354143 6.3704378008842459 10.424352765083315 7.5286992192268363 8.9765259921550768 6.0808724462985984 6.0808724462986001 6.9495685100555411 6.0808724462985984 8.1078299283981305 5.7913070917129508 7.2391338646411905 28.666970103979111
leaf_count=33 36 30 61 27 26 23 32 20 23 31 20 31 22 23 24 34 21 21 20 29 21 33 34 33 33 30 45 22 36 26 31 21 21 24 21 28 20 25 99
internal_value=-1.34192 -1.33936 -1.34127 -1.33874 -1.33423 -1.34909 -1.33912 -1.34428 -1.34681 -1.33608 -1.32814 -1.35316 -1.35068 -1.34034 -1.35361 -1.34616 -1.3566 -1.33656 -1.33234 -1.34145 -1.31853 -1.33174 -1.34201 -1.3248 -1.31928 -1.35293 -1.35161 -1.34611 -1.35092 -1.3464 -1.3414 -1.34806 -1.35546 -1.35958 -1.34974 -1.35618 -1.35932 -1.30998 -1.36191
internal_weight=344.583 254.818 227.019 180.11 99.6105 89.7653 25.7713 80.4992 70.9435 21.4278 14.7678 63.9939 46.9096 13.32 40.5391 22.8757 50.6739 92.0818 51.8322 32.4313 19.4009 17.9531 40.2496 27.7983 19.1113 14.4783 49.5157 30.6939 24.3235 32.4313 22.5861 15.0574 13.0304 41.6974 16.5052 18.5322 18.8217 13.32 34.7478
internal_count=1190 880 784 622 344 310 89 278 245 74 51 221 162 46 140 79 175 318 179 112 67 62 139 96 66 50 171 106 84 112 78 52 45 144 57 64 65 46 120
is_linear=0
shrinkage=1


Tree=3
num_leaves=43
num_cat=0
split_feature=46 54 54 44 33 32 45 33 45 43 30 16 16 46 46 46 40 40 46 41 45 26 54 57 52 45 41 26 34 37 45 32 16 16 33 54 59 18 34 36 54 37
split_gain=14.1693 5.36643 8.56496 6.00027 4.77559 4.26699 3.62068 5.01256 4.96466 4.03825 4.00574 6.20668 5.65 3.06673 6.31693 4.53599 3.05309 3.03574 4.91161 3.02333 2.81083 2.65969 2.6354 2.63014 2.49264 2.37787 2.2905 2.73174 2.53096 2.2555 2.25332 2.18354 2.17225 2.92063 2.11804 1.73126 1.47276 1.4292 1.29958 1.12913 0.460714 0.125894
threshold=-0.57341211056792485 0.82430183008126734 0.18716068021074159 -0.9570813938129934 1.7251052928099788 -0.75634198755898863 0.59513485990595627 0.54718740295234569 -0.62993913886500785 -0.71808731350113109 0.42834164694464782 0.63197189476253512 0.13554590095453359 0.20055948173889473 -0.069778647657233711 0.47527668483337487 -1.1599488775801654 -0.34342406207723902 1.3214082798806233 1.1450890961997684 -0.46109206547693243 -0.19394281882945133 0.60647049967864086 -0.64014799935968936 1.0000000180025095e-35 -1.1123604293109906 0.50877995565448619 -0.44157367119752727 -0.23588805180525199 1.0000000180025095e-35 1.5679516895990224 1.0000000180025095e-35 0.48285754641814144 0.66882403897334763 -0.39514690893376098 0.5157735320119593 1.0000000180025095e-35 0.31169665673054292 -0.79347814020983432 -0.53291948252964649 -0.85253636207880679 -0.63357713635802948
decision_type=2 2 2 2 2 2 2 2 2 2 2 2 2 2 2 2 2 2 2 2 2 2 2 2 2 2 2 2 2 2 2 2 2 2 2 2 2 2 2 2 2 2
left_child=1 2 4 -3 5 16 7 8 25 -9 12 41 21 14 -11 -15 -1 19 30 36 -17 -10 -20 -14 -4 -2 27 40 -29 -5 31 -19 -25 -34 -33 -26 -8 -23 -22 -38 -7 -12
right_child=6 3 24 29 -6 26 17 9 10 13 11 -13 23 15 -16 20 -18 18 22 -21 38 37 -24 32 35 -27 -28 28 -30 -31 -32 34 33 -35 -36 -37 39 -39 -40 -41 -42 -43
leaf_value=0.015001138277917353 -0.0064419908279654955 0 0.0029029546277654921 0.012094209784538758 -0.011534326162546845 0.016769556846520081 0 -0.014159680649055179 -0.0033984996337148581 -0.0012484697776454752 -0.012871879148145549 0.0056876982279355434 -0.021406303221302964 -0.020102176471197278 0.030131282721482504 0.015848667465119114 -0.0084206135674783147 0.026025521505648613 0.0036117210725816803 0.0085918984051631415 0.0045365852745140548 0.0043130455867670938 -0.016514990372101544 -0.014397590601646719 -0.024200213334237251 -0.02655406283380175 0.0029230262932762501 -0.0015370141796902344 0.020452333741558262 0.037395447399118098 -0.0024517014077631563 -0.0014141114223634142 0.017208196643356374 -0.0063603094083123004 0.016881367278368888 -0.003327529530623422 -0.023889968750707362 0.024839987382119108 -0.012123107556619382 -0.0049500985243575192 0.039188364816026382 -0.02582890315744055
leaf_weight=6.8121894598007229 9.976281404495241 9.3556019365787524 8.0896700322628039 8.1178068518638629 6.4485089778900138 6.4908380210399628 7.403673440217978 11.902466475963591 7.4250307679176357 12.185545742511751 8.996948301792143 9.0507735908031446 8.983877092599867 7.3970290720462826 8.7423650622367841 10.007753163576128 11.003173083066939 10.044161707162859 10.647287309169771 7.4406582713127127 6.760464847087861 6.7925498485565177 9.6443226933479291 8.0356414020061511 8.958950340747835 18.920856297016144 8.0860084593296033 6.8017422556877145 10.101754367351536 11.167077779769896 7.1051790118217459 10.020681351423265 6.441836595535281 9.9564639627933484 9.7268940210342389 7.4125632047653189 8.0532100200653094 8.085016191005705 6.7513977587223026 6.7681452631950334 7.8100593686103803 14.122722476720812
leaf_count=21 31 29 25 25 20 20 23 37 23 38 28 28 28 23 27 31 34 31 33 23 21 21 30 25 28 59 25 21 31 34 22 31 20 31 30 23 25 25 21 21 24 44
internal_value=0 0.00866472 0.00473876 0.0196943 0.0105315 0.013357 -0.00379939 -0.00621017 -0.00986742 0.000470973 -0.00602982 -0.0142149 -0.000950485 0.00424606 0.012731 -0.00163575 0.000694158 0.0011641 0.00522084 -0.00633871 0.00478921 0.0102311 -0.00615722 -0.00870367 -0.00981955 -0.0204686 0.018715 0.022302 0.011874 0.0286752 0.0116306 0.0151374 -0.00283382 0.00322925 0.00787072 -0.0161579 -0.0118174 0.0170879 -0.00376757 -0.0168585 0.0319506 -0.0221219
internal_weight=384.045 116.656 88.0155 28.6405 63.5543 57.1058 267.389 180.535 116.788 63.747 87.8909 32.1704 55.7204 51.8446 20.9279 30.9166 17.8154 86.8542 57.1885 29.6657 23.5196 22.3026 20.2916 33.4178 24.4612 28.8971 39.2904 31.2044 16.9035 19.2849 36.8969 29.7917 24.4339 16.3983 19.7476 16.3715 22.225 14.8776 13.5119 14.8214 14.3009 23.1197
internal_count=1190 360 272 88 196 176 830 561 363 198 273 100 173 161 65 96 55 269 177 92 73 69 63 104 76 90 121 96 52 59 114 92 76 51 61 51 69 46 42 46 44 72
is_linear=0
shrinkage=0.03


Tree=4
num_leaves=32
num_cat=0
split_feature=60 55 46 37 45 39 23 51 50 39 59 47 28 32 43 39 12 55 33 33 41 47 39 54 53 29 46 5 30 54 45
split_gain=5.28847 6.80859 6.55254 5.03747 4.51282 4.44129 4.8999 5.75035 4.32566 3.91707 3.62742 4.25235 4.61438 3.526 4.6701 3.19868 5.30915 4.19232 3.10925 4.79651 2.71445 2.62808 2.50744 4.00913 2.51804 2.17078 2.02764 1.66505 1.33452 1.19781 1.02331
threshold=367.00000000000006 1.5119039208633331 -0.6449165070932138 2.0103859692471362 -1.1522322999201668 1.7868679273409498 -1.02674603504109 -0.67141483221416398 0.12914440205870006 -0.71099221777705479 1.0000000180025095e-35 -0.67976545411589662 0.40745008339403332 0.92016912376787985 -1.0000000180025095e-35 -0.57222220971494364 0.092516897781986393 -0.07544177196224118 -0.39514690893376098 1.2539381368669253 0.19062538538184517 -1.0284358353449681 -0.29468219359072101 -1.6238154389025998 0.31345283698811038 1.0000000180025095e-35 1.0259068842923555 -0.32883568909415989 -0.4414988988985788 0.35707515437862508 -0.23020378881335724
decision_type=2 2 2 2 2 2 2 2 2 2 2 2 2 2 2 2 2 2 2 2 2 2 2 2 2 2 2 2 2 2 2
left_child=2 3 4 5 -1 6 22 30 10 -10 18 21 -13 14 -11 17 26 -4 28 -20 -3 -12 23 -2 27 -7 29 -25 -9 -17 -8
right_child=1 20 15 -5 -6 25 7 8 9 13 11 12 -14 -15 -16 16 -18 -19 19 -21 -22 -23 -24 24 -26 -27 -28 -29 -30 -31 -32
leaf_value=0.0012464602529020439 -0.017530933901732285 0.024849486621167774 0.024607110339130839 0.019643090958327603 -0.0249709759362239 -0.0033229250540205758 -0.0042238011203045217 -0.021843020699160345 -0.0049608680561794103 0.032354385662446861 0.0027810814917911698 0.0056500716828804878 -0.0096712929298416912 -0.00099010342807831259 0.0059537814014638613 -0.020382783231230682 0.01282703884404573 -0.002267950099575501 0.0053172967035626777 -0.018684758321095334 0.0050070849990095775 0.027062098070846682 -0.018492545044946632 0.019138374113075889 -0.0078087012975280824 -0.025039716878327584 0.00047541737408688609 0 -0.0058223005831482362 -0.0049269470386943326 -0.021731212084564241
leaf_weight=7.3156937360763576 10.619619578123087 13.25524824857712 7.3414444625377682 10.300891458988188 20.449399173259735 9.8932946622371691 7.3171156942844391 7.6894653439521816 8.4457069635391218 14.328626871109007 7.7023507654666927 76.663344740867615 21.231563121080399 7.328978866338729 12.111344844102861 15.029133170843126 9.5366346240043622 11.361579120159147 38.505299896001816 7.6980621218681327 13.944873809814451 9.90475285053253 13.184684187173842 7.6988856792449916 9.5351304709911329 7.6835158169269553 9.1642207503318769 7.7011220455169767 16.108618587255478 9.5204712450504285 7.679878354072569
leaf_count=20 29 36 20 28 56 27 20 21 23 39 21 209 58 20 33 41 26 31 105 21 38 27 36 21 26 21 25 21 44 26 21
internal_value=0 0.00167679 -0.00643823 0.000397663 -0.0181482 -0.000316306 0.000578891 0.00235028 0.00358918 0.0121031 0.00153806 0.00480346 0.00217099 0.0165705 0.0214447 -0.000790764 -0.00533111 0.009028 -0.00375366 0.000730692 0.0156792 0.0178064 -0.00792973 -0.00326079 0.00323964 -0.0143531 -0.0109655 0.0105213 -0.0122242 -0.0152481 -0.0147137
internal_weight=436.251 346.532 89.7186 319.332 27.7651 309.031 291.455 242.715 227.718 42.2147 185.503 115.502 97.8949 33.769 26.44 61.9535 43.2505 18.703 70.0014 46.2034 27.2001 17.6071 48.7394 35.5548 24.9351 17.5768 33.7138 15.4 23.7981 24.5496 14.997
internal_count=1190 945 245 871 76 843 795 662 621 115 506 315 267 92 72 169 118 51 191 126 74 48 133 97 68 48 92 42 65 67 41
is_linear=0
shrinkage=0.03


Tree=5
num_leaves=41
num_cat=0
split_feature=13 12 40 44 45 27 53 39 16 23 32 12 29 48 54 12 36 24 45 19 36 47 23 55 44 55 19 39 47 54 40 36 54 29 18 49 54 34 16 18
split_gain=6.76471 7.36759 5.14748 4.08522 5.84031 3.70165 3.60712 3.69931 4.66775 3.42284 4.52879 4.06727 4.5662 3.3409 3.24672 3.23978 3.21679 3.06809 3.03148 3.01836 3.48099 2.68676 2.58497 2.26451 2.06732 1.87458 1.77077 1.71122 1.68288 1.5021 2.85755 1.42975 1.37677 1.46234 1.05657 1.0048 0.822166 0.512326 0.438641 0.23027
threshold=0.43445620150276393 1.5617885724165652 -0.16109327803289622 -0.69893840681447528 0.92483533923947447 1.2804609964219271 -1.5331257571497672 -0.29468219359072101 0.46292810797024186 -1.3470994125185149 -0.99584357489139841 -1.3417242504698998 -1.0000000180025095e-35 0.024564560748787833 -1.1192553460538164 -1.3174696357138673 0.33606101366817481 -0.31836593742437408 -0.68171780729013709 0.18469360060414472 0.63436775116891986 -0.14998045899879719 -1.3470994125185149 -0.21286930619127467 0.33363354117959737 -0.55265754444539406 0.31299796996721457 1.0000000180025095e-35 0.60136935383118373 0.32479913085653261 1.0000000180025095e-35 0.63436775116891986 -0.7005667223135803 0.34164214224599515 0.48371156203974103 -0.46265783937363297 0.64364513809982682 0.48101349042921121 0.67882238216601021 -0.3689645282503789
decision_type=2 2 2 2 2 2 2 2 2 2 2 2 2 2 2 2 2 2 2 2 2 2 2 2 2 2 2 2 2 2 2 2 2 2 2 2 2 2 2 2
left_child=1 2 6 4 27 9 -1 22 18 -4 24 38 19 16 -3 23 -14 -10 -9 21 -21 -13 -8 -5 -11 -20 -7 -2 31 30 -16 36 -24 -34 -28 -30 39 -27 -12 -17
right_child=3 14 5 15 -6 26 7 8 17 10 11 12 13 -15 29 28 -18 -19 25 20 -22 -23 32 -25 -26 37 34 -29 35 -31 -32 -33 33 -35 -36 -37 -38 -39 -40 -41
leaf_value=0.012684757265744218 0.0016078772322883944 -0.00038612855171335899 0.022212265711449138 0.012540205993298251 0.020128911838092425 0.0039335530483204416 0.0023361661704110167 0.010644786037698665 0.02634478099514628 0.0017688039865461211 -0.00021076455115593762 -0.00024072517148263659 0.021117551064697742 -0.014813153353250086 0.0087579037542111649 0 -0.0024106207593260279 0 -0.00036553871344615566 0.034864803226096162 0.006516945365695693 0.020008553013181069 -0.022512035719091279 -0.0097352590309913289 -0.018812421485492472 -0.022381440247434343 -0.00014344234402729401 -0.016169707856943175 -0.0086198119145103457 0.0083318557005789759 0.040139000734014295 0.0031017696443155084 -0.015056555771768987 0 -0.017172236940715901 -0.024415060701156215 -0.020515035307712093 -0.0072107733118205999 -0.012478500004349777 -0.0088980497312325744
leaf_weight=8.4166873395442945 8.0850250124931389 6.9755117297172573 10.754070729017256 6.9468895196914673 9.3685071766376478 9.2816733121871966 7.8300275206565848 5.7829651832580558 6.4310033321380615 6.9690394997596723 5.8081685900688154 13.635542690753931 7.2932457923889293 7.2175721228122702 6.1385644674301165 5.7445472776889837 11.319076061248778 7.8055873215198499 10.377683281898499 11.637521505355837 7.5553198158740988 8.1432403326034528 15.551593929529188 6.3740131258964521 7.8002836406230927 8.6229613423347491 5.7967309057712546 8.3447443842887861 9.2023119628429431 7.9101059734821311 7.0302411019802094 6.6231912076473227 12.409918606281282 8.6621319949626905 9.2646372616291028 16.917361676692963 5.732697218656539 6.9129313528537759 5.7967979311943054 6.0442724227905291
leaf_count=29 28 24 37 24 32 32 27 20 22 24 20 47 25 25 21 20 39 27 36 40 26 28 54 22 27 30 20 29 32 27 24 23 43 30 32 59 20 24 20 21
internal_value=0 0.00249527 0.000629715 -0.00702907 0.00274728 0.00459369 -0.00444848 -0.00629023 -0.0001323 0.00707224 0.00493722 0.00785187 0.0107173 0.000499642 0.0165939 -0.0110597 0.00739795 0.013203 -0.00662859 0.0167725 0.0252769 0.00787429 -0.0123105 0.00157009 -0.00946449 -0.0110738 -0.00555234 -0.00768415 -0.0144712 0.0221311 0.0283113 -0.00761094 -0.015568 -0.00902196 -0.0115872 -0.0198378 -0.0119011 -0.0172125 -0.00752336 -0.00541791
internal_weight=344.514 255.131 227.076 89.3836 25.7983 128.273 98.8035 90.3868 45.9331 103.93 93.1758 78.4065 66.8015 25.8299 28.0544 63.5853 18.6123 14.2366 31.6965 40.9716 19.1928 21.7788 44.4537 13.3209 14.7693 25.9136 24.343 16.4298 50.2644 21.0789 13.1688 24.1447 36.6236 21.0721 15.0614 26.1197 17.5215 15.5359 11.605 11.7888
internal_count=1190 880 784 310 89 442 342 313 159 358 321 270 230 89 96 221 64 49 110 141 66 75 154 46 51 90 84 57 175 72 45 84 127 73 52 91 61 54 40 41
is_linear=0
shrinkage=0.03


Tree=6
num_leaves=35
num_cat=0
split_feature=46 54 54 44 34 12 46 19 46 55 45 37 4 60 38 36 44 44 55 42 36 52 34 37 36 55 45 30 37 54 50 54 24 60
split_gain=13.4697 5.06175 8.27001 5.62742 4.02082 4.18573 3.53908 5.10939 4.09578 7.9363 5.07951 2.91459 3.28429 3.16257 3.25579 4.02401 4.22814 6.35789 2.93634 2.81791 2.62043 2.41246 2.18013 2.09504 1.93969 4.62884 4.08669 1.82361 1.74354 1.68751 1.22278 1.18536 1.40458 0.741144
threshold=-0.57341211056792485 0.82430183008126734 0.18716068021074159 -0.9570813938129934 -0.95278959403971497 1.9438381546606915 -0.097545000627792713 -1.2266544623896234 0.13346140077165405 0.3652279156686381 -0.62993913886500785 1.2893051222639085 1.2612235180519544 678.50000000000011 -0.42724532317193459 1.0000000180025095e-35 0.84991951517663389 -0.18265243281743901 -0.84011414032109566 1.0000000180025095e-35 -0.76637692926935985 1.0000000180025095e-35 0.16239058276944965 -1.0000000180025095e-35 -0.53291948252964649 -1.0297887079029728 -0.68171780729013709 -0.56576183401903968 1.0000000180025095e-35 0.5157735320119593 0.71947156639872445 -0.66688443747247816 0.40671629326463699 407.00000000000006
decision_type=2 2 2 2 2 2 2 2 2 2 2 2 2 2 2 2 2 2 2 2 2 2 2 2 2 2 2 2 2 2 2 2 2 2
left_child=1 2 4 -3 28 24 7 19 9 10 -8 12 13 14 18 31 17 -17 -10 -2 -9 -4 -18 -5 25 -6 -26 -12 -1 -23 33 -16 -33 -22
right_child=6 3 21 23 5 -7 8 20 11 -11 27 -13 -14 -15 15 16 22 -19 -20 -21 30 29 -24 -25 26 -27 -28 -29 -30 -31 -32 32 -34 -35
leaf_value=0.0077930460833620435 -0.0059240474788878729 0 0.0027606974257351146 0.011710459560777143 0.023589817985256868 -0.0051465322935408779 -0.0047853621325705878 -0.0019433261692231977 -0.0047578040238468924 -0.011993017003030473 0.0098707579081452092 -0.020320729757053721 0.011372740272760851 0.0135247411775884 -0.005230567598458408 -0.013299911870989204 -0.0037425588866645725 0.0087917608564186209 0.020793013839229109 0.016777646608407588 -0.0082402765941768513 -0.023982246409628288 -0.019757594891908842 0.03605059772415075 0.010956858699962883 -0.0047094175057482224 0.039929912675629779 0.031992864690041624 -0.0092844890812534917 -0.0033152467208045558 -0.0045521327226884685 -0.023167181604834448 -0.0058063442822936812 -0.024227138035814423
leaf_weight=8.4295302927494067 9.6852066516876238 9.3559182882308978 8.1130095422267932 8.1728501915931737 8.8310060501098651 6.8007550835609427 6.7383665442466762 12.521782666444777 6.7343261539936066 11.922266781330107 8.7020345628261584 7.6900448501110068 11.990663707256315 7.1118950843811026 11.907668083906172 15.061119675636283 19.516568213701248 38.183233052492149 6.4615912437438947 7.1394407153129569 6.7044870257377651 8.8755568563938159 13.742189943790434 11.347026735544201 12.075057208538055 9.0840290784835798 8.543630838394165 10.381600856781004 10.034732758998869 7.4101224541664115 6.6989701688289633 17.319233655929569 8.3682645261287671 22.290880113840103
leaf_count=26 30 29 25 25 27 21 21 39 21 37 27 24 37 22 37 47 61 118 20 22 21 28 43 34 37 28 26 32 31 23 21 54 26 70
internal_value=0 0.008428 0.00460861 0.0190926 0.0102791 0.014966 -0.00371322 -0.00973653 -0.00168517 0.0069929 0.0161556 -0.00376285 -0.00272539 -0.00404202 -0.00513155 -0.00667682 -0.0029224 0.00223994 0.00819059 0.00396667 -0.0146143 -0.00972365 -0.0110995 0.0277079 0.0187253 0.00967611 0.0251272 0.0236512 -0.00118776 -0.0159886 -0.0186403 -0.0147184 -0.0183646 -0.0213145
internal_weight=383.945 117.073 88.1974 28.8758 63.7987 45.3345 266.872 65.0408 201.831 37.7443 25.822 164.087 156.397 144.406 137.294 124.098 86.5031 53.2444 13.1959 16.8246 48.2161 24.3987 33.2588 19.5199 38.5337 17.915 20.6187 19.0836 18.4643 16.2857 35.6943 37.5952 25.6875 28.9954
internal_count=1190 360 272 88 196 139 830 203 627 117 80 510 486 449 427 386 269 165 41 52 151 76 104 59 118 55 63 59 57 51 112 117 80 91
is_linear=0
shrinkage=0.03


Tree=7
num_leaves=30
num_cat=0
split_feature=60 55 46 51 50 34 32 45 39 16 4 39 35 55 33 59 32 43 59 2 41 47 53 31 45 39 38 55 30
split_gain=5.02639 6.51356 6.29621 4.52676 4.98033 5.44065 4.67227 4.35461 3.93344 4.357 3.22948 3.37573 3.21119 6.61965 5.87858 4.11577 5.63566 2.99577 2.95383 2.88943 2.61234 2.59901 2.57253 4.48715 3.74006 2.56522 3.04732 2.26809 2.01505
threshold=367.00000000000006 1.5119039208633331 -0.6449165070932138 -0.67141483221416398 0.12914440205870006 -0.55451095946501339 0.92016912376787985 -1.1522322999201668 1.9256379354030611 -2.2941242506072177 -0.60208281665762786 -0.57222220971494364 1.0000000180025095e-35 -0.52925097128758791 0.54718740295234569 0.87122269672840968 -0.51684040022657884 -1.0000000180025095e-35 -0.79380140783284403 -0.24728156185508257 0.19062538538184517 -0.5173368734725613 0.31345283698811038 0.66864909063893507 0.47692176803006453 0.26039783865772437 0.29914859330146232 -0.40379489925058826 0.67686751718556959
decision_type=2 2 2 2 2 2 2 2 2 2 2 2 2 2 2 2 2 2 2 2 2 2 2 2 2 2 2 2 2
left_child=2 3 7 27 8 -6 17 -1 9 -5 -4 19 13 15 22 16 -11 -7 -15 -12 -3 -20 24 -24 -14 -13 -27 -2 -16
right_child=1 20 10 4 5 6 -8 -9 -10 12 11 25 14 18 28 -17 -18 -19 21 -21 -22 -23 23 -25 -26 26 -28 -29 -30
leaf_value=0.001232812169953466 -0.021751852357855199 0.024286183298367361 0.013629857670892861 0.021136929538757843 -0.0058883348577927 0.028825454441272737 -0.001786118344565469 -0.024522587264240808 -0.015732214305884739 0.013155421312972444 -0.0045830332632382977 -0.018666284337910354 0.0018344972386158689 -0.0039400793244387883 -0.021915368288376851 -0.01706612727789885 -0.0059275668123927247 0.0078583039176470353 0.026742285863125114 0.018687252657325577 0.0048432615825589774 0.0089117602739747052 -0.00024087309986517907 0.024686648259360889 -0.016203289419917249 -0.010797414915507179 0.010306649414065531 -0.0019676333704946414 -0.0022259967028922011
leaf_weight=7.3162649571895626 10.211654871702196 13.300870090723039 9.9242087006568891 7.3454842269420615 13.942719370126722 16.964959055185318 10.262152671813963 20.34261229634285 12.78332659602165 19.443375408649445 8.4157636165618914 13.518055915832518 26.765232592821121 9.1560483872890455 17.197044640779499 13.57149302959442 39.961490154266357 12.862108051776888 9.9255475401878339 7.7244971096515647 13.961841493844984 35.205039918422699 22.732697725296024 7.3365513086318961 14.641781955957411 13.534170359373094 8.8085402846336347 11.331041544675825 7.6860824823379508
leaf_count=20 28 36 27 20 38 46 28 56 35 53 23 37 73 25 47 37 109 35 27 21 38 96 62 20 40 37 24 31 21
internal_value=0 0.00163005 -0.0062858 0.000377339 0.00138015 0.00949331 0.0150066 -0.0177911 -0.000440875 0.000475692 -0.000753145 -0.00391542 -0.000312644 0.00277415 -0.00443075 -0.00305411 0.000390005 0.0207847 0.0105879 0.00685569 0.0153095 0.013696 0 0.00653509 -0.00474742 -0.0090045 -0.00210059 -0.0124116 -0.0165333
internal_weight=436.173 346.589 89.5841 319.326 297.783 54.0319 40.0892 27.6589 243.751 230.968 61.9252 52.001 223.622 127.263 96.3594 72.9764 59.4049 29.8271 54.2866 16.1403 27.2627 45.1306 71.4763 30.0692 41.407 35.8608 22.3427 21.5427 24.8831
internal_count=1190 945 245 871 812 147 109 76 665 630 169 142 610 347 263 199 162 81 148 44 74 123 195 82 113 98 61 59 68
is_linear=0
shrinkage=0.03


Tree=8
num_leaves=39
num_cat=0
split_feature=13 12 40 61 44 45 46 31 51 36 53 39 16 45 47 32 27 42 54 42 40 16 45 24 23 44 45 55 39 54 42 54 37 30 53 28 34 61
split_gain=6.49922 7.02397 4.95999 4.80615 3.95445 5.56295 3.96547 3.71571 5.54908 3.89573 3.47945 3.56698 4.47698 3.33764 3.45183 3.37171 4.0436 3.20093 3.07962 2.97195 2.92867 3.20869 2.92662 2.90396 2.51525 1.99375 1.83394 1.831 1.64758 1.43049 2.84105 1.35987 1.44811 1.25505 0.769778 0.587118 0.505437 0.439307
threshold=0.43445620150276393 1.5617885724165652 -0.16109327803289622 719.00000000000011 -0.69893840681447528 0.92483533923947447 -0.38186912311216614 1.2983186378773965 0.2298639611697674 0.33606101366817481 -1.5331257571497672 -0.29468219359072101 0.46292810797024186 -0.76561441128399432 -1.1879704055133757 0.44116594910306001 0.29633919723435559 -0.48132582779016603 -1.1192553460538164 -0.23665357872126475 0.2669876932016475 -1.0308098589019019 -0.68171780729013709 -0.31836593742437408 -1.3470994125185149 -1.0000000180025095e-35 0.93711865315833631 -0.55265754444539406 1.0000000180025095e-35 0.32479913085653261 -0.48132582779016603 -0.7005667223135803 -1.0000000180025095e-35 0.42834164694464782 1.0000000180025095e-35 0.40745008339403332 0.48101349042921121 333.00000000000006
decision_type=2 2 2 2 2 2 2 2 2 2 2 2 2 2 2 2 2 2 2 2 2 2 2 2 2 2 2 2 2 2 2 2 2 2 2 2 2 2
left_child=1 2 10 7 5 28 37 8 13 -10 -1 24 22 14 -4 16 17 -15 -3 -18 21 -8 -13 -14 -12 -23 -22 -24 -2 30 -20 -26 -33 -16 -34 -17 -29 -6
right_child=4 18 3 -5 6 -7 20 -9 9 -11 11 12 23 15 33 35 19 -19 29 -21 26 25 27 -25 31 -27 -28 36 -30 -31 -32 32 34 -35 -36 -37 -38 -39
leaf_value=0.012394367197528908 0.0015328042853046135 -0.00038350037661937924 -0.0041339368006427755 0.023925957650674071 -0.0093400860809760133 0.01954202671930548 0.016821825654449056 0.019983172048837084 0.025527664708693897 -0.00036256865806403796 0.0022835046023926883 0.010355741013371609 0.025510995941421866 0.020017178241049902 0.0049571662455345587 -0.022459172955037163 -0.018246537338943391 -0.00097047366534014497 0.0094072407902987803 0.00037006260829738994 0 -0.013825152405931915 -0.00036504629410587372 0 -0.02231367585397984 0.0057078221908673267 -0.022186718710504271 -0.022207251418952214 -0.01593489917048807 0.008065424484785132 0.040243978768837167 -0.016937696450350842 0.0053896093292214496 0.026549130899393224 -0.0081809125447597202 -0.0067206732275391645 -0.0071093484365310445 -0.022875904720599981
leaf_weight=8.4689973294734937 8.1012487709522301 6.9747081398963955 10.995206266641619 9.1302839219570142 7.9880406260490444 9.470038175582884 7.4982855916023246 8.7695438563823682 11.103351175785066 8.1053073704242689 7.8410588502883902 5.8228721916675559 6.5271232128143311 8.7642178535461444 6.1170348227024061 8.6620934903621656 14.103260248899456 16.313370704650879 6.7919352054595983 13.943282753229145 5.7379794716835013 8.8954872786998731 10.376678556203842 7.8118724822998029 15.370798468589781 6.8978845477104214 8.302935451269148 8.5288033783435839 8.2522934079170209 7.9588045775890341 6.547455281019209 9.1613939106464368 6.0478581190109271 5.8434280455112457 5.7562466561794281 6.6727693080902091 6.8873473107814798 17.89534592628479
leaf_count=29 28 24 38 31 28 32 26 30 38 28 27 20 22 30 21 30 49 56 23 48 20 31 36 27 54 24 29 30 29 27 22 32 21 20 20 23 24 63
internal_value=0 0.00244255 0.000614892 0.00449843 -0.00690484 0.002697 -0.0108915 0.00268469 0.00101087 0.0150783 -0.00437878 -0.00619739 -0.000158009 -0.0020762 0.00740385 -0.00543141 -0.00155274 0.00685439 0.0161524 -0.00923934 -0.00413436 0.00224196 -0.00654803 0.0128382 -0.0121369 -0.00519191 -0.0142932 -0.0109434 -0.00754388 0.0214997 0.0274854 -0.0153744 -0.0088697 0.0177349 -0.000953293 -0.0171762 -0.0170453 -0.0196581
internal_weight=344.437 255.397 227.124 128.523 89.0395 25.8236 63.216 119.393 110.623 19.2087 98.6011 90.1321 45.9547 91.4147 22.9557 68.459 53.1241 25.0776 28.2729 28.0465 37.3326 23.2917 31.6157 14.339 44.1774 15.7934 14.0409 25.7928 16.3535 21.2982 13.3394 36.3363 20.9655 11.9605 11.8041 15.3349 15.4162 25.8834
internal_count=1190 880 784 442 310 89 221 411 381 66 342 313 159 315 79 236 183 86 96 97 130 81 110 49 154 55 49 90 57 72 45 127 73 41 41 53 54 91
is_linear=0
shrinkage=0.03


Tree=9
num_leaves=33
num_cat=0
split_feature=46 54 54 44 33 32 42 46 45 60 10 10 16 19 60 55 55 33 54 58 16 52 33 36 58 37 11 19 54 20 0 29
split_gain=12.7833 4.79198 7.99058 5.31672 4.52058 3.951 3.45017 3.43491 4.12625 3.46433 4.12871 3.59873 3.54282 2.98063 2.9123 3.57643 3.32375 3.22109 3.06213 3.32025 2.33802 2.33678 2.30272 2.65097 2.27388 1.94941 1.86211 1.83606 1.64439 1.54715 1.28757 0.965988
threshold=-0.57341211056792485 0.82430183008126734 0.18716068021074159 -0.9570813938129934 1.7251052928099788 -0.75634198755898863 0.49736316848543927 -0.35072034236295163 -0.029616783119730778 678.50000000000011 -1.1905802410291206 -2.1288154818204901 1.492429210703089 -0.58513261557427432 367.00000000000006 1.2661186016471591 0.694609952215134 0.31160382498081873 0.44095544393431274 -1.0000000180025095e-35 0.16077663882268858 1.0000000180025095e-35 1.2539381368669253 -0.76637692926935985 -0.88490606803349237 -1.0000000180025095e-35 -0.50909136950766032 0.56960670869335439 0.5157735320119593 0.46111963265843903 0.022424460528489135 1.0000000180025095e-35
decision_type=2 2 2 2 2 2 2 2 2 2 2 2 2 2 2 2 2 2 2 2 2 2 2 2 2 2 2 2 2 2 2 2
left_child=1 2 4 -3 5 13 24 8 -2 10 11 -9 14 -1 18 16 22 29 19 20 -12 -4 23 -16 -7 -5 -11 -21 -23 -18 -17 -26
right_child=7 3 21 25 -6 6 -8 9 -10 26 12 -13 -14 -15 15 30 17 -19 -20 27 -22 28 -24 -25 31 -27 -28 -29 -30 -31 -32 -33
leaf_value=-0.010355739356152804 -0.022507973228970982 0 0.0026117676509012982 0.011367270889186612 -0.011455115485428137 0.009464137128896417 0.00043368742862493241 -0.0060583012935714756 0.00035480944389326539 -0.00023659740667928921 0.0017689613607559046 0.018918517826572747 0.011656646796489572 0.012295793584871283 0 -0.0074008368544787014 -0.012429422757360252 0.018633341215831531 -0.010147620964359356 0.0068049880361254096 0.027143758185928398 -0.023782271948773581 0.0041371510603499225 -0.011723766942314362 0.015933607833846647 0.034826496716669215 0.018684042413035985 -0.012703879478145519 -0.0033189997202311447 0.0058270296333405198 -0.022565877797328469 0.036543118066472507
leaf_weight=9.0776677727699298 16.141793519258503 9.3638207912445086 8.1369250714778918 8.2215462028980291 6.4332050681114188 11.7910238802433 8.8149080574512464 7.125614911317828 10.96893274784088 7.4562865495681789 6.4862299561500549 11.716524988412855 9.7047734260559064 8.7807057499885541 21.508420944213867 12.051766574382784 6.9988432228565234 8.07593986392021 12.220980346202849 7.0749957263469696 7.1440369784832001 8.7961595654487628 12.256978988647459 71.04258731007576 9.2146658003330284 11.508596718311306 8.7020782232284528 7.0592060685157776 7.4102672040462485 6.4457943737506866 16.1764976978302 9.931754916906355
leaf_count=28 51 29 25 25 20 36 27 22 34 23 20 36 30 27 67 38 22 25 38 22 22 28 38 222 28 34 27 22 23 20 51 30
internal_value=0 0.00818694 0.00446627 0.018521 0.0100197 0.0127491 0.0178593 -0.0036303 -0.0135144 -0.00240812 -0.00342067 0.00942774 -0.00469521 0.000561507 -0.00562448 -0.00748303 -0.00513655 0.00517348 0.00142559 0.00698378 0.0168377 -0.00964541 -0.00735311 -0.00898033 0.0223897 0.0268275 0.0103349 -0.0028388 -0.0158383 -0.00356886 -0.0169933 0.0287931
internal_weight=383.84 117.481 88.3873 29.094 64.0439 57.6107 39.7524 266.358 27.1107 239.248 223.089 18.8421 204.247 17.8584 194.542 154.557 126.329 21.5206 39.9854 27.7645 13.6303 24.3434 104.808 92.551 30.9374 19.7301 16.1584 14.1342 16.2064 13.4446 28.2283 19.1464
internal_count=1190 360 272 88 196 176 121 830 85 745 695 58 637 55 607 483 394 67 124 86 42 76 327 289 94 59 50 44 51 42 89 58
is_linear=0
shrinkage=0.03


Tree=10
num_leaves=30
num_cat=0
split_feature=60 55 46 51 50 34 60 26 45 39 16 47 39 46 27 16 41 4 39 27 2 39 44 41 45 4 39 36 0
split_gain=4.78435 6.25557 6.03239 4.37451 4.79771 5.22043 4.59949 4.52581 4.21424 3.7677 4.19341 3.14524 7.13563 6.10341 5.71749 3.33029 3.20958 3.09746 3.23292 2.92512 2.77573 2.61424 2.51607 2.49142 2.39998 2.3359 2.33438 2.30592 0.771252
threshold=367.00000000000006 1.5119039208633331 -0.6449165070932138 -0.67141483221416398 0.12914440205870006 -0.55451095946501339 647.00000000000011 0.6727651644588154 -1.1522322999201668 1.9256379354030611 -2.2941242506072177 -1.0284358353449681 -0.43345220165283255 0.34315575878215654 1.0000000180025095e-35 0.4668126926935347 1.0000000180025095e-35 -0.60208281665762786 -0.57222220971494364 -0.35974200222402508 -0.24728156185508257 -0.71099221777705479 1.0000000180025095e-35 0.19062538538184517 -0.1295596970403993 1.0000000180025095e-35 1.0000000180025095e-35 0.16745285768949306 -0.31013296604181678
decision_type=2 2 2 2 2 2 2 2 2 2 2 2 2 2 2 2 2 2 2 2 2 2 2 2 2 2 2 2 2
left_child=2 3 8 19 9 -6 -7 26 -1 10 -5 14 13 15 -12 -13 24 -4 20 -2 -19 -16 28 -3 -14 -24 -8 -18 -20
right_child=1 23 17 4 5 6 7 -9 -10 -11 11 12 16 -15 21 -17 27 18 22 -21 -22 -23 25 -25 -26 -27 -28 -29 -30
leaf_value=0.0012558826501505101 -0.022129994462480207 0.023735402614416978 0.013341572866827434 0.020695788753014453 -0.0057705781149478309 0.031244421297985565 0.0043509746937269323 -0.0080293061338862805 -0.024083558004328407 -0.015431417267632608 -0.026578162871208715 0.0071716203379531811 -0.00091450082864379556 0.02507446917953467 -0.008360270860451496 -0.011659668687111694 0.0043510661302897666 -0.0045144976807584827 -0.007389254570533214 -7.3694813255022518e-05 0.018274545789454238 0.011878196965480649 -0.0092349659671474276 0.0047443356634541542 -0.015722012865546756 0.011170807705229742 0.025403774685571485 -0.0055364801902076204 -0.022673439160523841
leaf_weight=7.3140708804130581 10.893631577491762 13.341610610485079 9.9434786140918714 7.3683112859725943 13.927526712417601 9.9710786640644056 11.04088237881661 9.5488600432872754 20.226414054632187 12.741833597421644 9.5058305263519305 43.695800423622131 17.946030586957932 14.712265014648436 12.08339309692383 8.7947933375835401 50.217509120702744 8.4098593890666979 9.4939759671688062 10.606392800807951 7.7466562688350669 8.4468469023704511 10.239427596330644 13.971429407596586 23.777072578668594 7.3299934864044181 9.5975360572338086 34.41685888171196 8.7311087846755999
leaf_count=20 30 36 27 20 38 27 30 26 56 35 26 119 49 40 33 24 137 23 26 29 21 23 28 38 65 20 26 94 24
internal_value=0 0.00158886 -0.00613903 0.000359792 0.00134511 0.00930364 0.0146952 0.00781922 -0.0174301 -0.000442767 0.000452552 -0.000321348 0.00107449 0.00888765 -0.00913002 0.00366903 -0.00308951 -0.000726756 -0.00383054 -0.0122245 0.0066967 0 -0.00882132 0.0149819 -0.00974455 -0.000197964 0.0154701 0.000234208 -0.016183
internal_weight=436.04 346.605 89.435 319.292 297.792 54.0859 40.1584 30.1873 27.5405 243.707 230.965 223.596 193.56 67.2029 30.0361 52.4906 126.357 61.8945 51.951 21.5 16.1565 20.5302 35.7945 27.313 41.7231 17.5694 20.6384 84.6344 18.2251
internal_count=1190 945 245 871 812 147 109 82 76 665 630 610 528 183 82 143 345 169 142 59 44 56 98 74 114 48 56 231 50
is_linear=0
shrinkage=0.03


Tree=11
num_leaves=39
num_cat=0
split_feature=15 12 50 33 40 27 32 41 44 46 33 48 46 50 49 41 30 40 24 15 41 46 39 23 25 31 49 28 24 38 30 19 20 58 33 27 28 23
split_gain=6.24121 6.70034 5.61099 4.5796 4.87655 4.69933 4.09913 3.8244 3.82246 3.85548 3.44356 3.2449 3.82226 4.78332 3.6348 3.15451 2.98545 2.84994 3.05162 2.67329 2.64508 2.63442 2.57633 2.49923 3.08959 2.47244 2.51445 1.97066 1.88847 1.57478 1.5092 1.41029 1.35882 1.34833 0.766204 0.48611 0.232331 0.0211596
threshold=0.43445620150276393 1.5617885724165652 0.12914440205870006 -0.39514690893376098 -0.58917424926744022 -0.35974200222402508 -0.27733881289416917 -1.0819928957087188 -0.69893840681447528 -0.38186912311216614 -0.86631406487681417 0.11034770211626246 -0.075222463649058616 -0.26440704083464939 1.0000000180025095e-35 0.19062538538184517 1.0000000180025095e-35 0.2669876932016475 1.1317985239536483 0.014939758735026584 1.4632436664724093 1.0792251008216767 -0.43345220165283255 -1.02674603504109 1.0000000180025095e-35 -0.80057985291747513 -0.46265783937363297 1.0000000180025095e-35 -0.68090705276887953 -0.26582445284451295 0.42834164694464782 0.82621544741949404 -0.84166375495680879 1.0000000180025095e-35 -1.1018976428483407 0.29633919723435559 1.0000000180025095e-35 -0.38603928008624033
decision_type=2 2 2 2 2 2 2 2 2 2 2 2 2 2 2 2 2 2 2 2 2 2 2 2 2 2 2 2 2 2 2 2 2 2 2 2 2 2
left_child=1 2 3 6 23 7 16 -6 10 36 -2 12 13 -7 15 -14 -1 18 32 21 34 30 -18 -5 -25 -3 -27 -16 -9 -30 37 -19 -11 -12 -8 -36 -10 -4
right_child=8 25 19 4 5 11 20 28 9 17 33 -13 14 -15 27 -17 22 31 -20 -21 -22 -23 -24 24 -26 26 -28 -29 29 -31 -32 -33 -34 -35 35 -37 -38 -39
leaf_value=0.014804039160693224 0.017489782205990987 0.0016219139261348465 -0.012037238221962903 0.0035997194457461031 0.03127729283060815 0.02893408822473989 0.032291610505112193 -0.006110291960665537 -0.022533723434761524 0.0054033075463618381 -0.011674235923853473 -0.015252438623756071 -0.014961037813722003 -0.0042044143428732403 -0.0020525207021373994 0.0053116541962707018 -0.018040389049232199 -0.0016805727029320821 0.017467037694108713 0.0076655347579031108 0 0.0021252137857549662 0.0038555221635412813 0 -0.021071828356630243 0.032976448699707797 0.0091403747682636521 0.017186016288620983 0 0.020663425928973887 -0.0038150079203624469 -0.021747672460010165 -0.010664520957067655 0.0034410029101455296 0.019737323701050882 0.00513992281006442 -0.010405559970636967 -0.023359877731178022
leaf_weight=7.8914161622524288 7.9695871770381954 9.0646583437919634 9.7037344872951525 8.4169322550296766 6.7734353244304684 7.6513029038906097 7.1207526624202773 6.4126904606819215 16.870997965335849 6.0453611016273525 9.4275590181350726 10.093077242374418 19.67590290307999 5.7850851118564588 7.5423434972763088 8.7826059460639936 7.1365178823471114 6.2862875461578351 6.6781055927276602 6.3925473392009726 6.4080754518508902 8.9441412389278394 9.2963856756687129 8.6543678045272845 16.831710487604141 8.4673621952533757 10.948668330907818 8.7464557886123639 6.4207256734371221 6.7387453317642123 9.5371913909912092 7.6596968472003937 10.586829155683519 8.4498526453971845 8.1842826604843122 6.0875872671604165 8.7108291387557966 11.921640664339067
leaf_count=27 27 31 34 29 23 26 24 22 60 21 33 35 68 20 26 30 25 22 23 22 22 31 32 30 59 28 37 30 22 23 33 27 37 29 28 21 31 42
internal_value=0 0.00239168 0.000600765 0.00302588 -1.63405e-07 0.00345986 0.0103904 0.0138585 -0.00678049 -0.0107213 0.00264335 -0.000678267 0.00206916 0.0152751 -0.00213331 -0.00855169 0.000962289 -0.00406568 0.00220541 -0.00849597 0.0179632 -0.0113996 -0.00603251 -0.0095639 -0.014092 0.0157304 0.0214416 0.00851863 0.00574817 0.0119701 -0.0153845 -0.0141323 -0.00452953 -0.00450697 0.0227374 0.0149723 -0.0194306 -0.019649
internal_weight=344.315 255.63 227.15 180.65 128.525 94.6224 52.125 26.3456 88.6851 62.8381 25.847 68.2768 58.1837 13.4364 44.7473 28.4585 24.3243 37.2563 23.3103 46.4993 27.8007 40.1067 16.4329 33.903 25.4861 28.4807 19.416 16.2888 19.5722 13.1595 31.1626 13.946 16.6322 17.8774 21.3926 14.2719 25.5818 21.6254
internal_count=1190 880 784 622 443 325 179 90 310 221 89 235 200 46 154 98 84 130 81 162 95 140 57 118 89 96 65 56 67 45 109 49 58 62 73 49 91 76
is_linear=0
shrinkage=0.03


Tree=12
num_leaves=37
num_cat=0
split_feature=46 54 54 38 33 46 19 46 28 14 41 39 36 37 4 38 36 28 45 44 42 59 36 52 59 33 19 54 42 45 54 49 37 49 54 40
split_gain=12.1255 4.56178 7.70242 5.09139 4.31799 3.35624 4.87657 3.94151 4.6158 2.92556 3.15435 3.98881 5.97804 2.81763 3.07254 2.90387 4.80278 3.90261 4.92428 3.50238 2.69191 2.55229 2.52919 2.26857 2.18176 2.00432 1.90038 1.60321 1.59093 1.40512 1.28778 1.24479 1.13544 0.736047 0.609694 0.383431
threshold=-0.57341211056792485 0.82430183008126734 0.18716068021074159 -1.1536392396453308 1.7251052928099788 -0.097545000627792713 -1.2266544623896234 0.13346140077165405 0.40745008339403332 -0.73068144063847373 0.50877995565448619 -0.71099221777705479 -0.53291948252964649 1.2893051222639085 1.2612235180519544 -0.42724532317193459 1.0000000180025095e-35 1.1050984276226659 1.4575401301256601 0.84991951517663389 1.0000000180025095e-35 0.3162146618746583 -0.76637692926935985 1.0000000180025095e-35 -0.79380140783284403 0.54718740295234569 -0.20021950748506481 0.5157735320119593 0.49736316848543927 -1.161270103206977 -1.0000000180025095e-35 0.72689094461186954 -0.15285657170254519 1.0000000180025095e-35 -0.66688443747247816 -0.16109327803289622
decision_type=2 2 2 2 2 2 2 2 2 2 2 2 2 2 2 2 2 2 2 2 2 2 2 2 2 2 2 2 2 2 2 2 2 2 2 2
left_child=1 2 4 -3 9 6 20 8 21 -1 11 29 -13 14 15 30 28 18 19 -18 -2 25 -8 -4 -19 -7 -10 -25 34 -11 -9 35 -5 -26 -17 -24
right_child=5 3 23 32 -6 7 22 13 26 10 -12 12 -14 -15 -16 16 17 24 -20 -21 -22 -23 31 27 33 -27 -28 -29 -30 -31 -32 -33 -34 -35 -36 -37
leaf_value=0.024970742970807397 -0.0057782347581005061 -0.0017968485714920691 0.0024943731202702562 0.010341753353435155 -0.011275908884070944 -0.0033235058189417278 -0.001796110443346549 0 -0.015915230087378624 0.0081033860593880663 -0.007673832960091863 0.0011982272130100246 0.033451247338277298 -0.01998326706031749 0.010992402453080774 -0.0090718822269288835 0.010465949627480795 0.00060336865414985414 -0.019261837957061524 -0.0046408922337219521 0.016388088628645096 0.02645455868396453 -0.013150134676453418 -0.023582678072535713 -0.02354750959893535 0.016650077947168895 0.0041641546041009288 -0.0033158177393977869 -0.002032039043410659 -0.0078285461109585848 0.016756261766563127 -0.0041214059954994067 0.030283902259888123 -0.0079740791543433994 -0.021426952528290792 -0.025551303262230703
leaf_weight=12.311495989561079 9.6481716632843035 7.8653419017791775 8.1552796363830584 6.9431429505348268 6.3982940614223471 8.6310421824455279 12.478136092424391 7.3912412226200104 6.9874345362186432 9.1204478144645709 7.7709498703479758 9.5048236548900586 11.378559052944189 7.5900741517543784 12.066761046648024 11.535255104303362 39.500473260879517 8.9252644479274768 6.7134943306446067 19.120810985565186 7.1854125261306754 8.8338914513587934 13.269577264785765 8.7139892578125018 7.931012928485873 6.5014399588108054 6.8089739680290204 7.4090898334980002 9.2648309469223005 7.8016766607761339 6.4903114438056928 6.6222483515739432 14.475104689598078 9.5187571644783002 17.466742426156998 15.328629821538927
leaf_count=37 30 24 25 21 20 27 39 23 22 28 24 29 34 24 37 36 122 28 21 60 22 27 42 28 25 20 21 23 29 24 20 21 43 30 55 49
internal_value=0 0.00795872 0.00432558 0.0180056 0.00975755 -0.00354182 -0.00943292 -0.00156767 0.00693922 0.0124095 0.00820133 0.0117855 0.0201038 -0.00361386 -0.0025961 -0.00387885 -0.00531635 -0.00144242 0.00244189 0.00544582 0.00392289 0.0146441 -0.0142442 -0.0095557 -0.0108933 0.00562478 -0.00617659 -0.0156848 -0.0140451 0.000393168 0.00839666 -0.0182375 0.025181 -0.0166726 -0.0173973 -0.0209386
internal_weight=383.658 117.848 88.5646 29.2836 64.2862 265.81 64.5322 201.278 37.7628 57.888 45.5765 37.8055 20.8834 163.515 155.925 143.858 129.977 91.7098 65.3348 58.6213 16.8336 23.9664 47.6986 24.2784 26.375 15.1325 13.7964 16.1231 38.2668 16.9221 13.8816 35.2205 21.4182 17.4498 29.002 28.5982
internal_count=1190 360 272 88 196 830 203 627 117 176 139 115 63 510 486 449 406 286 203 182 52 74 151 76 83 47 43 51 120 52 43 112 64 55 91 91
is_linear=0
shrinkage=0.03


Tree=13
num_leaves=30
num_cat=0
split_feature=60 55 46 37 45 39 23 51 50 24 43 4 39 37 46 19 37 17 2 27 21 41 4 59 41 39 45 45 61
split_gain=4.57656 5.95413 5.76976 4.7613 4.08129 4.00508 4.67523 4.53285 3.35466 4.28951 4.97881 2.98379 3.117 4.00959 2.81192 3.36782 3.68514 2.70102 2.66344 2.56631 2.44305 2.38485 2.35991 2.09222 2.1091 2.06441 0.878428 0.77374 0.0672573
threshold=367.00000000000006 1.5119039208633331 -0.6449165070932138 2.0103859692471362 -1.1522322999201668 1.509327911216727 -1.02674603504109 -0.67141483221416398 0.12914440205870006 1.1317985239536483 1.0000000180025095e-35 -0.60208281665762786 -0.57222220971494364 -0.63357713635802948 1.6468507305238733 1.3394329248717736 0.80858455760842396 -0.018378346099677968 -0.24728156185508257 -0.35974200222402508 -1.3883658294976795 0.19062538538184517 1.932013798547404 0.3162146618746583 -1.0819928957087188 -0.15591218552860955 1.0392740962397398 0.33831280834948668 612.00000000000011
decision_type=2 2 2 2 2 2 2 2 2 2 2 2 2 2 2 2 2 2 2 2 2 2 2 2 2 2 2 2 2
left_child=2 3 4 5 -1 6 20 -8 14 10 25 -4 18 -14 15 16 -9 -12 -13 -17 -2 -3 -7 24 -22 -10 27 -15 -25
right_child=1 21 11 -5 -6 22 7 8 9 -11 17 12 13 26 -16 19 -18 -19 -20 -21 23 -23 -24 28 -26 -27 -28 -29 -30
leaf_value=0.001270256392919051 0.0049629491952323463 0.023148031263064913 0.013065383822847247 0.019024091591834876 -0.023670005334223997 -0.018338925628935191 -0.013145575559382925 0.0035339991685707493 0.0099543425427434367 -0.0079680848234156224 -0.0092957478160111354 -0.0044346658336613543 0.0049113110610610492 -0.014676619888819574 -0.013796832585206465 0.0008879437676666699 -0.0075624019116706407 0.013805291313333126 0.017872413476161163 0.025544050615547723 -0.01355937784754147 0.004583023580880711 0.00040030171662918019 -0.010829400591709377 0.002990770882523989 0.033666196715423258 -0.023031372668904822 -0.00051948805312965706 -0.024314081239655606
leaf_weight=7.3125634491443661 9.5092511475086194 13.380436539649965 9.9607341885566694 10.340776354074476 20.106279253959656 15.292450964450838 14.162136554718016 124.66133090853691 8.1128429770469648 7.3368556201457968 7.7226445078849792 8.4028466939926165 11.729846358299254 7.6312920451164263 8.4241834580898267 7.3358210623264304 32.591886073350906 7.3725187182426435 7.766568809747695 8.116400867700575 11.314092457294462 13.987415492534636 8.3973816335201246 7.2974940538406354 13.196297496557237 10.758776664733888 9.0899542272090894 7.2911281883716583 7.2859152257442474
leaf_count=20 26 36 27 28 56 42 39 340 22 20 21 23 32 21 23 20 89 20 21 22 31 38 23 20 36 29 25 20 20
internal_value=-5.02054e-06 0.00154583 -0.00601706 0.000345052 -0.0170901 -0.000349858 0.000639703 0.00240851 0.00350704 0.0110911 0.01554 -0.000726968 -0.00377836 -0.00868661 0.00166787 0.00256895 0.00114667 0.00185333 0.00654805 0.015307 -0.00766525 0.0145987 -0.0118299 -0.0109547 -0.00475955 0.0252506 -0.0154625 -0.00880402 -0.0195787
internal_weight=435.888 346.597 89.2912 319.229 27.4188 308.888 285.198 236.595 222.433 41.3036 33.9668 61.8724 51.9116 35.7422 181.13 172.705 157.253 15.0952 16.1694 15.4522 48.6031 27.3679 23.6898 39.0938 24.5104 18.8716 24.0124 14.9224 14.5834
internal_count=1190 945 245 871 76 843 778 645 606 112 92 169 142 98 494 471 429 41 44 42 133 74 65 107 67 51 66 41 40
is_linear=0
shrinkage=0.03


Tree=14
num_leaves=42
num_cat=0
split_feature=14 19 32 27 57 46 23 33 47 59 39 29 0 60 18 50 0 34 61 45 20 53 60 36 52 33 24 60 29 35 45 30 27 45 20 18 46 47 54 60 45
split_gain=5.87546 6.30442 4.54098 6.53305 4.79821 4.29111 4.17699 3.46396 4.47231 5.04633 4.43188 3.45631 4.8089 4.36266 3.29306 3.20886 3.35221 5.54103 4.43234 4.14842 3.09131 3.22085 2.91358 2.90369 2.86851 2.8514 2.67901 2.63195 2.53026 2.33121 2.88696 2.29443 2.14784 2.08239 1.95443 1.81959 1.247 1.13561 0.780686 0.399168 0.248709
threshold=0.084699957874860884 -0.45682824621120449 -0.99584357489139841 1.2804609964219271 1.0000000180025095e-35 -1.0438364405063731 -1.3470994125185149 -0.39514690893376098 0.12335451475744115 0.87122269672840968 -0.15591218552860955 -0.74346679709404973 0.91507860553299503 533.50000000000011 0.68105523319869332 0.12914440205870006 -0.96912176132455474 0.56066921734415176 628.50000000000011 1.0392740962397398 -1.1022204324798583 0.31345283698811038 711.50000000000011 1.3347400913880596 -0.79931178423460836 0.54718740295234569 0.40671629326463699 472.00000000000006 1.0000000180025095e-35 0.69566851614057323 -1.1961911283828854 0.17981577670372564 -1.0000000180025095e-35 0.022183014758876806 -1.0000000180025095e-35 0.72354916334456865 -0.10243939385900365 0.99641597213549449 -0.56961274361053149 217.00000000000003 -0.020224911282133117
decision_type=2 2 2 2 2 2 2 2 2 2 2 2 2 2 2 2 2 2 2 2 2 2 2 2 2 2 2 2 2 2 2 2 2 2 2 2 2 2 2 2 2
left_child=5 29 25 4 11 22 24 15 10 37 20 -4 13 -13 -6 16 -8 18 -18 -19 -9 34 27 -5 -7 38 -21 40 -12 30 -2 -17 -29 -15 -22 -16 -20 39 -3 -10 -1
right_child=1 2 3 23 14 6 7 8 9 -11 28 12 -14 33 35 31 17 19 36 26 21 -23 -24 -25 -26 -27 -28 32 -30 -31 -32 -33 -34 -35 -36 -37 -38 -39 -40 -41 -42
leaf_value=-0.0052704679612889591 0.010319227537945602 -0.020545140873312752 -0.010559220966822247 -0.02213410314365661 0.032274105217077319 -0.00039448103052497845 -0.0068625757554445265 0.011395951780411672 -0.0086606156350162375 0.0038627375706845116 0.024390706574272603 0.016832026529710085 0.022745354913876453 -0.021043436039519421 -0.0025152464609146763 -0.015622760776684378 0.014250394173838955 0.036557491254564138 -0.00056810851569231741 0.019989769790607192 -0.012258903755514597 -0.019681838198863221 0.0069360138339288639 0.0013913901673263493 0.025815998915492824 0.0065757626649756576 -0.0051157041497195826 -0.02325666008024363 0 0.00287495691036452 0.04025206163253766 0.0044917279828309243 -0.0020072036764076507 0.00036920388595869602 0.0076905288344996598 0.018151301622879701 -0.020485305961844429 -0.0036596554190204355 -0.0040613947476139736 -0.02342877865539451 0.0022246393427549976
leaf_weight=6.1114333271980286 8.2050665616989136 10.352897375822071 10.406435042619703 8.0567129254341143 10.123961061239244 5.8376542329788208 11.222980529069899 6.4011859893798784 5.9867366552352932 11.26206263899803 7.3080039918422681 6.7603189647197786 11.177929520606993 6.3222379982471448 6.448268383741377 10.733415186405184 8.7470995187759417 7.9623025059700039 5.8652997612953168 6.201228588819502 5.7400887906551317 13.174687534570692 5.717016100883483 8.128474295139311 7.0588296055793744 5.7724083364009848 6.0810726284980774 21.007452875375748 6.6662547290325165 6.5585912466049185 6.0715980827808389 7.2078984379768363 6.4497294425964382 7.3453619480133057 9.8441084921360105 5.8687911927700043 5.719854474067688 5.6756761968135825 5.7559111416339883 21.015715092420578 5.8085163831710798
leaf_count=21 28 36 36 28 34 20 39 22 21 39 25 23 38 22 22 38 30 27 20 21 20 46 20 28 24 20 21 75 23 22 20 25 23 25 34 20 20 20 20 74 20
internal_value=0 0.0052224 0.00197994 0.00532175 0.00963185 -0.00291014 -0.000720816 -0.00210447 -0.00587368 -0.012661 0.000272922 0.00322526 0.00821791 -0.000469863 0.0204216 0.00285934 0.00667373 0.0106715 -0.000277571 0.0212044 -0.00529995 -0.00959514 -0.0110144 -0.010864 0.01473 -0.00963025 0.00792054 -0.0139262 0.0138369 0.0197038 0.0260461 -0.0075101 -0.0188349 -0.0102416 0 0.00779915 -0.0120813 -0.0184509 -0.0158437 -0.0209931 -0.00133063
internal_weight=344.161 123.355 102.52 80.6385 64.4533 220.806 175.712 162.816 93.0745 43.9402 49.1343 42.0123 31.6058 20.4279 22.441 69.7412 51.7998 40.5769 20.3323 20.2446 35.1601 28.7589 45.0941 16.1852 12.8965 21.8812 12.2823 39.3771 13.9743 20.8353 14.2767 17.9413 27.4572 13.6676 15.5842 12.3171 11.5852 32.6781 16.1088 27.0025 11.9199
internal_count=1190 422 352 276 220 768 609 565 324 154 170 144 108 70 76 241 178 139 70 69 122 100 159 56 44 76 42 139 48 70 48 63 98 47 54 42 40 115 56 95 41
is_linear=0
shrinkage=0.03


end of trees

feature_importances:
Column_45=34
Column_54=34
Column_46=31
Column_39=23
Column_37=18
Column_16=17
Column_33=17
Column_55=17
Column_19=16
Column_36=16
Column_44=16
Column_60=16
Column_27=15
Column_41=15
Column_47=13
Column_34=12
Column_28=11
Column_40=11
Column_12=10
Column_32=10
Column_50=10
Column_23=9
Column_24=9
Column_30=9
Column_59=9
Column_4=8
Column_26=8
Column_42=8
Column_29=7
Column_51=7
Column_53=7
Column_61=7
Column_0=6
Column_18=6
Column_20=6
Column_38=6
Column_43=6
Column_49=6
Column_52=6
Column_13=5
Column_2=4
Column_31=4
Column_35=4
Column_14=3
Column_57=3
Column_58=3
Column_10=2
Column_15=2
Column_48=2
Column_5=1
Column_6=1
Column_7=1
Column_11=1
Column_17=1
Column_21=1
Column_25=1
Column_56=1

parameters:
[boosting: gbdt]
[objective: multiclass]
[metric: multi_logloss]
[tree_learner: serial]
[device_type: cpu]
[data_sample_strategy: bagging]
[data: ]
[valid: ]
[num_iterations: 1400]
[learning_rate: 0.03]
[num_leaves: 96]
[num_threads: 2]
[seed: 42]
[deterministic: 0]
[force_col_wise: 1]
[force_row_wise: 0]
[histogram_pool_size: -1]
[max_depth: 10]
[min_data_in_leaf: 20]
[min_sum_hessian_in_leaf: 0.001]
[bagging_fraction: 0.85]
[pos_bagging_fraction: 1]
[neg_bagging_fraction: 1]
[bagging_freq: 0]
[bagging_seed: 400]
[bagging_by_query: 0]
[feature_fraction: 0.8]
[feature_fraction_bynode: 1]
[feature_fraction_seed: 30056]
[extra_trees: 0]
[extra_seed: 12879]
[early_stopping_round: 0]
[early_stopping_min_delta: 0]
[first_metric_only: 0]
[max_delta_step: 0]
[lambda_l1: 0.2]
[lambda_l2: 1.5]
[linear_lambda: 0]
[min_gain_to_split: 0]
[drop_rate: 0.1]
[max_drop: 50]
[skip_drop: 0.5]
[xgboost_dart_mode: 0]
[uniform_drop: 0]
[drop_seed: 17869]
[top_rate: 0.2]
[other_rate: 0.1]
[min_data_per_group: 100]
[max_cat_threshold: 32]
[cat_l2: 10]
[cat_smooth: 10]
[max_cat_to_onehot: 4]
[top_k: 20]
[monotone_constraints: ]
[monotone_constraints_method: basic]
[monotone_penalty: 0]
[feature_contri: ]
[forcedsplits_filename: ]
[refit_decay_rate: 0.9]
[cegb_tradeoff: 1]
[cegb_penalty_split: 0]
[cegb_penalty_feature_lazy: ]
[cegb_penalty_feature_coupled: ]
[path_smooth: 0]
[interaction_constraints: ]
[verbosity: -1]
[saved_feature_importance_type: 0]
[use_quantized_grad: 0]
[num_grad_quant_bins: 4]
[quant_train_renew_leaf: 0]
[stochastic_rounding: 1]
[linear_tree: 0]
[max_bin: 255]
[max_bin_by_feature: ]
[min_data_in_bin: 3]
[bin_construct_sample_cnt: 200000]
[data_random_seed: 175]
[is_enable_sparse: 1]
[enable_bundle: 1]
[use_missing: 1]
[zero_as_missing: 0]
[feature_pre_filter: 1]
[pre_partition: 0]
[two_round: 0]
[header: 0]
[label_column: ]
[weight_column: ]
[group_column: ]
[ignore_column: ]
[categorical_feature: ]
[forcedbins_filename: ]
[precise_float_parser: 0]
[parser_config_file: ]
[objective_seed: 16083]
[num_class: 3]
[is_unbalance: 0]
[scale_pos_weight: 1]
[sigmoid: 1]
[boost_from_average: 1]
[reg_sqrt: 0]
[alpha: 0.9]
[fair_c: 1]
[poisson_max_delta_step: 0.7]
[tweedie_variance_power: 1.5]
[lambdarank_truncation_level: 30]
[lambdarank_norm: 1]
[label_gain: ]
[lambdarank_position_bias_regularization: 0]
[eval_at: ]
[multi_error_top_k: 1]
[auc_mu_weights: ]
[num_machines: 1]
[local_listen_port: 12400]
[time_out: 120]
[machine_list_filename: ]
[machines: ]
[gpu_platform_id: -1]
[gpu_device_id: -1]
[gpu_device_id_list: ]
[gpu_use_dp: 0]
[num_gpu: 1]

end of parameters

pandas_categorical:null
