tree
version=v4
num_class=1
num_tree_per_iteration=1
label_index=0
max_feature_idx=62
objective=binary sigmoid:1
feature_names=Column_0 Column_1 Column_2 Column_3 Column_4 Column_5 Column_6 Column_7 Column_8 Column_9 Column_10 Column_11 Column_12 Column_13 Column_14 Column_15 Column_16 Column_17 Column_18 Column_19 Column_20 Column_21 Column_22 Column_23 Column_24 Column_25 Column_26 Column_27 Column_28 Column_29 Column_30 Column_31 Column_32 Column_33 Column_34 Column_35 Column_36 Column_37 Column_38 Column_39 Column_40 Column_41 Column_42 Column_43 Column_44 Column_45 Column_46 Column_47 Column_48 Column_49 Column_50 Column_51 Column_52 Column_53 Column_54 Column_55 Column_56 Column_57 Column_58 Column_59 Column_60 Column_61 Column_62
feature_infos=[-1.9487262578344053:10.05018188352488] [-1.6838706981639906:11.91230126349776] [-1.8833640012273754:8.4808273654167934] [-1.9111515613435017:11.038213833274847] [-1.6552835851842398:11.834206703462975] [-1.8688080906714595:8.3570977238852784] [-2.957970490521062:6.0351275189563891] [-2.0021296105228203:9.6569234586161503] [-3.2365688582276517:4.969079882537919] [-3.6849904540798457:4.1639844572193647] [-7.8544867489612091:2.3173796686895201] [-2.9162577573889923:5.1635394921644027] [-1.6167792004173844:2.4859992594891192] [-3.7243195736409347:4.1894410468727354] [-2.9248881483075979:5.1449412856636538] [-3.7243195736409347:4.1894410468727354] [-8.135014349174277:2.9494785017289904] [-2.9248881483075979:5.1449412856636538] [-8.2646448979169271:0.8507839791770988] [-1.7903047926685396:1.655982961717533] [-1.4934721877863741:1.371230691988913] [-2.217868102382353:1.1174424965967353] [-1.5280963758975996:0.65440898609067599] [-2.1454911014861127:2.6711832606308175] [-2.3002391577638495:3.8157218454913995] [-2.3782337233220545:3.02538625757734] [-3.6433679908287604:3.0069144261798737] [-2.1731804051204886:2.7366601925310747] [-2.1791188445140537:4.6332175959764825] [-2.3744392865898201:3.4270734541547578] [-3.632593589644145:3.7064254266870371] [-2.7741249343318919:3.0759098394032405] [-2.9636882465062295:3.3409870489670834] [-2.3983500893762897:3.970484519485987] [-3.0728177875561937:2.9077078003694594] [-2.6832925025063643:3.6070074701482495] [-2.8856122255357737:6.0807784136136114] [-2.4401766677891716:4.0775278349703878] [-3.1112264916311858:4.7592327134978696] [-3.6357568948738637:3.0668475924327763] [-3.0218998196908617:4.6439260542665366] [-2.504396949842608:2.2794724768002981] [-2.7837855643588436:3.2698504008312503] [-1.9602827620860437:3.3554711224724199] [-3.8878336083877616:3.6461428368301148] [-2.6246446781211525:3.0741385830858219] [-2.8507274452557021:3.5068351143486098] [-3.7437621933101815:3.6681420015868937] [-3.6197164511294515:2.8936274635290551] [-0.97013273639402453:4.6378035741954493] [-0.96202671276684248:4.5909533677863621] [-7.8619132412722461:9.1789200399672417] [-4.7228621295551578:4.9138567542138452] [-4.3561049652945911:4.3492718594666782] [-2.593117606200098:2.8128372320261259] [-2.3734697875620951:3.3547973503137856] [-1.1970037721166891:3.0987224410570064] [-1.0831708810967036:2.7985723046056878] [-1.2441040183488725:3.0166178079319437] [-2.7998145592641035:2.8755454224422898] [2:814] [2:814] [0:2]
tree_sizes=4738 4896 5010 4801 5322 4923 4969

Tree=0
num_leaves=45
num_cat=0
split_feature=5 47 39 54 28 18 13 28 31 27 20 45 7 50 23 20 16 36 47 19 44 19 41 55 54 12 44 32 31 54 47 42 54 40 36 55 2 29 19 26 56 19 16 40
split_gain=9.09264 9.12296 10.8683 8.3919 8.07279 7.5283 7.38779 7.01359 6.87474 6.48668 6.78786 9.8641 5.82809 6.6373 5.88235 5.52525 5.37575 5.21709 4.80689 4.8732 4.79122 4.63413 4.45895 4.42619 4.11558 4.04709 6.52939 4.02764 3.93392 3.3998 3.1169 3.01887 2.91043 2.88696 4.02205 2.53687 2.27747 1.92582 5.31919 1.59511 1.581 1.56196 1.10781 1.01463
threshold=-0.99607992201532403 1.7805611164783623 -0.453427873589619 -0.53722096344479819 1.7379746087680046 0.45749839898577094 -0.067074829310237324 1.056740964718951 1.0910766126002496 -1.804942360296621 -0.84240335147380885 0.98552125856561623 -0.1835823590614786 -0.66454563702292069 -0.3793771687099049 0.72016185567634794 0.70799459986526869 0.14054461517714392 -0.59853439248074736 -0.18599842424743682 1.0000000180025095e-35 -0.30483593301937034 0.2064623919217054 0.022139008335470261 0.18317496654238485 0.09884547617106175 0.58147445233470763 -0.51187007604438561 -0.58036189418121686 1.2518296855022859 0.38886070708615822 -0.24125845897900397 -0.71957231907481323 0.05438614791022444 -0.75609444873779452 -0.073048196487896955 0.1903661990693282 0.25437117406006654 -1.0000000180025095e-35 0.42069348623207148 -0.76743115079931934 0.76470164592803158 0.35933859232829513 1.0000000180025095e-35
decision_type=2 2 2 2 2 2 2 2 2 2 2 2 2 2 2 2 2 2 2 2 2 2 2 2 2 2 2 2 2 2 2 2 2 2 2 2 2 2 2 2 2 2 2 2
left_child=5 2 3 6 7 32 16 8 9 -4 11 18 13 -12 28 20 43 35 -11 30 40 24 -9 -17 31 26 33 -23 -14 -3 -20 -5 -1 34 -16 -10 -19 38 -15 -35 -8 -7 -21 -2
right_child=1 29 4 21 -6 41 15 22 17 10 12 -13 14 37 25 23 -18 36 19 42 -22 27 -24 -25 -26 -27 -28 -29 -30 -31 -32 -33 -34 39 -36 -37 -38 -39 -40 -41 -42 -43 -44 -45
leaf_value=0.12818890419752665 0.12912077498120297 0.11441431724510522 0.0914011547251221 0.11630045569616083 0.15072661348365465 0.07661970425826789 0.077518973172169867 0.089629452132083426 0.15158273389957116 0.097225895981370714 0.11405657577297752 0.081265546763847771 0.11619930512545172 0.11599362973218802 0.11441431724510522 0.13679691178819292 0.11514333155783962 0.12988389633124078 0.12656934793743821 0.14456774791282945 0.11674802361903586 0.10950092139074849 0.11846234857608502 0.10628535599411087 0.12912077498120297 0.092928790665437064 0.0914011547251221 0.080726115388603317 0.14474825551281709 0.082277029604676533 0.098263705082388353 0.09046862499680286 0.10351250176956654 0.1238318187922446 0.14512613575367606 0.12609040911290575 0.10528333627807432 0.16083258214601126 0.14942077239964605 0.10333358530132958 0.10402838128983026 0.10398623073988521 0.12307178240262893 0.15281093123428874
leaf_weight=7.22553950548172 6.7272264361381549 5.4814437627792341 4.9831306934356681 7.4746960401535043 7.9730091094970694 7.7238525748252851 4.9831306934356672 7.7238525748252895 13.952765941619875 5.4814437627792385 7.4746960401535061 6.2289133667945853 6.2289133667945888 6.7272264361381575 5.481443762779235 8.4713221788406354 9.7171048521995527 5.4814437627792341 4.9831306934356725 6.976382970809933 9.7171048521995527 8.7204787135124224 8.9696352481842023 5.9797568321228018 6.7272264361381522 5.481443762779235 4.9831306934356681 11.71035712957382 10.21541792154312 6.9763829708099365 5.9797568321228027 6.727226436138154 6.9763829708099383 5.2322872281074506 8.2221656441688591 7.4746960401535061 4.9831306934356689 5.9797568321228018 8.7204787135124171 5.2322872281074524 7.474696040153507 5.7306002974510193 5.7306002974510193 5.9797568321228027
leaf_count=29 27 22 20 30 32 31 20 31 56 22 30 25 25 27 22 34 39 22 20 28 39 35 36 24 27 22 20 47 41 28 24 27 28 21 33 30 20 24 35 21 30 23 23 24
internal_value=0.1163 0.117899 0.119095 0.111295 0.123562 0.100328 0.118489 0.121953 0.124019 0.120553 0.122167 0.111482 0.12697 0.137448 0.120492 0.110344 0.131582 0.13614 0.119141 0.125289 0.101241 0.101167 0.104352 0.124041 0.111967 0.11353 0.118162 0.0914293 0.134495 0.0942653 0.111299 0.103011 0.1163 0.125046 0.133473 0.144174 0.117755 0.145483 0.135771 0.113743 0.0899666 0.0854703 0.137034 0.143369
internal_weight=317.425 289.769 277.311 100.41 176.901 27.6564 59.0501 168.928 152.235 120.343 115.359 35.3802 79.9792 28.9022 51.0771 36.626 22.4241 31.892 29.1513 23.6699 22.1749 41.36 16.6935 14.4511 20.9291 34.6328 29.1513 20.4308 16.4443 12.4578 10.9629 14.2019 14.2019 24.1682 13.7036 21.4275 10.4646 21.4275 15.4477 10.4646 12.4578 13.4545 12.707 12.707
internal_count=1274 1163 1113 403 710 111 237 678 611 483 463 142 321 116 205 147 90 128 117 95 89 166 67 58 84 139 117 82 66 50 44 57 57 97 55 86 42 86 62 42 50 54 51 51
is_linear=0
shrinkage=1


Tree=1
num_leaves=45
num_cat=0
split_feature=5 47 31 38 60 52 14 14 60 55 52 14 60 54 54 55 36 0 34 4 54 29 54 41 58 58 55 12 28 46 54 49 34 54 54 55 46 43 49 33 36 61 49 47
split_gain=8.63612 8.67327 8.74217 8.2287 8.19602 5.50616 6.55842 6.5889 6.53248 5.98593 8.62623 5.39852 5.33767 5.15923 9.03327 7.88773 7.64069 4.30627 4.12147 7.64263 6.60801 6.45415 5.88214 5.63124 5.59711 4.82194 4.13356 3.81007 3.92354 3.70549 3.35686 3.34187 3.23579 3.21804 2.87028 2.83505 2.46038 2.38076 1.90273 1.89325 1.80234 1.57888 0.581558 0.192808
threshold=-0.99607992201532403 1.7805611164783623 1.0910766126002496 -0.12045199368214486 318.00000000000006 1.6012346379182503 0.089873079889592311 0.32559414876731896 183.50000000000003 0.63285312004472738 -0.80794508302400037 0.92831193561331382 497.50000000000006 -1.2771220404676462 -0.53722096344479819 0.022139008335470261 1.0371836790920828 2.0780566402839074 -0.23993724590719992 1.0000000180025095e-35 0.11896021927081298 1.070208903227273 0.4021457057732854 -0.55098360063008811 1.0000000180025095e-35 1.0000000180025095e-35 -0.12821690092319377 1.4557647919200496 -0.30572632337915639 -0.17342804891646321 -1.5518943285817068 1.0000000180025095e-35 -0.23993724590720017 1.2518296855022859 -0.88778424749258678 1.0000000180025095e-35 -0.10165133280470433 -0.36555659671850455 1.0000000180025095e-35 -1.1009948912747147 -0.53193468275905975 612.00000000000011 1.0000000180025095e-35 -0.25302056391580668
decision_type=2 2 2 2 2 2 2 2 2 2 2 2 2 2 2 2 2 2 2 2 2 2 2 2 2 2 2 2 2 2 2 2 2 2 2 2 2 2 2 2 2 2 2 2
left_child=4 2 5 39 -1 6 8 35 37 10 -9 27 -5 30 15 34 29 41 23 21 -21 22 24 25 31 -16 40 28 -12 -17 -10 -20 -11 -3 -15 -8 -14 -2 -22 -4 -25 -6 -24 -26
right_child=1 33 3 12 17 -7 7 9 13 32 11 -13 36 14 18 16 -18 -19 19 20 38 -23 42 26 43 -27 -28 -29 -30 -31 -32 -33 -34 -35 -36 -37 -38 -39 -40 -41 -42 -43 -44 -45
leaf_value=0.012605138351958534 0.021786569269252574 -0.0018415537188715338 0.012299398582562805 -0.015790095527840175 -0.045521667418931565 0.025456988524486867 0.034878835390684135 0.020150317012315774 -0.0053665460329071065 0.029543251038300467 -0.041547963909347202 0.0061168374168135871 -0.0020020995884709358 0.0067246758138753684 0.015304765712987063 0.00094536979892487064 0.020910699021936877 -0.0038825007046837117 0.0031623344023722004 0.0048427287211523645 -0.037494615204772853 -0.019876404604160347 0.011294703105619818 -0.021442674442987551 0.0056874914304541561 -0.018811569888254023 -0.041203466465448715 0.00052949326456809109 -0.0088997696439817586 -0.030280739359412796 -0.034637687702994698 -0.025830200998267609 0.0031699970494280679 -0.033136533257105305 0.032297381377040829 0.0048241759071475324 0.022393943532277909 0 -0.011108487147376755 0.038391497431664763 0.00058640954667458557 -0.017504050292979002 0.030874299843071214 0.019470169540980485
leaf_weight=5.9816238731145885 9.7143343687057513 5.4820394217967969 6.7173532247543362 7.471352323889735 5.9865171909332293 6.2272538095712653 8.2187508046627027 8.463319003581999 7.9742104560136795 7.4676985293626812 7.2279654592275611 9.215201258659361 4.9795992821455011 8.7201692312955874 6.479088097810747 4.9820028096437463 5.2316511571407309 7.723941057920455 5.2327521890401858 7.221270605921748 8.2268683314323408 6.9752768725156775 6.4748556762933713 5.2368711680173892 4.9831963330507278 5.48423732817173 8.4753635823726636 5.4785627573728553 7.9675371050834718 6.9790399372577676 7.2284868210554105 6.7266661673784256 9.7168843299150449 6.988166868686676 9.7099947482347471 5.4784817099571219 8.2162672728300059 7.9729449450969687 6.7282704263925543 10.44496503472328 5.479409247636795 7.982619047164917 6.7232009917497635 4.9816775918006879
leaf_count=24 39 22 27 30 24 25 33 34 32 30 29 37 20 35 26 20 21 31 21 29 33 28 26 21 20 22 34 22 32 28 29 27 39 28 39 22 33 32 27 42 22 32 27 20
internal_value=0 0.00154894 0.00271651 0.0158305 -0.0155713 0.000533714 -0.000264787 0.00735499 -0.00355648 0.00237751 -0.00413739 -0.01184 0.00229863 -0.00569467 -0.00359282 0.00896808 -0.00523521 -0.0239121 -0.00840982 -0.00377817 -0.0174804 0.00365544 0.00911538 -0.0171689 -0.000432574 -0.000242614 -0.0266476 -0.019987 -0.0271264 -0.0181727 -0.0215042 -0.0137603 0.0164035 -0.0214833 0.0219156 0.0249153 0.0135149 0.0128743 -0.0280829 0.0303099 -0.0109987 -0.0331488 0.0238099 0.014747
internal_weight=317.378 289.703 277.233 37.8295 27.6747 239.403 233.176 69.2344 163.942 55.5372 38.3526 29.8893 20.6672 146.255 131.052 35.6229 17.1927 21.6931 95.429 64.274 22.1764 42.0976 35.1223 31.155 21.9243 11.9633 19.1916 20.6741 15.1955 11.961 15.2027 11.9594 17.1846 12.4702 18.4302 13.6972 13.1959 17.6873 14.9551 17.1623 10.7163 13.9691 13.1981 9.96487
internal_count=1274 1163 1113 152 111 961 936 278 658 223 154 120 83 587 526 143 69 87 383 258 89 169 141 125 88 48 77 83 61 48 61 48 69 50 74 55 53 71 60 69 43 56 53 40
is_linear=0
shrinkage=0.03


Tree=2
num_leaves=46
num_cat=0
split_feature=5 47 34 26 34 60 26 2 48 30 55 19 47 27 40 47 19 58 58 40 37 40 19 56 50 34 28 42 12 16 24 6 24 55 55 50 13 36 3 25 55 42 42 61 55
split_gain=8.21896 8.25606 7.81034 8.29515 8.90774 7.8066 5.65267 5.66839 5.7638 6.82616 7.97024 6.83462 6.46336 5.71741 9.29775 7.47331 5.88768 5.75958 7.43307 5.07295 6.5791 6.33114 6.60059 6.32021 5.01016 4.8849 4.83014 4.68754 4.60852 4.44318 4.6211 4.08736 3.93311 3.36285 8.71647 4.2192 3.28327 2.82206 2.62212 2.48543 2.40851 2.21383 2.19714 1.49563 1.01932
threshold=-0.99607992201532403 1.7805611164783623 0.31090063719121525 0.42069348623207148 -0.23993724590719992 318.00000000000006 -1.549760563251968 -0.64804515072804869 -1.0767240740352306 -0.20771804868959334 -0.12821690092319377 -0.4236734417913039 0.48032259185351872 0.19990921707776696 -0.44339475299610048 -0.51932712102970957 -0.30483593301937034 -1.0000000180025095e-35 -0.81803183572079086 0.67163446503406699 1.5428649727861148 1.0897704217953794 0.40818911961223087 1.0000000180025095e-35 -1.0000000180025095e-35 -0.47601062437794955 1.0000000180025095e-35 1.0000000180025095e-35 -0.27099465840671194 -0.4797369037707308 0.75774134386377534 2.0704657725879563 1.4772661677761578 -0.52877467407322276 -0.27925545705798105 -0.66454563702292069 0.46082671138550796 1.0000000180025095e-35 0.35055266853847028 0.68381759918760265 -1.1908676143592516 0.96946873405901479 -0.48340389758660768 612.00000000000011 -1.0636262257668043
decision_type=2 2 2 2 2 2 2 2 2 2 2 2 2 2 2 2 2 2 2 2 2 2 2 2 2 2 2 2 2 2 2 2 2 2 2 2 2 2 2 2 2 2 2 2 2
left_child=5 2 3 6 -5 -1 26 28 42 10 11 12 40 14 16 -15 -11 18 -17 20 29 22 -21 -23 25 -13 -2 -6 -8 30 -4 43 -32 44 -35 -36 -26 -37 -30 -16 -10 -3 -9 -7 -31
right_child=1 41 19 4 27 31 7 8 9 13 -12 24 -14 15 39 17 -18 -19 -20 21 -22 23 -24 -25 36 -27 -28 -29 38 33 32 -33 -34 34 35 37 -38 -39 -40 -41 -42 -43 -44 -45 -46
leaf_value=0.012310081781881293 0.001054336954372258 -0.0031878242641230057 -0.014018288432767088 -0.037500362529605973 -0.015349710996167432 -0.044371612188484448 -0.0024151377982518192 -0.0036906984217743868 0.014875680610900877 -0.020166062105768941 -0.028885263323716291 -0.00020285531191439657 0.036065695703227665 0.023899230709896677 0.041488741455471698 0.006662558655144037 0.019159486095081803 0.01127482847970078 -0.033654346169825308 0.0048788360975116785 -0.015001964958618171 0.026923173074706031 -0.036804069429167779 -0.010334286399208846 0.017725257915280679 -0.036470425682620607 -0.029723842165080526 0.019237447461240977 0.0053196280010777497 0.013104346644957411 0.027081560487121719 -0.0037842583052265016 -0.004327577693206801 -0.012715839899911815 -0.00011960130555225366 0.0094631580719202104 -0.010047402040684475 0.036422197910135547 0.035493323859999898 0.010113951797293991 -0.0088220976045555351 -0.030371539256645822 -0.030151326754448701 -0.017051418130333042 0.03722806677243104
leaf_weight=5.9772645682096508 8.2200424373149854 5.2404368221759778 7.225745007395747 9.4748262763023394 6.2312463670968992 5.9961436837911624 6.4713356494903591 6.7299216538667679 4.9808586090803155 5.7347976416349411 8.4787263274192721 6.2256862223148328 5.9706298410892478 7.7183801829814866 10.701062500476842 5.7274201512336704 4.9759670197963732 7.7246992588043311 8.9730736762285233 5.4788568019866961 5.476438343524932 7.7144706547260267 5.7344586104154587 5.9737942963838577 6.2258882075548172 6.7293974012136477 7.7261386960744849 4.9775210022926331 4.9776769131422034 5.4727131277322796 6.7180861979722959 7.7256413102149954 5.2267277538776398 7.4636434763669959 5.725040182471278 7.4668543487787273 5.9777994006872177 12.190457731485365 8.7046841979026777 4.9798296988010398 7.9670792818069467 7.2379509210586548 5.2381443530321103 7.9884095937013626 11.430120870470999
leaf_count=24 33 21 29 38 25 24 26 27 20 23 34 25 24 31 43 23 20 31 36 22 22 31 23 24 25 27 31 20 20 22 27 31 21 30 23 30 24 49 35 20 32 29 21 32 46
internal_value=0 0.00151141 0.00265171 -0.00109073 -0.0182847 -0.0151871 0.00128581 0.00327927 0.000690187 0.00298511 -0.00465818 0.000667771 0.0138267 0.0101306 0.0199315 0.000821897 -0.00129567 -0.00787055 -0.0184137 0.00933049 0.0132003 -0.00209693 -0.0177931 0.0108535 -0.00922345 -0.0212864 -0.0147877 0 0.0174291 0.0157984 0.0028605 -0.0233225 0.013942 0.0204372 0.0134702 0.0216732 0.00407269 0.0278623 0.0265214 0.0336271 0.000476724 -0.0209518 -0.0177856 -0.0323165 0.0314482
internal_weight=317.306 289.619 277.14 177.843 20.6836 27.6875 157.159 141.213 121.059 109.091 52.5561 44.0773 18.9186 56.5352 26.3917 30.1436 10.7108 22.4252 14.7005 99.2974 74.3958 24.9016 11.2133 13.6883 25.1588 12.9551 15.9462 11.2088 20.1537 68.9194 19.1706 21.7102 11.9448 49.7488 32.846 25.3824 12.2037 19.6573 13.6824 15.6809 12.9479 12.4784 11.9681 13.9846 16.9028
internal_count=1274 1163 1113 714 83 111 631 567 486 438 211 177 76 227 106 121 43 90 59 399 299 100 45 55 101 52 64 45 81 277 77 87 48 200 132 102 49 79 55 63 52 50 48 56 68
is_linear=0
shrinkage=0.03


Tree=3
num_leaves=44
num_cat=0
split_feature=2 47 34 54 61 23 38 18 30 54 29 40 37 40 56 25 4 54 50 26 57 16 54 32 54 33 49 49 30 43 34 57 55 55 50 54 33 54 55 36 57 33 46
split_gain=7.32196 7.81346 7.52533 8.08536 7.57049 6.8544 8.24931 6.39357 5.85543 5.15269 6.10441 4.82361 6.26623 6.01532 6.02427 4.81499 4.81174 4.63113 8.17562 4.62234 4.46592 4.2247 5.6083 4.21061 4.655 4.15999 3.65363 3.57051 3.555 3.45565 4.41137 3.41388 3.21167 8.28771 4.02149 3.07094 3.03224 2.73028 2.68809 2.67462 2.2061 1.94638 1.62045
threshold=-1.0003563030365208 1.7805611164783623 0.31090063719121525 -0.53722096344479819 349.00000000000006 -1.021600416992162 0.11566178247172655 0.45749839898577094 -1.0639369339282312 -0.079852542381298922 -1.1053583745519435 0.67163446503406699 1.5428649727861148 1.0897704217953794 -1.0000000180025095e-35 1.0440589312475623 -0.13289825260833968 0.064847279468669292 -0.46622491986030629 0.42069348623207148 1.0000000180025095e-35 -0.4797369037707308 1.2337013532942285 -0.74537656846932321 -0.22608663380577462 -0.62922936469232404 1.0000000180025095e-35 -0.66970757689815985 -0.33003503229511305 0.34321058788929043 -0.082554993593367279 -0.59795298288390453 -0.52877467407322276 -0.27925545705798105 -0.66454563702292069 1.2518296855022859 0.31430168847245754 -0.71957231907481323 0.20613243828321168 1.0000000180025095e-35 1.0000000180025095e-35 -0.39334660140112865 1.0419331721227592
decision_type=2 2 2 2 2 2 2 2 2 2 2 2 2 2 2 2 2 2 2 2 2 2 2 2 2 2 2 2 2 2 2 2 2 2 2 2 2 2 2 2 2 2 2
left_child=7 2 3 4 16 6 8 37 -6 19 -11 12 21 25 -15 -8 -2 -12 36 23 38 22 31 -5 26 -13 27 -25 -10 30 -20 -4 41 -34 -35 -3 -19 -1 -7 -36 -18 -23 -9
right_child=1 35 11 9 5 20 15 42 28 10 17 13 -14 14 -16 -17 40 18 29 -21 -22 32 -24 24 -26 -27 -28 -29 -30 -31 -32 -33 33 34 39 -37 -38 -39 -40 -41 -42 -43 -44
leaf_value=0.011748459208094034 0.0089271612426753601 -0.0013724061484151643 -0.024242260852166537 0.0059827268623064639 0.011050525197324279 0.035868501521833768 0.03386030912047943 -0.037163763534014044 -0.032660787707642525 0.019021366971018468 0.011548633962555342 -0.032328578096317881 -0.014638368260419515 0.026290918345774291 -0.010081240777357815 -0.00015825442193993317 -0.02821159456641396 -0.035199177348614968 -0.0082584418837118121 -0.038333080877615666 0.0026851556666103332 0.039341147086429322 0.019549937575764224 -0.024163131043644162 0.00329820749900059 0.0010480183356205348 -0.036063915394752122 0.0065108586595426735 -0.0020614021580290121 -0.015315238814216413 0.023855481237521819 0.0059113253499222945 -0.012389749910427293 -0.00011675692221417118 0.0092317079266494538 -0.031793109436745737 -0.0056240150571293338 -0.012155185373224339 0.0088593564688698237 0.035539827983833178 -0.0017008001629327991 0.012884027271742687 -0.010509430834057375
leaf_weight=7.2214561998844147 6.7201835364103344 5.48747470974922 5.7342788130044937 9.7183446288108808 6.4678307920694342 13.424193084239965 6.7078285664319974 7.4931687265634519 7.7286254167556754 9.7095122188329679 9.2073002159595472 5.7379182279109955 5.4812737107276908 7.6992902159690857 5.9776198416948301 6.2248658835887909 8.2240934222936612 9.7248692363500506 5.2316327244043288 5.2432351112365714 9.7010524868965131 9.9126274138689059 8.4458621144294721 4.9890068769454956 7.4721499979496029 5.4823722392320651 8.977919861674307 5.7244759052991885 6.4749459177255657 4.9837747365236273 7.7161245942115935 4.9838309437036532 7.4696641117334357 5.7250835448503521 7.4621150046587017 6.9981745630502701 5.9813973754644385 6.9837337434291857 6.7168247997760764 12.156074225902556 4.9812215566635123 6.9487430602312079 5.7441798001527786
leaf_count=29 27 22 23 39 26 54 27 30 31 39 37 23 22 31 24 25 33 39 21 21 39 40 34 20 30 22 36 23 26 20 31 20 30 23 30 28 24 28 27 49 20 28 23
internal_value=0 0.00141287 0.0025228 -0.0011454 0.0055743 0.0106407 0.000993961 -0.0144082 -0.0103649 -0.00711956 -0.000653876 0.00908423 0.0128612 -0.00205324 0.0105736 0.0187558 -0.00989347 -0.00574055 -0.0109347 -0.0147487 0.0207447 0.0154017 0.00277748 -0.00987246 -0.0157705 -0.0173482 -0.0230108 -0.0084953 -0.0206229 0.00272556 0.0109541 -0.0107257 0.0199306 0.0131173 0.0211311 -0.0204333 -0.025757 0 0.0283769 0.0271837 -0.0198129 0.0307079 -0.0282515
internal_weight=317.196 289.754 277.268 178.051 83.3717 63.4462 33.6041 27.4425 20.6714 94.6797 52.5546 99.2168 74.3196 24.8972 13.6769 12.9327 19.9255 42.8451 33.6378 42.1251 29.8421 68.8383 19.164 36.8819 27.1636 11.2203 19.6914 10.7135 14.2036 17.9315 12.9478 10.7181 49.6743 32.8129 25.3433 12.4856 15.7063 14.2052 20.141 19.6182 13.2053 16.8614 13.2373
internal_count=1274 1164 1114 715 335 255 135 110 83 380 211 399 299 100 55 52 80 172 135 169 120 277 77 148 109 45 79 43 57 72 52 43 200 132 102 50 63 57 81 79 53 68 53
is_linear=0
shrinkage=0.03


Tree=4
num_leaves=49
num_cat=0
split_feature=39 54 47 47 58 33 27 46 3 46 40 19 49 33 46 28 36 17 30 55 24 44 41 33 61 34 39 57 13 46 61 46 54 43 47 58 19 54 8 47 37 58 16 37 54 55 40 39
split_gain=7.61479 9.95521 9.12786 6.47966 6.34135 6.16888 6.15679 6.19387 6.10718 5.3215 8.57378 4.82468 4.56193 4.3642 4.24818 7.09724 8.41244 6.87228 6.40796 7.1965 5.67621 3.98713 3.95713 4.80772 3.76661 3.50928 4.45058 3.37661 4.41106 4.03084 6.93009 3.74461 3.3404 3.22885 3.10731 3.08432 2.94505 2.91325 2.73317 2.50274 1.82227 1.7366 1.45836 1.28646 1.20272 1.11219 0.904502 0.672597
threshold=-0.453427873589619 -0.39135726096003703 1.7805611164783623 -1.0116673829927714 0.88625689479153569 1.0219499783460442 -1.3548736388452276 0.33383014347569778 -0.79094276042548961 0.540673380845348 0.39287716052652494 -0.66134845933517095 -0.26914069757034026 1.4937155049284347 -0.37496778567108946 0.37550732066989723 1.0371836790920828 0.033645971777093449 0.64850083654904478 -0.61271598931215721 0.75774134386377534 -1.0000000180025095e-35 0.84431164880742626 -0.15746383810993328 488.00000000000006 -0.23993724590720036 -1.7891209646975446 1.3429186099672914 -1.0000000180025095e-35 0.31031908727452912 532.50000000000011 -0.25449065080411143 0.18317496654238485 -0.36555659671850455 0.62207445512185289 -1.0000000180025095e-35 0.40818911961223087 1.2518296855022859 -0.92001461333591283 1.2455726334451576 -0.62970319480040493 -0.81803183572079086 0.6978403195661057 1.0000000180025095e-35 -0.89791004079411885 0.93419313719247954 -0.77441905209880602 0.2626967354983652
decision_type=2 2 2 2 2 2 2 2 2 2 2 2 2 2 2 2 2 2 2 2 2 2 2 2 2 2 2 2 2 2 2 2 2 2 2 2 2 2 2 2 2 2 2 2 2 2 2 2
left_child=1 4 3 24 25 6 12 14 21 -10 42 32 -5 -7 17 40 -17 18 19 34 41 -9 23 45 -2 26 -1 28 29 31 -31 33 -3 -28 -8 43 -37 -4 -6 -36 -16 -21 -11 -13 -40 -12 -42 -19
right_child=2 11 37 5 38 13 7 8 9 10 22 35 -14 -15 15 16 -18 47 -20 20 -22 -23 -24 -25 -26 -27 27 -29 -30 30 -32 -33 -34 -35 39 36 -38 -39 44 -41 46 -43 -44 -45 -46 -47 -48 -49
leaf_value=-0.01555968774322068 -0.028777888989962103 -0.014583913228908041 -0.0013400018597482892 -0.027713364305240209 0.00050940317642283301 -0.02440457155993157 -0.0046778790945610944 0.0010260982932433689 -0.0121225450283079 0.035851202086719478 -0.028912540823779396 -0.042845158417897607 0.0062064323877398147 0.007440496508133409 0.011029496431855721 -0.01223186677507038 0.028429189797893859 0.037405255774721174 0.027781383589263811 -0.0067220697668025102 0.0055472580134106426 -0.033279486498812405 0.016055442801698051 0.011873645460853169 0.00010511312507472427 -0.011926558797875367 0.025943427545263843 -0.0076002762977958795 -0.0051570158411063357 -0.019440895126679642 0.021441859688383556 0.042633975690748227 0.012999422707161137 -0.0019520822745308709 0.032820151114468323 0.0034028595322125321 -0.023873650852072763 -0.031002053193855024 -0.033679172686057524 0.0027782951202533711 0.014089197670156962 -0.033205898589576885 0.0096521759138358549 -0.015324364839558298 -0.008451553803516523 -0.00570158602925351 0.038702684290421278 0.013098336526137519
leaf_weight=4.9803740680217734 5.9866111725568754 7.4837034344673139 5.4878277480602247 5.7384906262159348 5.4733780622482291 7.9680740237236005 5.7146360129117886 4.9760216772556305 9.2110083699226362 9.1792748272418958 4.9843753129243797 8.4871471822261793 5.7192140072584134 5.2287607640028 6.465643227100375 9.7008356004953367 6.2053614109754553 4.9694037884473783 5.9631216228008261 4.9737626314163119 7.4516351372003546 4.9891072660684568 7.4593993574380866 5.2273951917886796 7.9752117395401001 7.9612156897783271 6.4637010693550048 6.2279127836227408 7.4751468449831071 4.987118646502493 7.2061542421579361 7.4593712091445914 5.4687862545251846 5.9741658717393884 5.2019045203924161 5.7338150143623352 5.7374136596918106 6.9996820390224457 4.9846930652856818 5.2235469073057175 4.9659177064895657 7.9788387417793416 4.9677808731794348 5.7394798845052728 5.2296711057424536 4.9858146607875824 16.610332965850837 5.4673773795366287
leaf_count=20 24 30 22 23 22 32 23 20 37 37 20 34 23 21 26 39 25 20 24 20 30 20 30 21 32 32 26 25 30 20 29 30 22 24 21 23 23 28 20 21 20 32 20 23 21 20 67 22
internal_value=-1.01374e-05 -0.00622572 0.00342654 0.00512435 0.000186179 0.00672187 0.00834827 0.00997712 0.00183378 0.00662348 0.0117627 -0.0182673 -0.0115605 -0.0119073 0.0145213 0.0214294 0.00436914 0.00824443 0.00235439 -0.00256872 -0.0140892 -0.0177328 0 -0.00865877 -0.0134818 0.00484531 0.00785665 0.0109429 0.0141789 0.0188907 0.00398449 0.0268254 -0.00238211 0.0133461 0.0116149 -0.0254803 -0.0109602 -0.0199372 -0.0158091 0.0205139 0.0301902 -0.0252045 0.028842 -0.0346445 -0.0240111 -0.020092 0.0345818 0.0284206
internal_weight=317.05 113.073 203.976 191.489 74.4229 177.527 164.33 152.872 55.9802 46.015 36.804 38.6503 11.4577 13.1968 96.8923 43.9481 15.9062 52.9442 42.5074 36.5443 20.4042 9.96513 22.657 15.1976 13.9618 58.7352 50.7739 45.7936 39.5657 32.0905 12.1933 19.8972 12.9525 12.4379 16.1401 25.6979 11.4712 12.4875 15.6877 10.4255 28.0419 12.9526 14.1471 14.2266 10.2144 9.97019 21.5763 10.4368
internal_count=1274 454 820 770 299 714 661 615 225 185 148 155 46 53 390 177 64 213 171 147 82 40 91 61 56 236 204 184 159 129 49 80 52 50 65 103 46 50 63 42 113 52 57 57 41 40 87 42
is_linear=0
shrinkage=0.03


Tree=5
num_leaves=45
num_cat=0
split_feature=5 47 39 28 54 28 13 18 27 20 16 34 20 54 20 16 51 44 45 19 31 19 33 36 24 32 54 49 58 36 54 29 18 54 34 47 58 19 27 28 40 45 45 16
split_gain=7.33212 7.12865 9.12442 7.42735 7.05181 6.46168 6.30705 6.27537 6.01297 6.91497 6.96486 5.9961 7.41606 5.44931 5.00197 4.90436 4.7697 4.49753 4.24416 4.65558 6.23712 4.1788 4.07837 4.04803 5.57291 3.63764 3.52606 3.14813 3.06183 2.94024 2.76555 2.60738 2.59067 2.5506 2.22093 1.76571 1.58429 1.46199 1.19928 1.09503 0.992011 0.967642 3.38031 0.725961
threshold=-0.99607992201532403 1.7805611164783623 -0.453427873589619 1.7379746087680046 -0.53722096344479819 1.056740964718951 -0.067074829310237324 0.45749839898577094 -1.804942360296621 -0.84240335147380885 0.72314630786911038 0.15351838487738215 0.19930678662629556 -0.50671924102555421 0.72016185567634794 0.70799459986526869 1.0000000180025095e-35 -1.0000000180025095e-35 0.55628738718590542 -0.18599842424743682 0.25535735920951613 -0.30483593301937034 0.31430168847245754 1.0000000180025095e-35 1.0000000180025095e-35 -0.51187007604438561 0.18317496654238485 -0.26914069757034026 -1.0000000180025095e-35 1.4855032110495519 1.2518296855022859 1.070208903227273 0.72539532206001434 -0.71957231907481323 -0.47601062437794955 0.20910010786829084 -1.0000000180025095e-35 0.76470164592803158 0.93638530672550158 -0.64634314540368309 1.0000000180025095e-35 -0.45824907556108313 0.0506429682616195 -0.4797369037707308
decision_type=2 2 2 2 2 2 2 2 2 2 2 2 2 2 2 2 2 2 2 2 2 2 2 2 2 2 2 2 2 2 2 2 2 2 2 2 2 2 2 2 2 2 2 2
left_child=7 2 4 5 6 8 15 33 -4 10 18 12 -11 28 17 40 -13 36 19 20 -10 26 -16 24 -15 -23 34 -20 -14 38 -3 32 41 -1 -6 -21 -8 -9 -7 -27 -2 -18 -43 -44
right_child=1 30 3 -5 21 29 14 37 9 11 -12 16 13 23 22 -17 31 -19 27 35 -22 25 -24 -25 -26 39 -28 -29 -30 -31 -32 -33 -34 -35 -36 -37 -38 -39 -40 -41 -42 42 43 -45
leaf_value=0.011340234577266826 0.011679467175691394 -0.0013083673706599892 -0.020694902453527977 0.03268563451959261 0.0011622142867523777 -0.028551431755630505 -0.034778802371863336 -0.036287520878331633 -0.022851807044991231 0.027031052514698277 -0.025960401290629681 -0.0044522321988439825 -0.00077540079552883799 -0.01648974901692514 -0.010600641582455694 -0.0015614938829642221 0.040429083487445013 0.00072681849262401337 0.0058926932490375571 0.0084200591818916343 0.014502276997370627 -0.0060629811332828486 0.018990353254510737 -0.024663023064476385 0.020577552227843379 -0.013886436284373704 0.012143211507420692 -0.020109891407586119 0.027193339039587022 0.0045820936711527338 -0.03024308838015867 0.0027812946049795184 0.002231009275697611 -0.011767016384793152 -0.020919792936983827 0.034273548772207743 -0.0090665687072097219 -0.010600298347678214 -0.0058855696578385772 -0.041837743727271975 0.034544592578461167 0.00083674264531253195 0.012574123629334216 0.030154291790645521
leaf_weight=7.2121202200651169 6.6998422890901583 5.4881676137447339 5.2385938614606848 7.9205089062452307 5.9817030578851709 5.7294795066118258 6.486221104860304 7.7459619194269163 5.4823717474937421 7.9414677172899237 6.9822672605514517 6.2106446325778952 6.7125479876995087 6.479763790965082 5.4735160768032065 9.7017380744218809 6.6859870105981747 9.7172414064407349 6.2147784382104874 6.7063646316528338 7.9415980130434036 8.7273398637771624 8.953836575150488 9.714454382658003 5.2208994925022125 4.9938555508852005 6.7089952379465094 7.7147437781095487 4.9515033513307554 5.4697118103504172 6.9977462142705917 6.9498692750930777 5.2158137261867514 6.9871683120727557 8.2367947548627853 5.695130780339241 5.984290152788164 5.7432143986225128 5.480930283665657 6.7452022731304151 5.9347163289785385 6.1967980861663881 7.4556289911270097 20.064990088343627
leaf_count=29 27 22 21 32 24 23 26 31 22 32 28 25 27 26 22 39 27 39 25 27 32 35 36 39 21 20 27 31 20 22 28 28 21 28 33 23 24 23 22 27 24 25 30 81
internal_value=-1.5547e-05 0.0014049 0.00246765 0.00657063 -0.00467579 0.00502981 0.00192304 -0.0143675 0.00702268 0.00825375 -0.00113987 0.0126638 0.00349044 -0.00291497 -0.00558458 0.0140587 0.0187199 -0.014246 0.00385939 0.0109446 -0.00111466 -0.0139521 0.0074462 -0.0117768 5.41911e-05 -0.0231784 -0.00371476 -0.00867471 0.0123875 -0.0118571 -0.0194582 0.0216161 0.0241783 0 -0.0120238 0.0231414 -0.0251679 -0.0279064 -0.0199442 -0.0333209 0.0253704 0.0266871 0.0221858 0.0264945
internal_weight=316.897 289.208 276.722 176.377 100.345 168.456 58.9514 27.6885 151.776 146.538 46.7373 99.8004 41.0206 33.0792 36.6151 22.3363 58.7797 22.1878 39.755 25.8255 13.424 41.3939 14.4274 21.4151 11.7007 20.4664 20.9275 13.9295 11.6641 16.6801 12.4859 52.5691 45.6192 14.1993 14.2185 12.4015 12.4705 13.4892 11.2104 11.7391 12.6346 40.4034 33.7174 27.5206
internal_count=1274 1163 1113 710 403 678 237 111 611 590 188 402 165 133 147 90 237 89 160 104 54 166 58 86 47 82 84 56 47 67 50 212 184 57 57 50 50 54 45 47 51 163 136 111
is_linear=0
shrinkage=0.03


Tree=6
num_leaves=46
num_cat=0
split_feature=5 60 48 31 38 44 60 40 60 29 38 56 12 12 55 46 25 60 42 23 14 40 34 31 54 19 46 55 13 45 46 19 26 50 29 54 54 60 48 55 24 26 19 32 25
split_gain=6.97299 7.1443 6.78749 7.41391 7.57288 5.6146 6.23635 6.07651 8.56096 6.21723 5.61104 5.55387 5.34812 5.26063 4.97482 5.17429 4.80604 4.76734 4.55621 4.56109 4.44264 5.26939 5.3769 7.61822 10.2865 6.2882 5.42847 4.77042 4.43577 4.14326 4.03174 4.01051 3.92767 3.26467 2.63339 2.62701 2.58747 1.98272 1.93476 1.78582 1.34195 1.24149 2.81065 1.07561 1.0712
threshold=-0.99607992201532403 318.00000000000006 1.7037155737973066 1.0910766126002496 -0.12045199368214486 1.0922525164172756 192.50000000000003 0.25349850827275394 381.50000000000006 1.070208903227273 0.11566178247172655 0.9508593344701588 1.6149913182667388 -1.3712160073111648 0.40500948231223793 0.020979589361400198 1.0000000180025095e-35 497.50000000000006 -0.24125845897900397 -0.3793771687099049 -1.2181557758336266 1.0000000180025095e-35 -0.082554993593367279 -0.78929170752890021 -1.2771220404676462 -1.0178609856509715 -0.51971676048819992 -0.60180355228240612 -0.29825623878708812 0.27574440887303281 1.5616984178706506 0.17051410206836379 0.17438673004656616 1.0000000180025095e-35 0.25437117406006654 1.2518296855022859 -0.22608663380577462 128.50000000000003 -0.35719974173516672 0.84943338633062659 -0.68130830396098918 1.1596137547885865 0.28935161084029737 0.18864940123042662 1.0000000180025095e-35
decision_type=2 2 2 2 2 2 2 2 2 2 2 2 2 2 2 2 2 2 2 2 2 2 2 2 2 2 2 2 2 2 2 2 2 2 2 2 2 2 2 2 2 2 2 2 2
left_child=1 -1 3 5 41 6 32 8 16 12 20 28 13 -9 31 -16 -8 -6 19 -7 33 22 23 24 -22 -25 27 -24 -12 -19 39 -15 37 -10 -26 -4 -30 -2 -20 -3 -27 42 -5 -28 -23
right_child=2 30 35 4 17 18 7 9 10 -11 11 -13 -14 14 15 -17 -18 29 38 -21 21 44 26 25 34 40 43 -29 36 -31 -32 -33 -34 -35 -36 -37 -38 -39 -40 -41 -42 -43 -44 -45 -46
leaf_value=0.012223700204146318 0.0078720889255367039 -0.03980080817726913 -0.0012774814167769452 0.028624094894568113 -0.015465649661389356 0.015316533825505638 0.00055343937020052277 0.0091291875608547953 -0.030857779813900484 -0.035684568030184438 -0.0023224046608339285 -0.01073692660547346 0.018778446719693174 0.010613602887551343 -0.00054493411082996994 -0.032791521147040183 -0.034916972350097809 -0.0072690097319267283 0.034223609737387306 -0.018399230938665967 -0.017289042909880047 0.0049429132029597117 0.010565445592305947 0.0071565300245869006 0.005677566370149132 -0.010909202365284278 0.029772847800377235 -0.024015795664665211 0.0122079831006143 0.02403787907317002 -0.00063264109051052884 -0.018125545103818357 -0.0021315622203310321 0 0.034748470396347375 -0.029513993769236462 0.039588565951132929 0.031635430429440843 0.0089991069427671731 -0.013546762581313791 -0.034102623162142305 0.041551340707916912 0 0.0086318689291968297 0.026475742196793911
leaf_weight=5.9706051498651531 8.4478542953729647 7.7369405478239077 5.4884949624538404 6.6562438756227511 7.4707123190164593 5.9506687819957733 4.9682431221008283 8.6973391473293287 5.4831200838088971 6.7312092632055274 4.964358523488051 4.9782718271017066 4.966066598892211 8.9546937942504865 6.7119967788457897 15.212120473384855 7.4777862876653671 4.9662017971277228 6.9393765479326248 5.4783179759979266 9.2148267626762408 4.963724732398985 6.4484482258558273 5.221968829631801 6.7191568166017444 6.2311818003654453 6.6916904747486168 4.9855954647064227 8.6959108710289055 8.1683491170406324 6.4893130511045447 5.9640872478485099 9.6748964637517911 5.2353222370147705 5.7055213153362274 6.9926210343837738 8.1656290888786263 7.1952272802591315 7.4473819583654386 7.4851269423961639 10.983089998364459 5.430671200156211 4.9401543587446213 6.7058453559875488 6.6983754336833954
leaf_count=24 34 31 22 27 30 24 20 35 22 27 20 20 20 36 27 61 30 20 28 22 37 20 26 21 27 25 27 20 35 33 26 24 39 21 23 28 33 29 30 30 44 22 20 27 27
internal_value=-2.10116e-05 -0.0140187 0.00136446 0.00240247 0.0145114 0.000391508 -0.001216 -0.00315156 0.000405322 -0.0111689 0.00303879 0.0147169 -0.00685116 -0.0102832 -0.0152002 -0.0238426 -0.021791 0.00156822 0.0132183 -0.00064021 -0.000507988 0.00194722 -0.00126692 -0.00755105 0.00483142 -0.0192988 0.0094542 -0.00508564 0.021097 0.0122589 -0.0218174 -0.00111632 0.0122891 -0.0174279 0.0217632 -0.0189955 0.0279454 0.020964 0.0236262 -0.029623 -0.0275751 0.0284555 0.0178079 0.0215285 0.0193744
internal_weight=316.705 27.682 289.023 276.542 37.6323 238.909 213.094 187.776 130.538 57.2375 118.092 26.8042 50.5063 45.5402 36.8429 21.9241 12.446 20.6053 25.8157 11.429 91.2879 80.5694 68.9073 44.0757 21.6395 22.4362 24.8316 11.434 21.8259 13.1346 21.7114 14.9188 25.318 10.7184 12.4247 12.4811 16.8615 15.6431 14.3868 15.2221 17.2143 17.0271 11.5964 13.3975 11.6621
internal_count=1274 111 1163 1113 152 961 857 755 525 230 475 108 203 183 148 88 50 83 104 46 367 324 277 177 87 90 100 46 88 53 87 60 102 43 50 50 68 63 58 61 69 69 47 54 47
is_linear=0
shrinkage=0.03


end of trees

feature_importances:
Column_54=30
Column_55=19
Column_19=15
Column_47=15
Column_40=12
Column_34=11
Column_46=11
Column_36=9
Column_58=9
Column_60=9
Column_16=8
Column_28=8
Column_33=8
Column_49=7
Column_26=6
Column_29=6
Column_31=6
Column_50=6
Column_5=5
Column_12=5
Column_13=5
Column_20=5
Column_24=5
Column_27=5
Column_39=5
Column_42=5
Column_44=5
Column_45=5
Column_61=5
Column_14=4
Column_18=4
Column_25=4
Column_30=4
Column_32=4
Column_37=4
Column_38=4
Column_56=4
Column_57=4
Column_2=3
Column_23=3
Column_41=3
Column_43=3
Column_48=3
Column_3=2
Column_4=2
Column_52=2
Column_0=1
Column_6=1
Column_7=1
Column_8=1
Column_17=1
Column_51=1

parameters:
[boosting: gbdt]
[objective: binary]
[metric: binary_logloss]
[tree_learner: serial]
[device_type: cpu]
[data_sample_strategy: bagging]
[data: ]
[valid: ]
[num_iterations: 1400]
[learning_rate: 0.03]
[num_leaves: 160]
[num_threads: 2]
[seed: 42]
[deterministic: 0]
[force_col_wise: 1]
[force_row_wise: 0]
[histogram_pool_size: -1]
[max_depth: 14]
[min_data_in_leaf: 20]
[min_sum_hessian_in_leaf: 0.001]
[bagging_fraction: 0.85]
[pos_bagging_fraction: 1]
[neg_bagging_fraction: 1]
[bagging_freq: 0]
[bagging_seed: 400]
[bagging_by_query: 0]
[feature_fraction: 0.8]
[feature_fraction_bynode: 1]
[feature_fraction_seed: 30056]
[extra_trees: 0]
[extra_seed: 12879]
[early_stopping_round: 0]
[early_stopping_min_delta: 0]
[first_metric_only: 0]
[max_delta_step: 0]
[lambda_l1: 0.2]
[lambda_l2: 1.5]
[linear_lambda: 0]
[min_gain_to_split: 0]
[drop_rate: 0.1]
[max_drop: 50]
[skip_drop: 0.5]
[xgboost_dart_mode: 0]
[uniform_drop: 0]
[drop_seed: 17869]
[top_rate: 0.2]
[other_rate: 0.1]
[min_data_per_group: 100]
[max_cat_threshold: 32]
[cat_l2: 10]
[cat_smooth: 10]
[max_cat_to_onehot: 4]
[top_k: 20]
[monotone_constraints: ]
[monotone_constraints_method: basic]
[monotone_penalty: 0]
[feature_contri: ]
[forcedsplits_filename: ]
[refit_decay_rate: 0.9]
[cegb_tradeoff: 1]
[cegb_penalty_split: 0]
[cegb_penalty_feature_lazy: ]
[cegb_penalty_feature_coupled: ]
[path_smooth: 0]
[interaction_constraints: ]
[verbosity: -1]
[saved_feature_importance_type: 0]
[use_quantized_grad: 0]
[num_grad_quant_bins: 4]
[quant_train_renew_leaf: 0]
[stochastic_rounding: 1]
[linear_tree: 0]
[max_bin: 255]
[max_bin_by_feature: ]
[min_data_in_bin: 3]
[bin_construct_sample_cnt: 200000]
[data_random_seed: 175]
[is_enable_sparse: 1]
[enable_bundle: 1]
[use_missing: 1]
[zero_as_missing: 0]
[feature_pre_filter: 1]
[pre_partition: 0]
[two_round: 0]
[header: 0]
[label_column: ]
[weight_column: ]
[group_column: ]
[ignore_column: ]
[categorical_feature: ]
[forcedbins_filename: ]
[precise_float_parser: 0]
[parser_config_file: ]
[objective_seed: 16083]
[num_class: 1]
[is_unbalance: 0]
[scale_pos_weight: 1]
[sigmoid: 1]
[boost_from_average: 1]
[reg_sqrt: 0]
[alpha: 0.9]
[fair_c: 1]
[poisson_max_delta_step: 0.7]
[tweedie_variance_power: 1.5]
[lambdarank_truncation_level: 30]
[lambdarank_norm: 1]
[label_gain: ]
[lambdarank_position_bias_regularization: 0]
[eval_at: ]
[multi_error_top_k: 1]
[auc_mu_weights: ]
[num_machines: 1]
[local_listen_port: 12400]
[time_out: 120]
[machine_list_filename: ]
[machines: ]
[gpu_platform_id: -1]
[gpu_device_id: -1]
[gpu_device_id_list: ]
[gpu_use_dp: 0]
[num_gpu: 1]

end of parameters

pandas_categorical:null
