tree
version=v4
num_class=1
num_tree_per_iteration=1
label_index=0
max_feature_idx=42
objective=binary sigmoid:1
feature_names=Column_0 Column_1 Column_2 Column_3 Column_4 Column_5 Column_6 Column_7 Column_8 Column_9 Column_10 Column_11 Column_12 Column_13 Column_14 Column_15 Column_16 Column_17 Column_18 Column_19 Column_20 Column_21 Column_22 Column_23 Column_24 Column_25 Column_26 Column_27 Column_28 Column_29 Column_30 Column_31 Column_32 Column_33 Column_34 Column_35 Column_36 Column_37 Column_38 Column_39 Column_40 Column_41 Column_42
feature_infos=[-1.3056055685190404:8.5219948871805578] [-1.3697569899706565:8.599740191072085] [-1.344137145454755:8.1381258952230091] [-1.3005282300617569:8.1055077372287894] [-1.3643567534969498:8.5407233270822456] [-1.3594349039853362:8.1283509668394984] [-2.1807286499729743:5.0366476202810802] [-1.7965441098769155:6.716042687267838] [-2.5690170355895661:4.3524672627991157] [-2.9715283802690702:3.1970584267447109] [-5.2784900543657836:2.2629955710292089] [-2.2568024379273188:4.1839400830920255] [-1.3436640972631473:3.0025077243790466] [-2.9707264433373282:3.2970010886854126] [-2.2364289993287039:4.2795745788238548] [-1.7271302772989778:1.6853448673643237] [-1.5692448446674416:1.4644728715903335] [-3.48380081702066:0.94813784856317218] [-1.9485775105755547:0.51319487912217154] [-2.5367816267636027:1.9347888883917181] [-2.5568126979543577:3.7393775683254087] [-2.1287057664537845:3.583607870742278] [-3.6563601451822478:3.0038477170563986] [-1.7510658102382695:3.0479593294763854] [-2.0599871438476716:3.8741154514780742] [-2.1949134743557281:4.8967663639615235] [-4.6962731774561526:3.5354162364724928] [-3.0021435914270325:2.534320083031572] [-2.3407291125737677:3.7421152767596357] [-2.3897705569910253:4.1615957157004404] [-3.3853363791026063:3.6967973700316774] [-2.2554369375433287:3.5523569010981411] [-2.6716132255498577:3.7687699357073305] [-2.6714907977461895:6.5250232634472916] [-6.0670851198878708:3.4719876428327257] [-3.3084956433815131:2.4964222244176688] [-2.7670424128430477:3.8934864135242102] [-1.6113288218206294:2.2397226112104649] [-1.1331460405889346:2.9115112147710018] [-1.1253174279411866:3.3010091876859575] [4:804] [4:804] [0:1]
tree_sizes=3724 3622 3639 3678 3642 3534 3928 3831 3296 3523 3844 3595 3839 3730 3763 3805 3845 3510 3850 3720 3873 3831 3842 4022 3626

Tree=0
num_leaves=35
num_cat=0
split_feature=16 15 26 1 0 22 32 14 32 16 29 22 0 39 29 30 30 22 22 15 33 12 27 32 40 32 28 25 36 31 12 32 33 29
split_gain=12.1619 8.50485 7.51032 6.39011 6.49267 6.24804 5.47176 7.43763 4.81511 5.25834 5.75674 4.11025 3.62615 4.96669 3.11665 4.51018 3.19176 3.00556 2.91181 2.57287 2.37025 2.34354 2.27858 5.83213 2.25037 2.25964 1.99209 1.91604 1.63809 1.52889 1.5176 1.02926 0.714193 0.676429
threshold=-0.60397102585814955 1.3806595865908149 0.96301329461979168 0.70574331284429115 1.1878806868503311 -0.32625621406292465 -0.63215855781841446 -0.11804707465076909 -0.26413666288943238 1.0507840921006368 0.88591257935470769 0.61033551656438523 -0.43372967471155582 -0.57202660098779357 -1.0552329829242451 0.55660599069855132 -0.11151983469147556 0.61033551656438523 0.090006777326990764 1.0000000180025095e-35 0.36140213732825616 -0.19995320996203253 -0.36102444060111649 0.65591807443302319 454.00000000000006 -0.84683799652698732 0.25248349551047278 -1.0000000180025095e-35 0.81456271076953435 0.070643758035015172 -0.17957728563467465 -1.1151872949127035 -0.26909173447933465 0.40062618878496936
decision_type=2 2 2 2 2 2 2 2 2 2 2 2 2 2 2 2 2 2 2 2 2 2 2 2 2 2 2 2 2 2 2 2 2 2
left_child=1 2 5 4 8 19 17 -8 9 10 12 -5 -2 -14 -10 16 22 31 -9 -1 -21 -18 23 32 -11 -26 -20 -13 -4 -17 -15 -7 -16 -3
right_child=3 33 28 11 -6 6 7 18 14 24 -12 27 13 30 15 29 21 -19 26 20 -22 -23 -24 -25 25 -27 -28 -29 -30 -31 -32 -33 -34 -35
leaf_value=0.13414369054900466 0.16654871288153769 0.17622663745460723 0.18980710547300667 0.20660481472551212 0.15106167958485947 0.15951681702008372 0.13763026942128792 0.18550987099860231 0.16654871288153769 0.17185025692665903 0.15242177783878891 0.16648627107145392 0.16979901923089719 0.20711377470701886 0.15754629642232537 0.1808682542266048 0.18148273811747492 0.19278744478496224 0.15093369909189192 0.14699398203367611 0.17185025692665903 0.15936345818211417 0.19786366488360657 0.19482360831114043 0.16648627107145392 0.13630873316009601 0.17237287793564962 0.18831648138619889 0.17107397941848096 0.20765365753958592 0.18148273811747492 0.17622663745460723 0.17185025692665903 0.19479310454259741
leaf_weight=11.911836862564089 8.6857143789529783 4.9632653594017011 5.7077551633119574 8.6857143789529818 8.189387843012808 4.963265359401702 10.422857254743571 4.9632653594017162 8.6857143789529783 4.963265359401702 5.9559184312820426 5.211428627371788 7.6930613070726404 7.4448980391025543 5.2114286273717836 4.9632653594017011 5.7077551633119574 5.4595918953418723 6.2040816992521268 6.9485715031623823 5.9559184312820435 8.9338776469230705 7.6930613070726386 8.6857143789529783 5.2114286273717871 4.963265359401702 6.7004082351922989 6.2040816992521268 8.4375511109828931 7.6930613070726395 5.7077551633119619 4.9632653594016984 5.4595918953418758 4.9632653594017029
leaf_count=48 35 20 23 35 33 20 42 20 35 20 24 21 31 30 21 20 23 22 25 28 24 36 31 35 21 20 27 25 34 31 23 20 22 20
internal_value=0.17185 0.163467 0.160237 0.177347 0.174588 0.156151 0.163654 0.156054 0.176584 0.169811 0.176045 0.192444 0.181711 0.188229 0.182038 0.184696 0.179213 0.177434 0.168929 0.144393 0.157212 0.168452 0.18512 0.178261 0.155777 0.148576 0.161377 0.17842 0.179246 0.199642 0.198525 0.167875 0.164104 0.187828
internal_weight=234.514 92.5649 82.6384 141.949 121.848 68.4931 43.6767 28.2906 113.659 50.6253 35.4873 20.1012 29.5314 20.8457 63.0335 54.3478 41.6914 15.3861 17.8678 24.8163 12.9045 14.6416 27.0498 19.3567 15.138 10.1747 12.9045 11.4155 14.1453 12.6563 13.1527 9.92653 10.671 9.92653
internal_count=945 373 333 572 491 276 176 114 458 204 143 81 119 84 254 219 168 62 72 100 52 59 109 78 61 41 52 46 57 51 53 40 43 40
is_linear=0
shrinkage=1


Tree=1
num_leaves=33
num_cat=0
split_feature=16 15 23 1 0 32 22 32 21 35 41 34 35 30 20 22 16 34 31 3 23 24 29 24 27 35 25 15 24 29 25 20
split_gain=11.5102 8.10085 7.51966 6.0863 6.1609 5.79149 5.58784 4.62593 9.19797 4.84228 4.77017 4.39044 5.61461 4.72674 3.93342 3.91868 3.7211 3.7041 3.5772 3.01535 3.56496 2.736 2.42326 4.55901 2.28228 2.18849 1.82974 0.990854 0.930511 0.643392 0.407446 0.29124
threshold=-0.60397102585814955 1.3806595865908149 1.288316778247679 0.70574331284429115 1.1878806868503311 -0.63215855781841446 0.61033551656438523 -0.41747911910984153 1.0000000180025095e-35 -0.70197369882070382 470.50000000000006 -0.23765176489195103 -0.19103975141528587 0.35616824308154338 0.29146385107696515 0.61033551656438523 1.3265766117604347 -0.56886956915308284 0.75217058603886111 -0.069989474484319622 0.64844675961905807 1.0000000180025095e-35 -1.0552329829242451 1.0000000180025095e-35 0.26041535959321666 -0.70197369882070382 -1.0000000180025095e-35 -0.93494854728785426 -0.24678912860924923 0.40062618878496936 -1.0000000180025095e-35 -0.3081733171401555
decision_type=2 2 2 2 2 2 2 2 2 2 2 2 2 2 2 2 2 2 2 2 2 2 2 2 2 2 2 2 2 2 2 2
left_child=1 2 5 4 7 6 17 8 14 -10 16 21 25 -14 30 -5 19 31 -12 22 -21 -7 -9 28 -4 -13 -17 -11 -24 -3 -2 -1
right_child=3 29 24 15 -6 11 -8 10 9 27 18 12 13 -15 -16 26 -18 -19 -20 20 -22 -23 23 -25 -26 -27 -28 -29 -30 -31 -32 -33
leaf_value=-0.010598713346036971 0.027934741070688791 0.0042768271945454704 -0.0015094564149475643 0.033961664928315219 -0.020232353927616801 -0.044026149259553685 0.020475452899356778 0 0.00050023973840375967 -0.0098617532904641449 -0.018343520199933488 -0.010068476610319036 0.01432754983079673 -0.014923233193440173 -0.0037141193498689937 -0.0052371619764136458 -0.0039637204887935191 0.0073567841114678088 0.010402463004575322 -0.0086460602116357997 0.018861593480434438 -0.01147997644927678 0.013844625823237916 0.032005697417422208 0.022836260785541622 -0.036693152553295048 0.016087850085014822 -0.032972472339114545 -0.0012610577966172885 0.022450958464244775 0.0090397552869023526 -0.025968739385687018
leaf_weight=8.7008102834224719 6.1981849074363717 4.9613803625106794 6.2024230062961561 8.6572857201099414 8.2031127512454969 9.1965581029653496 5.4492103159427634 4.9644148796796719 9.4301497191190737 5.2106019556522361 7.6932231038808805 7.4510505348443985 7.9474849253892996 8.9450991749763471 7.9406916648149481 5.2137880772352219 8.9300316870212537 5.9603188335895547 5.2042734622955322 8.1823065727949196 5.9474383890628806 5.4654050767421714 5.7083151191473007 19.334727630019188 4.9610317945480347 7.4550173431634885 6.1949148774147016 8.1939792186021787 5.705873832106592 4.9528679251670837 4.9633113145828256 4.9678682535886773
leaf_count=35 25 20 25 35 33 37 22 20 38 21 31 30 32 36 32 21 36 24 21 33 24 22 23 78 20 30 25 33 23 20 20 20
internal_value=0 -0.00814519 -0.0112955 0.00535739 0.00266427 -0.0148828 -0.00274306 0.00461177 -0.00312949 -0.0156297 0.00919474 -0.0210197 -0.0133707 -0.000789195 0.0115721 0.0201054 0.0128031 -0.0104687 -0.00645217 0.0159519 0.00324745 -0.0344569 0.0204836 0.0234904 0.0102594 -0.0258874 0.00640137 -0.0262881 0.00655941 0.015639 0.0220727 -0.0185961
internal_weight=234.493 92.6165 82.7023 141.877 121.811 71.5388 25.0782 113.608 41.9369 22.8347 71.6706 46.4606 31.7987 16.8926 19.1022 20.066 58.7731 19.629 12.8975 49.8431 14.1297 14.662 35.7133 30.7489 11.1635 14.9061 11.4087 13.4046 11.4142 9.91425 11.1615 13.6687
internal_count=945 373 333 572 491 288 101 458 169 92 289 187 128 68 77 81 237 79 52 201 57 59 144 124 45 60 46 54 46 40 45 55
is_linear=0
shrinkage=0.03


Tree=2
num_leaves=33
num_cat=0
split_feature=16 34 38 34 35 1 0 19 32 32 21 35 23 16 14 31 32 35 29 30 30 34 31 35 31 25 1 1 35 31 31 24
split_gain=10.9137 7.16432 9.92211 7.24899 6.40653 5.80167 5.84507 5.43394 5.04906 4.38121 8.75107 4.59972 3.88394 3.85281 3.43324 3.2381 2.53225 2.49933 3.0176 3.24304 6.32196 2.49856 2.75086 2.48074 2.20736 1.93322 1.6753 1.43958 1.14305 0.544842 0.528358 0.474063
threshold=-0.60397102585814955 -0.23765176489195119 1.0000000180025095e-35 -0.83384381256198847 0.22877009828325146 0.70574331284429115 1.1878806868503311 1.1895271358658317 -0.41747911910984153 -0.41747911910984153 1.0000000180025095e-35 -0.70197369882070382 0.32851175030474761 1.3265766117604347 0.72374252012217111 -0.90719908214441614 -0.63215855781841446 -0.44289333086477406 -1.0552329829242451 0.55660599069855132 -0.11151983469147556 0.83696600004416555 1.0000000180025095e-35 0.22877009828325146 0.070643758035015172 -0.56973684474135788 -0.14574399087466142 -0.2965282009082259 -0.53503488432190383 0.33732816899304191 -0.90719908214441614 -0.57646149501623489
decision_type=2 2 2 2 2 2 2 2 2 2 2 2 2 2 2 2 2 2 2 2 2 2 2 2 2 2 2 2 2 2 2 2
left_child=1 2 26 -4 8 6 9 29 -3 10 15 -12 16 17 28 -2 -7 21 -19 20 27 22 -11 -22 -15 -16 -1 -20 -10 -6 -13 -17
right_child=5 4 3 -5 7 12 -8 -9 14 13 11 30 -14 24 25 31 -18 18 19 -21 23 -23 -24 -25 -26 -27 -28 -29 -30 -31 -32 -33
leaf_value=-0.033358773253543972 -0.002297496648917458 0.013887900207996131 0.022593538695185874 -0.015901734504977175 0.028251816049554738 0.0071534588959321034 -0.019695125526932852 -0.01216159843279137 -0.0072303161676807379 0.0093145177915163815 0.00048731027217469724 -0.011236256302321487 -1.8068697801965045e-05 -0.018488995489117501 -0.012928981276285331 0.028149462210377309 0.036762873699819676 -0.0015683306349163625 0.037081298558410254 0.03336816045728435 0.0093085309024007624 0.017707341649582965 -0.015333684795598922 -0.01487348101022516 0.0053214619308492453 0.0078861407850049116 -0.010414146343329631 0.012476107383867367 -0.029818653538360669 0.011403392116799157 -0.031486864425940883 0.0092265010204399828
leaf_weight=18.155491426587105 8.1860386878252047 5.7085063308477393 6.7009811252355576 7.9510083794593793 6.2054809182882336 5.4389079809188852 8.2147979289293271 4.9646190702915183 4.9706055968999854 5.7001161128282565 9.4297476708889025 5.4696082174777985 5.9376222491264334 5.2159641087055189 6.2067498713731766 5.2001449316740036 8.6492747068405151 6.7025818824768058 5.1999345421791014 9.8841077685356122 5.6999847739934975 4.9501169621944419 7.6856972873210907 6.4493717551231384 5.7040280550718307 6.6995444148778898 6.4612976908683804 8.4154694825410843 9.1988327950239199 9.4271451681852323 7.9592691361904127 5.6977279633283597
leaf_count=73 33 23 27 32 25 22 33 20 20 23 38 22 24 21 25 21 35 27 21 40 23 20 31 26 23 27 26 34 37 38 32 23
internal_value=0 -0.00792974 -0.0174053 0.00179555 -0.000564775 0.00521842 0.00258898 0.0119327 -0.00877009 0.00448905 -0.00304004 -0.0152237 0.0196331 0.00895302 -0.0142354 0.0113079 0.027505 0.0119054 0.0158247 0.0191877 0.0119911 0.00203819 -0.00455366 -0.0033125 -0.00642798 -0.00201146 -0.0285101 0.0250174 -0.0237283 0.0203297 -0.0255984 0.0210532
internal_weight=234.441 92.6503 39.2688 14.652 53.3815 141.791 121.765 20.5972 32.7842 113.55 41.9425 22.8586 20.0258 71.6074 27.0757 19.0839 14.0882 60.6874 42.3515 35.6489 25.7648 18.3359 13.3858 12.1494 10.92 12.9063 24.6168 13.6154 14.1694 15.6326 13.4289 10.8979
internal_count=945 373 158 59 215 572 491 83 132 458 169 92 81 289 109 77 57 245 171 144 104 74 54 49 44 52 99 55 57 63 54 44
is_linear=0
shrinkage=0.03


Tree=3
num_leaves=34
num_cat=0
split_feature=16 15 23 32 36 38 1 0 32 21 34 22 20 16 30 30 37 15 24 12 30 21 19 23 27 31 20 22 36 21 29 28 22
split_gain=10.352 7.63203 7.05561 5.53514 6.01582 6.45838 5.51967 5.55427 4.16633 8.3318 3.89789 3.78922 3.74325 3.67461 3.59695 3.40696 2.72322 2.77989 2.62593 2.3323 7.22665 2.88649 2.76729 2.89156 2.12841 2.10481 2.089 1.89276 1.34953 0.839192 0.610931 0.305891 0.558345
threshold=-0.60397102585814955 1.3806595865908149 1.288316778247679 -0.63215855781841446 -0.44214084137523119 -1.0000000180025095e-35 0.70574331284429115 1.1878806868503311 -0.41747911910984153 1.0000000180025095e-35 -0.23765176489195103 0.61033551656438523 0.29146385107696515 1.3265766117604347 -0.51239532992549153 -0.37877016484748621 -0.45601339191130108 -1.0000000180025095e-35 1.0000000180025095e-35 -0.17957728563467465 0.088917912925532347 0.1919216486571155 1.0000000180025095e-35 0.64844675961905807 0.26041535959321666 0.070643758035015172 -0.3081733171401555 -0.63845345760536099 -0.06512977573180137 0.45968635040068101 0.40062618878496936 0.6366631411525826 0.61033551656438523
decision_type=2 2 2 2 2 2 2 2 2 2 2 2 2 2 2 2 2 2 2 2 2 2 2 2 2 2 2 2 2 2 2 2 2
left_child=1 2 3 4 5 -1 7 8 9 12 18 -8 -2 19 -11 27 -17 -18 -5 22 21 -21 23 26 -4 -15 -10 -12 -13 -16 -3 32 -24
right_child=6 30 24 10 -6 -7 11 -9 13 14 15 28 -14 25 29 16 17 -19 -20 20 -22 -23 31 -25 -26 -27 -28 -29 -30 -31 -32 -33 -34
leaf_value=-0.028288911492444224 0.021330276317307897 0.0042302135673668584 -0.0012544035922105921 -0.042220700778800482 0.016253182150425857 0.0064176068493229949 0.032811362395557507 -0.019175887228261662 0.0067423631018456521 0 -0.035225286464688768 0.014398621245260918 -0.0038132753663187432 -0.01803838731686536 -0.029797164030844595 0.00777923606850501 -0.026908082554240875 0 -0.010666295016005843 0 -0.020977968025439615 0.028815715657194846 0.020350187907082793 0.01936997519946131 0.022261513941053 0.0051970628977732356 -0.014839383412043205 -0.0068410853629017349 -0.0038425525500389367 -0.0087094388150072387 0.0220438855160126 0.030477871067940431 0.0049230635430225576
leaf_weight=8.9658112376928347 11.127714961767198 4.9601296782493574 6.2076101601123792 9.2313418537378258 8.4367116838693601 7.6899083554744747 8.6050266027450579 8.2245786041021329 8.4255349636077881 9.1872444748878497 6.2243461012840271 5.9355214834213257 7.9376310706138602 5.2232310473918897 8.4627073705196363 7.939839541912078 5.2236043810844395 7.4590848088264581 5.477946311235427 5.4466034919023532 6.2012897580862036 5.4398751109838486 8.9125096052885073 7.9053605794906607 4.9481539726257324 5.7012913078069687 5.1996136605739602 4.975407660007475 5.4445108920335752 5.2283542454242697 4.9427612274885178 7.3938556313514701 5.693717509508132
leaf_count=36 45 20 25 37 34 31 35 33 34 37 25 24 32 21 34 32 21 30 22 22 25 22 36 32 20 23 21 20 22 21 20 30 23
internal_value=0 -0.00770866 -0.0107662 -0.0142395 -0.00239113 -0.0127282 0.00509698 0.00253169 0.00438669 -0.00295168 -0.0202297 0.0191732 0.0110557 0.00874338 -0.0148327 -0.0129688 -0.00469025 -0.0129168 -0.0329141 0.0116309 0.00163708 0.0159841 0.0152355 0.00649942 0.0101043 -0.00626589 -0.00175182 -0.0253856 0.00577457 -0.0237943 0.0153778 0.0225692 0.0157276
internal_weight=234.379 92.6827 82.7798 71.624 25.0924 16.6557 141.696 121.711 113.487 41.9437 46.5316 19.9851 19.0653 71.5429 22.8783 31.8223 20.6225 12.6827 14.7093 60.6184 17.0878 10.8865 43.5306 21.5305 11.1558 10.9245 13.6251 11.1998 11.38 13.6911 9.90289 22.0001 14.6062
internal_count=945 373 333 288 101 67 572 491 458 169 187 81 77 289 92 128 83 51 59 245 69 44 176 87 45 44 55 45 46 55 40 89 59
is_linear=0
shrinkage=0.03


Tree=4
num_leaves=33
num_cat=0
split_feature=16 12 1 0 32 21 16 35 25 30 29 41 29 35 22 14 41 0 35 32 41 12 33 22 22 19 33 25 37 24 33 37
split_gain=9.83212 7.24866 5.26114 5.27339 3.9876 6.42547 7.0422 4.74498 4.25942 3.67251 4.0874 3.6589 4.79193 3.66511 3.61968 3.39292 3.26174 3.13064 2.80347 2.77904 3.51449 3.52072 3.48836 3.09831 2.14076 1.82175 1.78404 1.70201 1.45978 1.05544 0.63422 0.166267
threshold=-0.60397102585814955 -1.0191551838004529 0.70574331284429115 1.1878806868503311 -0.26413666288943238 1.0000000180025095e-35 1.0507840921006368 -0.19103975141528587 -0.34812184979394384 -0.37877016484748621 0.40062618878496936 470.50000000000006 -1.0552329829242451 -0.44289333086477406 0.61033551656438523 0.68475259034735825 370.00000000000006 1.0000000180025095e-35 0.10995598987800509 -0.63215855781841446 406.00000000000006 -0.10420213238239782 0.16573162538796934 0.61033551656438523 0.61033551656438523 -0.59910107019629699 -0.68217392635327345 -1.0000000180025095e-35 -1.2262236785175198 -0.57646149501623489 1.0000000180025095e-35 -1.0000000180025095e-35
decision_type=2 2 2 2 2 2 2 2 2 2 2 2 2 2 2 2 2 2 2 2 2 2 2 2 2 2 2 2 2 2 2 2
left_child=1 -1 3 4 5 6 24 8 -7 15 19 12 -6 17 -4 16 -3 -14 -13 23 21 -21 26 -11 -2 -10 -22 -16 -15 -9 -18 -30
right_child=2 9 14 -5 11 7 -8 29 25 10 -12 18 13 28 27 -17 30 -19 -20 20 22 -23 -24 -25 -26 -27 -28 -29 31 -31 -32 -33
leaf_value=0.019107556802409355 0.029882138270267134 -0.001912828836253539 0.032097111810885898 -0.018673733662125224 -0.0087542089451871623 -0.020931105239203204 -0.012101453559663123 -0.01029735890026286 -0.0013010346443162756 -0.0074444251634882934 0.015815465846247316 -0.018114346690001344 0.013391060739259853 0.0058193700153762306 -0.0055035710641150237 -0.0019286606823437937 -0.014088885815181402 -0.012270095278089166 0.0074304550309935513 0.013376721448673972 -0.016865530178493317 -0.015995344839066363 -0.03375124490830176 0.018724085839705713 0.0053652634722681164 0.019805938796358943 0.0026538283968467495 0.015050827605628626 0.029888543219602548 -0.03508244410370507 -0.035581859575819823 0.014831628006269047
leaf_weight=6.9235386699438086 8.38525238633156 5.4759330898523357 8.5665746033191699 8.2325836122035962 6.7050113826990119 4.9713187366724041 7.6828493773937216 5.4816215336322784 6.7053245157003429 8.7011904120445234 5.9614769518375388 5.6992824077606183 9.397815644741053 5.9189356267452196 5.2082229256629944 9.6941091716289503 5.9748829901218441 5.4489693343639365 6.6862615048885345 6.9569586664438248 7.4460632354021028 4.9738521575927717 7.9683476239442816 5.1884987056255332 6.9392678886651984 5.2132135927677146 6.4514691829681459 6.1647983789443952 14.557941511273382 5.2329934835433942 10.971723005175589 8.3867121338844424
leaf_count=28 34 22 35 33 27 20 31 22 27 35 24 23 38 24 21 39 24 22 27 28 30 20 32 21 28 21 26 25 59 21 44 34
internal_value=0 -0.0075119 0.00496978 0.00246497 0.00427536 -0.00187524 0.00936639 -0.0114507 -0.000715925 -0.0100211 -0.00483194 0.00925361 0.0128016 0.0164216 0.0187294 -0.0179082 -0.0240118 0.00334431 -0.00457905 -0.00793874 -0.0124593 0.00026617 -0.0192309 0.00281318 0.0206051 0.00866608 -0.00803884 0.00562746 0.0224531 -0.0257153 -0.0300912 0.0258782
internal_weight=234.273 92.688 141.585 121.645 113.413 50.6118 23.0074 27.6045 16.8899 85.7645 53.6479 62.8009 50.4154 43.7104 19.9396 32.1166 22.4225 14.8468 12.3855 47.6864 33.7967 11.9308 21.8659 13.8897 15.3245 11.9185 13.8975 11.373 28.8636 10.7146 16.9466 22.9447
internal_count=945 373 572 491 458 204 93 111 68 345 216 254 204 177 81 129 90 60 50 192 136 48 88 56 62 48 56 46 117 43 68 93
is_linear=0
shrinkage=0.03


Tree=5
num_leaves=32
num_cat=0
split_feature=16 15 23 32 38 34 7 0 15 32 21 35 23 20 16 32 34 17 22 32 32 31 26 12 27 19 38 35 15 29 28
split_gain=9.31504 7.09073 6.67397 5.17896 5.04806 8.69726 5.0249 5.00061 3.84065 3.80268 7.61376 4.08132 3.66257 3.49004 3.45752 3.17962 3.16908 2.71901 3.21942 2.49977 2.06988 2.01416 1.98946 1.9876 4.99168 3.57937 3.92283 1.36897 1.02106 0.529468 0.235124
threshold=-0.60397102585814955 1.3806595865908149 1.288316778247679 -0.63215855781841446 1.0000000180025095e-35 -0.7013566908575356 0.88497295624481775 1.1878806868503311 -1.1786967719066614 -0.41747911910984153 1.0000000180025095e-35 -0.70197369882070382 0.32851175030474761 0.29146385107696515 1.3265766117604347 0.87059751314159606 -0.7013566908575356 0.57880962643118627 -0.11812471836796677 -0.63215855781841446 1.2999563905587419 0.070643758035015172 0.65432494159746735 -0.13326907075282537 -1.0000000180025095e-35 1.0000000180025095e-35 -0.62756388366894245 -0.70197369882070382 -0.93494854728785426 0.40062618878496936 1.0000000180025095e-35
decision_type=2 2 2 2 2 2 2 2 2 2 2 2 2 2 2 2 2 2 2 2 2 2 2 2 2 2 2 2 2 2 2
left_child=1 2 3 4 5 -1 7 9 -5 10 13 -12 19 -2 17 22 -6 23 -19 -8 -4 -16 27 25 -25 26 -11 -10 -13 -3 -27
right_child=6 29 20 8 16 -7 12 -9 15 14 11 28 -14 -15 21 -17 -18 18 -20 -21 -22 -23 -24 24 -26 30 -28 -29 -30 -31 -32
leaf_value=-0.027997685123421254 0.020510477405004727 0.0042777864707902267 0.019967881226862383 0.00026959296726389515 0.027109772058668716 0.015233747496278935 0.006118299697984636 -0.01818780483691626 -0.012584128350426599 -0.010186414678535439 0.00055900232710476402 -0.0082876963237513441 -0.00064955329158351198 -0.0037609283733495711 -0.017724310085295545 -0.0043946681942029601 -0.0030566888136851094 0.014069209296140851 -0.01248410482786807 0.035164435935177235 -0.0032195311456431975 0.0049994968328574097 -0.0067933102512672183 0.017130350681140313 -0.016851870052048835 0.014244429138535752 0.017504840716324799 -0.035038691709053792 -0.030479147029692392 0.021256381096719242 0.031890728379901576
leaf_weight=9.97269059717655 11.083086237311365 4.9601698964834195 6.1917257755994779 6.9702861607074729 4.9491618871688843 5.2055851817131069 5.4074963778257379 8.23893293738365 6.4832129329442969 6.1783071458339718 9.4309536218643206 5.2329208403825751 5.9159583747386923 7.9383775293827048 5.2270570099353773 8.2070605009794217 4.9611251950263959 5.9230317771434784 7.6703551262617093 8.565716877579689 4.9584817737340927 5.6960546523332596 5.4695513397455207 8.1488168090581876 4.9614059031009736 6.6720517724752453 9.8787652999162585 19.448609456419952 8.2378834038972837 4.9215062409639359 11.049268335103987
leaf_count=40 45 20 25 28 20 21 22 33 26 25 38 21 24 32 21 33 20 24 31 35 20 23 22 33 20 27 40 78 33 20 45
internal_value=0 -0.00731684 -0.0102633 -0.0136423 -0.00218033 -0.0127746 0.00483395 0.00238604 -0.0194305 0.00415206 -0.00285341 -0.0141995 0.018299 0.0105542 0.00832148 -0.0229267 0.0130659 0.0111312 -0.000268163 0.0259944 0.0100231 -0.00621872 -0.0271666 0.0144658 0.0034497 0.0182429 0.0065483 -0.0306386 -0.0239535 0.014948 0.0271892
internal_weight=234.156 92.6992 82.8175 71.6673 25.0886 15.1783 141.456 121.567 46.5787 113.328 41.9232 22.9018 19.8892 19.0215 71.4051 39.6084 9.91029 60.482 13.5934 13.9732 11.1502 10.9231 31.4014 46.8886 13.1102 33.7784 16.0571 25.9318 13.4708 9.88168 17.7213
internal_count=945 373 333 288 101 61 572 491 187 458 169 92 81 77 289 159 40 245 55 57 45 44 126 190 53 137 65 104 54 40 72
is_linear=0
shrinkage=0.03


Tree=6
num_leaves=36
num_cat=0
split_feature=1 32 22 23 22 19 2 15 40 34 37 25 35 20 35 15 37 25 35 22 26 15 34 34 22 22 33 29 25 36 32 32 35 32 15
split_gain=7.35768 6.20766 6.52233 6.21486 5.79997 7.70832 8.53355 8.39149 5.77677 6.8817 6.85809 7.3707 5.25129 5.12242 6.58939 4.72834 5.97291 6.2681 5.78484 4.25119 3.58406 3.11099 3.04691 2.71693 2.61157 2.51699 2.32354 2.26092 1.5691 1.51683 1.3611 0.995756 0.750848 0.665687 0.0333221
threshold=1.2290532182548983 0.87059751314159606 0.090006777326990875 0.96838176893336858 -0.32625621406292465 -1.7915198742377156 -0.3755764172591145 -0.081829761122028929 587.00000000000011 -0.23765176489195119 -0.45601339191130108 0.90769645490806972 -0.44289333086477406 0.89110101929408592 -0.53503488432190383 1.0150372496626039 -0.45601339191130108 -0.86522350467124343 -0.27703853464194034 -1.0547164489952763 0.13984435322692693 -0.44745209805023983 0.16927296605743947 0.027322478516954352 0.61033551656438523 0.090006777326990764 0.16573162538796934 -0.56994659235450695 1.0000000180025095e-35 -0.19080013094627804 -0.63215855781841446 1.5146358292673148 0.45395112278462318 -0.63215855781841446 0.40566668811558565
decision_type=2 2 2 2 2 2 2 2 2 2 2 2 2 2 2 2 2 2 2 2 2 2 2 2 2 2 2 2 2 2 2 2 2 2 2
left_child=1 4 20 28 5 -1 12 19 9 10 11 27 -7 14 -12 16 21 -18 -19 -8 -3 -11 34 -20 -2 -16 -10 -6 -4 -26 -21 -22 -5 -27 -9
right_child=24 2 3 32 8 6 7 22 26 15 13 -13 -14 -15 25 -17 17 18 23 30 31 -23 -24 -25 29 33 -28 -29 -30 -31 -32 -33 -34 -35 -36
leaf_value=0.016110431732601006 0.028546511805003946 -0.00065487396931854832 0 -0.026517646993119079 -0.009520058757068621 -0.042312947976543946 0.001879130873368929 0.0091808920941069093 -0.02806924278726846 0.029519742323958105 0.022606976923061597 0.0076446458755148744 -0.0062975271565636395 0.026128194212603997 0.0025681338351667173 0.030500068711235711 0.017930609033657164 -0.034887351313042395 0.013469758690042648 -0.035234843826191013 0.033883367374491997 0.0007779836401467957 -0.0078359076312902766 -0.0097422685315284273 0.015430690938743601 -0.0076766967909185461 -0.0009973164342262932 -0.038588923281144175 0.020752361026705107 -0.0039378580050338065 -0.012250754086197076 0.012233811580010343 -0.0062868661850469139 -0.028521024811313449 0.022585768353312222
leaf_weight=6.7068549096584311 8.3093042671680468 5.2029324173927334 5.4356436133384722 4.9515293687581998 5.6952360272407541 11.698388397693636 6.2086126655340204 6.1978754699230212 6.9470550715923292 9.3697752803564054 4.9506832212209764 5.9579402953386298 6.4513008445501319 5.6948743909597388 5.215405821800231 7.1591517180204383 8.1694266200065595 4.9696568101644507 5.6886089444160595 7.4701705276966095 8.6399811357259733 5.6854645162820772 4.9509736299514762 10.667012035846708 5.421879306435585 4.9566030651330975 5.2036312818527222 8.4561305344104767 5.6607190370559692 5.9315608888864499 7.9489783197641373 6.9255048334598532 5.1884266585111618 4.9793215245008424 4.9446320235729218
leaf_count=27 34 21 22 20 23 47 25 25 28 38 20 24 26 23 21 29 33 20 23 30 35 23 20 43 22 20 21 34 23 24 32 28 21 20 20
internal_value=0 -0.00163987 0.00846445 -0.00299166 -0.00418887 -0.0113608 -0.0150981 -0.00626327 0 0.00251781 -0.00575829 -0.0183107 -0.0312746 0.00427533 -0.00302221 0.00993311 0.00561189 -0.00219508 -0.0108395 -0.0180447 0.0198606 0.020082 0.00941719 -0.000879581 0.016896 -0.013039 -0.0182986 -0.0293071 0.0115199 0.00556621 -0.0258772 0.0265245 -0.0188256 -0.0210182 0.017578
internal_weight=234.011 214.349 42.0047 21.2363 172.344 62.5778 55.8709 37.7212 109.766 97.6153 45.9062 20.1093 18.1497 25.7969 20.102 51.7091 44.5499 29.4947 21.3253 21.6278 20.7684 15.0552 16.0935 16.3556 19.6627 15.1513 12.1507 14.1514 11.0964 11.3534 15.4191 15.5655 10.14 9.93592 11.1425
internal_count=945 865 170 86 695 252 225 152 443 394 185 81 73 104 81 209 180 119 86 87 84 61 65 66 80 61 49 57 45 46 62 63 41 40 45
is_linear=0
shrinkage=0.03


Tree=7
num_leaves=35
num_cat=0
split_feature=16 15 23 32 36 38 12 23 24 17 24 35 15 37 36 28 19 37 20 30 34 35 29 19 35 32 35 16 20 16 35 15 37 29
split_gain=8.74752 6.53711 6.2121 4.9878 5.47827 5.65902 4.74751 6.48424 5.41198 5.10186 4.66791 3.74874 3.60429 3.44452 4.31102 4.28098 6.09 3.67037 3.17536 3.90769 3.02948 3.08568 4.30817 2.90319 2.53122 1.98601 1.9771 1.83374 1.72932 1.59669 1.44476 1.41696 1.28103 0.532378
threshold=-0.60397102585814955 1.3806595865908149 1.288316778247679 -0.63215855781841446 -0.44214084137523119 -1.0000000180025095e-35 -0.17957728563467465 0.32851175030474761 -0.24678912860924923 1.0000000180025095e-35 -0.57646149501623489 1.0000000180025095e-35 -1.1786967719066614 1.0844071813011369 0.15664143935256883 1.2129326096157469 -0.30099636918594219 1.0000000180025095e-35 -0.3081733171401555 0.35616824308154299 -0.23765176489195103 -1.0000000180025095e-35 -0.56994659235450695 0.29521303283476724 -0.70197369882070382 1.2999563905587419 -0.70197369882070382 0.77499157244083916 1.0000000180025095e-35 1.0507840921006368 0.62594868923793234 -0.081829761122028929 -0.45601339191130108 0.40062618878496936
decision_type=2 2 2 2 2 2 2 2 2 2 2 2 2 2 2 2 2 2 2 2 2 2 2 2 2 2 2 2 2 2 2 2 2 2
left_child=1 2 3 4 5 -1 9 8 10 11 18 24 -5 14 15 16 27 30 -8 -20 -14 26 -23 -9 -2 -4 -22 -11 -18 -13 32 -10 -16 -3
right_child=6 33 25 12 -6 -7 7 23 31 13 -12 29 20 -15 17 -17 28 -19 19 -21 21 22 -24 -25 -26 -27 -28 -29 -30 -31 -32 -33 -34 -35
leaf_value=-0.026357710999082743 0 0.0038495307183125942 0.019440203967687267 0.00023094794398652869 0.015866105676566523 0.006095688697413215 0.020869028745454508 -0.028761240166171348 0.0043142626991784202 0.0022290223633188622 -0.022486336743990608 0.016356633950123978 -0.035769397045035789 0.030822905198702035 0.013290455079327546 -0.016972430911529019 0.0043280241733353667 0.0012333040257743028 -0.021224765945014289 0.011120661576570445 -0.0087205243451923178 -0.021509618903808748 0.0099781368307082542 -0.0021120189292586199 -0.027786156782272319 -0.0032571424456945041 -0.033277695252058884 -0.018334192210136404 0.027920792169672047 -0.003737517317210272 0.0088588075140396474 0.028061429931571 0.039677753997188189 0.020587104764770516
leaf_weight=8.9866088926792163 5.4445764720439911 4.9509891718626005 6.1748403459787351 6.9649024754762641 8.4147471189498884 7.6738655418157604 5.4515080600976917 8.203307777643202 4.9497063905000687 7.647064283490181 6.7055366188287726 6.4006939232349378 10.992097750306124 7.3973604291677466 5.8929649442434338 6.6684531867504111 5.6712617129087457 9.1361934691667575 4.9563309252262115 5.4153801053762436 7.4721823930740294 5.2334828823804855 7.6960669755935758 7.1805143207311621 5.2019570171833056 4.9568594098091125 8.2360727936029434 5.2086125910282135 8.6375581473112089 4.9327326118946075 6.4015066623687735 6.6305493116378802 7.11465860903263 4.8994268923997879
leaf_count=36 22 20 25 28 34 31 22 33 20 31 27 26 44 30 24 27 23 37 20 22 30 21 31 29 21 20 33 21 35 20 26 27 29 20
internal_value=0 -0.0070802 -0.00990721 -0.0131661 -0.00192561 -0.0118104 0.00469976 -0.0026475 0.00456089 0.00870604 -0.00389416 -0.00350837 -0.0188418 0.0126307 0.00970629 0.00206152 0.00758702 0.0180122 0.00490329 -0.00455962 -0.0222258 -0.0153067 -0.00326241 -0.0179706 -0.0154417 0.00967166 -0.0237233 -0.0067296 0.0202473 0.00772875 0.0249682 0.0200287 0.030747 0.0143236
internal_weight=233.901 92.6521 82.8017 71.67 25.0752 16.6605 141.248 49.4928 34.109 91.7556 22.5288 21.98 46.5948 69.7756 62.3783 33.8329 27.1645 28.5453 15.8232 10.3717 39.6299 28.6378 12.9295 15.3838 10.6465 11.1317 15.7083 12.8557 14.3088 11.3334 19.4091 11.5803 13.0076 9.85042
internal_count=945 373 333 288 101 67 572 200 138 372 91 89 187 283 253 137 110 116 64 42 159 115 52 62 43 45 63 52 58 46 79 47 53 40
is_linear=0
shrinkage=0.03


Tree=8
num_leaves=30
num_cat=0
split_feature=7 12 21 39 19 0 4 26 4 30 35 21 26 41 41 36 20 13 22 15 36 22 12 26 30 11 24 36 22
split_gain=6.85499 7.82926 4.53617 4.49689 4.04381 4.14239 5.14332 4.93472 6.01359 5.81302 5.47946 6.56098 5.13554 4.63375 4.41099 3.98987 2.99068 2.80519 2.70435 2.69462 2.65574 2.46243 2.40495 2.60893 2.12902 1.90779 1.48284 1.42893 1.21792
threshold=1.4379610274889916 -0.10420213238239782 -0.52211755599239207 -0.57202660098779357 -1.7915198742377156 1.1878806868503311 0.12493019812038501 0.036948235552818905 -0.18350201079444764 0.22254307800353781 0.87382753500887766 1.0000000180025095e-35 -1.1463571176994236 470.50000000000006 454.00000000000006 0.31188128991162817 1.0000000180025095e-35 -0.42885814839930686 -0.84658495330031858 -0.44745209805023983 -0.44214084137523119 0.61033551656438523 -0.89150685715334665 -0.16884399979539716 0.82385632085456184 -0.38031221660400033 -0.57646149501623489 -0.19080013094627804 -0.63845345760536099
decision_type=2 2 2 2 2 2 2 2 2 2 2 2 2 2 2 2 2 2 2 2 2 2 2 2 2 2 2 2 2
left_child=1 4 17 15 -1 6 7 10 9 13 11 16 -13 18 -14 -4 26 -3 -9 -5 -21 -2 -8 -24 -11 -19 -6 -23 -22
right_child=21 2 3 19 5 -7 22 8 -10 24 -12 12 14 -15 -16 -17 -18 25 -20 20 28 27 23 -25 -26 -27 -28 -29 -30
leaf_value=0.024572112082778812 0.027701952038965926 0.015065649936891837 0.01063564970843937 -0.0039230355575913143 0.0059564687598580223 -0.01714667624971895 0.026062567173123913 0.019584165888094376 -0.020286637256472621 0.029857596391653723 -0.024677340164310325 0.013698830948476676 -0.033963200210183273 -0.02172924501785568 -0.0060703183357424684 -0.018915212604142674 -0.00085207986408000411 0.002636605784536678 0 -0.038617064800051761 -0.001327990780786261 0.014942085790952029 0.018311107279859816 -0.0076268813640355182 0.0076349228157629951 -0.01655725768904389 0.031706103987267961 -0.0038542100688461274 -0.022116620106867092
leaf_weight=5.4316515624523154 8.2567611485719699 6.6865278780460384 8.4316873550415021 6.7083791643381145 5.1853269338607788 8.935410410165785 9.3308319002389926 7.888295352458953 5.4484417885541907 11.064470916986467 10.181584089994429 4.9510618746280661 7.2174890488386216 4.9550868123769751 16.13021881878376 5.4706228226423255 8.911018028855322 8.6630081832408905 20.037960767745975 10.212228834629061 5.4703297317028055 5.4046872407197952 4.9542830586433411 5.9341941326856595 8.8509728461503965 6.9527342766523335 4.9392929375171679 5.9304508268833143 5.2186785191297504
leaf_count=22 34 27 34 27 21 36 38 32 22 45 41 20 29 20 65 22 36 35 81 41 22 22 20 24 36 28 20 24 21
internal_value=0 -0.00157125 -0.0102641 -0.0159622 0.00214379 0.00101904 0.00243043 -3.09413e-05 0.0059963 0.00930462 -0.00623354 -0.0015073 -0.0105616 0.00113541 -0.0164641 -0.00131285 0.0114491 0.000427569 0.00629714 -0.0226848 -0.0277727 0.0163481 0.0158276 0.00447879 0.0214879 -0.0062608 0.0215049 0.0053394 -0.0134425
internal_weight=233.754 214.162 63.8142 41.5119 150.348 144.916 135.981 115.761 58.2452 52.7968 57.516 47.3344 28.2988 32.8813 23.3477 13.9023 19.0356 22.3023 27.9263 27.6096 20.9012 19.5919 20.2193 10.8885 19.9154 15.6157 10.1246 11.3351 10.689
internal_count=945 865 257 167 608 586 550 468 236 214 232 191 114 133 94 56 77 90 113 111 84 80 82 44 81 63 41 46 43
is_linear=0
shrinkage=0.03


Tree=9
num_leaves=32
num_cat=0
split_feature=16 12 26 1 0 4 15 21 24 21 37 23 23 26 19 32 20 32 36 38 15 32 33 12 36 2 0 26 29 30 33
split_gain=8.25208 6.16072 4.69918 4.34513 4.41611 4.05435 3.67654 3.50819 6.79101 4.43966 4.25128 3.45447 3.40202 3.09637 4.79125 2.88869 2.83621 2.71351 5.83892 3.02551 2.97189 2.39873 2.33842 2.26724 1.84138 1.81887 1.70267 1.6697 1.44315 0.978348 0.493691
threshold=-0.60397102585814955 -1.0191551838004529 0.96301329461979168 0.70574331284429115 1.1878806868503311 0.12493019812038501 0.89316313735320019 1.0000000180025095e-35 0.41255560420472259 0.90596085330662357 1.0844071813011369 -0.31135826832387287 0.32851175030474761 0.55142882392335923 1.1895271358658317 -0.41747911910984153 0.29146385107696515 -0.63215855781841446 -0.44214084137523119 -1.0000000180025095e-35 -1.1786967719066614 -0.63215855781841446 -1.0000000180025095e-35 -0.69795770128828127 0.81456271076953435 -0.10801820505037403 0.45052922081559615 0.24274047090103518 1.0000000180025095e-35 -0.11151983469147556 -0.49116223612585069
decision_type=2 2 2 2 2 2 2 2 2 2 2 2 2 2 2 2 2 2 2 2 2 2 2 2 2 2 2 2 2 2 2
left_child=1 -1 5 4 7 17 -7 10 9 15 13 -11 21 14 16 22 30 18 19 -3 -19 -5 -9 -10 -4 -15 27 -22 -17 -25 -2
right_child=3 2 24 12 -6 6 -8 8 23 11 -12 -13 -14 25 -16 28 -18 20 -20 -21 26 -23 -24 29 -26 -27 -28 -29 -30 -31 -32
leaf_value=0.017736665787852029 0.032245207299232803 -0.027681392461537814 0.017291650501765968 0.0053499736795697235 -0.017021003424829134 -0.010871216217916984 0.015739886937310637 -0.036489202831148301 -0.0027854087254820161 -0.0070047751354259981 0.031922952423829955 0.019825764733757922 -0.0010078632908519384 0.0024645857707043962 -0.011716609118050555 0.0075856646935992889 0.00072824138786204827 -0.0019248741533149211 0.013447917234021426 0 -0.034873525706320803 0.033634153859201606 -0.0093298464360816197 0.024441910388283587 -0.002651474618133109 -0.017433755101014886 -0.0074387368470994935 -0.011707573615299208 -0.010903552698723968 0.0054921314304684343 0.015003891871877487
leaf_weight=6.868170514702796 5.406184360384942 7.9929497241973886 5.6806477457284918 5.3789361417293557 8.244988486170767 8.9391200691461545 6.9153498858213416 5.9895450323820087 5.1594329178333309 8.2087377160787565 5.3934008032083502 6.1770966202020636 5.898561254143714 9.5866300910711271 5.4538957178592673 4.9206958860158938 8.4184291362762433 6.9640795439481691 7.169125720858573 5.4515963792800912 15.216503933072099 8.4579489529132843 8.2182707190513611 8.8298680931329727 8.1691108047962171 4.9477203488349906 6.2261485159397116 6.9794190376996985 7.4156631827354431 5.8948846906423542 13.058021649718288
leaf_count=28 22 32 23 22 33 36 28 24 21 33 22 25 24 39 22 20 34 28 29 22 61 35 33 36 33 20 25 28 30 24 53
internal_value=9.64861e-07 -0.00687018 -0.00918211 0.0045772 0.002298 -0.0122589 0.0007474 0.00396337 -0.000862111 -0.0078781 0.00955725 0.00492242 0.017154 0.00594947 0.0110196 -0.0149216 0.0162191 -0.015969 -0.00625014 -0.0174509 -0.0209835 0.0246288 -0.0235524 0.0128387 0.00602797 -0.00493216 -0.0251222 -0.0290445 -0.00307213 0.0184345 0.022396
internal_weight=233.631 92.5722 85.7041 141.059 121.323 71.8543 15.8545 113.078 60.8142 40.93 52.2643 14.3858 19.7354 46.8709 32.3365 26.5442 26.8826 55.9998 20.6137 13.4445 35.3862 13.8369 14.2078 19.8842 13.8498 14.5344 28.4221 22.1959 12.3364 14.7248 18.4642
internal_count=945 373 345 572 491 289 64 458 246 165 212 58 81 190 131 107 109 225 83 54 142 57 57 81 56 59 114 89 50 60 75
is_linear=0
shrinkage=0.03


Tree=10
num_leaves=35
num_cat=0
split_feature=16 12 26 22 12 23 24 17 24 19 41 21 35 24 20 30 12 22 33 38 35 22 30 37 13 17 36 24 16 26 36 12 35 31
split_gain=7.82732 5.86132 4.46415 4.4796 4.27858 6.01254 5.01505 4.82888 4.42193 4.17634 3.93083 4.56687 3.57139 3.38605 3.05239 3.59768 2.72526 2.50095 4.31028 4.26354 2.41732 2.39327 2.12059 1.95259 2.63859 2.27757 1.75909 1.57394 1.51535 1.33617 1.21486 0.73454 0.353569 0.316715
threshold=-0.60397102585814955 -1.0191551838004529 0.96301329461979168 -0.32625621406292465 -0.17957728563467465 0.32851175030474761 -0.24678912860924923 1.0000000180025095e-35 -0.57646149501623489 -0.89720577120665168 470.50000000000006 1.0000000180025095e-35 1.0000000180025095e-35 -0.90613386142322072 -0.3081733171401555 0.35616824308154299 0.60696830830079052 -0.11812471836796677 -0.49116223612585069 -1.0000000180025095e-35 -0.70197369882070382 0.29813827302194873 1.3583569811665834 1.0000000180025095e-35 -0.40419433654761039 0.57880962643118627 0.81456271076953435 -1.0000000180025095e-35 1.0507840921006368 -1.0000000180025095e-35 -0.44214084137523119 -0.17957728563467465 0.36795233955796869 -0.69977787362150634
decision_type=2 2 2 2 2 2 2 2 2 2 2 2 2 2 2 2 2 2 2 2 2 2 2 2 2 2 2 2 2 2 2 2 2 2
left_child=1 -1 3 9 7 6 8 12 14 30 13 -12 20 -9 -6 -16 -7 31 21 27 -2 -19 23 25 -25 32 -4 33 -14 -8 -3 -5 -15 -20
right_child=4 2 26 17 5 16 29 10 -10 -11 11 -13 28 22 15 -17 -18 18 19 -21 -22 -23 -24 24 -26 -27 -28 -29 -30 -31 -32 -33 -34 -35
leaf_value=0.017334832514357589 0 -0.018791364795966273 0.01690586607858216 0.012582675620792261 0.020541922868907717 -0.025032252067197436 0.029936313019882792 -0.0022390258725290004 -0.02178281678522296 -0.036034203506820697 0.013595806897815865 -0.019605187059154212 0.015827847840134617 0.035642619281412859 -0.020381736779459623 0.010659740333307039 0.00021303483127770969 -0.0069612595335464527 -0.036849523826636109 9.1084742870163127e-05 -0.027287158523755163 0.018756272100643848 0 -0.0051875238304901821 0.018241923826297236 0.0085128352633117247 -0.0025837211452798946 -0.0061369253026004999 -0.0037418196919840243 0.0068087365078068601 -0.001739303135456547 -0.0012664586300415142 0.017305861281590448 -0.01418233446256169
leaf_weight=6.8515810370445243 5.4389088004827499 6.4745610058307639 5.6703543961048117 5.452124610543251 5.4394387602806065 10.440364941954611 4.8757167458534241 7.6606787890195838 6.7081327140331259 9.967395678162573 5.9035835862159711 5.9298703819513321 6.3774165213108045 12.445100203156473 4.9623601585626602 5.394162505865097 4.9564131945371619 4.964405149221415 6.4847043901681864 9.1630474776029676 5.2068257629871386 4.9537088572978973 5.6506853103637686 5.6919838041067115 9.5527027398347837 8.3644603788852709 8.1711339801549894 4.9736795723438272 4.9252922385931015 6.6500547826290148 9.4477133452892321 4.978576645255087 8.3376385569572431 4.979739785194397
leaf_count=28 22 26 23 22 22 42 20 31 27 40 24 24 26 51 20 22 20 20 26 37 21 20 23 23 39 34 33 20 20 27 38 20 34 20
internal_value=6.18089e-06 -0.0066857 -0.00894056 -0.0119401 0.00446682 -0.00250621 0.00444376 0.00827831 -0.00368566 -0.0216911 0.0121083 -0.00292545 -0.00359819 0.0152887 0.00487543 -0.00440468 -0.0172529 -0.00580757 -0.00958529 -0.0158992 -0.0152327 0.00613474 0.0180753 0.0202122 0.00945458 0.0249048 0.00588167 -0.0244094 0.00739221 0.0193737 -0.0100385 0.00614142 0.0302157 -0.0302466
internal_weight=233.445 92.5327 85.6811 71.8397 140.912 49.4266 34.0299 91.4851 22.5041 25.8897 69.5367 11.8335 21.9484 57.7032 15.796 10.3565 15.3968 45.95 35.5193 25.6012 10.6457 9.91811 50.0426 44.3919 15.2447 29.1472 13.8415 16.4381 11.3027 11.5258 15.9223 10.4307 20.7827 11.4644
internal_count=945 373 345 289 572 200 138 372 91 104 283 48 89 235 64 42 62 185 143 103 43 40 204 181 62 119 56 66 46 47 64 42 85 46
is_linear=0
shrinkage=0.03


Tree=11
num_leaves=33
num_cat=0
split_feature=7 19 21 34 31 35 34 34 21 20 14 29 21 33 28 19 25 4 23 25 34 28 33 26 0 14 27 29 36 38 33 36
split_gain=6.16269 4.94367 6.20434 5.11577 4.01115 4.5142 6.69556 5.77635 6.60683 5.86189 3.72704 3.46521 4.37977 3.42407 3.24721 3.01745 2.9667 2.83652 2.51104 2.5076 4.2791 3.27261 3.16269 2.21868 2.18204 2.10735 1.79639 2.6945 1.67391 1.2211 1.6664 0.557512
threshold=1.4379610274889916 -1.7915198742377156 1.0000000180025095e-35 0.42478384363031252 -1.5986031105541147 1.14194138859786 0.62351452618699144 -0.30389532574417749 -0.87913715831714601 0.29146385107696515 0.32605149918905713 0.40062618878496936 0.90596085330662357 -1.399632470134325 -0.32378597295269168 -1.1953104722170063 0.61220979497818429 -0.45668482440472796 -0.31135826832387287 1.2031831148379553 -0.17140820403972482 -0.32378597295269168 0.94841367314911695 0.036948235552818905 -1.1086032684334237 -1.5137205087052097 -0.36102444060111649 -0.32730339706963779 -1.3577391436521318 -0.62756388366894245 -0.8126209343134646 -0.06512977573180137
decision_type=2 2 2 2 2 2 2 2 2 2 2 2 2 2 2 2 2 2 2 2 2 2 2 2 2 2 2 2 2 2 2 2
left_child=1 -1 4 10 -3 6 7 8 16 17 15 26 -13 -8 -10 -4 -6 -9 -7 20 22 -22 28 -12 -2 -26 -5 -28 -17 -15 -31 -23
right_child=24 2 3 11 5 18 13 9 14 -11 23 12 -14 29 -16 19 -18 -19 -20 -21 21 31 -24 -25 25 -27 27 -29 -30 30 -32 -33
leaf_value=0.019185940508625154 -0.00065311962836774116 -0.019801444004678006 0.0072159207686859897 0.0056811634706987616 -0.030897523197655638 3.7692639098024323e-05 0.007604056903083605 0.0050270625670588024 -0.0029941952017815722 -0.0025701964391405961 -0.035366543754926663 0.023505868034788345 -0.0042597365632836516 -0.0028611567794163168 0.02274798393438375 -0.0088467915708523009 -0.00026253876583619805 0.031969832980431004 0.027015094023636863 0.0031405175605856111 -0.017082274889938479 0.014302623965667435 0 -0.0062553466042617935 0.034459158781764129 0.0089030970555371309 0.0029005050586585024 -0.021861390499609029 -0.031488263522733227 -0.034947697373587813 -0.0092129815297808861 0
leaf_weight=8.3904293179512006 4.8899742811918285 4.9704182147979727 8.174069866538046 5.6752951145172146 6.198931410908699 4.9440997540950784 4.9099928438663509 6.1782986670732507 7.9084735661745071 9.655452221632002 7.7060861438512784 9.319183215498926 8.379270598292349 4.9477657675743147 6.906507328152653 6.4710746556520418 5.1927651315927505 13.500108569860465 9.5897103250026667 8.1507614254951459 5.693735495209693 5.168999731540679 5.2178564667701712 4.954150527715683 5.3009554594755182 9.2852093279361689 5.4180711358785638 8.4125794917345011 14.686135679483415 4.9625011086463964 7.1645771414041448 4.9461764544248643
leaf_count=34 20 20 33 23 25 20 20 25 32 39 31 38 34 20 28 26 21 55 39 33 23 21 21 20 22 38 22 34 59 20 29 20
internal_value=3.81675e-06 -0.00148313 -0.0024894 -0.00739301 0.00295577 0.00454636 0.00143652 0.0070284 -0.00298032 0.0158747 -0.0120361 0.00145612 0.0107421 -0.0119814 0.00962675 -0.008277 -0.0190537 0.0247493 0.0190742 -0.0110447 -0.0139367 -0.000970362 -0.0210228 -0.026268 0.0155512 0.0209109 -0.00684915 -0.012435 -0.0258722 -0.0180957 -0.0228718 0.00861713
internal_weight=233.27 213.793 205.403 108.373 97.0296 92.0592 77.5254 55.5405 26.2067 29.3339 71.169 37.2044 17.6985 21.9848 14.815 58.5088 11.3917 19.6784 14.5338 50.3347 42.184 15.8089 26.3751 12.6602 19.4761 14.5862 19.5059 13.8307 21.1572 17.0748 12.1271 10.1152
internal_count=945 865 831 438 393 373 314 225 106 119 287 151 72 89 60 236 46 80 59 203 170 64 106 51 80 60 79 56 85 69 49 41
is_linear=0
shrinkage=0.03


Tree=12
num_leaves=35
num_cat=0
split_feature=16 15 23 32 36 38 12 23 24 17 24 41 21 35 24 15 20 14 12 27 34 35 27 22 22 36 25 35 16 15 23 29 26 26
split_gain=7.34496 5.68969 5.29141 4.84796 4.5892 4.96304 3.96616 5.68516 4.73409 4.56765 4.21709 3.73629 4.22345 3.32936 3.17206 3.13508 2.90972 2.70754 2.60578 2.4004 2.35677 2.33335 1.99818 1.87843 2.00368 3.60021 3.1961 2.83727 1.44985 1.32309 0.923885 0.508201 0.480517 0.312474
threshold=-0.60397102585814955 1.3806595865908149 1.288316778247679 -0.63215855781841446 -0.44214084137523119 -1.0000000180025095e-35 -0.17957728563467465 0.32851175030474761 -0.24678912860924923 1.0000000180025095e-35 -0.57646149501623489 470.50000000000006 1.0000000180025095e-35 1.0000000180025095e-35 -0.90613386142322072 -1.1786967719066614 -0.3081733171401555 0.72374252012217111 0.60696830830079052 0.26041535959321666 -0.23765176489195103 -0.70197369882070382 0.26041535959321666 1.2347300036492583 -0.63845345760536099 0.31188128991162817 1.0000000180025095e-35 0.62594868923793234 1.0507840921006368 -0.081829761122028929 -0.6312932776381831 0.40062618878496936 0.75722105927157568 0.24274047090103518
decision_type=2 2 2 2 2 2 2 2 2 2 2 2 2 2 2 2 2 2 2 2 2 2 2 2 2 2 2 2 2 2 2 2 2 2
left_child=1 2 3 4 5 -1 9 8 10 13 16 14 -13 21 -11 -5 -8 20 -9 -18 -17 -2 -4 24 25 -16 27 32 -15 -10 -22 -3 -26 -32
right_child=6 31 22 15 -6 -7 7 18 29 11 -12 12 -14 28 23 17 19 -19 -20 -21 30 -23 -24 -25 26 -27 -28 -29 -30 -31 33 -33 -34 -35
leaf_value=-0.023880812257686297 0 0.0034115170479886037 -0.001906753943473662 5.271575614879983e-05 0.015177334867109052 0.0064377298314542471 0.020152300624394784 -0.024324688188157969 0.0038156181164950365 -0.002107286685202308 -0.021187967236820079 0.013006070366987747 -0.018927645875079328 0.015358350100525794 -0.0042740074609172504 -0.037176713808232446 -0.016757959778805492 -0.0050169636956617601 0.00031204376198411461 0.008544837892163256 -0.0029553976657109493 -0.026596733303670878 0.020841966319266811 0.0018452535709563246 0.010115873615134397 0.023087450275030456 0.036537135338346349 -0.0025029233255785955 -0.0037746556109183389 0.026697484311406561 -0.026467449758228241 0.019611213915745059 0.029408668367525776 -0.010882643294093759
leaf_weight=8.9747958332300204 5.439556822180748 4.937352702021597 6.1848117858171445 6.953905761241912 8.3767628222703916 7.675420448184016 5.4281814694404575 10.450151965022085 4.9324327707290649 7.6572793871164313 6.7112019658088675 5.8829979896545392 5.939128577709198 6.35876816511154 7.8907556235790199 10.461537763476366 5.2184295058250427 9.4476580768823606 4.9559527337551108 5.129971370100975 5.2262994050979605 5.2151175141334551 4.9016313254833221 7.1121481955051413 6.106709137558946 6.561480700969696 11.676252499222754 5.6610557585954657 4.9208322465419769 6.5553601086139697 6.4827115833759397 4.86146380007267 4.8688335120677948 7.9726592898368835
leaf_count=36 22 20 25 28 34 31 22 42 20 31 27 24 24 26 32 42 21 38 20 21 21 21 20 29 25 27 48 23 20 27 26 20 20 32
internal_value=2.49925e-07 -0.00648281 -0.00912357 -0.0121332 -0.00109982 -0.010197 0.00432688 -0.00238519 0.00437784 0.00800215 -0.00351408 0.0117356 -0.00291105 -0.00354248 0.0148443 -0.0177213 0.00484376 -0.0208772 -0.0167199 -0.0042145 -0.0251852 -0.0147661 0.0089596 0.017549 0.0198741 0.00877513 0.0246117 0.0135816 0.00707857 0.0189102 -0.0163466 0.0135162 0.0216622 -0.0200791
internal_weight=233.13 92.457 82.6582 71.5718 25.027 16.6502 140.673 49.3817 33.9756 91.2909 22.4878 69.3566 11.8221 21.9343 57.5345 46.5448 15.7766 39.5909 15.4061 10.3484 30.1432 10.6547 11.0864 49.8772 42.7651 14.4522 28.3129 16.6366 11.2796 11.4878 19.6817 9.79882 10.9755 14.4554
internal_count=945 373 333 288 101 67 572 200 138 372 91 283 48 89 235 187 64 159 62 42 121 43 45 204 175 59 116 68 46 47 79 40 45 58
is_linear=0
shrinkage=0.03


Tree=13
num_leaves=34
num_cat=0
split_feature=16 12 26 1 0 4 5 41 29 23 24 29 20 29 34 19 36 31 41 41 20 40 13 26 19 34 40 36 24 14 21 12 12
split_gain=6.97677 5.39625 4.0679 3.94906 3.92226 3.67164 3.22657 3.65042 3.56048 3.1653 3.08775 4.13938 4.80938 3.06796 3.29007 3.03708 2.42357 2.37898 2.26716 4.0673 2.5065 2.18315 3.30235 2.09785 1.82484 3.10573 1.73441 1.70373 1.6109 1.16987 1.99075 2.54172 0.0141238
threshold=-0.60397102585814955 -1.0191551838004529 0.96301329461979168 0.70574331284429115 1.1878806868503311 0.12493019812038501 -0.75676005500758958 470.50000000000006 -0.32730339706963779 0.32851175030474761 1.0000000180025095e-35 1.0000000180025095e-35 -0.3081733171401555 -1.0552329829242451 0.093566039369180717 1.1895271358658317 -0.31647048616075468 -0.49235666509859666 376.50000000000006 252.50000000000003 0.59128243518552559 370.00000000000006 0.18461437051058113 -0.95771423529689226 0.29521303283476724 0.75600164789144431 454.00000000000006 0.81456271076953435 -0.24678912860924923 -0.26537211692756973 -0.52211755599239207 -0.13326907075282537 -0.38281105430310386
decision_type=2 2 2 2 2 2 2 2 2 2 2 2 2 2 2 2 2 2 2 2 2 2 2 2 2 2 2 2 2 2 2 2 2
left_child=1 -1 5 4 6 18 -2 10 -9 28 11 15 26 -12 16 21 -15 -7 19 -3 29 -8 -23 -14 25 -16 -13 -4 -5 -20 -31 32 -32
right_child=3 2 27 9 -6 17 7 8 -10 -11 13 12 23 14 24 -17 -18 -19 20 -21 -22 22 -24 -25 -26 -27 -28 -29 -30 30 31 -33 -34
leaf_value=0.016767250779815116 0.020886959570830678 -0.019486306742716442 0.01654059266431334 0.011652463414083684 -0.016149418301579708 -0.010876943276849439 0.02655492554727194 0.0033172676206705744 -0.021429794953822742 -0.0011819226615874204 -0.0080993258230072016 -0.0071372144210291311 -0.0031660462796892002 0.012713679075796415 0.023387266677729949 -0.0098862808024926616 -0.012444305203999936 0.010575117179484913 -0.034842208994110127 0.010403434340634234 -0.0017436684515298741 -0.0045229877358675423 0.022292834411761771 -0.029089150934966758 0.032716597134093965 -0.0040224184050132823 0.013256608228514282 -0.0026434077255021995 0.036726627924993836 -0.0009308019135347784 -0.013989987850917608 -0.0038306030899385693 -0.031841099387927362
leaf_weight=6.8201107233762732 7.5758641958236685 5.9767513871192914 5.6550437211990348 8.9352914541959763 8.2402420639991742 6.6894379407167426 6.1324373483657899 8.897795036435129 9.1652705669403058 5.8869485408067694 4.9470033943653098 4.9607167094945925 5.4431525319814682 5.8558682799339294 6.5877792984247225 5.1934221535921088 4.9361738115549105 9.1384877860546094 6.2114069610834042 7.4403514266014099 7.927352860569953 9.8573773950338346 4.9233355820178977 7.7122923135757429 7.749404087662696 5.6108455061912537 7.1402166485786438 8.1658584773540479 4.761776566505433 6.4627523571252778 5.4597358256578401 6.9646923393011297 9.4756961762905103
leaf_count=28 31 24 23 37 33 27 25 36 37 24 20 20 22 24 27 21 20 37 25 30 32 40 20 31 32 23 29 33 20 26 22 28 38
internal_value=6.21415e-06 -0.00631345 -0.00847917 0.00422645 0.0020532 -0.011346 0.00363145 0.00205513 -0.00961313 0.0162607 0.00466591 0 -0.00850383 0.0112503 0.0147823 0.00805355 0.000604166 0.00100573 -0.0148817 -0.00312956 -0.0182221 0.0131398 0.00527158 -0.0201945 0.0215944 0.011282 0.00459001 0.00566532 0.0235289 -0.0216044 -0.0169 -0.0209943 -0.027553
internal_weight=232.901 92.3877 85.5676 140.513 120.929 71.7467 112.689 105.113 18.0631 19.584 87.05 51.363 25.2564 35.6871 30.7401 26.1066 10.792 15.8279 55.9187 13.4171 42.5016 20.9132 14.7807 13.1554 19.948 12.1986 12.1009 13.8209 13.6971 34.5743 28.3629 21.9001 14.9354
internal_count=945 373 345 572 491 289 458 427 73 81 354 208 102 146 126 106 44 64 225 54 171 85 60 53 82 50 49 56 57 139 114 88 60
is_linear=0
shrinkage=0.03


Tree=14
num_leaves=34
num_cat=0
split_feature=16 35 36 1 0 22 5 21 22 24 2 21 35 37 25 33 36 24 21 29 1 35 24 39 0 38 26 25 25 24 14 21 31
split_gain=6.65258 5.00444 4.15806 3.77711 3.72854 3.31213 3.07469 3.07503 4.5914 3.82274 5.38036 5.20281 3.2712 3.50439 2.99954 2.49434 2.2563 6.21969 1.9742 2.36639 2.40675 1.94689 2.82828 1.93193 1.82013 1.7666 1.60151 1.47411 1.19686 1.14339 0.713292 0.283079 0.121495
threshold=-0.60397102585814955 0.22877009828325146 -0.72674723406683983 0.70574331284429115 1.1878806868503311 0.61033551656438523 -0.75676005500758958 1.0000000180025095e-35 0.19407252517446966 1.0000000180025095e-35 -0.27657987874188061 0.90596085330662357 1.14194138859786 -0.45601339191130108 0.31672313504829863 -1.0000000180025095e-35 -0.06512977573180137 1.0000000180025095e-35 -0.87913715831714601 1.0000000180025095e-35 0.093736813296294116 -0.70197369882070382 -1.0000000180025095e-35 -0.57202660098779357 -0.4219095367064189 1.0000000180025095e-35 0.24274047090103501 -1.0000000180025095e-35 0.31672313504829863 0.74222797061170864 0.13304041191260976 0.45968635040068101 1.1670130030846806
decision_type=2 2 2 2 2 2 2 2 2 2 2 2 2 2 2 2 2 2 2 2 2 2 2 2 2 2 2 2 2 2 2 2 2
left_child=1 18 -3 4 6 -5 -2 8 26 11 -11 15 13 28 -13 -9 -4 -18 -1 25 21 22 30 -17 -15 -20 -8 -7 -10 -12 -21 -23 -19
right_child=3 2 16 5 -6 27 7 9 12 10 29 14 -14 24 -16 23 17 32 19 20 -22 31 -24 -25 -26 -27 -28 -29 -30 -31 -32 -33 -34
leaf_value=0.0022136934448528053 0.0204114458801904 -0.01463073855122975 0.02064834659251126 0.028828273695253107 -0.015741173722507482 -0.0065023824759142344 0.025151652409716629 -0.02916650133981423 -0.025572864003550997 -0.01556524247438758 0.021602784017070026 0.019179901791297579 0.016067319922903424 -0.0081847536721851872 -0.0083942310780868723 -0.017639522962614045 -0.014913515443092724 0.022172071911120032 -0.032164773555878733 -0.0027694916888993089 0.0056686856384847405 -0.0099896221377916445 0.0090217051157931421 0.0035457983601513343 0.011894094138418064 -0.0075031429961649569 0.0042036598887914426 0.012669275106592109 -0.0033198537952264465 0.0045074109741328906 -0.02056206425072845 -0.026415555149383943 0.0075238739249457471
leaf_weight=7.1874199062585822 7.555044323205947 7.6998155266046515 7.8765470087528255 8.2942217290401477 8.2392474859952909 5.175393670797348 11.463862314820291 8.6881520301103574 5.4289442151784932 5.9166033565998104 8.8042696267366427 5.9326748102903348 7.3350378572940818 4.9341801255941418 5.2178319543600082 5.9665309935808137 8.6678929030895251 4.9253975003957731 8.1966340690851194 4.965009465813635 7.1169055551290503 6.2243171781301516 6.69657735526562 6.4399605244398179 9.1014467179775203 6.208295226097106 6.3585249185562125 6.0583103746175748 4.9445316046476364 8.5011138170957548 5.2065040767192841 6.4539559632539749 4.9179856926202774
leaf_count=29 31 31 32 35 33 21 47 35 22 24 36 24 30 20 21 24 35 20 33 20 29 25 27 26 37 25 26 25 20 35 21 26 20
internal_value=4.9796e-06 -0.00616617 0.00275724 0.00412968 0.00200377 0.0159171 0.00354482 0.00200498 0.00736093 -0.00274368 0.00615803 -0.00932099 0.000144385 -0.00506214 0.00633705 -0.0177345 0.00856014 0.00195457 -0.0114262 -0.0134684 -0.00854963 -0.0122761 -0.00445649 -0.00701489 0.0043405 -0.0236233 0.018895 0.00364013 -0.0172307 0.0145533 -0.0138632 -0.0206845 0.0173451
internal_weight=232.699 92.3433 34.0876 140.356 120.828 19.5279 112.589 105.034 49.5665 55.4671 23.222 32.2452 31.7441 24.4091 11.1505 21.0946 26.3878 18.5113 58.2556 51.0682 36.6633 29.5464 16.8681 12.4065 14.0356 14.4049 17.8224 11.2337 10.3735 17.3054 10.1715 12.6783 9.84338
internal_count=945 373 138 572 491 81 458 427 202 225 95 130 129 99 45 85 107 75 235 206 148 119 68 50 57 58 73 46 42 71 41 51 40
is_linear=0
shrinkage=0.03


Tree=15
num_leaves=35
num_cat=0
split_feature=16 12 12 23 12 17 21 23 22 32 37 41 21 19 35 21 32 35 33 41 24 25 19 35 30 35 37 3 17 32 36 16 13 35
split_gain=6.32032 5.06378 3.72839 5.25048 4.45716 4.33514 3.74383 3.49776 3.70512 3.77559 3.61082 3.44811 3.86692 3.30986 3.08186 2.99593 2.94358 7.016 6.18288 3.40642 2.9386 2.64122 2.58058 2.16375 2.04536 2.01756 1.86182 2.38526 2.11267 1.72038 1.66406 1.38299 0.908111 0.332736
threshold=-0.60397102585814955 -1.0191551838004529 -0.17957728563467465 0.32851175030474761 0.50410927744047818 1.0000000180025095e-35 1.0000000180025095e-35 1.288316778247679 -0.32625621406292465 -0.63215855781841446 -0.45601339191130108 470.50000000000006 1.0000000180025095e-35 -0.89720577120665168 1.0000000180025095e-35 0.45968635040068101 0.2265591970158771 0.87382753500887766 0.16573162538796934 370.00000000000006 -0.90613386142322072 -1.0000000180025095e-35 0.29521303283476724 -0.70197369882070382 1.3583569811665834 -1.051027583681831 1.0000000180025095e-35 0.11543417361638984 0.57880962643118627 1.0614236808825497 0.43755164512610484 1.0507840921006368 0.36005877658080082 0.36795233955796869
decision_type=2 2 2 2 2 2 2 2 2 2 2 2 2 2 2 2 2 2 2 2 2 2 2 2 2 2 2 2 2 2 2 2 2 2
left_child=1 -1 5 4 21 14 -6 8 13 10 -10 20 -13 15 23 -3 17 18 -11 -18 -7 -4 -5 -2 26 -17 28 -28 33 -9 -21 -16 -23 -22
right_child=2 7 3 22 6 11 -8 29 9 16 -12 12 -14 -15 31 25 19 -19 -20 30 24 32 -24 -25 -26 -27 27 -29 -30 -31 -32 -33 -34 -35
leaf_value=0.016362939949896356 0 0.0071744183727661661 -0.0012990500435171057 -0.026397532174832133 0.0073883850160678536 -0.002044628693039265 -0.017724033304309841 0.017507554341240683 -0.0096611714891750456 0.011461840562479585 0.017387346831626637 0.01243587307532988 -0.018134177908328358 -0.031936037518825525 0.01473647640648577 -0.002434812374433235 0.016352263639355224 -0.044060908194152301 -0.026324274782632918 0.0010801107555140528 0.033929330530221659 0.0079941414083754565 -0.0014030626302025252 -0.02581523624435066 0 -0.028747367528453964 0.01698481743397735 -0.0052845839491828138 0.007809341037704789 -0.003768870326069873 -0.020674527284121339 -0.0039442026579862826 0.030950542139943193 0.01629495367811537
leaf_weight=6.799474135041236 5.4312838464975357 5.4723184555769029 5.1562489271163949 8.2157768309116346 8.8255311399698275 7.6499228179454795 9.4354463219642621 5.1386043578386289 5.9468762278556815 7.6992007195949572 9.3856950104236585 5.8605510443449003 5.9414995908737183 10.169086515903471 6.3264352232217771 5.7043221592903164 5.2050840556621543 4.9845562130212775 5.2126017510890961 4.9692871421575529 12.259271651506426 4.9070557355880702 7.1791571974754325 5.2184168249368685 5.613659366965293 5.2201793491840318 9.4652469605207425 5.6770498752593985 8.3214367777109164 5.4406603127717972 4.9676866084337234 4.910374715924263 5.5255049169063568 8.2679249644279462
leaf_count=28 22 22 21 33 36 31 38 21 24 31 38 24 24 41 26 23 21 20 21 20 51 20 29 21 23 21 39 23 34 22 20 20 23 34
internal_value=0 -0.00601432 0.00402443 -0.00248629 0.00403069 0.00759796 -0.00564401 -0.00811391 -0.0104152 -0.00502773 0.00661383 0.0112484 -0.00281239 -0.019218 -0.00364624 -0.0089796 -0.0106567 -0.0184045 -0.00452855 -0.000305582 0.0142468 0.0152155 -0.0162563 -0.0144302 0.0168629 -0.0174436 0.0189714 0.0085514 0.02355 0.00695964 -0.010556 0.006599 0.0230179 0.0286923
internal_weight=232.503 92.3156 140.188 49.2447 33.8498 90.9431 18.261 85.5162 74.9369 48.371 15.3326 69.0566 11.8021 26.5659 21.8865 16.3968 33.0384 17.8964 12.9118 15.1421 57.2545 15.5888 15.3949 10.6497 49.6046 10.9245 43.9909 15.1423 28.8486 10.5793 9.93697 11.2368 10.4326 20.5272
internal_count=945 373 572 200 138 372 74 345 302 195 62 283 48 107 89 66 133 72 52 61 235 64 62 43 204 44 181 62 119 43 40 46 43 85
is_linear=0
shrinkage=0.03


Tree=16
num_leaves=35
num_cat=0
split_feature=12 13 4 0 32 19 36 12 37 24 35 40 36 36 20 39 23 1 22 13 13 12 34 34 35 30 19 34 15 30 35 23 32 32
split_gain=5.32381 6.70605 4.5115 4.00846 3.09476 2.84752 3.29536 2.82059 4.288 3.67065 3.53775 5.02818 3.51237 3.10802 4.39512 6.23161 3.53073 2.71416 4.34437 3.82645 3.30879 2.49456 2.3872 2.58802 2.28635 2.11204 1.86457 1.78603 1.02001 0.865825 0.587593 0.325077 0.265148 0.169342
threshold=-0.095531908116611899 1.7758998125849048 0.12493019812038501 1.9758898871927959 0.2265591970158771 0.5933177338451221 -0.31647048616075468 -0.86078160429701345 1.0000000180025095e-35 0.41255560420472259 0.75494686407791389 454.00000000000006 0.81456271076953435 -0.44214084137523119 0.59128243518552559 -0.57202660098779357 -0.31135826832387287 -0.14574399087466142 -0.32625621406292465 0.32895027530013632 -0.36228784188330104 0.66656989956593748 0.75600164789144431 0.2922967219258597 -0.44289333086477406 -0.17833241723047827 -1.1953104722170063 -1.0988180559708938 1.2587854742814113 -0.77964566008150216 0.36795233955796869 -0.31135826832387287 -0.26413666288943238 -0.63215855781841446
decision_type=2 2 2 2 2 2 2 2 2 2 2 2 2 2 2 2 2 2 2 2 2 2 2 2 2 2 2 2 2 2 2 2 2 2
left_child=2 17 7 4 5 28 -7 8 -1 12 11 -11 13 14 15 -9 25 18 26 20 21 -20 23 -13 29 -15 -2 -17 -4 -18 -6 -19 -26 -28
right_child=1 -3 3 -5 30 6 -8 9 -10 10 -12 22 -14 16 -16 27 24 31 19 -21 -22 -23 -24 -25 32 -27 33 -29 -30 -31 -32 -33 -34 -35
leaf_value=-0.02304801814327789 -0.0038588372747199928 0.019973210825990208 0.003740104608045938 -0.0083684220950788393 0.033791833163588837 0.011317345790987896 -0.018729992487695739 -0.01695393151774054 0.0082974132199694507 0.020975890465410461 0.026063512473131174 -0.0090360857689779292 -0.017797898454888324 -0.017707853403721861 -0.025315991638202338 -7.4835552281692869e-05 0.0091634901678576443 -0.0097421547603257202 -0.0075345159148906783 0.017181626956855701 -0.017222222543627024 0.016502388908122435 -0.015963613915601325 0.017293648379703274 0.025464605305658555 0.0041252061204248925 -0.030966859709828699 0.021019724545450567 0.025099046172744527 -0.0062707932718258554 0.013841485945446834 -0.026322822580184913 0.0095029902858660437 -0.012119513810258258
leaf_weight=9.0875190049409849 7.9431699663400677 5.9997058808803549 4.8925053179264086 6.3656833022832862 6.5222346633672696 4.8751530051231384 5.1648853570222837 9.1742704510688817 4.9054991900920859 8.5465092211961764 7.5332187712192527 5.1836137175560015 9.3379509150981885 5.4347471296787262 6.6805897355079642 4.9490053206682232 4.9206085503101349 5.9154559820890427 6.2129979431629199 7.8954532593488684 9.9309553951025062 6.1664370447397232 8.1075794100761396 5.1175912022590637 7.5933057516813225 7.6402353793382591 5.2112740576267251 7.888970032334325 5.078980877995491 4.9494799822568858 7.7636864483356476 7.9387234002351743 5.8670975565910464 5.455508619546884
leaf_count=37 32 25 20 26 27 20 21 37 20 35 31 21 38 22 27 20 20 24 25 32 40 25 33 21 31 31 21 32 21 20 32 32 24 22
internal_value=0 -0.00690474 0.00295968 0.0114279 0.0154665 0.00661745 -0.00404535 6.0179e-06 -0.0119326 0.00173531 0.00963776 0.00370446 -0.00196517 0.000565554 -0.00653134 0.000165875 0.00635435 -0.00997814 -0.0061134 0.000850428 -0.00539536 0.00449592 -0.00498891 0.0040715 0.0131274 -0.00542671 -0.0169351 0.0133123 0.0170017 0.00108986 0.0256754 -0.0212774 0.0205587 -0.0245031
internal_weight=232.251 68.6697 163.581 40.6631 34.2974 20.0115 10.04 122.918 13.993 108.925 34.4885 26.9553 74.4363 65.0983 28.6928 22.0122 36.4055 62.67 48.8158 30.2058 22.3104 12.3794 18.4088 10.3012 23.3305 13.075 18.61 12.838 9.97149 9.87009 14.2859 13.8542 13.4604 10.6668
internal_count=945 278 667 167 141 82 41 500 57 443 141 110 302 264 116 89 148 253 197 122 90 50 75 42 95 53 75 52 41 40 59 56 55 43
is_linear=0
shrinkage=0.03


Tree=17
num_leaves=32
num_cat=0
split_feature=16 15 35 32 40 12 20 19 16 38 40 32 22 40 28 28 28 21 32 31 34 35 41 22 33 15 32 32 15 28 35
split_gain=5.96451 5.02231 4.65846 3.68512 5.07154 3.42646 4.61269 4.94585 8.28888 8.00456 6.5071 4.84274 3.83911 3.88223 3.16797 2.85541 2.6966 2.67898 3.15287 3.86642 3.24965 2.61999 2.49125 2.38931 2.132 1.03576 0.613756 0.56524 0.438435 0.347005 0.185929
threshold=-0.60397102585814955 1.3806595865908149 0.22877009828325146 0.2265591970158771 454.00000000000006 -0.21213029195031077 -0.60799190124871583 1.0000000180025095e-35 1.0000000180025095e-35 -0.62756388366894245 406.00000000000006 -0.63215855781841446 -0.63845345760536099 370.00000000000006 0.44457331833152752 -0.32378597295269168 -0.94807789712112001 -0.87913715831714601 -0.63215855781841446 0.75217058603886111 -1.0988180559708938 -0.7930312340018677 406.00000000000006 0.61033551656438523 -1.0000000180025095e-35 -0.20370387343143256 -0.63215855781841446 0.2265591970158771 1.0150372496626039 -0.51587579577374665 -0.53503488432190383
decision_type=2 2 2 2 2 2 2 2 2 2 2 2 2 2 2 2 2 2 2 2 2 2 2 2 2 2 2 2 2 2 2
left_child=1 2 17 4 -4 12 11 15 -9 23 -11 -7 13 -2 28 21 -13 -1 20 30 -19 -8 -5 -10 -16 -12 -6 -17 -14 -18 -20
right_child=5 -3 3 22 26 6 7 8 9 10 25 16 14 -15 24 27 29 18 19 -21 -22 -23 -24 -25 -26 -27 -28 -29 -30 -31 -32
leaf_value=0.0021110121683316392 -0.020758812689178958 0.01296096014031544 0.011428950888580317 0.026485891467279667 -0.0062308397265269603 -0.007790843423924161 0.0098018103315045749 0.029288469464248214 0.025757025422678291 0.0079155311329954688 -0.029586842458638248 0.0030998839721514113 0.032391888836026762 0.0093013242469950647 0.014301407976315196 -0.028484496823411184 0.035613015400659573 -0.018400994772016014 -0.01804747606047543 -0.0038246898274026616 0.0068941668217390789 -0.015385131332418188 0 0.00041023096606813579 -0.0052830057492184281 -0.0089888520918899283 -0.023906361150416007 -0.0098700936360476207 0.014261243534463472 0.01329767178962101 -0.035227581913681812
leaf_weight=7.1773741394281378 4.9463846385478965 9.7504533976316434 6.8894665390253129 4.917484372854231 5.4323592931032207 7.1568093001842525 6.395122230052948 7.0726863443851462 6.2749215215444547 7.5719726085662868 10.166252359747888 7.1116900891065642 7.274086356163024 8.0134900212287885 9.4506760984659177 7.4372240602970106 5.3470205962657964 6.6934605091810218 9.4558046162128431 8.6941270381212217 8.6507197171449608 5.4279814213514346 7.1399485915899277 6.8358045071363449 7.5302193611860302 6.1478033214807501 6.9353378117084459 6.1401592791080475 8.495887562632559 5.1072370707988668 10.446376219391832
leaf_count=29 20 40 28 20 22 29 26 29 26 31 41 29 30 33 39 30 22 27 38 35 35 22 29 28 31 25 28 25 35 21 42
internal_value=0 -0.00585107 -0.00833959 0.0006114 -0.00717679 0.00390913 0.000526986 -0.00338913 0.00260386 -0.00328403 -0.013476 0.0113243 0.0105132 -0.00272003 0.0158147 -0.0135753 0.0194273 -0.0137981 -0.0165127 -0.0222471 -0.00443994 -0.00174144 0.0129105 0.014351 0.0055681 -0.023572 -0.018089 -0.0222838 0.0250587 0.0282497 -0.0291824
internal_weight=232.086 92.1829 82.4325 31.3146 19.2572 139.903 94.1927 69.4699 44.0694 36.9968 23.886 24.7228 45.7107 12.9599 32.7509 25.4005 17.5659 51.1179 43.9405 28.5963 15.3442 11.8231 12.0574 13.1107 16.9809 16.3141 12.3677 13.5774 15.77 10.4543 19.9022
internal_count=945 373 333 127 78 572 384 283 180 151 97 101 188 53 135 103 72 206 177 115 62 48 49 54 70 66 50 55 65 43 80
is_linear=0
shrinkage=0.03


Tree=18
num_leaves=35
num_cat=0
split_feature=16 15 35 32 40 1 3 22 5 21 22 32 21 16 26 26 35 33 21 32 13 38 25 13 26 23 22 30 36 9 27 29 15 26
split_gain=5.67236 4.77028 4.43201 3.5206 4.83189 3.35077 3.33743 3.19811 2.82329 2.71875 4.2444 3.55077 3.61736 3.02158 5.9338 4.58885 2.8695 2.72874 2.5515 2.99005 3.73015 2.7512 2.47224 2.33867 2.13852 1.80473 1.46048 2.93218 1.31459 0.720266 0.601892 0.486461 0.405962 0.230673
threshold=-0.60397102585814955 1.3806595865908149 0.22877009828325146 0.2265591970158771 454.00000000000006 0.70574331284429115 1.1886437732295885 0.40220402086942758 -0.75676005500758958 1.0000000180025095e-35 0.19407252517446966 -0.41747911910984153 0.90596085330662357 1.0507840921006368 0.036948235552818905 -0.16884399979539727 -0.44289333086477406 1.0000000180025095e-35 -0.87913715831714601 -0.63215855781841446 -0.7481637893928671 1.0000000180025095e-35 -1.0000000180025095e-35 -0.0097083947194332842 0.24274047090103518 0.32851175030474761 -0.32625621406292449 0.55660599069855132 0.5422769411381686 -1.3806730262230014 0.65587705062597434 0.40062618878496936 0.5275408004249893 -0.47753235281772144
decision_type=2 2 2 2 2 2 2 2 2 2 2 2 2 2 2 2 2 2 2 2 2 2 2 2 2 2 2 2 2 2 2 2 2 2
left_child=1 2 18 4 -4 6 8 -7 -2 10 25 12 17 15 -15 -12 23 -11 -1 21 29 -20 -9 -13 -22 33 -18 -28 -17 -21 -6 -3 -5 -10
right_child=5 31 3 32 30 7 -8 22 9 11 13 16 -14 14 -16 28 26 -19 19 20 24 -23 -24 -25 -26 -27 27 -29 -30 -31 -32 -33 -34 -35
leaf_value=0.0020588031250476251 0.019499367974551332 0.0029163013557319036 0.01115214508483838 0.0042077329214285555 -0.0071372988742159152 0.030448155196810617 -0.014974331287941111 -0.0076670534612424896 0.010876319337445367 -0.03523217887097066 0.022541315056153359 -0.020800929411340444 0.0033946790549317582 -0.031309228789469415 0.0081750021101779907 -0.011329046185950747 0.018749602213173528 -0.0067900572466714692 -0.014695748095675993 -0.011906232007057468 -0.036609327957841824 0.0085638610822009222 0.015788401588113125 0.0028985366458033879 -0.010141935965513009 0.0026457738039353711 -0.0083107759901648801 0.017480036984215134 0.0061725392366186477 0.0018773084675030988 -0.024465574134150677 0.018575741277126107 0.018000485388861853 0.029670229820294498
leaf_weight=7.1766522824764243 7.4946931153535834 4.9159414768218976 6.8859393745660844 6.1584013700485212 6.4127515405416471 6.2977105379104641 8.2259041070938093 6.1143124997615823 4.8703790307044992 5.2339800596237209 8.0846773236990011 4.9555903822183609 7.9508676677942267 5.2148534357547742 5.6477171182632446 7.8548338562250137 8.2538409829139692 8.4527167379856092 8.6430670171976036 5.2263205945491791 12.161765500903138 6.6946975588798514 6.9357796758413288 7.3519170880317635 6.2221868336200705 6.1045533567666999 7.8246536403894478 5.3119474053382874 4.8559100329875946 4.9686159044504148 5.954882487654686 4.815669521689415 5.8835198134183884 6.7220906168222436
leaf_count=29 31 20 28 25 26 27 33 25 20 21 33 20 32 21 23 32 34 34 35 21 49 27 29 30 25 25 32 22 20 20 24 20 24 28
internal_value=1.36197e-06 -0.00569969 -0.00812548 0.000603406 -0.00700325 0.00382224 0.00181847 0.0149768 0.0032839 0.0018075 0.0068598 -0.00265531 -0.0117882 0 -0.011794 0.00669653 0.00329093 -0.0204674 -0.0134509 -0.0161018 -0.0216899 -0.00432847 0.00472905 -0.00743253 -0.0293939 0.0179902 0.00980578 0.00243075 -0.00427488 -0.00529644 -0.0176572 0.0126455 0.0126372 0.0243833
internal_weight=231.879 92.1204 82.3888 31.2955 19.2536 139.759 120.411 19.3478 112.185 104.691 49.355 55.3355 21.6376 31.658 10.8626 20.7954 33.6979 13.6867 51.0933 43.9167 28.5789 15.3378 13.0501 12.3075 18.384 17.697 21.3904 13.1366 12.7107 10.1949 12.3676 9.73161 12.0419 11.5925
internal_count=945 373 333 127 78 572 491 81 458 427 202 225 87 129 44 85 138 55 206 177 115 62 54 50 74 73 88 54 52 41 50 40 49 48
is_linear=0
shrinkage=0.03


Tree=19
num_leaves=34
num_cat=0
split_feature=16 15 23 32 22 38 12 26 18 32 37 34 21 15 15 20 35 14 37 21 23 34 35 20 14 32 16 25 26 23 35 24 26
split_gain=5.38278 4.55385 4.23961 4.45825 3.89217 4.12301 3.20626 4.88281 4.04001 3.34411 3.31983 3.0235 6.15459 4.06592 2.91042 2.85606 2.85121 2.37838 2.33663 3.34815 2.22753 2.11478 2.04045 1.98843 1.79227 1.78281 1.29449 1.282 1.53339 0.997714 0.975201 0.722538 0.258712
threshold=-0.60397102585814955 1.3806595865908149 1.288316778247679 -0.63215855781841446 0.61033551656438523 1.0000000180025095e-35 -0.17957728563467465 0.036948235552818905 1.0000000180025095e-35 -0.63215855781841446 1.0844071813011369 0.31437790887660205 1.0000000180025095e-35 0.89316313735320019 -1.1786967719066614 -0.60799190124871583 1.0000000180025095e-35 0.72374252012217111 1.0000000180025095e-35 -0.52211755599239207 -0.6312932776381831 -0.23765176489195103 -0.70197369882070382 -0.3081733171401555 -0.8113075312554231 1.2999563905587419 1.0507840921006368 0.90769645490806972 0.036948235552818905 -0.6312932776381831 0.45395112278462318 1.0719003370186944 0.24274047090103518
decision_type=2 2 2 2 2 2 2 2 2 2 2 2 2 2 2 2 2 2 2 2 2 2 2 2 2 2 2 2 2 2 2 2 2
left_child=1 2 3 4 5 20 8 9 16 24 11 12 13 30 -5 -9 22 21 19 -13 -1 -16 -2 -11 -8 -4 -18 28 -14 -23 -10 -17 -31
right_child=6 -3 25 14 -6 -7 7 15 10 23 -12 18 27 -15 17 31 26 -19 -20 -21 -22 29 -24 -25 -26 -27 -28 -29 -30 32 -32 -33 -34
leaf_value=-0.0266208427806509 0 0.012389542723014374 0.01766322573449345 0.00098255201892053184 0.019270053374876989 0.010024824771006172 0.0076705681587187899 0.0029405730206554528 0.033710695728741476 0.027515496226179499 0.02843955453374572 0.00029405840695434423 -0.019931468901936887 -0.0043632796237056985 -0.034432482838186361 -0.024427432136148421 0.014029724895153079 -0.0042310305569359889 0.0016426052152570517 0.029817567242089341 -0.0010499842029715811 -0.0015642744948148907 -0.025202407793738169 0.0037178198035451261 -0.011636451987471926 -0.0038055016096929834 -0.00404451775612841 0.0021514901598906054 0 -0.024520047406749224 0.00972214834236107 -0.0059491339197529393 -0.010023640693693518
leaf_weight=6.6895468980073964 5.4221495091915131 9.7126955538988096 6.0911848247051221 6.9362646639347068 5.3879816681146613 6.9484426826238623 5.6062406897544852 6.1697459518909481 5.2624647319316882 5.5609000623226166 7.2410230040550223 5.3278323560953185 9.1451781094074267 5.5770713388919821 10.358781427144999 9.6675707250833494 6.2833032310008985 9.4329288452863675 8.8145542591810244 11.427329629659649 5.9250040650367755 5.2061803340911856 5.2165311425924319 7.9865728020668012 9.1542464345693606 4.9332806169986725 4.8961752206087112 5.3815303593873969 5.1100633144378653 6.4642596840858548 5.3658710569143295 4.9480925053358069 7.9605200588703156
leaf_count=27 22 40 25 28 22 28 23 25 22 23 30 22 37 23 42 39 26 38 36 48 24 21 21 33 37 20 20 22 21 26 22 20 32
internal_value=9.02499e-06 -0.00554543 -0.00791655 -0.0106206 -9.00854e-05 -0.00669965 0.00373491 -0.00230302 0.0070607 0.00557183 0.0106024 0.00777589 0.00178844 0.0149016 -0.0159824 -0.0129503 -0.00379134 -0.0190405 0.0153829 0.0215539 -0.0164234 -0.0230847 -0.0141478 0.015654 -0.00390325 0.00827205 0.00609869 -0.00903899 -0.013447 -0.0147936 0.0247947 -0.01968 -0.0185945
internal_weight=231.612 92.0471 82.3344 71.3099 24.951 19.563 139.564 49.0934 90.4711 28.308 68.6529 61.4119 35.8422 16.2054 46.3589 20.7854 21.8182 39.4227 25.5697 16.7552 12.6146 29.9897 10.6387 13.5475 14.7605 11.0245 11.1795 19.6368 14.2552 19.631 10.6283 14.6157 14.4248
internal_count=945 373 333 288 101 79 572 200 372 116 283 253 147 67 187 84 89 159 106 70 51 121 43 56 60 45 46 80 58 79 44 59 58
is_linear=0
shrinkage=0.03


Tree=20
num_leaves=35
num_cat=0
split_feature=16 12 26 22 19 15 1 0 29 22 41 16 24 29 22 22 29 13 10 22 22 34 21 26 25 36 19 28 36 29 30 41 35 30
split_gain=5.13003 4.40926 3.22604 3.52346 3.69486 3.49413 3.19211 3.14792 3.13229 3.0732 2.78252 3.60623 3.40106 4.40399 4.92304 3.50903 3.25181 2.72922 2.64171 3.21846 3.10762 2.53515 2.4472 2.41025 2.33423 1.73782 1.70521 1.62402 1.62328 0.977044 0.87825 0.687848 0.610271 0.387198
threshold=-0.60397102585814955 -1.0191551838004529 0.96301329461979168 -0.32625621406292465 -0.89720577120665168 -1.0000000180025095e-35 0.70574331284429115 1.1878806868503311 0.40062618878496936 0.40220402086942758 470.50000000000006 0.77499157244083916 1.0000000180025095e-35 1.0000000180025095e-35 -0.84658495330031858 0.61033551656438523 -1.0552329829242451 -1.0000000180025095e-35 -1.2843302621211472 0.090006777326990764 0.61033551656438523 0.093566039369180717 0.1919216486571155 -0.16884399979539716 1.0000000180025095e-35 -0.31647048616075468 0.29521303283476724 -0.13169615013163688 0.81456271076953435 0.15798299350010028 0.89066890339356442 454.00000000000006 0.75494686407791389 0.22254307800353781
decision_type=2 2 2 2 2 2 2 2 2 2 2 2 2 2 2 2 2 2 2 2 2 2 2 2 2 2 2 2 2 2 2 2 2 2
left_child=1 -1 3 4 5 -3 7 10 18 -8 12 27 13 15 -15 23 -14 22 -5 -20 31 25 -16 -2 -11 -18 29 -12 -4 -23 -17 -21 -22 -13
right_child=6 2 28 8 -6 -7 9 -9 -10 24 11 33 16 14 17 30 21 -19 19 20 32 26 -24 -25 -26 -27 -28 -29 -30 -31 -32 -33 -34 -35
leaf_value=0.015521115922497969 0.025167738531998021 -0.021862236919984224 0.015891652657374696 0.0089782398574707687 -0.032073866269389822 0.0040990704034628992 0.02980048086878586 -0.014613693496817542 0.011499797535508859 -0.0074776636630274644 0.015979202983823406 -0.024471158434802572 -0.0080412537163307377 0.0084814208704464648 0.0069381994956896629 -0.012223771029261497 0.012881875235424002 -0.031845374044349083 0.0026956480547391279 -0.010792394385377945 0.0023666118120021216 0.00020378478810606274 -0.017246524149234735 0.0015457116995987476 0.015321548329600303 -0.0078073840668435746 0.032088131114630714 -0.0050436828590488111 -0.0028557309005832806 0.017498984335578779 0.0032334700576763563 -0.032554372667302815 -0.010083301309340128 -0.0069895898040597459
leaf_weight=6.7438478767871848 9.9819716215133685 6.9464396238327035 5.6123755872249594 5.4225232899188986 9.8514883369207364 8.8974714279174805 6.2375358790159252 8.2191569209098798 7.4284281730651847 6.1197175085544568 4.8775630593299866 4.9576037973165494 4.9354777336120597 9.3677724152803439 5.3739778399467486 4.9420290291309339 6.031352773308754 5.7025738209485999 9.4044395238161069 5.2089633792638796 5.6533707827329618 5.3081362694501903 6.6960205435752869 7.0554460138082531 6.9029482156038284 5.4033238142728788 8.0938613563775998 5.1634603589773196 8.1477403491735441 8.1770565211772901 4.8970401138067245 7.6747181862592697 4.9473298639059067 4.9451705515384674
leaf_count=28 41 28 23 22 40 36 27 33 30 25 20 20 20 38 22 20 25 23 38 21 23 22 27 29 29 22 34 21 33 34 20 31 20 20
internal_value=1.3477e-05 -0.0054114 -0.00737745 -0.00994125 -0.0186107 -0.00784357 0.00365376 0.00169716 -0.00450769 0.014564 0.00312545 -0.0065648 0.0053627 0.000347353 -0.00785096 0.00881498 0.0120648 -0.016761 -0.00807854 -0.0113342 -0.0170172 0.0154633 -0.00645983 0.0166258 0.00452868 0.00286989 0.0212563 0.00539813 0.00520809 0.0117934 -0.00459132 -0.026216 -0.00347758 -0.0183354
internal_weight=231.328 91.9391 85.1953 71.4352 25.6954 15.8439 139.389 120.129 45.7398 19.2602 111.91 19.9438 91.966 54.0168 27.1403 26.8765 37.9492 17.7726 38.3113 32.8888 23.4844 33.0137 12.07 17.0374 13.0227 11.4347 21.5791 10.041 13.7601 13.4852 9.83907 12.8837 10.6007 9.90277
internal_count=945 373 345 289 104 64 572 491 185 81 458 81 377 220 110 110 157 72 155 133 95 137 49 70 54 47 90 41 56 56 40 52 43 40
is_linear=0
shrinkage=0.03


Tree=21
num_leaves=35
num_cat=0
split_feature=19 22 32 14 15 36 1 35 22 29 25 24 21 33 19 35 31 38 31 22 26 13 25 15 16 16 15 26 24 30 14 35 30 30
split_gain=4.98498 6.09628 7.21222 7.56525 7.55732 5.69091 4.27695 3.62653 3.54363 3.75235 5.57081 3.75377 5.70948 5.02022 4.46373 4.04717 3.92323 3.51768 3.47258 3.15112 3.13658 2.95177 2.83266 2.81416 2.81291 2.4053 2.17114 1.97575 1.88258 1.87062 1.65154 1.06286 0.556381 0.242369
threshold=-1.7915198742377156 -0.32625621406292465 0.87059751314159606 0.23477178560401527 -0.20370387343143256 1.401024368437092 0.21791204508864115 -0.44289333086477406 1.4428614993442161 -0.8645847580575623 1.0000000180025095e-35 0.41255560420472259 1.0000000180025095e-35 0.16573162538796934 0.29521303283476724 0.62594868923793234 1.0000000180025095e-35 1.0000000180025095e-35 -0.28493545657568708 -1.0547164489952763 -0.37463623514361322 1.0000000180025095e-35 -0.86522350467124343 -0.93494854728785426 -0.32817850619835182 -0.87976354551794722 0.649414912734393 -0.95771423529689226 1.0000000180025095e-35 -0.64602049500349679 1.4901616777836686 0.87382753500887766 0.82385632085456184 -0.64602049500349679
decision_type=2 2 2 2 2 2 2 2 2 2 2 2 2 2 2 2 2 2 2 2 2 2 2 2 2 2 2 2 2 2 2 2 2 2
left_child=-1 2 3 4 19 6 8 -5 9 10 32 12 13 14 -11 25 -13 18 31 -2 -19 -6 -18 -24 -15 -14 -4 -12 -10 -23 -7 -8 -3 -21
right_child=1 5 26 7 21 30 17 -9 28 11 27 16 15 24 -16 -17 22 20 -20 33 -22 29 23 -25 -26 -27 -28 -29 -30 -31 -32 -33 -34 -35
leaf_value=0.020471374001321142 0.00060191656554889773 0.03031738666528035 0 -0.037883043192626642 0.02156786340052249 -0.027805597418473035 -0.0024657158120751674 -0.006467357372481719 -0.024891766238569771 -0.0027165451474913424 0.0092908816106150229 0.027898582729905669 0.0087164133749126332 -0.021577109840189877 0.028566000592778043 -0.033228140670772018 0.018056295634725782 0.014683589806876065 0.032701347240162715 -0.011708074290509501 -0.012708218423877076 0.010258910786526019 0.010624547197581465 -0.01399550070616864 0.0042249842605792546 -0.012706017714120405 0.02486273370787179 -0.012970092818757393 0 -0.011449929789902252 -0.0024788397831997308 0.014619210751718174 0.011609677486788756 -0.029006328678525383
leaf_weight=8.7726411223411542 5.8937149643898001 7.7657851129770297 5.8602991402149183 11.172771424055101 7.300237953662875 5.1509407311677915 5.0962144583463687 6.1395922452211371 5.2051000595092756 6.119508862495425 4.917950376868248 5.5740457922220257 5.2005020231008592 5.9364907294511795 8.2554939985275251 6.423054873943328 5.1446565985679671 5.7277825623750687 9.5837111771106738 5.9315931797027579 6.3303059190511686 5.1323741823434839 5.0219464004039809 9.847531482577315 6.3286992907524091 14.04879419505596 4.8246340900659561 6.4104552268981916 4.8828269690275192 6.1220574975013706 4.9303654432296753 4.7721407562494278 6.8606685549020767 8.3663106411695498
leaf_count=36 24 32 24 45 30 21 21 25 21 25 20 23 21 24 34 26 21 24 40 24 26 21 21 40 26 57 20 26 20 25 20 20 28 34
internal_value=1.1908e-05 -0.000900559 -0.00840078 -0.0127464 -0.00477494 0.00232925 0.00393761 -0.0284649 0.00111002 0.00287586 0.0124207 -0.000403275 -0.00505147 0.00442765 0.0158725 -0.0148102 0.00863152 0.0134656 0.0208992 -0.0169994 4.57702e-05 0.00850531 0.00141564 -0.00510228 -0.00881803 -0.00641751 0.0126685 -0.00288196 -0.0145706 -0.00103737 -0.0178627 0.00610725 0.0238105 -0.0240029
internal_weight=231.051 222.279 66.7436 56.0587 38.7463 155.535 145.454 17.3124 113.944 103.856 25.9549 77.9007 52.3125 26.6402 14.375 25.6724 25.5882 31.5102 19.4521 20.1916 12.0581 18.5547 20.0141 14.8695 12.2652 19.2493 10.6849 11.3284 10.0879 11.2544 10.0813 9.86836 14.6265 14.2979
internal_count=945 909 272 228 158 637 596 70 465 424 106 318 213 109 59 104 105 131 81 82 50 76 82 61 50 78 44 46 41 46 41 41 60 58
is_linear=0
shrinkage=0.03


Tree=22
num_leaves=35
num_cat=0
split_feature=16 35 36 12 23 24 17 24 41 16 15 20 30 35 24 30 41 12 36 24 30 35 37 0 17 10 20 41 41 16 15 20 35 26
split_gain=4.82488 4.24761 3.69115 2.95683 4.67564 4.22949 3.8529 3.73806 3.09849 3.20448 2.9396 2.70869 2.87938 2.63789 2.5022 2.41907 2.61354 2.35491 2.17056 5.29114 1.94463 1.94433 1.80178 2.12819 1.94185 1.75467 1.63012 1.2665 1.23614 1.20699 1.15147 0.601549 0.349896 0.0815932
threshold=-0.60397102585814955 0.22877009828325146 -0.72674723406683983 -0.17957728563467465 0.32851175030474761 -0.24678912860924923 1.0000000180025095e-35 -0.57646149501623489 470.50000000000006 0.77499157244083916 1.3806595865908149 -0.3081733171401555 0.35616824308154299 1.0000000180025095e-35 -0.90613386142322072 0.22254307800353798 622.00000000000011 0.60696830830079052 -0.06512977573180137 1.0000000180025095e-35 1.3583569811665834 -0.70197369882070382 1.0000000180025095e-35 0.10718235495209331 0.57880962643118627 0.5613589680172979 -0.3081733171401555 454.00000000000006 454.00000000000006 1.0507840921006368 -0.081829761122028929 -0.60799190124871583 0.36795233955796869 0.036948235552818905
decision_type=2 2 2 2 2 2 2 2 2 2 2 2 2 2 2 2 2 2 2 2 2 2 2 2 2 2 2 2 2 2 2 2 2 2
left_child=1 10 -3 6 5 7 13 11 14 -10 15 -5 -13 21 -8 16 25 -6 -4 -20 22 -2 24 -24 32 26 28 -21 -1 -15 -7 -27 -16 -30
right_child=3 2 18 4 17 30 8 -9 9 -11 -12 12 -14 29 20 -17 -18 -19 19 27 -22 -23 23 -25 -26 31 -28 -29 33 -31 -32 -33 -34 -35
leaf_value=-8.1859868999350292e-05 0 -0.013433138193430106 0.020373985836130145 0.019238005565872955 -0.022506272917471586 0.0035548252356553322 -0.0019169225216093501 -0.020198979918405989 0.01038272598428904 -0.017505175845823367 0.0064925114254005371 -0.018610659395411452 0.009239056350687249 0.013400461072156278 0.032199591039363741 0.0029359065554880326 0.002093687682203766 0.00081000666943114316 -0.013606250939173213 0.025256725258397183 -0.00011842166666317376 -0.024588183792237723 0.01555676260524628 -0.0054896421206092113 0.0070598805142760672 -0.01155873917028998 -0.032215609839448676 0.0024576614009354783 -0.023588878982252592 -0.0040538146506062201 0.025140601223165346 0.00055077142103266005 0.015107817965321877 -0.0095014473713571634
leaf_weight=5.1861861199140558 5.4155242741107941 7.6535280793905249 7.8054524809122112 5.3692708462476704 10.42117130756378 4.8991972804069519 7.6029232293367377 6.6713885664939871 6.0654656887054426 5.6610071957111359 7.0050368309020987 4.9509837776422501 5.300027996301651 6.2452323138713819 12.006429970264437 6.669192671775817 5.9285241216421118 4.9265900850296012 8.6259426921606082 4.8718152046203596 5.5676609575748435 5.212579160928728 9.3344580829143506 5.6503086388111106 8.2602320015430468 6.1630464941263199 9.9156614094972628 4.8820994198322296 5.681442454457283 4.8840306252241135 6.4175503551960009 5.184818819165228 8.1687316596508008 6.1928329467773438
leaf_count=21 22 31 32 22 42 20 31 27 25 23 29 20 22 26 51 27 24 20 35 20 23 21 39 23 34 25 40 20 23 20 27 21 34 25
internal_value=1.62392e-05 -0.00524817 0.0029845 0.00355257 -0.00224808 0.00392117 0.00675597 -0.00353627 0.0102279 -0.00308507 -0.0101123 0.00437609 -0.00435973 -0.00384442 0.0130983 -0.0126314 -0.015128 -0.0152599 0.00846764 0.00195374 0.0155352 -0.0137961 0.017613 0.00747942 0.0221103 -0.0179213 -0.0220818 0.0162269 -0.0137412 0.00569392 0.0177736 -0.00614058 0.0270805 -0.0185801
internal_weight=230.796 91.7656 33.8388 139.031 48.9562 33.6084 90.0746 22.2917 68.3172 11.7265 57.9267 15.6203 10.251 21.7574 56.5907 50.9217 44.2525 15.3478 26.1853 18.3799 48.9878 10.6281 43.4202 14.9848 28.4354 38.324 26.9761 9.75391 17.0605 11.1293 11.3167 11.3479 20.1752 11.8743
internal_count=945 373 138 572 200 138 372 91 283 48 235 64 42 89 235 206 179 62 107 75 204 43 181 62 119 155 109 40 69 46 47 46 85 48
is_linear=0
shrinkage=0.03


Tree=23
num_leaves=37
num_cat=0
split_feature=19 22 32 14 16 39 40 1 4 31 21 35 40 20 33 22 29 37 26 34 40 22 16 40 20 21 26 16 0 16 27 3 19 32 34 29
split_gain=4.76352 5.76236 6.79875 7.07277 5.45146 4.27187 4.19998 4.58434 5.53311 5.76086 4.46289 3.39438 2.96643 2.70912 2.70142 2.64784 3.35425 2.58569 3.02574 2.9741 2.3843 2.3892 2.02596 2.52014 1.8072 1.54893 1.5174 0.980616 0.866262 0.783028 0.763966 0.597434 1.53754 0.366263 0.194491 0.0785603
threshold=-1.7915198742377156 -0.32625621406292465 0.87059751314159606 0.23477178560401527 -0.87976354551794722 1.0000000180025095e-35 454.00000000000006 0.21791204508864115 -0.18350201079444764 -0.90719908214441614 -0.52211755599239207 -0.44289333086477406 376.50000000000006 0.29146385107696515 0.94841367314911695 0.19407252517446966 -1.0552329829242451 -0.45601339191130108 0.13984435322692693 0.2922967219258597 361.50000000000006 0.61033551656438523 -0.60397102585814955 224.00000000000003 0.89110101929408592 0.90596085330662357 0.55142882392335923 1.0507840921006368 -1.0000000180025095e-35 -1.0000000180025095e-35 -0.92596971350505564 -0.91282423857845452 0.29521303283476724 -0.26413666288943238 -0.17140820403972482 0.15798299350010028
decision_type=2 2 2 2 2 2 2 2 2 2 2 2 2 2 2 2 2 2 2 2 2 2 2 2 2 2 2 2 2 2 2 2 2 2 2 2
left_child=-1 2 3 4 35 12 20 8 9 14 15 -5 -6 -9 -8 -11 -17 19 34 -12 22 -22 23 -3 -15 -4 -18 30 -20 -10 -14 -24 -33 -26 -19 -2
right_child=1 6 25 11 5 -7 7 13 29 10 17 -13 27 24 -16 16 26 18 28 -21 21 -23 31 -25 33 -27 -28 -29 -30 -31 -32 32 -34 -35 -36 -37
leaf_value=0.020042934657782854 -0.0097562275679675629 0.0078058772305273742 0.021854104581379555 -0.036733040645924267 -0.021073819758526575 0.021162617482011474 -0.02996270634923685 0.023095862372149587 -0.0097427109368260628 0.026110471122484585 -0.0074602455259288984 -0.0062702037098784176 0.014470184660734934 -0.008817465002420484 -0.00025897316676133523 -0.007884409524576988 0.0023624517355641532 0.0051758921406729278 -0.028991369698343056 0.018769698913378742 0.02974223961876523 0.0023544257327805275 0 -0.015880804334923188 0.0013379003700570917 0 0.025377379335108485 -0.0064029558129467777 -0.0080321580869526874 -0.029423679873116424 0 0.0011029767098509698 0.020600976088728438 0.014234579203774184 -0.0019021704876265491 -0.025818119822954837
leaf_weight=8.7447630763053876 4.8913206309080106 6.6055501550436002 5.2721396237611753 11.155053034424784 5.1819379031658235 6.5953107327222815 6.4214849621057493 7.8342894613742855 7.124198704957962 7.0497086942195848 6.1627237498760135 6.1340652555227271 5.0950851887464514 6.3016752749681499 4.9030086100101471 8.6090794354677236 5.8647106140851939 4.9118275791406631 4.9470892399549413 6.2907509356737137 7.4731267690658552 5.3696031123399734 4.7818173617124549 6.3965715020895004 4.8286259472370183 5.3725254535675049 5.0747640132904053 5.4334509968757621 6.1715555936098152 5.9109107255935651 5.3619831800460807 7.0091976672410992 8.6961727887392026 5.5353062301874107 4.9036459326744239 6.1082184314727783
leaf_count=36 20 27 22 45 21 27 26 33 29 29 25 25 21 26 20 35 24 20 20 26 31 22 20 26 20 22 21 22 25 24 22 29 36 23 20 25
internal_value=1.52354e-05 -0.000876932 -0.0081768 -0.0123981 -0.00467106 0.00243972 0.00226611 -0.000927628 -0.00430732 -0.000764784 0.00298155 -0.0276078 -0.00417131 0.010054 -0.0191046 0.0118791 0.00496685 -0.00414069 -0.0104093 0.00595294 0.00968824 0.0201534 0.00481157 -0.00387067 0.00219209 0.01231 0.015294 0.0023379 -0.0201709 -0.0211955 0.0076149 0.0104828 0.0131027 0.00966051 0.00132616 -0.0211836
internal_weight=230.523 221.778 66.6011 55.9564 38.6673 27.6678 155.177 108.845 84.3455 71.3103 59.9859 17.2891 21.0725 24.4999 11.3245 26.5983 19.5486 33.3876 20.9341 12.4535 46.332 12.8427 33.4893 13.0021 16.6656 10.6447 10.9395 15.8905 11.1186 13.0351 10.4571 20.4872 15.7054 10.3639 9.81547 10.9995
internal_count=945 909 272 228 158 113 637 446 344 291 245 70 86 102 46 109 80 136 85 51 191 53 138 53 69 44 45 65 45 53 43 85 65 43 40 45
is_linear=0
shrinkage=0.03


Tree=24
num_leaves=33
num_cat=0
split_feature=16 12 12 20 32 35 25 16 22 40 16 38 26 22 32 29 37 15 10 32 16 25 15 22 33 41 27 27 36 29 36 24
split_gain=4.50571 4.02856 2.8605 4.06732 4.30473 4.08246 4.82357 3.71046 3.56688 3.16122 3.0066 3.1774 2.85979 3.15516 3.43544 4.11502 3.25097 2.8073 2.75211 3.15204 2.71677 3.42639 5.41847 3.06652 2.64171 2.19856 2.74372 2.18465 1.63465 1.30941 1.28589 1.12046
threshold=-0.60397102585814955 -1.0191551838004529 -0.21213029195031077 -0.60799190124871583 -0.63215855781841446 1.14194138859786 0.90769645490806972 0.77499157244083916 -0.63845345760536099 370.00000000000006 1.0000000180025095e-35 -0.62756388366894245 0.96301329461979168 -0.32625621406292465 -0.63215855781841446 0.40062618878496936 -0.45601339191130108 1.0000000180025095e-35 0.25592200580757946 0.2265591970158771 1.0000000180025095e-35 0.31672313504829863 0.89316313735320019 0.61033551656438523 -0.49116223612585069 354.50000000000006 0.26041535959321666 0.65587705062597434 0.81456271076953435 -0.32730339706963779 -0.19080013094627804 -0.90613386142322072
decision_type=2 2 2 2 2 2 2 2 2 2 2 2 2 2 2 2 2 2 2 2 2 2 2 2 2 2 2 2 2 2 2 2
left_child=1 -1 8 4 -4 6 10 -8 9 -2 -5 24 13 17 16 18 -15 31 19 27 -10 22 -22 -23 -12 -13 -27 -16 -14 -6 -19 -3
right_child=2 12 3 5 29 -7 7 -9 20 -11 11 25 28 14 15 -17 -18 30 -20 -21 21 23 -24 -25 -26 26 -28 -29 -30 -31 -32 -33
leaf_value=0.014976371675896485 -0.019464456659059749 -0.010620823254522554 -0.0074487427981946054 0.0042822541207846801 0.0056365758069819444 0.01357201135846252 0.024791440771096462 -0.0048229921338454485 0.033076232432121717 0.007731517319405772 -0.016368086548926426 -0.03336133374825187 0.015654231391583805 -0.0087456160759562234 -0.0022605847660129431 0.010926282278157229 0.016958602521706039 -0.01657103664824966 -0.02977280606023908 0.007489722733804393 0.018286952478859635 0.034398200228589526 -0.013367347399858908 0.0018478826078028616 0.007684204550942892 0 -0.022610524739894913 -0.028787134325556931 -0.0031775631560875483 0.024869467801491553 0.00029768960776114134 -0.035916566652867472
leaf_weight=6.7003374546766272 4.930141329765318 5.1584176570177078 7.128348425030711 8.530758395791052 7.2260672897100511 9.326838865876196 5.5607811510562879 6.837958425283432 4.9704465866088858 7.8819398283958435 5.3723169118165961 7.6758408546447852 5.59360547363758 5.9282598346471778 6.3849893063306933 5.4385023117065421 9.3390079289674706 5.1682079434394828 6.9435559362173072 6.653478890657424 7.213085934519774 5.6538499891757947 9.4972562491893751 5.0289093554019928 8.5330630093812854 8.5526199787855166 8.6225586980581266 4.9527000933885574 8.1250075697898847 10.110899746417994 8.5994494259357435 6.6398654133081454
leaf_count=28 20 21 29 35 30 39 23 28 21 33 22 31 23 24 26 22 38 21 28 27 30 24 39 21 35 35 35 20 33 42 35 27
internal_value=1.48603e-05 -0.00507416 0.00343892 0.000338037 0.0105399 -0.00334075 -0.00634963 0.0092694 0.0095097 -0.00325757 -0.010727 -0.0142162 -0.00695799 -0.00937751 -0.00422649 -0.0099798 0.00673036 -0.0176076 -0.0151278 -0.00731163 0.0146616 0.00956892 0.000347695 0.0216818 -0.00190781 -0.0203751 -0.0120366 -0.0163253 0.00489275 0.0182589 -0.00664756 -0.0277535
internal_weight=230.279 91.6254 138.654 93.4781 24.4653 69.0127 59.6859 12.3987 45.1756 12.8121 47.2872 38.7564 84.925 71.2064 45.6405 30.3732 15.2673 25.5659 24.9347 17.9912 32.3635 27.3931 16.7103 10.6828 13.9054 24.851 17.1752 11.3377 13.7186 17.337 13.7677 11.7983
internal_count=945 373 572 384 101 283 244 51 188 53 193 158 345 289 185 123 62 104 101 73 135 114 69 45 57 101 70 46 56 72 56 48
is_linear=0
shrinkage=0.03


end of trees

feature_importances:
Column_35=59
Column_32=52
Column_22=51
Column_16=45
Column_15=39
Column_21=34
Column_24=34
Column_12=33
Column_36=33
Column_26=32
Column_29=31
Column_34=28
Column_23=27
Column_30=27
Column_19=25
Column_20=25
Column_25=23
Column_41=21
Column_0=19
Column_33=19
Column_37=19
Column_1=17
Column_31=17
Column_38=15
Column_40=14
Column_14=13
Column_13=11
Column_27=11
Column_28=11
Column_17=9
Column_4=7
Column_39=5
Column_3=4
Column_2=3
Column_5=3
Column_7=3
Column_10=3
Column_9=1
Column_11=1
Column_18=1

parameters:
[boosting: gbdt]
[objective: binary]
[metric: binary_logloss]
[tree_learner: serial]
[device_type: cpu]
[data_sample_strategy: bagging]
[data: ]
[valid: ]
[num_iterations: 800]
[learning_rate: 0.03]
[num_leaves: 96]
[num_threads: 1]
[seed: 42]
[deterministic: 0]
[force_col_wise: 1]
[force_row_wise: 0]
[histogram_pool_size: -1]
[max_depth: 10]
[min_data_in_leaf: 20]
[min_sum_hessian_in_leaf: 0.001]
[bagging_fraction: 0.85]
[pos_bagging_fraction: 1]
[neg_bagging_fraction: 1]
[bagging_freq: 0]
[bagging_seed: 400]
[bagging_by_query: 0]
[feature_fraction: 0.8]
[feature_fraction_bynode: 1]
[feature_fraction_seed: 30056]
[extra_trees: 0]
[extra_seed: 12879]
[early_stopping_round: 0]
[early_stopping_min_delta: 0]
[first_metric_only: 0]
[max_delta_step: 0]
[lambda_l1: 0.2]
[lambda_l2: 1.5]
[linear_lambda: 0]
[min_gain_to_split: 0]
[drop_rate: 0.1]
[max_drop: 50]
[skip_drop: 0.5]
[xgboost_dart_mode: 0]
[uniform_drop: 0]
[drop_seed: 17869]
[top_rate: 0.2]
[other_rate: 0.1]
[min_data_per_group: 100]
[max_cat_threshold: 32]
[cat_l2: 10]
[cat_smooth: 10]
[max_cat_to_onehot: 4]
[top_k: 20]
[monotone_constraints: ]
[monotone_constraints_method: basic]
[monotone_penalty: 0]
[feature_contri: ]
[forcedsplits_filename: ]
[refit_decay_rate: 0.9]
[cegb_tradeoff: 1]
[cegb_penalty_split: 0]
[cegb_penalty_feature_lazy: ]
[cegb_penalty_feature_coupled: ]
[path_smooth: 0]
[interaction_constraints: ]
[verbosity: -1]
[saved_feature_importance_type: 0]
[use_quantized_grad: 0]
[num_grad_quant_bins: 4]
[quant_train_renew_leaf: 0]
[stochastic_rounding: 1]
[linear_tree: 0]
[max_bin: 255]
[max_bin_by_feature: ]
[min_data_in_bin: 3]
[bin_construct_sample_cnt: 200000]
[data_random_seed: 175]
[is_enable_sparse: 1]
[enable_bundle: 1]
[use_missing: 1]
[zero_as_missing: 0]
[feature_pre_filter: 1]
[pre_partition: 0]
[two_round: 0]
[header: 0]
[label_column: ]
[weight_column: ]
[group_column: ]
[ignore_column: ]
[categorical_feature: ]
[forcedbins_filename: ]
[precise_float_parser: 0]
[parser_config_file: ]
[objective_seed: 16083]
[num_class: 1]
[is_unbalance: 0]
[scale_pos_weight: 1]
[sigmoid: 1]
[boost_from_average: 1]
[reg_sqrt: 0]
[alpha: 0.9]
[fair_c: 1]
[poisson_max_delta_step: 0.7]
[tweedie_variance_power: 1.5]
[lambdarank_truncation_level: 30]
[lambdarank_norm: 1]
[label_gain: ]
[lambdarank_position_bias_regularization: 0]
[eval_at: ]
[multi_error_top_k: 1]
[auc_mu_weights: ]
[num_machines: 1]
[local_listen_port: 12400]
[time_out: 120]
[machine_list_filename: ]
[machines: ]
[gpu_platform_id: -1]
[gpu_device_id: -1]
[gpu_device_id_list: ]
[gpu_use_dp: 0]
[num_gpu: 1]

end of parameters

pandas_categorical:null
