tree
version=v4
num_class=1
num_tree_per_iteration=1
label_index=0
max_feature_idx=42
objective=binary sigmoid:1
feature_names=Column_0 Column_1 Column_2 Column_3 Column_4 Column_5 Column_6 Column_7 Column_8 Column_9 Column_10 Column_11 Column_12 Column_13 Column_14 Column_15 Column_16 Column_17 Column_18 Column_19 Column_20 Column_21 Column_22 Column_23 Column_24 Column_25 Column_26 Column_27 Column_28 Column_29 Column_30 Column_31 Column_32 Column_33 Column_34 Column_35 Column_36 Column_37 Column_38 Column_39 Column_40 Column_41 Column_42
feature_infos=[-1.3056055685190404:8.5219948871805578] [-1.3697569899706565:8.599740191072085] [-1.344137145454755:8.1381258952230091] [-1.3005282300617569:8.1055077372287894] [-1.3643567534969498:8.5407233270822456] [-1.3594349039853362:8.1283509668394984] [-2.1807286499729743:5.0366476202810802] [-1.7965441098769155:6.716042687267838] [-2.5690170355895661:4.3524672627991157] [-2.9715283802690702:3.1970584267447109] [-5.2784900543657836:2.2629955710292089] [-2.2568024379273188:4.1839400830920255] [-1.3436640972631473:3.0025077243790466] [-2.9707264433373282:3.2970010886854126] [-2.2364289993287039:4.2795745788238548] [-1.7271302772989778:1.6853448673643237] [-1.5692448446674416:1.4644728715903335] [-3.48380081702066:0.94813784856317218] [-1.9485775105755547:0.51319487912217154] [-2.5367816267636027:1.9347888883917181] [-2.5568126979543577:3.7393775683254087] [-2.1287057664537845:3.583607870742278] [-3.6563601451822478:3.0038477170563986] [-1.7510658102382695:3.0479593294763854] [-2.0599871438476716:3.8741154514780742] [-2.1949134743557281:4.8967663639615235] [-4.6962731774561526:3.5354162364724928] [-3.0021435914270325:2.534320083031572] [-2.3407291125737677:3.7421152767596357] [-2.3897705569910253:4.1615957157004404] [-3.3853363791026063:3.6967973700316774] [-2.2554369375433287:3.5523569010981411] [-2.6716132255498577:3.7687699357073305] [-2.6714907977461895:6.5250232634472916] [-6.0670851198878708:3.4719876428327257] [-3.3084956433815131:2.4964222244176688] [-2.7670424128430477:3.8934864135242102] [-1.6113288218206294:2.2397226112104649] [-1.1331460405889346:2.9115112147710018] [-1.1253174279411866:3.3010091876859575] [4:804] [4:804] [0:1]
tree_sizes=3664 3813 3722 3427 3613 3318 3257 3536 3542 3500 3610 3479 3481 3539 3716 3504 3645 3714 3835 3527 3808 3617

Tree=0
num_leaves=35
num_cat=0
split_feature=4 12 22 14 33 26 34 34 29 29 22 12 33 15 12 25 31 16 12 14 24 29 16 36 38 28 12 36 0 28 15 24 30 22
split_gain=11.2182 5.05019 10.3055 7.54241 4.89198 7.53876 10.7377 5.01476 3.76468 4.02927 3.56452 3.49091 2.75459 3.11156 5.86711 2.68419 2.66762 2.83049 2.59992 2.57914 4.95368 3.20934 2.53064 2.4025 2.54484 2.31945 2.00652 1.97352 1.03726 0.951319 0.858583 0.753472 0.694131 0.162831
threshold=0.6977328718193595 -0.095531908116611899 -0.63845345760536099 -0.77859882384432855 -0.68217392635327345 0.24274047090103518 0.2922967219258597 1.0000000180025095e-35 -0.56994659235450695 -1.0552329829242451 -0.32625621406292449 -0.19432788274918206 0.36140213732825616 -1.300570884216065 -0.288079946378831 1.2031831148379553 -0.90719908214441614 0.49919905278104137 0.10133485338590613 0.049755250309790069 0.74222797061170864 -0.56994659235450695 1.0000000180025095e-35 0.5422769411381686 -1.0000000180025095e-35 0.44457331833152752 -0.73886539272918395 -0.19080013094627804 0.54621605228575232 -0.51587579577374665 0.77128902504379659 -0.57646149501623489 0.35616824308154299 0.090006777326990875
decision_type=2 2 2 2 2 2 2 2 2 2 2 2 2 2 2 2 2 2 2 2 2 2 2 2 2 2 2 2 2 2 2 2 2 2
left_child=1 4 16 32 10 6 11 -7 9 -5 30 12 22 -14 26 -16 -3 -18 31 20 21 -12 27 24 -10 29 -15 -6 -21 -9 -1 -2 -4 -24
right_child=18 2 3 8 5 7 -8 25 23 -11 19 -13 13 14 15 -17 17 -19 -20 28 -22 -23 33 -25 -26 -27 -28 -29 -30 -31 -32 -33 -34 -35
leaf_value=1.0515467085723835 1.0320341454918551 1.0138382631082297 1.0512141764462208 1.0107423412075713 1.0340864384683599 1.029115310466783 1.0533918179262476 1.0088173078404687 0.98792345303430729 1.0432571695737192 1.0224509277025458 1.0412391200955353 1.0390141908412234 1.0221863977506258 0.99444950466370952 1.0224509277025458 0.96397306738751853 1.0084894934705926 1.0211380828077052 1.0452155449891285 1.0396509917287442 0.9889136967664387 0.99287770040936452 1.0224509277025458 1.0188592183759908 1.014421360801804 1.045843445439343 1.0084894934705926 1.0229573319475915 0.97991006534482072 1.030127693212527 1.0501898847321847 1.0285218852079758 1.0121753633967743
leaf_weight=6.809719651937483 6.4205928146839186 4.4749586284160614 4.08583179116249 5.8369025588035583 3.8912683725357056 4.8640854656696346 8.3662270009517652 4.474958628416065 7.1988464891910553 4.8640854656696302 4.4749586284160596 4.2803952097892752 6.226029396057128 6.4205928146839142 7.5879733264446294 5.0586488842964172 3.8912683725357038 3.8912683725357056 4.08583179116249 3.8912683725357047 3.8912683725357047 4.0858317911624944 5.2532123029232007 4.4749586284160605 4.4749586284160667 7.0042830705642691 4.0858317911624908 3.8912683725357082 3.8912683725357056 5.6423391401767713 5.0586488842964172 12.841185629367828 3.8912683725357056 4.2803952097892761
leaf_count=35 33 23 21 30 20 25 43 23 37 25 23 22 32 33 39 26 20 20 21 20 20 21 27 23 23 36 21 20 20 29 26 66 20 22
internal_value=1.02245 1.01957 1.01147 1.02043 1.02298 1.01911 1.02466 1.00469 1.01262 1.02577 1.03267 1.01931 1.01666 1.02245 1.0172 1.0042 0.989451 0.979732 1.04122 1.02426 1.01628 1.00408 1.00769 1.00402 0.997567 0.997448 1.03266 1.02175 1.03661 0.988768 1.04475 1.04556 1.04349 0.998423
internal_weight=183.862 160.515 47.0843 34.8269 113.43 81.3275 59.3418 21.9857 26.8498 10.701 32.103 50.9756 46.6952 29.3791 23.153 12.6466 12.2575 7.78254 23.3476 20.2346 12.4521 8.56079 17.3161 16.1488 11.6738 17.1216 10.5064 7.78254 7.78254 10.1173 11.8684 19.2618 7.9771 9.53361
internal_count=945 825 242 179 583 418 305 113 138 55 165 262 240 151 119 65 63 40 120 104 64 44 89 83 60 88 54 40 40 52 61 99 41 49
is_linear=0
shrinkage=1


Tree=1
num_leaves=35
num_cat=0
split_feature=4 12 22 14 23 33 41 23 34 41 23 34 40 24 39 40 29 29 33 31 34 16 12 40 15 20 16 32 5 16 33 24 30 41
split_gain=10.7111 4.7962 9.74322 7.2292 6.25919 4.68644 5.47793 5.15096 4.98619 4.62429 7.98058 5.69015 4.49703 3.80677 3.68917 3.6552 3.55283 3.86267 3.22193 5.35885 2.7602 4.21526 2.51355 2.51016 2.00106 1.92647 1.86067 2.8786 1.39757 1.0814 0.76921 0.729116 0.676202 0.111196
threshold=0.6977328718193595 -0.095531908116611899 -0.63845345760536099 -0.77859882384432855 -0.87124453462391593 -0.68217392635327345 252.50000000000003 1.288316778247679 0.49102740448253906 370.00000000000006 1.0000000180025095e-35 0.2922967219258597 354.50000000000006 -0.57646149501623489 1.0000000180025095e-35 454.00000000000006 -0.56994659235450695 -1.0552329829242451 0.36140213732825616 -1.1146202906673255 -0.17140820403972482 0.77499157244083916 0.10133485338590613 224.00000000000003 -1.0568226595972579 -1.0000000180025095e-35 -0.87976354551794722 -0.63215855781841446 -0.57101326119848361 -1.0000000180025095e-35 0.94841367314911695 -0.57646149501623489 0.35616824308154299 353.00000000000006
decision_type=2 2 2 2 2 2 2 2 2 2 2 2 2 2 2 2 2 2 2 2 2 2 2 2 2 2 2 2 2 2 2 2 2 2
left_child=1 5 4 32 -3 6 -1 8 -8 13 11 12 23 -7 20 -10 17 -5 25 -20 -12 -22 31 -11 -15 -14 -18 -28 -29 -17 -21 -2 -4 -33
right_child=22 2 3 16 -6 9 7 -9 15 10 14 -13 18 24 -16 29 26 -19 19 30 21 -23 -24 -25 -26 -27 27 28 -30 -31 -32 33 -34 -35
leaf_value=-0.017566749754506224 0.0093850811870436739 -0.0018270277830219315 0.028419307042837533 -0.011378568675460792 -0.046389385234659956 -0.005750590004091392 0.026660010717588854 0.033498003922005949 -0.019846926173889085 -0.0028392057878657974 -0.0014450394179142375 0.026521450626030344 -0.035585290015000236 0.00066462230002281792 0 -0.0010596776377261496 0 0.020485471329566324 -0.023313134432576356 0.019459208243690743 -0.040533591233494468 -0.0035382210890859103 -0.0012834475721799935 0.022924701416303313 0.028755617764904283 -0.0049367764407438116 -0.041103730563850624 -0.01917886750372378 0.002247299685016814 0.017168396305067592 0.00040204317545717661 0.011144379310615009 0.0059519849847844038 0.031133001114572748
leaf_weight=4.0758466124534634 6.3915699273347899 4.703425258398056 4.0302182435989371 5.8690166473388672 7.7036682218313199 7.4111356735229519 5.4198931008577409 7.9118357300758353 5.8400858938693991 5.2609546780586225 4.0743819922208848 5.3936428427696219 4.3173179626464844 3.9044195115566263 6.6177017092704764 4.8457780927419716 4.3169430345296869 4.8162572085857374 4.4995467662811253 4.4683753699064255 10.58966641128063 4.4791574031114569 4.0883570909500113 5.6313909590244293 6.6002122014760944 4.2927934974432009 3.9259885251522073 3.913599267601966 4.1160933226346996 3.8871550261974264 3.8822631388902664 3.8401979207992563 3.8801321387290955 8.8324552178382856
leaf_count=21 33 24 21 30 39 38 28 41 30 27 21 28 22 20 34 25 22 25 23 23 54 23 21 29 34 22 20 20 21 20 20 20 20 46
internal_value=0 -0.00280505 -0.0106781 -0.00193961 -0.0319467 0.000521366 0.0100326 0.0149584 0.00551673 -0.00325594 -0.00709562 0.00162934 -0.00333457 0.00954246 -0.0194862 -0.0037276 -0.0095484 0.00324512 -0.0112008 -0.000666506 -0.0257348 -0.0312148 0.0184193 0.0111592 0.0202021 -0.0238977 -0.0178516 -0.0233533 -0.00894107 0.00779487 0.0126189 0.0227218 0.0207418 0.0273198
internal_weight=183.831 160.679 47.2753 34.8682 12.4071 113.404 31.9806 27.9047 19.9929 81.423 63.5072 37.7463 32.3526 17.9158 25.7609 14.573 26.9579 10.6853 21.4603 12.8502 19.1432 15.0688 23.1526 10.8923 10.5046 8.61011 16.2726 11.9557 8.02969 8.73293 8.35064 19.0642 7.91035 12.6727
internal_count=945 825 242 179 63 583 165 144 103 418 326 194 166 92 132 75 138 55 110 66 98 77 120 56 54 44 83 61 41 45 43 99 41 66
is_linear=0
shrinkage=0.03


Tree=2
num_leaves=34
num_cat=0
split_feature=4 37 37 33 2 24 35 23 40 24 26 35 29 33 28 40 26 22 16 26 23 34 34 23 26 14 26 24 23 26 24 25 40
split_gain=10.2527 5.58625 4.22504 5.12985 8.71625 4.67651 6.79164 5.66316 4.98173 4.38838 4.78659 4.6169 4.27798 3.79631 3.72171 7.0761 5.55757 3.20105 3.15437 2.93607 2.74386 2.73962 2.22101 1.58198 5.49552 1.36569 1.22048 1.01598 2.05901 1.21855 0.759859 0.690863 0.676209
threshold=0.6977328718193595 1.8546174679073557 1.0000000180025095e-35 -0.68217392635327345 -0.54681367307270834 -0.57646149501623489 -0.19103975141528587 -0.31135826832387287 454.00000000000006 0.74222797061170864 0.24274047090103501 -0.19103975141528587 0.40062618878496936 -0.26909173447933465 -0.51587579577374665 353.00000000000006 0.96301329461979168 0.19407252517446966 1.0000000180025095e-35 0.24274047090103501 0.32851175030474761 0.16927296605743947 -0.17140820403972482 0.64844675961905807 -1.0000000180025095e-35 -0.29195827349789788 -0.68332458816593744 -0.57646149501623489 0.64844675961905807 -0.95771423529689226 -0.90613386142322072 -0.34812184979394384 454.00000000000006
decision_type=2 2 2 2 2 2 2 2 2 2 2 2 2 2 2 2 2 2 2 2 2 2 2 2 2 2 2 2 2 2 2 2 2
left_child=1 2 3 9 22 6 12 26 -8 10 -1 -12 -6 17 23 -16 18 -9 19 25 -15 -22 -5 24 32 -17 -7 29 -29 -2 -10 -20 -4
right_child=27 -3 14 4 5 7 8 13 30 -11 11 -13 -14 20 15 16 -18 -19 31 -21 21 -23 -24 -25 -26 -27 -28 28 -30 -31 -32 -33 -34
leaf_value=0.018006190357570548 0.016969018490219655 -0.030692132720678136 0.029263638554443427 -0.0103655453000897 0.018749516996483598 0.026861288190163628 0 0.024013370437814437 -0.018307874944440531 0.023070834241222485 0.0076713820977390235 -0.025770486009658339 -0.014188767888538348 -0.026823177704203383 -0.026265645571300043 0.0018761500945499757 -0.015953646438813619 -0.0081530562790828494 0.0061909770522345373 0.018067169841255185 0.0088139268570744216 -0.018869810902466731 -0.042998534992004199 0.029079809790864823 -0.012870964508793657 -0.019394212561757759 0.0060625739466792271 0.029540660032987137 0.0024013986513493927 -0.0024898322764493326 -0.051659791403479531 0.027274714549177282 0.0089055880822832435
leaf_weight=5.421721547842032 3.8643220663070679 4.7119223922491065 4.2952139228582418 4.8582906872034073 5.6355449408292788 5.4564976990222931 4.2826578170061103 4.2835653722286207 4.4996454864740363 7.4893175512552252 5.0557293146848714 7.4277732819318718 5.487447589635849 6.845118850469599 6.4635497927665702 4.0815776288509387 6.8533613085746756 3.9076485633850098 3.9008858799934387 4.0899372547864914 6.2277472466230375 3.9330216348171234 6.2979436069726926 4.2635863423347464 5.6653209477663049 3.8986590951681173 7.3621306121349281 10.265142172574995 4.2018149197101584 4.6415454447269457 3.9489397853612891 7.947370305657385 6.2384291887283325
leaf_count=28 20 24 22 25 29 28 22 22 23 39 26 38 28 35 33 21 35 20 20 21 32 20 32 22 29 20 38 54 22 24 20 41 32
internal_value=0 -0.00272929 -0.0015632 -0.00534137 -0.00936526 -0.00449345 -0.0145096 0.0019519 -0.0282846 0.00588385 -0.00222351 -0.0124276 0.00226925 -0.00612264 0.00475226 -0.00084057 0.0052866 0.00916232 0.0121909 0.000498408 -0.0139551 -0.00243623 -0.0321744 0.014565 0.00826487 -0.00930682 0.0172215 0.0181008 0.0230001 0.0069695 -0.0399385 0.0222584 0.0203184
internal_weight=183.803 160.831 156.119 98.4207 73.0262 61.87 23.8542 38.0157 12.7312 25.3945 17.9052 12.4835 11.123 25.1971 57.6979 37.2353 30.7718 8.19121 23.9184 12.0702 17.0059 10.1608 11.1562 20.4626 16.199 7.98024 12.8186 22.9728 14.467 8.50587 8.44859 11.8483 10.5336
internal_count=945 825 801 505 374 317 122 195 65 131 92 64 57 129 296 191 158 42 123 62 87 52 57 105 83 41 66 120 76 44 43 61 54
is_linear=0
shrinkage=0.03


Tree=3
num_leaves=31
num_cat=0
split_feature=1 37 12 22 14 23 37 33 26 23 29 29 3 30 36 38 22 27 30 29 15 38 12 33 30 33 15 32 30 31
split_gain=9.07375 5.30281 3.6666 7.52758 6.27792 4.4459 4.041 5.60096 5.78796 9.48373 3.45696 4.99558 3.40238 5.16399 3.11843 2.95292 4.7971 6.47718 2.7422 2.87274 5.03021 2.60432 2.2346 2.1929 1.70004 1.47268 1.10339 0.733421 0.655963 0.101226
threshold=0.70574331284429115 1.8546174679073557 -0.095531908116611899 -0.63845345760536099 -0.77859882384432855 -0.6312932776381831 1.0000000180025095e-35 -0.49116223612585069 0.24274047090103518 1.288316778247679 -0.56994659235450695 -1.0552329829242451 -0.50095898385778725 0.75704373831555916 0.5422769411381686 -0.62756388366894245 0.29813827302194845 -0.53050802247229834 0.35616824308154338 -0.32730339706963779 0.40566668811558565 -1.0000000180025095e-35 0.10133485338590613 -0.68217392635327345 1.2247318160885783 -1.0082914462537513 1.3806595865908149 -0.26413666288943238 0.35616824308154299 -0.49235666509859666
decision_type=2 2 2 2 2 2 2 2 2 2 2 2 2 2 2 2 2 2 2 2 2 2 2 2 2 2 2 2 2 2
left_child=1 2 6 5 28 -4 7 8 -1 25 11 -6 -9 18 21 23 17 27 19 -14 -21 -12 26 -8 -15 -10 29 -17 -5 -2
right_child=22 -3 3 4 10 -7 15 12 9 -11 14 -13 13 24 -16 16 -18 -19 -20 20 -22 -23 -24 -25 -26 -27 -28 -29 -30 -31
leaf_value=0.027258275319818299 0.010736146508816623 -0.029671248254404585 -0.0057435874325482078 0.028045284050846365 -0.012252706785245732 -0.043441759391891301 0.00055961884795106148 0.01339234824552837 -0.0034801713041241007 0.022072662160926852 -0.034137609243776727 0.024539835922861311 -0.024355324077149697 -0.039802518297842988 0.0034133645612652729 0.0015175762301941171 -0.015565915976165736 0.029561161586302075 0.011315764141890616 0.0076057471864050897 -0.019788460848069837 -0.0030463187305933065 -0.0015360073107276231 0.026647616494300145 -0.0080676643671398589 -0.028853087264254593 0.0077536066053943507 -0.013814447436171709 0.0058286897802420018 0.030360332578676246
leaf_weight=8.0647235214710253 3.7966748178005245 4.7783983051776877 6.0971757471561432 3.9676874279975882 5.7242137640714645 5.8568623661994916 4.6523015946149817 4.2542688101530066 4.4828365892171886 7.0545916408300391 6.7865508496761286 4.5886127501726133 6.6870232224464408 5.1209815889596921 4.2984673082828513 4.0492482781410208 7.4409832060337058 7.3074623793363598 5.8527149111032477 14.0470961034298 8.2786310166120511 4.5226199030876213 4.0665034353733054 9.6775459051132184 3.9146734625101089 5.3038156181573859 7.0100858360528937 3.8999441415071487 3.8683353215456009 8.3147508502006549
leaf_count=42 20 24 31 21 29 29 24 22 23 37 34 24 34 26 22 21 38 38 30 72 42 23 21 50 20 27 37 20 20 44
internal_value=0 -0.00258096 -0.00143693 -0.00845441 -0.000678087 -0.0274438 0.00149754 -0.00253747 0.00857413 -0.0015435 -0.0080429 0.00464727 -0.00849062 -0.0111158 -0.016451 0.00940384 0.00202534 0.0115884 -0.0050997 -0.0090013 -0.00290681 -0.0239851 0.0169426 0.0194126 -0.0297291 -0.0197696 0.0209892 -0.00636836 0.0204191 0.0265104
internal_weight=183.766 160.578 155.799 45.7105 33.7565 11.954 110.089 73.0614 24.906 16.8412 25.9205 10.3128 48.1554 43.9011 15.6076 37.0275 22.6976 15.2567 34.8655 29.0128 22.3257 11.3092 23.188 14.3298 9.03566 9.78665 19.1215 7.94919 7.83602 12.1114
internal_count=945 823 799 233 173 60 566 375 129 87 132 53 246 224 79 191 117 79 178 148 114 57 122 74 46 50 101 41 41 64
is_linear=0
shrinkage=0.03


Tree=4
num_leaves=33
num_cat=0
split_feature=4 37 37 33 2 24 35 40 24 36 29 24 30 12 31 35 30 41 16 35 4 10 12 0 17 25 38 32 24 24 25 41
split_gain=9.43081 4.97005 3.92542 4.73978 7.9827 4.46528 6.25719 4.66921 4.17907 4.64517 4.07314 3.67975 4.96794 3.51198 6.22443 4.06762 3.45811 3.09292 4.72633 3.06758 3.04787 2.46984 2.36227 1.32975 1.24919 1.14897 0.778603 1.81055 0.705469 0.634556 0.307783 0.152652
threshold=0.6977328718193595 1.8546174679073557 1.0000000180025095e-35 -0.68217392635327345 -0.54681367307270834 -0.57646149501623489 -0.19103975141528587 454.00000000000006 0.74222797061170864 0.15664143935256883 0.40062618878496936 -0.24678912860924923 0.75704373831555916 -0.13326907075282537 0.75217058603886111 -1.4380221082017768 -0.17833241723047827 354.50000000000006 0.77499157244083916 -0.70197369882070382 0.12493019812038501 0.25592200580757946 0.10133485338590613 -0.4219095367064189 1.0000000180025095e-35 0.31672313504829863 -0.62756388366894245 -0.26413666288943238 -0.57646149501623489 -0.90613386142322072 0.31672313504829863 353.00000000000006
decision_type=2 2 2 2 2 2 2 2 2 2 2 2 2 2 2 2 2 2 2 2 2 2 2 2 2 2 2 2 2 2 2 2
left_child=1 2 3 8 25 6 10 -8 9 -1 -6 30 17 15 16 -4 19 -13 -19 -15 24 -11 28 -18 -17 -5 -26 -28 -2 -9 -7 -30
right_child=22 -3 13 4 5 11 7 29 -10 21 -12 12 -14 14 -16 20 23 18 -20 -21 -22 -23 -24 -25 26 -27 27 -29 31 -31 -32 -33
leaf_value=0.016238658389072239 0.0087534580375985584 -0.028699323084130826 -0.013983926498397265 -0.039502532713509196 0.01835712836953364 0.0059742299151019718 0 -0.017691880296623372 0.022608981682526334 -0.023958635150751976 -0.013815973622553056 0.021204792941559369 -0.02487849424730253 0.0087901773763695516 -0.030188858861601615 0.0015347040559118754 0.025220239946351166 -0.01336637803659582 0.015078546639716131 -0.020981016195620303 -0.0023388993163974436 0.0011064937314365442 -0.0015015313128419366 0.00087196488714560939 0.030333364193236772 -0.012420075244925406 -0.0016261106591431949 0.020622731543743448 0.010331558217456922 -0.049227988455271571 0.023911768565638272 0.030179992883040751
leaf_weight=6.1668808758258882 6.2985206544399306 4.8418286740779868 3.8879704773426047 6.2240078002214414 5.5719095915555972 3.8798808604478783 4.3004107624292365 4.5438306182622901 7.3798325359821311 6.2781189233064634 5.5195894688367844 5.0259549766779044 5.7098551690578452 4.3146616518497494 4.7429579347372046 4.0494357049465242 4.8098754435777664 12.192126050591471 6.9677978903055182 5.1699137240648279 6.7578063905239096 5.46647609770298 4.0694678574800482 3.9187506139278412 8.0454323738813454 5.1371534913778305 4.0569744706153914 7.7738214135169885 3.7546235173940667 4.0623671114444724 4.2674683183431625 8.5070548951625806
leaf_count=32 33 24 20 31 29 20 22 23 39 32 28 26 29 22 24 21 25 62 36 26 35 28 21 20 42 26 21 40 20 20 22 46
internal_value=0 -0.00260168 -0.00148953 -0.00512121 -0.0089681 -0.00428352 -0.0140367 -0.0271228 0.00569659 -0.00217113 0.0021314 0.00201629 -0.00287685 0.0046111 -0.00414766 0.0105241 0.00411054 0.00323327 -0.00238781 -0.00754054 0.014323 -0.0130351 0.0174972 0.0166065 0.0191254 -0.0306 0.0220694 0.0132187 0.0217628 -0.0382687 0.0182486 0.0263268
internal_weight=183.693 161.063 156.221 98.6937 73.4024 62.0412 23.9981 12.9066 25.2913 17.9115 11.0915 38.0431 29.8957 57.5276 22.9562 34.5714 18.2132 24.1859 19.1599 9.48458 30.6835 11.7446 22.6297 8.72863 23.9257 11.3612 19.8762 11.8308 18.5602 8.6062 8.14735 12.2617
internal_count=945 825 801 505 374 317 122 65 131 92 57 195 153 296 117 179 93 124 98 48 159 60 120 45 124 57 103 61 99 43 42 66
is_linear=0
shrinkage=0.03


Tree=5
num_leaves=30
num_cat=0
split_feature=4 37 37 23 26 31 31 31 28 40 26 29 2 38 17 35 2 3 16 26 35 12 23 26 15 24 40 27 22
split_gain=9.03772 4.69106 3.72721 4.63088 6.28667 7.4192 3.97523 3.65743 3.61245 6.57948 5.0951 3.58102 3.19454 3.4365 5.00706 5.43146 4.1483 4.43083 3.01815 2.83924 2.59624 2.28948 1.54624 5.22376 0.864528 0.688583 0.666261 0.649107 0.171516
threshold=0.6977328718193595 1.8546174679073557 1.0000000180025095e-35 1.288316778247679 0.24274047090103518 0.33732816899304191 0.33732816899304191 1.1670130030846806 -0.51587579577374665 353.00000000000006 0.96301329461979168 -0.32730339706963779 -0.54681367307270834 -1.0000000180025095e-35 0.57880962643118627 -0.7930312340018677 0.4056935623904076 -0.35093439584903136 1.0000000180025095e-35 0.24274047090103501 -0.19103975141528587 0.10133485338590613 0.64844675961905807 1.0000000180025095e-35 0.283792575806182 -0.57646149501623489 454.00000000000006 -0.53050802247229834 -0.11812471836796677
decision_type=2 2 2 2 2 2 2 2 2 2 2 2 2 2 2 2 2 2 2 2 2 2 2 2 2 2 2 2 2
left_child=1 2 3 4 5 12 11 -5 22 -10 18 -6 -1 14 15 -14 17 -15 19 24 -8 25 23 26 -11 -2 -4 -7 -20
right_child=21 -3 8 7 6 27 20 -9 9 10 -12 -13 13 16 -16 -17 -18 -19 28 -21 -22 -23 -24 -25 -26 -27 -28 -29 -30
leaf_value=-0.023618944919270787 0.0085713234098046334 -0.027772930056313743 0.028789899896202075 -0.0076915997478364346 -0.019737852315237298 0.0069115084172701761 -0.0093037426094068343 0.024477651460283675 -0.025362886364186491 -0.016894232432521458 -0.015217876383162366 0.012434255586989146 0.023623401938470238 -0.021758194267774967 -0.02956581643302824 -0.010489092021138688 0.028188781635668864 0.0077766943402604854 0.0088706238724342718 0.017672828230888005 -0.037426642255310318 -0.0014678436259914411 0.028652640026321331 -0.012485924501587024 9.2102561298894821e-05 0.025971594961599249 0.0086079897063111987 0.029259971474649177 0.025839699602226322
leaf_weight=6.7529134750366202 6.2716740071773573 4.9023263454437247 4.2136059403419548 3.9389650970697385 4.3409602642059326 4.0453996956348419 6.7261871397495314 6.5758849382400513 6.5391931980848303 4.120037600398069 6.9288777261972418 5.0761656463146227 4.224647417664527 5.1128715872764632 6.9181943833827964 14.129248037934302 3.985966593027114 13.151668444275863 4.4030432999134064 4.0396199375391006 9.4553565829992259 4.0723642706871024 4.187244936823844 5.6976004391908637 3.8519463688135147 12.110934630036354 6.1928101032972336 4.4195930510759336 7.2286649048328382
leaf_count=34 33 24 22 20 22 21 34 35 33 21 35 26 22 26 35 72 21 67 23 21 47 21 22 29 20 66 32 23 38
internal_value=0 -0.00254111 -0.00145492 -0.00498747 -0.00730592 -0.00193464 -0.0194133 0.0124716 0.00449878 -0.00100513 0.0049603 -0.00252065 -0.00623601 -0.00299641 -0.0103687 -0.0011434 0.00525042 -0.00121139 0.0116674 0.000255148 -0.0278571 0.0171961 0.0142167 0.00800074 -0.00933841 0.0214314 0.0198812 0.0218298 0.0216202
internal_weight=183.614 161.159 156.257 98.854 88.3392 62.7405 25.5987 10.5149 57.4026 37.1114 30.5722 9.41713 54.2755 47.5226 25.2721 18.3539 22.2505 18.2645 23.6433 12.0116 16.1815 22.455 20.2913 16.104 7.97198 18.3826 10.4064 8.46499 11.6317
internal_count=945 825 801 505 450 321 129 55 296 191 158 48 277 243 129 94 114 93 123 62 81 120 105 83 41 99 54 44 61
is_linear=0
shrinkage=0.03


Tree=6
num_leaves=30
num_cat=0
split_feature=1 37 37 34 2 30 17 29 38 41 37 36 32 15 0 33 36 19 33 2 33 37 23 23 26 26 37 32 19
split_gain=7.93598 4.46829 3.00054 4.99512 7.9512 5.08674 4.25828 3.99503 4.44503 4.67707 3.60354 3.33514 3.66753 3.19699 3.19162 3.18196 3.04663 2.92873 2.88941 2.5928 2.25951 2.92993 2.13425 1.61451 0.990965 1.37978 0.767707 0.712017 0.694327
threshold=0.70574331284429115 1.8546174679073557 1.0000000180025095e-35 1.0209758913003502 -0.54681367307270834 0.62341857323755401 0.57880962643118627 0.55661110003952807 -0.62756388366894245 406.00000000000006 -1.2262236785175198 -0.06512977573180137 0.2265591970158771 0.89316313735320019 -0.27556497092853255 -0.26909173447933465 0.81456271076953435 -0.30099636918594219 -0.49116223612585069 -0.84915445286858515 1.1440841850894035 -1.2262236785175198 1.288316778247679 0.64844675961905807 -0.37463623514361322 -0.95771423529689226 -0.45601339191130108 -0.63215855781841446 0.29521303283476724
decision_type=2 2 2 2 2 2 2 2 2 2 2 2 2 2 2 2 2 2 2 2 2 2 2 2 2 2 2 2 2
left_child=1 2 3 4 19 6 16 8 27 18 -7 -11 -13 15 -8 -9 20 -16 -10 -1 21 -6 28 24 25 -2 -12 -4 -5
right_child=23 -3 7 22 5 10 14 13 9 11 26 12 -14 -15 17 -17 -18 -19 -20 -21 -22 -23 -24 -25 -26 -27 -28 -29 -30
leaf_value=-0.0038995564204475333 0.02035412266236742 -0.026888954666187244 0.0057504820328863251 -0.0079372839399754654 -0.0027538150722331424 0.0019330131214202772 0.0051208663769956638 0.0026397710430384799 -0.028223277754808474 0.023507923913636902 -0.033801330550476356 -0.018541373111300663 0.012719816998547781 0.0098996720225756046 -0.034344782945410685 -0.027567223957308384 -0.013002381469656096 -0.0002884771373284342 0.0014840695461329949 -0.034366810344406175 -0.0047678818129080871 0.018566803327582926 0.021287979102993588 0 0.028576145989213642 0 -0.010777317068484071 0.02640011178876437 0.007187451138742639
leaf_weight=4.3747579902410498 4.8913527727127111 4.9600025117397299 3.8546312600374213 3.9191234558820707 6.6334934830665544 5.5570552051067379 5.4266316443681708 4.1434601545333853 4.5019858032464981 7.68764951825142 5.6147215217351922 4.4781768620014191 6.22090944647789 4.6021320372819892 4.7829484641551963 6.7215638607740393 4.5201207995414725 4.1693006604909888 4.8101953864097649 9.8852449804544431 6.2653665840625754 21.85401704907418 6.8776659965515137 4.4808594435453406 7.2670588046312341 6.030025988817215 5.3397620320320103 9.7110649943351692 3.9876093864440918
leaf_count=22 26 24 20 20 34 28 28 21 23 40 28 23 32 24 24 34 23 21 25 49 32 113 37 24 40 32 27 51 20
internal_value=0 -0.00238284 -0.0013165 -0.00446849 -0.00734124 -0.00285502 0.00163112 0.00406552 0.00893453 0.0014835 -0.0166871 0.0102253 -0.000543897 -0.00821229 -0.0114587 -0.0166395 0.00681606 -0.0213755 -0.0142461 -0.0266614 0.00999057 0.0135127 0.0107325 0.0160426 0.0197418 0.0106394 -0.0257097 0.0220876 0
internal_weight=183.569 160.9 155.94 99.2078 84.4234 70.1634 53.6519 56.7318 41.2646 27.6989 16.5115 18.3867 10.6991 15.4672 14.3789 10.865 39.273 8.95225 9.31218 14.26 34.7529 28.4875 14.7844 22.6693 18.1884 10.9214 10.9545 13.5657 7.90673
internal_count=945 823 799 506 429 358 275 293 214 143 83 95 55 79 73 55 202 45 48 71 179 147 77 122 98 58 55 71 40
is_linear=0
shrinkage=0.03


Tree=7
num_leaves=32
num_cat=0
split_feature=4 37 37 33 2 24 35 23 36 23 29 24 36 32 16 28 40 26 15 16 26 29 12 34 23 26 26 15 24 40 22
split_gain=8.28777 4.18776 3.39881 4.2728 6.78882 4.26135 5.67196 5.27196 7.59108 4.48385 3.82497 3.81132 4.32485 3.47035 4.06135 3.43435 6.2425 4.76009 3.42792 2.88714 2.72027 2.39706 2.20005 2.1552 1.52122 5.02377 1.09752 0.816676 0.691358 0.663462 0.177756
threshold=0.6977328718193595 1.8546174679073557 1.0000000180025095e-35 -0.68217392635327345 -0.54681367307270834 -0.57646149501623489 -0.19103975141528587 -0.31135826832387287 0.90327119680328283 -0.87124453462391593 0.40062618878496936 0.74222797061170864 0.15664143935256883 0.2265591970158771 0.49919905278104137 -0.51587579577374665 353.00000000000006 0.96301329461979168 0.283792575806182 1.0000000180025095e-35 0.24274047090103501 -0.32730339706963779 0.10133485338590613 -0.17140820403972482 0.64844675961905807 -1.0000000180025095e-35 -0.68332458816593744 0.283792575806182 -0.57646149501623489 454.00000000000006 -0.11812471836796677
decision_type=2 2 2 2 2 2 2 2 2 2 2 2 2 2 2 2 2 2 2 2 2 2 2 2 2 2 2 2 2 2 2
left_child=1 2 3 11 23 6 10 26 13 -8 -6 12 -1 21 -15 24 -17 19 -14 20 27 -9 28 -5 25 29 -7 -18 -2 -4 -21
right_child=22 -3 15 4 5 7 9 8 -10 -11 -12 -13 18 14 -16 16 17 -19 -20 30 -22 -23 -24 -25 -26 -27 -28 -29 -30 -31 -32
leaf_value=0.015962884462531534 0.0080988338549903127 -0.026044554007558087 0.028366883409299562 -0.0080667671091142791 0.017865974387950654 0.026292612966224226 -0.0064086379914253307 -0.013831821040385085 0.022155979832607822 -0.042535933934467959 -0.013357186259867895 0.021915828322561344 -0.025878118225510578 -0.0031731859616501612 -0.041309445453549247 -0.024640330492737967 -0.01643478803669831 -0.014570797254381805 0.0032566589755475515 0.0085559333993670758 0.017359830032750011 0.011920522852449192 -0.0016253867096022211 -0.038199474259545264 0.028233898330247909 -0.01229905951580996 0.0062072751907382992 3.4477616788007396e-05 0.025366195087784298 0.0083088400842845547 0.025382399172050509
leaf_weight=6.1183710098266664 6.2016057670116469 5.014966905117034 4.1392081379890477 5.0545906722545624 5.4907070100307482 5.3453130275011063 7.1885165572166443 4.9544755071401578 5.2758585512638083 5.9133903533220273 5.5586017817258835 7.2111054211854926 6.0071081817150098 5.1557584553956968 4.978017583489418 6.6020164638757697 4.1504167020320946 6.9952837079763404 5.8567894846200943 4.3664777129888535 4.0004506409168243 5.0115030556917297 4.0586415082216254 6.6451636850833875 4.1146835833787909 5.7129819840192804 7.3784964084625191 3.8457574248313904 11.850888133049011 6.1502895802259445 7.1129646748304349
leaf_count=32 33 24 22 25 29 28 36 25 27 29 28 39 30 26 25 33 21 35 30 23 21 26 21 32 22 29 38 20 66 32 38
internal_value=0 -0.00241639 -0.0013801 -0.00474317 -0.00837082 -0.00400884 -0.0135044 0.00214241 -0.00559072 -0.0258197 0.00196128 0.00555235 -0.00188377 -0.0141844 -0.0253334 0.00431999 -0.00103182 0.00481167 -0.0122952 0.0113556 0.000208037 -0.00049334 0.0166023 -0.028032 0.0138475 0.00770285 0.0169499 -0.00912779 0.0208176 0.0194692 0.0211728
internal_weight=183.46 161.349 156.334 99.1438 73.9504 62.2506 24.1512 38.0994 25.3756 13.1019 11.0493 25.1934 17.9823 20.0998 10.1338 57.1905 37.0734 30.4714 11.8639 23.4761 11.9966 9.96598 22.1111 11.6998 20.1172 16.0025 12.7238 7.99617 18.0525 10.2895 11.4794
internal_count=945 825 801 505 374 317 122 195 129 65 57 131 92 102 51 296 191 158 60 123 62 51 120 57 105 83 66 41 99 54 61
is_linear=0
shrinkage=0.03


Tree=8
num_leaves=32
num_cat=0
split_feature=4 12 22 14 23 22 12 31 12 12 36 21 40 21 24 24 41 13 0 19 31 36 12 39 36 15 13 25 24 30 41
split_gain=7.91042 4.11228 8.72513 6.00827 4.90422 3.84688 6.77194 5.2504 4.02702 3.54633 2.87696 3.42386 3.41407 3.64779 5.72405 3.0277 2.50301 2.79048 6.30352 3.21313 2.40378 2.13635 2.12739 1.97486 1.94194 1.84342 0.931477 0.688152 0.670122 0.645812 0.228715
threshold=0.6977328718193595 -0.095531908116611899 -0.63845345760536099 -0.77859882384432855 -0.87124453462391593 0.61033551656438523 -0.19995320996203253 0.070643758035015172 -0.94222279948471466 -0.82938746184192846 1.3082676776835498 -0.87913715831714601 470.50000000000006 0.45968635040068101 0.74222797061170864 -1.0000000180025095e-35 478.50000000000006 -0.76058525150774281 1.0000000180025095e-35 0.29521303283476724 0.070643758035015172 0.31188128991162817 0.10133485338590613 -1.0000000180025095e-35 0.81456271076953435 -0.20370387343143256 -0.0097083947194332842 0.61220979497818429 -0.57646149501623489 0.35616824308154299 353.00000000000006
decision_type=2 2 2 2 2 2 2 2 2 2 2 2 2 2 2 2 2 2 2 2 2 2 2 2 2 2 2 2 2 2 2
left_child=1 5 4 29 -3 8 9 27 20 -7 11 -10 13 21 26 25 17 -5 19 -19 -1 23 28 -13 -23 -14 -15 -8 -2 -4 -30
right_child=22 2 3 16 -6 6 7 -9 10 -11 -12 12 15 14 -16 -17 -18 18 -20 -21 -22 24 -24 -25 -26 -27 -28 -29 30 -31 -32
leaf_value=0.0024775129862325668 0.0079293720781543672 -0.0021090280608859267 0.027329359797642016 -0.028364223741641093 -0.041768225217211997 -0.0068924287464494976 0.0022010255870517641 -0.037631420414656218 0.022377458749777937 0.025220128677213766 0.025624046478049119 -0.01882552558689099 -0.01099116013189853 0.024744747485679074 -0.017471045549602819 0.027739549767970464 0.0083897285036959313 -3.2359094102564628e-05 0.02285875960637581 -0.029409381229590213 -0.022977143261966315 0.013426310780785756 -0.0015888723288050167 0.0008290530418717867 -0.010012478939447187 0.013096455825538627 0.0070135006004360678 -0.011207570094947441 0.009112428927497725 0.0054004176356678563 0.028956311533319731
leaf_weight=4.9084373563528043 6.176559373736386 4.6729276329278937 3.8422742486000052 5.699098169803622 8.0805058479309064 4.6738284975290298 5.5818313956260699 6.7839395999908438 6.9974678605794898 4.8025633692741412 5.0952665954828253 14.929728850722311 4.1555858105421057 6.518761783838273 4.5505454391241065 6.1021441221237174 5.1324665099382392 7.1191889643669182 3.8923367708921424 5.6216553300619125 5.9045055657625198 5.3714086264371854 4.0617822557687751 5.4308420270681443 4.2919049113988876 4.2160083949565879 8.4992101788520813 4.7193958163261414 3.6249321103096017 3.8248262703418732 8.0662403553724271
leaf_count=25 33 24 21 28 39 24 28 34 36 25 27 76 21 34 23 32 26 36 20 28 30 28 21 28 22 22 44 24 20 20 46
internal_value=0 -0.00235003 -0.00958656 -0.0013173 -0.029409 0.000735192 -0.00888955 -0.0196852 0.00384333 0.0100578 0.00636481 0.00440009 0.00187802 -0.00184849 0.00772918 0.0139966 -0.00811374 -0.0124477 -0.00476807 -0.0151481 -0.0120408 -0.00835195 0.016293 -0.0136114 0.00253207 0.000678513 0.0166214 -0.00407729 0.020476 0.019718 0.0249943
internal_weight=183.348 161.419 47.8853 35.1318 12.7534 113.533 26.5616 17.0852 86.9718 9.47639 76.1589 71.0636 64.0661 49.5924 19.5685 14.4737 27.4647 22.3323 16.6332 12.7408 10.8129 30.0239 21.9295 20.3606 9.66331 8.37159 15.018 10.3012 17.8677 7.6671 11.6912
internal_count=945 825 242 179 63 583 135 86 448 49 393 366 330 255 101 75 138 112 84 64 55 154 120 104 50 43 78 52 99 41 66
is_linear=0
shrinkage=0.03


Tree=9
num_leaves=32
num_cat=0
split_feature=4 37 37 23 26 33 37 24 19 29 19 30 32 29 38 41 15 36 32 29 40 38 33 33 12 26 32 10 1 16 16
split_gain=7.56514 3.91037 3.21657 4.0508 5.65654 5.85638 7.63238 4.42779 3.58648 7.35449 4.42137 3.52376 4.78892 3.15354 4.23578 4.41469 3.81808 3.20233 3.47525 3.00189 4.5223 4.87818 2.98724 2.63729 2.06217 1.59956 0.719011 0.657828 0.867107 0.305199 0.146184
threshold=0.6977328718193595 1.8546174679073557 1.0000000180025095e-35 1.288316778247679 0.24274047090103518 -0.26909173447933465 -0.45601339191130108 -0.57646149501623489 -0.30099636918594219 0.15798299350010028 0.5933177338451221 0.35616824308154299 0.65591807443302319 0.55661110003952807 -0.62756388366894245 406.00000000000006 0.89316313735320019 -0.06512977573180137 0.2265591970158771 0.40062618878496936 395.50000000000006 1.0000000180025095e-35 -0.26909173447933465 -0.49116223612585069 0.10133485338590613 1.5803900006644402 -0.63215855781841446 -1.9471561868300153 2.4974145144195887 0.77499157244083916 -0.60397102585814955
decision_type=2 2 2 2 2 2 2 2 2 2 2 2 2 2 2 2 2 2 2 2 2 2 2 2 2 2 2 2 2 2 2
left_child=1 2 3 4 5 6 -1 19 9 -9 -10 12 30 14 26 23 22 -17 -19 20 -7 -22 -15 -16 27 -5 -4 28 -2 -13 -6
right_child=24 -3 13 25 11 7 -8 8 10 -11 -12 29 -14 16 15 17 -18 18 -20 -21 21 -23 -24 -25 -26 -27 -28 -29 -30 -31 -32
leaf_value=0.030609516265738445 -0.00047243291241239125 -0.024982627632966155 0.0053933818550479752 0 0.0013195558632688022 0.014570166309635615 -0.0084980671025822532 -0.033575414442566787 0.025908993460305781 0.0098522610810624703 -0.0048843056759385953 -0.035016020539443103 -0.023043761485364932 0.0027048055119705035 -0.026996554291437411 0.023092491858932543 0.012176626447613395 -0.017972135179520881 0.012444192581051878 -0.031420656765192068 -0.032392699665428161 0.0036577133646132909 -0.02644138254878399 0.0013071113900632201 -0.0015531909972293272 0.02138384107353649 0.025949607565580825 0.025713987263069258 0.016763343605013293 -0.012123395115224631 0.01187035103808053
leaf_weight=8.5121977031230909 3.6028539240360304 5.0826959162950507 3.8184578418731681 5.024736672639845 3.9507288038730621 4.4792700111865988 6.868656411767005 4.8281336575746518 7.1221102178096825 6.4466539621353149 6.8805052936077118 7.3888953775167447 6.7385250478982925 4.1422651261091241 4.5777748823165894 7.5824030637741116 5.1262859255075446 4.5160030424594861 6.172777846455574 6.6548571437597266 6.1123506277799589 5.0994067192077637 6.8147808909416208 4.788455545902254 4.0648507177829734 5.3261704742908478 9.5597243905067426 10.008101731538773 4.0871279090642929 4.012699693441391 3.906173303723337
leaf_count=45 20 24 20 26 20 23 35 24 37 33 35 36 33 21 23 40 27 23 32 33 30 26 34 25 21 29 51 56 23 20 20
internal_value=0 -0.00227414 -0.00126817 -0.00453454 -0.00667941 -0.00158016 0.0135865 -0.00686595 0.00157895 -0.0100336 0.0113824 -0.0180589 -0.0066156 0.00428352 0.00867722 0.00141526 -0.00636439 0.00996887 -0.000544673 -0.0161687 -0.00717391 -0.0170272 -0.0159422 -0.0137913 0.0160136 0.0119127 0.0216209 0.020167 0.00927621 -0.0297705 0.0082683
internal_weight=183.297 161.534 156.451 99.3521 89.0012 63.0041 15.3809 47.6233 25.2774 11.2748 14.0026 25.997 14.5954 57.0989 41.0156 27.6374 16.0833 18.2712 10.6888 22.3459 15.691 11.2118 10.957 9.36623 21.7629 10.3509 13.3782 17.6981 7.68998 11.4016 7.8569
internal_count=945 825 801 505 450 321 80 241 129 57 72 129 73 296 214 143 82 95 55 112 79 56 55 48 120 55 71 99 43 56 40
is_linear=0
shrinkage=0.03


Tree=10
num_leaves=33
num_cat=0
split_feature=4 12 22 14 23 22 12 31 33 35 12 12 33 17 17 40 6 41 16 16 41 28 12 28 35 30 26 24 30 36 31 41
split_gain=7.23442 3.86572 8.06986 5.68542 4.47632 3.6485 6.37687 4.88682 4.21978 4.27608 3.39887 3.26916 4.09965 3.88283 6.00656 2.9125 3.00702 2.34365 3.45202 2.51255 2.24181 2.21746 1.99539 1.93869 1.86489 1.75211 1.45622 0.68647 0.628313 0.556773 0.355035 0.248065
threshold=0.6977328718193595 -0.095531908116611899 -0.63845345760536099 -0.77859882384432855 -0.87124453462391593 0.61033551656438523 -0.19995320996203253 0.070643758035015172 -0.26909173447933465 0.82284064030948356 -0.82938746184192846 -0.33088289343762922 0.36140213732825616 0.57880962643118627 1.0000000180025095e-35 395.50000000000006 -0.18818260314592808 478.50000000000006 -0.87976354551794722 1.0000000180025095e-35 323.00000000000006 -0.13169615013163688 0.10133485338590613 1.2129326096157469 -0.70197369882070382 -0.24514499976948093 0.24274047090103501 -0.57646149501623489 0.35616824308154299 -0.06512977573180137 -0.49235666509859666 353.00000000000006
decision_type=2 2 2 2 2 2 2 2 2 2 2 2 2 2 2 2 2 2 2 2 2 2 2 2 2 2 2 2 2 2 2 2
left_child=1 5 4 28 -3 8 10 23 15 11 -7 12 -10 14 30 25 -17 18 -5 -20 -18 29 27 -8 -14 -1 -21 -2 -4 -16 -13 -29
right_child=22 2 3 17 -6 6 7 -9 9 -11 -12 13 24 -15 21 16 20 -19 19 26 -22 -23 -24 -25 -26 -27 -28 31 -30 -31 -32 -33
leaf_value=0.0083480094967208849 0.0073862631365897852 -0.001978323967338734 0.02692562198859743 0.0064740595213387802 -0.039789613748710748 -0.0066320593849640017 0.0056542920321371853 -0.036130726760760498 -0.029784534212968731 0.019612750961702608 0.02485118174121587 -0.018471293720888796 0.010780934168548089 -0.0179765147958992 0.028997359680249156 -0.0034492044652798064 0.001284334280775664 0.00818822420103873 -0.032141621858459431 0.0024852763942413213 0.026257722877933928 0 -0.0015183246708881559 -0.017414464283360683 -0.013294833010401056 -0.013903473101979688 -0.01698366579979434 0.0086402167420544119 0.0052404966429555021 0.0079841706949479001 -0.0027499283818413233 0.02838789843499015
leaf_weight=5.2847293168306351 6.0960238575935408 4.6830706447362891 3.7710326313972464 5.5824647545814541 8.2430218011140806 4.6941674202680588 6.3103179782629031 6.8987462520599356 7.2497940659523001 5.8492453247308722 4.7373382896184939 3.9520888179540634 4.6933831274509421 5.9918313920497885 6.89325907826424 4.5405088216066387 4.789123639464381 5.1067789793014517 6.1294354051351609 5.6843089461326581 16.164729341864586 5.104448348283765 4.0678487420082083 4.0183434635400772 3.9231375604867926 4.381041467189787 5.0614817887544632 3.5743933618068695 3.8085226863622665 4.140168622136116 3.8855288028717103 7.8545016348361969
leaf_count=28 33 24 21 28 39 24 32 34 36 30 25 20 24 30 36 24 25 26 30 29 86 26 21 20 20 22 25 20 20 21 20 46
internal_value=0 -0.00221947 -0.00921953 -0.00123104 -0.0281367 0.000774591 -0.00857508 -0.018977 0.00380952 -0.00156828 0.00987285 -0.00493401 -0.0153134 0.000838746 0.00655807 0.0116189 0.0167101 -0.00780525 -0.0119775 -0.0184382 0.0212842 0.016702 0.0157214 -0.00388355 0 -0.00171309 -0.00715209 0.0198426 0.0193561 0.0234903 -0.0130137 0.0243949
internal_weight=183.165 161.572 48.0701 35.144 12.9261 113.502 26.6589 17.2274 86.843 51.6829 9.43151 45.8336 15.8663 29.9673 23.9755 35.1601 25.4944 27.5645 22.4577 16.8752 20.9539 16.1379 21.5928 10.3287 8.61652 9.66577 10.7458 17.5249 7.57956 11.0334 7.83762 11.4289
internal_count=945 825 242 179 63 583 135 86 448 263 49 233 80 153 123 185 135 138 112 84 111 83 120 52 44 50 54 99 41 57 40 66
is_linear=0
shrinkage=0.03


Tree=11
num_leaves=32
num_cat=0
split_feature=4 37 37 34 2 14 28 40 26 33 26 41 40 36 31 19 20 26 23 23 4 33 19 4 28 23 26 27 19 23 40
split_gain=6.9346 3.69774 3.05823 3.92001 6.84217 4.3202 3.2166 5.82295 4.41164 2.92379 4.02899 2.88412 3.14529 4.63288 7.29774 3.18427 3.36373 3.15126 2.34718 2.32502 2.13931 2.04043 1.84763 1.69625 1.52223 1.48529 4.77159 1.41153 2.50284 1.22613 0.671336
threshold=0.6977328718193595 1.8546174679073557 1.0000000180025095e-35 1.0209758913003502 -0.54681367307270834 1.0037500605191114 -0.51587579577374665 353.00000000000006 0.96301329461979168 -0.49116223612585069 0.24274047090103518 354.50000000000006 454.00000000000006 -0.19080013094627804 -1.1146202906673255 -0.30099636918594219 0.59128243518552559 -0.16884399979539716 -0.31135826832387287 1.288316778247679 -0.35974898731720922 0.55707264926854294 -0.30099636918594219 -0.35974898731720922 -0.13169615013163688 0.64844675961905807 -1.0000000180025095e-35 1.282024728094507 0.5933177338451221 0.64844675961905807 454.00000000000006
decision_type=2 2 2 2 2 2 2 2 2 2 2 2 2 2 2 2 2 2 2 2 2 2 2 2 2 2 2 2 2 2 2
left_child=1 2 3 4 5 -1 25 -8 18 10 -6 21 15 14 -14 20 -17 -15 23 29 -13 24 -20 -9 -11 26 30 28 -2 -5 -4
right_child=27 -3 6 19 9 -7 7 8 -10 11 -12 12 13 17 -16 16 -18 -19 22 -21 -22 -23 -24 -25 -26 -27 -28 -29 -30 -31 -32
leaf_value=-0.039049167971510611 0.017025593266508543 -0.024159936337748988 0.027962431333932811 0.0080798780136631283 0.021033305387700929 -0.0053565838510039321 -0.02358631510338418 0.011410739305926282 -0.0137905553678224 0.0080564898777921376 -0.0072117590922924643 0.0024854629251540193 -0.025895590044492114 -0.0067786772947462512 0.015372201417738643 0.023239774141775523 -0.0081829867128552121 -0.043065667588889897 0 0.020448752272097269 -0.023270789255507286 0.0193200121069547 0.025341198382483377 -0.0099843274553056017 -0.013461206799615804 0.027817954819530019 -0.011947846850854418 0.026830115700871814 -0.0057675402064685504 -0.011651823364994984 0.0079512887867656187
leaf_weight=7.2769105583429319 9.5866320282220858 5.1337642669677725 4.0634296536445618 4.1453288942575437 8.2593420743942172 7.2999491840600967 6.6878937631845465 4.845861479640007 7.0673821270465842 4.2324724942445746 7.0097627043724051 4.1255145668983459 5.5119314193725506 4.6168743222951889 7.0037012249231347 5.789315313100813 3.8972871154546738 5.8193737566471171 3.79111371934414 6.6715384572744361 4.938429921865465 4.4278953671455374 9.143854081630705 5.5256590247154271 4.4176266342401567 4.0353517681360236 5.7350109368562707 6.205609291791915 5.638386905193328 4.0410158038139343 6.09242944419384
leaf_count=35 54 24 22 21 44 36 33 25 35 22 35 21 27 23 36 30 20 28 20 37 25 23 49 29 22 22 29 35 31 20 32
internal_value=0 -0.00216711 -0.001185 -0.00436615 -0.00690915 -0.0246235 0.00423531 -0.000927382 0.00474874 -0.00270011 0.00822351 -0.00598952 -0.00981761 -0.0169122 -0.00320053 -0.00022761 0.0106588 -0.0303846 0.0111064 0.0090567 -0.0122914 0.0055599 0.0189294 0 -0.00270685 0.0135104 0.00744608 0.0154522 0.00846549 -0.00133687 0.0190408
internal_weight=183.037 161.606 156.472 99.4843 84.6264 14.5769 56.988 37.0618 30.3739 70.0495 15.2691 54.7804 41.7024 22.9519 12.5156 18.7505 9.6866 10.4362 23.3065 14.8579 9.06394 13.078 12.935 10.3715 8.6501 19.9262 15.8909 21.4306 15.225 8.18634 10.1559
internal_count=945 825 801 505 427 71 296 191 158 356 79 277 210 114 63 96 50 51 123 78 46 67 69 54 44 105 83 120 85 41 54
is_linear=0
shrinkage=0.03


Tree=12
num_leaves=32
num_cat=0
split_feature=1 12 22 14 23 33 26 41 34 26 40 35 22 29 29 23 15 28 38 32 15 40 36 38 12 27 15 34 34 16 22
split_gain=6.06736 3.6929 7.5459 5.38119 4.07423 3.63169 5.82416 5.08426 4.62273 4.30739 3.85313 3.26026 3.48834 3.22327 3.26279 2.75037 2.71653 2.75573 2.68023 2.68726 3.34802 2.10439 1.97869 1.99813 1.7613 1.57831 1.30089 0.811287 1.44787 0.587621 0.526741
threshold=0.70574331284429115 -0.095531908116611899 -0.63845345760536099 -0.77859882384432855 -0.87124453462391593 -0.68217392635327345 0.55142882392335923 252.50000000000003 0.2922967219258597 0.24274047090103501 454.00000000000006 0.96277725687566285 0.29813827302194873 -0.56994659235450695 -1.0552329829242451 -0.6312932776381831 -1.1786967719066614 0.6366631411525826 1.0000000180025095e-35 -0.84683799652698732 -0.081829761122028929 323.00000000000006 0.5422769411381686 -1.0000000180025095e-35 0.10133485338590613 -0.75295522367822421 1.3806595865908149 0.8222452087436708 0.49102740448253906 1.0000000180025095e-35 0.29813827302194845
decision_type=2 2 2 2 2 2 2 2 2 2 2 2 2 2 2 2 2 2 2 2 2 2 2 2 2 2 2 2 2 2 2
left_child=1 5 4 30 -3 7 8 -1 11 -10 21 12 18 14 -5 -14 -8 -18 19 -7 -21 -9 23 -15 26 -20 29 28 -12 -2 -4
right_child=24 2 3 13 -6 6 16 10 9 -11 27 -13 15 22 -16 -17 17 -19 25 20 -22 -23 -24 -25 -26 -27 -28 -29 -30 -31 -32
leaf_value=-0.016902673387297697 0.0092881872103280604 -0.0019473917501873004 0.026456998292103955 -0.0087311965970423826 -0.038032300384705141 0.0090626728208356138 0.00094882808601314428 0.010929124999972162 0.031588244588216019 -0.0032740164886422901 0.0224527314749885 0.015171472045771996 -0.0018547663312841545 -0.029236764852675186 0.020363449700003904 -0.03129267190512993 -0.033137314886604818 -0.0012847647100399215 0.023626635352281329 -0.020201730042722771 0.003170323490972455 -0.013911294559644551 0.00043564693840333755 -0.0024338582719974685 -0.0017344623268288769 0 0.0047829787269769997 0.029674874209499668 0 0.03049271314554642 0.005682269448445504
leaf_weight=4.1092341840267208 4.7315472364425712 4.6838397979736319 3.5803837776184073 6.1030551046133041 8.3852756917476636 7.2018907368183092 4.5956503748893764 4.7910782992839831 6.475061431527136 4.410936027765274 3.9382278919219988 6.97129301726818 6.0007977336645126 7.6543972045183182 4.7859925329685193 5.4232462793588621 7.994547560811041 4.0049736648797989 4.1054908335208893 11.541740968823431 8.2679298520088285 4.4328296184539795 4.5549364387989035 4.5653951317071968 4.0492331981658927 5.2237376719713193 6.5221130251884452 8.2937134057283384 5.1985413730144501 6.3826907426118851 3.9186850935220718
leaf_count=21 27 24 20 30 39 37 23 25 35 22 21 36 30 37 25 27 39 20 21 58 43 23 23 23 21 27 37 46 27 37 21
internal_value=0 -0.00204169 -0.00886651 -0.00111684 -0.0270437 0.00089744 -0.00235309 0.00947613 0.00168228 0.0182921 0.0144399 -0.00191421 -0.00491567 -0.00748013 0.00448951 -0.0183038 -0.0174584 -0.0242747 0 -0.00496766 -0.0106289 -0.000725236 -0.0153091 -0.0210213 0.0143619 0.012561 0.0182174 0.0222035 0.011629 0.0241191 0.0190244
internal_weight=182.898 161.213 48.232 35.1628 13.0691 112.981 82.2173 30.7636 65.6221 10.886 26.6544 54.7361 47.7648 27.6638 10.889 11.424 16.5952 11.9995 36.3408 27.0116 19.8097 9.22391 16.7747 12.2198 21.6856 9.32923 17.6364 17.4305 9.13677 11.1142 7.49907
internal_count=945 823 242 179 63 581 418 163 336 57 142 279 243 138 55 57 82 59 186 138 101 48 83 60 122 48 101 94 48 64 41
is_linear=0
shrinkage=0.03


Tree=13
num_leaves=32
num_cat=0
split_feature=4 37 12 12 14 29 37 38 29 20 35 12 34 23 35 29 35 31 26 35 36 16 12 12 28 34 34 10 12 29 36
split_gain=6.37246 3.41807 2.95149 3.50862 5.70286 4.81907 3.69809 7.55709 6.46516 4.54788 7.6402 5.10733 3.88273 3.48524 3.37497 2.5297 2.50703 4.80769 4.5002 2.42068 2.37177 2.35345 2.06406 1.87899 1.53085 1.06747 0.754595 0.726476 1.78482 0.587345 0.183234
threshold=0.6977328718193595 1.8546174679073557 -1.1186553842101983 -0.095531908116611899 -0.96585508346600968 -0.56994659235450695 -0.45601339191130108 -0.62756388366894245 -0.32730339706963779 1.0000000180025095e-35 0.10995598987800509 -0.67903962159814546 -0.30389532574417749 -0.6312932776381831 0.75494686407791389 -1.0552329829242451 -0.19103975141528587 -0.69977787362150634 0.55142882392335923 -0.19103975141528587 -0.31647048616075468 0.49919905278104137 -0.33088289343762922 0.10133485338590613 -0.13169615013163688 -0.17140820403972482 0.2922967219258597 -1.9471561868300153 -0.83458655720370234 0.55661110003952807 0.31188128991162817
decision_type=2 2 2 2 2 2 2 2 2 2 2 2 2 2 2 2 2 2 2 2 2 2 2 2 2 2 2 2 2 2 2
left_child=1 2 -1 6 -5 15 8 25 13 11 -11 -9 19 -4 -15 -6 17 -7 -19 -10 -18 -12 -14 27 29 -8 -27 28 -2 -13 -24
right_child=23 -3 3 4 5 16 7 9 12 10 21 24 22 14 -16 -17 20 18 -20 -21 -22 -23 30 -25 -26 26 -28 -29 -30 -31 -32
leaf_value=-0.022656388602799501 -0.0045776493470435064 -0.023086370291531037 0.0019434386430879117 0.016322633343922286 -0.0075202505409741943 0.010939778883955437 0.032325333590325002 -0.010317565471193444 0.0043957335366108241 -0.029161090512257085 0.018254342384751741 0.026955661533435822 -0.00025249571584580536 -0.035645671898403355 -0.0029577347487925974 0.017378330580435565 -0.040696701502964137 -0.031516256363268581 0.0025919504717015415 -0.022330620619650535 -0.0074758661333371151 -0.0071500747852663487 0.0091535291880472051 -0.0016954530143394534 0.00027964020708874036 0.00019999553326298657 0.017689091250381966 0.024707818766413234 0.020195995030913735 0.0081116282490417829 0.026782663069525491
leaf_weight=4.0244825035333625 3.8491236418485641 5.1994611322879782 5.5515861660242107 6.424006685614585 6.2945604920387268 5.6953894495964059 6.9494446516037014 7.700668290257453 5.2624700665473938 8.6049037128686923 5.4389128684997541 8.069795176386835 4.8900689780712119 7.7020279318094236 5.1562821716070175 5.3074258267879468 5.6462468951940536 7.786274328827858 4.7418713122606277 4.0500590056180972 4.4749386608600634 4.6448914110660553 4.4995705783367139 4.0525899827480307 4.6041842252016094 3.8476534038782111 8.1837262213230115 9.619211420416832 3.611132532358174 5.1680806875228873 5.7475983798503876
leaf_count=20 22 24 28 35 31 29 37 39 27 43 28 43 25 38 26 28 27 38 23 20 22 24 24 21 24 20 44 56 21 27 31
internal_value=0 -0.00204996 -0.00110035 -0.000277077 -0.00706581 -0.0114264 0.00269207 0.00726885 -0.00394034 0.000150585 -0.010498 0.00831379 0.00590385 -0.0167754 -0.0246338 0.00409744 -0.0178682 -0.0094189 -0.0192819 -0.00815815 -0.0293857 0.0066238 0.0148711 0.014937 0.0168419 0.0223378 0.0131816 0.0190247 0.00811785 0.0215804 0.0217097
internal_weight=182.799 161.667 156.467 152.443 46.3707 39.9467 106.072 63.2123 42.8597 44.2314 18.6887 25.5427 24.4498 18.4099 12.8583 11.602 28.3447 18.2235 12.5281 9.31253 10.1212 10.0838 15.1372 21.1321 17.8421 18.9808 12.0314 17.0795 7.46026 13.2379 10.2472
internal_count=945 825 801 781 233 198 548 329 219 228 95 133 127 92 64 59 139 90 61 47 49 52 80 120 94 101 64 99 43 70 55
is_linear=0
shrinkage=0.03


Tree=14
num_leaves=34
num_cat=0
split_feature=4 37 37 33 2 24 35 40 29 19 26 29 24 36 28 40 26 26 24 14 22 16 25 22 28 27 22 36 40 36 13 24 25
split_gain=6.0911 3.23801 2.86906 3.51476 5.88118 4.62669 5.29514 4.17792 3.98987 7.82711 4.87847 3.44123 3.43255 3.88145 3.03868 5.3669 4.1053 2.86377 2.85604 4.4339 2.66917 2.65543 2.49995 1.68602 1.64972 1.43601 3.24676 1.86292 1.12418 1.83081 2.92465 1.06641 0.787433
threshold=0.6977328718193595 1.8546174679073557 1.0000000180025095e-35 -0.68217392635327345 -0.52540901609600932 -0.57646149501623489 -0.19103975141528587 454.00000000000006 1.0000000180025095e-35 -0.30099636918594219 0.24274047090103518 0.15798299350010028 0.74222797061170864 0.15664143935256883 -0.51587579577374665 353.00000000000006 0.96301329461979168 0.24274047090103518 0.74222797061170864 1.0037500605191114 0.19407252517446966 1.0000000180025095e-35 -0.34812184979394384 0.61033551656438523 -0.70796561859480145 1.282024728094507 0.40220402086942758 -0.31647048616075468 395.50000000000006 0.43755164512610484 -0.042439355583859167 -0.90613386142322072 -0.34812184979394384
decision_type=2 2 2 2 2 2 2 2 2 2 2 2 2 2 2 2 2 2 2 2 2 2 2 2 2 2 2 2 2 2 2 2 2
left_child=1 2 3 12 18 6 11 -8 9 -7 23 -6 13 -1 28 -16 21 -15 19 -5 24 22 -17 -11 -10 26 -2 -28 -4 30 -30 -9 -23
right_child=25 -3 14 4 5 8 7 31 20 10 -12 -13 -14 17 15 16 -18 -19 -20 -21 -22 32 -24 -25 -26 -27 27 -29 29 -31 -32 -33 -34
leaf_value=0.015350439374292537 0.020714307131124057 -0.022402900230097198 0.023243085360994668 -0.027116334986682356 0.021519524381727773 -0.03350503476068404 0 -0.015189450763243739 0.0031378813868596237 0.02881911571772907 -0.013668039670051669 -0.0091314894116388164 0.021053467513186531 0.0066150263661826228 -0.022419285012191561 0.015093400640401551 -0.013107275322949315 -0.020877587431261242 -0.041390740421372717 0.0093350781239491202 -0.0036562317150741781 0.0044531656006867367 -0.009776762763726965 0.0036172811211624481 0.029067603688538786 0.026162661464238353 0.0085389576102393918 -0.01619076285893338 -0.017653707204365918 0.019337965904839601 0.011920668118796447 -0.046767880779666635 0.025656474767587666
leaf_weight=6.0022274255752626 7.0825030654668826 5.2424398362636557 6.0718643814325359 4.8670195043086988 3.7126419991254824 4.7641495615243903 4.3459917455911627 4.7176978886127463 4.2582909166812888 4.4523356854915672 5.9464344829320899 7.3213701695203781 6.9791068583726874 4.0047246962785703 6.7817697823047629 4.7116749286651629 7.1326550096273413 7.9539379775524139 4.4868615716695777 4.2749199420213699 4.3873730450868598 3.7304806113243103 7.2384974062442815 5.8934350907802582 7.1426116973161689 6.0209781825542441 3.5526551455259332 4.3156393617391577 3.9930661171674728 4.6203429102897635 5.080463841557501 4.1127020269632331 7.4617297351360303
leaf_count=32 41 24 33 23 20 23 22 23 22 24 29 37 39 21 33 25 35 39 21 21 22 20 37 30 38 35 20 24 20 25 27 19 41
internal_value=0 -0.00199514 -0.00106703 -0.00414413 -0.00740034 -0.00305722 -0.0128988 -0.024751 0.00350479 -0.00476023 0.00542412 0.00204414 0.00524643 -0.00173677 0.00419283 -0.000811329 0.00466999 -0.0115139 -0.0242281 -0.010594 0.0143313 0.0108569 0.000172569 0.0172454 0.0213387 0.0146644 0.00770573 -0.00480506 0.0132523 0.00657012 -0.00118498 -0.035133 0.0204234
internal_weight=182.661 161.689 156.446 99.6238 74.6838 61.055 24.2104 13.1764 36.8446 21.0564 16.2922 11.034 24.94 17.9609 56.8225 37.0568 30.275 11.9587 13.6288 9.14194 15.7883 23.1424 11.9502 10.3458 11.4009 20.9718 14.9508 7.86829 19.7657 13.6939 9.07353 8.8304 11.1922
internal_count=945 825 801 505 374 309 121 64 188 106 83 57 131 92 296 191 158 60 65 44 82 123 62 54 60 120 85 44 105 72 47 42 61
is_linear=0
shrinkage=0.03


Tree=15
num_leaves=32
num_cat=0
split_feature=4 12 12 22 32 22 38 37 35 33 19 23 32 39 39 39 12 33 12 34 22 36 41 17 28 35 41 40 24 12 35
split_gain=5.83697 3.52166 4.10994 6.98359 4.46319 3.69035 4.41256 3.98555 5.13764 3.90382 3.74945 3.60008 3.53851 3.52158 3.19942 3.05667 2.84698 2.36956 1.81057 1.69512 1.57641 1.45898 1.64425 1.08754 1.16785 1.06987 0.859627 1.55096 0.765198 0.464408 0.0963917
threshold=0.6977328718193595 -1.1192720243384746 -0.095531908116611899 -0.63845345760536099 0.44123863572445005 0.29813827302194845 -0.62756388366894245 -1.2262236785175198 0.96277725687566285 -0.26909173447933465 -0.30099636918594219 -0.87124453462391593 0.2265591970158771 -0.57202660098779357 1.0000000180025095e-35 1.0000000180025095e-35 2.3164743435452149 0.36140213732825616 0.10133485338590613 1.0209758913003502 -0.84658495330031858 1.0659034211984879 478.50000000000006 -1.0000000180025095e-35 1.0000000180025095e-35 -0.53503488432190383 353.00000000000006 361.50000000000006 -0.57646149501623489 -0.97327422242744643 0.22877009828325146
decision_type=2 2 2 2 2 2 2 2 2 2 2 2 2 2 2 2 2 2 2 2 2 2 2 2 2 2 2 2 2 2 2
left_child=1 -1 5 11 14 9 13 -8 12 21 15 -4 -9 -7 16 17 30 25 28 -6 -19 22 26 -12 -25 -11 -3 -28 -2 -30 -5
right_child=18 2 3 4 19 6 7 8 -10 10 23 -13 -14 -15 -16 -17 -18 20 -20 -21 -22 -23 -24 24 -26 -27 27 -29 29 -31 -32
leaf_value=-0.026306908383546462 0.0060197975312644642 0.0051827447645981769 -0.0018638457534700561 0.023089531637279302 -0.028490750620360088 -0.0070238475250517006 0.0079052342409576745 -0.038895658645914745 0.0031238595469585567 -0.028996679566975988 0 -0.035783499590242143 -0.0068175797107428888 0.021497326730067993 -0.010015872058918381 0.0092499061283782755 -0.003573041880035834 -0.011985280359991338 -0.0018536962599757728 -0.0017939413499247893 0.0079884245197170863 0.0018117996404174179 0 0.023852110978334725 0.0013858305653301891 -0.0051589330420446292 0.0054931535635537685 0.032984971424864812 0.0066502990545030637 0.027573775809161084 0.0088442134912840951
leaf_weight=3.6960984468460074 5.8913150280714079 3.7979125678539356 4.6883935183286658 7.5390728116035515 4.3562881350517255 5.8037764132022858 5.904959410429 8.0335132479667717 6.6165462583303443 5.5831375569105148 4.2815488874912253 8.5646640658378583 6.4866591393947592 6.882352799177168 7.1399244368076316 7.2102505117654792 6.3514097779989234 5.1477467268705368 4.0386348962783805 4.5317048728466034 6.0024330168962461 7.2577073425054541 3.7716965079307547 6.1950901448726636 3.9442471861839294 4.1786420792341286 3.8151922225952157 8.5290128737688047 3.3591827899217641 7.5347230732440913 5.3388794958591461
leaf_count=18 33 20 24 40 21 29 30 39 34 27 22 39 33 37 36 37 32 26 21 22 31 39 20 33 20 21 20 47 20 46 28
internal_value=0 -0.00194694 -0.00109718 -0.00825331 -0.000790806 0.0020894 -0.00500806 -0.0117502 -0.0176663 0.00623853 0.000316071 -0.0256003 -0.0269199 0.00866322 0.00533213 -0.00586913 0.0116327 -0.0116199 0.014409 -0.017681 -0.00108635 0.0148005 0.0187956 0.0121713 0.016933 -0.0213717 0.0226425 0.0264373 0.0184811 0.0231918 0.0191399
internal_weight=182.473 161.649 157.953 48.5103 35.2573 109.442 39.7278 27.0417 21.1367 69.7146 42.5431 13.2531 14.5202 12.6861 26.3693 28.1222 19.2294 20.912 20.8239 8.88799 11.1502 27.1715 19.9138 14.4209 10.1393 9.76178 16.1421 12.3442 16.7852 10.8939 12.878
internal_count=945 825 807 242 179 565 202 136 106 363 217 63 72 66 136 142 100 105 120 43 57 146 107 75 53 48 87 67 99 66 68
is_linear=0
shrinkage=0.03


Tree=16
num_leaves=33
num_cat=0
split_feature=4 12 12 22 32 22 23 39 12 24 37 32 35 30 19 15 37 19 35 15 15 12 39 3 36 10 12 39 36 36 20 32
split_gain=5.59425 3.34431 3.91578 6.55852 4.24898 3.51319 3.34322 3.05377 2.74324 2.40414 3.3889 5.35367 4.84645 2.93376 2.81619 2.22468 2.68262 4.04918 2.62601 1.93024 2.58727 1.75454 1.72928 1.68361 1.65111 0.760817 1.72977 0.741563 0.505993 0.825319 0.434929 0.392105
threshold=0.6977328718193595 -1.1192720243384746 -0.095531908116611899 -0.63845345760536099 0.44123863572445005 0.29813827302194845 -0.87124453462391593 -1.0000000180025095e-35 2.3164743435452149 1.4015727034256804 -0.45601339191130108 0.65591807443302319 -0.19103975141528587 -0.91327082515950742 -1.1953104722170063 0.40566668811558565 -1.2262236785175198 0.5933177338451221 0.22877009828325146 -0.81307443497845056 -1.300570884216065 0.10133485338590613 -0.57202660098779357 -0.35093439584903136 0.5422769411381686 -1.9471561868300153 -0.83458655720370234 -0.57202660098779357 0.31188128991162817 -0.06512977573180137 -1.0000000180025095e-35 -0.26413666288943238
decision_type=2 2 2 2 2 2 2 2 2 2 2 2 2 2 2 2 2 2 2 2 2 2 2 2 2 2 2 2 2 2 2 2
left_child=1 -1 5 6 7 9 -4 8 30 10 11 12 22 14 -12 16 31 -18 -17 20 -15 25 -3 -20 -6 26 -2 -19 29 -21 -5 -7
right_child=21 2 3 4 24 15 -8 -9 -10 -11 13 -13 -14 19 -16 18 17 27 23 28 -22 -23 -24 -25 -26 -27 -28 -29 -30 -31 -32 -33
leaf_value=-0.025546701054518686 -0.0050489529829484082 -0.007947258488894408 -0.0018202754517882606 0.024702933072123463 -0.02678241078578724 0.008671736894039923 -0.034512093221401322 -0.0097313592428175492 -0.003481856651990771 -0.0099425025158506493 0.013052441523554104 0.021170173530480507 -0.027546348847190625 0.018397554129336826 -0.011059405958473651 -0.011501038137645747 0.0031367572409052194 -0.036606486914082269 -0.00059591285808169704 0.019719288755618961 -0.0099368534482158315 -0.0018119521009989444 0.014530703427553448 0.022049129836148325 -0.00050165244416766511 0.023964095180597205 0.019468211272449881 -0.013760261497213164 0.031871821775683332 0.0013614787444579883 0.0081900755185905904 -0.0022174452215071461
leaf_weight=3.7359223067760459 3.8050322681665421 4.5032165199518204 4.6924377083778372 6.5802468210458755 4.8807914853095991 4.2073178887367249 8.6674276739358884 7.1715779602527645 6.3613422811031333 6.0100743174552909 7.3424788862466812 5.0727394819259635 6.6447950303554544 4.2050412595272064 7.0239605456590635 4.6743057072162619 5.7214197963476243 4.1307977437973031 4.1987776458263388 9.115688279271124 4.2775402665138227 4.0422276258468619 4.6340574473142624 5.3356479704380027 4.0597862899303436 9.3281283974647522 3.4986921846866652 7.6001785695552799 6.6768582165241233 4.0087546706199708 6.189841181039812 3.9184777289628965
leaf_count=18 22 23 24 35 23 21 39 36 32 31 38 27 33 22 36 24 29 20 22 49 22 21 25 28 20 56 21 38 36 21 33 20
internal_value=0 -0.00190024 -0.00106801 -0.00804386 -0.000785285 0.00204669 -0.0247762 0.00520907 0.0114008 0.00610686 0.00791244 -0.00169048 -0.0105853 0.0126418 0.000954593 -0.004866 -0.010016 -0.0162878 0.0040941 0.0180297 0.00416207 0.0141595 0.00333009 0.0128076 -0.01721 0.018201 0.00732994 -0.0254966 0.0229772 0.0152371 0.0188216 0.00327009
internal_weight=182.316 161.642 157.906 48.6035 35.2436 109.302 13.3599 26.303 19.1314 69.5152 63.5051 20.8548 15.7821 42.6503 14.3664 39.7869 25.5782 17.4524 14.2087 28.2839 8.48258 20.6741 9.13727 9.53443 8.94058 16.6319 7.30372 11.731 19.8013 13.1244 12.7701 8.1258
internal_count=945 825 807 242 179 565 63 136 100 363 332 108 81 224 74 202 128 87 74 150 44 120 48 50 43 99 43 58 106 70 68 41
is_linear=0
shrinkage=0.03


Tree=17
num_leaves=34
num_cat=0
split_feature=4 37 37 12 2 34 22 40 26 28 30 40 16 14 26 34 26 23 28 25 3 20 34 26 21 12 23 26 10 12 40 25 20
split_gain=5.3532 3.00211 2.65284 3.58031 3.61712 5.15095 4.14317 3.70194 3.47463 2.91906 5.26562 8.85416 3.81154 2.83099 2.52533 2.20993 3.28912 4.12967 3.0996 2.28333 2.10419 2.01941 2.81776 2.5901 1.87535 1.69752 1.41642 4.50802 0.736382 1.67382 0.658949 0.269663 0.0764574
threshold=0.6977328718193595 1.8546174679073557 1.0000000180025095e-35 -1.0869794915393325 -0.54681367307270834 1.0209758913003502 0.61033551656438523 395.50000000000006 -0.16884399979539727 -0.51587579577374665 0.13345963461820087 376.50000000000006 0.49919905278104137 1.0037500605191114 0.96301329461979168 0.027322478516954206 0.24274047090103518 1.288316778247679 -0.94807789712112001 -0.56973684474135788 -0.23855642730314675 -0.3081733171401555 -0.83384381256198847 -0.78622070584004566 -0.87913715831714601 0.10133485338590613 0.64844675961905807 1.0000000180025095e-35 -1.9471561868300153 -0.83458655720370234 454.00000000000006 0.61220979497818429 -0.60799190124871583
decision_type=2 2 2 2 2 2 2 2 2 2 2 2 2 2 2 2 2 2 2 2 2 2 2 2 2 2 2 2 2 2 2 2 2
left_child=1 2 3 -1 5 13 15 -8 31 26 11 -11 20 -5 24 18 32 19 -6 -18 -13 22 -20 -23 -12 28 27 30 29 -2 -4 -9 -17
right_child=25 -3 9 4 6 -7 7 8 -10 10 14 12 -14 -15 -16 16 17 -19 21 -21 -22 23 -24 -25 -26 -27 -28 -29 -30 -31 -32 -33 -34
leaf_value=-0.027630550807428114 -0.0049303133870730927 -0.021423261575945984 0.027416111303933781 -0.034200533276724308 -0.018475529820092929 0.0089399380621949347 0.0089678428569361091 0.002518271635572826 -0.029694668442825645 -0.039155597039156283 0 0.0067734885796497156 0.022647299998995257 -0.0048049479471820545 -0.0062362614992195952 0.011143869970330286 -0.019319305197692028 0.022480218991421587 0.024224180519671411 0.0056093581651527136 -0.01762619283477064 -0.016536921073126338 -0.0010994888855417391 0.0075246384800920774 0.024175800210967456 -0.0017711668398003328 0.027181350793956525 -0.011664608590677623 0.023629549715535672 0.0192122918784456 0.00758836736716334 -0.0065198377421268484 0.029337701360258536
leaf_weight=3.9853104799985877 3.8156289160251617 5.297675058245658 3.9570198953151721 7.3052018731832522 5.3995391875505474 5.2227501124143592 5.2782799452543285 4.0455114394426346 7.9353045821189854 5.4087141156196621 4.5472338795661935 3.9952192008495331 3.945895552635192 6.0902663469314575 4.6588767468929282 4.7940061092376709 5.7995707839727393 4.2082692086696616 6.2692332714796075 4.56258600950241 6.0021187067031843 6.1046533733606339 6.9377282410860071 6.8718006908893567 8.4382483661174774 4.0457373410463324 3.9017518013715735 5.7345241904258719 9.1995819061994553 3.4595143198967024 6.0138563364744186 4.008399486541748 4.9064818769693392
leaf_count=19 22 24 22 34 27 27 27 20 38 26 24 21 21 30 23 25 29 24 33 23 30 30 36 36 46 21 22 29 56 21 32 20 27
internal_value=0 -0.00185849 -0.000960159 -0.0039153 -0.00245541 -0.0137941 0.000416541 -0.0103367 -0.017275 0.00410966 -0.000786616 -0.0113271 0.001834 -0.0230683 0.0104422 0.00477892 0.0113073 0.0013259 -0.000341847 -0.00851577 -0.00774196 0.0039794 0.0117581 -0.00392104 0.0168664 0.0138998 0.0130319 0.00710476 0.0179086 0.00718802 0.0185363 -0.00166934 0.0235785
internal_weight=182.146 161.626 156.328 99.7249 95.7396 18.6182 77.1214 21.2675 15.9892 56.6035 36.9963 19.3519 13.9432 13.3955 17.6444 55.8539 24.2709 14.5704 31.583 10.3622 9.99734 26.1834 13.207 12.9765 12.9855 20.5205 19.6072 15.7054 16.4747 7.27514 9.97088 8.05391 9.70049
internal_count=945 825 801 505 486 91 395 105 78 296 191 98 72 64 93 290 128 76 162 52 51 135 69 66 70 120 105 83 99 43 54 40 52
is_linear=0
shrinkage=0.03


Tree=18
num_leaves=35
num_cat=0
split_feature=4 12 22 14 23 33 26 22 29 29 15 19 32 40 22 35 22 32 1 35 14 25 29 15 36 38 20 12 23 2 15 4 1 30
split_gain=5.11279 2.81384 6.15159 4.63545 3.12526 2.93908 5.12822 2.81397 2.78546 2.85704 2.35516 3.80282 2.33572 3.29738 3.42033 3.13471 2.69149 2.31953 3.69435 2.90186 2.27718 2.74593 4.55423 1.84305 1.73544 1.69882 1.66298 1.64246 1.17408 0.94148 0.814804 0.713952 1.81064 0.654583
threshold=0.6977328718193595 -0.095531908116611899 -0.63845345760536099 -0.77859882384432855 -0.87124453462391593 -0.68217392635327345 0.55142882392335923 -0.32625621406292449 -0.56994659235450695 -1.0552329829242451 -1.1786967719066614 0.5933177338451221 0.2265591970158771 252.50000000000003 0.40220402086942758 0.96277725687566285 0.29813827302194845 -0.84683799652698732 -0.3586158168043998 -0.95427895255184469 0.049755250309790069 -0.56973684474135788 -0.56994659235450695 1.0000000180025095e-35 0.5422769411381686 -1.0000000180025095e-35 -0.60799190124871583 0.10133485338590613 -0.6312932776381831 -0.68059277917707861 0.77128902504379659 1.3410343361274393 1.7967114207342001 0.35616824308154299
decision_type=2 2 2 2 2 2 2 2 2 2 2 2 2 2 2 2 2 2 2 2 2 2 2 2 2 2 2 2 2 2 2 2 2 2
left_child=1 5 4 33 -3 7 12 30 9 -5 -8 -12 15 -14 26 16 17 23 -19 -20 21 22 -9 -7 25 -10 -15 31 -18 -22 -1 -2 -33 -4
right_child=27 2 3 8 -6 6 10 20 24 -11 11 -13 13 14 -16 -17 28 18 19 -21 29 -23 -24 -25 -26 -27 -28 -29 -30 -31 -32 32 -34 -35
leaf_value=0.026497522240955137 0.025788068384657848 -0.0016568803393722509 0.025956209635086342 -0.0075986434610853752 -0.033191257369675382 0.021074395409151399 0.00091377375825130148 0.0064030689937374001 -0.026429168538499356 0.01967398179266739 -0.033162680551186659 0 -0.012194511606486456 0.0045386455498607784 -0.0080734914173717556 0.016565173804281977 -0.0050448544794219202 0.013439558628506139 0.0032449555909021231 -0.024528517912015234 2.7103282197141927e-05 0.011031667841972093 -0.032216030911021681 -0.0030023191144620061 0.00083923992683012229 -0.0019149684771848448 0.026688245542020608 -0.0017313171683837792 -0.026767694388429308 0.021352419318767874 0.0059355210063238104 -0.0047177545548178273 0.018090745371329736 0.0043758235270911624
leaf_weight=6.1110090464353579 6.2902235388755861 4.7052911520004264 3.5893605500459662 6.1965601593255997 8.7665586769580823 4.9788165986537916 4.571894749999049 3.8977660834789294 7.8882920444011688 4.6726214438676816 7.9165744483470899 4.3087160587310791 3.9903220087289837 6.1188742071390214 3.8817337304353705 5.0005678683519355 6.0723397582769394 4.3130517005920419 4.2592127919197083 7.8852012157440221 3.8226692676544189 3.8936637938022605 4.5253502726554871 3.8591222018003464 4.5818833708763114 4.5989586561918312 10.047311812639235 4.049166113138198 4.9250836074352247 3.6755141466855994 4.8347239196300507 3.8751971274614316 6.154302641749382 3.7234971672296524
leaf_count=35 39 24 21 30 39 26 23 20 37 25 38 21 20 32 20 26 30 23 22 39 20 21 23 20 23 23 54 21 24 20 26 23 37 20
internal_value=0 -0.00180231 -0.0077221 -0.000674418 -0.0238475 0.000767967 -0.00215273 0.0084895 -0.00651339 0.00460472 -0.0162286 -0.0224758 0.00165952 0.0088634 0.0138903 -0.00255758 -0.00590404 -3.52482e-05 -0.00675996 -0.0150623 0.0010605 -0.00637265 -0.015474 0.0110706 -0.0137163 -0.0190033 0.0197415 0.013645 -0.0172984 0.0129642 0.0197074 0.0176214 0.00929036 0.018264
internal_weight=181.981 161.613 48.723 35.2512 13.4718 112.89 82.1288 30.7607 27.9383 10.8692 16.7972 12.2253 65.3316 24.0382 20.0479 41.2934 36.2928 25.2954 16.4575 12.1444 19.815 12.3168 8.42312 8.83794 17.0691 12.4873 16.1662 20.3689 10.9974 7.49818 10.9457 16.3197 10.0295 7.31286
internal_count=945 825 242 179 63 583 418 165 138 55 82 59 336 126 106 210 184 130 84 61 104 64 43 46 83 60 86 120 54 40 61 99 60 41
is_linear=0
shrinkage=0.03


Tree=19
num_leaves=33
num_cat=0
split_feature=4 37 37 23 26 34 35 38 24 23 32 26 35 12 12 15 4 12 40 26 40 35 38 12 26 14 32 34 24 12 35 26
split_gain=4.88152 2.78964 2.53483 3.41441 4.58505 5.11186 3.20166 4.6408 3.14707 6.10557 3.03222 2.8509 2.80646 3.55275 4.34287 2.89263 4.83112 2.53474 2.37162 2.27519 1.96489 3.63139 2.68416 1.58956 1.42118 1.32284 0.97451 0.855222 0.809576 0.527836 0.170449 0.0932455
threshold=0.6977328718193595 1.8546174679073557 1.0000000180025095e-35 1.288316778247679 0.24274047090103518 0.027322478516954206 -0.19103975141528587 -0.62756388366894245 -0.57646149501623489 -0.31135826832387287 0.44123863572445005 0.036948235552818905 -1.4380221082017768 -0.13326907075282537 0.6285074439390661 -0.81307443497845056 0.12493019812038501 -0.12741632665895455 454.00000000000006 0.036948235552818794 353.00000000000006 -0.7930312340018677 1.0000000180025095e-35 0.10133485338590613 1.5803900006644402 0.086630616288134649 -0.26413666288943238 0.62351452618699144 -0.57646149501623489 -0.97327422242744643 1.0000000180025095e-35 0.036948235552818905
decision_type=2 2 2 2 2 2 2 2 2 2 2 2 2 2 2 2 2 2 2 2 2 2 2 2 2 2 2 2 2 2 2 2
left_child=1 2 3 4 5 8 10 -8 20 18 -6 -11 -4 15 19 31 26 30 -10 -15 -1 -22 -23 28 -5 -16 -17 -9 -2 -30 -7 -14
right_child=23 -3 12 24 6 17 7 27 9 11 -12 -13 13 14 25 16 -18 -19 -20 -21 21 22 -24 -25 -26 -27 -28 -29 29 -31 -32 -33
leaf_value=0 0.0049510536918646753 -0.020526951155095414 -0.014658506643172539 0 0.011191553379865082 0.02411379662301133 0 -0.015713079602092856 0 -0.026308557005211595 -0.017019843798396314 0.0030634302847171446 -0.0049444957806528689 0 0.017479708496969441 0.011327219650421123 -0.0020458414995497428 -0.0051371909848779047 0.025393818925219899 -0.024640321441470776 0.0039185214129203042 -0.034953352079013074 -0.0059405415476055596 -0.0016923797069322854 0.020605510992559414 -0.0019026084106866885 0.033408215201077437 -0.044136553999296904 0.0056168766217543544 0.026688105841062671 0.0087236974583444309 0
leaf_weight=7.3044710457324973 5.7312993109226271 5.3484098166227332 4.8571518510580054 5.0120981484651548 5.6894542425870913 6.4450072199106199 5.5182117670774451 5.1350911706686002 5.0296211093664187 5.4035665541887301 4.9715002328157425 4.1566567271947861 3.6944409310817745 5.1392088532447833 6.5835796743631345 6.05175453424454 6.7533187121152869 4.083235263824462 6.9710574597120285 6.4114197343587875 4.388514682650567 8.0442881733179075 5.95613817870617 4.0525158494710913 5.1251241564750671 3.9364565014839172 9.2189110666513425 5.2572354525327682 3.247903317213062 7.1905537843704188 5.292274609208107 3.8221355378627777
leaf_count=37 33 24 25 26 29 35 27 25 26 26 24 21 20 26 35 33 35 20 37 31 23 38 30 21 29 20 51 24 20 46 28 20
internal_value=5.05848e-06 -0.00174176 -0.000871648 -0.00375855 -0.00570823 -0.00108982 -0.0158135 -0.0237917 -0.00612317 0.00206739 -0.00194744 -0.014312 0.00409146 0.00633316 -0.00248979 0.0129201 0.0181413 0.0128262 0.0157007 -0.0145312 -0.0129519 -0.0178403 -0.024767 0.0133968 0.0114808 0.0103956 0.0268111 -0.0343498 0.0173407 0.0221639 0.0194026 -0.00218565
internal_weight=181.823 161.6 156.252 99.7835 89.6463 63.0748 26.5715 15.9105 47.2543 21.5609 10.661 9.56022 56.4684 51.6112 22.0707 29.5406 22.024 15.8205 12.0007 11.5506 25.6934 18.3889 14.0004 20.2223 10.1372 10.52 15.2707 10.3923 16.1698 10.4385 11.7373 7.51658
internal_count=945 825 801 505 450 321 129 76 238 110 53 47 296 271 112 159 119 83 63 57 128 91 68 120 55 55 84 49 99 66 63 40
is_linear=0
shrinkage=0.03


Tree=20
num_leaves=35
num_cat=0
split_feature=4 17 34 19 22 41 12 34 15 21 34 1 35 12 24 17 34 35 41 36 13 16 12 13 21 27 22 36 30 21 41 26 24 12
split_gain=4.68269 2.70397 3.46197 2.80529 6.21133 4.43798 4.15207 4.56383 4.09306 4.05495 3.06609 2.92847 3.27349 2.50287 2.47659 2.20226 3.44886 3.44283 2.99753 2.166 2.44841 2.11034 2.01055 1.70183 4.79496 1.56405 3.10178 1.81002 1.38754 0.841555 0.719994 1.25725 0.479014 0.188087
threshold=0.6977328718193595 -2.3758161506247015 0.42478384363031252 -0.30099636918594219 0.19407252517446966 454.00000000000006 -0.092743154535987041 -0.30389532574417749 0.649414912734393 0.45968635040068101 0.31437790887660205 -0.3586158168043998 -0.95427895255184469 -0.85135469913520723 -0.24678912860924923 0.57880962643118627 -0.7013566908575356 0.22877009828325146 622.00000000000011 -0.83238036546229 -0.98677978733195271 0.77499157244083916 -0.55179553796917391 -0.0097083947194332842 -0.87913715831714601 1.282024728094507 0.40220402086942758 -0.31647048616075468 -1.3141463203935233 0.1919216486571155 470.50000000000006 -0.37463623514361349 1.0000000180025095e-35 -0.83458655720370234
decision_type=2 2 2 2 2 2 2 2 2 2 2 2 2 2 2 2 2 2 2 2 2 2 2 2 2 2 2 2 2 2 2 2 2 2
left_child=1 2 -1 6 19 8 10 9 23 -8 11 14 28 -7 -3 16 -15 -17 -18 -5 -21 29 -12 -6 -25 26 33 -28 -13 -14 31 -22 -9 -2
right_child=25 3 -4 4 5 13 7 32 -10 -11 22 12 21 15 -16 17 18 -19 -20 20 30 -23 -24 24 -26 -27 27 -29 -30 -31 -32 -33 -34 -35
leaf_value=0.0014898829139470583 0.024874582462087888 0.022668747929620214 -0.029128965241644371 -0.00090841336333236122 -0.03569661292921332 -0.013891438079984823 0.014224325030809507 -0.038560931790006449 0.0070159841668739828 -0.017077793321869417 -0.0011654385094096993 -0.0077265146830773337 -0.036767741606509814 -0.0044570922312544602 -0.0058876694615919946 0.012435003496501376 0.027260633308919587 -0.020187495850235215 -0.0010380002507539914 0 0.0046043182124942128 -0.00025274742227651107 0.019790884909283074 0.011714455309318979 -0.025235950160747769 0.025130213868206023 0.0074946945698994641 -0.01715014984171382 0.013220192188776698 -0.010780671011030307 0.0048786754496775173 0.02884959308197451 -0.012855063306113862 0.0063466892721475597
leaf_weight=5.3804425597190839 3.3853972852230072 3.8422469347715378 5.5270988792181015 6.9170909672975531 4.5054054111242303 4.846060067415233 5.4604056030511874 4.6064737141132337 5.014288216829299 6.4184373617172241 6.16212497651577 3.9124070256948471 4.1239921599626559 6.883457466959956 4.1187142431735984 3.9324971288442594 10.264096602797514 4.6767018735408783 4.0137281417846671 5.5882015228271511 3.7183769345283535 4.2113915830850592 7.88177841901779 3.8602572828531265 6.392227828502655 5.7169624716043463 3.433250918984414 4.2321478128433219 4.2784185111522692 4.727846160531044 3.7467608600854865 12.261229813098906 4.2677671611309052 3.314395412802698
leaf_count=27 21 20 27 36 21 24 28 21 27 31 32 20 20 35 21 20 54 23 20 28 20 22 44 20 31 35 20 24 23 24 20 66 20 20
internal_value=0 -0.00170584 -0.0151876 -0.000550036 0.00290725 -0.00319798 -0.00527944 -0.0158108 -0.014058 -0.00225897 0 -0.00536453 -0.0111098 0.00316511 0.00866941 0.00666663 0.0117208 -0.00505866 0.0195828 0.0130714 0.0169522 -0.0197323 0.0109846 -0.021574 -0.0110934 0.013164 0.00609786 -0.00603727 0.00294843 -0.0270408 0.0216066 0.0244304 -0.0304231 0.0192783
internal_weight=181.622 161.54 10.9075 150.632 86.6204 54.3887 64.012 20.7531 19.7722 11.8788 43.2589 29.215 21.2541 34.6165 7.96096 29.7705 21.1613 8.6092 14.2778 32.2317 25.3146 13.0632 14.0439 14.7579 10.2525 20.0822 14.3652 7.6654 8.19083 8.85184 19.7264 15.9796 8.87424 6.69979
internal_count=945 825 54 771 445 275 326 100 99 59 226 150 109 176 41 152 109 43 74 170 134 66 76 72 51 120 85 44 43 44 106 86 41 41
is_linear=0
shrinkage=0.03


Tree=21
num_leaves=33
num_cat=0
split_feature=1 17 34 29 22 15 23 13 35 16 24 31 0 31 32 28 25 30 17 36 10 33 13 30 27 35 23 24 25 15 16 27
split_gain=4.12538 2.91139 3.675 2.86949 3.38224 6.73842 3.93161 3.40711 4.69188 4.68373 3.29358 5.49891 4.477 3.71838 3.21646 2.90898 2.47217 4.46105 2.45754 3.39887 2.42066 2.21276 3.28943 1.87508 1.63637 1.57085 1.5089 2.27451 1.30273 1.22677 1.06824 0.341917
threshold=0.70574331284429115 -2.3758161506247015 0.42478384363031252 0.55661110003952807 0.61033551656438523 -0.32557798574083613 -0.6312932776381831 0.25569194285167585 0.36795233955796869 0.77499157244083916 0.74222797061170864 1.0000000180025095e-35 0.66160311376447045 0.75217058603886111 -1.0000000180025095e-35 -0.70796561859480145 -0.34812184979394384 -0.24514499976948093 0.57880962643118627 0.43755164512610484 1.0434136840316484 -1.0000000180025095e-35 -0.030294252593820303 -1.1805211553155179 0.85360789614235322 -0.44289333086477406 0.64844675961905807 -0.57646149501623489 0.31672313504829863 -1.0568226595972579 -0.60397102585814955 0.85360789614235322
decision_type=2 2 2 2 2 2 2 2 2 2 2 2 2 2 2 2 2 2 2 2 2 2 2 2 2 2 2 2 2 2 2 2
left_child=1 2 -1 4 7 6 -6 9 16 18 11 23 -13 -12 -7 -11 -9 -18 20 -20 21 30 -23 -5 -16 -17 27 31 -25 -8 -3 -2
right_child=26 3 -4 10 5 14 29 8 -10 15 13 12 -14 -15 24 25 17 -19 19 -21 -22 22 -24 28 -26 -27 -28 -29 -30 -31 -32 -33
leaf_value=0.0014556766856247553 -0.0023633976253504109 0.024138868109502203 -0.030286608191028568 -3.6955573743444093e-05 -0.00025352416723780464 -0.0059953089884704292 -0.011034099015491084 0.020114674593216815 -0.022116533782649821 0 -0.035130890605306477 0.027805621901089681 -0.0070260042182723539 0.00026475500476618748 0.0016733096840209965 0.0063908973517559026 -0.023531572712558773 0.013977729501161565 -0.02606653918246871 0.0062949578126570106 -0.011919236908076372 -0.015857935454856364 0.011204967830285125 -0.004939778342974095 0.029196632912616417 0.033936143409034128 -0.0021373667594226649 0.02551271707044462 -0.029730952418100174 -0.039939060631008876 0.0063747519591818916 0.0080647773313357977
leaf_weight=5.3769714236259443 4.1008985787630126 8.0711631923913938 5.3845798820257187 7.745199769735339 6.984956592321395 7.2359788417816171 4.5594913661479941 4.7222448885440835 7.3281945437192908 4.3722442686557796 5.3113282173871976 6.2833892703056318 4.5476368516683578 3.8144340515136719 3.937790304422375 3.9599951356649408 3.9276273548603058 4.4420538693666458 4.1061961054801923 4.6843978613615036 3.8950311988592139 5.121931090950965 8.82786773145199 4.7926325052976626 4.3644580245018005 9.2495915740728343 4.1542246937751761 8.6590116173028946 4.6822039037942886 4.9226806908845928 8.3538965135812777 3.5028755515813828
leaf_count=27 23 43 26 39 35 37 22 25 37 23 25 34 23 20 20 21 20 24 20 24 19 25 46 24 23 50 24 55 23 23 45 20
internal_value=0 -0.00162789 -0.0156995 -0.000435215 0.00191273 -0.00607608 -0.0187859 0.00519266 -0.00496142 0.00874562 -0.0075285 -0.00180357 0.0136186 -0.0218225 0.00750939 0.0211937 0.00551636 -0.00391747 0.00298601 -0.00983457 0.00671687 0.0097433 0.00030507 -0.0121383 0.019008 0.0275802 0.0122375 0.0161176 -0.0201267 -0.029992 0.0167282 0.00231881
internal_weight=181.423 161.006 10.7616 150.245 113.068 32.0054 16.4671 81.0624 20.4201 60.6423 37.1768 28.0511 10.831 9.12576 15.5382 17.5818 13.0919 8.36968 43.0605 8.79059 34.2699 30.3749 13.9498 17.22 8.30225 13.2096 20.417 16.2628 9.47484 9.48217 16.4251 7.60377
internal_count=945 823 53 770 582 160 80 422 106 316 188 143 57 45 80 94 69 44 222 44 178 159 71 86 43 71 122 98 47 45 88 43
is_linear=0
shrinkage=0.03


end of trees

feature_importances:
Column_12=56
Column_26=43
Column_23=36
Column_24=34
Column_22=32
Column_35=31
Column_37=31
Column_29=29
Column_40=29
Column_33=28
Column_36=28
Column_34=27
Column_15=24
Column_4=23
Column_16=21
Column_32=20
Column_30=19
Column_41=19
Column_28=17
Column_14=15
Column_31=15
Column_38=15
Column_19=14
Column_25=12
Column_2=11
Column_17=10
Column_1=8
Column_27=8
Column_39=8
Column_13=7
Column_20=7
Column_10=6
Column_21=6
Column_0=5
Column_3=4
Column_5=1
Column_6=1

parameters:
[boosting: gbdt]
[objective: binary]
[metric: binary_logloss]
[tree_learner: serial]
[device_type: cpu]
[data_sample_strategy: bagging]
[data: ]
[valid: ]
[num_iterations: 800]
[learning_rate: 0.03]
[num_leaves: 96]
[num_threads: 1]
[seed: 42]
[deterministic: 0]
[force_col_wise: 1]
[force_row_wise: 0]
[histogram_pool_size: -1]
[max_depth: 10]
[min_data_in_leaf: 20]
[min_sum_hessian_in_leaf: 0.001]
[bagging_fraction: 0.85]
[pos_bagging_fraction: 1]
[neg_bagging_fraction: 1]
[bagging_freq: 0]
[bagging_seed: 400]
[bagging_by_query: 0]
[feature_fraction: 0.8]
[feature_fraction_bynode: 1]
[feature_fraction_seed: 30056]
[extra_trees: 0]
[extra_seed: 12879]
[early_stopping_round: 0]
[early_stopping_min_delta: 0]
[first_metric_only: 0]
[max_delta_step: 0]
[lambda_l1: 0.2]
[lambda_l2: 1.5]
[linear_lambda: 0]
[min_gain_to_split: 0]
[drop_rate: 0.1]
[max_drop: 50]
[skip_drop: 0.5]
[xgboost_dart_mode: 0]
[uniform_drop: 0]
[drop_seed: 17869]
[top_rate: 0.2]
[other_rate: 0.1]
[min_data_per_group: 100]
[max_cat_threshold: 32]
[cat_l2: 10]
[cat_smooth: 10]
[max_cat_to_onehot: 4]
[top_k: 20]
[monotone_constraints: ]
[monotone_constraints_method: basic]
[monotone_penalty: 0]
[feature_contri: ]
[forcedsplits_filename: ]
[refit_decay_rate: 0.9]
[cegb_tradeoff: 1]
[cegb_penalty_split: 0]
[cegb_penalty_feature_lazy: ]
[cegb_penalty_feature_coupled: ]
[path_smooth: 0]
[interaction_constraints: ]
[verbosity: -1]
[saved_feature_importance_type: 0]
[use_quantized_grad: 0]
[num_grad_quant_bins: 4]
[quant_train_renew_leaf: 0]
[stochastic_rounding: 1]
[linear_tree: 0]
[max_bin: 255]
[max_bin_by_feature: ]
[min_data_in_bin: 3]
[bin_construct_sample_cnt: 200000]
[data_random_seed: 175]
[is_enable_sparse: 1]
[enable_bundle: 1]
[use_missing: 1]
[zero_as_missing: 0]
[feature_pre_filter: 1]
[pre_partition: 0]
[two_round: 0]
[header: 0]
[label_column: ]
[weight_column: ]
[group_column: ]
[ignore_column: ]
[categorical_feature: ]
[forcedbins_filename: ]
[precise_float_parser: 0]
[parser_config_file: ]
[objective_seed: 16083]
[num_class: 1]
[is_unbalance: 0]
[scale_pos_weight: 1]
[sigmoid: 1]
[boost_from_average: 1]
[reg_sqrt: 0]
[alpha: 0.9]
[fair_c: 1]
[poisson_max_delta_step: 0.7]
[tweedie_variance_power: 1.5]
[lambdarank_truncation_level: 30]
[lambdarank_norm: 1]
[label_gain: ]
[lambdarank_position_bias_regularization: 0]
[eval_at: ]
[multi_error_top_k: 1]
[auc_mu_weights: ]
[num_machines: 1]
[local_listen_port: 12400]
[time_out: 120]
[machine_list_filename: ]
[machines: ]
[gpu_platform_id: -1]
[gpu_device_id: -1]
[gpu_device_id_list: ]
[gpu_use_dp: 0]
[num_gpu: 1]

end of parameters

pandas_categorical:null
