tree
version=v4
num_class=3
num_tree_per_iteration=3
label_index=0
max_feature_idx=42
objective=multiclass num_class:3
feature_names=Column_0 Column_1 Column_2 Column_3 Column_4 Column_5 Column_6 Column_7 Column_8 Column_9 Column_10 Column_11 Column_12 Column_13 Column_14 Column_15 Column_16 Column_17 Column_18 Column_19 Column_20 Column_21 Column_22 Column_23 Column_24 Column_25 Column_26 Column_27 Column_28 Column_29 Column_30 Column_31 Column_32 Column_33 Column_34 Column_35 Column_36 Column_37 Column_38 Column_39 Column_40 Column_41 Column_42
feature_infos=[-1.2908323389658232:8.3665855052566034] [-1.3566267517067596:8.4452173881208221] [-1.3285098243306248:7.9892587860407991] [-1.2856935076427736:7.9572263946074129] [-1.3514033050159948:8.387275394822062] [-1.3435667486789635:7.979666920747186] [-2.1459290122463965:4.9422016680038894] [-1.7758601427005452:6.592996176951738] [-2.5248500921653023:4.2714745467173838] [-2.9183781665151929:3.1382729322119891] [-5.17946374229032:2.2332495342744916] [-2.2209263572501863:4.1046509827316084] [-1.3273336930772841:2.9429512175950685] [-2.9171221198395805:3.2368287003187173] [-2.2006281952350548:4.1986874401684515] [-1.7293314226358654:1.6834064626797658] [-1.5599722388879989:1.4607971922031384] [-3.4514818989180132:0.94102102529289688] [-1.9480084296802458:0.51334480116400394] [-2.5234433624946195:1.943826173518977] [-2.5651686600619219:3.7965427264618894] [-2.1180908661333371:3.5581901533113243] [-3.6492905380213685:3.0243257824352501] [-1.748832175342276:3.0726732571306812] [-2.074913942676377:3.9234886016415293] [-2.1874250627267267:4.8553701471480384] [-4.6985960227269512:3.5546077596918906] [-2.9831713807595621:2.5392912363234199] [-2.365067081765174:3.7237412433063377] [-2.3758723394404058:4.1336951250673764] [-3.390190183747106:3.7440071613229606] [-2.2537193138085319:3.5830573196029412] [-2.6949757756613502:3.817862490217566] [-2.6595150253581337:6.4500991696187002] [-6.0667251159305895:3.4927200438313246] [-3.3119088995974817:2.5281817081853917] [-2.7541870222981162:3.8921697354970668] [-1.7014293352880228:2.2365841922713998] [-1.1728136506271434:2.8819614374993372] [-1.1679088853940951:3.2745336807604795] [4:804] [4:804] [0:1]
tree_sizes=3089 3370 3541

Tree=0
num_leaves=29
num_cat=0
split_feature=0 34 26 22 36 32 13 26 38 29 0 13 28 33 32 26 30 30 5 31 29 34 22 33 26 28 31 20
split_gain=15.239 10.3459 5.10774 3.99494 3.03081 2.95677 2.70754 3.05983 2.66428 2.57515 2.95346 3.02552 2.9707 4.14743 5.35262 3.45781 2.3912 2.34092 1.99151 1.89618 1.25029 2.94105 1.8202 1.10756 3.89913 1.084 1.07068 0.252463
threshold=0.36575222251448447 1.0364737180591663 0.25332624672435416 -1.0424091628430021 1.0706031873764708 0.66999066170942345 -0.19190318246011864 0.046996152163883219 -0.6659667646113332 -1.0498493374110425 -0.54412477369089285 1.8258111923527673 -0.30272877811192012 1.2895996389536324 0.45289605284679257 -0.88148927335823635 0.24421223732632411 0.10960474024953026 -0.80780909556264391 0.56044084872914313 -1.2909444286891085 -0.22484196274275306 1.0430959372996911 0.53854102181458474 -0.15933394239658785 -0.94107158638554644 -0.69029700128760119 1.2215643081070133
decision_type=2 2 2 2 2 2 2 2 2 2 2 2 2 2 2 2 2 2 2 2 2 2 2 2 2 2 2 2
left_child=1 3 8 6 -3 18 -1 25 -2 19 11 27 23 14 15 -14 -17 -7 -4 20 22 -22 -5 24 26 -8 -12 -11
right_child=2 4 5 9 -6 17 7 -9 -10 10 12 -13 13 -15 -16 16 -18 -19 -20 -21 21 -23 -24 -25 -26 -27 -28 -29
leaf_value=-1.4922165390335298 -1.4363636501076353 -1.4530314738848373 -1.4758717966783159 -1.4995171359840933 -1.4781085683011408 -1.4586907479026083 -1.4885300152348513 -1.454094725973901 -1.4672636597243556 -1.504672921100791 -1.4851097144931622 -1.4818241039945894 -1.4978051341234406 -1.4620788428192648 -1.5022096600493156 -1.4666111416926462 -1.4837689503775551 -1.4818241039945894 -1.4966493080000962 -1.4673930328736005 -1.4646364025396545 -1.4922165390335298 -1.4795462042591427 -1.5019885060154814 -1.4992712981723701 -1.4718258018401669 -1.468903119101451 -1.4915549039565652
leaf_weight=5.2677786350250271 5.2677786350250235 8.4284458160400408 8.9552236795425397 7.638279020786289 9.7453904747962934 10.798946201801302 5.5311675667762792 5.2677786350250235 8.9552236795425397 23.178225994110111 5.7945564985275269 8.1650568842887861 6.0579454302787736 5.794556498527526 12.115890860557554 13.169446587562566 12.906057655811308 5.794556498527526 5.2677786350250271 5.2677786350250235 5.5311675667762756 5.2677786350250244 6.0579454302787781 11.589112997055052 14.486391246318817 5.2677786350250226 5.5311675667762756 6.8481122255325309
leaf_count=20 20 32 34 29 37 41 21 20 34 88 22 31 23 22 46 50 49 22 20 20 21 20 23 44 55 20 21 26
internal_value=-1.48182 -1.48548 -1.46639 -1.48776 -1.46487 -1.4742 -1.47605 -1.46997 -1.45219 -1.48945 -1.49131 -1.49826 -1.48798 -1.48297 -1.4864 -1.47997 -1.47496 -1.4661 -1.48387 -1.48171 -1.48521 -1.4782 -1.49094 -1.49421 -1.48959 -1.48064 -1.47708 -1.50248
internal_weight=239.947 194.908 45.0395 176.734 18.1738 30.8165 21.3345 16.0667 14.223 155.399 125.637 38.1914 87.4451 50.0439 44.2493 32.1334 26.0755 16.5935 14.223 29.7629 24.4952 10.7989 13.6962 37.4012 25.8121 10.7989 11.3257 30.0263
internal_count=911 740 171 671 69 117 81 61 54 590 477 145 332 190 168 122 99 63 54 113 93 41 52 142 98 41 43 114
is_linear=0
shrinkage=1


Tree=1
num_leaves=31
num_cat=0
split_feature=40 35 27 12 20 30 20 29 22 8 34 22 35 32 23 1 21 19 5 29 35 22 35 12 24 14 19 33 30 24
split_gain=4.25798 4.70066 5.64775 5.18709 5.69256 4.08222 3.97819 3.89383 4.99088 4.45948 4.16871 4.07228 3.45723 3.11283 6.57821 3.41991 3.18749 2.64346 2.20078 2.15847 2.11465 1.85346 1.67864 1.38514 1.30744 1.25299 0.900182 1.72379 0.71908 0.701163
threshold=525.50000000000011 -0.65142317827417262 1.0600601781761929 -0.21555718422372469 1.2215643081070133 -0.49612899659604137 1.0000000180025095e-35 1.1200064840915518 -0.62530814281446367 -0.55726035325611567 0.63816350306908609 1.2516464473139604 -1.6896615085466828 -0.41548238260372944 -1.2666816320949801 -0.45841505561935636 -0.52163682941452583 -0.58762656355539433 -0.39811206670898774 -0.19931943206897615 0.47333501285438062 -1.0424091628430021 -1.1705423434104276 -0.028148274444399587 -0.57531330659690028 0.98658511293331319 0.6036453127148983 -0.43056687126805726 1.9268059507862454 1.0000000180025095e-35
decision_type=2 2 2 2 2 2 2 2 2 2 2 2 2 2 2 2 2 2 2 2 2 2 2 2 2 2 2 2 2 2
left_child=1 6 7 28 29 21 12 8 10 20 24 13 -1 14 -11 -15 -16 23 -19 -17 25 -2 -8 -14 -3 -10 27 -7 -4 -5
right_child=5 2 3 4 -6 26 22 -9 9 11 -12 -13 17 15 16 19 -18 18 -20 -21 -22 -23 -24 -25 -26 -27 -28 -29 -30 -31
leaf_value=-0.89952558011356087 -0.91135609272929607 -0.89172078094777185 -0.9258382512215938 -0.90410126529556889 -0.88287595257259366 -0.90805612862481944 -0.88759757773645709 -0.91305457346895924 -0.88759757773645709 -0.91577970023874167 -0.90300655862720691 -0.88297640143079725 -0.92782056929494205 -0.92504568959282707 -0.90374625321943114 -0.89968277180095713 -0.88248841348892249 -0.89617625784870369 -0.9171524287313898 -0.9122739030260435 -0.87697940032247479 -0.89372686546653346 -0.9045880694719215 -0.91021500461812865 -0.87150186282180298 -0.90361214153616809 -0.90823112724810462 -0.92775213826334346 -0.91027920756977754 -0.9171524287313898
leaf_weight=11.567250251770018 7.591007977724078 8.6754376888275164 11.205773681402208 8.3139611184597033 8.6754376888275129 7.5910079777240798 7.2295314073562649 11.928726822137831 7.2295314073562684 10.844297111034392 9.3983908295631391 7.5910079777240744 16.989398807287216 7.9524845480918875 9.0369142591953295 26.749266207218167 17.350875377655029 7.5910079777240753 7.229531407356264 19.881211370229725 8.6754376888275129 11.205773681402205 11.205773681402205 8.3139611184596998 11.928726822137834 10.482820540666578 8.6754376888275129 13.736109673976898 7.2295314073562613 7.2295314073562613
leaf_count=32 21 24 31 23 24 21 20 33 20 30 26 21 47 22 25 74 48 21 20 55 24 31 31 23 33 29 24 38 20 20
internal_value=-0.903746 -0.902312 -0.900056 -0.909587 -0.900642 -0.911787 -0.908931 -0.897567 -0.896265 -0.89907 -0.88548 -0.902137 -0.913178 -0.903966 -0.897488 -0.90854 -0.889513 -0.917268 -0.906333 -0.905025 -0.888437 -0.901178 -0.897512 -0.922945 -0.87835 -0.896013 -0.91843 -0.921748 -0.920988 -0.911169
internal_weight=329.305 280.506 210.379 42.6542 24.2189 48.7993 70.1265 167.725 155.796 125.794 30.0026 99.4061 51.6911 91.815 37.2321 54.583 26.3878 40.1239 14.8205 46.6305 26.3878 18.7968 18.4353 25.3034 20.6042 17.7124 30.0026 21.3271 18.4353 15.5435
internal_count=911 776 582 118 67 135 194 464 431 348 83 275 143 254 103 151 73 111 41 129 73 52 51 70 57 49 83 59 51 43
is_linear=0
shrinkage=1


Tree=2
num_leaves=33
num_cat=0
split_feature=2 0 32 3 14 39 24 29 19 35 14 23 25 33 19 22 22 33 34 22 32 5 33 28 22 24 28 26 29 2 24 28
split_gain=15.4552 7.10232 4.55055 4.04949 3.39518 3.30384 3.92809 3.2832 4.21785 3.278 2.95165 7.15153 3.92482 3.50556 3.03012 2.4817 6.19208 6.44994 5.31594 4.9486 3.166 1.54455 1.51138 1.3947 1.0482 1.03337 1.03014 1.0089 0.850268 0.728457 0.717841 0.177099
threshold=-0.52398465650510107 -0.51480958779491426 1.7554637060225762 -0.076494308961297316 -0.015073188781628456 -0.61260356462477317 -0.90855789239233953 0.39672121025735352 0.30582734364732506 -1.6896615085466828 -0.90379210733603277 -1.2666816320949801 -0.28000136005231097 0.15089786458152799 0.6036453127148983 -0.31248237779305982 -0.10393186777879046 -0.43056687126805726 -0.42399707023779304 0.31316915224974845 0.23580144398416203 -0.62922321119053726 -0.23674529265152872 0.48292390899408127 0.6259949172711522 0.75766503658485662 0.28651073721758091 -0.15933394239658785 -0.32656406357684437 -0.9131014043422826 -0.24206872080146122 -0.1063156063354198
decision_type=2 2 2 2 2 2 2 2 2 2 2 2 2 2 2 2 2 2 2 2 2 2 2 2 2 2 2 2 2 2 2 2
left_child=2 10 9 4 5 6 -3 8 -8 -1 11 -2 24 -14 -15 18 -17 23 -7 28 -20 25 -5 -18 -13 -11 -21 31 -19 -27 -23 -12
right_child=1 3 -4 22 -6 15 7 -9 -10 21 27 12 13 14 -16 16 17 19 20 26 -22 30 -24 -25 -26 29 -28 -29 -30 -31 -32 -33
leaf_value=-0.99674827304370861 -0.97134515431864921 -0.98988156677010131 -0.99525297140710312 -0.99933396870954372 -1.0196762261704231 -1.0200530279665614 -0.99280992193692574 -1.0235512432922516 -1.0158371242918041 -1.0230260477617483 -0.9846765038337254 -1.0012244491349926 -0.97808079025034422 -0.99076118222323406 -1.0131350293788393 -0.97423027677837748 -1.0225872542927079 -0.99175604856963673 -0.98173728474024857 -0.99441083263984986 -1.0065938325872554 -1.0004123654348918 -0.98177760385549584 -1.0033232341914635 -1.0169784523673966 -1.0164056277746312 -1.0071808207828659 -0.97244042399430908 -0.97313455055019771 -1.0021880586018108 -1.0131350293788393 -0.9952958209375925
leaf_weight=7.3238775730133048 9.0676579475402814 8.0213897228240949 11.857706546783445 8.0213897228240985 7.6726336479187003 10.462682247161867 12.55521869659424 11.857706546783445 12.903974771499632 31.0392906665802 6.9751214981079102 8.0213897228240985 8.7189018726348895 11.857706546783449 7.6726336479187003 10.113926172256468 7.3238775730133039 6.975121498107911 7.6726336479186994 8.370145797729494 7.6726336479187012 8.7189018726348895 11.857706546783445 7.6726336479187012 8.0213897228240949 7.6726336479187012 11.50895047187805 9.7651700973510724 8.3701457977294886 7.3238775730133039 7.6726336479187003 6.9751214981079119
leaf_count=21 26 23 34 23 22 30 36 34 37 89 20 23 25 34 22 29 21 20 22 24 22 25 34 22 23 22 33 28 24 21 22 20
internal_value=-1.00041 -0.996518 -1.01155 -1.0002 -1.00202 -1.00074 -1.0072 -1.01135 -1.00447 -1.01445 -0.989137 -0.993556 -0.999038 -0.992331 -1.00012 -0.997342 -0.994016 -0.998761 -1.00482 -0.991705 -0.993965 -1.01666 -0.988008 -1.01426 -1.01019 -1.01956 -1.00148 -0.980431 -0.979718 -1.01062 -1.00726 -0.988586
internal_weight=317.717 236.108 81.6089 159.033 139.154 131.481 45.3383 37.3169 25.4592 69.7512 77.0751 53.3597 44.292 28.2492 19.5303 86.1428 60.3348 50.2209 25.8079 35.2244 15.3453 62.4273 19.8791 14.9965 16.0428 46.0358 19.8791 23.7154 15.3453 14.9965 16.3915 13.9502
internal_count=911 677 234 456 399 377 130 107 73 200 221 153 127 81 56 247 173 144 74 101 44 179 57 43 46 132 57 68 44 43 47 40
is_linear=0
shrinkage=1


end of trees

feature_importances:
Column_22=9
Column_29=6
Column_33=6
Column_24=5
Column_26=5
Column_28=5
Column_32=5
Column_35=5
Column_19=4
Column_30=4
Column_34=4
Column_0=3
Column_5=3
Column_14=3
Column_20=3
Column_2=2
Column_12=2
Column_13=2
Column_23=2
Column_31=2
Column_1=1
Column_3=1
Column_8=1
Column_21=1
Column_25=1
Column_27=1
Column_36=1
Column_38=1
Column_39=1
Column_40=1

parameters:
[boosting: gbdt]
[objective: multiclass]
[metric: multi_logloss]
[tree_learner: serial]
[device_type: cpu]
[data_sample_strategy: bagging]
[data: ]
[valid: ]
[num_iterations: 800]
[learning_rate: 0.03]
[num_leaves: 96]
[num_threads: 1]
[seed: 42]
[deterministic: 0]
[force_col_wise: 1]
[force_row_wise: 0]
[histogram_pool_size: -1]
[max_depth: 10]
[min_data_in_leaf: 20]
[min_sum_hessian_in_leaf: 0.001]
[bagging_fraction: 0.85]
[pos_bagging_fraction: 1]
[neg_bagging_fraction: 1]
[bagging_freq: 0]
[bagging_seed: 400]
[bagging_by_query: 0]
[feature_fraction: 0.8]
[feature_fraction_bynode: 1]
[feature_fraction_seed: 30056]
[extra_trees: 0]
[extra_seed: 12879]
[early_stopping_round: 0]
[early_stopping_min_delta: 0]
[first_metric_only: 0]
[max_delta_step: 0]
[lambda_l1: 0.2]
[lambda_l2: 1.5]
[linear_lambda: 0]
[min_gain_to_split: 0]
[drop_rate: 0.1]
[max_drop: 50]
[skip_drop: 0.5]
[xgboost_dart_mode: 0]
[uniform_drop: 0]
[drop_seed: 17869]
[top_rate: 0.2]
[other_rate: 0.1]
[min_data_per_group: 100]
[max_cat_threshold: 32]
[cat_l2: 10]
[cat_smooth: 10]
[max_cat_to_onehot: 4]
[top_k: 20]
[monotone_constraints: ]
[monotone_constraints_method: basic]
[monotone_penalty: 0]
[feature_contri: ]
[forcedsplits_filename: ]
[refit_decay_rate: 0.9]
[cegb_tradeoff: 1]
[cegb_penalty_split: 0]
[cegb_penalty_feature_lazy: ]
[cegb_penalty_feature_coupled: ]
[path_smooth: 0]
[interaction_constraints: ]
[verbosity: -1]
[saved_feature_importance_type: 0]
[use_quantized_grad: 0]
[num_grad_quant_bins: 4]
[quant_train_renew_leaf: 0]
[stochastic_rounding: 1]
[linear_tree: 0]
[max_bin: 255]
[max_bin_by_feature: ]
[min_data_in_bin: 3]
[bin_construct_sample_cnt: 200000]
[data_random_seed: 175]
[is_enable_sparse: 1]
[enable_bundle: 1]
[use_missing: 1]
[zero_as_missing: 0]
[feature_pre_filter: 1]
[pre_partition: 0]
[two_round: 0]
[header: 0]
[label_column: ]
[weight_column: ]
[group_column: ]
[ignore_column: ]
[categorical_feature: ]
[forcedbins_filename: ]
[precise_float_parser: 0]
[parser_config_file: ]
[objective_seed: 16083]
[num_class: 3]
[is_unbalance: 0]
[scale_pos_weight: 1]
[sigmoid: 1]
[boost_from_average: 1]
[reg_sqrt: 0]
[alpha: 0.9]
[fair_c: 1]
[poisson_max_delta_step: 0.7]
[tweedie_variance_power: 1.5]
[lambdarank_truncation_level: 30]
[lambdarank_norm: 1]
[label_gain: ]
[lambdarank_position_bias_regularization: 0]
[eval_at: ]
[multi_error_top_k: 1]
[auc_mu_weights: ]
[num_machines: 1]
[local_listen_port: 12400]
[time_out: 120]
[machine_list_filename: ]
[machines: ]
[gpu_platform_id: -1]
[gpu_device_id: -1]
[gpu_device_id_list: ]
[gpu_use_dp: 0]
[num_gpu: 1]

end of parameters

pandas_categorical:null
