tree
version=v4
num_class=1
num_tree_per_iteration=1
label_index=0
max_feature_idx=42
objective=binary sigmoid:1
feature_names=Column_0 Column_1 Column_2 Column_3 Column_4 Column_5 Column_6 Column_7 Column_8 Column_9 Column_10 Column_11 Column_12 Column_13 Column_14 Column_15 Column_16 Column_17 Column_18 Column_19 Column_20 Column_21 Column_22 Column_23 Column_24 Column_25 Column_26 Column_27 Column_28 Column_29 Column_30 Column_31 Column_32 Column_33 Column_34 Column_35 Column_36 Column_37 Column_38 Column_39 Column_40 Column_41 Column_42
feature_infos=[-0.75835833564065658:8.347411599629206] [-0.7454441104672902:5.9080630603848077] [-0.92397105813320146:5.8155760973403483] [-0.75567155075663672:8.2994499104095265] [-0.74645472717909556:5.8609774131339787] [-0.92194408797276495:5.7644427871188224] [-1.4784270484192026:4.4140986837486054] [-0.98555698654654833:4.4827901381749298] [-2.0625644989268896:3.1872514207832481] [-2.3751283118992959:2.3171313789963639] [-3.474446386565528:1.2548363162448068] [-1.5162539757165634:3.5356249062221869] [-1.3828306259095933:2.9167070133814348] [-2.37756744992021:2.3723909860694343] [-1.5182394143632001:3.6144434131851466] [-1.7763002819738076:2.0808089017407458] [-1.2607080034806888:1.4191834935992746] [-2.9013371732183537:0.56177508761977812] [-2.3987701767063303:0.41688028711990371] [-1.9106597134390293:2.7403996776208261] [-2.0003034951809684:3.2429369320872996] [-2.3087520566403099:2.8997672990656862] [-2.8022556416926525:2.9706796269576436] [-1.9456383212169837:2.7641324680979218] [-1.8266721470305993:3.4999245195229229] [-2.0189981802053434:2.9024094270793088] [-3.0053787952521649:3.0095500357729867] [-2.3886195531621577:3.5704743734510984] [-1.9392028733349984:4.0345054978749886] [-2.5098696043899054:2.8862448548569257] [-2.4847323343389851:3.8181802342850246] [-2.4651655356307862:3.0968899497692783] [-2.3413707882997139:3.5399909863163388] [-2.6761355285795161:3.7419411099910938] [-3.735972038650019:2.9733745159622869] [-1.9659616251315128:4.0136784855536689] [-2.8995665286862029:3.1487615603403145] [-1.1026829482185145:2.7408481403265617] [-0.89078386194185588:4.6032722925498302] [-1.2433591171997715:2.5852205261956382] [13:811] [13:811] none
tree_sizes=1593 1620 1727 1720 1566

Tree=0
num_leaves=14
num_cat=0
split_feature=2 33 15 40 36 25 35 27 28 31 2 16 31
split_gain=9.31115 13.6596 8.32193 6.88137 6.79561 6.75964 6.4873 2.34763 3.97417 1.63207 0.997682 0.609207 0.0846659
threshold=0.031889029054691473 -0.42980870507980257 -0.25375718313911527 412.50000000000006 -0.39881549187716175 -0.54257589801994766 -0.91294324085990841 -0.70020960728840143 0.24349826229942015 -0.57803956737004969 -0.59218491216715585 -0.65164175414433345 -0.77668440613433765
decision_type=2 2 2 2 2 2 2 2 2 2 2 2 2
left_child=1 7 4 -4 -3 -2 -5 -1 10 -7 -9 -11 -8
right_child=5 2 3 6 -6 9 12 8 -10 11 -12 -13 -14
leaf_value=-0.43122652358984731 -0.42383000232173762 -0.41652578238521021 -0.43748677039025824 -0.4331999818706519 -0.4531179944942908 -0.44274821809254278 -0.41344444003490999 -0.4429925915079071 -0.42875493211872484 -0.44660752021295341 -0.4634659498767757 -0.47058085108694347 -0.38941191091691402
leaf_weight=7.8736215233802822 6.2034593820571926 7.157837748527526 5.4876756072044399 5.2490810155868557 8.112216114997862 7.873621523380284 5.4876756072044435 6.4420539736747768 5.2490810155868521 4.7718918323516881 8.5894052982330305 7.1578377485275198 12.645513355731959
leaf_count=33 26 30 23 22 34 33 23 27 22 20 36 30 53
internal_value=-0.433865 -0.428312 -0.418051 -0.408949 -0.435591 -0.448762 -0.402196 -0.444182 -0.449322 -0.45701 -0.456679 -0.463933 -0.394264
internal_weight=98.301 72.2942 44.14 28.8699 15.2701 26.0068 23.3823 28.1542 20.2805 19.8034 15.0315 11.9297 18.1332
internal_count=412 303 185 121 64 109 98 118 85 83 63 50 76
is_linear=0
shrinkage=1


Tree=1
num_leaves=14
num_cat=0
split_feature=2 33 15 40 25 36 35 20 27 22 31 1 31
split_gain=8.86922 12.9341 7.83564 6.48322 6.47465 6.46479 6.06059 3.71773 6.63019 1.99267 1.53097 0.296209 0.0265099
threshold=0.031889029054691473 -0.42980870507980257 -0.25375718313911527 412.50000000000006 -0.54257589801994766 -0.39881549187716175 -0.91294324085990841 1.0000000180025095e-35 -0.70020960728840143 0.31512940337850759 -0.57803956737004969 -0.49826753469263857 -0.77668440613433765
decision_type=2 2 2 2 2 2 2 2 2 2 2 2 2
left_child=1 7 5 -4 -2 -3 -5 8 -1 -6 -11 -10 -8
right_child=4 2 3 6 9 -7 12 -9 11 10 -12 -13 -14
leaf_value=0.0053631135336809545 0.0097752019421118112 0.016857262881942881 -0.0035390409240016879 0.00064902044232107835 -0.0047275311893639578 -0.018833590232958681 0.019871354237679228 0.0069985215076512376 -0.012208223280958254 -0.0092886271315110666 -0.035660361883635423 -0.032641294472187762 0.042907393424203355
leaf_weight=7.400588840246205 6.2166199982166317 7.183879315853118 5.4834144860506084 5.2498255074024227 5.703921943902972 8.0782104730606061 5.5111136585474076 7.1544497311115256 4.7448069304227873 5.0008940398693111 9.0121143162250466 8.7958482205867714 12.760114863514895
leaf_count=31 26 30 23 22 24 34 23 30 20 21 38 37 53
internal_value=0 0.00539979 0.0153572 0.0241555 -0.0145761 -0.00167077 0.0306768 -0.0100692 -0.0162457 -0.022685 -0.0284439 -0.0278118 0.0382973
internal_weight=98.2958 72.3623 44.2666 29.0045 25.9336 15.2621 23.5211 28.0957 20.9412 19.7169 14.013 13.5407 18.2712
internal_count=412 303 185 121 109 64 98 118 88 83 59 57 76
is_linear=0
shrinkage=0.03


Tree=2
num_leaves=15
num_cat=0
split_feature=2 33 25 35 30 36 22 27 36 22 6 31 17 26
split_gain=8.4389 12.2549 6.1979 5.09543 7.33939 5.36679 3.07844 4.71564 2.69014 1.9093 1.59323 1.46681 1.23451 0.188841
threshold=0.031889029054691473 -0.42980870507980257 -0.54257589801994766 -0.33002234956669879 0.059776813735152277 -0.39881549187716175 -0.031246712740510163 -0.70020960728840143 0.53169652181922533 0.31512940337850759 0.021594548343631951 -0.57803956737004969 -1.0000000180025095e-35 0.53913283731622841
decision_type=2 2 2 2 2 2 2 2 2 2 2 2 2 2
left_child=1 6 -2 5 -5 12 7 -1 -8 -4 -7 -11 -3 -9
right_child=2 3 9 4 -6 10 8 13 -10 11 -12 -13 -14 -15
leaf_value=0.0012143940477886241 0.0095232100793107791 0.026344728248938697 -0.0046191523592230277 0.03982062171281308 0.0025486553544209934 -0.018904769683228483 -0.01230507192384624 -0.014427655855025402 0.014088285773108014 -0.009088758823635067 0.00048803814569533654 -0.034997343377315401 0.0043624413213950979 -0.036434513594433476
leaf_weight=6.9310539811849621 6.2291789352893856 6.4773884266614914 5.6979071646928814 11.565120637416841 8.3874214440584165 5.0176468640565854 4.7488537579774839 5.1972531676292437 6.1948561370372772 4.9906833171844509 7.6452562212944031 8.9369161725044197 5.2820115983486193 4.9639288932085037
leaf_count=29 26 27 24 48 35 21 20 22 26 21 32 38 22 21
internal_value=0 0.00525059 -0.0142534 0.0149201 0.0257061 0.00489914 -0.00983149 -0.0173135 0.00205041 -0.0222245 -0.00796104 -0.0278888 0.0185339 -0.0289967
internal_weight=98.2655 72.4108 25.8547 44.3748 19.9525 24.4223 28.0359 17.0922 10.9437 19.6255 12.6629 13.9276 11.7594 10.1612
internal_count=412 303 109 185 83 102 118 72 46 83 53 59 49 43
is_linear=0
shrinkage=0.03


Tree=3
num_leaves=15
num_cat=0
split_feature=9 33 19 40 15 16 12 16 19 27 33 12 28 22
split_gain=8.08308 11.0191 7.01533 6.45671 10.3986 5.4955 5.45533 5.26624 3.38126 1.54549 1.75278 1.46935 0.827446 0.792669
threshold=1.7557999460730533 -0.42980870507980257 0.7249406081615557 399.50000000000006 1.0000000180025095e-35 -0.40801525440979142 -0.31604973216439175 -0.89526825387887554 -1.1354831482623864 -0.70020960728840143 -1.3212082382146095 -0.1635777961449254 -1.0000000180025095e-35 -0.26216412348652207
decision_type=2 2 2 2 2 2 2 2 2 2 2 2 2 2
left_child=1 2 8 6 5 -5 -3 -6 -1 -10 -11 -12 -7 -9
right_child=-2 3 -4 4 7 12 -8 13 9 10 11 -13 -14 -15
leaf_value=0.0047469038052818146 -0.028320023073338692 -0.02027280037450678 0.018661103519647192 0.015821749605916206 0.004332606435183844 -0.0033813528445572495 0.013840030743230662 0.045859836203615133 -0.0038247432859399664 -0.005829346242672861 -0.039301653912581058 -0.013280959279577202 -0.023044325430536014 0.022420266843226035
leaf_weight=4.7589146792888668 6.8415828496217719 8.549208924174307 4.7772150039672843 7.3773132562637356 7.4551239013671866 4.7789885252714166 5.7282328158617011 8.2208096534013766 5.4978103637695339 5.214519724249846 7.2843609601259285 6.6318546831607712 4.9889379888772938 10.129563465714456
leaf_count=20 29 36 20 31 31 20 24 34 23 22 31 28 21 42
internal_value=0 0.0025087 -0.010607 0.0105117 0.0162207 -0.00162562 -0.00619154 0.0277355 -0.0162342 -0.0205578 -0.024448 -0.0297893 -0.0156874 0.0358952
internal_weight=98.2344 91.3929 34.1647 57.2282 42.9507 17.1452 14.2774 25.8055 29.3875 24.6285 19.1307 13.9162 9.76793 18.3504
internal_count=412 383 144 239 179 72 60 107 124 104 81 59 41 76
is_linear=0
shrinkage=0.03


Tree=4
num_leaves=14
num_cat=0
split_feature=2 33 15 28 40 35 40 26 22 27 11 34 26
split_gain=7.73454 11.0345 6.95424 5.9928 5.72365 5.56319 3.49805 3.50993 2.92149 4.42628 2.0621 1.65297 0.235109
threshold=0.031889029054691473 -0.42980870507980257 -0.25375718313911527 -0.52236178529160371 412.50000000000006 -0.91294324085990841 570.00000000000011 0.32431395049390127 -0.031246712740510163 -0.70020960728840143 -0.20105953419569247 1.0276640151247185 0.53913283731622841
decision_type=2 2 2 2 2 2 2 2 2 2 2 2 2
left_child=1 8 3 -3 -4 -6 7 -2 9 -1 -7 -10 -11
right_child=6 2 4 -5 5 10 -8 -9 11 12 -12 -13 -14
leaf_value=0.0011910614132342255 -0.027327423730508546 -0.022697409263030023 -0.003580980693517451 0.012189984864798317 0 0.020090138208233837 0.0037510273600912022 0 -0.0086580975425702231 -0.01370714836849855 0.047507685921545181 0.011928048232120471 -0.035550513984100141
leaf_weight=6.9323879927396801 13.64629758894444 5.9659227877855292 5.4847335368394878 9.3140327334403974 5.2826977372169521 9.9688116312027031 6.6244470924139014 5.4409489780664435 4.9654951095581037 5.1525410413742083 8.552101984620089 5.9631200581789017 4.8972446471452713
leaf_count=29 58 25 23 39 22 41 28 23 21 22 35 25 21
internal_value=0 0.00499108 0.014126 -0.00188524 0.022359 0.0284311 -0.0137145 -0.0198992 -0.00936825 -0.0166955 0.0356608 0.00217575 -0.0281055
internal_weight=98.1908 72.4791 44.5683 15.28 29.2883 23.8036 25.7117 19.0872 27.9108 16.9822 18.5209 10.9286 10.0498
internal_count=412 303 185 64 121 98 109 81 118 72 76 46 43
is_linear=0
shrinkage=0.03


end of trees

feature_importances:
Column_33=6
Column_2=5
Column_22=5
Column_27=5
Column_31=5
Column_40=5
Column_15=4
Column_35=4
Column_36=4
Column_16=3
Column_25=3
Column_26=3
Column_28=3
Column_12=2
Column_19=2
Column_1=1
Column_6=1
Column_9=1
Column_11=1
Column_17=1
Column_20=1
Column_30=1
Column_34=1

parameters:
[boosting: gbdt]
[objective: binary]
[metric: binary_logloss]
[tree_learner: serial]
[device_type: cpu]
[data_sample_strategy: bagging]
[data: ]
[valid: ]
[num_iterations: 900]
[learning_rate: 0.03]
[num_leaves: 96]
[num_threads: 2]
[seed: 42]
[deterministic: 0]
[force_col_wise: 1]
[force_row_wise: 0]
[histogram_pool_size: -1]
[max_depth: 10]
[min_data_in_leaf: 20]
[min_sum_hessian_in_leaf: 0.001]
[bagging_fraction: 0.85]
[pos_bagging_fraction: 1]
[neg_bagging_fraction: 1]
[bagging_freq: 0]
[bagging_seed: 400]
[bagging_by_query: 0]
[feature_fraction: 0.8]
[feature_fraction_bynode: 1]
[feature_fraction_seed: 30056]
[extra_trees: 0]
[extra_seed: 12879]
[early_stopping_round: 0]
[early_stopping_min_delta: 0]
[first_metric_only: 0]
[max_delta_step: 0]
[lambda_l1: 0.2]
[lambda_l2: 1.5]
[linear_lambda: 0]
[min_gain_to_split: 0]
[drop_rate: 0.1]
[max_drop: 50]
[skip_drop: 0.5]
[xgboost_dart_mode: 0]
[uniform_drop: 0]
[drop_seed: 17869]
[top_rate: 0.2]
[other_rate: 0.1]
[min_data_per_group: 100]
[max_cat_threshold: 32]
[cat_l2: 10]
[cat_smooth: 10]
[max_cat_to_onehot: 4]
[top_k: 20]
[monotone_constraints: ]
[monotone_constraints_method: basic]
[monotone_penalty: 0]
[feature_contri: ]
[forcedsplits_filename: ]
[refit_decay_rate: 0.9]
[cegb_tradeoff: 1]
[cegb_penalty_split: 0]
[cegb_penalty_feature_lazy: ]
[cegb_penalty_feature_coupled: ]
[path_smooth: 0]
[interaction_constraints: ]
[verbosity: -1]
[saved_feature_importance_type: 0]
[use_quantized_grad: 0]
[num_grad_quant_bins: 4]
[quant_train_renew_leaf: 0]
[stochastic_rounding: 1]
[linear_tree: 0]
[max_bin: 255]
[max_bin_by_feature: ]
[min_data_in_bin: 3]
[bin_construct_sample_cnt: 200000]
[data_random_seed: 175]
[is_enable_sparse: 1]
[enable_bundle: 1]
[use_missing: 1]
[zero_as_missing: 0]
[feature_pre_filter: 1]
[pre_partition: 0]
[two_round: 0]
[header: 0]
[label_column: ]
[weight_column: ]
[group_column: ]
[ignore_column: ]
[categorical_feature: ]
[forcedbins_filename: ]
[precise_float_parser: 0]
[parser_config_file: ]
[objective_seed: 16083]
[num_class: 1]
[is_unbalance: 0]
[scale_pos_weight: 1]
[sigmoid: 1]
[boost_from_average: 1]
[reg_sqrt: 0]
[alpha: 0.9]
[fair_c: 1]
[poisson_max_delta_step: 0.7]
[tweedie_variance_power: 1.5]
[lambdarank_truncation_level: 30]
[lambdarank_norm: 1]
[label_gain: ]
[lambdarank_position_bias_regularization: 0]
[eval_at: ]
[multi_error_top_k: 1]
[auc_mu_weights: ]
[num_machines: 1]
[local_listen_port: 12400]
[time_out: 120]
[machine_list_filename: ]
[machines: ]
[gpu_platform_id: -1]
[gpu_device_id: -1]
[gpu_device_id_list: ]
[gpu_use_dp: 0]
[num_gpu: 1]

end of parameters

pandas_categorical:null
