tree
version=v4
num_class=1
num_tree_per_iteration=1
label_index=0
max_feature_idx=42
objective=binary sigmoid:1
feature_names=Column_0 Column_1 Column_2 Column_3 Column_4 Column_5 Column_6 Column_7 Column_8 Column_9 Column_10 Column_11 Column_12 Column_13 Column_14 Column_15 Column_16 Column_17 Column_18 Column_19 Column_20 Column_21 Column_22 Column_23 Column_24 Column_25 Column_26 Column_27 Column_28 Column_29 Column_30 Column_31 Column_32 Column_33 Column_34 Column_35 Column_36 Column_37 Column_38 Column_39 Column_40 Column_41 Column_42
feature_infos=[-1.0126999430928281:5.5622352152366341] [-1.2799276544377807:5.4107903316365604] [-0.98924739284012564:4.4415201490762017] [-0.99806344821231652:5.5211472337114778] [-1.270438228399738:5.4299760712705121] [-0.99489318484652955:4.4333852978534143] [-1.4782892287887206:3.1662496150655457] [-1.6038038772842518:4.2864046100355049] [-1.7114721613244266:2.6281474949457442] [-1.8843885868980681:1.9891033313791595] [-3.4409370786787421:1.9759161431166359] [-1.5612609234887256:2.7624557803314742] [-1.0901543925896569:2.7324067795310931] [-1.9097284541254478:2.030915040557177] [-1.5645606163341599:2.7222514098237438] [-1.6868137239416301:1.7129917807437678] [-1.5740666689409082:1.3183562215727298] [-4.1978669400851354:0.74769483215657317] [-2.0028715018376966:0.49928315375323662] [-2.4245487441026903:1.9276106648056961] [-2.3321179612203222:3.4067443791501049] [-2.012104450481317:4.1736443152234619] [-3.6483379227282455:2.9495302886140884] [-2.5197774804952604:1.8556569975396964] [-2.3440137041080145:3.882955104615148] [-2.1040356749444111:4.3052560744269481] [-3.0172059057907603:3.3031782497770439] [-2.9047266192718224:2.3080478939677693] [-2.8550414386724432:3.3438581137308985] [-2.1321823774437547:4.046427495507305] [-3.1901199112743219:2.4810172539064297] [-2.7991469985167248:2.2459896877672549] [-2.1934766770842478:3.7531195443760015] [-2.4159654088924034:3.3505776431162717] [-2.9903916408004756:3.2439740548653671] [-3.2381604712497496:2.5834249333868717] [-2.7290907619001628:2.5631598530203141] [-1.8874906653138117:2.5996736208193503] [-1.1114284280503233:4.2019794078042922] [-1.3315850125759039:2.9689413984099784] [6:798] [6:798] none
tree_sizes=3157 3480 3408 3206 3412 3427 3420 3426 2766 3414 3407 3256 3321

Tree=0
num_leaves=29
num_cat=0
split_feature=37 33 37 40 28 33 16 29 27 1 36 1 35 32 32 36 14 0 26 1 35 15 28 16 29 34 23 37
split_gain=6.60891 7.19332 7.92979 7.16133 6.74256 6.72405 6.49907 7.57757 6.99714 6.41981 8.11646 5.45031 4.32667 4.29595 4.53506 4.17177 3.80176 3.21654 2.85733 2.62697 2.61895 2.61492 2.48269 2.08812 1.32122 2.07448 1.19132 0.53805
threshold=1.0000000180025095e-35 -0.17034047036979441 -1.4387742367004954 177.50000000000003 -0.29543576763502744 0.35641105841945947 -0.65375029468656864 0.16763351971025073 -0.55897808831400597 -0.67776303569108964 0.90481816423188011 -0.3614745490766666 -1.3461452147428477 0.20168013433724166 -0.78941923590613317 -1.1501271010699792 -1.2576481552723835 -0.35387546872580705 1.1006201349579607 1.6092460213670488 -0.4729074040473546 -0.29046503451727029 -0.76081861691455754 0.13509231181715065 -0.58752990920598969 -0.38329325897657768 -0.67237181199161189 -0.54134137947386307
decision_type=2 2 2 2 2 2 2 2 2 2 2 2 2 2 2 2 2 2 2 2 2 2 2 2 2 2 2 2
left_child=1 2 -1 11 21 27 13 16 12 -5 -11 17 -9 14 -2 19 -8 -4 26 -7 -15 -3 -23 -13 -17 -26 -18 -6
right_child=6 4 3 9 5 15 7 8 -10 10 -12 23 -14 20 -16 24 18 -19 -20 -21 -22 22 -24 -25 25 -27 -28 -29
leaf_value=0.094538548546837825 0.071583990691150567 0.060332067714753954 0.086356242299772026 0.056195207695532767 0.059489641581905103 0.050762064921672345 0.068069048952792935 0.059489641581905103 0.040451570611418186 0.097083485959707547 0.063573450849934099 0.060773760777907436 0.090802484522908955 0.087623462025203921 0.041894985273979612 0.068834505820297154 0.081419429237865118 0.057669642816477622 0.072580191673273606 0.074388388085102689 0.064443323790416604 0.058929933324221015 0.026633098058706811 0.035362025901154351 0.096433868603057929 0.070642871164059276 0.10331304564121362 0.039955783740874523
leaf_weight=9.7384596168994886 7.2414186894893673 8.7396432459354418 5.243785947561264 8.9893473386764473 5.4934900403022766 8.2402350604534131 5.4934900403022757 5.4934900403022775 4.9940818548202506 14.732541471719747 9.7384596168994886 6.9917145967483512 7.7408268749713907 6.9917145967483521 8.9893473386764544 5.7431941330432918 6.4923064112663331 5.743194133043291 5.7431941330432883 5.9928982257843009 7.4911227822303754 4.9940818548202515 7.9905309677124006 8.2402350604534131 6.4923064112663278 5.4934900403022775 16.48047012090683 5.9928982257843
leaf_count=39 29 35 21 36 22 33 22 22 20 59 39 28 31 28 36 23 26 23 23 24 30 20 32 33 26 22 66 24
internal_value=0.0688345 0.0647405 0.0713802 0.0671618 0.0576802 0.064968 0.0754162 0.0817314 0.0664688 0.0761242 0.0839832 0.0557321 0.0777694 0.0647221 0.0545913 0.0720604 0.0897897 0.0713406 0.0939753 0.0606724 0.0759715 0.044554 0.0363286 0.0448995 0.0814384 0.0865739 0.0985215 0.0466776
internal_weight=217.742 134.591 69.4177 59.6793 65.1728 43.4485 83.1515 52.4379 18.2284 33.4603 24.471 26.2189 13.2343 30.7136 16.2308 31.9621 34.2095 10.987 28.716 14.2331 14.4828 21.7243 12.9846 15.2319 17.729 11.9858 22.9728 11.4864
internal_count=872 539 278 239 261 174 333 210 73 134 98 105 53 123 65 128 137 44 115 57 58 87 52 61 71 48 92 46
is_linear=0
shrinkage=1


Tree=1
num_leaves=32
num_cat=0
split_feature=20 40 29 1 32 37 27 15 16 37 36 34 33 21 19 21 33 33 1 25 6 40 20 24 31 27 32 24 25 23 11
split_gain=7.2353 7.16329 7.45905 7.14012 6.26657 6.0737 7.65123 5.39916 5.17301 4.83958 3.73447 6.88262 5.39552 3.59609 4.63134 3.27032 3.11178 3.74622 3.96592 3.09726 4.72825 2.21311 2.20186 2.19374 2.93755 2.17837 2.05763 1.98372 1.83956 1.47373 1.15178
threshold=2.1769881633564419 177.50000000000003 0.16763351971025073 -0.67776303569108964 1.0000000180025095e-35 1.0000000180025095e-35 0.65733596477523215 1.0451728423234219 -1.442592901190288 -1.4387742367004954 0.90481816423188011 0.86357988015659082 -0.17034047036979441 -0.87262441469359431 0.62196284213318032 0.4296384833495171 -0.82646956763360191 0.35641105841945947 -0.3736394908695288 1.6347178455222153 -1.031923719680661 474.50000000000006 -0.35084405799719887 0.22799515166894416 0.76724272799436477 -1.2540146900792848 -0.78941923590613317 -0.31348039691567869 0.56650255396032179 0.25133102226021237 -0.11660377752420921
decision_type=2 2 2 2 2 2 2 2 2 2 2 2 2 2 2 2 2 2 2 2 2 2 2 2 2 2 2 2 2 2 2
left_child=1 2 5 4 -3 9 26 23 -5 -1 12 -12 25 -8 -15 -13 -11 18 -18 20 28 -6 -14 -4 -25 -10 -7 -22 -19 -20 -28
right_child=-2 3 7 8 21 6 13 -9 10 16 11 15 22 14 -16 -17 17 19 29 -21 27 -23 -24 24 -26 -27 30 -29 -30 -31 -32
leaf_value=0.011674339198482908 0.026735364820280317 -0.027114509211804326 -0.038023809082171012 -0.011498009780569484 0.012663668267823244 0.035818460354533892 -0.023871300884576209 0.00096784870996050813 0.0099770257711571716 0.0074563690572721436 -0.016888192103309271 0.029521910404427983 -0.0080285245009025352 -0.014635732129549359 0.020158038420010644 -0.00053970557717836242 0 2.5857908784110838e-05 -0.034951650933429002 -0.022148597173833964 -0.023572065648739676 -0.0080485844615031787 0.014597766063934205 0.002175223114141785 -0.02637861536461102 0.032846216897418692 0.0010242258549373947 0 0.025116856852416294 -0.0094437632412484353 0.02025302895384028
leaf_weight=8.9849120229482633 7.2401186227798453 8.2413929700851458 8.9925329834222847 6.9917595684528342 8.4891425073146802 5.4903806596994391 4.9926354736089698 7.9914562851190558 7.9860921353101721 6.2438766658306113 7.9903579950332668 5.9920580983161909 6.9914210438728333 4.9928698688745481 5.7413782328367233 4.994812473654747 5.2434073984622982 5.2454333603382111 11.242912828922274 5.493491828441619 4.9947412014007559 6.9912318289279929 5.4921677857637388 4.9941118508577329 5.4939975440502167 16.962452858686451 6.4886011928319922 5.7433469146490141 4.9930550754070282 4.9966988563537589 4.990900099277499
leaf_count=36 29 33 36 28 34 22 20 32 32 25 32 24 28 20 23 20 21 21 45 22 20 28 22 20 22 68 26 23 20 20 20
internal_value=0 -0.00111708 -0.00576318 0.00537949 -0.00816661 -0.00163682 0.00853834 -0.0191269 0.0106119 -0.00707115 0.0136828 0.00221708 0.0190321 -0.00603961 0.00367363 0.0169518 -0.0105173 -0.0131341 -0.0221251 -0.00482725 0.000617424 0.00307159 0.00199494 -0.0271361 -0.0137107 0.0267336 0.0217666 -0.0122063 0.0144192 -0.0289036 0.011221
internal_weight=217.714 210.474 123.351 87.1229 23.7218 95.8786 32.6968 27.4721 63.4011 63.1819 56.4094 18.9772 37.4321 15.7269 10.7342 10.9869 54.197 47.9531 21.483 26.4701 20.9766 15.4804 12.4836 19.4806 10.4881 24.9485 16.9699 10.7381 10.2385 16.2396 11.4795
internal_count=872 843 494 349 95 384 131 110 254 253 226 76 150 63 43 44 217 192 86 106 84 62 50 78 42 100 68 43 41 65 46
is_linear=0
shrinkage=0.03


Tree=2
num_leaves=31
num_cat=0
split_feature=37 33 37 40 28 33 12 7 36 17 7 41 21 35 17 33 33 0 27 36 7 21 21 22 33 30 30 41 37 12
split_gain=6.04862 6.61879 7.37808 6.42762 6.34578 6.20199 6.20137 5.84246 7.31761 5.61987 5.06158 4.43667 5.94779 6.60279 4.3583 3.29989 4.37658 3.05283 3.04798 2.82048 2.53222 2.10655 4.04848 2.08344 1.80457 1.70453 1.55678 1.55502 0.516303 0.343111
threshold=1.0000000180025095e-35 -0.17034047036979441 -1.4387742367004954 177.50000000000003 -0.29543576763502744 0.35641105841945947 -0.59491729117316583 -0.74005653613571731 0.90481816423188011 -0.48869561090385383 -0.33422753769525354 321.50000000000006 -0.22149296567203872 0.88546252370119072 -1.3129559062774716 -0.3089592937353875 -0.53074941112033658 -0.35387546872580705 0.30981766389259252 -1.5203668560232635 -0.72389719071748615 -0.87262441469359431 1.0000000180025095e-35 -0.9620630081102951 0.57820117580440855 -0.74374701649046837 0.36824066295673796 339.00000000000006 -0.54134137947386307 -0.5160282329420196
decision_type=2 2 2 2 2 2 2 2 2 2 2 2 2 2 2 2 2 2 2 2 2 2 2 2 2 2 2 2 2 2
left_child=1 2 -1 10 23 28 -7 -5 29 14 17 15 13 -13 -2 16 18 -4 25 -8 -17 -21 -23 -3 -22 -11 -12 -25 -6 -9
right_child=9 4 3 7 5 6 19 8 -10 11 26 12 -14 -15 -16 20 -18 -19 -20 21 24 22 -24 27 -26 -27 -28 -29 -30 -31
leaf_value=0.02479680305332177 0.0078940626065050114 -0.0044914425800277281 0.017191201112510299 -0.012115818295933363 -0.0088039108863680882 0.029614920705270931 -0.015827739559834766 0.03564615186158869 -0.0049617007624019561 0.005993417188210841 -0.033584869319017184 0.029113829633242411 -0.022015672526280419 -0.011917406142587409 -0.023125228360721461 0.001914970438955495 -0.011813525387202558 -0.01075017010875577 -0.0032504712676082086 0.017439175087861976 0.036185446874652021 -0.01499678144842133 0.01549936820630164 -0.035486998405410697 0.011297587945083714 0.028036184204490729 -0.010602843501435788 -0.010399410323893511 -0.027713693773527205 0.016353439399628782
leaf_weight=9.72240501642227 5.7416322082281113 5.4969611763954189 5.2406683713197708 8.994074463844294 5.4963041692972183 4.991654470562934 8.4915696531534213 5.7278235852718309 9.7415134906768781 7.2378217279911068 6.4983690232038489 5.986398398876192 6.9916253238916388 5.2424794733524323 7.9893623888492566 4.9908268600702312 6.9876752495765713 5.745809420943262 6.2373265922069541 5.242397859692578 9.9748093783855456 8.2390919476747495 4.9897586405277261 10.494636908173563 6.9857944548130027 8.7328739762306196 8.7458341270685178 5.7473168522119513 5.998774513602255 8.9662675857544034
leaf_count=39 23 22 21 36 22 20 34 23 39 29 26 24 28 21 32 20 28 23 25 21 40 33 20 42 28 35 35 23 24 36
internal_value=0 -0.00392994 0.00243909 -0.00162508 -0.0107011 -0.0036306 0.00317506 0.00686758 0.0143828 0.00628543 -0.0124509 0.00979314 -0.00250217 0.0103391 -0.0102605 0.0142336 0.00677101 0.00256169 0.0132491 -0.00281174 0.0228353 0.00361089 -0.00267963 -0.0234283 0.0280105 0.0197622 -0.0228891 -0.0285775 -0.0211937 0.0268495
internal_weight=217.67 134.571 69.3828 59.6604 65.1885 43.4496 31.9545 33.4297 24.4356 83.0986 26.2307 69.3676 18.2205 11.2289 13.731 51.1471 29.1957 10.9865 22.208 26.9628 21.9514 18.4712 13.2289 21.7389 16.9606 15.9707 15.2442 16.242 11.4951 14.6941
internal_count=872 539 278 239 261 174 128 134 98 333 105 278 73 45 55 205 117 44 89 108 88 74 53 87 68 64 61 65 46 59
is_linear=0
shrinkage=0.03


Tree=3
num_leaves=29
num_cat=0
split_feature=20 40 4 32 29 37 16 16 12 15 35 37 12 30 33 38 22 22 20 37 32 26 15 12 32 34 0 12
split_gain=6.83323 6.55847 7.79885 8.05568 7.00356 5.49132 7.45305 5.02336 5.61566 5.00761 4.90531 4.40134 5.30529 3.24389 2.80774 2.32767 2.16952 4.17452 6.33308 4.27347 2.11143 2.08963 4.30529 1.66579 1.32702 0.957236 0.673448 0.219061
threshold=2.1769881633564419 177.50000000000003 -0.72222251297217199 1.0000000180025095e-35 0.16763351971025073 1.0000000180025095e-35 -0.65375029468656864 -1.442592901190288 -0.61400644209038058 1.0451728423234219 0.88546252370119072 -1.4387742367004954 1.6081829872820397 0.75743635076325977 0.35641105841945947 -1.0000000180025095e-35 -1.4804669390014782 -0.9620630081102951 -0.35084405799719887 1.0000000180025095e-35 -0.50493700926220153 0.047222775696659551 -0.77615153518661273 -0.623354595077249 0.36686336271113745 0.35349541414756741 1.2532569611695019 -0.43219544287791667
decision_type=2 2 2 2 2 2 2 2 2 2 2 2 2 2 2 2 2 2 2 2 2 2 2 2 2 2 2 2
left_child=1 4 3 -3 5 11 20 -4 -9 21 25 -1 13 23 -15 -5 -10 26 19 -19 -7 -6 -23 -13 -20 -8 -18 -25
right_child=-2 2 7 15 9 6 10 8 16 -11 -12 12 -14 14 -16 -17 17 18 24 -21 -22 22 -24 27 -26 -27 -28 -29
leaf_value=0.011173987016636302 0.02599991523820477 -0.030059073228238697 -0.011176521525522334 0.01342899074813996 -0.038963169749139506 0.0019782108160787564 0.033592797794784385 0.032085276288932874 -0.0047156763401080236 0.00086476546210480286 -0.0013469246549094977 -0.0042891445431825432 0.0089614194957771016 -0.013945217748565353 0.0090388747516651768 -0.0080516069614065006 0.034493663926298171 -0.024697183809364136 0.025399409025675279 0.0070414262728823503 -0.022074619348598799 0.0017440281187951355 -0.030725099906362068 -0.027445514149128752 0.0055209005749351807 0.01111827812102068 0.0110583546308633 -0.012513568935731568
leaf_weight=8.974631801247595 7.2291952222585669 8.4960305094718951 6.9926240295171729 8.7328749597072584 7.2487908452749314 4.9915623217821121 8.9649847000837344 10.709115564823149 7.9819984883069983 7.9886215925216666 7.4850257039070121 6.4912584424018815 9.489237964153288 8.2453593015670759 7.7393221110105506 6.494556486606597 5.2327841818332619 6.7364847064018214 7.2187380641698908 5.7321805506944656 5.4917222112417203 6.4926046431064641 5.7479092180728859 14.994302675127981 7.7343705892562866 5.7322207540273658 4.9891296774148941 7.242337107658396
leaf_count=36 29 34 28 35 29 20 36 43 32 32 30 26 38 33 31 26 21 27 29 23 22 26 23 60 31 23 20 29
internal_value=0 -0.0010841 0.00513394 -0.00901634 -0.0055304 -0.00152941 0.00814733 0.0106134 0.0136415 -0.0184771 0.0177287 -0.00669848 -0.00998669 -0.0142982 -0.00265307 0.00400828 0.0083017 0.0112901 0.0043545 -0.0104873 -0.0113072 -0.0261864 -0.0147559 -0.020126 0.0169228 0.0270391 0.026446 -0.0239331
internal_weight=217.6 210.371 87.0509 23.7235 123.32 95.842 32.6655 63.3274 56.3348 27.4779 22.1822 63.1764 54.2018 44.7126 15.9847 15.2274 45.6257 37.6437 27.4218 12.4687 10.4833 19.4893 12.2405 28.7279 14.9531 14.6972 10.2219 22.2366
internal_count=872 843 349 95 494 384 131 254 226 110 89 253 217 179 64 61 183 151 110 50 42 78 49 115 60 59 41 89
is_linear=0
shrinkage=0.03


Tree=4
num_leaves=31
num_cat=0
split_feature=37 33 37 28 33 40 16 29 27 7 7 37 41 39 35 32 32 14 0 34 26 35 15 28 16 14 0 32 23 15
split_gain=5.45288 6.18528 6.86188 5.84792 5.82707 5.81257 5.74469 6.72947 6.38487 5.33345 4.80781 3.98928 6.19177 4.6145 3.90419 3.85645 4.19083 3.47404 2.88981 2.78597 2.70182 2.48678 2.46793 2.37145 2.03616 1.65824 1.56763 1.25193 1.23901 0.546196
threshold=1.0000000180025095e-35 -0.17034047036979441 -1.4387742367004954 -0.29543576763502744 0.35641105841945947 177.50000000000003 -0.65375029468656864 0.16763351971025073 -0.55897808831400597 -0.74005653613571731 -0.33422753769525354 -0.54134137947386307 199.00000000000003 -1.0000000180025095e-35 -1.3461452147428477 0.20168013433724166 -0.78941923590613317 -1.2576481552723835 -0.35387546872580705 0.52352356948390866 1.1006201349579607 -0.4729074040473546 -0.29046503451727029 -0.76081861691455754 0.13509231181715065 1.223932505092088 -0.32060150537393745 -0.6242360075322374 -0.67237181199161189 -0.53330828485194148
decision_type=2 2 2 2 2 2 2 2 2 2 2 2 2 2 2 2 2 2 2 2 2 2 2 2 2 2 2 2 2 2
left_child=1 2 -1 22 29 10 15 17 14 -7 18 13 -13 -6 -9 16 -2 -8 -4 25 28 -17 -3 -24 -12 -11 -21 -14 -19 -5
right_child=6 3 5 4 11 9 7 8 -10 19 24 12 27 -15 -16 21 -18 20 -20 26 -22 -23 23 -25 -26 -27 -28 -29 -30 -31
leaf_value=0.024010973344472455 0.0026546839538831297 -0.0073880584585393838 0.0170155900551744 -0.0092151574879507873 -0.022147471041010079 -0.011528549421672838 -0.0011078823069521342 -0.0089368360125501416 -0.027267879816475066 0.031486215971661305 -0.0067160114743524428 0.030493609984290383 0.0068099298126491001 0.0095480152992070966 0.020795973528818863 0.017988826296916234 -0.025859903167605204 0.011284335935738377 -0.010159548020563815 -0.0074064602670622301 0.0029515999332761678 -0.0045863480166714382 -0.0087586963345466003 -0.03981511410419529 -0.031269048159564994 0.0057146083672942804 0.011733162076324884 -0.011163436135437148 0.032721727595005398 -0.028017666051526887
leaf_weight=9.7027250677347165 7.237742334604266 8.7453482449054736 5.2384169697761536 6.247142031788826 7.7362995743751526 8.9964538216590828 5.4876414090394965 5.4935147464275369 4.9965887665748587 7.199030622839933 6.9983150810003272 7.4804250597953859 4.9914086312055597 5.9893065840005857 7.7203753292560586 6.9792767465114594 8.9947130680084246 6.472764238715178 5.7477930039167422 5.7368787974119186 5.7336158752441397 7.485827907919882 4.998346284031868 7.9972839653491956 8.2462577968835813 4.9790598750114441 6.4768227487802488 5.7408957034349415 16.415931463241577 5.248102664947508
leaf_count=39 29 35 21 25 31 36 22 22 20 29 28 30 20 24 31 28 36 26 23 23 23 30 20 32 33 20 26 23 66 21
internal_value=0 -0.00372765 0.00242992 -0.0102743 -0.00347828 -0.00148722 0.00597552 0.011927 -0.00243025 0.00658989 -0.011785 0.00311516 0.0120338 -0.00834467 0.00837622 -0.00406479 -0.0136584 0.01954 0.002805 0.013785 0.0235559 0.00659689 -0.0224924 -0.0304266 -0.0219672 0.0231703 0.00247881 -0.0025038 0.0279723 -0.0205042
internal_weight=217.514 134.496 69.3218 65.1746 43.4336 59.619 83.018 52.3204 18.2105 33.3882 26.2308 31.9383 18.2127 13.7256 13.2139 30.6976 16.2325 34.11 10.9862 24.3918 28.6223 14.4651 21.741 12.9956 15.2446 12.1781 12.2137 10.7323 22.8887 11.4952
internal_count=872 539 278 261 174 239 333 210 73 134 105 128 73 55 53 123 65 137 44 98 115 58 87 52 61 49 49 43 92 46
is_linear=0
shrinkage=0.03


Tree=5
num_leaves=31
num_cat=0
split_feature=20 40 4 32 29 37 27 15 16 37 15 25 33 33 21 19 10 13 23 14 24 16 22 22 33 38 32 24 34 7
split_gain=6.52925 6.00732 7.17493 7.54479 6.5477 4.89773 6.81935 4.76245 4.66726 4.04264 3.91344 5.29929 4.10838 4.66743 3.42566 4.36468 3.05687 2.93198 4.7939 4.38479 3.20864 3.37261 2.70794 2.27017 2.24385 2.13964 2.00067 1.97501 1.48946 1.12816
threshold=2.1769881633564419 177.50000000000003 -0.72222251297217199 1.0000000180025095e-35 0.16763351971025073 1.0000000180025095e-35 0.65733596477523215 1.0451728423234219 -1.442592901190288 -1.4387742367004954 0.19522146615207225 -0.50171273760157131 -0.82646956763360191 -0.17034047036979441 -0.87262441469359431 0.62196284213318032 0.20482166678196442 1.2630830260985582 -0.33206024147778196 -1.2839687444159111 1.0000000180025095e-35 0.39803984731839043 -0.9620630081102951 0.78165930488732172 0.79999129318935769 1.0000000180025095e-35 -0.78941923590613317 0.22799515166894416 0.86357988015659082 -0.33422753769525354
decision_type=2 2 2 2 2 2 2 2 2 2 2 2 2 2 2 2 2 2 2 2 2 2 2 2 2 2 2 2 2 2
left_child=1 4 3 -3 5 9 26 27 -4 -1 12 -12 -10 22 -8 -16 -13 18 23 24 -20 -22 -14 -11 -19 -5 -7 -6 -29 -28
right_child=-2 2 8 25 7 6 14 -9 10 17 11 16 13 -15 15 -17 -18 19 20 -21 21 -23 -24 -25 -26 -27 29 28 -30 -31
leaf_value=0.010789667383854628 0.025428317256364585 -0.029049242611732768 -0.010831406791721461 0.012959376492493487 -0.035672442912382279 0.033962663207353597 -0.023426466013350196 0.00098382335557223159 -0.0098645288584345552 -0.032864793212282327 0.038753856042790358 -0.0060882314603284251 0.03589844253286658 -0.0040372146924919101 -0.014283843668571624 0.019502016978686153 0.018455107860490719 -0.021708654938382026 0.010201394830478846 0.017472390519294469 -0.026635779599697429 0.0024419944998651578 0.0066391344112084758 -0.0063835784503467712 0.0023170587185401075 -0.0076285141807810597 0.018929460875293007 -3.9518694378141483e-05 -0.022421853648307153 0.0001756957263777698
leaf_weight=8.9639682471752149 7.2161643356084815 8.4936242699623126 6.9916981607675543 8.7223784625530225 8.9928579479456001 5.4590696990489951 4.9921549707651129 7.9863253086805335 9.4788760393857974 10.991062715649603 8.946554511785509 5.9719103425741222 5.9638702571392068 8.4818047881126386 4.9919269979000074 5.7303606569766998 10.434048220515249 5.7454561889171618 7.7388043701648774 6.7352802753448477 5.7452880889177305 5.9922989755868912 6.9619487971067437 5.7441578060388556 5.4924874007701874 6.4960244446992865 4.9712213426828376 5.4941227436065656 4.9941622912883759 6.4713750928640392
leaf_count=36 29 34 28 35 36 22 20 32 38 44 36 24 24 34 20 23 42 23 31 27 23 24 28 23 22 26 20 22 20 26
internal_value=0 -0.00106582 0.00488805 -0.00867956 -0.00532275 -0.00145025 0.00769239 -0.0178428 0.0101519 -0.00633412 0.0130781 0.0215845 0.00523432 0.0123899 -0.00603048 0.003459 0.00942443 -0.00948905 -0.0142449 0.000143938 -0.00326267 -0.0127431 0.0228841 -0.0253773 -0.0106051 0.00391651 0.0202289 -0.0253653 -0.0126697 0.0100364
internal_weight=217.391 210.175 86.9427 23.712 123.232 95.7649 32.6161 27.4675 63.2307 63.1488 56.239 25.3525 30.8865 21.4076 15.7144 10.7223 16.406 54.1848 36.2116 17.9732 19.4764 11.7376 12.9258 16.7352 11.2379 15.2184 16.9017 19.4811 10.4883 11.4426
internal_count=872 843 349 95 494 384 131 110 254 253 226 102 124 86 63 43 66 217 145 72 78 47 52 67 45 61 68 78 42 46
is_linear=0
shrinkage=0.03


Tree=6
num_leaves=31
num_cat=0
split_feature=20 40 4 32 29 37 16 35 15 16 12 37 12 39 34 30 33 36 32 34 16 12 32 26 15 36 12 34 25 12
split_gain=6.21704 5.70183 6.82274 7.16407 6.23735 4.66321 6.72934 4.58525 4.5411 4.44438 5.11936 3.84094 4.86813 3.72453 3.31532 2.91935 2.52566 2.22569 6.40699 4.11796 3.23289 2.11925 1.94136 1.91904 4.0214 1.73459 1.55285 0.913638 0.474279 0.503952
threshold=2.1769881633564419 177.50000000000003 -0.72222251297217199 1.0000000180025095e-35 0.16763351971025073 1.0000000180025095e-35 -0.65375029468656864 0.88546252370119072 1.0451728423234219 -1.442592901190288 -0.61400644209038058 -1.4387742367004954 1.6081829872820397 -0.7940192112026685 0.18346725881122627 0.75743635076325977 0.35641105841945947 1.0440879172561035 0.36686336271113745 1.0336080354929325 0.39803984731839043 1.8153616961593546 -0.50493700926220153 0.047222775696659551 -0.77615153518661273 0.90481816423188011 -0.623354595077249 0.35349541414756741 -0.50171273760157131 -0.43219544287791667
decision_type=2 2 2 2 2 2 2 2 2 2 2 2 2 2 2 2 2 2 2 2 2 2 2 2 2 2 2 2 2 2
left_child=1 4 3 -3 5 11 22 27 23 -4 -11 -1 15 14 -12 26 -17 18 20 -19 -15 25 -7 -6 -25 -5 -13 -8 -28 -30
right_child=-2 2 9 21 8 6 7 -9 -10 10 13 12 -14 17 -16 16 -18 19 -20 -21 -22 -23 -24 24 -26 -27 28 -29 29 -31
leaf_value=0.010518317749631884 0.024833395237946008 -0.028318827184837747 -0.010562306906167071 -0.00068913338093144229 -0.036983066881083937 0.0017928384020337968 0.032053212846458796 -0.0017021086455255333 0.00095900046643239737 0.030409281353826024 0.0018443381056691863 -0.0037271330813273278 0.0088755148942811155 0.0005624074440159977 0.030891453117626186 -0.013075765814898261 0.0087234776850901984 -0.025012473839086172 -0.01101097924990806 0.0075926586293718129 0.032880235609699875 -0.0098467910527643542 -0.021253156458543004 0.0020202369123837253 -0.029295519882083575 0.021381214450621175 -0.0083511195719431809 0.010349798893173997 -0.029551323855963277 -0.010516280624674685
leaf_weight=8.9581480771303159 7.2034912109374991 8.4900504499673861 6.9929299354553214 4.9902144223451597 7.2375842630863252 4.9873202443122864 8.9159308075904864 7.4752428680658332 7.9860835522413245 10.650435239076613 6.718760937452311 6.4881525784730867 9.483130067586897 4.9674888104200452 7.9516008347272873 8.2437352985143644 7.7336184829473487 5.2434370219707471 8.4673863649368268 5.7365519553422928 6.4471780359745026 4.990158647298812 5.4923124313354474 6.4911863505840337 5.743739768862719 5.2327572554349899 4.9959464222192755 5.7189340889453879 11.986375972628593 5.2427290678024407
leaf_count=36 29 34 28 20 29 20 36 30 32 43 27 26 38 20 32 33 31 21 34 23 26 20 22 26 23 21 20 23 48 21
internal_value=0 -0.00103793 0.00476411 -0.00846448 -0.00518632 -0.00140422 0.00751909 0.0166582 -0.017408 0.00990138 0.0127609 -0.00617102 -0.00924758 0.00766702 0.0193646 -0.0133864 -0.00233774 0.00128133 0.00725804 -0.00863185 0.0209794 0.00380388 -0.0109334 -0.0247566 -0.0138381 0.0113864 -0.0189146 0.0256946 -0.0225794 -0.0253856
internal_weight=217.263 210.059 86.8789 23.7032 123.18 95.7216 32.5897 22.1101 27.4586 63.1758 56.1828 63.1318 54.1737 45.5324 14.6704 44.6906 15.9774 30.862 19.8821 10.98 11.4147 15.2131 10.4796 19.4725 12.2349 10.223 28.7132 14.6349 22.2251 17.2291
internal_count=872 843 349 95 494 384 131 89 110 254 226 253 217 183 59 179 64 124 80 44 46 61 42 78 49 41 115 59 89 69
is_linear=0
shrinkage=0.03


Tree=7
num_leaves=31
num_cat=0
split_feature=20 40 29 1 32 23 36 25 16 1 15 19 37 16 12 39 25 12 37 27 12 34 41 40 31 24 31 27 38 24
split_gain=5.92302 5.42388 5.93529 5.54403 4.92137 4.55971 6.86679 4.51497 6.0195 5.30808 4.33279 4.18714 4.15451 4.08145 4.47142 4.65374 3.24225 3.0982 2.81748 3.79768 2.67132 2.28311 2.11357 2.10448 2.09747 1.80718 2.69168 0.980793 0.808338 0.367676
threshold=2.1769881633564419 177.50000000000003 0.16763351971025073 -0.67776303569108964 1.0000000180025095e-35 -0.67237181199161189 -0.83200092507020329 1.0000000180025095e-35 1.0000000180025095e-35 -0.3614745490766666 1.0451728423234219 0.33181888153928774 -1.0000000180025095e-35 -1.442592901190288 -0.5163027269196111 -0.7940192112026685 -0.50171273760157131 0.47711027073445628 1.0000000180025095e-35 -0.7327372387553257 -0.41353332866172648 0.18346725881122627 321.50000000000006 474.50000000000006 -1.7428991701075172 0.22799515166894416 0.76724272799436477 0.65733596477523215 1.0000000180025095e-35 0.49873292596125574
decision_type=2 2 2 2 2 2 2 2 2 2 2 2 2 2 2 2 2 2 2 2 2 2 2 2 2 2 2 2 2 2
left_child=1 2 5 4 -3 6 20 9 27 17 25 -11 22 -5 16 21 -15 -7 19 -17 24 -16 -10 -6 -1 -4 -27 -9 -18 -21
right_child=-2 3 10 13 23 7 -8 8 12 11 -12 -13 -14 14 15 18 28 -19 -20 29 -22 -23 -24 -25 -26 26 -28 -29 -30 -31
leaf_value=0.004462357319627009 0.024258039081785979 -0.024079546439862702 -0.034050347584889659 -0.010300407204983797 0.012056798496751557 -0.0035432604161837349 -0.026718751108149575 -0.013288328684670423 -0.0017743933353682037 0.0010610448643509662 0.00093480351238106054 -0.026069971606829778 0.039794655163280963 0.039631612580921821 0.0024868692674333464 -0.025494927434001974 0.017141791521254716 0.023930963604266484 0.010442427898377628 0.0068952979941469435 0.01231701277697856 0.02878419393510729 0.021167521843210545 -0.0081548204630799027 -0.015253234815104712 0.0029630553166016356 -0.024201176621155934 0.0027016544280976653 0.00021764569427541795 -0.0027569303075099753
leaf_weight=6.9710067957639721 7.1889100223779669 8.2317865490913409 8.9707222133874946 6.9937372356653205 8.4735198467969877 6.2277441471815127 11.975040599703787 4.9890891164541262 6.7309895902872103 8.4660703390836733 7.9858442544937125 9.7145037502050382 6.1949850618839255 6.4254833310842541 5.7213563472032494 5.9763918071985254 6.2037873119115812 5.7284696400165558 8.9521156102418882 5.2085470259189677 8.4717578738927859 7.4381168484687805 4.9882699251174927 6.9820343554019919 9.7198706269264203 4.991916209459303 5.4928577542304993 5.4899426847696304 4.9546189606189728 5.2420386970043182
leaf_count=28 29 33 36 28 34 25 48 20 27 34 32 39 25 26 23 24 25 23 36 21 34 30 20 28 39 20 22 22 20 21
internal_value=0 -0.00101477 -0.00506216 0.00464596 -0.00727579 -0.00137007 -0.00943516 0.00375521 0.0120967 -0.00411497 -0.0169883 -0.0140132 0.0220949 0.00927806 0.0120266 0.00568054 0.0240811 0.0103746 -0.00177813 -0.00908909 0 0.0191845 0.00883072 0.00265867 -0.00700014 -0.0241718 -0.0120152 -0.00512101 0.0110173 0.00181331
internal_weight=217.102 209.913 123.109 86.8035 23.6873 95.6677 37.1377 58.5301 28.3933 30.1368 27.4413 18.1806 17.9142 63.1162 56.1225 38.5386 17.5839 11.9562 25.3791 16.427 25.1626 13.1595 11.7193 15.4556 16.6909 19.4555 10.4848 10.479 11.1584 10.4506
internal_count=872 843 494 349 95 384 149 235 114 121 110 73 72 254 226 155 71 48 102 66 101 53 47 62 67 78 42 42 45 42
is_linear=0
shrinkage=0.03


Tree=8
num_leaves=25
num_cat=0
split_feature=20 40 4 32 30 35 29 16 12 24 9 14 13 39 16 32 34 33 33 29 30 12 35 33
split_gain=5.63765 5.14787 6.24191 6.54694 5.83652 5.09121 5.13146 4.0468 4.73076 3.77267 4.35945 4.44185 5.65323 3.40396 3.11175 3.07241 3.00894 2.74196 2.09452 2.34692 3.37716 2.02251 1.5055 1.20367
threshold=2.1769881633564419 177.50000000000003 -0.72222251297217199 1.0000000180025095e-35 -1.2441414722417108 -0.37588098063674408 0.16763351971025073 -1.442592901190288 -0.61400644209038058 0.76947070025356712 1.584863099897732 -1.267754325373742 1.2630830260985582 -0.7940192112026685 0.66098738281963032 -1.1197856926539245 0.18346725881122627 0.57820117580440855 1.0000000180025095e-35 -0.20994819474786938 -1.0217439363522696 1.8153616961593546 -0.76398667427918543 -0.82646956763360191
decision_type=2 2 2 2 2 2 2 2 2 2 2 2 2 2 2 2 2 2 2 2 2 2 2 2
left_child=1 4 3 -3 -1 22 9 -4 -9 10 11 -7 17 16 -8 -12 -10 -13 19 -15 -21 23 -6 -5
right_child=-2 2 7 21 5 6 14 8 13 -11 15 12 -14 18 -16 -17 -18 -19 -20 20 -22 -23 -24 -25
leaf_value=-0.0294590746619466 0.023701142570766335 -0.027112313152845482 -0.010045469644188492 0.019675240304812752 0.000116254894024558 -0.026918120930215412 -0.0043772110347379076 0.029210634868799386 0.0017687096658005783 0.015767827092478794 -0.0038903639968203888 -0.0036035207356536624 0.01557058079271539 -0.0074268834522310569 -0.035222778215819442 0.021721641863091445 0.029519642566380216 -0.019265812981188631 -0.012079822584999626 -0.00083231652841085646 0.023985726197466622 -0.0097111451734103738 0.018170600127142444 0
leaf_weight=6.7298091202974311 7.1725803315639487 8.4754645228385943 6.9941497892141333 4.9794538319110861 7.7241234034299877 8.4797708094119937 6.2293487787246686 10.592721581459044 6.7175591737031883 7.2146521657705298 6.9839589446783066 33.370568320155151 8.7055253684520704 7.2106074690818813 6.4783742874860764 6.9727865159511548 7.9128926992416382 14.462479650974272 6.4780488461256018 9.2099477052688616 7.9388730823993745 4.9900204241275778 9.7047452926635724 5.2352386862039557
leaf_count=27 29 34 28 20 31 34 25 43 27 29 28 134 35 29 26 28 32 58 26 37 32 20 39 21
internal_value=0 -0.000978038 0.0045384 -0.00811276 -0.00492225 -0.00309484 -0.00579022 0.00946058 0.0121968 -0.00290193 -0.00494415 -0.00825212 -0.00472584 0.00729898 -0.022583 0.00938342 0.0184992 -0.00890249 0.00118804 0.00544449 0.0113404 0.00360241 0.0111295 0.0110291
internal_weight=216.964 209.791 86.735 23.6802 123.056 116.326 98.8975 63.0548 56.0607 86.1897 78.9751 65.0183 56.5386 45.4679 12.7077 13.9567 14.6305 47.833 30.8375 24.3594 17.1488 15.2047 17.4289 10.2147
internal_count=872 843 349 95 494 467 397 254 226 346 317 261 227 183 51 56 59 192 124 98 69 61 70 41
is_linear=0
shrinkage=0.03


Tree=9
num_leaves=31
num_cat=0
split_feature=20 41 10 38 36 24 26 15 7 26 2 34 24 25 40 39 35 40 24 35 12 31 41 16 34 2 39 31 40 36
split_gain=5.37217 5.05659 8.41229 7.63668 5.55431 5.45617 4.35471 3.70242 3.66304 5.48376 4.40661 3.55754 3.50515 3.56851 3.61633 3.31661 3.12124 2.9959 2.91002 3.54139 2.89217 2.80475 3.64726 3.59107 5.57846 2.63997 2.35663 2.16726 1.93881 0.377072
threshold=2.1769881633564419 278.00000000000006 0.5903822969660969 1.0000000180025095e-35 1.0440879172561035 1.0000000180025095e-35 -1.1977013761576047 -1.3832596610232908 -0.34930958812935253 0.3345129645861053 -0.19751470906075091 0.92025593193537136 1.31094624883819 1.6347178455222153 510.50000000000006 1.0000000180025095e-35 1.0795153705224116 687.00000000000011 0.76947070025356712 -0.11838778004704727 -0.44312979044534823 -1.049779680092586 495.00000000000006 -0.65375029468656864 -0.26994115541901703 0.91609773633220404 1.0000000180025095e-35 0.41930226687133126 300.00000000000006 -0.54498733352028339
decision_type=2 2 2 2 2 2 2 2 2 2 2 2 2 2 2 2 2 2 2 2 2 2 2 2 2 2 2 2 2 2
left_child=1 2 4 5 7 -4 25 28 10 21 -8 -6 13 14 16 -13 20 -16 19 -7 -9 22 -10 29 26 -3 -25 -5 -1 -23
right_child=-2 6 3 27 11 18 8 12 9 -11 -12 15 -14 -15 17 -17 -18 -19 -20 -21 -22 23 -24 24 -26 -27 -28 -29 -30 -31
leaf_value=-0.015018428842714013 0.023161689305394969 -0.035954270741062853 -0.01428082706575692 -0.031441457793519388 -0.020257121541927818 0.035310595786544115 -0.0069897062414303029 0.033816172028329781 -0.0080431102674629138 -0.027680291038953444 0.027219231955174422 0.01388310957273892 -0.0054327526073960596 -0.0050582933800212629 -0.011328884553918353 -0.013325139511490718 0.0015118842634614209 0.015364760917096581 -0.0036462179645549912 0.00065447702151571455 0.010509462707459337 -0.027004285481432057 0.020898800614704387 0.0001204951439708864 0.017596462305955941 -0.0070481935517529622 -0.02526723630969319 -0.0086194441846015723 0.0067258683205152145 -0.0084574473912518242
leaf_weight=5.2276102900505048 7.1546525210142127 5.4779348671436292 8.9554096907377261 9.4708392918109912 7.4823718965053585 5.4629266560077658 5.2348965555429459 21.30484069883823 5.4795638173818499 7.9767056554555884 5.4807206094264966 8.9462627321481687 5.9624361097812644 4.9754102081060401 4.9653948247432691 4.9829959422349921 5.4757442176342002 7.431096151471138 5.2196337878704062 4.968020796775817 9.4410753250122124 4.9895072877407074 7.4716712683439255 5.7190138995647395 8.2013348340988337 7.4799535274505615 4.9854288697242737 9.4664634019136411 6.4395035058259964 4.99036000669002
leaf_count=21 29 22 36 38 30 22 21 86 22 32 22 36 24 20 20 20 22 30 21 20 38 20 30 23 33 30 20 38 26 20
internal_value=0 -0.000953645 0.00243504 -0.00819609 0.00754696 0.0026923 -0.00723629 0.0115472 -0.00348948 -0.00700369 0.0112098 -0.0053823 0.014534 0.0169517 0.0194078 0.00341169 0.0240897 0.00417216 0.0131539 0.021465 0.0276673 -0.00210136 0.00867467 -0.00732011 0.000377842 -0.0221456 -0.0128641 -0.0217966 -0.00316228 -0.0205696
internal_weight=216.82 209.665 136.178 43.5433 92.6347 24.606 73.4871 71.2231 60.5292 49.8136 10.7156 21.4116 59.556 53.5936 48.6182 13.9293 36.2217 12.3965 15.6506 10.4309 30.7459 41.8369 12.9512 28.8856 18.9058 12.9579 10.7044 18.9373 11.6671 9.97987
internal_count=872 843 548 175 373 99 295 287 243 200 43 86 240 216 196 56 146 50 63 42 124 168 52 116 76 52 43 76 47 40
is_linear=0
shrinkage=0.03


Tree=10
num_leaves=31
num_cat=0
split_feature=20 41 4 33 27 25 0 35 21 36 28 1 23 35 41 15 9 20 2 32 24 21 19 10 0 36 35 41 16 2
split_gain=5.12867 4.80992 9.27368 7.9823 6.47462 4.9644 4.77587 4.25653 7.48539 7.31453 4.15417 3.97244 3.29612 4.31196 3.12612 4.98291 3.70155 3.53539 3.05465 2.67603 2.37213 2.22279 2.19996 4.09407 1.95979 1.82552 1.69051 1.46394 1.11841 0.199051
threshold=2.1769881633564419 278.00000000000006 -0.60039679843271276 -0.53074941112033658 -1.4856935573343777 -0.50171273760157131 1.0303214067119744 -0.4729074040473546 1.406335656881851 1.0440879172561035 -0.47228125036124902 -0.3736394908695288 -0.67237181199161189 -0.22495098866468347 449.50000000000006 -0.53330828485194148 1.584863099897732 -0.35084405799719887 -0.19751470906075091 0.36686336271113745 0.22799515166894416 -0.54705869018281639 -0.82875696083628203 0.29271020485468746 -0.58679321218889535 -0.83200092507020329 0.18471613240233789 656.50000000000011 0.39803984731839043 1.2745894139587033
decision_type=2 2 2 2 2 2 2 2 2 2 2 2 2 2 2 2 2 2 2 2 2 2 2 2 2 2 2 2 2 2
left_child=1 2 3 6 5 -4 10 8 22 12 -1 18 24 -14 15 -13 17 25 -3 -15 28 -19 -6 -24 -9 -16 -12 -23 -5 -17
right_child=-2 11 4 20 7 -7 -8 9 -10 -11 26 14 13 19 16 29 -18 21 -20 -21 -22 27 23 -25 -26 -27 -28 -29 -30 -31
leaf_value=-0.005439024510486847 0.022638741098503879 -0.00682582203871586 0.0069890439193373384 -0.03822569876934339 0.038061765724000288 -0.022610108057585798 -0.018409517794133575 0.0081794254959232805 -0.0075604272114911959 -0.021654871985149458 0.033364293745707742 -0.001494092618215883 -0.0060660207800005894 0.030968338413272511 -0.007558939677325939 -0.017518599839304733 0.011008589199772632 -0.0019605289651233454 0.021036328556109533 0.0058345942017550053 -0.0056274044732168077 -0.0090952293298271498 0.0021126948038337049 0.033625251228079196 -0.012077824544658418 0.013632604058285126 0.0058756505234128058 -0.032541985684119819 -0.013867429981421462 -0.040168715260057726
leaf_weight=6.7274406850338027 7.1352676898241034 5.2357662618160248 8.6875249296426791 6.4697712659835833 10.150891378521923 8.7102773338556272 4.9790573120117179 7.7003432363271713 6.2126921713352194 6.2305496335029593 4.9671410322189331 9.204642131924631 4.9605223089456549 11.879975378513342 5.4816199392080307 6.4717903435230237 8.7191171050071699 7.7212831228971437 5.9706686139106733 7.4263862520456305 7.7139237821102133 6.9719692170620053 9.4311721175909025 5.429066240787507 6.4702862948179227 5.960112705826754 4.9696972817182541 6.7279434055089951 6.9696513563394547 4.9872971475124359
leaf_count=27 29 21 35 26 41 35 20 31 25 25 20 37 20 48 22 26 35 31 24 30 31 28 38 22 26 24 20 27 28 20
internal_value=0 -0.000949134 0.00235644 -0.00894408 0.00766336 -0.00813081 0.00361917 0.011449 0.0197785 0.00504317 0.0115081 -0.00707808 0.0101718 0.0165813 -0.0100665 -0.0193214 -0.0048155 -0.00948579 0.00827756 0.0227064 -0.0214517 -0.0163555 0.0268393 0.0160197 -0.000957855 0.00331695 0.0227148 -0.0230796 -0.0286559 -0.031348
internal_weight=216.674 209.539 136.086 42.7967 93.2897 17.3978 21.6433 75.8919 31.2238 44.6681 16.6643 73.4522 38.4375 24.2669 62.2458 20.6637 41.582 32.8629 11.2064 19.3064 21.1533 21.4212 25.0111 14.8602 14.1706 11.4417 9.93684 13.6999 13.4394 11.4591
internal_count=872 843 548 172 376 70 87 306 126 180 67 295 155 98 250 83 167 132 45 78 85 86 101 60 57 46 40 55 54 46
is_linear=0
shrinkage=0.03


Tree=11
num_leaves=30
num_cat=0
split_feature=20 40 30 4 32 35 29 16 12 39 12 16 34 30 37 16 30 37 23 2 4 32 30 35 19 12 35 0 33
split_gain=4.89428 4.68078 5.54524 5.47927 5.98958 4.6452 4.71659 3.78518 4.37314 3.22161 3.19625 2.96453 2.87451 2.75465 3.57288 4.83267 4.35787 5.79666 3.33196 3.2649 2.4208 2.33089 2.51216 5.33763 1.94814 1.91679 1.477 1.25495 1.08137
threshold=2.1769881633564419 177.50000000000003 -1.2441414722417108 -0.72222251297217199 1.0000000180025095e-35 -0.37588098063674408 0.16763351971025073 -1.442592901190288 -0.61400644209038058 -0.7940192112026685 2.2255420176316947 0.66098738281963032 0.18346725881122627 1.091032654597422 1.0000000180025095e-35 0.13509231181715065 0.75743635076325977 -1.4387742367004954 -0.67237181199161189 0.30284814311580971 -0.1130939402748766 -0.19063003305076082 -0.1877531767668654 -1.0927984425040316 0.62196284213318032 1.8153616961593546 -0.76398667427918543 -0.61108320543576022 -0.82646956763360191
decision_type=2 2 2 2 2 2 2 2 2 2 2 2 2 2 2 2 2 2 2 2 2 2 2 2 2 2 2 2 2
left_child=1 2 -1 4 -3 26 10 -5 -9 12 13 -8 -10 14 16 -16 17 -7 -15 -17 21 -11 23 -23 -18 28 -4 -20 -6
right_child=-2 3 5 7 25 6 11 8 9 20 -12 -13 -14 18 15 19 24 -19 27 -21 -22 22 -24 -25 -26 -27 -28 -29 -30
leaf_value=-0.028630248059947662 0.022131432320293735 -0.02575077351431353 0 -0.0098919186567491702 0.019088861596149909 0.014764625586086091 -0.0039202497250160565 0.02802709830352082 0.0014986764133021382 0.018440892068846013 0.015317583850597677 -0.03395338835562061 0.02860284072625115 -0.027528648061753459 -0.010074551771836259 0 -0.002231573801986316 -0.016774424332681327 -0.01135040878588406 0.030782431519497628 -0.015359249393763111 -0.01266108662892905 -0.013161025933880762 0.023368884374302464 0.020944824793074735 -0.0093117427643351052 0.017641654212529671 0.0066559495242807182 0
leaf_weight=6.719145491719245 7.114558517932891 8.4418861865997332 7.7155000716447857 6.9889244437217704 4.9693097919225684 4.9752054214477459 6.2190760821104032 10.513852685689924 6.7104804813861794 6.662422567605975 6.4665851444005957 6.4573370516300201 7.8754268735647202 7.7309139668941524 6.2285791039466885 4.9424366652965528 5.2291454225778562 27.663207933306701 5.2260543406009683 7.1632170826196671 4.973868250846869 5.2220178991556185 7.2187845408916465 6.7040286660194397 4.9866111576557159 4.9903127998113623 9.6893479824066144 5.4858789294958088 5.2351183891296378
leaf_count=27 29 34 31 28 20 20 25 43 27 27 26 26 32 31 25 20 21 111 21 29 20 21 29 27 20 20 39 22 21
internal_value=-5.1012e-06 -0.000937697 -0.00470069 0.00432915 -0.00752561 -0.00291846 -0.00549689 0.00895081 0.011609 0.0069008 -0.0027256 -0.0216161 0.0178087 -0.00452089 -0.00122551 0.00927298 -0.00601404 -0.0113535 -0.0142387 0.0196818 0.000958808 0.00499447 -0.000394152 0.00749371 0.00980256 0.00364444 0.0106721 -0.00195266 0.0108744
internal_weight=216.519 209.405 122.898 86.5064 23.6366 116.179 98.7742 62.8698 55.8809 45.367 86.0978 12.6764 14.5859 79.6313 61.1884 18.3342 42.8542 32.6384 18.4428 12.1057 30.7811 25.8073 19.1448 11.926 10.2158 15.1947 17.4048 10.7119 10.2044
internal_count=872 843 494 349 95 467 397 254 226 183 346 51 59 320 246 74 172 131 74 49 124 104 77 48 41 61 70 43 41
is_linear=0
shrinkage=0.03


Tree=12
num_leaves=30
num_cat=0
split_feature=37 33 37 28 33 18 16 40 1 1 36 37 41 39 29 35 34 26 35 33 3 5 15 28 16 1 22 38 15
split_gain=4.10653 4.96181 5.97435 5.05429 5.08603 4.66252 5.33833 4.53413 4.30613 3.84618 5.93215 3.83008 5.65307 4.37423 3.76469 4.26887 3.47504 4.62525 4.15386 3.26574 2.57376 2.43966 2.27973 2.83011 2.00277 1.70562 1.7847 1.17541 0.493237
threshold=1.0000000180025095e-35 -0.17034047036979441 -1.4387742367004954 -0.29543576763502744 0.35641105841945947 1.0000000180025095e-35 -0.65375029468656864 177.50000000000003 -0.3614745490766666 -0.67776303569108964 0.90481816423188011 -0.54134137947386307 199.00000000000003 1.0000000180025095e-35 0.16763351971025073 0.88546252370119072 0.35349541414756741 -0.14430401689630415 -0.4729074040473546 -0.3089592937353875 -0.30193315778421903 -0.72805365269133571 -1.1404164106886194 -0.76081861691455754 0.13509231181715065 -0.58044350134819045 0.49889352440122176 1.0000000180025095e-35 -0.53330828485194148
decision_type=2 2 2 2 2 2 2 2 2 2 2 2 2 2 2 2 2 2 2 2 2 2 2 2 2 2 2 2 2
left_child=1 2 -1 22 28 19 16 8 20 -9 -11 13 -13 -6 15 25 17 -7 -18 -2 -4 -16 -3 -24 -10 -8 -27 -14 -5
right_child=5 3 7 4 11 6 14 9 24 10 -12 12 27 -15 21 -17 18 -19 -20 -21 -22 -23 23 -25 -26 26 -28 -29 -30
leaf_value=0.022477746134666781 0.0045965928080374703 -0.0026576688404972904 0.016619230603746031 -0.0082078531214024118 -0.02140352486900942 0.001999169151132935 0.010853143755588769 -0.0095881039829586925 -0.0054403289488253164 0.023315467686923788 -0.0053321146215606317 0.029734142810485076 -0.010953220487185458 0.0094759499824492253 0.01103126408974886 0.0017866208398162138 0.023956657746297579 -0.031600221869711141 -0.0065310562186149191 -0.02209860495388383 -0.0090317305100313938 -0.012348648463785096 -0.0063237135031789073 -0.03535733121175904 -0.029327745456714002 0.04180070191373849 0.011933747451285457 0.0064698975775883787 -0.025830385646427409
leaf_weight=9.6262419074773771 6.4543401300907135 5.97745153307915 5.2246695905923843 6.2311273813247681 7.70755787193775 7.4676829427480698 7.1803689599037162 8.9687231481075234 6.9872388690710059 14.451047644019132 9.7139640897512418 7.4464642256498399 5.2400593906640989 5.9743225127458572 7.8993208408355713 8.922117352485655 5.9530508667230606 4.9824803322553652 7.2189995199441892 7.2077606022357923 5.7346825301647204 5.4591530561447126 5.9754827916622171 9.6843784600496257 8.1985447704792005 8.8255447000265175 4.9094812721014014 5.4670744985342026 5.2232320606708509
leaf_count=39 26 24 21 25 31 30 29 36 28 59 39 30 21 24 32 36 24 20 29 29 23 22 24 39 33 36 20 22 21
internal_value=0 -0.00325909 0.00226741 -0.00913326 -0.0028154 0.00518578 0.00840991 -0.00138956 -0.0104971 0.00576712 0.0119272 0.00333034 0.0120724 -0.00792049 0.0146922 0.0203888 -0.00218692 -0.012969 0.00787933 -0.00988428 0.00324392 0.000790812 -0.0205121 -0.0261495 -0.0201735 0.0274059 0.0337449 -0.00186359 -0.0187674
internal_weight=216.313 133.832 68.9051 64.9272 43.2898 82.4803 68.8182 59.2789 26.1451 33.1337 24.165 31.8355 18.1536 13.6819 43.196 29.8375 25.6222 12.4502 13.1721 13.6621 10.9594 13.3585 21.6373 15.6599 15.1858 20.9154 13.735 10.7071 11.4544
internal_count=872 539 278 261 174 333 278 239 105 134 98 128 73 55 175 121 103 50 53 55 44 54 87 63 61 85 56 43 46
is_linear=0
shrinkage=0.03


end of trees

feature_importances:
Column_33=25
Column_37=25
Column_16=23
Column_32=21
Column_12=20
Column_35=19
Column_40=16
Column_15=15
Column_34=14
Column_36=13
Column_20=12
Column_29=12
Column_1=11
Column_24=11
Column_30=10
Column_41=10
Column_27=9
Column_0=8
Column_21=8
Column_25=8
Column_28=8
Column_39=8
Column_4=7
Column_7=7
Column_23=7
Column_26=7
Column_22=6
Column_2=5
Column_14=5
Column_19=5
Column_31=5
Column_38=5
Column_10=3
Column_9=2
Column_13=2
Column_17=2
Column_3=1
Column_5=1
Column_6=1
Column_11=1
Column_18=1

parameters:
[boosting: gbdt]
[objective: binary]
[metric: binary_logloss]
[tree_learner: serial]
[device_type: cpu]
[data_sample_strategy: bagging]
[data: ]
[valid: ]
[num_iterations: 900]
[learning_rate: 0.03]
[num_leaves: 96]
[num_threads: 2]
[seed: 42]
[deterministic: 0]
[force_col_wise: 1]
[force_row_wise: 0]
[histogram_pool_size: -1]
[max_depth: 10]
[min_data_in_leaf: 20]
[min_sum_hessian_in_leaf: 0.001]
[bagging_fraction: 0.85]
[pos_bagging_fraction: 1]
[neg_bagging_fraction: 1]
[bagging_freq: 0]
[bagging_seed: 400]
[bagging_by_query: 0]
[feature_fraction: 0.8]
[feature_fraction_bynode: 1]
[feature_fraction_seed: 30056]
[extra_trees: 0]
[extra_seed: 12879]
[early_stopping_round: 0]
[early_stopping_min_delta: 0]
[first_metric_only: 0]
[max_delta_step: 0]
[lambda_l1: 0.2]
[lambda_l2: 1.5]
[linear_lambda: 0]
[min_gain_to_split: 0]
[drop_rate: 0.1]
[max_drop: 50]
[skip_drop: 0.5]
[xgboost_dart_mode: 0]
[uniform_drop: 0]
[drop_seed: 17869]
[top_rate: 0.2]
[other_rate: 0.1]
[min_data_per_group: 100]
[max_cat_threshold: 32]
[cat_l2: 10]
[cat_smooth: 10]
[max_cat_to_onehot: 4]
[top_k: 20]
[monotone_constraints: ]
[monotone_constraints_method: basic]
[monotone_penalty: 0]
[feature_contri: ]
[forcedsplits_filename: ]
[refit_decay_rate: 0.9]
[cegb_tradeoff: 1]
[cegb_penalty_split: 0]
[cegb_penalty_feature_lazy: ]
[cegb_penalty_feature_coupled: ]
[path_smooth: 0]
[interaction_constraints: ]
[verbosity: -1]
[saved_feature_importance_type: 0]
[use_quantized_grad: 0]
[num_grad_quant_bins: 4]
[quant_train_renew_leaf: 0]
[stochastic_rounding: 1]
[linear_tree: 0]
[max_bin: 255]
[max_bin_by_feature: ]
[min_data_in_bin: 3]
[bin_construct_sample_cnt: 200000]
[data_random_seed: 175]
[is_enable_sparse: 1]
[enable_bundle: 1]
[use_missing: 1]
[zero_as_missing: 0]
[feature_pre_filter: 1]
[pre_partition: 0]
[two_round: 0]
[header: 0]
[label_column: ]
[weight_column: ]
[group_column: ]
[ignore_column: ]
[categorical_feature: ]
[forcedbins_filename: ]
[precise_float_parser: 0]
[parser_config_file: ]
[objective_seed: 16083]
[num_class: 1]
[is_unbalance: 0]
[scale_pos_weight: 1]
[sigmoid: 1]
[boost_from_average: 1]
[reg_sqrt: 0]
[alpha: 0.9]
[fair_c: 1]
[poisson_max_delta_step: 0.7]
[tweedie_variance_power: 1.5]
[lambdarank_truncation_level: 30]
[lambdarank_norm: 1]
[label_gain: ]
[lambdarank_position_bias_regularization: 0]
[eval_at: ]
[multi_error_top_k: 1]
[auc_mu_weights: ]
[num_machines: 1]
[local_listen_port: 12400]
[time_out: 120]
[machine_list_filename: ]
[machines: ]
[gpu_platform_id: -1]
[gpu_device_id: -1]
[gpu_device_id_list: ]
[gpu_use_dp: 0]
[num_gpu: 1]

end of parameters

pandas_categorical:null
