tree
version=v4
num_class=1
num_tree_per_iteration=1
label_index=0
max_feature_idx=42
objective=binary sigmoid:1
feature_names=Column_0 Column_1 Column_2 Column_3 Column_4 Column_5 Column_6 Column_7 Column_8 Column_9 Column_10 Column_11 Column_12 Column_13 Column_14 Column_15 Column_16 Column_17 Column_18 Column_19 Column_20 Column_21 Column_22 Column_23 Column_24 Column_25 Column_26 Column_27 Column_28 Column_29 Column_30 Column_31 Column_32 Column_33 Column_34 Column_35 Column_36 Column_37 Column_38 Column_39 Column_40 Column_41 Column_42
feature_infos=[-1.1221174426290814:14.796817747099432] [-0.98205752956130532:11.75779474770764] [-1.2253286461464408:11.986922023782878] [-1.114098946481348:14.664278488304392] [-0.99416336095417934:11.740541404054714] [-1.2207753437296074:11.863089058822851] [-2.2925881300809516:6.9078679063263451] [-1.3723092683186646:8.7012525515149353] [-2.7496102142940826:5.4401462499107902] [-3.3184767668256758:3.579965315505512] [-6.4053816666669379:1.7516410835383867] [-2.4416880956504108:4.7934281579159377] [-1.6209608372695248:3.3776811695471336] [-3.3075671896241792:3.7295973827262738] [-2.4110141536874785:4.8606331835854197] [-1.7239021933140395:1.7001426243744966] [-1.5826881702657707:1.4737143272517972] [-3.7511582957287151:0.97437933743330463] [-2.0181468397187183:0.49550408340919955] [-2.5387433153554269:2.0336235284984712] [-2.1740061751953319:5.1539777255063388] [-2.2690405254782919:4.1971587208419843] [-3.0914040906031768:3.0238356839807086] [-1.8219782239548037:3.1744901908010452] [-2.193325270368585:4.1607671227577097] [-2.3861191927907983:3.7652385813662597] [-3.3328143803757797:3.8523113252426677] [-3.3013501946948689:2.6164717493098575] [-2.0990476213440892:6.2770193607568885] [-2.2200063486073116:4.3076470468928418] [-2.9019799995812616:3.4606233482000675] [-2.4389270991951464:3.5038606765885874] [-2.8243886170026062:4.0208832895593174] [-2.7620192658942559:3.3899622548273225] [-3.765115272518456:4.4049693808999608] [-2.9677006558407708:3.2523573231534395] [-3.1711635877067228:4.0082621281019151] [-1.5269763183039413:2.4412065366267921] [-1.1909618102999018:3.8745264134210782] [-1.1853723641350722:3.9232678246594417] [4:809] [4:809] [0:1]
tree_sizes=3160 2464 3176 3806 3703 3721 2996 3519 3611 2682 3099 3224 3094 3502

Tree=0
num_leaves=29
num_cat=0
split_feature=15 25 28 12 1 26 38 12 20 40 20 12 3 40 25 32 33 16 22 27 26 12 15 33 2 31 25 28
split_gain=21.9465 10.2499 8.94025 16.7747 5.81048 5.10422 9.28537 9.04388 5.89194 5.37123 5.62696 5.07764 4.96314 4.46101 4.10722 4.06998 4.29978 3.4978 3.43689 3.1068 3.08378 2.94319 1.9951 1.81018 1.76361 1.51123 0.915042 0.599101
threshold=-1.5467964268818737 1.3370710389358427 1.1583117605840691 -0.22365650260399042 0.60246159742402017 0.82108641818488548 1.0000000180025095e-35 0.21788412180587982 -1.1053418563430046 353.00000000000006 -0.54556530837273842 -0.39297466363501915 -0.60033314105738145 469.00000000000006 -0.36264624076545005 -0.23839700785699022 1.0829691845567309 0.77907739599780468 0.18461721720961882 0.74249480037502769 1.2701567747860387 -0.27423437669134926 0.34233174839455988 0.14918627516149094 -1.0000000180025095e-35 1.0000000180025095e-35 1.0000000180025095e-35 -0.33076681401166058
decision_type=2 2 2 2 2 2 2 2 2 2 2 2 2 2 2 2 2 2 2 2 2 2 2 2 2 2 2 2
left_child=-1 2 4 24 5 6 8 11 26 10 22 -7 -10 -11 25 16 -3 23 -16 21 -13 -6 -8 -12 -4 -14 -2 -15
right_child=1 15 3 -5 19 7 9 -9 12 13 17 20 14 27 18 -17 -18 -19 -20 -21 -22 -23 -24 -25 -26 -27 -28 -29
leaf_value=-0.79067215849464356 -0.73587833389103785 -0.72719797751885662 -0.73285724056874157 -0.77374865429297834 -0.75855451019791398 -0.75379329152682928 -0.75408744259823612 -0.76686794784638967 -0.74190806902699913 -0.71161495390960239 -0.72561063122158465 -0.71230487916643792 -0.7664574362780282 -0.73999751965010041 -0.76808173654846235 -0.71475175986360662 -0.76225491664231604 -0.75924962569846088 -0.74877945445301008 -0.7516478861881799 -0.74176261275103172 -0.78808689440438329 -0.78015146476274744 -0.7502687797881793 -0.70420211279097122 -0.7894758286012421 -0.75226236812752589 -0.75332091536579027
leaf_weight=11.103626623749731 5.4429542273282987 4.5720815509557742 9.3618812710046768 5.6606723964214316 6.7492632418870935 6.5315450727939632 5.8783905655145663 8.0555722564458829 5.6606723964214316 5.2252360582351676 7.4024177491664904 8.4910085946321541 8.9264449328184146 4.3543633818626395 23.295844092965126 8.0555722564458829 5.0075178891420364 6.0961087346076956 11.103626623749731 5.8783905655145636 7.8378540873527518 7.1846995800733575 4.7897997200489044 5.0075178891420364 5.6606723964214334 8.926444932818411 5.4429542273283005 4.3543633818626395
leaf_count=51 25 21 43 26 31 30 27 37 26 24 34 39 41 20 107 37 23 28 51 27 36 33 22 23 26 41 25 20
internal_value=-0.752262 -0.749871 -0.752087 -0.734183 -0.754471 -0.752262 -0.755291 -0.741792 -0.762088 -0.744612 -0.752262 -0.732354 -0.765899 -0.7303 -0.768827 -0.728975 -0.744937 -0.742407 -0.761799 -0.769083 -0.724035 -0.776173 -0.768278 -0.733841 -0.718314 -0.780269 -0.743098 -0.746424
internal_weight=212.057 200.954 183.319 20.6832 162.635 142.823 111.907 30.916 68.7989 43.1082 29.1742 22.8604 57.913 13.934 52.2524 17.6352 9.5796 18.506 34.3995 19.8124 16.3289 13.934 10.6682 12.4099 15.0226 17.8529 10.8859 8.70873
internal_count=974 923 842 95 747 656 514 142 316 198 134 105 266 64 240 81 44 85 158 91 75 64 49 57 69 82 50 40
is_linear=0
shrinkage=1


Tree=1
num_leaves=22
num_cat=0
split_feature=15 25 30 23 12 41 3 0 20 31 14 22 29 12 15 30 30 21 34 34 27
split_gain=21.0647 9.66671 8.32584 7.91002 5.92479 5.53708 4.78703 5.95482 5.91463 5.58792 4.55873 4.55505 5.45294 7.64569 3.89384 3.20229 3.11841 3.05244 2.82536 1.45556 1.06482
threshold=-1.5467964268818737 1.3370710389358427 1.3623179888253745 -1.3223313824792184 -0.22365650260399042 117.00000000000001 0.77455170070701229 0.072691030037483742 -1.4106745188722412 1.1927765415615799 1.6534779466517158 -0.79818917513421994 0.45800530082864871 -0.18867216907337622 -0.95644387210798831 -1.0744237188355601 -1.0744237188355601 -1.0000000180025095e-35 -1.1390166339196786 0.44758462690041528 1.5315377262423244
decision_type=2 2 2 2 2 2 2 2 2 2 2 2 2 2 2 2 2 2 2 2 2
left_child=-1 2 5 -3 20 19 7 8 -7 10 -8 15 13 -13 -14 -10 -9 -18 -5 -2 -4
right_child=1 3 4 18 -6 6 9 16 11 -11 -12 12 14 -15 -16 -17 17 -19 -20 -21 -22
leaf_value=-0.037869551233257602 -0.0052777960725184959 -0.0050337792302237259 0.016108496555686049 0.010023609095147996 -0.0072356976736971208 0.026892756680804392 0.020498921618355082 0.0020688482014827579 0.0021957010546623233 0.036870306352001767 -0.01136600054974729 0.0044148530366208451 -0.0040754122557809204 -0.015738166698116052 0.022152613650053062 -0.02366369441353668 -0.0046741092044903206 -0.032119389187974696 0.045567451958151338 -0.030161513887717355 0.042056020840135218
leaf_weight=10.947923138737677 4.9985296279191953 5.6877600699663189 7.9130154252052325 4.5857993066310891 4.5471480190753928 5.6745203137397757 5.4560616910457638 5.6521221846342113 5.6417754292488125 4.7950031757354727 8.0418317466974241 47.280129194259644 6.3027386069297817 24.338343441486359 14.797312408685682 10.861226931214331 7.1767997890710893 9.5599334836006111 7.491093456745145 5.8601297587156296 4.3982417434453964
leaf_count=51 23 26 36 21 21 26 25 26 26 22 37 217 29 112 68 50 33 44 34 27 20
internal_value=0 0.00233734 0.000178194 0.0225554 0.0193879 -0.00188763 -0.000310106 -0.00231256 0.000464356 0.0134512 0.00187622 -0.00120025 0.00140034 -0.00253412 0.0143021 -0.0150437 -0.0159488 -0.0220322 0.0351113 -0.0212232 0.0293736
internal_weight=212.007 201.06 183.295 17.7647 16.8584 166.436 155.578 137.285 114.896 18.2929 13.4979 109.222 92.7185 71.6185 21.1001 16.503 22.3889 16.7367 12.0769 10.8587 12.3113
internal_count=974 923 842 81 77 765 715 631 528 84 62 502 426 329 97 76 103 77 55 50 56
is_linear=0
shrinkage=0.03


Tree=2
num_leaves=29
num_cat=0
split_feature=25 23 30 28 38 26 14 30 31 31 35 30 32 24 23 16 1 22 22 24 1 25 34 29 29 35 29 22
split_gain=9.07246 7.87958 6.92014 7.61235 5.28065 6.2472 4.11248 4.03879 4.16939 7.0085 7.14719 3.76926 3.57678 4.8019 4.97178 3.45939 3.36437 3.14942 3.0996 2.92406 2.59004 2.26166 1.98589 1.97635 1.38164 1.25195 1.04134 0.310279
threshold=1.3370710389358427 -1.3223313824792184 1.3623179888253745 2.0889858697064003 -0.6844129879278037 -0.97519500821972671 0.020404883895282815 -1.4805473367790494 -0.58027742446443131 -0.12784296416813884 -0.54187804403302875 -0.19448921329133434 -0.23839700785699022 1.160223492670293 1.3424517720572344 0.5012226234962075 -0.35302732337115095 -0.033784203311234197 -1.0711909507852859 1.7338568337164171 -0.24155361594504762 -0.36264624076545005 -0.11775605224237685 -0.83915659186689429 1.0000000180025095e-35 1.3241393496652347 0.59748507423677177 0.40301863773047203
decision_type=2 2 2 2 2 2 2 2 2 2 2 2 2 2 2 2 2 2 2 2 2 2 2 2 2 2 2 2
left_child=2 -2 4 25 6 17 18 -7 23 10 -10 16 20 14 -14 -3 -8 -6 -1 -15 -11 24 -12 -9 -20 -4 -25 -23
right_child=1 15 3 -5 5 7 11 8 9 12 22 -13 13 19 -16 -17 -18 -19 21 -21 -22 27 -24 26 -26 -27 -28 -29
leaf_value=0.0024330992009517394 -0.0070467542538975416 0.042754667084564234 0.012898923246390845 -0.013830704794327547 0.0010426643914187659 0.015433473637166573 -0.022556057297228115 0 -0.010603447109633412 -0.00067211597562817009 0.034608232553400287 0.018495645738744803 -0.0017449167000432885 -0.027075057773688693 0.027283205794787397 0.0070611145838659004 0.006188542825990225 0.027767143233847283 0.00084882627570390936 0.00071974767635292112 -0.031229570525951805 -0.033125834961226425 0.0066444376374510438 -0.02525464251072701 -0.017617577453666877 0.036935414467308726 -0.00525365954069532 -0.013882312066465645
leaf_weight=4.9726566821336737 6.1007534414529827 7.756293445825575 7.9135485142469424 4.8076989799737921 7.8162082433700553 8.0639759004116041 6.0657411813735971 5.4395785182714489 6.0599291771650341 4.3257857859134674 7.6364856809377679 5.2142420858144751 31.338145151734352 8.0375721901655179 4.7971968948841086 4.8750264197587967 5.6577616780996332 8.0829350799322111 5.856245160102846 4.5451871007680884 6.5009727478027326 10.9640349149704 5.0039497911930058 11.933890566229822 5.8211705833673477 5.5013134628534317 4.9960848093032828 5.8615634590387335
leaf_count=23 28 35 36 22 36 37 28 25 28 20 35 24 144 37 22 22 26 37 27 21 30 51 23 55 27 25 23 27
internal_value=0 0.0191381 -0.00196895 0.014845 -0.00386514 -0.000459435 -0.011909 -0.00313789 -0.00488993 -0.00142833 0.0138241 0 -0.0065387 -0.00265584 0.00288314 0.0316152 -0.00910176 0.0161965 -0.0177857 -0.0176016 -0.0210747 -0.0214583 0.0258417 -0.0158961 -0.00885888 0.0258816 -0.0205858 -0.0284344
internal_weight=211.946 18.7321 193.214 18.2226 174.991 124.578 50.4134 108.679 100.615 78.2452 18.7004 16.9377 59.5449 48.7181 36.1353 12.6313 11.7235 15.8991 33.4757 12.5828 10.8268 28.503 12.6404 22.3696 11.6774 13.4149 16.93 16.8256
internal_count=974 85 889 83 806 573 233 500 463 360 86 78 274 224 166 57 54 73 155 58 50 132 58 103 54 61 78 78
is_linear=0
shrinkage=0.03


Tree=3
num_leaves=35
num_cat=0
split_feature=15 12 28 26 36 32 21 22 14 16 34 24 30 22 36 12 15 24 1 16 32 15 31 26 34 26 23 33 19 19 34 15 30 31
split_gain=19.8965 8.47919 13.5645 8.86019 5.39125 5.03948 5.51071 6.94262 5.99548 5.47729 4.69861 4.65399 5.96872 4.27762 4.03932 5.52164 4.87758 5.65846 3.4672 3.43244 3.13873 2.53189 2.4679 2.2933 5.04285 2.58428 2.05735 1.96555 1.96036 1.80168 1.73851 1.57752 1.08559 0.185831
threshold=-1.5467964268818737 -0.19274744944232808 0.97217693875960309 0.25974847243344423 0.36668551373664621 -0.23839700785699022 0.13993566432730098 -0.36138633409251381 -0.2135101710518483 1.3347869410009989 -0.11775605224237669 0.36596194352950601 0.34700894396665144 1.1674236095534576 0.16046533923715503 -0.45135405916063825 -0.95644387210798831 1.160223492670293 -0.51227547683701291 -0.61019646651018078 -0.65671917992466333 -0.95644387210798831 -0.34794621512309193 -0.75065982991915026 -0.92017508070311427 0.072635823849630299 1.0000000180025095e-35 -1.3338806985838889 -0.86220880594233085 -0.55738434968540429 -0.26365042105342013 -0.72030285019843399 -0.73598737054931951 -1.2283592189429042
decision_type=2 2 2 2 2 2 2 2 2 2 2 2 2 2 2 2 2 2 2 2 2 2 2 2 2 2 2 2 2 2 2 2 2 2
left_child=-1 2 5 11 -5 6 7 -2 -8 10 21 12 18 31 26 32 -17 -18 -3 -15 -14 -7 -20 24 33 30 -12 -6 -10 -23 -25 -4 -16 -9
right_child=1 3 13 4 27 9 8 23 28 -11 14 -13 20 19 15 16 17 -19 22 -21 -22 29 -24 25 -26 -27 -28 -29 -30 -31 -32 -33 -34 -35
leaf_value=-0.037146826748144492 0.028810401057437308 0.021461234119935745 0.016864104550203318 0 -0.010730125885556923 0.04104489698318961 0.010328734801568425 -0.0010956319429958029 -0.010374418949682813 -0.015790339341905935 -0.022335347839973124 0.022670104837161951 0 0.026013991570506639 0.0021972905950337941 -0.0046843963998732703 0.03466187570193649 -0.00093170836104281072 0.0071541954389635586 -0.0045670483957111303 -0.03097050601468045 -0.0013471235083239929 -0.01608350713221245 -0.0039331923583988404 0.026808210720237747 0.0035656447073396992 0.0021621386401193959 -0.037592135118003508 -0.035713387186918862 0.021766358818980067 -0.031597788210201302 0.050943624167072259 -0.015433624381615855 -0.011690291906582018
leaf_weight=10.723434045910833 5.8937477320432654 7.1873957812786093 4.852265864610672 8.232246398925783 6.0711247622966793 4.8234352618455896 4.5647182911634472 4.3563337326049796 7.7918069064617166 6.3213597089052191 4.5674586594104749 6.5617265403270713 4.7767520099878311 4.8684461265802383 4.3407846987247467 5.6550390273332551 12.924757838249223 5.0189776271581641 8.4636633396148664 5.5319112092256528 6.2966497242450696 4.3722465485334387 5.4007839709520367 4.7802191674709302 4.3969411998987225 5.4298571646213523 4.9936601370573044 10.125708371400831 7.3393521457910511 5.2874085158109638 4.3298235833644867 6.0125253051519412 5.2119926065206439 4.3837161511182776
leaf_count=51 27 33 22 38 28 22 21 20 36 29 21 30 22 22 20 26 59 23 39 25 29 20 25 22 20 25 23 47 34 24 20 27 24 20
internal_value=0 0.00226518 0.00643281 -0.00669522 -0.0202948 0.00221752 -0.00445046 0.00284292 -0.0164862 0.00787535 0.0109298 0.00217999 -0.00265137 0.0276473 0.00534153 0.0103211 0.0178653 0.0250937 0.00650658 0.0107185 -0.0192381 0.0249871 -0.00219382 -0.00367804 0.00484305 -0.011484 -0.01044 -0.0296253 -0.0251384 0.011992 -0.0202554 0.040101 -0.00766834 -0.00792953
internal_weight=211.888 201.165 138.049 63.1161 24.4291 116.784 53.2665 33.5706 19.6959 63.5171 57.1958 38.687 32.1252 21.2651 42.7127 33.1516 23.5988 17.9437 21.0518 10.4004 11.0734 14.4831 13.8644 27.6769 13.137 14.5399 9.56112 16.1968 15.1312 9.65966 9.11004 10.8648 9.55278 8.74005
internal_count=974 923 632 291 113 536 245 154 91 291 262 178 148 96 196 152 108 82 97 47 51 66 64 127 60 67 44 75 70 44 42 49 44 40
is_linear=0
shrinkage=0.03


Tree=4
num_leaves=34
num_cat=0
split_feature=25 19 30 29 38 41 22 14 12 36 41 12 12 29 40 22 24 33 41 35 30 35 25 36 22 35 25 35 37 24 29 24 22
split_gain=8.44259 6.45465 6.33778 6.02958 4.93344 5.2729 4.18316 3.894 4.37399 4.61887 3.63864 4.38605 6.64665 9.7778 5.90207 5.87477 4.68961 4.33824 3.6169 3.56086 4.89943 4.46281 3.38478 3.16654 2.94732 2.48346 2.21873 1.5838 1.38588 1.3166 1.31405 1.05984 0.294883
threshold=1.3370710389358427 0.35708901908537544 1.3623179888253745 -0.83915659186689429 -0.6844129879278037 117.00000000000001 -0.57978775461336685 0.020404883895282815 -0.45135405916063825 0.88108930230851701 224.00000000000003 -0.14378076764028935 0.40201868450795125 0.45800530082864871 353.00000000000006 0.18461721720961882 -0.2517970391355504 0.42382830733656146 366.00000000000006 0.82653471134569734 -0.53292556157757509 -1.1638838419324498 -1.0000000180025095e-35 -1.0000000180025095e-35 -1.0711909507852859 1.3241393496652347 -0.36264624076545005 0.16062262182984663 -1.0000000180025095e-35 -0.2517970391355504 1.0000000180025095e-35 0.36596194352950601 0.40301863773047203
decision_type=2 2 2 2 2 2 2 2 2 2 2 2 2 2 2 2 2 2 2 2 2 2 2 2 2 2 2 2 2 2 2 2 2
left_child=2 6 4 25 7 -6 -2 24 -9 -10 -7 14 31 27 15 17 22 23 -18 20 21 -16 -17 -12 -1 -4 30 -14 -19 -22 -26 -13 -28
right_child=1 -3 3 -5 5 10 -8 8 9 -11 11 12 13 -15 19 16 18 28 -20 -21 29 -23 -24 -25 26 -27 32 -29 -30 -31 -32 -33 -34
leaf_value=0.002378198115048804 0.0056731105326438668 -0.0037831426606146088 0.0082098825209561948 -0.012235887158192911 -0.022555105240813545 0.022620072864010153 0.04373182046158474 -0.019573032057579477 0.023217911311588131 -0.011220058933239779 -0.029337712951705577 -0.027897485940378115 0.0009169958984872916 0.033411921108337017 0.021441578928066741 -0.019705354252337902 0 -0.0050835145575370798 0.032859846850810781 -0.0046499533063980181 0.042612036040993818 -0.014491724199095217 0.011344323158135928 -0.0050451802120806176 0.00095707186741715534 0.036091296929033775 -0.032488716751633104 -0.018709960861747289 0.014193255849111295 0.014671017059964795 -0.01706589116742048 -0.0057341837525125283 -0.013542982105690826
leaf_weight=4.9755656719207755 5.0688747912645349 6.8541958928108206 7.547409802675249 4.5428982675075522 7.5387785434722892 5.2352527529001227 6.9380225837230691 5.1757008731365231 7.4047949910163862 4.344539687037468 9.6968235522508639 10.563034310936926 5.1892218887805956 5.0529781430959693 4.411594495177269 5.189220666885376 4.7582130879163724 4.979378417134285 7.0349749624729156 5.6498515158891669 5.7298969626426723 4.9940493255853688 4.4080525189638156 11.090611085295679 5.8445499390363711 6.2604058235883713 10.783855706453325 7.3326483368873596 5.2018404155969602 6.1288783401250813 5.7528406232595444 4.3168798238039008 5.8218181133270255
leaf_count=23 23 31 34 21 35 24 31 24 34 20 45 49 24 23 20 24 22 23 32 26 26 23 20 51 27 28 51 34 24 28 27 20 27
internal_value=0 0.0184013 -0.00190258 0.0141265 -0.00372725 -0.00043895 0.0305234 -0.0115318 0 0.0102024 0.00120343 -3.34716e-05 -0.00913157 0.00313623 0.00371744 -0.0021005 0.0094667 -0.0103432 0.0211753 0.0147602 0.0201476 0.00244313 -0.00529775 -0.0178581 -0.01729 0.023541 -0.0209067 -0.0109204 0.00480968 0.0318895 -0.00845565 -0.0229478 -0.0278502
internal_weight=211.818 18.8611 192.957 18.3507 174.606 124.502 12.0069 50.1037 16.925 11.7493 116.963 111.728 32.4548 17.5748 79.2734 52.3591 21.3905 30.9687 11.7932 26.9143 21.2644 9.40564 9.59727 20.7874 33.1786 13.8078 28.2031 12.5219 10.1812 11.8588 11.5974 14.8799 16.6057
internal_count=974 85 889 83 806 573 54 233 78 54 538 514 150 81 364 241 98 143 54 123 97 43 44 96 155 62 132 58 47 54 54 69 78
is_linear=0
shrinkage=0.03


Tree=5
num_leaves=34
num_cat=0
split_feature=15 12 28 26 23 23 35 35 38 32 4 24 30 22 12 4 38 16 26 32 28 30 24 34 34 15 23 29 32 21 26 15 35
split_gain=18.7975 7.83492 12.5125 8.39692 4.92067 4.87146 5.98131 6.21352 7.09926 5.10952 5.09723 4.27632 5.66248 4.00143 3.98299 3.37866 3.54239 3.24344 3.07809 3.02382 2.98587 3.38225 2.84317 2.59769 2.35472 2.24605 2.31081 2.18536 1.64735 1.61753 1.58426 1.40112 0.965502
threshold=-1.5467964268818737 -0.19274744944232808 0.97217693875960309 0.25974847243344423 1.675549666374291 0.96771664095054544 -1.2882850015123342 -0.54187804403302875 1.0000000180025095e-35 0.42077732388600958 -0.27783621792242913 0.36596194352950601 0.34700894396665144 1.1674236095534576 -0.39297466363501915 -0.36538731318186518 -1.0000000180025095e-35 -0.61019646651018078 -0.97519500821972671 -0.65671917992466333 -0.14463199218719425 -0.26217648294858237 -1.0000000180025095e-35 -0.40954478986446324 -0.53922867325205703 1.0507548141232228 -0.65613559384510556 -0.58809299973227314 0.22746177467291837 1.0000000180025095e-35 1.2701567747860387 -0.72030285019843399 0.52684100872143103
decision_type=2 2 2 2 2 2 2 2 2 2 2 2 2 2 2 2 2 2 2 2 2 2 2 2 2 2 2 2 2 2 2 2 2
left_child=-1 2 5 11 30 6 10 25 20 24 -2 12 15 31 -7 16 -3 -15 -17 -14 21 23 27 -9 -10 26 -8 -22 -28 -16 32 -4 -5
right_child=1 3 13 4 -6 14 7 8 9 -11 -12 -13 19 17 29 18 -18 -19 -20 -21 22 -23 -24 -25 -26 -27 28 -29 -30 -31 -32 -33 -34
leaf_value=-0.036464455589435105 -0.00048617678117778587 0 0.016229582811746267 -0.035376866966967006 0.0058819384831399393 -0.0030740478713762957 -0.0028211555299607915 0.0068835385245566245 0.0076127620181432763 -0.0052136666330468446 0.037210589878426244 0.02170197396106912 0 0.024928004446106246 0.038351570917303367 0.012014625538453234 0.033499059515818226 -0.0046795144949748936 -0.016368266910114223 -0.030366313274052186 -0.00079505981752686183 0.015584989801032777 0.0043084719587922924 -0.020287773730097495 0.032813096796881956 0.0005716713225394583 -0.033446363089557236 -0.025866365620613993 -0.0080008918392068702 0.01046869915004485 -0.0055079597081239742 0.048590930764153058 -0.01041388113380607
leaf_weight=10.493649482727049 5.6521460860967636 5.4209995716810226 4.8898003250360489 11.090650439262395 4.528508022427558 5.4040414690971401 6.7590026259422347 4.3658729642629623 7.7024620771408125 7.2339054942131034 5.0920133739709836 6.6309532970190039 4.7687455117702484 4.9272809624671936 4.6449363231658918 4.3675097376108143 4.6435645222663862 5.5399293303489667 6.6388757675886199 6.2026951611042005 5.0067818313837025 8.521300524473185 5.2675018608570161 5.3844614028930682 8.9893577545881271 5.8787353783845893 8.5579679161310178 10.7989591807127 5.4534804075956353 6.1471815705299377 4.3010681569576255 6.1346004307270068 4.2785710245370856
leaf_count=51 26 25 22 52 21 25 31 20 35 33 23 30 22 22 21 20 21 25 31 29 23 39 24 25 41 27 40 50 25 28 20 27 20
internal_value=8.31981e-07 0.0021878 0.00618228 -0.00644819 -0.0197709 0.0021177 -0.000370479 -0.00305913 0.00202952 0.0145014 0.0192594 0.00216572 -0.00248801 0.0264423 0.0166421 0.00639323 0.0179016 0.010134 -0.00453555 -0.0187432 -0.0056618 0.00287733 -0.0130307 -0.00829241 0.0231007 -0.0148181 -0.0191885 -0.0190285 -0.0256608 0.0261732 -0.0259584 0.0383792 -0.0303271
internal_weight=211.718 201.224 138.352 62.8721 24.1988 116.86 100.664 89.9198 63.2706 23.9257 10.7442 38.6733 32.0424 21.4916 16.1962 21.0709 10.0646 10.4672 11.0064 10.9714 39.3449 18.2716 21.0732 9.75033 16.6918 26.6492 20.7705 15.8057 14.0114 10.7921 19.6703 11.0244 15.3692
internal_count=974 923 632 291 113 536 462 413 290 109 49 178 148 96 74 97 46 47 51 51 181 84 97 45 76 123 96 73 65 49 92 49 72
is_linear=0
shrinkage=0.03


Tree=6
num_leaves=27
num_cat=0
split_feature=15 25 23 30 41 3 38 31 31 29 35 31 36 20 15 19 15 22 3 33 25 34 32 40 34 13
split_gain=18.0755 7.91723 6.84396 6.57245 5.12261 4.31583 5.96124 5.58365 6.0779 5.3983 5.17809 5.05375 5.02499 5.0746 4.64035 4.08484 3.94137 3.63637 3.28737 2.90144 2.78305 2.59249 2.56969 2.42665 1.47881 1.16528
threshold=-1.5467964268818737 1.3370710389358427 -1.3223313824792184 1.3623179888253745 117.00000000000001 0.77455170070701229 1.0000000180025095e-35 0.97267329060662666 -0.78815271703299816 0.45800530082864871 -0.67319037914512891 1.1927765415615799 -1.1299543155650511 -1.1053418563430046 1.404966346987554 -1.0000000180025095e-35 0.46040225934933704 0.51221934799089852 1.0607108896749458 0.64354193307661778 1.0000000180025095e-35 -1.1390166339196786 -0.65671917992466333 354.50000000000006 0.44758462690041528 -1.7742656716777334
decision_type=2 2 2 2 2 2 2 2 2 2 2 2 2 2 2 2 2 2 2 2 2 2 2 2 2 2
left_child=-1 3 -3 4 24 6 12 8 9 -8 20 18 19 16 15 -15 -14 -12 -7 -6 -10 -4 -5 -24 -2 -20
right_child=1 2 21 22 5 11 7 -9 10 -11 17 -13 13 14 -16 -17 -18 -19 25 -21 -22 -23 23 -25 -26 -27
leaf_value=-0.036002232204090719 -0.0045892863566169085 -0.0052961475035048985 0.0084451461926920417 0.032912086246827156 -0.0039161570537572885 0.019376628622663341 -0.022274066368642865 -0.01711523194290911 -0.016965691225236848 0.013288176658977311 0.031709790133942983 0.034891126014044947 0.022028467772058056 -0.023081283846000292 0.010382933138255756 -0.0065240155298289812 -0.01074807262681254 0.0060069251441602529 0.0017897883620641237 0.024974290322820541 0.011936406224434129 0.041436580664984922 -0.0031934979426299125 0.021014455426496149 -0.029424885830289852 -0.01698999121853716
leaf_weight=10.331241294741629 4.9384299814701063 5.7081776559352901 4.681580752134324 4.9932793080806759 4.7718795388936979 4.6134054362773922 7.3551928550004941 6.7289082258939734 4.524596959352488 5.2601863294839859 14.992576673626905 4.8954503089189521 6.1635765582323057 29.906430736184113 5.6508537381887427 28.507926166057594 4.3063208609819412 9.2052318304777128 4.3666550815105438 5.0079329013824463 4.3703387230634689 7.7620468437671635 7.3697529137134534 4.8782829791307449 5.750062420964241 4.528534919023512
leaf_count=51 23 26 21 22 22 21 34 31 21 24 68 22 28 140 26 132 20 42 20 23 20 34 33 22 27 21
internal_value=1.3724e-05 0.00214502 0.0202432 0.000168263 -0.00168729 -0.00017541 -0.00209151 0.0056898 0.00961128 -0.00718441 0.0162213 0.0128455 -0.00701564 -0.00973256 -0.0129097 -0.0154666 0.00838855 0.0230869 0.00176782 0.0116996 -0.00251475 0.0316985 0.0170435 0.00725272 -0.0204193 -0.00826581
internal_weight=211.569 201.238 18.1518 183.086 165.844 155.156 136.752 52.437 45.7081 12.6154 33.0927 18.404 84.3149 74.5351 64.0652 58.4144 10.4699 24.1978 13.5086 9.77981 8.89494 12.4436 17.2413 12.248 10.6885 8.89519
internal_count=974 923 81 842 765 715 631 240 209 58 151 84 391 346 298 272 48 110 62 45 41 55 77 55 50 41
is_linear=0
shrinkage=0.03


Tree=7
num_leaves=32
num_cat=0
split_feature=15 36 28 32 34 0 12 24 3 15 28 36 36 16 15 12 28 35 40 36 12 31 15 29 29 30 13 15 13 30 15
split_gain=17.3901 7.53741 9.44906 5.78737 5.46558 5.09075 4.55154 4.6666 4.53105 5.32292 3.54695 5.01691 6.16042 3.78124 3.15906 2.67651 2.32652 4.3903 3.30391 2.39592 2.66549 3.22113 1.75843 1.92102 1.6791 1.59479 1.53032 1.0022 7.58461 0.930289 0.927125
threshold=-1.5467964268818737 1.2335511574410953 1.1583117605840691 -0.23839700785699022 -0.11775605224237669 -0.14939232919421983 -0.24594740538455404 -0.60480217208701115 -0.45241085260626507 -0.95644387210798831 -0.14463199218719425 0.16046533923715503 0.88108930230851701 0.5012226234962075 0.57847277030411415 -0.24037467968941389 -0.14463199218719425 0.82653471134569734 643.50000000000011 0.2386725910433494 -0.99088809871474348 -1.008255967987951 0.81461379221366836 -0.33702940759765176 1.0000000180025095e-35 -0.059114673976837881 -0.29830165519944796 -0.95644387210798831 0.20265486345855757 -0.46523829192032701 1.0000000180025095e-35
decision_type=2 2 2 2 2 2 2 2 2 2 2 2 2 2 2 2 2 2 2 2 2 2 2 2 2 2 2 2 2 2 2
left_child=-1 2 3 16 5 27 -4 -8 14 29 11 -11 -13 -12 -6 -3 18 22 19 20 -2 24 23 -18 -22 -17 -23 -5 -29 -10 -19
right_child=1 15 6 4 8 -7 7 -9 9 10 13 12 -14 -15 -16 25 17 30 -20 -21 21 26 -24 -25 -26 -27 -28 28 -30 -31 -32
leaf_value=-0.035557178208754384 0.01157339635205085 -0.00026452959821890291 0.038064895287457212 0.038060375166118217 -0.03108135247691985 -0.0047012380187559325 0.027329796044950123 -0.0070458682956637299 -0.021465662398420408 -0.016677616170927046 0.0049347137839742287 0.021087527306958183 -0.012742745194099859 0.036996429434279922 0.00092017192743525783 -0.0080961151201437206 -0.006569495766203263 0.014886090583808494 0.021449592613970905 0.013634604949473777 0.015113804653805006 -0.00056086344178960228 0 -0.026975969308546573 -0.0070563541591983281 -0.033192809722602211 -0.021229909110410047 -0.011935063650295648 0.031129188893967156 -0.0018755249161167638 -0.0016984490606563804
leaf_weight=10.167983591556547 4.974458515644069 8.3021779656410235 8.4691676944494265 5.3581201881170335 4.262868866324423 5.651553511619567 4.7037276774644852 6.8136274218559247 4.3412242382764816 6.6760897934436754 7.6368616819381767 14.045454084873201 5.6172607392072669 6.2030761986970901 4.5261877775192261 6.4205112904310226 9.163044139742853 4.584760829806326 4.408606305718421 5.235226869583129 4.5728797763586027 4.9802175760269174 5.4609598368406287 11.931256055831911 4.5302116572856903 5.6881937086582166 13.581100627779968 4.3945056051015845 9.1224646121263486 5.1919673383235914 4.3899042159318924
leaf_count=51 23 38 37 24 20 26 21 31 20 31 35 64 26 28 21 30 42 21 20 24 21 23 25 56 21 27 63 20 41 24 20
internal_value=2.8655e-05 0.00210608 0.00411512 0.0015637 0.00703968 0.0185087 0.0228257 0.00806384 0.00178878 0.00548508 0.0103371 0.0031885 0.0109212 0.0219084 -0.0162865 -0.0144821 -0.00422627 -0.00972526 0.000432338 -0.00258567 -0.00584789 -0.00962035 -0.0157083 -0.0194019 0.0040774 -0.0226856 -0.0164398 0.0255871 0.0169353 -0.0130458 0.00711952
internal_weight=211.406 201.238 180.827 160.84 83.0276 24.5266 19.9865 11.5174 58.501 49.7119 40.1787 26.3388 19.6627 13.8399 8.78906 20.4109 77.8126 35.5299 42.2827 37.8741 32.6389 27.6644 26.5553 21.0943 9.10309 12.1087 18.5613 18.8751 13.517 9.53319 8.97467
internal_count=974 923 828 739 380 111 89 52 269 228 184 121 90 63 41 95 359 164 195 175 151 128 123 98 42 57 86 85 61 44 41
is_linear=0
shrinkage=0.03


Tree=8
num_leaves=33
num_cat=0
split_feature=15 25 12 30 23 26 26 9 36 7 38 40 26 5 12 30 35 15 20 0 21 26 4 30 2 24 23 30 24 2 4 30
split_gain=16.7194 7.36956 6.60657 8.24182 6.33838 6.05096 5.85158 7.16639 5.18427 4.58855 5.2326 5.51207 4.28937 4.155 3.76699 6.79803 3.56811 3.28025 3.82068 3.23554 3.13074 3.00287 2.89891 2.62148 2.21023 1.84347 1.74701 1.55074 1.19698 0.636543 0.607339 0.445472
threshold=-1.5467964268818737 1.3370710389358427 -0.19274744944232808 0.75313256191014044 -1.3223313824792184 0.25974847243344423 0.82108641818488548 -0.72495079297652143 0.36668551373664621 -0.21046010370987231 1.0000000180025095e-35 353.00000000000006 0.2597484724334439 0.87762460445274637 0.022633743879112572 0.34700894396665144 -0.91508152277268129 0.34233174839455988 -0.80000919381376856 -0.57579237891909074 -0.55739954851115991 -0.18932188416770887 -0.11865240835981784 1.3623179888253745 -0.44227499652778496 -1.0000000180025095e-35 1.3424517720572344 -0.46523829192032701 1.160223492670293 0.079760769884652236 -0.36538731318186518 -1.0000000180025095e-35
decision_type=2 2 2 2 2 2 2 2 2 2 2 2 2 2 2 2 2 2 2 2 2 2 2 2 2 2 2 2 2 2 2 2
left_child=-1 2 3 6 -3 12 9 16 -7 10 17 21 14 22 31 19 -8 18 -2 -16 23 -12 -11 -5 -21 -20 -10 -24 -9 -6 -19 -4
right_child=1 4 5 20 29 8 7 28 26 13 11 -13 -14 -15 15 -17 -18 30 25 24 -22 -23 27 -25 -26 -27 -28 -29 -30 -31 -32 -33
leaf_value=-0.035128157490928874 0.010742271124586361 -0.0051557775189513162 -0.026201886359674069 -0.0026985442430128882 0.017067123042953235 0 0.013804949165444459 0.041721799664717459 -0.036391890059176112 -0.00015752866551816549 0.0034947210519901337 0.022891078826108122 0.020615031985189249 -0.012968290058372261 -0.0051217439639163085 -0.021135344949741286 -0.017256797633709901 -0.034356138864240757 -0.020969648056953331 0.0045514520614073272 0.031666098586763489 -0.02309633871446851 0.0059643232791925316 0.019208125524358827 0.035832459761900998 -7.9746686013178222e-05 -0.010657216546192805 0.031725952529632791 0.011748127422116171 0.040878177889700669 -0.012298467708895687 -0.007017094297804961
leaf_weight=10.004200831055639 6.1245389729738227 5.6945957988500622 4.4429177194833755 8.1208743453025871 7.5308253914117795 8.1457311660051364 4.6485964804887772 4.7123253941535932 9.5988796204328519 7.620998859405522 7.8911647349596032 6.8987227082252494 5.8936040252447119 5.6356999129056922 4.2677655220031765 5.7454189211130133 5.6491515338420886 6.5567085742950439 11.18402162194252 4.6133856624364862 9.3182777464389783 4.921663150191308 5.046173900365833 8.6366543769836408 4.4486734867095921 6.2804402410984084 6.1686778813600531 5.9618235230445826 4.3815082907676697 5.0447492748498917 5.5713806301355344 4.5220450013875979
leaf_count=51 28 26 21 37 33 38 21 21 46 35 36 31 27 26 20 27 26 31 53 21 41 23 23 38 20 29 29 27 20 22 26 21
internal_value=2.55368e-05 0.00204931 0.000135394 0.00403608 0.0194522 -0.00809192 0 0.0141586 -0.0191625 -0.00364437 -0.00839123 0.00361871 2.1206e-05 0.00682338 -0.00493118 0.00254213 -0.00275395 -0.0150592 -0.0073616 0.0142577 0.0185422 -0.0076503 0.0136291 0.00891379 0.0233837 -0.0143743 -0.0284717 0.0225277 0.0315548 0.0303837 -0.0271325 -0.019491
internal_weight=211.282 201.278 183.008 125.161 18.2702 57.8471 99.0849 19.3916 23.9133 79.6933 55.4286 19.7116 33.9338 24.2647 28.0402 19.0752 10.2977 35.7171 23.589 13.3298 26.0758 12.8128 18.629 16.7575 9.06206 17.4645 15.7676 11.008 9.09383 12.5756 12.1281 8.96496
internal_count=974 923 842 572 81 270 456 88 113 368 257 90 157 111 130 88 47 167 110 61 116 59 85 75 41 82 75 50 41 55 57 42
is_linear=0
shrinkage=0.03


Tree=9
num_leaves=24
num_cat=0
split_feature=15 36 30 25 23 23 35 33 38 30 15 30 0 15 11 20 15 12 33 32 33 30 32
split_gain=16.0865 7.01751 6.47345 5.69244 5.5464 5.4723 5.18113 5.58013 4.93702 6.43653 6.77416 6.84275 4.64702 5.5509 4.3569 3.31086 2.88786 2.49369 2.4066 2.20686 2.16424 1.53781 0.434803
threshold=-1.5467964268818737 1.2335511574410953 1.3623179888253745 1.3370710389358427 1.3424517720572344 -1.3223313824792184 -1.4126861610922181 -1.0000000180025095e-35 1.0000000180025095e-35 -0.26217648294858237 1.1688253250779999 0.076259865337658453 -0.64685905387323561 1.1688253250779999 -0.3044943151389774 -1.1053418563430046 -1.0000000180025095e-35 -0.24037467968941389 0.64354193307661778 -0.23839700785699022 0.42382830733656146 -0.059114673976837881 -0.42854344970593256
decision_type=2 2 2 2 2 2 2 2 2 2 2 2 2 2 2 2 2 2 2 2 2 2 2
left_child=-1 2 3 4 6 -5 7 -2 9 15 11 -11 -10 14 -14 -8 -6 -3 -17 -7 22 -19 -4
right_child=1 17 20 5 16 19 8 -9 12 10 -12 -13 13 -15 -16 18 -18 21 -20 -21 -22 -23 -24
leaf_value=-0.034714117162251354 -0.005159289048716824 -0.00033644495108039085 0.037074876068477688 -0.0050406897467175239 0.00049035533349044819 0.0083908908900803929 -0.00103585648090242 0.033902134437970265 -0.018128462703703958 0.012890477384420182 0.023861472121103545 -0.014086323986739258 0.029926317781395557 -0.017117755627128368 0.0055416653714088649 -0.028706887585803132 0.030924272777320422 -0.0077645316747709464 -0.0037866097864961167 0.038737974328629791 0.0018950942929521848 -0.032489755045007854 0.01504047369266375
leaf_weight=9.8401917666196805 4.9785910695791245 8.3077808320522326 4.6108709424734124 5.6842816174030331 5.2155992388725281 5.189713880419732 8.4948834031820279 5.747936472296713 5.9877684712409964 10.610302045941358 6.8203127831220618 26.317176580429077 7.7329559177160254 5.631974756717681 30.141408517956734 18.102368459105488 6.0095248222351056 6.3795706182718277 5.5648058652877799 6.5361289232969257 4.7777389883995047 5.564187213778494 6.8464756906032571
leaf_count=51 23 38 20 26 24 23 39 26 28 49 31 123 35 26 137 86 27 30 26 28 21 27 30
internal_value=2.90315e-05 0.00200164 0.0039333 0.0020199 0 0.0175156 -0.00172129 0.0168728 -0.00353967 -0.00830679 -0.000556917 -0.00597838 0.00368335 0.00732277 0.0116232 -0.0181756 0.0189797 -0.0140677 -0.0236608 0.0282353 0.0212004 -0.0220693 0.0276364
internal_weight=211.093 201.252 181.001 164.766 147.356 17.4101 136.13 10.7265 125.404 75.9098 43.7478 36.9275 49.4941 43.5063 37.8744 32.1621 11.2251 20.2515 23.6672 11.7258 16.2351 11.9438 11.4573
internal_count=974 923 828 757 680 77 629 49 580 354 203 172 226 198 172 151 51 95 112 51 71 57 50
is_linear=0
shrinkage=0.03


Tree=10
num_leaves=28
num_cat=0
split_feature=25 23 40 36 38 26 19 31 20 41 41 37 24 26 25 19 28 40 16 22 21 22 26 13 40 23 28
split_gain=6.64439 6.0333 5.35011 5.15627 3.91669 6.40519 4.17229 4.35278 4.15551 3.23532 4.63504 4.95653 5.36219 7.88508 3.65022 6.63571 5.58759 3.03272 2.95221 2.8817 2.6686 2.63874 2.19208 2.01496 1.83246 1.58031 1.49603
threshold=1.3370710389358427 -1.3223313824792184 353.00000000000006 1.2335511574410953 1.0000000180025095e-35 0.82108641818488548 -1.0000000180025095e-35 -0.34794621512309193 -0.80000919381376856 117.00000000000001 224.00000000000003 -1.1301580328108678 1.513228625621754 0.82108641818488548 0.3658040219636754 0.35708901908537544 1.2824016418003799 272.50000000000006 0.5012226234962075 0.51221934799089852 -0.55739954851115991 0.9490221890326046 0.035213294132867425 -0.32851046762934988 453.50000000000006 -1.0725079617414262 -0.14463199218719425
decision_type=2 2 2 2 2 2 2 2 2 2 2 2 2 2 2 2 2 2 2 2 2 2 2 2 2 2 2
left_child=2 -2 9 4 5 6 8 -8 -4 22 -11 17 13 14 16 25 19 -12 -3 -13 -6 -17 -1 -15 -22 -16 -10
right_child=1 18 3 -5 20 -7 7 -9 26 10 11 12 -14 23 15 21 -18 -19 -20 -21 24 -23 -24 -25 -26 -27 -28
leaf_value=-0.00026313341610263838 -0.0067359917676605681 0.036752141191264735 0.0072308507881810209 -0.017698853384270456 0.0016732148807725726 0.026781814933023802 0.022853469203252392 -0.0078167349724102692 -0.033179524827302742 0.016248687381161669 0.00073316553703889722 -0.0068012987766760844 -0.023479857716668193 0.0058548068426034165 0.0048822297125984196 0.033386075618733399 0.018374815211898012 -0.025704820022169096 0.0049368358360361653 -0.025278159380129745 0.037152269414000225 0.0031725273899791732 -0.027984323067389797 0.03367984722539491 0.0110410331134537 -0.012284040924150561 -0.0062021664828477265
leaf_weight=4.2926882654428464 6.0582697838544872 8.1483515948057157 4.332280442118642 6.0592179447412482 6.8717362880706814 6.013472616672515 6.446378231048584 7.2001029402017593 5.8221532851457569 8.3464372456073743 4.6147321015596399 29.836025074124336 8.0605990886688215 5.6724824011325836 5.8557420670986202 5.7771348953247053 4.5528374016284934 13.223683401942253 4.986088201403617 10.505424603819845 6.1061609834432584 5.3418945819139481 7.3045909702777863 5.3513897210359556 7.5787832587957382 12.09342832863331 4.4427594393491789
leaf_count=20 28 35 20 29 31 27 29 34 28 38 22 140 38 26 27 26 20 64 22 49 27 24 35 24 34 56 21
internal_value=4.00434e-05 0.0162234 -0.00166251 0.005551 0.0086306 0.00199091 -0.00417014 0.00710369 -0.0147623 -0.00508908 -0.0034251 -0.00515646 -0.00217378 0.000149822 -0.00344263 0.00456655 -0.00873773 -0.0190288 0.0268284 -0.01249 0.0185356 0.0214486 -0.0193868 0.0222573 0.025606 -0.0064306 -0.0242929
internal_weight=210.895 19.1927 191.702 60.873 54.8138 34.2571 28.2437 13.6465 14.5972 130.829 119.232 110.885 93.047 84.9864 73.9625 29.0682 44.8943 17.8384 13.1344 40.3414 20.5567 11.119 11.5973 11.0239 13.6849 17.9492 10.2649
internal_count=974 85 889 280 251 159 132 63 69 609 554 516 430 392 342 133 209 86 57 189 92 50 55 50 61 83 49
is_linear=0
shrinkage=0.03


Tree=11
num_leaves=29
num_cat=0
split_feature=25 19 40 36 29 38 26 41 41 37 10 40 33 34 35 28 37 28 41 40 26 20 36 28 35 34 20 34
split_gain=6.28007 5.95473 5.07151 4.92226 4.86465 6.18049 5.22304 3.12147 4.38273 4.74932 3.02673 2.92479 2.85272 3.44743 4.85971 4.15914 3.1167 2.78437 4.22727 2.7303 2.11459 1.73709 1.72654 1.50121 0.933089 0.820711 0.253678 0.207142
threshold=1.3370710389358427 0.35708901908537544 353.00000000000006 1.2335511574410953 -0.83915659186689429 1.0000000180025095e-35 0.82108641818488548 117.00000000000001 224.00000000000003 -1.1301580328108678 -0.15629889686001708 272.50000000000006 -0.8944534471037765 0.44758462690041528 -0.79068036319279711 -1.0753061013095249 0.45711510916142534 1.1583117605840691 708.50000000000011 453.50000000000006 0.035213294132867425 -1.0000000180025095e-35 0.88108930230851701 -0.14463199218719425 0.52684100872143103 -1.2119638183252002 1.0000000180025095e-35 0.076769772839013997
decision_type=2 2 2 2 2 2 2 2 2 2 2 2 2 2 2 2 2 2 2 2 2 2 2 2 2 2 2 2
left_child=2 25 7 4 26 6 10 20 -9 11 -6 -10 16 15 -15 -14 22 18 -17 -7 -1 27 -11 -21 -16 -2 -4 -12
right_child=1 -3 3 -5 5 19 -8 8 9 12 21 -13 13 14 24 17 -18 -19 -20 23 -22 -23 -24 -25 -26 -27 -28 -29
leaf_value=-0.00025730284205726988 0.010654116022600739 -0.0051842256092260825 0.010425276120851897 -0.017374128491866075 0.008414130665833788 0.031425652130085954 0.019682377027656416 0.015760833650583943 0.00071640847961314963 0.028405293950110287 -0.029447544803062324 -0.025255723681708902 -0.020487730658529428 0.0082907138680938294 -0.029936866990331986 -0.0045120235637143525 -0.0082995945894910311 0.017573268627795006 0.020081508985624823 0.014593003480904355 -0.027552318490617889 -0.0040626704399509932 0.0025203648776375323 -0.005061617954771655 -0.0088025657167735052 0.034040783074277478 0.02993349792682445 -0.01005220514541009
leaf_weight=4.2922655940055829 4.9254198223352441 6.9479344338178626 4.4512057453393918 6.0159862190484992 4.1640890389680889 5.8914307206869152 4.4966860860586158 8.3923635780811292 4.616055056452752 5.0598851144313794 6.0309362113475835 13.083863988518715 6.8144064247608105 4.7751093357801464 8.4106700867414457 39.159187659621246 4.7226319760084143 7.4686288982629767 5.9245042800903311 6.0286322087049493 7.2213330566883087 7.955467715859414 4.9511337578296661 4.8561090230941746 5.6269702464342108 7.386480540037156 6.8012708723545074 4.2351588159799576
leaf_count=20 22 31 20 29 19 26 20 38 22 23 29 64 32 22 40 182 22 33 27 27 35 38 23 22 26 32 30 20
internal_value=5.45262e-05 0.0157595 -0.00160456 0.0054107 0.00840895 0.00336211 -0.00536057 -0.00494903 -0.00331589 -0.00500829 -0.0115624 -0.018643 -0.00209241 -0.00444908 -0.0151336 -0.000675166 0.00929855 0.00228016 -0.000608796 0.0169605 -0.0190403 -0.0167245 0.0181213 0.00578883 -0.023519 0.0272924 0.024821 -0.0242577
internal_weight=210.706 19.2598 191.446 60.927 54.911 43.6585 26.8823 130.519 119.005 110.613 22.3857 17.6999 92.9131 78.1795 18.8127 59.3667 14.7337 52.5523 45.0837 16.7762 11.5136 18.2216 10.011 10.8847 14.0376 12.3119 11.2525 10.2661
internal_count=974 85 889 280 251 201 126 609 554 516 106 86 430 362 88 274 68 242 209 75 55 87 46 49 66 54 50 49
is_linear=0
shrinkage=0.03


Tree=12
num_leaves=28
num_cat=0
split_feature=15 12 28 26 36 23 35 35 21 33 35 12 22 1 33 38 12 35 20 16 32 15 33 34 36 26 26
split_gain=15.0734 6.39277 9.69882 7.21219 4.85259 4.28257 5.30884 4.68815 5.06808 5.04897 4.09038 5.14025 3.72887 3.69182 4.06936 4.65362 3.61713 3.57236 3.38727 3.0582 3.02019 2.40316 2.05329 2.05065 1.69214 1.52249 0.960974
threshold=-1.5467964268818737 -0.19274744944232808 0.97217693875960309 0.25974847243344423 0.36668551373664621 0.96771664095054544 -1.4126861610922181 -0.44694031698522235 0.96405909768184628 0.64354193307661778 1.1582711368920553 -0.76857676585191803 1.1674236095534576 0.41136381326498578 1.0829691845567309 1.0000000180025095e-35 -0.39297466363501915 -0.67319037914512891 0.72665411883241304 -0.61019646651018078 -0.42854344970593256 1.0507548141232228 -1.3338806985838889 -0.92017508070311427 -0.42608904930930241 1.2701567747860387 -0.33901200303475976
decision_type=2 2 2 2 2 2 2 2 2 2 2 2 2 2 2 2 2 2 2 2 2 2 2 2 2 2 2
left_child=-1 2 5 13 -5 6 -2 9 10 21 11 -9 24 14 15 17 -7 -3 -13 -14 -19 26 -6 -11 -4 -18 -8
right_child=1 3 12 4 22 16 7 8 -10 23 -12 18 19 -15 -16 -17 25 20 -20 -21 -22 -23 -24 -25 -26 -27 -28
leaf_value=-0.034028027252357984 0.02012475742880392 0.017934142535955377 0.012293635719495714 0 -0.0088624660371216125 -0.003254212196572541 -0.010180076898170364 -0.014575505509652413 -0.021094550613020749 0.016381552097383782 -0.017604663778164754 0.01647546568368077 0.022290807599970524 -0.015159165594441937 -0.01238296109441143 0.027515531736311771 0.034319780962197004 0.0078677355032908403 -0.0037105879745366506 -0.0060709433604339133 -0.021236762558003615 -0.00039399283696719213 -0.035791672170668441 -0.0068287910361981867 0.043745374247590459 0.0079116928401999631 -0.029828238805255033
leaf_weight=9.5499768257141096 8.6389532983303052 5.7874384969472894 4.6189937591552734 8.1397936493158358 5.8447975963354102 5.4069858640432384 6.8671681433916119 6.0350203365087429 5.7285480350255957 5.3213708102703094 4.5714844763278952 33.217056870460517 5.0565410554409027 7.2668190598487845 6.3349541574716559 9.1861219555139542 5.6269137412309629 4.2972081601619729 8.3408884406089765 5.6387224644422513 5.7295280098915109 5.6356035619974127 9.5737783163785917 5.2141901105642301 6.7496088892221469 5.3226253837347031 10.834624007344248
leaf_count=51 39 27 20 38 28 25 32 28 27 24 21 151 22 34 29 41 25 20 38 25 27 26 47 24 29 24 52
internal_value=6.31371e-05 0.00195271 0.00553935 -0.00590501 -0.0184691 0.00191434 -0.000428861 -0.00272068 0.00239537 -0.011365 0.00560429 0.0084256 0.0231252 0.0020171 0.00669364 0.0121813 0.0154619 0.00131529 0.0122966 0.00793848 -0.00884213 -0.0188389 -0.0276289 0.00497649 0.0343555 0.0244646 -0.0239091
internal_weight=210.536 200.986 138.825 62.1604 23.5584 116.761 100.405 91.766 57.893 33.873 52.1645 47.593 22.0639 38.6021 31.3353 25.0003 16.3565 15.8142 41.5579 10.6953 10.0267 23.3374 15.4186 10.5356 11.3686 10.9495 17.7018
internal_count=974 923 632 291 113 536 462 423 265 158 238 217 96 178 144 115 74 74 189 47 47 110 75 48 49 49 84
is_linear=0
shrinkage=0.03


Tree=13
num_leaves=32
num_cat=0
split_feature=36 28 12 23 35 38 1 0 35 16 10 39 36 12 34 16 12 40 41 40 41 1 28 19 20 37 34 24 21 35 20
split_gain=5.69704 5.29157 6.58466 3.94439 5.33701 4.15206 4.82871 4.77475 4.23407 3.39147 3.57206 2.89729 2.93245 2.84341 2.78535 4.17308 3.08105 2.57637 4.38907 6.00486 3.43857 2.33513 2.31521 3.75535 3.3036 2.36802 2.06624 1.96888 1.81962 1.51677 0.286822
threshold=1.2335511574410953 0.97217693875960309 -0.24594740538455404 1.3424517720572344 -1.2882850015123342 1.0000000180025095e-35 -0.17785435455870319 -0.64685905387323561 -0.54187804403302875 0.5012226234962075 0.21855163802037955 -0.67450834525562064 -0.42608904930930241 0.51649750050807308 -0.53922867325205703 -0.61019646651018078 -0.23686653632904534 323.00000000000006 353.00000000000006 453.50000000000006 525.50000000000011 -0.33710250802456476 0.22763765146173801 -1.0000000180025095e-35 -1.1053418563430046 1.0000000180025095e-35 -1.2119638183252002 1.160223492670293 -0.55739954851115991 0.70213355176581327 -0.54556530837273842
decision_type=2 2 2 2 2 2 2 2 2 2 2 2 2 2 2 2 2 2 2 2 2 2 2 2 2 2 2 2 2 2 2
left_child=1 3 -3 4 9 6 13 -7 21 10 -1 -4 -13 22 26 -16 -17 -10 19 -19 -20 -9 23 24 -6 -25 -8 -5 -2 -24 -30
right_child=28 2 11 27 5 7 14 8 17 -11 -12 12 -14 -15 15 16 -18 18 20 -21 -22 -23 29 25 -26 -27 -28 -29 30 -31 -32
leaf_value=0.036836540391485595 -0.00077855047151215607 0.030712724243198153 -0.012247992482009491 0.02611574098569705 0 -0.018715172200835743 0 0.0071519868080513905 -0.0042494140611284174 -0.0049604129574615926 0.002410191675196145 -0.0035164407966820602 0.021797097425222421 0.0032005862220329524 -0.023644663603426583 0.021850441712129503 -0.0082345578911877278 0.042200049224279543 -0.016807077971790083 0.0052357568147441674 0.015530123921343331 -0.017538203198434573 -0.034492266513345415 -0.011862062898006478 -0.022970501144210377 0.01184284079643229 0.02478637804335402 0.00045974052603737375 -0.007913135403078829 -0.0076968078826096919 -0.024168896149106084
leaf_weight=5.4005877524614316 7.1933487504720715 10.327270835638048 6.6310732662677792 5.6187421530485135 8.223351955413813 6.1595772057771674 4.8120957612991333 4.3341390937566757 5.4959667474031475 4.9442000538110724 5.5025326162576675 6.6753153502941158 6.9489034712314561 7.9827812016010276 5.1117573082447043 4.3800519704818717 4.8232924342155448 7.6954754143953386 4.3767315000295621 8.5404513478279096 4.4484797865152359 6.8830769807100278 7.2135381698608381 4.6793671995401445 19.045326858758926 8.0790038257837278 5.3454914093017596 5.2078516483306885 4.7915864437818536 4.6655819863080978 8.8336986005306208
leaf_count=24 34 44 32 25 38 29 22 20 25 23 25 30 31 37 24 20 23 34 20 38 20 32 35 23 93 37 24 24 23 22 43
internal_value=5.15016e-05 0.0017546 0.0128753 -0.00044776 -0.00182332 -0.00387122 -0.00784755 0.00303135 0.00691407 0.0137834 0.0223388 0.00201442 0.00987909 -0.012368 0.00305914 -0.00505343 0.00657852 0.0126181 0.0165742 0.0251816 -3.77771e-05 -0.00780819 -0.0148973 -0.0104896 -0.0165369 0.00239456 0.014186 0.0158191 -0.014262 -0.0264595 -0.0202006
internal_weight=210.371 189.552 30.5826 158.969 148.143 132.296 84.3616 47.9339 41.7743 15.8473 10.9031 20.2553 13.6242 59.889 24.4727 14.3151 9.20334 30.5571 25.0611 16.2359 8.82521 11.2172 51.9062 40.027 27.2687 12.7584 10.1576 10.8266 20.8186 11.8791 13.6253
internal_count=974 874 137 737 688 616 398 218 189 72 49 93 61 285 113 67 43 137 112 72 40 52 248 191 131 60 46 49 100 57 66
is_linear=0
shrinkage=0.03


end of trees

feature_importances:
Column_15=28
Column_12=25
Column_30=24
Column_35=22
Column_26=21
Column_36=18
Column_28=17
Column_34=17
Column_22=16
Column_23=16
Column_25=16
Column_24=14
Column_40=14
Column_20=12
Column_29=12
Column_32=12
Column_33=12
Column_38=12
Column_41=12
Column_31=11
Column_16=10
Column_19=8
Column_1=7
Column_21=7
Column_0=5
Column_3=5
Column_37=5
Column_4=4
Column_13=4
Column_14=4
Column_2=3
Column_10=2
Column_27=2
Column_5=1
Column_7=1
Column_9=1
Column_11=1
Column_39=1

parameters:
[boosting: gbdt]
[objective: binary]
[metric: binary_logloss]
[tree_learner: serial]
[device_type: cpu]
[data_sample_strategy: bagging]
[data: ]
[valid: ]
[num_iterations: 800]
[learning_rate: 0.03]
[num_leaves: 96]
[num_threads: 1]
[seed: 42]
[deterministic: 0]
[force_col_wise: 1]
[force_row_wise: 0]
[histogram_pool_size: -1]
[max_depth: 10]
[min_data_in_leaf: 20]
[min_sum_hessian_in_leaf: 0.001]
[bagging_fraction: 0.85]
[pos_bagging_fraction: 1]
[neg_bagging_fraction: 1]
[bagging_freq: 0]
[bagging_seed: 400]
[bagging_by_query: 0]
[feature_fraction: 0.8]
[feature_fraction_bynode: 1]
[feature_fraction_seed: 30056]
[extra_trees: 0]
[extra_seed: 12879]
[early_stopping_round: 0]
[early_stopping_min_delta: 0]
[first_metric_only: 0]
[max_delta_step: 0]
[lambda_l1: 0.2]
[lambda_l2: 1.5]
[linear_lambda: 0]
[min_gain_to_split: 0]
[drop_rate: 0.1]
[max_drop: 50]
[skip_drop: 0.5]
[xgboost_dart_mode: 0]
[uniform_drop: 0]
[drop_seed: 17869]
[top_rate: 0.2]
[other_rate: 0.1]
[min_data_per_group: 100]
[max_cat_threshold: 32]
[cat_l2: 10]
[cat_smooth: 10]
[max_cat_to_onehot: 4]
[top_k: 20]
[monotone_constraints: ]
[monotone_constraints_method: basic]
[monotone_penalty: 0]
[feature_contri: ]
[forcedsplits_filename: ]
[refit_decay_rate: 0.9]
[cegb_tradeoff: 1]
[cegb_penalty_split: 0]
[cegb_penalty_feature_lazy: ]
[cegb_penalty_feature_coupled: ]
[path_smooth: 0]
[interaction_constraints: ]
[verbosity: -1]
[saved_feature_importance_type: 0]
[use_quantized_grad: 0]
[num_grad_quant_bins: 4]
[quant_train_renew_leaf: 0]
[stochastic_rounding: 1]
[linear_tree: 0]
[max_bin: 255]
[max_bin_by_feature: ]
[min_data_in_bin: 3]
[bin_construct_sample_cnt: 200000]
[data_random_seed: 175]
[is_enable_sparse: 1]
[enable_bundle: 1]
[use_missing: 1]
[zero_as_missing: 0]
[feature_pre_filter: 1]
[pre_partition: 0]
[two_round: 0]
[header: 0]
[label_column: ]
[weight_column: ]
[group_column: ]
[ignore_column: ]
[categorical_feature: ]
[forcedbins_filename: ]
[precise_float_parser: 0]
[parser_config_file: ]
[objective_seed: 16083]
[num_class: 1]
[is_unbalance: 0]
[scale_pos_weight: 1]
[sigmoid: 1]
[boost_from_average: 1]
[reg_sqrt: 0]
[alpha: 0.9]
[fair_c: 1]
[poisson_max_delta_step: 0.7]
[tweedie_variance_power: 1.5]
[lambdarank_truncation_level: 30]
[lambdarank_norm: 1]
[label_gain: ]
[lambdarank_position_bias_regularization: 0]
[eval_at: ]
[multi_error_top_k: 1]
[auc_mu_weights: ]
[num_machines: 1]
[local_listen_port: 12400]
[time_out: 120]
[machine_list_filename: ]
[machines: ]
[gpu_platform_id: -1]
[gpu_device_id: -1]
[gpu_device_id_list: ]
[gpu_use_dp: 0]
[num_gpu: 1]

end of parameters

pandas_categorical:null
