tree
version=v4
num_class=3
num_tree_per_iteration=3
label_index=0
max_feature_idx=42
objective=multiclass num_class:3
feature_names=Column_0 Column_1 Column_2 Column_3 Column_4 Column_5 Column_6 Column_7 Column_8 Column_9 Column_10 Column_11 Column_12 Column_13 Column_14 Column_15 Column_16 Column_17 Column_18 Column_19 Column_20 Column_21 Column_22 Column_23 Column_24 Column_25 Column_26 Column_27 Column_28 Column_29 Column_30 Column_31 Column_32 Column_33 Column_34 Column_35 Column_36 Column_37 Column_38 Column_39 Column_40 Column_41 Column_42
feature_infos=[-1.5680026188354736:5.2721293114931944] [-1.317493929056641:9.4246578418834197] [-1.3579711656692286:6.6407895388388409] [-1.5583784203154758:5.2384045694941817] [-1.2061486671556743:9.3643994639695336] [-1.3577106419786136:6.6235511832094387] [-2.216990567308426:3.6261281674468626] [-1.5572596982039795:7.7810529423287456] [-2.0863539513980403:3.8518055955656809] [-2.5026455035637176:3.0151526065862551] [-6.415913858676447:1.788901671167296] [-2.2800777056420345:2.966414061473126] [-1.2378280222790028:1.998766813052542] [-2.4874082281815664:3.1613357840620404] [-2.2641373913064777:3.0483449261928506] [-1.2427302123458301:2.399928385785318] [-1.4149180397241075:1.5582764901869195] [-1.8327910549153881:1.2176473905070051] [-1.343949980612223:0.74407531115440684] [-1.9929930107567986:3.0212324257817933] [-2.1227900606327488:3.6444147384220336] [-2.5709608202034788:3.0937106284388625] [-3.320689833857593:3.5049793092080566] [-2.1268833097027091:2.9123035298081805] [-2.271801568512362:6.9886762612467619] [-2.4282759316053086:3.135609159391437] [-2.7067978097351708:6.0325668916775168] [-2.6605903236119981:3.9886077137935425] [-2.7682216843789664:3.2596130808422141] [-3.3711361733790204:3.584613370795755] [-4.2974946965600864:3.5458337857899291] [-1.9950442438117422:3.752941441618789] [-2.100433830038082:5.0686854375095836] [-3.1911640820577505:3.6516739388728086] [-2.7292752085530596:4.662653686939163] [-3.0694236368854835:4.5588703721568651] [-2.5337920829738834:4.4761303783166113] [-0.83217870104326297:3.0424025179620262] [-0.86977711042361372:3.5032689169840001] [-0.87520076124332136:3.8962250756555092] [1:815] [1:815] none
tree_sizes=1361 1694 1468 1510 1595 1615

Tree=0
num_leaves=12
num_cat=0
split_feature=9 35 29 33 39 27 29 33 32 33 23
split_gain=7.58282 3.0889 3.77102 5.26384 3.66417 3.26822 3.25469 3.12198 1.87413 0.875457 1.86955
threshold=-1.331488924628752 0.17260131695751474 0.6863843940562655 0.57239682945405723 1.0000000180025095e-35 1.4397484661214188 0.22266775777794715 1.0000000180025095e-35 -0.13470757925888308 0.29361453971244172 -0.27918146854871623
decision_type=2 2 2 2 2 2 2 2 2 2 2
left_child=-1 2 3 4 8 9 -6 -4 -2 -3 -11
right_child=1 5 7 -5 6 -7 -8 -9 -10 10 -12
leaf_value=-1.2540508702166104 -1.2765236949845116 -1.2950008425334356 -1.2715612318427882 -1.2527624219129885 -1.2951121204284062 -1.2705294572014176 -1.270397577439671 -1.2941222320129226 -1.255652533366711 -1.291953445697553 -1.2716667016907313
leaf_weight=10.560975819826124 6.6383276581764221 16.595819145441059 7.8452963232994106 10.259233653545378 10.259233653545381 8.4487806558608991 6.6383276581764212 12.069686651229857 6.6383276581764239 7.241811990737915 6.0348433256149274
leaf_count=35 22 55 26 34 34 28 22 40 22 24 20
internal_value=-1.27652 -1.27923 -1.27507 -1.26979 -1.27652 -1.28574 -1.28537 -1.28523 -1.26531 -1.29031 -1.28277
internal_weight=109.231 98.6697 60.3484 40.4335 30.1742 38.3213 16.8976 19.915 13.2767 29.8725 13.2767
internal_count=362 327 200 134 100 127 56 66 44 99 44
is_linear=0
shrinkage=1


Tree=1
num_leaves=15
num_cat=0
split_feature=33 24 34 19 27 21 21 2 26 21 2 25 22 1
split_gain=3.3896 5.56167 4.08047 3.79439 3.69612 3.53568 3.34819 2.11299 1.76737 1.49341 1.73449 2.66012 1.25685 0.760803
threshold=-0.56807617403436927 0.87676089360574005 -0.46643983238197101 0.51411970751249736 -0.67814424208923496 0.79243785242791132 0.79243785242791132 -0.76869890801366458 -1.2502370261663891 -0.97777197527282034 0.019321980922178149 0.17979520479941566 0.092144737675231944 0.75911389875590018
decision_type=2 2 2 2 2 2 2 2 2 2 2 2 2 2
left_child=1 4 3 5 -1 8 9 -6 -2 -4 11 -11 -10 -5
right_child=2 -3 6 13 7 -7 -8 -9 12 10 -12 -13 -14 -15
leaf_value=-0.85913496188755356 -0.8533090109856204 -0.86773446909441809 -0.85573864946580525 -0.85519059244556472 -0.85006025996295864 -0.86253127430930188 -0.85093259832953894 -0.82995850184209186 -0.82746297602010677 -0.85469160941214184 -0.88341431490548472 -0.87664989290143669 -0.84703707266119366 -0.86853786523750176
leaf_weight=7.3331093788146999 8.0664203166961723 8.0664203166961652 7.3331093788146964 8.0664203166961688 8.7997312545776385 7.3331093788146964 11.366319537162779 15.399529695510862 8.4330757856369036 10.266353130340582 8.0664203166961652 7.6997648477554312 8.0664203166961652 8.4330757856369001
leaf_count=20 22 22 20 22 24 20 31 42 23 28 22 21 22 23
internal_value=-0.854692 -0.847498 -0.857816 -0.851899 -0.841782 -0.845899 -0.864231 -0.836338 -0.840538 -0.8689 -0.87213 -0.864933 -0.835264 -0.862931
internal_weight=132.729 39.5988 93.1305 48.3985 31.5324 31.899 44.732 24.1993 24.5659 33.3656 26.0325 17.9661 16.4995 16.4995
internal_count=362 108 254 132 86 87 122 66 67 91 71 49 45 45
is_linear=0
shrinkage=1


Tree=2
num_leaves=13
num_cat=0
split_feature=40 12 29 7 40 34 30 33 32 0 29 27
split_gain=7.34733 4.18402 4.40611 3.32634 4.4348 5.55512 3.0359 2.76587 1.69377 1.54814 1.77163 1.38178
threshold=721.00000000000011 -0.0062689414553574749 0.6863843940562655 0.88025012069928643 258.50000000000006 -0.16472844889249244 -0.21896388573807846 0.11620762805868635 -0.13470757925888308 1.0000000180025095e-35 1.0000000180025095e-35 1.0000000180025095e-35
decision_type=2 2 2 2 2 2 2 2 2 2 2 2
left_child=3 9 6 4 7 11 -3 -1 -8 10 -2 -6
right_child=1 2 -4 -5 5 -7 8 -9 -10 -11 -12 -13
leaf_value=-1.2384712859747065 -1.2141663428027445 -1.2354692536718224 -1.1997859224677945 -1.1973434855600025 -1.2115020298191626 -1.1918241048373948 -1.2254440346175577 -1.215338608783598 -1.2064558127207523 -1.2386124471547613 -1.2337328652258732 -1.2293168137153989
leaf_weight=7.4956505298614493 6.8710129857063311 10.306519478559499 7.4956505298614493 11.868113338947294 6.2463754415512067 9.9942007064819354 6.2463754415512112 8.1202880740165693 7.4956505298614458 18.114488780498505 6.5586942136287689 6.2463754415512085
leaf_count=24 22 33 24 38 20 32 20 26 24 58 21 20
internal_value=-1.21882 -1.22555 -1.21796 -1.21036 -1.21523 -1.20691 -1.22417 -1.22684 -1.21528 -1.23303 -1.22386 -1.22015
internal_weight=113.059 63.0884 31.5442 49.971 38.1029 22.487 24.0485 15.6159 13.742 31.5442 13.4297 12.4928
internal_count=362 202 101 160 122 72 77 50 44 101 43 40
is_linear=0
shrinkage=1


Tree=3
num_leaves=13
num_cat=0
split_feature=9 35 12 37 35 27 38 11 32 22 24 15
split_gain=7.16517 2.97825 5.04293 3.96169 3.60689 3.16238 2.48495 2.07321 1.31997 1.0996 2.20854 0.460965
threshold=-1.331488924628752 0.17260131695751474 -0.28766058794250582 1.0000000180025095e-35 -0.73855602301143242 1.4397484661214188 0.77011514985424157 0.16817931010810752 -0.36596949111525934 1.0000000180025095e-35 1.0000000180025095e-35 -0.24099909785976434
decision_type=2 2 2 2 2 2 2 2 2 2 2 2
left_child=-1 2 6 4 -4 9 7 -2 -6 -3 -11 -5
right_child=1 5 3 11 8 -7 -8 -9 -10 10 -12 -13
leaf_value=0.021718924181567411 0.0068497605852164264 -0.022761462749291438 -0.011347247890792498 -0.022405357693674691 0.020642203449577148 0.0058685235640547001 -0.0017809483074061861 0.03006176088741332 0.0017253380891435303 -0.014954622344731725 0.0039198803809247264 -0.0071549875180716383
leaf_weight=10.695446550846098 9.9434038102626854 8.3609352707862872 8.7371609508991224 7.5150582492351532 6.0506570935249293 8.4730640053749067 7.256909877061843 6.3712843954563132 7.849813669919973 14.085267126560213 7.2180115580558768 6.6400417983531934
leaf_count=35 33 28 29 25 20 28 24 21 26 47 24 22
internal_value=0 -0.002638 0.0014389 -0.00533776 0.00231299 -0.0090526 0.0119423 0.0180194 0.0115577 -0.0135844 -0.00845923 -0.0170058
internal_weight=109.197 98.5016 60.3643 36.7927 22.6376 38.1373 23.5716 16.3147 13.9005 29.6642 21.3033 14.1551
internal_count=362 327 200 122 75 127 78 54 46 99 71 47
is_linear=0
shrinkage=0.03


Tree=4
num_leaves=14
num_cat=0
split_feature=33 24 34 19 27 21 21 38 41 21 2 11 4
split_gain=3.24243 5.33296 3.95609 3.65381 3.51445 3.42263 3.24472 2.04658 2.02523 1.45351 1.63988 1.5365 0.725492
threshold=-0.56807617403436927 0.87676089360574005 -0.46643983238197101 0.51411970751249736 -0.67814424208923496 0.79243785242791132 0.79243785242791132 1.0000000180025095e-35 495.00000000000006 -0.97777197527282034 0.019321980922178149 0.16817931010810752 0.50379294229105076
decision_type=2 2 2 2 2 2 2 2 2 2 2 2 2
left_child=1 4 3 5 -1 7 9 -2 -6 -4 11 -11 -5
right_child=2 -3 6 12 8 -7 -8 -9 -10 10 -12 -13 -14
leaf_value=-0.004319453140825504 0.0048848820876300882 -0.012816236911596588 -0.0010076668928242466 -0.00050296834085541823 0.0068966768444798437 -0.0077332382983702009 0.0036863187115743971 0.023161754646941108 0.025970153179055371 0 -0.028236375743550611 -0.016976312808730191 -0.013569480927626384
leaf_weight=7.324330240488055 13.95753544569016 8.0478313863277418 7.330407351255416 8.0664359033107775 11.761984080076218 7.3255173861980429 11.372733831405638 10.650447636842726 12.510213017463684 7.698660731315619 8.0188190937042219 10.251773476600645 8.4092679321765882
leaf_count=20 38 22 20 22 32 20 31 29 34 21 22 28 23
internal_value=0 0.00701986 -0.00306869 0.00275318 0.0126054 0.00863458 -0.00939198 0.0139013 0.0178996 -0.0139974 -0.0171903 -0.0101503 -0.00808176
internal_weight=132.726 39.6444 93.0816 48.4092 31.5965 31.9335 44.6724 24.608 24.2722 33.2997 25.9693 17.9504 16.4757
internal_count=362 108 254 132 86 87 122 67 66 91 71 49 45
is_linear=0
shrinkage=0.03


Tree=5
num_leaves=14
num_cat=0
split_feature=40 33 33 7 40 34 33 13 6 22 40 27 27
split_gain=7.01297 3.61164 8.63684 3.11445 4.24291 5.22616 2.69571 1.78821 3.36428 1.73957 1.37524 0.551429 0.414272
threshold=721.00000000000011 1.0000000180025095e-35 0.11620762805868635 0.88025012069928643 258.50000000000006 -0.16472844889249244 0.11620762805868635 -0.6199223116349506 -1.0000000180025095e-35 -0.15162916029139836 408.50000000000006 -0.5550109451002434 1.0000000180025095e-35
decision_type=2 2 2 2 2 2 2 2 2 2 2 2 2
left_child=3 7 -3 4 6 10 -1 11 -9 -4 -6 -2 -13
right_child=1 2 9 -5 5 -7 -8 8 -10 -11 -12 12 -14
leaf_value=-0.019439705420666545 -0.023915093483814015 0.028124055752173367 -0.016232856877794192 0.020758312769560094 0.0073445060671194834 0.026109353769104827 0.0034300731164298688 -0.015802543081926461 0.011325558188734692 0.00018459936099573875 -0.01044037872171502 -0.0026331859486018057 -0.015229152353287249
leaf_weight=7.4281638860702506 9.6212067604064924 6.5731221139431026 9.9566334784030968 12.003474801778792 6.2418567240238172 10.127640157938005 8.1286500096321088 7.1606532335281372 6.227968364953993 10.289645493030543 6.2337242960929871 6.2253303527832049 6.8224920928478241
leaf_count=24 31 21 32 38 20 32 26 23 20 33 20 20 22
internal_value=0 -0.00660386 0.00152727 0.00823565 0.00350916 0.0116046 -0.0078874 -0.0126309 -0.00291073 -0.008176 -0.00127958 -0.0175866 -0.010523
internal_weight=113.041 62.8771 26.8194 50.1635 38.16 22.6032 15.5568 36.0577 13.3886 20.2463 12.4756 22.669 13.0478
internal_count=362 202 86 160 122 72 50 116 43 65 40 73 42
is_linear=0
shrinkage=0.03


end of trees

feature_importances:
Column_33=9
Column_27=7
Column_21=6
Column_40=5
Column_29=4
Column_34=4
Column_2=3
Column_22=3
Column_24=3
Column_32=3
Column_35=3
Column_7=2
Column_9=2
Column_11=2
Column_12=2
Column_19=2
Column_38=2
Column_0=1
Column_1=1
Column_4=1
Column_6=1
Column_13=1
Column_15=1
Column_23=1
Column_25=1
Column_26=1
Column_30=1
Column_37=1
Column_39=1
Column_41=1

parameters:
[boosting: gbdt]
[objective: multiclass]
[metric: multi_logloss]
[tree_learner: serial]
[device_type: cpu]
[data_sample_strategy: bagging]
[data: ]
[valid: ]
[num_iterations: 900]
[learning_rate: 0.03]
[num_leaves: 96]
[num_threads: 2]
[seed: 42]
[deterministic: 0]
[force_col_wise: 1]
[force_row_wise: 0]
[histogram_pool_size: -1]
[max_depth: 10]
[min_data_in_leaf: 20]
[min_sum_hessian_in_leaf: 0.001]
[bagging_fraction: 0.85]
[pos_bagging_fraction: 1]
[neg_bagging_fraction: 1]
[bagging_freq: 0]
[bagging_seed: 400]
[bagging_by_query: 0]
[feature_fraction: 0.8]
[feature_fraction_bynode: 1]
[feature_fraction_seed: 30056]
[extra_trees: 0]
[extra_seed: 12879]
[early_stopping_round: 0]
[early_stopping_min_delta: 0]
[first_metric_only: 0]
[max_delta_step: 0]
[lambda_l1: 0.2]
[lambda_l2: 1.5]
[linear_lambda: 0]
[min_gain_to_split: 0]
[drop_rate: 0.1]
[max_drop: 50]
[skip_drop: 0.5]
[xgboost_dart_mode: 0]
[uniform_drop: 0]
[drop_seed: 17869]
[top_rate: 0.2]
[other_rate: 0.1]
[min_data_per_group: 100]
[max_cat_threshold: 32]
[cat_l2: 10]
[cat_smooth: 10]
[max_cat_to_onehot: 4]
[top_k: 20]
[monotone_constraints: ]
[monotone_constraints_method: basic]
[monotone_penalty: 0]
[feature_contri: ]
[forcedsplits_filename: ]
[refit_decay_rate: 0.9]
[cegb_tradeoff: 1]
[cegb_penalty_split: 0]
[cegb_penalty_feature_lazy: ]
[cegb_penalty_feature_coupled: ]
[path_smooth: 0]
[interaction_constraints: ]
[verbosity: -1]
[saved_feature_importance_type: 0]
[use_quantized_grad: 0]
[num_grad_quant_bins: 4]
[quant_train_renew_leaf: 0]
[stochastic_rounding: 1]
[linear_tree: 0]
[max_bin: 255]
[max_bin_by_feature: ]
[min_data_in_bin: 3]
[bin_construct_sample_cnt: 200000]
[data_random_seed: 175]
[is_enable_sparse: 1]
[enable_bundle: 1]
[use_missing: 1]
[zero_as_missing: 0]
[feature_pre_filter: 1]
[pre_partition: 0]
[two_round: 0]
[header: 0]
[label_column: ]
[weight_column: ]
[group_column: ]
[ignore_column: ]
[categorical_feature: ]
[forcedbins_filename: ]
[precise_float_parser: 0]
[parser_config_file: ]
[objective_seed: 16083]
[num_class: 3]
[is_unbalance: 0]
[scale_pos_weight: 1]
[sigmoid: 1]
[boost_from_average: 1]
[reg_sqrt: 0]
[alpha: 0.9]
[fair_c: 1]
[poisson_max_delta_step: 0.7]
[tweedie_variance_power: 1.5]
[lambdarank_truncation_level: 30]
[lambdarank_norm: 1]
[label_gain: ]
[lambdarank_position_bias_regularization: 0]
[eval_at: ]
[multi_error_top_k: 1]
[auc_mu_weights: ]
[num_machines: 1]
[local_listen_port: 12400]
[time_out: 120]
[machine_list_filename: ]
[machines: ]
[gpu_platform_id: -1]
[gpu_device_id: -1]
[gpu_device_id_list: ]
[gpu_use_dp: 0]
[num_gpu: 1]

end of parameters

pandas_categorical:null
