tree
version=v4
num_class=1
num_tree_per_iteration=1
label_index=0
max_feature_idx=62
objective=binary sigmoid:1
feature_names=Column_0 Column_1 Column_2 Column_3 Column_4 Column_5 Column_6 Column_7 Column_8 Column_9 Column_10 Column_11 Column_12 Column_13 Column_14 Column_15 Column_16 Column_17 Column_18 Column_19 Column_20 Column_21 Column_22 Column_23 Column_24 Column_25 Column_26 Column_27 Column_28 Column_29 Column_30 Column_31 Column_32 Column_33 Column_34 Column_35 Column_36 Column_37 Column_38 Column_39 Column_40 Column_41 Column_42 Column_43 Column_44 Column_45 Column_46 Column_47 Column_48 Column_49 Column_50 Column_51 Column_52 Column_53 Column_54 Column_55 Column_56 Column_57 Column_58 Column_59 Column_60 Column_61 Column_62
feature_infos=[-2.6683131652070582:10.84434358945253] [-1.2260026650190854:11.968238265201087] [-1.3569461474492535:10.450676470425289] [-2.6595127606187687:10.818027543540135] [-1.1437520145072613:12.385613473043282] [-1.3811199597932833:8.3693417464532782] [-2.8498749776799968:5.8926128230916053] [-1.5867362180357454:9.1025395982953228] [-2.687944026459856:5.2072237159739201] [-3.2419382415446285:4.6021735449677301] [-7.0226670845409203:1.9628946420853592] [-2.6033549230896473:4.463381150154067] [-1.5504750345928324:8.4737035833078291] [-3.2783638533700667:3.8541317795571794] [-2.56107339979236:4.4791645480226174] [-3.2783638533700667:3.8541317795571794] [-7.2070549601070226:2.2618593690028401] [-2.56107339979236:4.4791645480226174] [-7.4879893499257415:0.81539016730071223] [-1.7371492340863026:1.7244863035060349] [-1.4823963253599828:1.3695481467036565] [-2.1063636105873309:1.1185864078517116] [-1.4479704270073845:0.69062183960951296] [-2.2523107779194333:2.5364488284038234] [-2.3505403400786027:3.8344473757113327] [-2.3093983896764447:4.34824698934686] [-3.3584170140302083:3.5023151934557228] [-2.3648826155877023:2.4978512883821646] [-2.4161196505658578:4.3819947007052464] [-2.3819085804863969:3.8433911746102072] [-3.2026151849936078:3.1362271019674015] [-2.8816909516854752:3.2047550375097185] [-2.5692308694341244:3.4334683251152516] [-2.9866403684627767:3.9768282743348498] [-3.6554527874017211:2.9795493149570373] [-2.8428136155291841:3.2904964897355464] [-2.6115209594802899:3.8301797526895287] [-2.6556631765339973:3.7762606108774102] [-3.2153795436588259:3.3665241389865264] [-3.3559952566749702:4.0449239523265232] [-3.0629594946959529:4.0506252915262468] [-2.7471631485000474:2.155700509748439] [-4.7356715078548604:3.5966703303702912] [-1.896408005453855:2.9304244547397325] [-3.5253263642878379:3.2003709103829272] [-2.1292380355714435:5.9885287549907655] [-2.5996512382470853:5.6928767136757852] [-3.8911399521388601:4.0329557789134194] [-3.6759809743898075:2.9853138732037947] [-1.1537984496124107:4.6102325581395656] [-1.1522258751082786:4.6562424075731563] [-9.9960035543772943:9.5878740012214383] [-5.9357954498751315:5.9302419222438738] [-4.7125277851118259:8.477182160005146] [-2.6872038103523517:3.0296656507346698] [-2.7323858160485299:3.0243122722822577] [-1.2333505802449476:3.2662380477403192] [-1.1257302322392255:3.6530318794517913] [-1.3006890057260891:3.1578225058804517] [-2.9655212497591554:3.0719541229440961] [2:814] [2:814] [0:2]
tree_sizes=3997 4789

Tree=0
num_leaves=37
num_cat=0
split_feature=45 42 47 61 61 46 45 18 20 14 14 40 37 52 54 27 45 44 58 36 54 54 57 7 45 36 23 46 54 26 12 54 47 55 32 14
split_gain=17.3658 8.91813 7.29548 9.67948 5.36038 6.97441 5.35683 7.23992 5.2642 4.65496 8.55507 4.73995 5.03707 4.62312 4.99805 8.09732 5.11467 4.54566 4.24299 5.20929 6.44785 4.86738 5.25248 4.12655 3.67535 3.34575 3.04377 5.74451 2.65672 2.52249 3.51239 2.33863 2.31754 2.11304 1.97517 1.07853
threshold=0.07064552701420436 -1.741236159742696 0.57505307584723664 600.50000000000011 678.50000000000011 -0.32473806524238985 1.0964894142416595 0.65152651424367714 0.72137894850737505 1.3884826970829327 2.2297829161819283 -1.1875598692373728 0.56029871717170632 0.88717603909329712 -0.83451695592117658 -0.25769792386742679 -1.1304316740700351 -0.76298641219091612 -0.85483785456543493 0.26423828702409341 0.36237111608181005 0.66959613907531679 -0.64785402107012369 0.19194240600767712 0.40684159939707493 -1.192813064538127 -0.4964322556009057 -0.66523501855179579 -0.10247943580232634 -0.18215210315709168 -0.71267523232403573 1.0146100613453479 -0.395262729295558 0.18545656275711117 0.31668220486846038 -0.80396104501716315
decision_type=2 2 2 2 2 2 2 2 2 2 2 2 2 2 2 2 2 2 2 2 2 2 2 2 2 2 2 2 2 2 2 2 2 2 2 2
left_child=1 -1 4 35 9 -6 7 18 25 11 -11 -3 13 14 16 -16 -13 -5 23 21 -21 22 -20 33 -9 -8 -14 -28 -24 -27 -31 -23 -26 -2 -10 -4
right_child=6 2 3 17 5 -7 8 24 34 10 -12 12 26 -15 15 -17 -18 -19 19 20 -22 31 28 -25 32 29 27 -29 -30 30 -32 -33 -34 -35 -36 -37
leaf_value=0.066430892412668113 0.032942208379469901 0.01479829876122276 0.045145055261310948 0.012664721532039121 0.034636446985585177 -0.0047520530126226729 -0.0094806579995638032 0.027442504060202697 0.020251453605159241 0.0048190308597092849 0.048025360761236424 0.025006864362432549 0.06452762979237095 0.053565824873009371 0.045220342744159869 0.020670011703728255 0.051575089776302666 0.044368161312014279 0.038315352982127737 0.028212935393989051 -0.005201676817592836 0.050968918259849109 0.025006864362432549 0.016803451523612373 0.06649035650205401 0.0013197480415728241 0.017558117733857431 0.053812824083253281 0.00025268342970796373 0.0098928161758854334 0.038315352982127737 0.029592205841173926 0.036254483260182463 0.057257858631645217 0.043409111826032021 0.071200983111048749
leaf_weight=7.4981747567653647 7.9980530738830584 6.7483572810888282 5.248722329735755 5.748600646853447 7.7481139153242111 5.9985398054122907 7.7481139153242102 6.4984181225299862 5.2487223297357541 9.997566342353819 4.9987831711769095 8.4979313910007495 7.9980530738830593 9.2477488666772825 15.246288672089568 41.489900320768371 17.99561941623687 7.7481139153242093 7.2482355982065227 9.4976880252361315 12.247018769383429 6.2484789639711371 8.4979313910007495 5.7486006468534461 4.9987831711769113 5.4986614882946041 4.9987831711769113 8.4979313910007441 9.7476271837949735 5.4986614882946032 7.2482355982065201 9.7476271837949735 5.2487223297357533 4.9987831711769104 4.9987831711769104 9.7476271837949771
leaf_count=30 32 27 21 23 31 24 31 26 21 40 20 34 32 37 61 166 72 31 29 38 49 25 34 23 20 22 20 34 39 22 29 39 21 20 20 39
internal_value=0.0312038 0.037143 0.0355914 0.0491187 0.0328205 0.0159958 0.0230673 0.0268992 0.0133736 0.034716 0.0198049 0.0367345 0.0382816 0.035007 0.0325147 0.0275614 0.0429635 0.0307612 0.0231689 0.0194913 0.00800027 0.0262527 0.0183168 0.0352269 0.0439914 0.0065313 0.050942 0.0399633 0.0101316 0.0162089 0.0255229 0.0385782 0.0541368 0.0444364 0.0312038 0.064542
internal_weight=320.422 185.455 177.957 28.4931 149.464 13.7467 134.967 98.726 36.2412 135.717 14.9963 120.721 113.972 92.4775 83.2297 56.7362 26.4936 13.4967 81.98 63.2346 21.7447 41.4899 25.4938 18.7454 16.7459 25.9937 21.4948 13.4967 18.2456 18.2456 12.7469 15.9961 10.2475 12.9968 10.2475 14.9963
internal_count=1282 742 712 114 598 55 540 395 145 543 60 483 456 370 333 227 106 54 328 253 87 166 102 75 67 104 86 54 73 73 51 64 41 52 41 60
is_linear=0
shrinkage=1


Tree=1
num_leaves=44
num_cat=0
split_feature=19 60 42 46 19 36 55 56 28 42 49 12 24 47 27 32 36 21 19 19 19 48 46 26 54 40 28 36 12 47 12 9 21 47 46 34 46 46 46 24 33 33 46
split_gain=11.7397 12.8703 12.2897 7.4467 7.05718 6.26139 8.628 6.10998 10.2368 6.64831 6.39767 6.80932 6.0478 7.38372 5.9054 6.63548 5.63361 6.27131 5.81393 5.29191 5.07655 4.79598 6.53538 4.0269 4.79095 3.81644 3.7437 3.82474 3.66305 3.01622 2.98403 2.95881 2.38496 3.09337 2.33202 2.28072 1.92538 1.67054 1.59737 1.09476 0.960073 0.718275 0.355214
threshold=1.3067027041414427 203.00000000000003 -1.741236159742696 1.1921855417304392 -0.96126540669491656 -0.42594393213695841 1.1030985385076979 1.0164437337476862 1.0000000180025095e-35 0.60223498225812755 -0.25937984496124195 0.024306646366085111 -0.71333770942832542 0.19683158689050748 0.2826058432403365 0.31668220486846038 -0.42594393213695841 -0.76263443623772975 1.0000000180025095e-35 0.47113550541225757 0.8292357334390511 -0.70189306986467526 -0.17543564896377664 0.3260502825826071 -0.86099815191850493 -0.45918324519356885 0.1778976676823269 1.0000000180025095e-35 1.2957167265894578 0.36189883906503628 0.16065766566504433 -0.71624348289579476 0.8498405729817915 0.32855505742774443 -0.22985991854765012 1.1279208212755238 -0.027549610299484311 -0.19437578120812751 -0.42224197188485657 0.2871750093023992 -0.9456236972979547 1.0000000180025095e-35 0.23959462161669046
decision_type=2 2 2 2 2 2 2 2 2 2 2 2 2 2 2 2 2 2 2 2 2 2 2 2 2 2 2 2 2 2 2 2 2 2 2 2 2 2 2 2 2 2 2
left_child=2 -2 -1 4 5 23 26 9 34 10 11 12 -6 -14 19 31 17 -11 29 28 36 42 -23 24 -4 -21 27 -7 -12 -18 -19 -16 33 -3 39 -20 -10 41 -29 -9 -35 -28 -13
right_child=1 32 3 -5 7 6 -8 8 20 16 14 21 13 -15 15 -17 18 30 35 25 -22 22 -24 -25 -26 -27 37 38 -30 -31 -32 -33 -34 40 -36 -37 -38 -39 -40 -41 -42 -43 -44
leaf_value=0.035679747056049205 0.022860161609846257 -0.036390877252389341 0.0021166318103164688 0.028997746550126859 -0.030804457731486917 0.021186753674815366 -0.012591900652587621 0.014347121611253198 -0.027257055414538611 -0.024149721264842904 -0.028734809966022918 0.036061215225210962 0.023609716119559511 -0.018441851326918425 -0.0017888669121274652 -0.021116388653283122 0.0052758978286272882 0.023492423793250564 -0.043641528162067407 0.014804153054307954 0.013753256798115602 0.018108667873950504 -0.0094240199271559359 0.010931210261297265 -0.031849310969767508 -0.013448337092142182 0.01836315301347069 -0.013870993587240721 -0.0018418858869834887 -0.020905168949807384 -0.0043464708606110285 0.021838043557062276 -0.0035998965203842578 -0.019517773010477784 0.0058203771149085105 -0.012670816800606501 -0.0019972969868137245 0.011752730239535304 0.0062916114402731928 0.041141551298684596 -0.0014848445820664778 0.043702201197818528 0.014368495826357878
leaf_weight=7.9916428178548804 5.2482989132404319 13.748131483793264 6.4973307400941858 6.7454352974891654 5.7487076967954662 9.7461398690938967 7.9981428384780875 5.9974936395883578 6.7480758428573617 5.2487812042236337 19.244306445121769 5.247895732522009 6.2477766126394254 5.7483709305524826 6.7479858100414321 5.4987679570913306 7.4975534826517123 6.2475279420614243 9.4979110956191999 6.7474929094314575 5.2475274652242652 14.744363367557526 13.246564865112305 6.745897874236106 5.9985657185316095 7.497431665658949 6.7472728788852692 4.9974801242351532 6.7477443218231192 5.4991883486509323 4.998647466301918 10.74551160633564 5.998877376317977 5.9990672022104263 6.4971809089183798 5.4983384758234015 5.2483904063701639 7.4967432469129571 5.9974986016750318 5.4979130178689957 5.7492744922637922 6.7459446787834167 5.9976387470960617
leaf_count=32 21 55 26 27 23 39 32 24 27 21 77 21 25 23 27 22 30 25 38 27 21 59 53 27 24 30 27 20 27 22 20 43 24 24 26 22 21 30 24 22 23 27 24
internal_value=0 -0.0156039 0.00209715 0.000914045 3.04352e-05 0.00822329 0.0137668 -0.00280623 0.00823492 -0.00525755 -0.00147142 0.00568072 -0.00904362 0.00320458 -0.00799181 0.003792 -0.0149758 -0.000512319 -0.0228356 -0.0147634 -0.00776229 0.0125749 0.00505891 -0.00577381 -0.0154257 0 0.0192191 0.00878166 -0.0224529 -0.00640482 0.0115927 0.0129867 -0.0229431 -0.0268191 0.0232919 -0.0348346 -0.0181008 0.0279924 -0.0029576 0.0308934 -0.0123132 0.0345364 0.0280151
internal_weight=320.387 36.7436 283.643 275.652 268.906 68.971 49.7292 199.935 35.2366 164.699 120.211 56.9813 17.7449 11.9961 63.2292 22.9923 44.4879 16.495 27.993 40.237 17.244 39.2365 27.9909 19.2418 12.4959 14.2449 41.7311 20.7411 25.9921 12.9967 11.2462 17.4935 31.4954 25.4965 17.9926 14.9962 11.9965 20.99 10.995 11.4954 11.7483 13.4932 11.2455
internal_count=1282 147 1135 1103 1076 276 199 800 141 659 481 228 71 48 253 92 178 66 112 161 69 157 112 77 50 57 167 83 104 52 45 70 126 102 72 60 48 84 44 46 47 54 45
is_linear=0
shrinkage=0.03


end of trees

feature_importances:
Column_46=9
Column_54=6
Column_19=5
Column_36=5
Column_47=5
Column_12=4
Column_45=4
Column_14=3
Column_42=3
Column_21=2
Column_24=2
Column_26=2
Column_27=2
Column_28=2
Column_32=2
Column_33=2
Column_40=2
Column_55=2
Column_61=2
Column_7=1
Column_9=1
Column_18=1
Column_20=1
Column_23=1
Column_34=1
Column_37=1
Column_44=1
Column_48=1
Column_49=1
Column_52=1
Column_56=1
Column_57=1
Column_58=1
Column_60=1

parameters:
[boosting: gbdt]
[objective: binary]
[metric: binary_logloss]
[tree_learner: serial]
[device_type: cpu]
[data_sample_strategy: bagging]
[data: ]
[valid: ]
[num_iterations: 1400]
[learning_rate: 0.03]
[num_leaves: 96]
[num_threads: 2]
[seed: 42]
[deterministic: 0]
[force_col_wise: 1]
[force_row_wise: 0]
[histogram_pool_size: -1]
[max_depth: 10]
[min_data_in_leaf: 20]
[min_sum_hessian_in_leaf: 0.001]
[bagging_fraction: 0.85]
[pos_bagging_fraction: 1]
[neg_bagging_fraction: 1]
[bagging_freq: 0]
[bagging_seed: 400]
[bagging_by_query: 0]
[feature_fraction: 0.8]
[feature_fraction_bynode: 1]
[feature_fraction_seed: 30056]
[extra_trees: 0]
[extra_seed: 12879]
[early_stopping_round: 0]
[early_stopping_min_delta: 0]
[first_metric_only: 0]
[max_delta_step: 0]
[lambda_l1: 0.2]
[lambda_l2: 1.5]
[linear_lambda: 0]
[min_gain_to_split: 0]
[drop_rate: 0.1]
[max_drop: 50]
[skip_drop: 0.5]
[xgboost_dart_mode: 0]
[uniform_drop: 0]
[drop_seed: 17869]
[top_rate: 0.2]
[other_rate: 0.1]
[min_data_per_group: 100]
[max_cat_threshold: 32]
[cat_l2: 10]
[cat_smooth: 10]
[max_cat_to_onehot: 4]
[top_k: 20]
[monotone_constraints: ]
[monotone_constraints_method: basic]
[monotone_penalty: 0]
[feature_contri: ]
[forcedsplits_filename: ]
[refit_decay_rate: 0.9]
[cegb_tradeoff: 1]
[cegb_penalty_split: 0]
[cegb_penalty_feature_lazy: ]
[cegb_penalty_feature_coupled: ]
[path_smooth: 0]
[interaction_constraints: ]
[verbosity: -1]
[saved_feature_importance_type: 0]
[use_quantized_grad: 0]
[num_grad_quant_bins: 4]
[quant_train_renew_leaf: 0]
[stochastic_rounding: 1]
[linear_tree: 0]
[max_bin: 255]
[max_bin_by_feature: ]
[min_data_in_bin: 3]
[bin_construct_sample_cnt: 200000]
[data_random_seed: 175]
[is_enable_sparse: 1]
[enable_bundle: 1]
[use_missing: 1]
[zero_as_missing: 0]
[feature_pre_filter: 1]
[pre_partition: 0]
[two_round: 0]
[header: 0]
[label_column: ]
[weight_column: ]
[group_column: ]
[ignore_column: ]
[categorical_feature: ]
[forcedbins_filename: ]
[precise_float_parser: 0]
[parser_config_file: ]
[objective_seed: 16083]
[num_class: 1]
[is_unbalance: 0]
[scale_pos_weight: 1]
[sigmoid: 1]
[boost_from_average: 1]
[reg_sqrt: 0]
[alpha: 0.9]
[fair_c: 1]
[poisson_max_delta_step: 0.7]
[tweedie_variance_power: 1.5]
[lambdarank_truncation_level: 30]
[lambdarank_norm: 1]
[label_gain: ]
[lambdarank_position_bias_regularization: 0]
[eval_at: ]
[multi_error_top_k: 1]
[auc_mu_weights: ]
[num_machines: 1]
[local_listen_port: 12400]
[time_out: 120]
[machine_list_filename: ]
[machines: ]
[gpu_platform_id: -1]
[gpu_device_id: -1]
[gpu_device_id_list: ]
[gpu_use_dp: 0]
[num_gpu: 1]

end of parameters

pandas_categorical:null
