tree
version=v4
num_class=1
num_tree_per_iteration=1
label_index=0
max_feature_idx=42
objective=binary sigmoid:1
feature_names=Column_0 Column_1 Column_2 Column_3 Column_4 Column_5 Column_6 Column_7 Column_8 Column_9 Column_10 Column_11 Column_12 Column_13 Column_14 Column_15 Column_16 Column_17 Column_18 Column_19 Column_20 Column_21 Column_22 Column_23 Column_24 Column_25 Column_26 Column_27 Column_28 Column_29 Column_30 Column_31 Column_32 Column_33 Column_34 Column_35 Column_36 Column_37 Column_38 Column_39 Column_40 Column_41 Column_42
feature_infos=[-1.309974241245363:7.5770502396927828] [-1.1674695475235224:9.3505063344595758] [-1.2632220359904003:6.7928863475284853] [-1.3094099349827784:7.5944908946248706] [-1.1651648127852909:9.3476288614443774] [-1.2621470546963365:6.7861575298564114] [-2.0239185205548407:4.4409106509431426] [-1.551420762817016:7.0103462968712495] [-2.3237613506129917:3.7052147116404237] [-2.6391032072855656:2.8289063732442505] [-5.3043225590984839:1.9539555921065752] [-2.0341859916022584:3.8728128127395776] [-1.5155126734292073:3.3790793851819521] [-2.6338724754019793:2.9836529005756378] [-2.0328703091281755:3.9916396685244666] [-1.7195766480082313:1.7072341617692715] [-1.3680114148203684:1.5083750860284999] [-3.5606544158375586:0.64415128152084522] [-2.5575566250644464:0.3909981856119466] [-2.3367593900712196:2.4831716665931651] [-2.2940482586707214:4.2902769050322735] [-2.287050116241883:3.1598516772111815] [-3.1547701292493566:3.5383120291685066] [-2.3802984262615312:2.319681070356022] [-2.3215964554649267:4.4492567685651645] [-2.2065538366553761:4.9302155554694869] [-4.2141813158753161:3.541894178698092] [-3.0534999839646453:3.0952715861642464] [-2.3065544276961258:4.2904463339531675] [-2.9993782942381313:3.5105846071876563] [-3.2533349634015352:4.0406308882719735] [-2.6707308184835976:3.0421468145195698] [-2.3240068269423397:4.6690989021494138] [-2.9415737968433184:4.007463778453535] [-3.1164193393466433:4.3833857900461064] [-3.7725758326483403:3.7477012442419624] [-2.7418011758564234:3.7055091557125852] [-1.797558008462482:2.4079485094236057] [-1.1535117433793594:3.1011496618490315] [-1.1614393054735943:2.8566115203753522] [23:817] [23:817] none
tree_sizes=4292 4574 3646 4368 4041 4059 4268 3312 4123 4543 4500

Tree=0
num_leaves=40
num_cat=0
split_feature=23 25 28 15 28 26 17 16 34 25 28 10 0 25 36 37 28 31 35 29 40 1 21 16 15 39 29 36 36 16 40 15 36 36 37 30 29 33 31
split_gain=11.5357 9.91497 6.77418 6.64386 6.50743 9.42076 6.63867 6.35141 5.97698 5.05562 5.70255 4.42511 4.5057 4.39797 5.41858 4.20309 6.42693 3.78871 3.73871 5.56388 3.62667 3.28987 3.57909 3.25589 3.23225 5.42843 3.10198 2.86982 2.74407 2.78344 2.73154 2.54096 2.48334 2.44735 2.28798 5.03059 1.93521 1.4783 0.37043
threshold=-0.65697261083509495 1.0000000180025095e-35 -1.5850074693907341 0.8209899868268139 -0.34806982658149188 -0.0037403331068942259 1.0000000180025095e-35 0.5931611993947693 -0.49856283191709866 -0.60078072342728195 0.84469147184170645 -1.0011659231920644 -0.44611480948962196 -0.95761919303352505 0.419860621355302 -0.53590605309665573 -0.34806982658149188 0.89981770214338219 -0.075106269843941711 0.49671289356460618 622.00000000000011 -0.45304099704919881 -0.65297957820596364 -0.71428721008198914 -1.1878301430427565 -1.0000000180025095e-35 1.0000000180025095e-35 -0.20007306437248731 -0.11255301462268154 -1.0000000180025095e-35 624.00000000000011 1.0000000180025095e-35 -0.94399348724583432 -0.11255301462268154 -1.0000000180025095e-35 -0.1784277906372127 0.25560315647476228 0.77256697616017223 0.28772367003589999
decision_type=2 2 2 2 2 2 2 2 2 2 2 2 2 2 2 2 2 2 2 2 2 2 2 2 2 2 2 2 2 2 2 2 2 2 2 2 2 2 2
left_child=1 31 -2 4 5 23 7 -7 32 10 18 -11 27 17 -15 16 -3 -10 19 -6 -16 -17 -23 -4 36 30 -8 -13 -20 -30 -26 -1 -5 -25 -24 -36 -14 -18 -27
right_child=2 15 3 8 9 6 26 -9 13 11 -12 12 24 14 20 21 37 -19 28 -21 -22 22 34 33 25 38 -28 -29 29 -31 -32 -33 -34 -35 35 -37 -38 -39 -40
leaf_value=0.053128557995520971 0.12234495977988069 0.10096561822029941 0.11661478001893549 0.10078342441147424 0.12829995802208896 0.10587314006231588 0.079921768348781785 0.06991245758425671 0.077623505341975457 0.06991245758425671 0.12409916603660381 0.12173579128550224 0.10712749159613544 0.13058616756520858 0.11738143525941634 0.07682292557928358 0.056098001391964872 0.1096871726205696 0.07420876497004622 0.089208551739650269 0.087587991277922744 0.082502696763924105 0.092709398104267343 0.079262883732831357 0.089300846142985058 0.092709398104267343 0.052091813185476725 0.092709398104267343 0.086152799839791239 0.11112815070398016 0.061685979914588088 0.081039121706799069 0.076172394024865447 0.10326048590526947 0.093060617218774733 0.12795184936580223 0.087087620458627821 0.081039121706799069 0.10351238993937882
leaf_weight=9.2301522046327609 7.2344436198472968 6.4860529005527523 5.7376621812582043 5.2387350350618362 5.4881986081600207 8.731225058436392 9.4796157777309435 6.2365893274545661 4.9892714619636518 6.2365893274545661 8.9806886315345746 5.9871257543563843 9.7290793508291191 12.473178654909136 4.9892714619636518 5.7376621812582007 5.7376621812581998 5.2387350350618362 5.4881986081600216 5.2387350350618362 6.984980046749115 7.2344436198473003 9.4796157777309453 5.9871257543563852 6.2365893274545643 5.2387350350618433 9.7290793508291227 5.2387350350618345 7.7333707660436639 5.4881986081600163 8.2322979122400266 7.4839071929454795 6.4860529005527479 6.2365893274545643 7.4839071929454821 6.735516473650927 5.488198608160018 7.4839071929454803 4.9892714619636536
leaf_count=37 29 26 23 21 22 35 38 25 20 25 36 24 39 50 20 23 23 21 22 21 28 29 38 24 25 21 39 21 31 22 33 30 26 25 30 27 22 30 20
internal_value=0.0927094 0.0826202 0.0964155 0.0952 0.0921002 0.0836819 0.074653 0.0905422 0.104917 0.096689 0.10491 0.0911161 0.0941638 0.111021 0.117602 0.0890633 0.0783801 0.0936057 0.097623 0.110631 0.100921 0.094985 0.0991177 0.100621 0.0894455 0.082869 0.0636153 0.109819 0.0896855 0.0969328 0.071775 0.0633061 0.087291 0.0917588 0.104733 0.111756 0.0996852 0.0671805 0.0987217
internal_weight=274.659 73.0928 201.567 194.332 147.932 52.1379 34.1765 14.9678 46.4002 95.794 38.4174 57.3766 51.14 34.6754 24.4474 56.3788 19.7076 10.228 29.4367 10.7269 11.9743 36.6711 30.9335 17.9614 39.9142 24.6969 19.2087 11.2259 18.7098 13.2216 14.4689 16.7141 11.7248 12.2237 23.699 14.2194 15.2173 13.2216 10.228
internal_count=1101 293 808 779 593 209 137 60 186 384 154 230 205 139 98 226 79 41 118 43 48 147 124 72 160 99 77 45 75 53 58 67 47 49 95 57 61 53 41
is_linear=0
shrinkage=1


Tree=1
num_leaves=42
num_cat=0
split_feature=23 25 15 20 26 17 3 16 34 19 36 33 23 15 21 34 24 3 24 7 37 27 41 29 29 15 35 16 40 23 36 29 19 29 16 15 16 32 32 34 22
split_gain=10.9684 9.39751 6.08971 5.91062 6.63914 6.8679 6.10358 5.79724 5.14138 4.77138 5.29962 4.89861 5.06126 3.96728 3.79456 4.50793 3.53456 4.42643 3.93071 7.10507 3.21752 3.26077 3.15152 5.10942 10.0085 4.57722 3.11252 2.9679 2.96028 2.74024 4.51599 6.89572 2.58216 2.54293 2.45746 2.39128 2.0058 1.71956 1.15739 0.843649 0.589173
threshold=-0.65697261083509495 1.0000000180025095e-35 0.8209899868268139 0.092769613171614168 0.2178618238809174 1.0000000180025095e-35 -0.95076488250684121 -0.71428721008198914 -0.49856283191709866 1.0000000180025095e-35 -0.82000675010027646 1.0000000180025095e-35 -1.2836365437174353 0.93915587681914159 0.345619083927098 -0.074045560442037417 -0.22585617183656542 -0.24026301198668837 0.74140857445344777 0.34230713518773076 1.0000000180025095e-35 -0.28655277740664403 555.50000000000011 0.25560315647476228 0.93874741156265384 -0.12433713311180762 -0.38476473771589509 -0.71428721008198914 682.50000000000011 1.2230191878119265 0.54384735850085997 1.0000000180025095e-35 1.3049662971863161 -0.46772605479476947 -0.71428721008198914 1.0000000180025095e-35 0.33167151749941753 -0.16437123413459237 1.0000000180025095e-35 -0.49856283191709866 0.65336282295391046
decision_type=2 2 2 2 2 2 2 2 2 2 2 2 2 2 2 2 2 2 2 2 2 2 2 2 2 2 2 2 2 2 2 2 2 2 2 2 2 2 2 2 2
left_child=1 35 3 4 7 20 -5 37 34 11 27 -3 13 -13 15 33 17 -10 28 -20 21 -6 25 32 -25 38 -22 -11 -18 30 31 -7 40 -9 -4 -1 -14 -2 -8 -12 -24
right_child=2 9 8 6 5 29 22 14 16 10 39 12 36 -15 -16 -17 18 -19 19 -21 26 -23 23 24 -26 -27 -28 -29 -30 -31 -32 -33 -34 -35 -36 -37 -38 -39 -40 -41 -42
leaf_value=-0.038510786887137986 0.030473575220146543 -0.019464315312782379 -0.016763004905990808 -0.017521261684479737 -0.024103548626913454 0.012516003833182359 0 0.027930611473619724 -0.015210572821705992 -0.01489376517231797 -0.03545906257197802 -0.016211547855379531 0.0083142077793022535 0.013080852125809724 -0.016464411397616556 -0.01208901717641365 0.044599498266922513 0.019753967022904002 -0.01549397699484679 0.027732513148171409 0.024923281254923768 0.0050006072843196431 0.015536697378361728 -0.019422231526309636 0.029182624051460913 0.019579095530317017 -0.0035268318220475765 0.011554193404348349 0.012809220398056063 -0.0045294515326041894 -0.040928837431467323 -0.027775959213711482 0.0067570886735991388 0.00083658039404980924 0.0070790535858474175 -0.01137374877420675 0.034583340107553033 0.0051910561110897306 -0.018489509631646837 -0.012478713344232091 0.037371767720913156
leaf_weight=9.2434759587049502 6.4809561520814896 4.9910546988248852 5.2393497973680496 5.9853819757699958 4.9909887164831161 5.238114342093473 5.7356804162263888 5.7355691343545923 4.9873948246240616 4.9909588694572449 5.4899632781744003 7.7340088337659871 7.7316939383745158 5.9878002852201462 9.7300408631563169 6.9856833368539837 8.471358850598337 4.9854027926921827 4.9844822734594327 5.7332220822572708 5.9855346977710724 5.9867447614669818 6.4824121296405819 7.7348747849464399 4.9877234101295471 5.7350038737058631 5.238059386610983 7.7312960326671618 6.7264589220285407 9.4791802614927274 8.7363860905170423 7.4898238331079483 7.4793641418218604 6.4867766797542581 7.4841888844966871 7.4876998364925376 5.2359906882047653 5.4836338907480222 5.4878743439912796 6.4889257699251157 9.2253424376249296
leaf_count=37 26 20 21 24 20 21 23 23 20 20 22 31 31 24 39 28 34 20 20 23 24 24 26 31 20 23 21 31 27 38 35 30 30 26 30 30 21 22 22 26 37
internal_value=0 -0.0098363 0.00361465 0.00059288 -0.00401393 -0.0109119 0.00797072 0.00487603 0.0126972 -0.00355814 -0.0131125 0.00396656 0.00936365 -0.00300561 -0.00238859 0.00512805 0.0183387 0.0020427 0.023936 0.00770398 0.00159411 -0.00905754 0.0113709 0.0162387 0.000278916 0.000256186 0.0123236 0.00028022 0.0333033 -0.0197284 -0.0254451 -0.011201 0.0242037 0.0156515 -0.00304933 -0.0286303 0.0218215 0.0212008 -0.01029 -0.0262298 0.0308492
internal_weight=274.626 73.1129 201.513 152.901 94.0475 53.1448 58.8537 40.9027 48.6119 56.3817 24.7011 31.6805 26.6895 13.7218 28.9381 19.208 35.8883 9.9728 25.9155 10.7177 22.2013 10.9777 52.8683 35.9097 12.7226 16.9586 11.2236 12.7223 15.1978 30.9435 21.4643 12.7279 23.1871 12.2223 12.7235 16.7312 12.9677 11.9646 11.2236 11.9789 15.7078
internal_count=1101 293 808 613 377 213 236 164 195 226 99 127 107 55 116 77 144 40 104 43 89 44 212 144 51 68 45 51 61 124 86 51 93 49 51 67 52 48 45 48 63
is_linear=0
shrinkage=0.03


Tree=2
num_leaves=33
num_cat=0
split_feature=28 37 12 21 26 28 27 7 22 34 31 25 29 19 21 41 41 30 12 35 9 35 31 31 12 25 12 19 38 14 17 25
split_gain=8.15572 8.60388 7.64713 7.13689 6.12181 11.6373 7.45929 6.18599 5.33772 6.24599 6.45738 4.78862 4.32662 4.17951 9.20731 4.00512 8.18863 5.9404 4.60326 3.85389 3.44919 4.54247 11.7474 6.04474 3.17972 2.99142 4.94878 7.19548 2.92367 1.79381 1.54805 0.412459
threshold=-1.7911637431922747 1.0000000180025095e-35 2.639965802998375 -1.3792331506663722 -0.77934788256423493 -0.14191355277995152 -0.69647088208190333 0.34230713518773076 0.65336282295391046 0.13821307529549318 1.0000000180025095e-35 0.46973468539144742 -0.94994552897445739 0.71586361248289088 -1.1371486265129027 397.00000000000006 555.50000000000011 0.96572371550765157 0.076612627310000195 -0.075106269843941711 -1.0489137435273683 -0.38476473771589509 -0.52840170610740966 -0.52840170610740966 -0.14712479622986332 -1.3144576626397682 -0.3058570663325294 -1.0000000180025095e-35 -0.62167906772581039 -0.38226886288002165 -1.0000000180025095e-35 -0.24394225382103893
decision_type=2 2 2 2 2 2 2 2 2 2 2 2 2 2 2 2 2 2 2 2 2 2 2 2 2 2 2 2 2 2 2 2
left_child=-1 2 4 -3 5 6 -2 8 9 10 11 28 -10 31 -15 29 -17 18 20 -20 -18 22 -22 -23 -7 -11 -27 -28 -6 -5 -14 -9
right_child=1 3 -4 15 7 24 -8 13 12 25 -12 -13 30 14 -16 16 17 -19 19 -21 21 23 -24 -25 -26 26 27 -29 -30 -31 -32 -33
leaf_value=0.031455976374102024 -0.018140328070187121 -0.020459034314650692 -0.029258097749432499 0.028125568248349428 -0.026286032205923002 -0.0069979311073908659 0.02201016506121857 0.030442158078955703 -0.0068742164839447955 0.0024401883322529836 0.027837881658149047 0.015686357057742559 0.0063930461882130323 0.024424146510857232 -0.025624657523317006 -0.020525235995033014 0.0239390049189558 0.030774040911439017 -0.02160961603218679 0.0080174047250463724 -0.019787282429166744 0.01958451584968552 0.025355156866065688 -0.014272002061071681 -0.03594799282717185 0.0040881608034586897 -0.032966134798475245 -0.00043227653246172287 -0.0021081628303337248 0.0071164234367026187 0.030734261203361139 0.011771820416442294
leaf_weight=5.7263362705707541 5.4900236725807181 7.2321962714195243 9.7350816130638105 9.9701841175556201 6.2380407601594987 6.239059403538703 8.7297079563140851 6.4779334366321564 7.2305203229188946 6.7343402951955786 5.7335564643144599 6.4835733175277701 6.2314699590206155 4.9838099181652069 5.2384592890739423 8.7326012402772886 9.4684195518493564 7.7247370928525916 8.232611268758772 5.2361367344856253 5.7391794174909547 4.9815395474433926 17.44695445895195 15.960285574197782 13.730693653225901 6.4792104065418199 19.47530409693718 9.2282284200191551 12.967103719711305 8.7263448238372785 5.4798550605773899 6.4806548953056353
leaf_count=23 22 29 39 40 25 25 35 26 29 27 23 26 25 20 21 35 38 31 33 21 23 20 70 64 55 26 78 37 52 35 22 26
internal_value=0 -0.00083801 -0.00528506 0.00556776 -0.003411 -0.0142707 0.00587518 -2.25672e-06 -0.00356966 -0.00727826 0.00263344 -0.00399681 0.00997624 0.01331 -0.000708838 0.0077363 0.00464608 0.00800955 0.00468409 -0.0100417 0.00866621 0.00457842 0.0134148 -0.0051803 -0.0283036 -0.0146808 -0.0180873 -0.023246 -0.0115866 0.0198737 0.0204331 0.0237099
internal_weight=274.564 268.838 159.387 109.451 149.652 34.1895 14.2197 115.462 92.2812 73.3394 31.4223 25.6887 18.9418 23.1809 10.2223 102.219 83.5225 74.7899 67.0651 13.4687 53.5964 44.128 23.1861 20.9418 19.9698 41.9171 35.1827 28.7035 19.2051 18.6965 11.7113 12.9586
internal_count=1101 1078 639 439 600 137 57 463 370 294 126 103 76 93 41 410 335 300 269 54 215 177 93 84 80 168 141 115 77 75 47 52
is_linear=0
shrinkage=0.03


Tree=3
num_leaves=40
num_cat=0
split_feature=23 25 28 12 12 20 26 16 1 28 28 29 1 12 20 19 33 23 12 26 16 28 29 22 31 16 29 12 15 34 34 16 19 16 15 24 23 26 31
split_gain=10.2111 8.85202 6.22905 5.87847 5.03403 4.6122 8.12105 7.32736 6.7354 5.05047 5.10635 5.34833 5.0139 5.01128 4.62525 4.52099 4.58042 4.78989 4.61207 4.07086 4.0675 3.77418 3.43917 3.14172 3.04348 2.31296 2.28435 3.61349 2.17963 2.00637 3.18821 1.90334 1.8742 1.62301 1.28648 1.2604 0.931464 0.544894 0.389687
threshold=-0.65697261083509495 1.0000000180025095e-35 -1.5850074693907341 -0.83226714840380367 -1.1396657062115081 0.092769613171614168 0.4394639808687289 0.5931611993947693 0.84880658381512453 -0.58858547934995553 0.27039899482312951 0.25560315647476228 -0.21489814689109074 -0.069389181415257337 1.8211549686436508 1.0000000180025095e-35 1.0000000180025095e-35 -1.2836365437174353 -0.14712479622986332 -0.11454141160080021 -0.71428721008198914 0.44219588965774659 0.93874741156265384 -0.96220873252626327 0.28772367003589999 -0.71428721008198914 -0.94994552897445739 -0.34285666038461954 1.0000000180025095e-35 -0.0032926818628604151 -0.49856283191709866 0.33167151749941753 0.71586361248289088 0.5931611993947693 -0.12433713311180762 1.0000000180025095e-35 -1.2836365437174353 0.32866290237482315 0.65206535581416336
decision_type=2 2 2 2 2 2 2 2 2 2 2 2 2 2 2 2 2 2 2 2 2 2 2 2 2 2 2 2 2 2 2 2 2 2 2 2 2 2 2
left_child=1 28 -2 4 -4 6 7 13 14 23 11 38 19 29 20 16 -3 18 -18 -9 24 33 25 -8 -7 -6 -17 -28 -1 30 -5 -19 37 -22 -25 -34 -29 -23 -11
right_child=2 15 3 5 22 8 9 12 -10 10 -12 -13 -14 -15 -16 26 17 31 -20 -21 21 32 -24 34 -26 -27 27 36 -30 -31 -32 -33 35 -35 -36 -37 -38 -39 -40
leaf_value=-0.037178897641338013 0.028407486521782183 -0.018697093724231478 -0.0074714705515515458 0.0069929140707644354 0.0055038514604338028 -0.017686236399146179 -0.00073070417923413924 -0.00023235103000376957 -0.018857467471301716 0.024381151664101867 -0.022731752812152534 -0.012272909592190132 0.013719939127525947 -0.0047399448236058106 0.032099245998516539 0.0010102271085836564 0.012077940643644222 0.0081069091558740557 -0.01938015495737164 -0.028870933279384291 0.0081244447318872433 0.0014029751708647471 0 -0.036516917953131889 0.0062725428143238929 0.032987700444388396 0.0011993759886408219 -0.0098372158135179074 -0.011093534031878459 0.0064440472596094082 0.03952317383434302 0.033755919093455281 -0.015199915669711362 0.03013534504642968 -0.012655177524077082 0.0031815033998661029 -0.033332702939816439 0.016546898088888248 0.007561025268471658
leaf_weight=9.2490599453449267 7.2095647454261771 4.9953653663396862 6.2314163893461254 5.7314253151416796 4.9784619659185489 7.9770365953445417 4.9880413711071041 8.73107306659222 6.985933616757392 4.9841857701540047 6.9835003167390814 7.7376965433359137 5.4799617081880561 8.4784242212772387 5.9717101305723181 6.988871335983279 7.2274887114763287 7.7269376516342128 6.4927353262901315 8.7387024164199829 7.7271374017000225 4.9849885553121585 5.2273551672697058 9.7420165836811101 7.9761030972003937 12.689783602952954 5.4853939265012785 4.9905817061662709 7.4899542778730384 7.9773719757795325 7.4634642601013184 5.2232932448387146 4.9858791679143888 8.7162748873233777 6.4834776371717426 5.2315513044595718 7.2416947484016347 5.2313178479671478 5.7385715842247009
leaf_count=37 29 20 25 23 20 32 20 35 28 20 28 31 22 34 24 28 29 31 26 35 31 20 21 39 32 51 22 20 30 32 30 21 20 35 26 21 29 21 23
internal_value=0 -0.00947349 0.003506 0.00234007 0.0144121 6.29911e-05 -0.00396293 0.00399988 0.00617923 -0.0129096 -0.0032436 0.00498233 -0.00827058 0.0136308 0.00964829 -0.00337746 0.00394436 0.00916785 -0.00285741 -0.0160243 0.00618393 0.0115733 0.0207071 -0.0232591 -0.00585418 0.0265932 -0.0126793 -0.0180488 -0.0277081 0.0210789 0.0279576 0.0212974 0.00224824 0.0216701 -0.0291984 -0.00607372 -0.0263054 0.0107953 0.0179029
internal_weight=274.494 73.1114 201.382 194.173 29.127 165.046 99.2579 52.6004 65.7879 46.6575 25.444 18.4605 22.9497 29.6507 58.802 56.3724 31.6658 26.6705 13.7202 17.4698 52.8303 36.8771 22.8956 21.2135 15.9531 17.6682 24.7065 17.7177 16.739 21.1723 13.1949 12.9502 20.4337 16.4434 16.2255 10.2174 12.2323 10.2163 10.7228
internal_count=1101 293 808 779 117 662 398 211 264 187 102 74 92 119 236 226 127 107 55 70 212 148 92 85 64 71 99 71 67 85 53 52 82 66 65 41 49 41 43
is_linear=0
shrinkage=0.03


Tree=4
num_leaves=37
num_cat=0
split_feature=23 33 28 15 15 22 16 34 34 22 35 13 34 33 26 33 30 24 24 7 35 33 29 41 35 22 29 15 38 30 29 16 34 3 30 37
split_gain=9.70997 7.2275 5.93468 5.5354 5.46099 7.89891 5.87923 5.28946 4.67318 4.56391 4.24877 4.16289 4.15987 3.81119 4.09222 3.73517 5.32841 3.68129 4.30761 6.35016 3.198 2.68894 4.61823 2.66327 2.49403 2.45129 2.38606 3.2969 2.18955 1.68307 1.55062 0.970894 0.871932 0.738604 0.553656 0.235415
threshold=-0.65697261083509495 -0.18592096526008356 -1.5850074693907341 0.58465820684215863 0.8209899868268139 -0.38521889128334402 -0.97577689197734074 -0.49856283191709866 1.0580004968247929 0.07637298171099112 0.11986387659395517 1.3249810983275243 1.4117648897206772 -1.1444089066803389 1.0000000180025095e-35 1.2518109468703 -0.3214467289053205 -0.22585617183656542 0.74140857445344777 0.46555056128183114 -0.6182373920637968 1.0121889615152362 0.25560315647476228 484.50000000000006 -1.2031478313774868 0.19177094995957503 -0.94994552897445739 -1.4241619230274118 -0.62167906772581039 -0.75050354370964445 -0.46772605479476947 -0.45279752818663749 -0.85232722481298306 0.61958001603133106 -0.75050354370964445 -0.53590605309665573
decision_type=2 2 2 2 2 2 2 2 2 2 2 2 2 2 2 2 2 2 2 2 2 2 2 2 2 2 2 2 2 2 2 2 2 2 2 2
left_child=1 35 -2 9 5 6 29 31 11 10 -3 21 -10 -8 20 16 -5 -9 33 -20 -15 22 26 -11 -16 -24 28 -28 -7 -4 -14 -6 -25 -19 -26 -1
right_child=2 3 4 15 7 8 13 17 12 23 -12 -13 30 14 24 -17 -18 18 19 -21 -22 -23 25 32 34 -27 27 -29 -30 -31 -32 -33 -34 -35 -36 -37
leaf_value=-0.036833301102748017 0.027754712529189568 0.011643102925945937 0.019748228504539861 -0.0048844687123170936 -0.012261903766248335 0.016810966550950861 0.0053612324028907126 0.00038732467771401575 -0.021292797987367759 -0.0028328636200202094 -0.016719003623709729 -0.011040181368505042 -0.0055358004176615759 0.011118899208526619 -0.0045681272412109392 -0.0098036162121049996 0.026141548641477497 0.038770001093845291 -0.015536685708701503 0.025651691129148283 -0.014838043783540299 -0.0054062222415670767 0.0099542487519736472 -0.037497650101476293 -0.015110146483151518 -0.014082663626575937 0 0.025112988845317413 -0.0050369745253774027 -0.0012051662387185945 0.015039535532500184 0.0030145158757082739 -0.012875270527643234 0.014011419572344107 -0.035815798894166209 -0.01691436147422443
leaf_weight=5.2473957240581504 7.193277269601821 9.7176542133092898 4.9833002984523773 7.4801942706108155 6.4901519566774368 5.981713742017746 6.487663358449935 9.7095311284065229 8.9825258105993289 5.7385697662830379 6.7399782985448828 7.4872858822345725 4.9876640886068344 5.7307535111904135 5.4915339350700334 7.7287598848342887 10.214828476309775 9.4225701242685336 4.982947960495947 5.4659414887428284 8.7290432602167112 6.9766210615634909 5.4857747554779035 6.4943362772464743 6.4928147643804541 6.7344234883785248 5.2285526692867199 28.124088272452369 7.4775927364826114 5.983159273862837 4.9805010259151441 5.2302477657794935 5.4943199753761283 4.9669103175401679 11.482153460383424 8.2436004728078824
leaf_count=21 29 39 20 30 26 24 26 39 36 23 27 30 20 23 22 31 41 38 20 22 35 28 22 26 26 27 21 113 30 24 20 21 22 20 46 33
internal_value=0 -0.00923483 0.00342364 -0.00431329 0.00228531 -0.000520346 -0.00937439 0.0111099 0.00478481 -0.0120355 -6.43695e-05 0.00822937 -0.00790452 -0.0142056 -0.0177815 0.00593918 0.0133566 0.0168771 0.0227062 0.00602271 -0.0040966 0.0107007 0.0127902 -0.0219651 -0.0252209 -0.00294635 0.0169863 0.0212348 0.00498385 0.00906554 0.00484378 -0.00542238 -0.0293448 0.032731 -0.0303846 -0.0279725
internal_weight=274.388 73.0996 201.289 59.6086 194.095 147.827 55.3804 46.2683 92.4467 34.1849 16.4576 73.4961 18.9507 44.414 37.9263 25.4238 17.695 34.5479 24.8384 10.4489 14.4598 66.0088 59.0321 17.7272 23.4665 12.2202 46.8119 33.3526 13.4593 10.9665 9.96817 11.7204 11.9887 14.3895 17.975 13.491
internal_count=1101 293 808 239 779 593 222 186 371 137 66 295 76 178 152 102 71 139 100 42 58 265 237 71 94 49 188 134 54 44 40 47 48 58 72 54
is_linear=0
shrinkage=0.03


Tree=5
num_leaves=37
num_cat=0
split_feature=23 25 28 15 22 16 34 33 34 19 36 33 23 28 25 36 34 13 26 19 15 36 30 25 35 35 15 29 20 37 36 41 16 36 28 29
split_gain=9.26212 8.17817 5.71138 5.32441 6.90799 8.19875 4.59502 4.57642 4.41744 4.22356 4.78395 4.25929 4.5141 4.19783 4.15963 5.07835 3.94909 3.94806 3.84165 3.78207 3.47284 2.69721 2.58371 2.57415 2.56136 2.55927 2.04471 1.99795 3.4611 1.94082 3.91872 3.34714 1.80368 1.74802 1.58744 1.48234
threshold=-0.65697261083509495 1.0000000180025095e-35 -1.7911637431922747 0.8209899868268139 -0.38521889128334402 -0.97577689197734074 -0.49856283191709866 -1.1444089066803389 1.0580004968247929 1.0000000180025095e-35 -0.82000675010027646 1.0000000180025095e-35 -1.2836365437174353 0.27039899482312951 -0.95761919303352505 0.419860621355302 1.4117648897206772 1.3249810983275243 1.0000000180025095e-35 -0.2481225988499863 0.93915587681914159 -0.94399348724583432 -0.75050354370964445 0.8265731549976908 -1.2031478313774868 -0.45112012368845661 1.0000000180025095e-35 0.25560315647476228 0.50428993590305171 1.0000000180025095e-35 -0.11255301462268154 177.00000000000003 0.33167151749941753 0.8626703968751519 0.27039899482312951 -0.46772605479476947
decision_type=2 2 2 2 2 2 2 2 2 2 2 2 2 2 2 2 2 2 2 2 2 2 2 2 2 2 2 2 2 2 2 2 2 2 2 2
left_child=1 26 -2 4 5 22 21 -7 17 11 13 -3 20 -11 33 -16 -10 23 25 -17 -13 -5 -4 27 -20 -9 -1 29 -29 31 -31 -6 -14 -8 -12 -18
right_child=2 9 3 6 8 7 14 18 16 10 34 12 32 -15 15 19 35 -19 24 -21 -22 -23 -24 -25 -26 -27 -28 28 -30 30 -32 -33 -34 -35 -36 -37
leaf_value=-0.035725134482056962 0.031234262710019781 -0.017916220327503424 0.024130320025736542 0.0093959108810292621 -0.010479515860451332 0.0067350019959357887 -0.01091593330886545 0.0070275340340248986 -0.020733805678575395 0.017097505484546003 -0.036552859478192909 -0.015089098858052987 0.0078720491777972655 -0.013914422015818743 0.035464895725724525 0.022207663254971442 -0.0054072301041613305 -0.010761133873171812 -0.0044601135303977794 -0.0079539052158780436 0.012315876457395701 -0.016004391580372365 -0.0011762109752216736 -0.0053407889124287931 -0.03046150716343058 -0.015688458334344995 -0.010517139048907605 -0.012313233456528591 0.016842768908498579 0.0039018143809541102 0.032802127599398503 0.013787473696703629 0.032892580367558343 0.010925872062583386 -0.010438865203811459 0.014702918760625213
leaf_weight=9.241575092077257 4.9394614249467841 4.9971330165863064 5.9710346013307571 5.4803469926118851 4.9862580001354244 6.7346868962049475 4.9802615344524366 6.9731159061193466 8.988304331898691 5.9847379028797167 4.9976311922073346 7.74029436707497 7.7220636159181559 6.7326951026916504 12.37916372716427 5.7048149257898331 4.9887204170227051 7.4898515641689292 5.4921074956655458 6.2239886671304685 5.9766443967819214 6.4891971200704557 5.9834572076797468 6.9766544550657263 18.482313796877868 7.7371711581945402 7.4940079748630515 6.4865637719631177 5.2341641485691071 7.7046286463737514 11.432424217462538 23.139225512742996 5.2060748338699341 5.2103729695081711 6.9937739223241806 4.9760994464158994
leaf_count=37 20 20 24 22 20 27 20 28 36 24 20 31 31 27 50 23 20 30 22 25 24 26 24 28 74 31 30 26 21 31 46 93 21 21 28 20
internal_value=0 -0.00903197 0.00333284 0.00236863 -0.000374867 -0.00846406 0.0110718 -0.0142753 0.00463887 -0.00316898 -0.0121621 0.00390518 0.00894758 0.000521694 0.0164831 0.0228917 -0.00769227 0.00799114 -0.0181972 0.00689311 -0.00271712 -0.00417798 0.012299 0.0104014 -0.0253539 -0.00489639 -0.0265599 0.0124489 0.000686917 0.0151318 0.0225868 0.00896997 0.0207356 0 -0.024621 0.00472154
internal_weight=274.271 73.0866 201.184 196.245 149.777 57.3739 46.4681 45.4194 92.4029 56.351 24.7088 31.6422 26.6451 12.7174 34.4986 24.308 18.9531 73.4498 38.6847 11.9288 13.7169 11.9695 11.9545 65.9599 23.9744 14.7103 16.7356 58.9833 11.7207 47.2625 19.1371 28.1255 12.9281 10.1906 11.9914 9.96482
internal_count=1101 293 808 788 601 230 187 182 371 226 99 127 107 51 139 98 76 295 155 48 55 48 48 265 96 59 67 237 47 190 77 113 52 41 48 40
is_linear=0
shrinkage=0.03


Tree=6
num_leaves=39
num_cat=0
split_feature=37 12 26 7 39 29 2 38 22 15 1 40 27 2 33 12 25 15 25 12 13 36 33 26 34 33 35 27 30 24 20 2 16 35 14 12 41 34
split_gain=6.93057 7.55195 5.62273 5.14603 5.28502 5.93386 6.83911 8.12503 5.30072 4.63074 4.51197 4.15324 4.91338 6.25854 12.7905 5.73402 3.97719 11.0084 4.26977 3.953 3.825 3.73617 3.4794 3.43251 3.37316 3.23126 2.58341 2.35629 2.33091 2.01783 1.99279 1.81706 1.63386 1.52552 1.47802 1.43822 0.633046 0.351895
threshold=1.0000000180025095e-35 2.639965802998375 -0.77934788256423493 0.34230713518773076 1.0000000180025095e-35 -0.46772605479476947 -0.81035040652140067 -0.62167906772581039 0.65336282295391046 -0.24250302310413527 -0.35778385698595555 247.00000000000003 -1.1063889867571628 -0.34837582972639125 0.21344901033168953 -0.70137071743796564 1.0000000180025095e-35 -0.9514983630581012 0.8265731549976908 -0.14319714322807955 1.4936505279573626 -1.1919669615369497 -0.42554295061514741 -0.11454141160080021 1.3174277182817749 1.4914329322253639 -0.82713397753297202 0.53328343194387495 -0.3214467289053205 -0.22585617183656542 0.092769613171614168 -0.62373998633819483 -0.19130784629128586 0.11986387659395517 -0.041789004245848013 -0.094883109138569663 744.00000000000011 0.27971883245384715
decision_type=2 2 2 2 2 2 2 2 2 2 2 2 2 2 2 2 2 2 2 2 2 2 2 2 2 2 2 2 2 2 2 2 2 2 2 2 2 2
left_child=1 2 10 4 8 9 -7 -8 23 -6 -1 22 31 14 15 -14 17 -15 34 33 32 25 -2 26 28 -12 -4 -21 37 -20 -17 -13 -5 -19 -18 -9 -23 -25
right_child=11 -3 3 20 5 6 7 35 -10 -11 21 12 13 16 -16 30 18 19 29 27 -22 36 -24 24 -26 -27 -28 -29 -30 -31 -32 -33 -34 -35 -36 -37 -38 -39
leaf_value=0.010851048688738518 0.037055149881968175 -0.027723013700264559 0.012616663694599834 0.0065349647931776944 0.0046211620820637124 -0.01205131072945633 -0.0092922358979503402 0.034982086440713732 0.011187297863123237 -0.026569447012546224 0.009702718952947725 0.032889612747858524 0.022934474276502411 0.025274974063782214 -0.039078460349452261 -0.015767460599146285 0.03249771974671662 -0.0054476702468049549 -0.0079984831484374887 -0.010128356961313765 -0.0024959407003936475 -0.030616837510290391 0.0046714763171246607 -0.01627736855963343 0.0021051392832836593 -0.018501892739600984 -0.011253812771983451 0.013857011834328189 -0.0085893671067693005 0.013437463016244522 0.0053958653887569551 0.0050455690566071857 0.029436741498363693 -0.030197672300905302 0.0086627106620502711 0.01047523207483202 -0.012246438048226459 -0.037604758056976988
leaf_weight=4.9813614189624777 5.194094717502594 9.7377525717020017 5.9657049626111984 6.4475814402103433 8.2128470540046674 6.4789678752422324 5.4840369671583202 12.669285818934446 8.456698924303053 6.2319436222314826 6.7246478050947207 4.9680528789758682 6.7009279876947465 8.9567802250385231 7.982837200164794 8.971788212656973 8.6923665106296522 4.9857004880905116 7.479412704706192 6.2376536130905222 8.2250578850507718 10.734716966748239 7.2016403228044492 6.4743632525205594 4.9837293475866309 4.9943203330039978 7.4754175990819878 5.4690359979867935 9.2213758379221051 5.4726011604070646 4.9738871306180945 4.9649066478013975 8.6913592964410782 7.2316242158412933 5.9746914654970196 5.4879257082939139 7.2381004542112342 7.7314062267541885
leaf_count=20 21 39 24 26 33 26 22 51 34 25 27 20 27 36 32 36 35 20 30 25 33 43 29 26 20 20 30 22 37 22 20 20 35 29 24 22 29 31
internal_value=0 -0.00392968 -0.00212101 0.000986478 -0.00211205 0.00523756 0.0127076 0.0200457 -0.00870151 -0.00969275 -0.0124851 0.00572531 0.00344085 0.000978366 -0.0101785 0.00261452 0.00647325 -0.000480255 0.0145558 -0.0112809 0.0131783 -0.0169261 0.021208 -0.0131067 -0.0187687 -0.00259898 -5.45729e-05 0.000923797 -0.0233094 0.00109828 -0.00803987 0.0219848 0.021512 -0.0222351 0.0248641 0.0292448 -0.02504 -0.0307496
internal_weight=274.107 162.649 152.911 118.238 94.8737 44.565 30.1202 23.6412 50.3087 14.4448 34.6731 111.458 99.0623 89.1293 28.6294 20.6466 60.4999 32.8808 27.6191 23.924 23.364 29.6918 12.3957 41.852 28.4109 11.719 13.4411 11.7067 23.4271 12.952 13.9457 9.93296 15.1389 12.2173 14.6671 18.1572 17.9728 14.2058
internal_count=1101 653 614 475 381 179 121 95 202 58 139 448 398 358 115 83 243 132 111 96 94 119 50 168 114 47 54 47 94 52 56 40 61 49 59 73 72 57
is_linear=0
shrinkage=0.03


Tree=7
num_leaves=30
num_cat=0
split_feature=23 25 28 12 12 16 21 10 19 36 33 23 12 28 20 21 28 23 1 34 32 29 16 15 37 16 28 29 36
split_gain=8.6216 7.70419 5.44044 5.11468 4.60856 4.29232 4.94307 4.94424 3.9461 4.47588 4.0969 4.24749 4.07591 3.98746 3.81863 4.53139 3.54686 6.2964 4.1372 3.86239 4.90382 3.18797 2.14269 1.92045 1.73888 1.66414 1.48534 0.560726 1.00061e-05
threshold=-0.65697261083509495 1.0000000180025095e-35 -1.5850074693907341 -0.83226714840380367 -1.1396657062115081 1.1161405631854726 1.0000000180025095e-35 0.35980374488019651 1.0000000180025095e-35 -0.82000675010027646 1.0000000180025095e-35 -1.2836365437174353 -0.14712479622986332 0.27039899482312951 1.8211549686436508 -1.3792331506663722 -1.1726949217876534 0.59635525492958608 -0.62767908716514442 1.4471413290102659 0.81995247143084371 0.93874741156265384 -0.71428721008198914 1.0000000180025095e-35 1.0000000180025095e-35 0.33167151749941753 0.27039899482312951 1.0000000180025095e-35 0.17188714706418659
decision_type=2 2 2 2 2 2 2 2 2 2 2 2 2 2 2 2 2 2 2 2 2 2 2 2 2 2 2 2 2
left_child=1 23 -2 4 -4 14 7 24 10 13 -3 12 -12 -10 15 -5 17 -17 27 20 -20 22 -6 -1 -7 -13 -11 -18 -8
right_child=2 8 3 5 21 6 28 -9 9 26 11 25 -14 -15 -16 16 18 -19 19 -21 -22 -23 -24 -25 -26 -27 -28 -29 -30
leaf_value=-0.034633601441331735 0.026576435993898067 -0.017575342729943225 -0.0074632579815679338 -0.019163016775273486 0.004940042141113714 0 -0.011667119396027752 -0.020995651785128931 0.016709145627653733 -0.035315721335105958 0.011482198510187145 0.0077611172802941435 -0.018092895530732532 -0.013520297067173125 0.022283298865278377 0.0090364540773217577 0.028442961626133908 -0.031169586616690326 0.0037303891909823469 0.020685937979486813 -0.013453741400120288 -0.00014976416053768464 0.031333225118774594 -0.010162566625431597 0.020207308738386366 0.031972500516896298 -0.010028872149996433 0.0090879381369925929 -0.027945610140378087
leaf_weight=9.225175693631174 7.1507722884416571 4.9964169263839748 6.2209047228097942 7.7289883196353903 4.9629444181919178 7.2212694138288551 5.2324941009283048 5.229659676551818 5.9789543598890322 4.9965036362409574 7.2150577008724239 7.7170774340629542 6.4950488060712823 6.7317953854799271 6.6843925267457953 5.4632548540830594 4.965946823358534 5.7350534945726395 72.689626336097717 7.711315155029296 17.201578408479691 5.2161810845136634 12.604993775486943 7.4953813403844824 5.9650977849960327 5.1820035129785538 6.9925937950611115 5.9765603244304657 6.9880761951208115
leaf_count=37 29 20 25 31 20 29 21 21 24 20 29 31 26 27 27 22 20 23 292 31 69 21 51 30 24 21 28 24 28
internal_value=0 -0.00871352 0.00322149 0.00213152 0.0134159 6.18322e-06 -0.00981601 1.50696e-05 -0.00301903 -0.0117149 0.00381847 0.00877256 -0.00253684 0.000539776 0.00237719 0.00103981 0.00261426 -0.0123316 0.00435778 0.00217648 0.000209539 0.0194727 0.025167 -0.0257329 0.0100497 0.0202218 -0.0237673 0.0207239 -0.0234504
internal_weight=273.975 73.026 200.949 193.798 29.005 164.793 30.6366 18.416 56.3055 24.6998 31.6056 26.6092 13.7101 12.7107 134.157 127.472 119.743 11.1983 108.545 97.6025 89.8912 22.7841 17.5679 16.7206 13.1864 12.8991 11.9891 10.9425 12.2206
internal_count=1101 293 808 779 117 662 123 74 226 99 127 107 55 51 539 512 481 45 436 392 361 92 71 67 53 52 48 44 49
is_linear=0
shrinkage=0.03


Tree=8
num_leaves=38
num_cat=0
split_feature=23 33 28 15 22 16 15 33 34 34 22 31 12 32 35 13 35 34 33 30 24 24 1 30 33 29 31 29 15 12 31 34 28 12 24 3 20
split_gain=8.19974 6.33155 5.23623 4.80471 6.38265 7.67864 4.75259 4.29045 4.24533 4.17032 4.16703 4.98318 3.79733 5.46312 3.73488 3.70664 3.577 3.5222 3.44159 5.1562 3.30739 4.05648 5.9238 2.45843 2.39222 4.17928 4.16164 2.12477 3.01222 2.07447 1.57739 1.3925 1.36922 1.22029 0.836686 0.695228 0.47834
threshold=-0.65697261083509495 -0.18592096526008356 -1.7911637431922747 0.8209899868268139 -0.38521889128334402 -0.97577689197734074 0.58465820684215863 -1.1444089066803389 -0.49856283191709866 1.0580004968247929 0.07637298171099112 -0.52840170610740966 0.076612627310000195 0.81995247143084371 0.11986387659395517 1.3249810983275243 -0.45112012368845661 1.4117648897206772 1.2518109468703 -0.3214467289053205 -0.22585617183656542 0.74140857445344777 0.31695421846201649 -0.75050354370964445 1.0121889615152362 0.25560315647476228 0.28772367003589999 -0.94994552897445739 -1.4241619230274118 -0.91349599064737552 0.28772367003589999 0.20896595387467023 0.27039899482312951 0.17322492109053036 -1.0000000180025095e-35 0.61958001603133106 0.092769613171614168
decision_type=2 2 2 2 2 2 2 2 2 2 2 2 2 2 2 2 2 2 2 2 2 2 2 2 2 2 2 2 2 2 2 2 2 2 2 2 2
left_child=1 33 -2 4 5 23 10 -7 29 15 14 -12 13 16 -3 24 31 -11 19 -8 -10 35 -23 -4 25 27 -27 30 -29 -5 -6 -9 -19 -1 -18 -22 -21
right_child=2 6 3 8 9 7 18 12 20 17 11 -13 -14 -15 -16 -17 34 32 -20 36 21 22 -24 -25 -26 26 -28 28 -30 -31 -32 -33 -34 -35 -36 -37 -38
leaf_value=-0.013788013417383596 0.029940064031981541 0.011313096471883105 0.023490654192703245 0.0081453377800540464 0.013018238175417453 0.0065412579760132528 -0.005149767186448293 0.015359144195633244 9.6318776935139347e-05 -0.019852074894985073 -0.029677050625370207 0.0032878749630682173 -0.034703627188065182 -0.031695398843194188 -0.015307143010158715 -0.010461698598937383 -0.023043838652944598 -0.005473150530510962 -0.0094852057729102116 0.011371891297368817 0.036835327705967778 -0.01554378470081081 0.024275491958425866 -0.0011833863077522486 -0.0051213886585870687 -0.017434579047452135 0.013958888670139242 0 0.023761643494104364 -0.014165140842986999 -0.0054875241751343694 -0.0024173746310174578 0.013849985856045592 -0.038011698991828505 -0.0039628548153929147 0.013071711814165525 0.033082603626999003
leaf_weight=8.4874662458896619 4.8987324833869925 9.6912215054035205 5.9573144018650055 5.232633650302887 7.4623453915119082 6.7258742898702613 7.4671350717544618 6.4675973504781705 9.6908330917358381 8.9878840148448962 12.718886911869047 4.9888341128826168 8.2407710105180723 7.2382376641035071 6.7330469489097586 7.4894868433475486 4.9932142943143845 4.9856476634740812 7.7244769334793082 5.215108394622801 9.3294526785612124 4.978302910923956 5.4308272451162338 5.9799445867538434 6.9770487993955603 6.7347582131624204 5.479317918419838 5.2232453525066296 28.000979945063605 6.7276073545217496 5.9796016812324524 6.2376526892185211 4.9592275023460388 4.979430377483367 5.4895545989275032 4.9415138512849799 4.9655067324638367
leaf_count=34 20 39 24 21 30 27 30 26 39 36 51 20 33 29 27 30 20 20 31 21 38 20 22 24 28 27 22 21 113 27 24 25 20 20 22 20 20
internal_value=0 -0.00850631 0.00313705 0.00221419 -0.000389524 -0.00816801 -0.00389273 -0.0137942 0.0104959 0.00443236 -0.0110591 -0.0205459 -0.017593 -0.011358 0 0.00769449 -0.00322652 -0.00754881 0.00560372 0.0127472 0.0157157 0.0212627 0.00516846 0.0119314 0.0100353 0.0120133 -0.00292736 0.0160177 0.0200403 -0.00413853 0.00466 0.00687567 0.00419081 -0.0260576 -0.0152992 0.0310132 0.0253633
internal_weight=273.811 72.9711 200.84 195.941 149.61 57.3302 59.5042 45.3929 46.3312 92.2795 34.132 17.7077 38.667 30.4263 16.4243 73.3468 23.188 18.9328 25.3722 17.6478 34.3709 24.6801 10.4091 11.9373 65.8573 58.8802 12.2141 46.6662 33.2242 11.9602 13.4419 12.7053 9.94488 13.4669 10.4828 14.271 10.1806
internal_count=1101 293 808 788 601 230 239 182 187 371 137 71 155 122 66 295 93 76 102 71 139 100 42 48 265 237 49 188 134 48 54 51 40 54 42 58 41
is_linear=0
shrinkage=0.03


Tree=9
num_leaves=42
num_cat=0
split_feature=23 25 28 15 20 26 17 16 7 25 12 34 30 25 36 26 19 36 33 23 12 28 19 41 29 29 31 15 34 36 22 19 12 15 24 16 36 28 41 19 34
split_gain=7.77343 7.12336 5.02507 4.59552 6.11685 5.7981 7.96683 6.04886 5.12963 4.91976 4.07149 4.04534 4.02761 3.9014 4.76907 3.81244 3.67546 4.22258 3.84311 3.99246 3.85691 3.81781 3.51752 3.40947 4.08637 9.08365 3.23421 3.19009 2.84895 2.4999 2.339 2.17823 1.89059 1.75438 1.6285 1.58715 1.54005 1.41708 1.20327 1.0734 0.220913
threshold=-0.65697261083509495 1.0000000180025095e-35 -1.7911637431922747 0.8209899868268139 0.092769613171614168 0.4394639808687289 1.0000000180025095e-35 0.5931611993947693 1.0689906325123808 -1.3144576626397682 -0.069389181415257337 -0.49856283191709866 0.036100616764949391 -0.95761919303352505 0.419860621355302 -0.11454141160080021 1.0000000180025095e-35 -0.82000675010027646 1.0000000180025095e-35 -1.2836365437174353 -0.14712479622986332 0.27039899482312951 -0.2481225988499863 555.50000000000011 0.25560315647476228 0.93874741156265384 0.89981770214338219 -0.12433713311180762 -0.0032926818628604151 -0.94399348724583432 1.0000000180025095e-35 1.0371923495938502 0.02561299126595153 1.0000000180025095e-35 0.74140857445344777 0.33167151749941753 0.17188714706418659 0.27039899482312951 256.50000000000006 0.39453487537193194 -0.35705707475874476
decision_type=2 2 2 2 2 2 2 2 2 2 2 2 2 2 2 2 2 2 2 2 2 2 2 2 2 2 2 2 2 2 2 2 2 2 2 2 2 2 2 2 2
left_child=1 33 -2 4 5 7 32 10 23 -8 28 29 15 26 -15 -9 18 21 -3 20 -20 -18 -16 27 31 -26 -13 38 40 -5 -11 39 34 -1 -7 -21 -33 -19 -6 -25 -4
right_child=2 16 3 11 8 6 9 12 -10 30 -12 13 -14 14 22 -17 17 37 19 35 -22 -23 -24 24 25 -27 -28 -29 -30 -31 -32 36 -34 -35 -36 -37 -38 -39 -40 -41 -42
leaf_value=-0.033219470078906181 0.029353715609600331 -0.016930409373417353 0.013935315023748982 0.0090380084723689479 0 -0.0042377030235810475 0 -0.0012933597239850451 -0.018256743617911395 -0.03686658495921042 -0.0045210865471294577 -0.015408300377558875 0.0067948379883507317 0.033814896540650105 0.02101693673483547 -0.032900041341895267 0.01648996775819361 -0.03418808144720295 0.011253885705701579 0.0075278332563502642 -0.01752087665054845 -0.013090941671701762 -0.0080912433523856568 0.011066810249655924 -0.018415404000129396 0.027928842973768946 0.014338960873467709 0.015359611345805102 0.0032855790056176728 -0.015412848900354615 -0.0089395292445965842 -0.0027356208533533279 -0.011266274469772646 -0.0097345934508085465 0.015044395122969284 0.031211813425949794 0.017973116013256882 -0.009563729883650833 -0.018518870964439001 0.035206614254341899 0.036282109382209979
leaf_weight=9.1892378479242343 4.8769788891077033 4.994270563125613 4.9626671969890612 5.472479447722435 5.7280348837375659 4.9888680130243328 6.2282940000295666 6.9787677824497232 4.9915159940719596 13.722198799252512 8.4712363779544848 4.9724931567907316 7.4659951776266089 12.267767101526262 5.6669276058673859 6.4901380687952051 5.9730775058269518 4.9879787266254407 7.2096367478370693 7.7110717296600306 6.4922160208225259 6.7294918149709702 6.2146114706993085 5.206925809383395 7.7394388020038587 4.9656277298927307 5.1832535415887833 5.2079093158245078 7.4649391621351233 6.4895431846380216 5.4907450079917899 4.9625526219606382 5.2306466698646537 7.495438575744628 8.4661173820495588 5.1573540568351746 4.9474547207355499 6.9905375689268112 5.4804538637399673 9.3838113546371442 4.9441904276609421
leaf_count=37 20 20 20 22 23 20 25 28 20 55 34 20 30 50 23 26 24 20 29 31 26 27 25 21 31 20 21 21 30 26 22 20 21 30 34 21 20 28 22 38 20
internal_value=0 -0.00828974 0.00305052 0.00214669 -0.0003988 -0.00527791 -0.0129097 0.00197446 0.00701134 -0.0233706 0.0114926 0.0102526 -0.00949055 0.0153571 0.0215897 -0.0186949 -0.00281147 -0.0112109 0.00378543 0.00858966 -0.00236901 0.000668823 0.00614324 0.00990512 0.0147791 0.000311826 0 -0.00111885 0.0193582 -0.00402052 -0.0304005 0.0215997 0.00171444 -0.0246723 0.00778579 0.0197048 0.00808078 -0.0229263 -0.0101567 0.0287996 0.0289184
internal_weight=273.593 72.9303 200.663 195.786 149.519 90.9048 44.1269 46.7779 58.6137 25.4412 25.843 46.2671 20.9349 34.3051 24.1493 13.4689 56.2456 24.6811 31.5645 26.5703 13.7019 12.7026 11.8815 53.6222 37.2058 12.7051 10.1557 16.4164 17.3718 11.962 19.2129 24.5007 18.6856 16.6847 13.455 12.8684 9.91001 11.9785 11.2085 14.5907 9.90686
internal_count=1101 293 808 788 601 365 177 188 236 102 104 187 84 139 98 54 226 99 127 107 55 51 48 216 150 51 41 66 70 48 77 99 75 67 54 52 40 48 45 59 40
is_linear=0
shrinkage=0.03


Tree=10
num_leaves=41
num_cat=0
split_feature=23 25 28 15 20 17 23 1 24 29 34 25 36 37 27 19 36 33 23 28 19 41 15 15 31 29 15 15 34 24 32 33 36 35 15 32 28 19 28 32
split_gain=7.41108 6.7731 4.83069 4.24953 6.07776 5.47132 6.84172 4.89749 4.54181 4.66914 4.24454 3.71667 4.54256 3.62385 4.14077 3.50769 4.03452 3.67135 3.81689 3.63684 3.3596 3.25649 4.2677 3.77446 3.08704 3.05732 2.97778 2.93404 2.91608 2.72252 2.55308 2.32724 2.02951 1.92032 1.66892 1.55598 1.35497 0.562005 0.513213 0.493668
threshold=-0.65697261083509495 1.0000000180025095e-35 -1.5850074693907341 0.8209899868268139 0.092769613171614168 1.0000000180025095e-35 1.0000000180025095e-35 0.84880658381512453 0.74140857445344777 1.0000000180025095e-35 -0.49856283191709866 -0.95761919303352505 0.419860621355302 1.0000000180025095e-35 1.0000000180025095e-35 1.0000000180025095e-35 -0.82000675010027646 1.0000000180025095e-35 -1.2836365437174353 0.27039899482312951 -0.2481225988499863 708.50000000000011 -0.12433713311180762 -1.1878301430427565 0.89981770214338219 0.25560315647476228 -0.12433713311180762 0.93915587681914159 -0.35705707475874476 1.0000000180025095e-35 0.24698792640021677 -0.42554295061514741 -0.94399348724583432 -0.075106269843941711 1.0000000180025095e-35 -0.78140997493680564 0.27039899482312951 1.0371923495938502 -0.58858547934995553 0.24698792640021677
decision_type=2 2 2 2 2 2 2 2 2 2 2 2 2 2 2 2 2 2 2 2 2 2 2 2 2 2 2 2 2 2 2 2 2 2 2 2 2 2 2 2
left_child=1 34 -2 4 5 13 28 21 9 33 32 24 -13 14 29 17 19 -3 27 -17 -14 22 23 -6 -12 37 -15 -19 -7 -4 -28 -25 -5 -8 -1 -20 -18 -23 -10 -27
right_child=2 15 3 10 7 6 8 -9 38 -11 11 12 20 26 -16 16 36 18 35 -21 -22 25 -24 31 -26 39 30 -29 -30 -31 -32 -33 -34 -35 -36 -37 -38 -39 -40 -41
leaf_value=-0.032444712432218324 0.025085397493683752 -0.016543674176083135 -0.00082433398829884013 0.0071933375375554092 0.010767113411902233 -0.0092566826795939996 0.01456537904683617 -0.017832948449397666 -0.041916412851484931 -0.022700073130761961 -0.015044445496166755 0.033051346823210447 0.020558540452449505 0.02327859829179323 0.0077988447921060562 0.016107844545209471 -0.033443285699390243 -0.013719464678510955 0.004024842720183836 -0.01276727675860824 -0.0078925566668664911 0.028324527605612406 0.018389260465470784 -0.029101771730983762 0.014022502902415595 0.0079572629300648824 -0.01114157403100427 0.011481046055612277 0.015707119103466609 -0.029509247174698473 0.013866625065861109 -0.002000668132800388 -0.015033537479960411 -0.0073494168548565476 -0.0094908237098611931 0.027293927922130937 -0.0093281781023356602 0.011313332082526759 -0.016578351380971357 -0.0032816936505970862
leaf_weight=9.162625581026079 7.0799061208963385 4.9927750676870373 5.9752711057662982 5.2229372560977936 5.7154965996742293 5.9786773175001144 5.4756786078214601 4.9924644231796256 6.2278418093919754 10.722553685307501 4.9761916249990445 12.210160821676256 5.6531394720077515 8.4454153776168841 9.4603276848793012 5.9670075774192828 4.9796176552772504 7.7339910864830053 5.4548844695091248 6.7310899049043655 6.2176400423049909 11.103333592414861 7.4273379296064368 4.9744307994842565 5.175195574760437 5.2276319265365583 6.2202522009611112 5.9602119028568268 7.9462191015481931 5.7336704730987549 5.4745635837316513 6.4600990116596186 6.4914974123239499 5.7284214645624223 7.4958385527133933 7.387518703937527 6.9899341017007828 7.4219856411218634 5.4866336584091169 5.2299453467130661
leaf_count=37 29 20 24 21 23 24 22 20 25 43 20 50 23 34 38 24 20 31 22 27 25 45 30 20 21 21 25 24 32 23 22 26 26 23 30 30 28 30 22 21
internal_value=0 -0.00809505 0.00298334 0.00195649 -0.000513047 -0.00546066 -0.0122606 0.00684571 -0.0193712 -0.00977409 0.00977259 0.0149852 0.0210815 0.00238426 -0.00591746 -0.00274863 -0.0109565 0.00369728 0.00840092 0.000647185 0.00599413 0.00967818 0.00120849 -0.00679103 0 0.0162507 0.0111927 -0.00230577 0.00474202 -0.017081 0.000356041 -0.0162621 -0.0049779 0.0033437 -0.0240837 0.0192832 -0.0224132 0.0231667 -0.033732 0.00212818
internal_weight=273.31 72.8555 200.455 193.375 147.428 88.8755 47.566 58.5527 33.6411 21.9267 45.9468 34.2323 24.0809 41.3095 21.1693 56.197 24.6676 31.5294 26.5366 12.6981 11.8708 53.5603 24.5774 17.15 10.1514 28.9829 20.1402 13.6942 13.9249 11.7089 11.6948 11.4345 11.7144 11.2041 16.6585 12.8424 11.9696 18.5253 11.7145 10.4576
internal_count=1101 293 808 779 593 357 191 236 135 88 186 139 98 166 85 226 99 127 107 51 48 216 99 69 41 117 81 55 56 47 47 46 47 45 67 52 48 75 47 42
is_linear=0
shrinkage=0.03


end of trees

feature_importances:
Column_15=30
Column_28=27
Column_34=26
Column_29=25
Column_16=23
Column_12=22
Column_36=22
Column_33=20
Column_23=19
Column_25=19
Column_19=16
Column_35=14
Column_24=12
Column_26=12
Column_31=12
Column_22=11
Column_30=10
Column_20=9
Column_37=9
Column_41=9
Column_1=7
Column_32=7
Column_21=6
Column_7=5
Column_17=5
Column_27=5
Column_3=4
Column_13=4
Column_40=4
Column_2=3
Column_38=3
Column_10=2
Column_14=2
Column_39=2
Column_0=1
Column_9=1

parameters:
[boosting: gbdt]
[objective: binary]
[metric: binary_logloss]
[tree_learner: serial]
[device_type: cpu]
[data_sample_strategy: bagging]
[data: ]
[valid: ]
[num_iterations: 900]
[learning_rate: 0.03]
[num_leaves: 96]
[num_threads: 2]
[seed: 42]
[deterministic: 0]
[force_col_wise: 1]
[force_row_wise: 0]
[histogram_pool_size: -1]
[max_depth: 10]
[min_data_in_leaf: 20]
[min_sum_hessian_in_leaf: 0.001]
[bagging_fraction: 0.85]
[pos_bagging_fraction: 1]
[neg_bagging_fraction: 1]
[bagging_freq: 0]
[bagging_seed: 400]
[bagging_by_query: 0]
[feature_fraction: 0.8]
[feature_fraction_bynode: 1]
[feature_fraction_seed: 30056]
[extra_trees: 0]
[extra_seed: 12879]
[early_stopping_round: 0]
[early_stopping_min_delta: 0]
[first_metric_only: 0]
[max_delta_step: 0]
[lambda_l1: 0.2]
[lambda_l2: 1.5]
[linear_lambda: 0]
[min_gain_to_split: 0]
[drop_rate: 0.1]
[max_drop: 50]
[skip_drop: 0.5]
[xgboost_dart_mode: 0]
[uniform_drop: 0]
[drop_seed: 17869]
[top_rate: 0.2]
[other_rate: 0.1]
[min_data_per_group: 100]
[max_cat_threshold: 32]
[cat_l2: 10]
[cat_smooth: 10]
[max_cat_to_onehot: 4]
[top_k: 20]
[monotone_constraints: ]
[monotone_constraints_method: basic]
[monotone_penalty: 0]
[feature_contri: ]
[forcedsplits_filename: ]
[refit_decay_rate: 0.9]
[cegb_tradeoff: 1]
[cegb_penalty_split: 0]
[cegb_penalty_feature_lazy: ]
[cegb_penalty_feature_coupled: ]
[path_smooth: 0]
[interaction_constraints: ]
[verbosity: -1]
[saved_feature_importance_type: 0]
[use_quantized_grad: 0]
[num_grad_quant_bins: 4]
[quant_train_renew_leaf: 0]
[stochastic_rounding: 1]
[linear_tree: 0]
[max_bin: 255]
[max_bin_by_feature: ]
[min_data_in_bin: 3]
[bin_construct_sample_cnt: 200000]
[data_random_seed: 175]
[is_enable_sparse: 1]
[enable_bundle: 1]
[use_missing: 1]
[zero_as_missing: 0]
[feature_pre_filter: 1]
[pre_partition: 0]
[two_round: 0]
[header: 0]
[label_column: ]
[weight_column: ]
[group_column: ]
[ignore_column: ]
[categorical_feature: ]
[forcedbins_filename: ]
[precise_float_parser: 0]
[parser_config_file: ]
[objective_seed: 16083]
[num_class: 1]
[is_unbalance: 0]
[scale_pos_weight: 1]
[sigmoid: 1]
[boost_from_average: 1]
[reg_sqrt: 0]
[alpha: 0.9]
[fair_c: 1]
[poisson_max_delta_step: 0.7]
[tweedie_variance_power: 1.5]
[lambdarank_truncation_level: 30]
[lambdarank_norm: 1]
[label_gain: ]
[lambdarank_position_bias_regularization: 0]
[eval_at: ]
[multi_error_top_k: 1]
[auc_mu_weights: ]
[num_machines: 1]
[local_listen_port: 12400]
[time_out: 120]
[machine_list_filename: ]
[machines: ]
[gpu_platform_id: -1]
[gpu_device_id: -1]
[gpu_device_id_list: ]
[gpu_use_dp: 0]
[num_gpu: 1]

end of parameters

pandas_categorical:null
