tree
version=v4
num_class=1
num_tree_per_iteration=1
label_index=0
max_feature_idx=42
objective=binary sigmoid:1
feature_names=Column_0 Column_1 Column_2 Column_3 Column_4 Column_5 Column_6 Column_7 Column_8 Column_9 Column_10 Column_11 Column_12 Column_13 Column_14 Column_15 Column_16 Column_17 Column_18 Column_19 Column_20 Column_21 Column_22 Column_23 Column_24 Column_25 Column_26 Column_27 Column_28 Column_29 Column_30 Column_31 Column_32 Column_33 Column_34 Column_35 Column_36 Column_37 Column_38 Column_39 Column_40 Column_41 Column_42
feature_infos=[-1.3098782081438696:7.5885581940519655] [-1.1674488332933637:9.3466962807120701] [-1.2639922328806235:6.7916309337922991] [-1.3092907508075384:7.6057926303009928] [-1.1652090633217576:9.3439598761740292] [-1.2629429140580231:6.7849653846238853] [-2.0246762366466791:4.4481844240719948] [-1.5513450808256737:7.0075016917272182] [-2.3257552067318787:3.7052748547336463] [-2.6427569932066568:2.829681439713986] [-5.3021115910713563:1.9538025013996452] [-2.0341613786447175:3.8769731818559037] [-1.5171983659700803:3.3789906595798747] [-2.6373441787873322:2.984422856053214] [-2.0323630574642162:3.9970877592202458] [-1.7195238341063042:1.7102773481603899] [-1.3671027094794541:1.5082567177239863] [-3.5829805317479826:0.64434723184456] [-2.5663606325985482:0.38965684997569583] [-2.8658110792113236:1.858800653279189] [-2.5097117991485702:4.0459014814697811] [-2.0009202533099422:4.9670647997678143] [-3.6179158525622155:3.5050678251678735] [-1.8566295949184826:2.9086491019841874] [-2.1374601283887347:4.7694767670153828] [-2.3653282623205851:4.1320825532561534] [-3.6195699482754877:4.2697344113919291] [-3.8202535453071103:2.3962752467597084] [-2.6447575362144007:4.5535277169760127] [-2.6190486246709015:4.2929308751176602] [-3.4922537978334152:4.2742476819032715] [-2.4143503843053655:3.7331034153083729] [-2.5592047526711288:5.3946395085642012] [-3.0969746695617317:5.4398896816188849] [-4.0109057211689869:4.9097399606143624] [-4.7737512757117955:2.9426177048766768] [-3.0332121617851091:4.5607405539785368] [-1.7968571826860291:2.4067644697057875] [-1.1525998315374797:3.1019633050102637] [-1.1610673305531001:2.855203309724919] [23:817] [23:817] none
tree_sizes=3690 3857 3801 3745 3953 3963 4065 3957 3966 4056 3863 3863 4289 4036 4037 4050 4034

Tree=0
num_leaves=34
num_cat=0
split_feature=5 13 34 16 23 28 23 39 28 25 23 5 5 35 31 29 36 27 15 34 37 33 29 17 23 16 23 40 17 15 31 2 28
split_gain=63.1292 19.5772 10.8654 8.36931 7.08668 6.53119 5.09354 5.03701 4.44054 5.6747 4.8108 4.39117 4.10234 4.5759 3.8191 3.47394 3.46354 2.97232 2.85737 3.98412 2.84653 2.48202 2.33852 2.31937 2.24358 2.03718 1.60069 1.55404 1.23549 1.03499 0.41185 0.270309 0.182807
threshold=-0.54681548070073427 1.3691046648483944 -0.20866329942526415 -0.71361193056958105 0.20832450707267428 -0.84518622291679713 0.20832450707267428 -0.65903350051834753 1.0000000180025095e-35 0.39607133429952907 -1.0624164787680372 -0.79689172726994617 -0.661623212080236 -0.25362336796511686 -0.67257180774813929 1.3489396066891988 -0.21712136302275678 0.6003891512737386 -1.187313305823541 0.12559977061814001 -0.53577068696848407 0.85132509285930336 -0.1870558377082597 -1.0000000180025095e-35 -0.42704598584768155 0.33197331568621535 1.0000000180025095e-35 476.50000000000006 1.0000000180025095e-35 -0.7142372806833075 -0.9287157160653785 -0.59951710161833704 0.85967081073356455
decision_type=2 2 2 2 2 2 2 2 2 2 2 2 2 2 2 2 2 2 2 2 2 2 2 2 2 2 2 2 2 2 2 2 2
left_child=11 2 4 18 8 -5 16 -8 9 25 -10 15 13 27 20 26 -7 29 -4 -20 -3 -11 -18 30 -25 -2 -1 -13 -21 -9 -12 -14 -16
right_child=1 14 3 5 -6 6 7 17 10 21 23 12 31 -15 32 -17 22 -19 19 28 -22 -23 -24 24 -26 -27 -28 -29 -30 -31 -32 -33 -34
leaf_value=0.066410812745134037 0.029068429563686354 0.023924067386481802 0.04864344437580484 0.070375683904672803 0.015944268002718524 0.040363895709715332 0.053152029279671678 0.037595009585210372 0.021383445816931815 0.072399003219144095 0.030315573915064772 0.052596256658123494 0.082768804856744677 0.069304209594044833 0.0047375729554506099 0.057708600268585659 0.050392754387749761 0.045649331821078214 0.085461593711316161 0.066410812745134024 0.05029166338268682 0.050920090427256738 0.072651289085183771 0.043647743873375819 0.066342352579805017 0.051057474088855102 0.089089767562089028 0.033283351870164471 0.050920090427256738 0.012021838408460592 0.045216734809253041 0.061992484065378647 0.029068429563686351
leaf_weight=8.4944923222064954 7.9948163032531756 5.9961122274398804 6.2459502369165447 7.2453022748231879 9.4938443601131421 8.7443303316831607 9.244006350636484 6.2459502369165438 12.242062464356417 7.7449782937765148 5.4964362084865535 6.495788246393202 6.9954642653465271 9.244006350636484 9.9935203790664691 6.7456262558698645 6.9954642653465271 7.7449782937765113 7.9948163032531765 8.4944923222064972 7.9948163032531756 9.7436823695898038 6.9954642653465253 6.9954642653465271 4.9967601895332407 5.2465981990098953 25.983152985572815 4.9967601895332336 8.7443303316831589 7.4951402842998505 6.7456262558698654 4.9967601895332319 7.9948163032531729
leaf_count=34 32 24 25 29 38 35 37 25 49 31 22 26 28 37 40 27 28 31 32 34 32 39 28 28 20 21 104 20 35 30 27 20 32
internal_value=0.0509201 0.0421861 0.0464578 0.0533445 0.0382456 0.0468987 0.0430504 0.035414 0.0423578 0.0509201 0.0355527 0.0742679 0.0644632 0.0552189 0.0213187 0.0809735 0.0535283 0.0279647 0.0654766 0.069732 0.036737 0.0616105 0.0624121 0.0445669 0.0534879 0.0371013 0.0847681 0.0433365 0.0594188 0.0202317 0.0362328 0.0772422 0.012129
internal_weight=274.822 200.87 168.89 92.1902 76.7003 60.7106 53.4653 30.7301 67.2064 30.7301 36.4763 73.9521 32.7288 20.7366 31.9793 41.2233 22.7353 21.4861 31.4796 25.2336 13.9909 17.4887 13.9909 24.2343 11.9922 13.2414 34.4776 11.4925 17.2388 13.7411 12.2421 11.9922 17.9883
internal_count=1100 804 676 369 307 243 214 123 269 123 146 296 131 83 128 165 91 86 126 101 56 70 56 97 48 53 138 46 69 55 49 48 72
is_linear=0
shrinkage=1


Tree=1
num_leaves=35
num_cat=0
split_feature=5 3 34 25 16 23 41 19 16 5 32 41 5 35 19 22 17 15 36 36 27 16 16 26 35 24 37 29 24 15 37 3 31 2
split_gain=59.9681 17.8423 10.3439 7.4386 6.92257 6.23559 5.69614 6.80644 4.7342 4.12566 4.10999 5.66027 3.92883 4.35948 3.77846 3.27224 3.32288 3.23757 3.11897 2.95963 2.54344 2.32178 3.58936 2.26342 2.46235 2.17148 1.60114 1.31101 1.24098 1.21874 1.14983 0.583151 0.368064 0.24654
threshold=-0.54681548070073427 -0.87316532492103438 -0.20866329942526415 1.0000000180025095e-35 -0.71361193056958105 0.20832450707267428 682.50000000000011 -0.81847932846543492 0.59336962725016462 -0.79689172726994617 -0.5707436873622963 667.50000000000011 -0.661623212080236 -0.25362336796511686 -1.4484275594641696 -0.05642401369717142 -1.0000000180025095e-35 1.0000000180025095e-35 1.0000000180025095e-35 -0.21712136302275678 -0.47886931957119511 -0.71361193056958105 0.85476593881411367 0.67313977683766579 0.30619163650894876 1.0000000180025095e-35 -0.53577068696848407 -0.1870558377082597 1.6795313138082781 -0.95077529325342447 1.0000000180025095e-35 -0.98078068975017174 -0.67257180774813929 -0.59951710161833704
decision_type=2 2 2 2 2 2 2 2 2 2 2 2 2 2 2 2 2 2 2 2 2 2 2 2 2 2 2 2 2 2 2 2 2 2
left_child=9 10 3 20 15 19 7 -5 30 14 11 31 13 25 -1 16 -4 18 -7 -6 -3 -8 -23 -20 -25 -11 -17 -21 -16 -22 -9 -2 -12 -14
right_child=1 2 4 6 5 17 21 8 -10 12 32 -13 33 -15 28 26 -18 -19 23 27 29 22 -24 24 -26 -27 -28 -29 -30 -31 -32 -33 -34 -35
leaf_value=0.0086989896324703945 -0.029381441517964291 -0.0068991912485620093 0.016589389701208747 0.011012522637992687 -0.004872601792031802 -0.021909911505991586 0.019831020919105241 -0.039097628210272156 -0.0017732185654066458 -0.018984155101666331 -0.01533685570781685 0.011476715113354637 0.031123727618607721 0.017934961130274082 0.037031666664824436 0.0040523311441454431 -0.010829684399912947 -0.024960565820184018 -0.010100614192334271 0.0033135927279850106 -0.012209280393626997 -0.011611895004705915 0.014705221243735727 0.019517029249035173 -0.0039978637698921179 0.0037369497552043047 0.026656265901945864 0.022793847088090836 0.011999613806745741 -0.038599893309801285 -0.01224733076573333 -0.009407201119070327 -0.037071758763930748 0.010834220408380836
leaf_weight=8.9881010055541974 5.7480410039424905 6.9975267648696926 5.2440569847822189 6.2454869449138668 8.2462254762649554 4.9969981163740185 5.7469736039638546 7.7470261454582232 8.2467004507780057 5.247510224580763 5.9974334836006191 4.9982587546110144 6.9880250096321106 9.2389020174741763 26.954936534166336 5.2443522065877941 6.9935624003410357 8.9969559162855131 7.4952712506055859 6.7455657422542563 5.4974901825189599 8.9943706095218641 6.2459015399217597 6.4952751845121366 5.9970883876085281 6.2466117441654205 13.235601231455801 8.2392247915267927 5.2404586672782889 10.24665983021259 5.4974302500486374 6.2469113022089013 18.496260225772858 4.9951991438865644
leaf_count=36 23 28 21 25 33 20 23 31 33 21 24 20 28 37 108 21 28 36 30 27 22 36 25 26 24 25 53 33 21 41 22 25 74 20
internal_value=0 -0.00852104 -0.00378492 -0.0121269 0.00304137 -0.00306879 -0.00496079 -0.0135665 -0.0212801 0.0227548 -0.0256167 -0.0117598 0.0132268 0.00417663 0.0292675 0.0141216 0.00114595 -0.0110844 -0.00445352 0.00836899 -0.0256705 0.00633236 -4.18315e-05 0.00115962 0.00877405 -0.00740967 0.0215118 0.0157396 0.0340289 -0.032032 -0.0312837 -0.0221196 -0.0334643 0.0257384
internal_weight=274.782 200.883 159.396 71.4656 87.9302 57.2126 48.7239 27.7366 21.4912 73.8997 41.4869 16.9932 32.7162 20.733 41.1835 30.7176 12.2376 33.9816 24.9846 23.231 22.7417 20.9872 15.2403 19.9876 12.4924 11.4941 18.48 14.9848 32.1954 15.7442 13.2445 11.995 24.4937 11.9832
internal_count=1100 804 638 286 352 229 195 111 86 296 166 68 131 83 165 123 49 136 100 93 91 84 61 80 50 46 74 60 129 63 53 48 98 48
is_linear=0
shrinkage=0.03


Tree=2
num_leaves=35
num_cat=0
split_feature=5 3 34 25 12 41 31 38 26 38 22 30 5 32 41 5 35 17 31 19 29 22 38 27 27 24 33 19 24 31 33 3 31 2
split_gain=56.9646 16.9211 9.8334 7.08161 7.07257 5.46923 6.96327 4.20864 6.31169 5.05469 4.98481 7.0305 3.87799 3.86375 5.41586 3.76379 4.1532 3.61717 5.00505 3.56672 3.2526 3.04652 2.64929 2.40851 2.09486 2.07772 1.38678 1.19385 1.14373 0.933749 0.887989 0.551441 0.316591 0.22511
threshold=-0.54681548070073427 -0.87316532492103438 -0.20866329942526415 1.0000000180025095e-35 -1.0059672327372169 682.50000000000011 -0.67257180774813929 -0.62077943946901171 0.84716854947738807 1.0000000180025095e-35 0.16616922623189381 -0.19401226033484806 -0.79689172726994617 -0.5707436873622963 667.50000000000011 -0.661623212080236 -0.25362336796511686 1.0000000180025095e-35 0.06739948294610687 -1.4484275594641696 0.51694207430724193 0.72265232605455731 -0.62077943946901171 -0.47886931957119511 0.6003891512737386 1.0000000180025095e-35 0.85132509285930336 1.0000000180025095e-35 1.6795313138082781 0.48373497836968271 -0.48255996201266799 -0.98078068975017174 -0.67257180774813929 -0.59951710161833704
decision_type=2 2 2 2 2 2 2 2 2 2 2 2 2 2 2 2 2 2 2 2 2 2 2 2 2 2 2 2 2 2 2 2 2 2
left_child=12 13 3 23 -5 6 27 8 20 10 11 -9 19 14 31 16 25 29 -19 -1 30 -12 -7 -3 -23 -14 -24 -6 -21 -11 -4 -2 -15 -17
right_child=1 2 7 4 5 22 -8 9 -10 17 21 -13 15 32 -16 33 -18 18 -20 28 -22 24 26 -25 -26 -27 -28 -29 -30 -31 -32 -33 -34 -35
leaf_value=0.0084859036007174458 -0.028713023450666099 -0.0067358258967227958 0.011516341536803395 0.022390967799048322 -0.012172066852654994 0.016058219445528349 0.0027852380873356593 0 -0.011067961503591404 0.027230241809079476 0.014093671408583296 -0.03698982551518127 -0.018561684530497547 -0.014984614422554225 0.011229042186820122 0.030426696367704092 0.01749901911395783 -0.018445886630514309 0.014503672459188283 0.036056620827241447 0 -0.018915610421285495 0.0036145039461067023 -0.031238884911476417 0.0041774815372143956 0.0036512410869364571 -0.014089778189071301 -0.036168444332057147 0.011740163528670992 0.0060346277214188733 0.03305838771134964 -0.00918958900001751 -0.036061111776190362 0.010601600917439143
leaf_weight=8.9851396083831769 5.7495960891246805 6.9982925653457668 6.9938696324825314 5.495697245001792 6.7469247579574594 6.4953681677579906 8.7452547699213028 8.7403267472982424 6.4945834875106803 5.7428638190031052 8.239599749445917 7.9932876676321021 5.2491533458232862 5.9989006072282818 4.9971709102392188 6.9773488640785217 9.2324226349592227 6.4938535839319229 6.2433947324752808 26.905433982610703 6.2437468171119681 5.2462945133447629 6.2449817955493909 15.747754767537115 5.2446574866771698 6.2460575848817825 5.745958223938942 9.2481062412261945 5.2376127094030371 5.4939325302839279 8.7386398017406481 6.2479702979326257 18.497395873069763 4.9933761358261091
leaf_count=36 23 28 28 22 27 26 35 35 26 23 33 32 21 24 20 28 37 26 25 108 25 21 25 63 21 25 23 37 21 22 35 25 74 20
internal_value=0 -0.00831066 -0.00369645 -0.0118297 -0.00483363 -0.00922485 -0.0179732 0.00295927 0.0120738 -0.00154753 -0.00864294 -0.0196693 0.0221829 -0.0249587 -0.0114884 0.0129208 0.00405917 0.00858056 -0.00209896 0.0285114 0.0195006 0.0018213 0.00277269 -0.0250439 -0.00801632 -0.00723819 -0.0052041 -0.0287488 0.033147 0.0196956 0.026095 -0.0216239 -0.0325771 0.0251745
internal_weight=274.695 200.868 159.377 71.4683 48.7223 43.2266 24.7403 87.9091 28.4708 59.4382 35.4642 16.7336 73.8265 41.491 16.9947 32.6984 20.7276 23.974 12.7372 41.1282 21.9763 18.7306 18.4863 22.746 10.491 11.4952 11.9909 15.995 32.143 11.2368 15.7325 11.9976 24.4963 11.9707
internal_count=1100 804 638 286 195 173 99 352 114 238 142 67 296 166 68 131 83 96 51 165 88 75 74 91 42 46 48 64 129 45 63 48 98 48
is_linear=0
shrinkage=0.03


Tree=3
num_leaves=34
num_cat=0
split_feature=5 13 34 16 23 28 23 24 19 40 28 25 5 5 35 20 31 19 16 34 27 15 27 16 38 16 34 10 27 32 22 24 28
split_gain=54.0761 17.0534 9.39501 7.49272 6.51756 6.16491 4.53323 4.40292 4.14799 4.85182 3.7293 4.12045 3.64861 3.60701 3.95709 3.49615 3.53072 3.37151 3.25371 3.23859 3.18729 5.71641 5.2961 3.00287 2.76958 2.57399 2.46165 2.16223 2.15861 2.07546 1.83381 1.0561 0.939556
threshold=-0.54681548070073427 1.3691046648483944 -0.20866329942526415 -0.71361193056958105 0.20832450707267428 -0.84518622291679713 0.20832450707267428 -0.50160665316144348 -0.50350521296606732 667.50000000000011 1.0000000180025095e-35 1.0000000180025095e-35 -0.79689172726994617 -0.661623212080236 -0.25362336796511686 1.1405728684684662 -0.67257180774813929 -1.4484275594641696 1.1161622503780628 -0.5742635322852373 0.6003891512737386 -0.4776992681131908 1.0000000180025095e-35 0.59336962725016462 -0.62077943946901171 1.0000000180025095e-35 0.30317702657869855 0.71099528001141621 -0.60838033607258712 -1.3115429077714691 0.16616922623189415 1.6795313138082781 0.85967081073356455
decision_type=2 2 2 2 2 2 2 2 2 2 2 2 2 2 2 2 2 2 2 2 2 2 2 2 2 2 2 2 2 2 2 2 2
left_child=12 2 4 24 7 -5 18 10 -9 -10 11 -2 17 14 27 16 -3 -1 25 29 21 22 -8 -11 -4 -7 -26 -14 -13 -12 -28 -19 -22
right_child=1 15 3 5 -6 6 20 8 9 23 19 28 13 -15 -16 -17 -18 31 -20 -21 32 -23 -24 -25 26 -27 30 -29 -30 -31 -32 -33 -34
leaf_value=0.0082782440972549842 -0.019735972671239797 -0.016194735573839651 0.027629682731769571 0.019013812451032765 -0.033099764752848093 -0.0040531707409297586 0.010373969691404222 0.016305119910826494 0.014179386669636624 -0.024424511551895508 -0.0077207660140030856 -0.0045997481298698205 -0.018647441311767005 0.024629287571119842 0.01707570276510828 -0.0068191476045449577 -0.044148570110508482 0.035127614528417651 -0.013334572374337252 -0.0014456340596717065 0.0071267420122237248 -0.038420934007906478 -0.024181089317398922 0.00059805581643721341 0.016753129666187881 0.017869241045483434 -0.010350216184117411 0.0039979522422086593 0.018390789821691164 -0.03670224899726255 0.0095434586564534605 0.011486854599563253 -0.0082029244586562279
leaf_weight=8.9819248765706998 6.2490212023258236 11.747376859188083 7.9829722642898586 7.2393184155225745 9.496271148324011 6.4944886416196885 6.7446601688861865 8.7400562614202517 5.4950558394193658 8.9973528385162336 4.9988408833742133 5.493565797805787 5.2479437291622144 11.954986631870268 9.2246779203414935 7.7455530017614356 12.489680454134941 26.839698418974876 6.2429886013269416 5.748114317655566 4.9976246953010541 7.9981246590614345 5.4979034811258316 6.2478736042976388 10.47867074608803 9.9835389107465726 7.4917670190334302 6.2473759949207306 5.4957704395055744 9.7468331903219205 5.4899521768093109 5.2344658970832816 5.4969221651554108
leaf_count=36 25 47 32 29 38 26 27 35 22 36 20 22 21 48 37 31 50 108 25 23 20 32 22 25 42 40 30 25 22 39 22 21 22
internal_value=0 -0.00809246 -0.00410262 0.00229964 -0.0117387 -0.00379433 -0.00753811 -0.0078069 0.000734699 -0.00637944 -0.0143472 -0.00307358 0.0216323 0.0126242 0.00394534 -0.0275679 -0.0329915 0.0277863 0.00234524 -0.0224967 -0.0147394 -0.0212055 -0.00588365 -0.0148898 0.0137888 0.00937671 0.0071253 -0.00707098 0.00744845 -0.0292406 -0.0013897 0.0323042 -0.00044526
internal_weight=274.561 200.83 168.848 92.1389 76.7088 60.6956 53.4563 67.2125 29.4803 20.7403 37.7321 17.2384 73.7311 32.675 20.72 31.9826 24.2371 41.0561 22.721 20.4938 30.7352 20.2407 12.2426 15.2452 31.4434 16.478 23.4604 11.4953 10.9893 14.7457 12.9817 32.0742 10.4945
internal_count=1100 804 676 369 307 243 214 269 118 83 151 69 296 131 83 128 97 165 91 82 123 81 49 61 126 66 94 46 44 59 52 129 42
is_linear=0
shrinkage=0.03


Tree=4
num_leaves=36
num_cat=0
split_feature=5 13 34 16 23 28 23 39 41 19 5 5 35 27 22 28 29 16 15 15 34 27 34 16 16 26 32 30 17 15 16 24 29 2 28
split_gain=51.3444 16.1961 8.93097 7.14649 6.19688 5.88391 4.30923 4.53127 4.23304 6.6964 3.45676 3.43069 3.77063 3.40985 4.92221 3.40374 3.19383 3.09757 2.77558 2.71353 3.80056 2.63054 2.56624 3.62258 2.45277 2.05057 1.78764 1.44786 1.15893 0.83054 0.75051 0.554358 0.28852 0.264188 0.118186
threshold=-0.54681548070073427 1.3691046648483944 -0.20866329942526415 -0.71361193056958105 0.20832450707267428 -0.84518622291679713 0.20832450707267428 -0.65903350051834753 682.50000000000011 -0.81847932846543492 -0.79689172726994617 -0.661623212080236 -0.25362336796511686 -1.0228155888770418 0.16616922623189392 0.85967081073356455 1.3489396066891988 1.1161622503780628 -0.83250628696836593 -1.187313305823541 0.12559977061814001 0.6003891512737386 -0.42802343914124824 0.59336962725016462 1.0000000180025095e-35 1.0000000180025095e-35 1.0000000180025095e-35 0.81462429547511117 1.0000000180025095e-35 -0.7142372806833075 0.33197331568621535 -0.91057002196826631 -0.47505498353278303 -0.59951710161833704 0.29138513285011042
decision_type=2 2 2 2 2 2 2 2 2 2 2 2 2 2 2 2 2 2 2 2 2 2 2 2 2 2 2 2 2 2 2 2 2 2 2
left_child=10 2 4 19 8 -5 17 -8 9 -2 16 12 25 -10 -15 31 26 24 -16 -4 -21 29 23 34 -7 -12 -1 -25 -22 -9 -17 -3 -28 -13 -11
right_child=1 15 3 5 -6 6 7 21 13 22 11 33 -14 14 18 30 -18 -19 -20 20 28 -23 -24 27 -26 -27 32 -29 -30 -31 -32 -33 -34 -35 -36
leaf_value=0.013964357828887062 0.0090178430854894517 -0.016228890557679579 -0.0028070785700604352 0.018573257169710599 -0.032290519745874581 -0.0039587854299815151 0.0023661910364739802 -0.012589306886232983 -0.016651241010973077 -0.019121169195599697 -0.018181584744815037 0.029219957840954068 0.016664466375495925 0.022088862156963315 0.0055162920634932566 -0.016357418169257541 0.0052352514888380219 -0.013024869771289742 -0.018574340007512406 0.03295786419097007 0.014431783608557808 -0.0048193794770838025 -0.0011121864367529687 0.0031638932676856068 0.017429629275305388 0.0038604616421843282 0.01580386341479767 -0.016325161128105305 0 -0.036296850939460883 -0.00043615955222214137 -0.039389603330899657 0.038755837323416482 0.0098479081194024296 -0.041250769398865114
leaf_weight=9.4348353892564756 7.7410598844289771 6.4936016649007824 6.2397976666688946 7.2338515967130652 9.4899338334798795 6.4951383769512239 9.2421712875366229 6.2479679733514804 5.4941851049661663 8.4949623346328753 5.249055936932562 6.9502854943275452 9.2157704234123248 8.7396227270364779 8.7429790943861025 6.4949730932712537 6.7239278852939597 6.2448376268148413 5.2458224445581392 7.9691117256879833 8.4787064045667648 7.7465040087699881 6.2488101720809963 4.9971368610858899 9.9763137549161893 6.2466876059770584 5.4596362709999076 4.9982404410839081 8.7362871915102005 7.4928299337625504 5.245135173201561 13.72839990258217 19.35029919445515 4.9854329228401166 6.4954242110252371
leaf_count=38 31 26 25 29 38 26 37 25 22 34 21 28 37 35 35 26 27 25 21 32 34 31 25 20 40 25 22 20 35 30 21 55 78 20 26
internal_value=-5.03176e-06 -0.00789438 -0.00400473 0.00223751 -0.0114509 -0.0037122 -0.00737099 -0.0143929 -0.00761409 -0.0137979 0.0210874 0.0123055 0.00383465 0.0010582 0.00653708 -0.0268811 0.0270901 0.00226191 -0.00428095 0.0134631 0.0176299 -0.0214645 -0.0198263 -0.0238741 0.00913184 -0.00690751 0.0307145 -0.00712824 0.0076498 -0.0287394 -0.0107357 -0.0342562 0.0354132 0.0240256 -0.0326269
internal_weight=274.37 200.754 168.792 92.1035 76.6882 60.6796 53.4458 30.7295 67.1982 38.9756 73.6159 32.6472 20.7115 28.2226 22.7284 31.9621 40.9687 22.7163 13.9888 31.4239 25.1841 21.4873 31.2346 24.9858 16.4715 11.4957 34.2448 9.99538 17.215 13.7408 11.7401 20.222 24.8099 11.9357 14.9904
internal_count=1100 804 676 369 307 243 214 123 269 156 296 131 83 113 91 128 165 91 56 126 101 86 125 100 66 46 138 40 69 55 47 81 100 48 60
is_linear=0
shrinkage=0.03


Tree=5
num_leaves=36
num_cat=0
split_feature=14 13 34 16 23 28 41 19 25 21 30 38 16 16 13 25 28 20 22 25 30 32 26 40 34 16 38 41 33 25 37 29 27 28 26
split_gain=48.7549 15.5414 8.22197 6.23064 6.01929 5.48947 4.31177 6.39386 5.07695 3.83783 4.37765 4.76797 5.26578 3.38072 6.12105 3.62277 3.3181 3.24502 3.00859 3.63827 3.2151 2.76033 3.38086 2.65368 2.4447 3.45218 1.94251 1.92661 1.70876 1.47816 1.23867 1.23751 0.832594 0.114204 0.0826008
threshold=0.44384438819421917 1.3691046648483944 -0.20866329942526415 -0.71361193056958105 0.20832450707267428 -0.84518622291679713 682.50000000000011 -0.81847932846543492 1.0000000180025095e-35 0.37013021614012775 -0.10323497031195193 -0.62077943946901171 1.1161622503780628 0.59336962725016462 -1.3504085590342934 1.0000000180025095e-35 -0.84518622291679713 1.1405728684684662 -0.05642401369717142 -0.90341082881581869 -0.59746688265883152 1.0000000180025095e-35 -0.95112876779974398 708.50000000000011 -0.42802343914124824 0.59336962725016462 1.0000000180025095e-35 589.00000000000011 -0.48255996201266799 0.72094187507836593 1.0000000180025095e-35 1.0000000180025095e-35 -1.0228155888770418 0.29138513285011042 0.44110141331803543
decision_type=2 2 2 2 2 2 2 2 2 2 2 2 2 2 2 2 2 2 2 2 2 2 2 2 2 2 2 2 2 2 2 2 2 2 2
left_child=1 2 4 18 6 -5 7 -1 -8 10 -7 28 23 14 32 16 -16 30 20 -20 -4 22 -10 -13 25 33 -11 -25 -12 -27 -3 34 -2 -9 -15
right_child=13 17 3 5 -6 9 8 24 21 26 11 12 -14 31 15 -17 -18 -19 19 -21 -22 -23 -24 27 -26 29 -28 -29 -30 -31 -32 -33 -34 -35 -36
leaf_value=0.0088024451298462716 0.012107665605760331 -0.037341431185726102 0.015969201944800834 0.018145261009061692 -0.031514759522894259 0.017445359890284982 -0.017326859005156067 -0.01865682588077824 0 -0.026075228425755818 -0.0020686863561318286 0.0092302990091264574 -0.035177867974292162 0.0072851738493594463 -0.0011728944920995441 -0.010688127937503468 0.022276025905561669 -0.0063024679479944867 -0.0011882334291660128 0.026673947058634882 -0.010714506316470182 -0.0065617385500976975 0.027117325239780998 0.00012217725524736378 -0.001086600570308228 -0.016277177059947946 -0.0018841542512619074 -0.022694512153062674 0.019145404144230938 0.0033987449777022056 -0.015145676547089182 0.034825285501694253 0.035165072133412488 -0.040332407508859608 0.020169816380973721
leaf_weight=7.7390944957733145 6.2037065774202338 15.709995359182363 5.2364646047353745 7.227257400751113 9.4787588119506818 6.7389504909515372 7.2475965321064022 8.4925207346677798 7.7414653152227437 9.4879137426614744 5.2454697489738464 6.4931852668523868 5.4952162802219382 5.95859143137932 9.2034001052379626 7.9703475832939139 9.4387379139661807 7.7431184649467459 4.9876217544078854 13.940255016088484 7.4852358251810092 5.7421017140150061 7.7362165898084623 5.2442923337221146 6.2488093525171307 4.9969450533390027 5.2414638400077811 5.2455019056797028 4.9846466779708809 4.9975957572460175 8.4835642576217634 17.864419132471085 8.410546809434889 6.4873958677053443 7.1964712589979172
leaf_count=31 25 63 21 29 38 27 29 34 31 38 21 26 22 24 37 32 38 31 20 56 30 23 31 21 25 20 21 21 20 20 34 72 34 26 29
internal_value=-1.55402e-05 -0.00761569 -0.00383124 0.002114 -0.0109782 -0.0033965 -0.00722024 -0.0134843 0.0014629 -0.00689464 -0.00155343 -0.006384 -0.0138635 0.0207938 0.0137908 0.00428105 0.0113697 -0.0262326 0.0125708 0.0196054 0.000506472 0.00903658 0.0152534 -0.00380338 -0.0193776 -0.0233305 -0.0190265 -0.0125338 0.00915305 -0.00696283 -0.0314579 0.0285857 0.0282597 -0.0318826 0.0163882
internal_weight=274.145 201.899 169.962 93.0535 76.9085 61.4039 67.4297 38.9624 28.4674 54.1766 39.4473 32.7083 22.4782 72.2462 41.2267 26.6125 18.6421 31.9367 31.6496 18.9279 12.7217 21.2198 15.4777 16.983 31.2233 24.9745 14.7294 10.4898 10.2301 9.99454 24.1936 31.0195 14.6143 14.9799 13.1551
internal_count=1100 809 681 373 308 246 270 156 114 217 158 131 90 291 166 107 75 128 127 76 51 85 62 68 125 100 59 42 41 40 97 125 59 60 53
is_linear=0
shrinkage=0.03


Tree=6
num_leaves=37
num_cat=0
split_feature=5 13 34 16 25 20 38 14 30 29 29 20 35 16 13 29 20 22 36 12 36 38 36 33 38 17 34 37 29 41 41 37 12 16 26 41
split_gain=46.5579 14.6062 8.11781 6.47995 5.17798 5.75453 4.80339 4.43976 4.10311 5.21911 3.89209 3.67561 3.86276 3.26084 5.99091 3.44388 3.07427 2.76771 3.86173 2.72287 2.70104 2.69727 2.3735 2.32621 2.06662 1.89627 1.84807 1.70254 1.58211 1.22391 1.20449 1.15949 1.15913 0.575924 0.572148 0.0616232
threshold=-0.54681548070073427 1.3691046648483944 -0.20866329942526415 -0.71361193056958105 0.39607133429952907 1.0000000180025095e-35 1.0000000180025095e-35 -1.012938329839189 -0.19401226033484806 -0.95505355990698881 0.69065584480457376 -0.27484363530140515 -0.74409191918225992 0.59336962725016462 -1.3504085590342934 0.87960766534553048 1.1405728684684662 0.38876246616095916 0.54679411850346715 -0.314844026425321 0.54679411850346715 -0.62077943946901171 0.017691648583092613 0.58454808188490914 -0.62077943946901171 1.0000000180025095e-35 0.12559977061814001 1.0000000180025095e-35 1.0000000180025095e-35 446.50000000000006 622.00000000000011 1.0000000180025095e-35 -0.58119932671625163 0.59336962725016462 0.44110141331803543 682.50000000000011
decision_type=2 2 2 2 2 2 2 2 2 2 2 2 2 2 2 2 2 2 2 2 2 2 2 2 2 2 2 2 2 2 2 2 2 2 2 2
left_child=13 2 4 21 7 6 29 -2 11 -10 30 12 -5 14 32 19 31 24 27 -16 -21 -4 26 -7 -11 -24 -23 -19 34 -6 -9 -3 -1 -32 -15 -25
right_child=1 16 3 8 5 23 -8 10 9 17 -12 -13 -14 28 15 -17 -18 18 -20 20 -22 22 25 35 -26 -27 -28 -29 -30 -31 33 -33 -34 -35 -36 -37
leaf_value=0.0093365634443101364 0.003559501451774139 -0.036407286221101696 0.026424997320807515 -0.0013999553783735855 0.0027372353798503861 0.00087769418720394282 -0.011299439595855087 -0.03679338077665642 0.0090739310869122798 -0.0056843618744486469 -0.00093568446063508736 -0.0078525117857910689 0.029565762321211244 0.0049262575096804661 0.023221922217744467 -0.011761897978510178 -0.0061512559016827584 -0.023839896708306909 0.012372369999580817 0.011410643561384435 -0.01279036256446032 0.026280043785393382 0.0099203558632926219 -0.024217803280877897 -0.030855307728086145 -0.010489077911883945 0.0012070720842337667 0 0.034256087287146575 0.023638577891777542 -0.022420334159149787 -0.014781225249262581 0.033966927975620946 -0.0062942898875855916 0.020691562899525357 -0.0086570362822473764
leaf_weight=5.1880392432212821 5.9946748316287986 15.678893983364111 7.955973386764529 5.482130855321885 4.9932954013347652 5.7430094331502941 5.9903319776058188 10.726632162928583 9.4890062510967237 6.2329335212707511 6.7426312714815131 7.234978958964347 6.4824373871088037 6.2041245549917239 6.9581522494554546 6.9732710868120185 7.7421793043613425 5.4930337518453616 5.7443407922983161 7.9519799351692217 5.2148978412151337 4.9665649086236971 4.984500899910925 7.7294974476098997 9.4880082011222857 7.9800720512866974 5.4866681098937988 4.9908943772315979 18.058872446417809 8.4807523936033231 8.7338386923074705 8.4788725823163968 9.3875034153461439 6.4867161959409705 7.4327773898839951 4.9937672019004822
leaf_count=21 24 63 32 22 20 23 24 43 38 25 27 29 26 25 28 28 31 22 23 32 21 20 20 31 38 32 22 20 73 34 35 34 38 26 30 20
internal_value=-2.08676e-05 -0.00753277 -0.00383582 0.00211618 -0.0109386 -0.00263812 0.00819581 -0.0184249 -0.00354576 -0.00880308 -0.0226039 0.00728764 0.0166971 0.0201021 0.0132725 0.00402617 -0.0255836 -0.0145012 -0.00448149 0.0103118 0.00102313 0.0128172 0.00632099 -0.0140515 -0.0229052 -0.00197356 0.0158153 -0.014682 0.0276447 0.0175786 -0.0275712 -0.0306785 0.0276519 -0.0173594 0.0153848 -0.020439
internal_weight=273.896 200.527 168.627 92.0115 76.6151 37.9307 19.4644 38.6845 60.6378 41.4382 32.6898 19.1995 11.9646 73.3696 41.6738 27.0983 31.8999 31.9492 16.2283 20.125 13.1669 31.3738 23.4178 18.4663 15.7209 12.9646 10.4532 10.4839 31.6958 13.474 25.9472 24.1578 14.5755 15.2206 13.6369 12.7233
internal_count=1100 804 676 369 307 152 78 155 243 166 131 77 48 296 168 109 128 128 65 81 53 126 94 74 63 52 42 42 128 54 104 97 59 61 55 51
is_linear=0
shrinkage=0.03


Tree=7
num_leaves=36
num_cat=0
split_feature=11 13 34 16 23 24 28 23 36 19 40 39 22 25 16 13 25 28 28 34 25 16 30 28 20 37 29 31 27 24 29 27 15 32 19
split_gain=44.1941 14.0244 5.94132 6.15238 5.25256 4.82715 4.62389 4.10384 4.63379 3.57682 3.60893 3.5479 3.49551 3.75571 3.043 5.60572 3.44471 3.16372 2.96813 3.60679 3.09244 2.72334 2.65803 2.48742 2.7689 2.36983 1.78986 1.36537 1.30113 1.18009 1.06256 0.850266 0.626984 0.503159 0.0650234
threshold=0.4159435235721422 1.3005621136504244 -0.20866329942526415 -0.71361193056958105 0.20832450707267428 -0.50160665316144348 -0.84518622291679713 0.20832450707267428 -0.21712136302275678 -0.50350521296606732 667.50000000000011 -0.65903350051834753 -0.05642401369717142 -0.90341082881581869 0.59336962725016462 -1.3504085590342934 1.0000000180025095e-35 -0.84518622291679713 1.0000000180025095e-35 -0.5742635322852373 1.0000000180025095e-35 0.59336962725016462 -0.59746688265883152 -0.46632910432782798 0.80534264389139143 -0.53577068696848407 -0.1870558377082597 -0.26274155444055675 -0.60838033607258712 -0.91057002196826631 1.0000000180025095e-35 -1.0228155888770418 -0.7142372806833075 -0.98013273021999703 1.0000000180025095e-35
decision_type=2 2 2 2 2 2 2 2 2 2 2 2 2 2 2 2 2 2 2 2 2 2 2 2 2 2 2 2 2 2 2 2 2 2 2
left_child=1 2 4 12 5 18 -5 8 -8 -7 -11 -9 22 -14 15 31 17 -17 20 33 -1 -12 -4 -3 29 -13 -10 -26 -22 -25 34 -2 -27 -20 -16
right_child=14 23 3 6 -6 9 7 11 26 10 21 25 13 -15 30 16 -18 -19 19 -21 28 -23 -24 24 27 32 -28 -29 -30 -31 -32 -33 -34 -35 -36
leaf_value=-0.017514382057373646 0.011306361110024726 -0.0016424111963073576 0.013913194103343436 0.016266978082600664 -0.029180591745618753 0.017462797995121709 -0.012899132744035671 0.0011594156174625097 2.223930205673219e-06 0.013552448732865282 -0.021063179093136854 -0.00091410994567143198 -0.0012616137768945179 0.027118673463059791 0.0080355586456534959 -0.0012290303850288264 -0.010518207582255528 0.021655956591493802 -0.013411955264447805 0 -0.0025967228117105977 0.0028011272256186011 -0.010631106798373969 -0.011996409736101643 0.0001584513513505202 -0.012266573182353564 0.021314079526410651 -0.018479842573943774 0.015362066111612968 -0.03768957755710254 0.033165295300655533 0.033868832026177506 -0.032159239061552089 -0.034955975939853202 0.020390333623221804
leaf_weight=5.9960639774799374 6.1828635931015006 4.9755735099315634 4.9789765626192093 6.9630978703498831 8.9534040540456754 8.4760214090347308 8.7414373457431811 8.9896609336137789 6.7397017478942871 5.4873151779174814 8.483085557818411 5.2438143789768246 4.9860369414091137 13.648678898811339 7.4339329749345797 9.2008776813745516 7.9721293300390235 9.417786583304407 6.7352757751941672 5.4968755394220379 5.739687681198121 5.9964619427919397 7.4843026697635668 5.2322888374328604 4.9907418638467789 7.4973340928554562 7.2207316309213621 6.4791516810655576 4.9940932393074009 15.413580581545832 17.746581390500069 8.3510689884424192 8.4754234701394981 7.2236079871654502 5.6886097490787506
leaf_count=24 25 20 20 28 36 34 35 36 27 22 34 21 20 55 30 37 32 38 27 22 23 24 30 21 20 30 29 26 20 62 72 34 34 29 23
internal_value=-1.78131e-05 -0.00725366 -0.00333598 0.00173794 -0.0095742 -0.00601201 -0.00381268 -0.00703709 0.00232315 0.00299012 -0.00386272 -0.0139799 0.0122103 0.0198187 0.0198328 0.0131598 0.00405805 0.0109878 -0.0130416 -0.0205319 -0.00280331 -0.0116354 0 -0.0234706 -0.0263953 -0.0202222 0.0126364 -0.0110512 0.00633772 -0.033004 0.0272611 0.0270525 -0.0254543 -0.0277914 0.0156923
internal_weight=273.636 201.642 164.551 90.9692 73.5819 64.6285 59.8712 52.9081 22.7019 28.4429 19.9669 30.2062 31.098 18.6347 71.9939 41.1247 26.5908 18.6187 36.1856 19.4558 16.7298 14.4795 12.4633 37.0913 32.1158 21.2166 13.9604 11.4699 10.7338 20.6459 30.8691 14.5339 15.9728 13.9589 13.1225
internal_count=1100 809 660 365 295 259 240 212 91 114 80 121 125 75 291 166 107 75 145 78 67 58 50 149 129 85 56 46 43 83 125 59 64 56 53
is_linear=0
shrinkage=0.03


Tree=8
num_leaves=36
num_cat=0
split_feature=5 13 34 16 23 28 23 39 24 21 32 15 31 31 5 5 35 19 16 27 20 15 12 20 27 29 22 15 17 24 21 24 24 15 11
split_gain=42.1957 13.2568 7.40973 5.88309 5.25451 4.96728 3.8799 4.09047 3.78134 4.01522 3.68104 4.49714 3.66688 3.58551 2.94283 3.32002 3.51695 3.27252 2.86609 2.83412 2.64169 2.58139 4.04282 3.45004 2.4797 2.39524 2.35368 2.28896 1.88738 1.82738 1.43267 1.34855 1.08958 0.761963 0.574482
threshold=-0.54681548070073427 1.3691046648483944 -0.20866329942526415 -0.71361193056958105 0.20832450707267428 -0.84518622291679713 0.20832450707267428 -0.65903350051834753 -0.50160665316144348 -0.25892399004050287 1.0000000180025095e-35 -0.4776992681131908 -1.0824020610557219 -0.67257180774813929 -0.79689172726994617 -0.661623212080236 -0.25362336796511686 -1.4484275594641696 1.1161622503780628 1.0000000180025095e-35 1.1405728684684662 -1.187313305823541 0.055402836136291662 -0.57282605714769386 0.6003891512737386 -0.95505355990698881 -0.50161049355530174 -0.83250628696836593 1.0000000180025095e-35 1.0000000180025095e-35 1.0000000180025095e-35 -0.50160665316144348 1.6795313138082781 -0.7142372806833075 -0.30040563566353423
decision_type=2 2 2 2 2 2 2 2 2 2 2 2 2 2 2 2 2 2 2 2 2 2 2 2 2 2 2 2 2 2 2 2 2 2 2
left_child=14 2 4 21 8 -5 18 -8 9 19 12 -12 -10 31 17 16 29 -1 27 -2 -15 -4 23 -23 33 -21 -11 -7 -14 -16 -17 -3 -19 -9 -29
right_child=1 13 3 5 -6 6 7 24 10 26 11 -13 28 20 15 30 -18 32 -20 25 -22 22 -24 -25 -26 -27 -28 34 -30 -31 -32 -33 -34 -35 -36
leaf_value=0.0061353588264894468 0.012652780384391812 -0.016273775295463595 -0.0034734085181398569 0.01714035897265942 -0.029689571647520889 -0.0049894747970606699 0.0024667089872130398 -0.011801723135507494 -0.0061662385795376636 -0.006921163456629768 -0.025969330546847174 0.0069444911601270337 0.0022933963005571144 -0.040432867878445779 -0.018022179462705561 0.032182980782653879 0.015338771246720534 0.031918818770341417 -0.012310270690346002 0.0017206361137139707 -0.009573224071702786 0.00057343664434349542 -0.0040033885027141967 0.029587880462290477 -0.0041360574763434181 -0.021867528936186459 -0.030294368147835204 0.0055606577010964995 0.028361669644536652 0.0028430592291645946 0.007531433588233492 0.001157955937410715 0.0095425135819392423 -0.034407933846608035 0.022988515092750225
leaf_weight=8.922500327229498 5.7427477240562466 8.9691409021615964 6.2273541092872646 7.2063529789447776 9.4298960268497449 5.4842246770858809 9.2394084334373492 6.246785983443262 6.9837527722120312 8.7354517281055433 5.9861925095319748 5.485577926039694 4.985013276338579 12.360435783863069 5.2466566264629346 5.6874333471059781 9.1748377680778521 26.446788415312771 6.2419608384370795 6.7351898998022088 5.48847772181034 5.4703937172889789 5.721198394894599 13.893946990370747 7.7462831586599341 5.4807891547679874 10.968261405825617 5.9888601452112233 5.9835137873888016 6.2352712899446487 6.1782837063074112 4.98426225781441 5.1947316378355017 7.4584109634160995 4.9809276014566386
leaf_count=36 23 36 25 29 38 22 37 25 28 35 24 22 20 50 21 23 37 108 25 27 22 22 23 56 31 22 44 24 24 25 25 20 21 30 20
internal_value=-1.95786e-05 -0.0071714 -0.0036477 0.00203919 -0.0104388 -0.00335248 -0.00672118 -0.0133954 -0.00690273 -0.0129741 0.000992537 -0.0110315 0.0092987 -0.0243969 0.0191785 0.0110751 0.00284638 0.024748 0.00239781 -0.00190544 -0.0330814 0.0122481 0.016343 0.0224571 -0.0201292 -0.00995621 -0.0217299 0.00900109 0.0190682 -0.00744805 0.0225943 -0.010276 0.0291727 -0.02718 0.0161657
internal_weight=273.311 200.225 168.422 91.9061 76.5164 60.5932 53.3869 30.6909 67.0865 37.6624 29.4241 11.4718 17.9523 31.8023 73.0865 32.5225 20.6568 40.564 22.696 17.9587 17.8489 31.3129 25.0855 19.3643 21.4515 12.216 19.7037 16.454 10.9685 11.4819 11.8657 13.9534 31.6415 13.7052 10.9698
internal_count=1100 804 676 369 307 243 214 123 269 151 118 46 72 128 296 131 83 165 91 72 72 126 101 78 86 49 79 66 44 46 48 56 129 55 44
is_linear=0
shrinkage=0.03


Tree=9
num_leaves=37
num_cat=0
split_feature=5 13 34 16 16 26 23 36 29 35 35 26 38 16 13 35 10 22 25 17 20 38 21 28 20 15 29 22 30 14 29 12 24 26 22 21
split_gain=40.1516 12.6256 5.57783 6.0829 4.71428 5.00922 4.05812 4.85869 3.85658 4.48096 4.54974 4.25604 3.35336 2.97224 5.38413 3.22249 2.88125 2.82515 3.54302 3.06786 2.70117 4.60349 2.40817 2.34698 2.63171 2.30326 2.08886 1.7069 1.52545 1.4613 1.44654 1.18908 1.11544 0.593094 0.350219 0.307436
threshold=-0.54681548070073427 1.3005621136504244 -0.20866329942526415 -0.71361193056958105 1.1161622503780628 -1.4152054948390038 0.20832450707267428 -0.56517752916192399 0.69065584480457376 1.1850003259648585 -0.35827347015283628 -0.48705204076048403 1.0000000180025095e-35 0.59336962725016462 -1.3504085590342934 -0.53893448993645554 0.3342928954981923 -0.05642401369717142 -0.90341082881581869 1.0000000180025095e-35 1.0000000180025095e-35 -0.62077943946901171 0.64433333165476159 -0.46632910432782798 0.80534264389139143 -0.35943026182813237 -0.1870558377082597 0.38876246616095916 -0.19401226033484806 -1.4974882121568671 1.0000000180025095e-35 -0.58119932671625163 -0.91057002196826631 0.44110141331803543 0.94524556598362242 -0.69442305585786268
decision_type=2 2 2 2 2 2 2 2 2 2 2 2 2 2 2 2 2 2 2 2 2 2 2 2 2 2 2 2 2 2 2 2 2 2 2 2
left_child=13 2 4 17 5 -2 7 -5 9 10 -7 -10 20 14 31 22 -9 19 -19 -4 21 -8 -16 -3 32 -6 -18 -22 -17 -26 33 -1 -25 -15 -12 -29
right_child=1 23 3 6 25 8 12 16 11 -11 34 -13 -14 30 15 28 26 18 -20 -21 27 -23 -24 24 29 -27 -28 35 -30 -31 -32 -33 -34 -35 -36 -37
leaf_value=0.0081737224187568916 0.0064531972159945338 -0.0012956057838321531 0.015203800606091313 -0.016778083782233045 -0.0035746175524847602 -0.0033499116634909724 0.015009045058966154 -0.0043490872494281402 -0.016472153136269582 0.0026203169966119567 -0.034644985946960735 0.013275351027099211 0.0039583596142851963 0.0041205472403479399 0.0054106929411947445 0.021015128129873738 0.00324181544831329 -0.0014090908733167891 0.026091507118341722 -0.011205462425303294 -0.036278671483037546 -0.019027297698663247 -0.016215164007913008 -0.011387363224696983 0.001023338659232007 0.018413225626785087 0.028093497946153349 -0.015990722409817467 0 -0.01811434812073098 0.032257850523584451 0.03217112638125675 -0.036240138106983975 0.019554927341470043 -0.013554685301388815 -0.0027533147903312126
leaf_weight=5.1513436138629904 8.722425624728201 4.9673495441675177 5.2226780802011508 4.9949028044939068 8.7225804477930051 7.7235819101333574 4.9800856858491898 5.4864688962698009 6.9812754094600677 5.2302126437425605 18.659888923168193 6.474499508738516 9.4699453115463239 6.1808563470840472 7.4408717304468137 7.42975914478302 6.2365323752164876 4.9841822087764767 13.593420162796972 6.9814145117998123 4.9758184254169455 5.4798341095447558 7.2178201079368591 5.2217459529638282 4.9796569794416428 5.234306037425994 7.4537748247384972 4.9923333674669239 4.9444980174303073 6.4703921824693662 17.871623158454895 9.2840389609336835 15.32890395820141 7.3912594765424728 5.4757568538188925 4.9904960840940484
leaf_count=21 35 20 21 20 35 31 20 22 28 21 75 26 38 25 30 30 25 20 55 28 20 22 29 21 20 21 30 20 20 26 73 38 62 30 22 20
internal_value=-2.59364e-05 -0.00700264 -0.00325591 0.00169921 -0.00930461 -0.0129545 -0.00386202 0.00519145 -0.0165305 -0.0213347 -0.0253712 -0.00189631 -0.0102418 0.0187262 0.0122248 0.00348145 0.0121951 0.0121572 0.0189742 0.000196498 -0.0156591 -0.00252063 -0.0055141 -0.022408 -0.025252 0.00551142 0.0189321 -0.0231709 0.0138736 -0.0103808 0.0259352 0.0259216 -0.0316907 0.0142829 -0.031429 -0.0113765
internal_weight=272.947 200.034 163.066 89.8419 73.2245 59.2676 59.0602 24.1717 50.5452 37.0894 31.8592 13.4558 34.8885 72.9121 41.4683 27.0329 19.1768 30.7817 18.5776 12.2041 25.4186 10.4599 14.6587 36.968 32.0007 13.9569 13.6903 14.9586 12.3743 11.45 31.4437 14.4354 20.5506 13.5721 24.1356 9.98283
internal_count=1100 804 655 361 294 238 237 97 203 149 128 54 140 296 168 109 77 124 75 49 102 42 59 149 129 56 55 60 50 46 128 59 83 55 97 40
is_linear=0
shrinkage=0.03


Tree=10
num_leaves=35
num_cat=0
split_feature=5 13 34 16 23 28 39 24 23 39 31 19 31 41 23 31 28 41 36 16 13 37 25 20 31 15 34 27 29 29 17 27 15 19
split_gain=38.2493 12.0672 6.66834 5.30808 5.00651 4.63748 3.73322 5.3171 3.54295 3.84841 3.48783 3.34179 4.03439 3.37725 3.03376 4.01714 3.69466 2.86134 2.82584 2.82003 5.15 3.64892 7.5762 2.46303 2.42449 2.42145 3.55932 2.41427 2.127 1.36059 1.08084 0.900627 0.721869 0.17806
threshold=-0.54681548070073427 1.3691046648483944 -0.20866329942526415 -0.71361193056958105 0.20832450707267428 -0.84518622291679713 1.3491018196206621 -0.50160665316144348 0.20832450707267428 -0.65903350051834753 -0.67257180774813929 -0.50350521296606732 -1.0824020610557219 708.50000000000011 -1.3801017252282153 -0.67257180774813929 -1.0000000180025095e-35 544.50000000000011 -0.56517752916192399 0.59336962725016462 -1.3504085590342934 1.1456779739882428 1.0000000180025095e-35 1.1405728684684662 0.73256048930642936 -1.187313305823541 0.12559977061814001 0.6003891512737386 -0.1870558377082597 1.0000000180025095e-35 1.0000000180025095e-35 -1.0228155888770418 -0.7142372806833075 -0.18853109746669974
decision_type=2 2 2 2 2 2 2 2 2 2 2 2 2 2 2 2 2 2 2 2 2 2 2 2 2 2 2 2 2 2 2 2 2 2
left_child=19 2 4 25 6 -5 7 14 18 -10 17 -9 -13 -14 16 -16 -2 -3 -7 20 31 22 24 -12 -22 -4 -27 32 -20 33 -28 -1 -11 -21
right_child=1 10 3 5 -6 8 -8 11 9 27 23 12 13 -15 15 -17 -18 -19 28 29 21 -23 -24 -25 -26 26 30 -29 -30 -31 -32 -33 -34 -35
leaf_value=0.010108082237328309 0.011907257646492456 -0.019099002859768694 -0.0035359059584827851 0.016616248565449701 -0.028730702941028915 -0.013745305415675651 0.012110279787582168 0.015283191218524625 0.0025133663168422217 -0.01138298850838625 -0.039000436730500895 -0.023420076528845632 -0.0099996994362104921 0.016456741487026312 -0.030376242681637029 -0.0018973180608734617 -0.018330228517008731 0.0055883149451606325 -0.0017414140394801702 0.018598432744337808 -0.0006014674299192435 0.020294056778771885 -0.027066599435614493 -0.0091568268445038452 0.021942314578854111 0.030426469642484362 0.012760811058694631 -0.0037158193998204376 0.01737827134734176 0.031518559058579705 -0.00084736140307061804 0.032139597609250746 -0.033378349119229787 0.0064436834112287181
leaf_weight=6.1418046504259101 5.7394311428070068 8.4512754082679766 6.2243790328502682 7.1915424019098273 9.3897630572319013 5.245020508766177 6.7266221493482581 7.9693465083837536 9.2375423610210436 6.2440951913595217 12.262265995144846 5.7364896833896681 6.7314195334911311 6.7304837703704834 15.443528875708576 6.9854348450899204 4.9710975289344734 5.4747154116630545 8.7343131750822103 6.1692946255207062 9.4252409785986 6.4331860840320578 5.9812839627265921 5.4832668453454962 5.1808688193559638 7.8766314387321499 8.4341746419668198 7.7442917078733435 8.6971989572048152 17.787919521331787 8.7037373781204224 8.2417192012071592 7.4269376695156097 7.3829351365566271
leaf_count=25 23 34 25 29 38 21 27 32 37 25 50 23 27 27 62 28 20 22 35 25 38 26 24 22 21 32 34 31 35 73 35 34 30 30
internal_value=-2.55289e-05 -0.00683515 -0.0034724 0.00192465 -0.00991859 -0.0031939 -0.00647718 -0.00895343 -0.0064537 -0.0128365 -0.0233063 0.000746738 -0.00583595 0.00323645 -0.0166861 -0.022594 -0.00229841 -0.00950884 0.00225548 0.0183004 0.0119525 0.00340081 -0.00287987 -0.0318618 0.00863673 0.0116367 0.0156182 -0.0193803 0.00825814 0.0253437 0.00613971 0.0253777 -0.0263324 0.0139716
internal_weight=272.599 199.855 168.183 91.7599 76.4236 60.5209 67.0339 60.3072 53.3294 30.6529 31.6715 27.1677 19.1984 13.4619 33.1395 22.429 10.7105 13.926 22.6765 72.7443 41.4041 27.0206 20.5874 17.7455 14.6061 31.2389 25.0145 21.4153 17.4315 31.3401 17.1379 14.3835 13.671 13.5522
internal_count=1100 804 676 369 307 243 269 242 214 123 128 109 77 54 133 90 43 56 91 296 168 109 83 72 59 126 101 86 70 128 69 59 55 55
is_linear=0
shrinkage=0.03


Tree=11
num_leaves=35
num_cat=0
split_feature=5 3 34 25 12 16 23 41 31 32 41 30 12 20 30 38 16 0 31 5 38 20 38 32 29 32 23 32 34 37 30 33 19 9
split_gain=36.4585 10.9643 6.28217 5.42332 6.07841 4.35632 4.66934 4.00771 6.2595 3.73967 4.81045 3.09108 3.00317 3.52348 2.92679 2.82691 2.6736 4.21164 4.1848 3.67989 2.45787 2.26865 4.36689 2.25286 1.91837 1.89888 1.7314 1.51167 1.4497 1.43085 1.32314 1.2584 1.23234 0.661479
threshold=-0.54681548070073427 -0.87316532492103438 -0.20866329942526415 1.0000000180025095e-35 -1.0059672327372169 -0.71361193056958105 0.20832450707267428 682.50000000000011 -0.67257180774813929 -0.5707436873622963 667.50000000000011 -0.19401226033484806 0.055402836136291662 -0.57282605714769386 0.67341517766171677 1.0000000180025095e-35 0.59336962725016462 1.3076415213457573 0.73256048930642936 -0.76733726176631201 -0.62077943946901171 1.0000000180025095e-35 -0.62077943946901171 1.0000000180025095e-35 1.0000000180025095e-35 -0.33680709144361015 -1.0624164787680372 -1.3115429077714691 1.1806175854426348 1.0000000180025095e-35 0.17918326531483678 0.85132509285930336 -1.4484275594641696 1.6048327847708814
decision_type=2 2 2 2 2 2 2 2 2 2 2 2 2 2 2 2 2 2 2 2 2 2 2 2 2 2 2 2 2 2 2 2 2 2
left_child=16 9 3 25 -5 12 11 8 26 10 33 -7 13 -4 -13 21 17 18 19 -1 -9 22 -8 -21 -23 27 -6 -3 -19 -11 32 -22 -18 -2
right_child=1 2 5 4 7 6 15 20 -10 29 -12 14 -14 -15 -16 -17 30 28 -20 23 31 24 -24 -25 -26 -27 -28 -29 -30 -31 -32 -33 -34 -35
leaf_value=-0.018834937666345246 -0.0061820938297036127 -0.0072292428334565211 -0.00072752149205687427 0.021832251431491971 -0.033055077059694286 0.022013520906043305 0.014710649631358787 0.015530378595594752 0.0043767641716388186 -0.033112955693105267 0.013356539666853321 -0.0099800212423215122 -0.0065133805446748235 0.022397080528069869 0.013082926597705942 0.0039311689356257883 0.0097417242100089618 0.031970075642127546 0.01866144939524126 0.015827135681314664 0.0034168933477030762 -0.0076263495543227484 -0.018454875984820582 -0.0071952527509651677 -0.032221995873921383 -0.0036930597763219666 -0.0083759408435857326 -0.031787456421659144 0.0068289797830871869 -0.011771422382588733 0.010568565310517064 -0.013440888372006261 0.033320264136004536 -0.024268929822973309
leaf_weight=6.9519017487764385 6.2171527892351168 5.2276133000850722 7.7030428946018281 5.4789100587368003 9.4337330013513547 6.6967268735170391 4.9731477499008179 6.4783612489700344 8.7138504087924957 15.998352259397508 4.9770689457654944 9.7189221531152743 5.4618162363767615 17.28894716501236 6.7283709049224845 8.9655358195304853 5.398336514830592 8.0099918544292432 9.6059022992849332 6.7042632102966326 6.2326444834470731 7.9826626330614072 5.4716151058673876 4.9521189630031586 6.4561678320169449 5.9437180608510962 6.4666682481765756 11.405126109719276 5.1028303503990164 8.1681802570819837 9.0755815953016263 5.7342687398195267 16.758012279868129 5.6855229437351227
leaf_count=28 25 21 31 22 38 27 20 26 35 65 20 39 22 70 27 36 22 33 39 27 25 32 22 20 26 24 26 46 21 33 37 23 69 23
internal_value=-2.34675e-05 -0.00667334 -0.00294854 -0.00946791 -0.00336782 0.00237468 -0.00245647 -0.00749487 -0.0150207 -0.0201555 -0.00758369 0.00743377 0.0112147 0.0154987 0 -0.00942234 0.0178931 0.0116944 0.00427938 -0.0038934 0.00271789 -0.0143952 -0.00234381 0.00596605 -0.0214594 -0.0210582 -0.0253206 -0.0259251 0.0246886 -0.0275136 0.0247732 -0.00496311 0.029048 -0.0174077
internal_weight=272.167 199.608 158.562 71.1149 48.5384 87.447 56.9931 43.0595 24.6143 41.0463 16.8797 23.144 30.4538 24.992 16.4473 33.8491 72.5589 41.327 28.2142 18.6083 18.4453 24.8836 10.4448 11.6564 14.4388 22.5765 15.9004 16.6327 13.1128 24.1665 31.2319 11.9669 22.1563 11.9027
internal_count=1100 804 638 286 195 352 229 173 99 166 68 93 123 101 66 136 296 168 114 75 74 100 42 47 58 91 64 67 54 98 128 48 91 48
is_linear=0
shrinkage=0.03


Tree=12
num_leaves=39
num_cat=0
split_feature=5 13 34 37 25 28 16 38 33 33 34 16 31 36 33 25 37 5 29 5 36 40 28 15 22 23 24 37 36 26 25 39 31 28 8 35 24 35
split_gain=34.7364 11.0005 6.06028 6.06089 4.57416 4.66705 3.78607 6.36131 4.58612 3.66711 3.58316 3.33009 3.32847 3.08748 4.10557 2.86787 2.86656 2.58796 3.24355 3.21827 3.43266 4.72386 2.3665 3.62745 2.3514 1.89338 1.75118 1.5334 1.41053 2.04553 1.76224 1.26881 0.609036 0.557861 0.397419 0.294818 0.154246 0.0224249
threshold=-0.54681548070073427 1.3691046648483944 -0.20866329942526432 1.1456779739882428 0.39607133429952907 0.85967081073356455 0.85476593881411367 -0.62077943946901171 0.3889116071703535 -0.5968929667159798 0.12559977061814001 0.59336962725016462 -0.67257180774813929 -1.1980069221422276 0.58454808188490914 1.3706829566360399 -0.53577068696848407 -0.79689172726994617 1.3489396066891988 -0.661623212080236 0.70048125679868367 325.00000000000006 -0.84518622291679713 0.35018377588221811 0.16616922623189415 1.0000000180025095e-35 -0.50160665316144348 1.0000000180025095e-35 0.39310698020825063 0.44110141331803543 -0.90341082881581869 -1.0000000180025095e-35 0.48373497836968271 0.85967081073356455 -0.63284174261014159 -0.50831397810872325 -0.50160665316144348 0.30619163650894876
decision_type=2 2 2 2 2 2 2 2 2 2 2 2 2 2 2 2 2 2 2 2 2 2 2 2 2 2 2 2 2 2 2 2 2 2 2 2 2 2
left_child=17 2 4 6 11 13 8 9 10 -8 27 31 16 -6 -15 -16 -3 18 25 20 21 -19 -12 28 -9 -1 -13 36 29 -24 -30 35 -5 -14 -21 -2 -4 -27
right_child=1 12 3 32 5 -7 7 24 -10 -11 22 26 33 14 15 -17 -18 19 -20 34 -22 -23 23 -25 -26 37 -28 -29 30 -31 -32 -33 -34 -35 -36 -37 -38 -39
leaf_value=0.0096165211557843171 -0.012390331679983697 -0.021898916718642594 0.0069016124541299243 0.0079265601761212209 0.015710725482443687 -0.021948484954315606 -0.0084761626581843202 -0.028893217445382757 0.023880772734794456 0.022598421091421666 0.0095559721014546739 -0.013477161050408299 -0.037506692076917508 0.010528153450224601 -0.024713212791380335 0.0013534119741546954 0.0025809157433969174 -0.01031511439258136 0.0018709048864171797 0.02646905499398133 -0.013568681502797332 0.02159094971032674 -0.0054170718497503403 0.0099224998450298373 -0.0040704770987715286 0.033431504481387403 0.0051562403185826449 -0.00088727336595943295 -0.014216267384137331 -0.030858223787179687 0.0069599265312727905 -0.0088789776489691368 0.028905693686875816 -0.015981541869024153 0.007826893497578381 -0.03355532766046114 0.021956401516816357 0.014511755091643055
leaf_weight=8.2770753502845746 5.2295242697000495 5.9395809322595596 5.2001359313726416 5.1949802637100202 9.7050148248672503 6.4543252736330023 4.9734829664230347 9.9383929967880267 6.4286299198865882 4.9574165344238299 5.7093492299318269 6.9525672644376755 9.7185937613248843 9.2024388909339923 6.716354623436926 5.7265183180570602 7.9545174241065997 4.9711015075445202 6.6143542081117621 6.8339716345071793 6.4394009858369818 9.1599236577749235 6.9527699351310819 5.4542736262083045 6.7213264703750601 19.32748465240002 7.208501994609831 5.4530299454927436 5.2209175825119019 6.2341430336236954 4.9703222066163999 7.4394359886646297 4.9818376898765564 7.8997000306844702 4.9417585134506208 9.9097183197736722 4.9340986609458914 5.8126500844955435
leaf_count=34 21 24 21 21 39 26 20 40 26 20 23 28 40 37 27 23 32 20 27 28 26 37 28 22 27 80 29 22 21 25 20 30 20 32 20 40 20 24
internal_value=-2.53698e-05 -0.00651735 -0.0033056 0.00173759 -0.00958412 -0.00188314 -0.00105471 -0.0100537 0.00326279 0.00766687 -4.15012e-05 -0.0168708 -0.0222862 0.00308555 -0.00313132 -0.0137083 -0.00887956 0.0174868 0.0227368 0.00991332 0.0019031 0.0101003 -0.00550713 -0.00909152 -0.0206437 0.0263741 -0.0041306 0.0110098 -0.0141774 -0.0202136 -0.00392151 -0.0236753 0.0216252 -0.0306579 0.0212588 -0.0287933 0.0170393 0.030606
internal_weight=271.76 199.382 167.87 93.3251 74.5444 37.8047 83.1483 26.5906 56.5577 9.9309 50.129 36.7397 31.5124 31.3503 21.6453 12.4429 13.8941 72.3777 40.0316 32.3462 20.5704 14.131 34.5418 28.8324 16.6597 33.4172 14.1611 15.5873 23.3782 13.1869 10.1912 22.5787 10.1768 17.6183 11.7757 15.1392 10.1342 25.1401
internal_count=1100 804 676 376 300 152 335 107 228 40 202 148 128 126 87 50 56 296 165 131 83 57 139 116 67 138 57 63 94 53 41 91 41 72 48 61 41 104
is_linear=0
shrinkage=0.03


Tree=13
num_leaves=37
num_cat=0
split_feature=5 13 37 13 40 38 28 30 40 35 19 40 22 31 22 22 25 41 16 13 37 25 15 28 24 28 28 24 22 16 30 19 27 27 21 7
split_gain=33.0708 10.5595 4.60549 6.66598 3.53013 3.63081 5.15851 4.79309 4.42389 4.3765 3.66339 4.21816 5.31441 7.89199 7.70779 3.96842 3.44282 3.24972 2.57817 4.72442 3.45545 7.12227 6.73196 2.25702 2.46782 2.0199 1.9791 1.74835 1.6965 1.42651 1.26688 1.16702 0.949209 0.439311 0.411209 0.191119
threshold=-0.54681548070073427 1.3005621136504244 1.1456779739882428 0.46125481665584767 256.50000000000006 -0.62077943946901171 0.48081369214459502 0.95583341328850568 476.50000000000006 -0.50831397810872325 -0.81847932846543492 667.50000000000011 0.16616922623189415 -1.0824020610557219 0.50005908612549199 -1.1693902133424976 1.0000000180025095e-35 154.50000000000003 0.59336962725016462 -1.3504085590342934 1.1456779739882428 1.0000000180025095e-35 0.46845278216727654 -0.46632910432782798 -0.91057002196826631 0.85967081073356455 1.0017422302044281 0.58896233032341716 0.16616922623189392 0.59336962725016462 0.17918326531483678 -1.4484275594641696 -1.0228155888770418 0.22049016953632183 -0.25892399004050287 1.9682334720846277
decision_type=2 2 2 2 2 2 2 2 2 2 2 2 2 2 2 2 2 2 2 2 2 2 2 2 2 2 2 2 2 2 2 2 2 2 2 2
left_child=18 2 4 34 16 6 9 -8 -7 -6 15 28 17 -14 -15 -10 -2 -13 19 32 21 22 -21 -3 -25 -26 -16 33 -12 -11 31 -20 -1 -19 -4 -27
right_child=1 23 3 -5 5 8 7 -9 10 29 11 12 13 14 26 -17 -18 27 30 20 -22 -23 -24 24 25 35 -28 -29 -30 -31 -32 -33 -34 -35 -36 -37
leaf_value=0.0090590215291560944 -0.0042017946611760714 -0.00022044464891152183 0.02801599632315065 -0.014768933514958943 -0.0057606193976525487 -0.030287515322220397 -0.025784599061867874 0.0064319154348362701 -0.010013940823673347 0.0083577533058379772 0.016130468891132205 0 -0.031482653916022639 0.030388356365906748 0.0022471680735699625 0.016995110230561581 0.020128454681856204 -0.016297981927879294 0.0092816496540202784 -0.010443176110972462 0.019370877331504735 -0.0266261136425077 0.025956636801120071 -0.0062027203632460037 -0.035994610119338785 -0.017282872930957274 -0.015920452176758651 -0.0064670094414264901 -0.0047508814779566692 0.031146418589218114 0.010026151018910899 0.03219371362335862 0.030707038935161489 -0.036407884172292918 0.010139773907113035 -0.0042908537149347935
leaf_weight=6.0994441658258429 9.6805615276098269 4.9353259205818167 5.9441824257373819 4.9605444818735114 8.1940681040287018 6.961614102125167 7.4285342544317228 5.9615000188350677 6.9679651707410803 8.6622051298618299 5.2161125093698484 4.966928347945216 5.1923470348119762 5.466451138257983 11.178408592939379 8.9427826106548292 7.703357756137847 8.435153424739843 5.3795832842588451 7.4070807248354011 6.4040081501007071 5.9805819243192664 7.1514314860105515 8.17460545897484 13.414070561528208 5.1670518666505796 7.1981441378593436 5.4450043886899939 4.9699265956878662 4.9626212120056161 9.0452656447887403 16.598505258560184 8.1252268999814969 10.8992283642292 7.2071449458599099 4.9506663382053375
leaf_count=25 39 20 24 20 33 28 30 24 28 35 21 20 21 22 45 36 31 34 22 30 26 24 29 33 55 21 29 22 20 20 37 69 34 44 29 20
internal_value=-2.5604e-05 -0.00636008 -0.00293212 0.010533 -0.00477647 -0.0065421 0.00145265 -0.0120319 -0.00963839 0.0102819 -0.00724957 -0.0102244 -0.0132944 -0.00351988 0.00421074 0.00502343 0.00718949 -0.0218615 0.0170861 0.0110312 0.00286987 -0.00321225 0.00800493 -0.0205169 -0.0233065 -0.0281049 -0.00539821 -0.0260102 0.00630049 0.0198406 0.0238384 0.0280216 0.0239578 -0.0301603 0.0211348 -0.0131085
internal_weight=271.378 199.187 162.545 18.1119 144.433 127.049 35.2089 13.39 91.8401 21.8189 84.8785 68.9677 58.7817 29.0354 23.843 15.9107 17.3839 29.7463 72.1911 41.1678 26.9431 20.5391 14.5585 36.6417 31.7064 23.5318 18.3766 24.7794 10.186 13.6248 31.0234 21.9781 14.2247 19.3344 13.1513 10.1177
internal_count=1100 804 655 73 582 512 142 54 370 88 342 278 237 117 96 64 70 120 296 168 109 83 59 149 129 96 74 100 41 55 128 91 59 78 53 41
is_linear=0
shrinkage=0.03


Tree=14
num_leaves=37
num_cat=0
split_feature=11 3 34 16 25 28 37 32 41 17 31 41 38 16 33 36 24 34 27 32 29 21 27 17 27 29 34 41 19 32 37 38 24 19 32 31
split_gain=31.4881 9.66888 5.27975 5.09577 4.70094 5.2424 4.03761 3.50922 4.63179 3.25163 3.20847 3.84556 3.62009 8.53859 4.34803 2.79797 3.0436 3.45788 2.72667 2.93656 3.44034 3.26038 2.81444 1.94509 1.82755 2.34855 1.76436 1.69137 1.52225 1.47183 1.37311 1.17295 0.823342 0.670905 0.407932 0.129799
threshold=0.4159435235721422 -0.87316532492103438 -0.20866329942526432 1.1161622503780628 0.39607133429952907 0.48081369214459502 1.1456779739882428 -0.5707436873622963 667.50000000000011 1.0000000180025095e-35 0.93259668437322585 763.00000000000011 -0.62077943946901171 1.1161622503780628 -0.5968929667159798 0.70048125679868367 -1.0000000180025095e-35 0.12559977061814001 -0.81559796247481453 0.36500269631244825 0.69065584480457376 0.64433333165476159 0.6003891512737386 -1.0000000180025095e-35 -0.60838033607258712 -0.95505355990698881 -1.0000000180025095e-35 682.50000000000011 -0.50350521296606732 0.36500269631244825 1.0000000180025095e-35 1.0000000180025095e-35 1.6795313138082781 0.44141713353203538 -0.5707436873622963 0.35200382552081694
decision_type=2 2 2 2 2 2 2 2 2 2 2 2 2 2 2 2 2 2 2 2 2 2 2 2 2 2 2 2 2 2 2 2 2 2 2 2
left_child=1 7 3 4 24 9 10 8 33 34 11 12 14 15 -4 16 26 -18 19 21 -21 -2 32 -12 -3 -26 -14 -5 -11 -8 -9 -19 35 -1 -6 -20
right_child=18 2 6 27 5 -7 29 30 -10 28 23 -13 13 -15 -16 -17 17 31 22 20 -22 -23 -24 -25 25 -27 -28 -29 -30 -31 -32 -33 -34 -35 -36 -37
leaf_value=-0.021900796524753081 0.013402397407324594 -0.0058873671482541478 -0.0030517938629424941 -0.002799131620831717 0 -0.020960862765530296 0.003390872057749655 -0.031441437869097422 0.01371591833547268 0.024390390327726955 0 -0.017429223562262817 0.0017296493607024286 -0.026795423943478846 0.025855266963124634 0.023426122983293156 0.023071986713517113 -0.0083784933549193065 0.017427050983067176 -0.001169282629595483 0.027850021678544043 -0.011153398451114425 0.0024683071192708925 -0.021182096368977173 -0.0044412302746151388 -0.031648379026604362 -0.019547903992320068 0.016173104708534839 0.0012275891307741093 0.027684482594354378 -0.010831238310782098 0.0078927661680477657 0.0079441027577361358 -0.0040457307491079285 -0.011420890721938907 0.032134332053382141
leaf_weight=6.9010942578315753 6.8325221836566952 7.7202886939048794 6.214427366852763 6.7169435322284681 4.9789420813322067 8.6720657497644407 5.1871752738952619 15.833399400115015 4.9644777476787558 5.2233338952064514 7.4430552870035172 5.7240138798952094 5.450917586684227 6.6937363445758811 11.099058121442793 5.2106774449348441 7.1514156162738898 6.9554285407066327 12.71255072951317 4.862612083554267 8.5202680230140668 9.0789788216352445 6.8231400549411765 7.4514103680849058 4.9540895521640822 14.538556456565853 5.2165501117706246 6.4654611945152283 5.2188623547554016 4.9718868434429169 8.1269901245832425 5.2291123270988464 5.1349290311336508 4.9493000954389572 4.9627103656530416 16.781369864940643
leaf_count=28 28 31 25 27 20 35 21 65 20 21 30 23 22 27 45 21 29 28 52 20 35 37 28 30 20 59 21 26 21 20 33 21 21 20 20 70
internal_value=-2.44495e-05 -0.0061345 -0.00266167 -0.00877839 -0.012679 -0.00362427 0.00207717 -0.0188511 -0.00674911 0.00464045 -0.000286116 0.00259197 0.00510692 1.85144e-05 0.0158915 0.00638797 0.00202199 0.00898982 0.0168937 0.00868365 0.0180789 0 0.0219225 -0.0120664 -0.0212734 -0.0260227 -0.00958022 0.00697339 0.0152712 0.0182665 -0.0259922 -0.000846796 0.0252637 -0.0164694 -0.00667752 0.0274246
internal_weight=270.972 200.225 159.45 69.4513 56.2688 29.0559 89.9989 40.7753 16.8149 20.3838 79.8398 64.9453 59.2213 41.9078 17.3135 35.2141 30.0034 19.336 70.7464 29.2944 13.3829 15.9115 41.452 14.8945 27.2129 19.4926 10.6675 13.1824 10.4422 10.1591 23.9604 12.1845 34.6288 11.8504 9.94165 29.4939
internal_count=1100 809 643 280 227 117 363 166 68 82 322 262 239 169 70 142 121 78 291 120 55 65 171 60 110 79 43 53 42 41 98 49 143 48 40 122
is_linear=0
shrinkage=0.03


Tree=15
num_leaves=37
num_cat=0
split_feature=11 13 40 28 24 1 13 15 33 26 25 21 26 35 35 21 28 21 16 20 41 28 15 20 36 39 13 16 2 32 24 13 22 16 28 38
split_gain=29.9675 9.79043 4.42665 3.79183 4.22368 4.64221 6.62193 5.32446 4.44082 5.64655 3.70698 3.47709 3.33106 4.42318 4.25711 3.34221 3.11617 2.88389 2.68256 3.75809 2.6162 2.56865 2.28948 4.81981 2.58389 4.88118 2.21432 3.10629 3.39836 1.69376 1.22988 1.18809 0.977216 0.861439 0.84891 0.703351
threshold=0.4159435235721422 1.3691046648483944 256.50000000000006 1.0000000180025095e-35 1.0000000180025095e-35 -0.0089090697878592296 0.021632894947761664 -1.4238513183936579 0.18057146526654064 1.0000000180025095e-35 0.39607133429952907 -0.25892399004050287 -1.4152054948390038 0.30619163650894876 -1.6418132777082388 -0.69442305585786268 0.85967081073356455 -0.25892399004050287 -0.71361193056958105 0.32112120839117225 620.50000000000011 -1.2240433415057661 -1.187313305823541 -1.168790900840271 -0.56517752916192399 -1.0000000180025095e-35 -1.3504085590342934 0.59336962725016462 -0.77018708396310231 -0.33680709144361015 -1.0000000180025095e-35 -0.7322944965925765 -0.2233689436439702 0.33197331568621535 1.0000000180025095e-35 1.0000000180025095e-35
decision_type=2 2 2 2 2 2 2 2 2 2 2 2 2 2 2 2 2 2 2 2 2 2 2 2 2 2 2 2 2 2 2 2 2 2 2 2
left_child=1 2 18 12 8 6 7 -6 9 20 17 -10 -4 14 -14 -15 34 -9 -1 -20 -5 30 29 -24 -25 -26 35 28 -28 -16 -2 -30 -29 -18 -3 -23
right_child=21 16 3 4 5 -7 -8 10 11 -11 -12 -13 13 15 22 -17 33 -19 19 -21 -22 26 23 24 25 -27 27 32 31 -31 -32 -33 -34 -35 -36 -37
leaf_value=0.02340990085293804 -0.0056917726002162867 -0.011593580766899588 0.020009056838530902 -0.0060550888313041368 0.016173199565202856 -0.021868734803311671 0.024256444303680444 -0.030359274068084259 -0.0058701727628001129 -0.022579307004118067 0.0067724519066503118 -0.035326328701550669 -0.017162921978597558 0 0.0073352349916840018 -0.025677765743303837 -0.012545129020923309 -0.0038835256438109048 0.013795924626890018 -0.014144746252020411 0.0166559298464449 0.033550469229878602 -0.0097580934512326786 0 0.033468217513967703 -0.00030547643537347658 -0.0087791398584590973 0.028889371560256435 0.019351614154365208 -0.012926133280204801 0.010595184443444077 0.00037447605578489189 0.0087929730834276718 0.0016895545178359382 -0.032876154791793656 0.013213194780036767
leaf_weight=6.1744662970304516 5.6540670543909073 6.3790671676397386 5.2272223234176627 7.1962465047836321 6.4575473666191092 6.6711710840463629 7.6720313876867285 7.4436944723129299 6.9233522266149548 8.6810043305158597 5.6683094352483741 11.327561318874357 5.719238117337226 8.3955625742673892 4.98015296459198 8.1758017838001233 6.4071627110242826 8.1861859411001223 7.6679880917072278 5.9722913503646851 7.1921699196100235 11.905382409691812 5.7133059650659552 5.4699089676141766 10.89237956702709 4.9636704474687603 8.1043915003538114 9.8214054256677645 8.6465076655149442 5.954821825027464 7.0731642693281156 5.1609652489423778 6.7964838594198218 5.1692639142274857 13.300871849060057 7.3999884575605384
leaf_count=25 23 26 21 29 26 27 31 30 28 35 23 46 23 34 20 33 26 33 31 24 29 50 23 22 44 20 33 41 35 24 29 21 28 21 55 31
internal_value=-2.09262e-05 -0.00598286 -0.0029763 -0.00479742 -0.00896982 -0.00194711 0.00256565 -0.00439758 -0.0155859 -0.00570905 -0.011707 -0.0260572 0.000531125 -0.00162174 0.00334087 -0.0140291 -0.0209311 -0.0187587 0.00965566 0.000942562 0.0055475 0.016507 0.00725005 0.0117541 0.0181024 0.0236562 0.0191522 0.0135049 0.00499357 -0.0035111 0.00315004 0.0135436 0.0227397 -0.00640159 -0.0278838 0.0279203
internal_weight=270.545 199.982 168.726 148.911 83.4193 42.0989 35.4278 27.7557 41.3203 23.0694 21.2982 18.2509 65.4921 60.2648 43.6935 16.5714 31.2564 15.6299 19.8147 13.6403 14.3884 70.5624 37.9742 27.0393 21.326 15.8561 57.8351 38.5298 21.9119 10.935 12.7272 13.8075 16.6179 11.5764 19.6799 19.3054
internal_count=1100 809 681 601 337 170 143 112 167 93 86 74 264 243 176 67 128 63 80 55 58 291 153 109 86 64 239 158 89 44 52 56 69 47 81 81
is_linear=0
shrinkage=0.03


Tree=16
num_leaves=37
num_cat=0
split_feature=5 13 34 37 12 39 22 27 34 28 22 22 36 28 39 21 5 29 5 36 40 15 12 24 37 30 23 21 15 32 27 36 34 27 29 35
split_gain=28.6059 9.25411 5.2143 5.40273 4.19151 4.3628 5.15084 3.34096 3.07045 3.60084 3.72045 3.2862 5.62976 2.97906 2.71795 2.5577 2.42745 3.1559 3.12867 3.17477 4.41517 2.35463 2.86257 2.21044 2.06752 3.011 1.79322 1.57235 1.08813 0.952734 0.841698 0.817221 0.569163 0.566189 0.427697 0.100435
threshold=-0.54681548070073427 1.3691046648483944 -0.20866329942526432 1.1456779739882428 -1.0059672327372169 1.3491018196206621 -0.50161049355530174 -0.81559796247481453 0.12559977061814001 -0.84518622291679713 0.16616922623189392 0.94524556598362242 0.54679411850346715 0.85967081073356455 -0.65903350051834753 1.0000000180025095e-35 -0.79689172726994617 1.3489396066891988 -0.661623212080236 0.70048125679868367 325.00000000000006 -0.95077529325342447 -1.0000000180025095e-35 -0.50160665316144348 -1.0000000180025095e-35 0.179183265314837 1.0000000180025095e-35 1.0000000180025095e-35 -1.3055823121085994 0.36500269631244825 1.2565783015474585 -1.1980069221422276 0.57128386400934561 0.42770779593854935 -0.76305412935730643 0.30619163650894876
decision_type=2 2 2 2 2 2 2 2 2 2 2 2 2 2 2 2 2 2 2 2 2 2 2 2 2 2 2 2 2 2 2 2 2 2 2 2
left_child=16 2 4 8 -2 6 7 -6 15 -10 14 12 33 31 -11 24 17 26 19 20 -18 23 -23 -8 25 -4 -1 -20 -25 -5 -15 -3 -16 -12 -13 -28
right_child=1 13 3 29 5 -7 21 -9 9 10 11 34 -14 30 32 -17 18 -19 27 -21 -22 22 -24 28 -26 -27 35 -29 -30 -31 -32 -33 -34 -35 -36 -37
leaf_value=0.0085734448735754129 0.010006126426819363 -0.0099644231539942237 0.028788866129573491 0.0058316674415061455 -0.011447212545059964 0.0092164954008309187 -0.019505176252532543 0.013385030140016298 0.011285547057648846 0 -0.012531036350458238 -0.0035586331200427633 0.024652573686590594 0.0017228682917121167 -0.010802783076906177 -0.0055382181681363774 -0.010677652534879286 0.00076939471773156273 0.029637363182574691 -0.013904247233790877 0.020139146820025582 -0.030764461398042668 -0.005138329757319338 0.0082446609914582115 -0.0012398943794771321 0.00033058242251977969 0.031568952188068933 0.0053174536618978427 -0.0079329742617996607 0.028294686068795431 -0.012334337349559918 -0.031531457991604277 -0.031006366216152804 0 -0.018363516765742001 0.013230235360701547
leaf_weight=8.1967224031686765 7.6890780478715888 5.3899944126606014 7.6450948268175143 4.9319984167814237 7.9634279161691666 6.6997660547494879 7.8929283767938641 7.6980651021003705 8.16558790206909 5.2276215106248882 4.9638459682464653 5.4773589670658112 6.9462814182043067 5.1741681247949582 6.4295538365840894 8.6581359505653364 4.9582880437374142 6.5611767172813407 5.5817113816738111 6.4222002476453772 9.0935048907995206 18.46932415664196 6.6857729703188005 5.4553494602441797 5.9292790740728405 5.8910295963287354 18.969158202409748 6.0800201892852783 5.716856315731996 5.2096959352493286 6.3947803676128387 14.204275384545328 7.1798273324966431 5.216243714094162 5.2076618820428831 5.739417001605033
leaf_count=34 31 22 31 20 32 27 32 31 33 21 20 22 28 21 26 35 20 27 23 26 37 75 27 22 24 24 80 25 23 21 26 59 29 21 21 24
internal_value=-2.00171e-05 -0.00591296 -0.00296887 0.00170892 -0.00880644 -0.0112839 -0.0138876 0.000544466 -0.000927616 -0.00507607 -0.00839327 -0.000927013 0.00679226 -0.0204625 -0.0180323 0.0067676 0.0159667 0.0210548 0.00871517 0.000914252 0.00891244 -0.018941 -0.0250144 -0.00910057 0.0125278 0.0183575 0.0246644 0.0199216 0 0.0205128 -0.00624568 -0.0272832 -0.0243411 -0.00685851 -0.012934 0.0287835
internal_weight=270.115 198.513 167.35 93.0792 74.2706 66.5815 59.8817 15.6615 82.9375 54.814 46.6484 27.8114 17.1264 31.1632 18.837 28.1235 71.6022 39.4665 32.1357 20.474 14.0518 44.2202 25.1551 19.0651 19.4654 13.5361 32.9053 11.6617 11.1722 10.1417 11.5689 19.5943 13.6094 10.1801 10.685 24.7086
internal_count=1100 804 676 376 300 269 242 63 335 221 188 112 69 128 76 114 296 165 131 83 57 179 102 77 79 55 138 48 45 41 47 81 55 41 43 104
is_linear=0
shrinkage=0.03


end of trees

feature_importances:
Column_16=43
Column_28=34
Column_5=30
Column_34=30
Column_29=25
Column_24=24
Column_27=24
Column_13=23
Column_23=23
Column_15=22
Column_25=22
Column_31=22
Column_22=21
Column_38=19
Column_41=19
Column_19=18
Column_37=18
Column_32=17
Column_35=17
Column_36=17
Column_20=15
Column_30=13
Column_21=12
Column_26=12
Column_17=11
Column_33=11
Column_39=10
Column_40=10
Column_12=9
Column_3=6
Column_2=5
Column_11=4
Column_14=3
Column_10=2
Column_0=1
Column_1=1
Column_7=1
Column_8=1
Column_9=1

parameters:
[boosting: gbdt]
[objective: binary]
[metric: binary_logloss]
[tree_learner: serial]
[device_type: cpu]
[data_sample_strategy: bagging]
[data: ]
[valid: ]
[num_iterations: 2500]
[learning_rate: 0.03]
[num_leaves: 128]
[num_threads: 3]
[seed: 42]
[deterministic: 0]
[force_col_wise: 1]
[force_row_wise: 0]
[histogram_pool_size: -1]
[max_depth: 12]
[min_data_in_leaf: 20]
[min_sum_hessian_in_leaf: 0.001]
[bagging_fraction: 0.85]
[pos_bagging_fraction: 1]
[neg_bagging_fraction: 1]
[bagging_freq: 0]
[bagging_seed: 400]
[bagging_by_query: 0]
[feature_fraction: 0.8]
[feature_fraction_bynode: 1]
[feature_fraction_seed: 30056]
[extra_trees: 0]
[extra_seed: 12879]
[early_stopping_round: 0]
[early_stopping_min_delta: 0]
[first_metric_only: 0]
[max_delta_step: 0]
[lambda_l1: 0.2]
[lambda_l2: 1.9]
[linear_lambda: 0]
[min_gain_to_split: 0]
[drop_rate: 0.1]
[max_drop: 50]
[skip_drop: 0.5]
[xgboost_dart_mode: 0]
[uniform_drop: 0]
[drop_seed: 17869]
[top_rate: 0.2]
[other_rate: 0.1]
[min_data_per_group: 100]
[max_cat_threshold: 32]
[cat_l2: 10]
[cat_smooth: 10]
[max_cat_to_onehot: 4]
[top_k: 20]
[monotone_constraints: ]
[monotone_constraints_method: basic]
[monotone_penalty: 0]
[feature_contri: ]
[forcedsplits_filename: ]
[refit_decay_rate: 0.9]
[cegb_tradeoff: 1]
[cegb_penalty_split: 0]
[cegb_penalty_feature_lazy: ]
[cegb_penalty_feature_coupled: ]
[path_smooth: 0]
[interaction_constraints: ]
[verbosity: -1]
[saved_feature_importance_type: 0]
[use_quantized_grad: 0]
[num_grad_quant_bins: 4]
[quant_train_renew_leaf: 0]
[stochastic_rounding: 1]
[linear_tree: 0]
[max_bin: 255]
[max_bin_by_feature: ]
[min_data_in_bin: 3]
[bin_construct_sample_cnt: 200000]
[data_random_seed: 175]
[is_enable_sparse: 1]
[enable_bundle: 1]
[use_missing: 1]
[zero_as_missing: 0]
[feature_pre_filter: 1]
[pre_partition: 0]
[two_round: 0]
[header: 0]
[label_column: ]
[weight_column: ]
[group_column: ]
[ignore_column: ]
[categorical_feature: ]
[forcedbins_filename: ]
[precise_float_parser: 0]
[parser_config_file: ]
[objective_seed: 16083]
[num_class: 1]
[is_unbalance: 0]
[scale_pos_weight: 1]
[sigmoid: 1]
[boost_from_average: 1]
[reg_sqrt: 0]
[alpha: 0.9]
[fair_c: 1]
[poisson_max_delta_step: 0.7]
[tweedie_variance_power: 1.5]
[lambdarank_truncation_level: 30]
[lambdarank_norm: 1]
[label_gain: ]
[lambdarank_position_bias_regularization: 0]
[eval_at: ]
[multi_error_top_k: 1]
[auc_mu_weights: ]
[num_machines: 1]
[local_listen_port: 12400]
[time_out: 120]
[machine_list_filename: ]
[machines: ]
[gpu_platform_id: -1]
[gpu_device_id: -1]
[gpu_device_id_list: ]
[gpu_use_dp: 0]
[num_gpu: 1]

end of parameters

pandas_categorical:null
