tree
version=v4
num_class=1
num_tree_per_iteration=1
label_index=0
max_feature_idx=23
objective=binary sigmoid:1
feature_names=Column_0 Column_1 Column_2 Column_3 Column_4 Column_5 Column_6 Column_7 Column_8 Column_9 Column_10 Column_11 Column_12 Column_13 Column_14 Column_15 Column_16 Column_17 Column_18 Column_19 Column_20 Column_21 Column_22 Column_23
feature_infos=[-1.9871153747119243:1.8953425315745551] [-1.3586475949712076:1.3988204984298478] [-2.4796469397006344:1.0302956471572768] [-1.19895788082818:0.83405765622829908] [-2.1316204218927268:3.0677021646344733] [-2.04278507147135:2.8585376215340559] [-3.0066899567737688:3.4251427478057765] [-3.0086523766117335:4.1571618082226776] [-2.6305902843273592:3.7257615236968542] [-2.6053459015107303:3.7790371115217396] [-3.4705647814794589:3.9443701310727795] [-3.3795249638784854:3.4086966043210074] [-2.9938800326869632:4.2788304518941729] [-3.0884147888459412:4.4700856471412145] [-3.40423058972361:3.3331419759717242] [-3.896990857758083:4.3347579782903383] [-2.426768391486497:4.1173805560192545] [-2.2524303931460059:4.7525649374433661] [-3.4167513513601691:3.1799312733013232] [-0.72365914051000957:5.8365825594160814] [-0.66996186866935892:5.4330484386252396] [-4.9119624311820687:4.9067174098994393] [-0.60585315549221463:4.1632832069716263] [-0.57647786978575888:7.0270428804351548]
tree_sizes=3152 3089 3173 3072 3099 3108 2972 2976 2998 2992 3192 2648 2894 3207 2677 3117 2758

Tree=0
num_leaves=29
num_cat=0
split_feature=21 17 6 22 17 22 0 12 0 12 10 10 6 18 6 16 17 13 9 23 0 16 2 10 22 21 1 2
split_gain=10.4127 6.51288 12.5794 5.36652 6.60618 5.52986 4.68559 5.79781 4.88541 3.834 4.90487 4.05485 3.71796 4.68057 3.31387 3.28122 2.59664 2.22488 3.27533 3.41005 1.83013 3.06697 1.75179 1.66339 1.63164 0.609108 0.559403 0.073103
threshold=0.61104497942627989 0.71371772215823481 -0.99674223659266115 -0.38679487210289593 -0.51248347754599788 0.51715045393134063 1.0000000180025095e-35 0.19803179110142452 1.1673816741458403 -0.63024912519809373 0.15630555618196196 0.7473510926897492 -0.72874920723518011 -0.11730450342576249 0.3432229101947441 0.1747003891838376 -0.79546191047679915 -0.50592713988366289 1.0000000180025095e-35 -0.25574839438243541 0.68207443586003036 -0.66566009799030901 0.73780043158578434 0.31749979341135848 0.49075788966756734 -0.28900067267285845 0.52144428689314848 1.0000000180025095e-35
decision_type=2 2 2 2 2 2 2 2 2 2 2 2 2 2 2 2 2 2 2 2 2 2 2 2 2 2 2 2
left_child=1 3 -3 6 22 14 7 17 12 -7 -11 -12 -8 -14 -6 -9 -2 -1 25 -20 21 -4 24 -23 26 -19 -5 -18
right_child=16 2 20 4 5 9 8 15 -10 10 11 -13 13 -15 -16 -17 27 18 19 -21 -22 23 -24 -25 -26 -27 -28 -29
leaf_value=-0.35639762801648239 -0.39334416122654769 -0.37211613092699641 -0.3903078525540768 -0.41412692311920912 -0.42739078185089363 -0.35773147065287486 -0.38651989447527851 -0.42178032365039231 -0.37370642440451929 -0.41614648789261355 -0.36251362189480829 -0.40215638224270872 -0.4317927294588772 -0.39334416122654769 -0.39198683993350031 -0.38651989447527851 -0.35174559653595566 -0.40583135696905726 -0.35440499526743902 -0.39412515125538206 -0.43883878095824402 -0.43136639378238578 -0.40058572270470516 -0.40008191087039635 -0.43614797248245452 -0.3903078525540768 -0.39612548051203167 -0.37773983154710672
leaf_weight=6.972867056727412 5.5302049070596722 5.2897612154483822 4.0875427573919323 3.6066553741693514 5.0493175238370913 3.8470990657806441 5.289761215448384 3.8470990657806379 4.5684301406145087 4.8088738322257969 5.2897612154483777 4.3279864490032196 7.9346418231725728 5.5302049070596659 4.8088738322257996 5.2897612154483795 3.8470990657806379 4.0875427573919296 5.0493175238370904 5.0493175238370869 7.9346418231725684 6.2515359818935377 6.7324233651161185 4.0875427573919296 6.4919796735048294 4.0875427573919314 3.6066553741693497 6.7324233651161194
leaf_count=29 23 22 17 15 21 16 22 16 19 20 22 18 33 23 20 22 16 17 21 21 33 26 28 17 27 17 15 28
internal_value=-0.396125 -0.399447 -0.413959 -0.39546 -0.40381 -0.392888 -0.388322 -0.380417 -0.400089 -0.381832 -0.392471 -0.378772 -0.40831 -0.417344 -0.411893 -0.402836 -0.371195 -0.372214 -0.381832 -0.370217 -0.425231 -0.413138 -0.418027 -0.42207 -0.424602 -0.397936 -0.407208 -0.362317
internal_weight=150.037 133.927 27.651 106.276 48.5696 28.1319 57.7065 34.3834 23.323 18.2737 14.4266 9.61775 18.7546 13.4648 9.85819 9.13686 16.1097 25.2466 18.2737 10.0986 22.3613 14.4266 20.4377 10.3391 13.7053 8.17509 7.21331 10.5795
internal_count=624 557 115 442 202 117 240 143 97 76 60 40 78 56 41 38 67 105 76 42 93 60 85 43 57 34 30 44
is_linear=0
shrinkage=1


Tree=1
num_leaves=28
num_cat=0
split_feature=21 17 6 22 17 22 0 12 0 12 10 10 6 18 6 16 17 13 17 19 0 16 2 10 22 20 2
split_gain=9.87586 6.18048 11.9713 5.10165 6.30509 5.25461 4.40418 5.48956 4.62988 3.64005 4.65835 3.83433 3.53288 4.46789 3.17271 3.1382 2.447 2.05967 3.57534 3.91493 1.74996 2.93275 1.67627 1.58665 1.55271 1.90306 0.0731149
threshold=0.61104497942627989 0.71371772215823481 -0.99674223659266115 -0.38679487210289593 -0.51248347754599788 0.51715045393134063 1.0000000180025095e-35 0.19803179110142452 1.1673816741458403 -0.63024912519809373 0.15630555618196196 0.7473510926897492 -0.72874920723518011 -0.11730450342576249 0.3432229101947441 0.1747003891838376 -0.79546191047679915 -0.50592713988366289 -0.41860970170641582 -0.34097837468098752 0.68207443586003036 -0.66566009799030901 0.73780043158578434 0.31749979341135848 0.49075788966756734 -0.31395293407717401 1.0000000180025095e-35
decision_type=2 2 2 2 2 2 2 2 2 2 2 2 2 2 2 2 2 2 2 2 2 2 2 2 2 2 2
left_child=1 3 -3 6 22 14 7 17 12 -7 -11 -12 -8 -14 -6 -9 -2 -1 -19 -20 21 -4 24 -23 25 -5 -18
right_child=16 2 20 4 5 9 8 15 -10 10 11 -13 13 -15 -16 -17 26 18 19 -21 -22 23 -24 -25 -26 -27 -28
leaf_value=0.038421869809548398 0.0027087319398125163 0.02332090508642087 0.0056765242796411788 0.0053462623391054313 -0.030622718688172224 0.037330372232457228 0.0093488015604235378 -0.025150962622930543 0.021807352666370908 -0.019582444567236207 0.032605957145915673 -0.0058914015137105265 -0.034875785931285971 0.0027087319398125189 0.0040340027310143828 0.0093488015604235447 0.043119962171599607 -0.011868741371111794 0.00036921737621469327 0.035609507814714697 -0.041816672628839431 -0.034496934360418494 -0.0043428745417424469 -0.0038655024502863328 -0.039200934484789056 -0.024104464350659299 0.017840248069076414
leaf_weight=7.0245649367570904 5.5332023948431042 5.3139124512672451 4.0921612828969982 3.5988847464323053 5.0173691958189028 3.8747088909149214 5.2995871305465743 3.8272461891174299 4.587943196296691 4.78962570428848 5.3231882750987989 4.3228484094142914 7.8770986050367391 5.5332023948430979 4.8127466440200806 5.2995871305465698 3.8787822723388654 3.6100796908140209 6.9894181638956088 7.712188765406605 7.8652142733335486 6.2067610621452314 6.72652244567871 4.0843666344881058 6.4389049261808395 3.601474955677987 6.756117582321167
leaf_count=29 23 22 17 15 21 16 22 16 19 20 22 18 33 23 20 22 16 15 29 32 33 26 28 17 27 15 28
internal_value=0 -0.00322458 -0.0173872 0.000653611 -0.00749571 0.00315915 0.00760689 0.0152552 -0.00381093 0.0139154 0.00353327 0.0168537 -0.0118457 -0.0206885 -0.0153978 -0.00656687 0.0242518 0.0232135 0.0139122 0.0212204 -0.0284482 -0.016605 -0.0214188 -0.0253742 -0.0278722 -0.0108515 0.0328419
internal_weight=149.998 133.83 27.5624 106.267 48.5063 28.1405 57.7609 34.4631 23.2978 18.3104 14.4357 9.64604 18.7099 13.4103 9.83012 9.12683 16.1681 25.3363 18.3117 14.7016 22.2485 14.3833 20.3658 10.2911 13.6393 7.20036 10.6349
internal_count=624 557 115 442 202 117 240 143 97 76 60 40 78 56 41 38 67 105 76 61 93 60 85 43 57 30 44
is_linear=0
shrinkage=0.035


Tree=2
num_leaves=29
num_cat=0
split_feature=21 17 6 17 22 1 12 10 18 16 2 17 0 5 9 18 18 17 18 6 0 16 10 15 20 22 15 2
split_gain=9.37564 5.86074 11.3967 4.88332 6.2359 3.47619 7.59323 4.10007 3.63374 4.83682 3.4238 2.99286 2.95866 2.54153 2.51228 2.60499 2.32383 2.30791 1.72136 2.97367 1.676 2.80538 1.51464 1.35818 1.09638 2.35171 0.228978 0.0742072
threshold=0.61104497942627989 0.71371772215823481 -0.99674223659266115 -0.43874054264561096 -0.34720602570723597 0.77212320447506266 -0.32083995107336966 -0.81085986719441705 0.36112523168377331 0.7990677212993037 0.73780043158578434 -0.59821610154919713 0.68207443586003036 -0.93998746554513368 -0.71663259348862451 0.40381304463794337 -0.26082196398138369 -0.79546191047679915 -0.041665909502044907 1.0000000180025095e-35 0.68207443586003036 -0.66566009799030901 0.31749979341135848 -0.99354456287278647 -0.31395293407717401 0.53694487712917061 -0.13740014258609687 1.0000000180025095e-35
decision_type=2 2 2 2 2 2 2 2 2 2 2 2 2 2 2 2 2 2 2 2 2 2 2 2 2 2 2 2
left_child=1 3 -3 4 11 6 7 -5 16 -10 24 14 -12 -7 23 -16 -8 -2 19 -15 21 -4 -23 -1 25 -6 -9 -19
right_child=17 2 20 5 10 13 8 26 9 -11 12 -13 -14 18 15 -17 -18 27 -20 -21 -22 22 -24 -25 -26 -27 -28 -29
leaf_value=0.010299460534197094 0.0026380622415965215 0.022658032962196414 0.005538954389241387 -0.0030300758091167186 0.0053246521038538362 -0.0057879314287216793 -0.0026140817190295107 0.011449225544259339 0.029061247456855142 -0.014791737588514936 -0.018514532551444533 -0.015665310498216643 0.014361108521398238 0.022103528448837763 0 0.036007493236739095 -0.0309902797164502 0.041924774634853272 0.034233179656902354 -0.010074451881898303 -0.04096226654638719 -0.033780904758743895 -0.0037766593097993558 -0.013690431872382114 -0.039540196760999242 -0.02686413422833395 0.036207467595159568 0.017314141957557483
leaf_weight=3.6343025118112564 5.5361039191484478 5.336054444313052 4.0966085642576244 6.4912920296192196 3.599276140332222 3.6126362383365658 6.4726988375186911 4.088499680161477 3.6318991482257825 4.8036164790391922 4.5635063350200653 4.093048781156539 4.80983766913414 6.7408573478460347 3.6088801324367523 5.0721822679042816 8.8717816174030322 3.9062421321868879 7.4734334945678684 4.0983265042304993 7.7912661731243125 6.1597037911415082 4.0812363624572754 3.8459296077489897 6.6639876216650009 4.2675894498825073 5.7932445108890507 6.7781316041946411
leaf_count=15 23 22 17 27 15 15 27 17 15 20 19 17 20 28 15 21 37 16 31 17 33 26 17 16 28 18 24 28
internal_value=0 -0.00314001 -0.0169589 0.000631367 -0.00800756 0.00691661 0.000465395 0.0177517 -0.0116868 0.00553712 -0.0194894 0.00584115 -0.00162427 0.0174852 0.0127023 0.0236581 -0.0210048 0.023599 0.0224527 0.00985394 -0.0278158 -0.0162105 -0.0248232 -0.00176715 -0.0291053 -0.0135108 0.0300572 0.0319175
internal_weight=149.922 133.702 27.4649 106.237 44.1585 62.0783 40.153 16.373 23.78 8.43552 23.9042 20.2543 9.37334 21.9253 16.1613 8.68106 15.3445 16.2205 18.3126 10.8392 22.1288 14.3375 10.2409 7.48023 14.5309 7.86687 9.88174 10.6844
internal_count=624 557 115 442 184 258 167 68 99 35 100 84 39 91 67 36 64 67 76 45 93 60 43 31 61 33 41 44
is_linear=0
shrinkage=0.035


Tree=3
num_leaves=28
num_cat=0
split_feature=21 17 6 17 23 0 20 1 12 10 18 16 5 18 17 18 18 6 0 16 17 10 18 4 7 17 15
split_gain=8.90147 5.56253 10.8532 4.63888 5.95005 3.26519 4.7276 3.25225 7.18199 3.87662 3.46156 4.60551 2.401 2.20914 2.17844 1.6797 1.61027 2.8158 1.60755 2.68442 1.57301 1.44696 1.16313 0.76704 0.376249 0.331512 0.199111
threshold=0.61104497942627989 0.71371772215823481 -0.99674223659266115 -0.43874054264561096 -0.5682540370831094 0.68207443586003036 -0.41566977253208398 0.77212320447506266 -0.32083995107336966 -0.81085986719441705 0.36112523168377331 0.7990677212993037 -0.93998746554513368 -0.26082196398138369 -0.79546191047679915 0.43402385146248396 -0.041665909502044907 1.0000000180025095e-35 0.68207443586003036 -0.66566009799030901 -0.79546191047679915 0.31749979341135848 0.28304873598407415 -0.22520214016608667 -0.48734738565147767 -0.94851432748958475 -0.13740014258609687
decision_type=2 2 2 2 2 2 2 2 2 2 2 2 2 2 2 2 2 2 2 2 2 2 2 2 2 2 2
left_child=1 3 -3 4 5 20 -7 8 9 -5 13 -12 -9 -10 -2 22 17 -14 19 -4 25 -21 -6 -16 -22 -1 -11
right_child=14 2 18 7 15 6 -8 12 10 26 11 -13 16 -15 23 -17 -18 -19 -20 21 24 -23 -24 -25 -26 -27 -28
leaf_value=-0.012753905336670127 0.0025692590784078093 0.022019322294615697 0.0054048221862741993 -0.002950352297033831 0.0092447364109483829 0.016702097278374295 -0.022931933710914194 -0.0056616323423448085 -0.0025452291036077461 0.011163506061466849 0.028313394290290599 -0.01445703903425136 0.021437890654418146 -0.030267083735757053 0.0099037998403450518 0.02309392763635322 0.033123731495093733 -0.0098503603956096187 -0.040146655660314064 -0.033090910194588492 -0.012255996178631014 -0.0036898538447694682 -0.011948950342538844 0.038287162044167183 -0.037690215867048439 0 0.035096166915633012
leaf_weight=3.8107610940933228 5.5389118790626553 5.3563016057014492 4.1008911877870586 6.4874755293130901 5.2994396984577161 6.4763351082801819 4.5173259377479535 3.6086510270833996 6.4692876189947119 4.0974083095788965 3.6498558521270734 4.7893634140491486 6.7684989571571386 8.8146311491727847 4.1361014991998681 4.8575275093317023 7.5195600241422627 4.0904958993196487 7.7133251577615729 6.1106287837028486 4.5225299149751672 4.0781521946191788 3.6100098788738251 6.59216736257076 7.4138853549957284 3.5798117220401791 5.830152660608289
leaf_count=16 23 22 17 27 22 27 19 15 27 17 15 20 28 37 17 20 31 17 33 26 19 17 15 27 31 15 24
internal_value=9.29504e-07 -0.00305533 -0.0165473 0.000613137 -0.00781596 -0.0162213 -0.000202584 0.00673397 0.000480909 0.0172596 -0.0113641 0.00541827 0.0169384 -0.0204892 0.0229707 0.0100726 0.0217536 0.00954465 -0.027207 -0.0158285 -0.0242135 -0.02429 0 0.0310325 -0.0315721 -0.00757676 0.0291868
internal_weight=149.839 133.572 27.3593 106.213 44.0876 30.3206 10.9937 62.1254 40.1382 16.415 23.7231 8.43922 21.9872 15.2839 16.2672 13.767 18.3786 10.859 22.003 14.2897 19.327 10.1888 8.90945 10.7283 11.9364 7.39057 9.92756
internal_count=624 557 115 442 184 127 46 258 167 68 99 35 91 64 67 57 76 45 93 60 81 43 37 44 50 31 41
is_linear=0
shrinkage=0.035


Tree=4
num_leaves=28
num_cat=0
split_feature=21 17 6 22 17 22 0 12 0 6 12 10 10 6 18 16 1 16 21 17 21 0 16 19 10 18 4
split_gain=8.42865 5.28103 10.3389 4.46578 5.56814 4.92384 4.15309 5.11921 4.28867 4.10913 3.41581 4.28323 3.58378 3.33322 4.26521 2.85973 2.14455 2.08389 2.68691 2.04798 1.9844 1.54401 2.56946 1.42982 1.38324 0.791191 0.703068
threshold=0.61104497942627989 0.71371772215823481 -0.99674223659266115 -0.38679487210289593 -0.5209989535149987 0.51715045393134063 1.0000000180025095e-35 0.19803179110142452 1.1673816741458403 0.3432229101947441 -0.63024912519809373 0.15630555618196196 0.7473510926897492 -0.72874920723518011 -0.11730450342576249 0.1747003891838376 0.77212320447506266 -0.68738556099901682 -0.28900067267285845 -0.79546191047679915 -0.53446766869989615 0.68207443586003036 -0.66566009799030901 -0.23164101301555268 0.31749979341135848 0.71456936462879261 -0.22520214016608667
decision_type=2 2 2 2 2 2 2 2 2 2 2 2 2 2 2 2 2 2 2 2 2 2 2 2 2 2 2
left_child=1 3 -3 6 16 9 7 17 13 -6 -7 -12 -13 -8 -15 -9 23 -1 20 -2 -19 22 -4 -5 -24 -18 -21
right_child=19 2 21 4 5 10 8 15 -10 -11 11 12 -14 14 -16 -17 25 18 -20 26 -22 -23 24 -25 -26 -27 -28
leaf_value=0.00062703287434170128 0.0025022719042037643 0.021403479925692324 0.0052740363570002082 -0.0046975462140529788 -0.031521443666014275 0.035846745014665157 0.0088435410138362654 -0.024361604600058383 0.02060497996393499 0.0066086253075239611 -0.018998593983860158 0.031141733894169028 -0.0059489581643107706 -0.034258764048372338 0.0025053701496847145 0.0086070799548638669 -0.012285835842261098 0.021337294296595432 0.037126660696679852 0.0096595944758799852 -0.006361107770586496 -0.039366750446604822 -0.032425198646058064 -0.035512897585228888 -0.0036050382521197123 0.0060656506502368224 0.03710063573871554
leaf_weight=5.0947637259960166 5.541630387306216 5.3747644126415279 4.1050159931182888 3.5762519538402566 5.4438536316156405 3.9089694768190428 5.3170993775129363 3.7923576980829221 4.6221784502267829 5.0592142790555954 4.7604075372219059 5.3652255535125715 4.321679025888443 7.8258941322565114 5.53990642726421 5.3238516598939896 3.7911495566368094 4.5980490893125534 11.420459717512133 4.1426862776279458 4.3358401209116 7.6318819820880881 6.0597828328609449 8.5070296078920364 4.0751141309738159 3.5735093057155609 6.6281868219375584
leaf_count=21 23 22 17 15 23 16 22 16 19 21 20 22 18 33 23 22 16 19 47 17 18 33 26 36 17 15 27
internal_value=4.68213e-06 -0.00297478 -0.0161514 0.000594073 -0.00705213 0.00265392 0.00708679 0.0145045 -0.00398433 -0.0146156 0.0132582 0.00321148 0.0159588 -0.0117258 -0.0203362 -0.00655117 -0.0206044 0.022166 0.026784 0.0223245 0.00870976 -0.0266201 -0.0154584 -0.0287277 -0.0237737 -0.00342694 0.030123
internal_weight=149.737 133.424 27.2466 106.178 48.3073 28.8593 57.8704 34.5653 23.3051 10.5031 18.3563 14.4473 9.6869 18.6829 13.3658 9.11621 19.4479 25.4491 20.3543 16.3125 8.93389 21.8718 14.2399 12.0833 10.1349 7.36466 10.7709
internal_count=624 557 115 442 202 120 240 143 97 44 76 60 40 78 56 38 82 105 84 67 37 93 60 51 43 31 44
is_linear=0
shrinkage=0.035


Tree=5
num_leaves=28
num_cat=0
split_feature=21 17 6 17 22 2 1 12 10 11 17 0 19 15 16 17 11 11 17 7 0 16 10 8 21 4 15
split_gain=7.98314 5.01652 9.85191 4.26717 5.44391 3.21452 3.0132 6.74054 3.63157 3.27555 2.80124 2.66312 2.47607 3.17534 2.46779 2.36962 2.99364 3.15188 1.92694 1.83229 1.48485 2.46014 1.32315 1.1653 0.93588 0.645436 0.154489
threshold=0.61104497942627989 0.71371772215823481 -0.99674223659266115 -0.43874054264561096 -0.34720602570723597 0.73780043158578434 0.77212320447506266 -0.32083995107336966 -0.81085986719441705 -0.37863433159517285 -0.59821610154919713 0.68207443586003036 -0.12230365135011782 -0.99354456287278647 0.52163087194257085 0.24913193824437987 -0.48211331891528714 0.34571857964562669 -0.79546191047679915 -0.48734738565147767 0.68207443586003036 -0.66566009799030901 0.31749979341135848 -0.40586715151888425 -0.37082300468187102 -0.22520214016608667 -0.13740014258609687
decision_type=2 2 2 2 2 2 2 2 2 2 2 2 2 2 2 2 2 2 2 2 2 2 2 2 2 2 2
left_child=1 3 -3 4 10 23 7 8 -5 -9 12 -7 13 -1 24 16 -8 -18 -2 -15 21 -4 -23 -6 -11 -20 -10
right_child=18 2 20 6 5 11 15 9 26 14 -12 -13 -14 19 -16 -17 17 -19 25 -21 -22 22 -24 -25 -26 -27 -28
leaf_value=0.020329625809954087 0.0024370516859998151 0.020809298277807347 0.0051465098110406414 -0.0029128062907641493 -0.0053214692537278726 -0.017322699011397134 -0.011994828233460908 0.010000285760671515 0.010862665241253226 -0.0047419371134295642 -0.015425382627838935 0.013924452660320453 0.029711974577265935 0.0046562426405149264 0.00053922347812644417 0.031506919702197753 0.029250667997093853 -0.0051879652030622815 0.0094218396952060572 -0.024327686601135191 -0.038619778307135387 -0.031782172489194828 -0.0035221667997347231 -0.0331331030174866 -0.030821419212829836 0.035973506979402166 0.033737570365299105
leaf_weight=4.6233297884464299 5.5442625284194973 5.3915474414825466 4.108989059925082 6.4789634793996838 3.7537019848823556 4.5091824382543564 5.0664023607969293 5.2646118849515942 4.1033900678157815 3.5750689208507564 4.0812526345252982 4.8227567225694656 4.3625687360763559 3.6157871782779729 5.7761306762695304 6.5381007939577094 6.3227362632751465 4.1213636100292206 4.1489279866218576 3.6066507697105372 7.5473905205726615 6.0073952972888929 4.0721224248409271 10.584621593356131 9.0341855436563474 6.6587080210447285 5.8684186786413166
leaf_count=19 23 22 17 27 16 19 21 22 17 15 17 20 18 15 24 27 26 17 17 15 33 26 17 45 38 27 24
internal_value=8.74651e-06 -0.00289661 -0.0157702 0.000576884 -0.00752176 -0.0183321 0.00644301 0.000412777 0.0166423 -0.0110891 0.00536754 -0.00110338 0.0120108 0.00176238 -0.0177741 0.0162457 0.00664903 0.0165892 0.0217037 -0.0113851 -0.0260537 -0.0150996 -0.0232732 -0.0277162 -0.025448 0.0292535 0.0281503
internal_weight=149.589 133.237 27.1274 106.109 43.9599 23.6703 62.1494 40.1008 16.4508 23.65 20.2896 9.33194 16.2083 11.8458 18.3854 22.0486 15.5105 10.4441 16.3519 7.22244 21.7359 14.1885 10.0795 14.3383 12.6093 10.8076 9.97181
internal_count=624 557 115 442 184 100 258 167 68 99 84 39 67 49 77 91 64 43 67 30 93 60 43 61 53 44 41
is_linear=0
shrinkage=0.035


Tree=6
num_leaves=27
num_cat=0
split_feature=21 17 6 17 15 22 2 1 12 10 13 2 9 0 22 12 17 0 22 17 7 0 16 10 4 15
split_gain=7.55591 4.77637 9.39048 4.04045 5.23334 5.3366 3.24365 2.8284 6.37921 3.4382 3.19141 2.589 3.35558 2.39949 2.332 2.29354 2.54721 2.35848 1.86119 1.81447 1.7116 1.42961 2.35611 1.26641 0.593384 0.132594
threshold=0.61104497942627989 0.71371772215823481 -0.99674223659266115 -0.43874054264561096 -0.13740014258609687 -0.34720602570723597 0.73780043158578434 0.77212320447506266 -0.32083995107336966 -0.81085986719441705 -0.33796046352839293 -0.43218043070018602 -0.71663259348862451 -0.77384727899739947 0.49075788966756734 0.67437306260615404 0.24237359342487702 -0.77384727899739947 0.51715045393134063 -0.79546191047679915 -0.48734738565147767 0.68207443586003036 -0.66566009799030901 0.31749979341135848 -0.22520214016608667 -0.13740014258609687
decision_type=2 2 2 2 2 2 2 2 2 2 2 2 2 2 2 2 2 2 2 2 2 2 2 2 2 2
left_child=1 3 -3 4 5 11 14 8 9 -5 -10 -1 -13 -12 -7 16 17 -9 -15 -2 -8 22 -4 -24 -21 -11
right_child=19 2 21 7 -6 6 20 15 10 25 13 12 -14 18 -16 -17 -18 -19 -20 24 -22 -23 23 -25 -26 -27
leaf_value=-0.0049903125965071581 0.0023735509032896613 0.020235661425723486 0.0050221493507370575 -0.0028361633571659132 -0.03323705096148221 -0.0029519287852290571 0.017128718298375669 0.012194559183366854 0.011395444380502035 0.010592984247074578 0.0023603537286389924 0 0.035379890488488448 -0.031246316431715705 -0.034450933232181888 0.035500099076707863 0.023443586496563133 -0.014547463772140846 -0.0022891102026920619 0.0091903366074550796 -0.0089233681191915187 -0.037903229204872116 -0.031160374424494298 -0.0034411935612981446 0.034900988614559002 0.032742560890643667
leaf_weight=6.044486045837405 5.5468110442161587 5.4067506790161159 4.1128164678812054 6.4752685725688961 5.923821657896041 5.4243278801441193 3.6146590411663055 5.8423858433961904 4.5696150362491634 4.1113543063402185 5.0300050675869032 5.3271054029464731 5.8147599250078175 9.4512289613485283 6.9522560685873032 3.9152416586875907 6.071740359067916 6.2669858187437075 4.5444463491439828 4.1548427641391763 4.769892230629921 7.4602702260017386 5.9536781013011915 4.0691770762205124 6.6841048598289463 5.8953986018896076
leaf_count=25 23 22 17 27 25 23 15 24 19 17 21 22 24 40 30 16 25 26 19 17 20 33 26 17 27 24
internal_value=2.31053e-05 -0.00280873 -0.0154027 0.000575287 -0.00731545 -0.00167607 -0.0131724 0.00627946 0.000425006 0.0161896 -0.0107865 0.0118633 0.0207739 -0.016941 -0.0233421 0.0157635 0.00815621 -0.0013735 -0.0236339 0.0211066 0.00293818 -0.0255065 -0.0147515 -0.0227878 0.0284212 0.0273599
internal_weight=149.433 133.048 27.0027 106.045 43.8713 37.9475 20.7611 62.1737 40.0773 16.482 23.5953 17.1864 11.1419 19.0257 12.3766 22.0964 18.1811 12.1094 13.9957 16.3858 8.38455 21.5959 14.1357 10.0229 10.8389 10.0068
internal_count=624 557 115 442 184 159 88 258 167 68 99 71 46 80 53 91 75 50 59 67 35 93 60 43 44 41
is_linear=0
shrinkage=0.035


Tree=7
num_leaves=27
num_cat=0
split_feature=21 17 6 17 15 22 2 10 10 12 11 4 8 12 2 7 2 9 22 17 19 7 0 16 10 21
split_gain=7.15033 4.5535 8.95305 3.853 5.00118 5.0559 3.10045 2.75167 5.64346 4.20764 3.48177 3.0745 4.86402 4.34095 3.2008 3.07364 2.44868 3.16451 2.23265 1.71099 1.83285 1.63142 1.37789 2.25708 1.21276 0.0364019
threshold=0.61104497942627989 0.71371772215823481 -0.99674223659266115 -0.43874054264561096 -0.13740014258609687 -0.34720602570723597 0.73780043158578434 -0.81085986719441705 -0.52429233434215661 -1.0140866229954313 1.0000000180025095e-35 0.38138549492875334 0.44164642288434391 0.80409099814985263 0.73780043158578434 -1.0000000180025095e-35 -0.43218043070018602 -0.71663259348862451 0.49075788966756734 -0.63985274515787482 0.75239524197336116 -0.48734738565147767 0.68207443586003036 -0.66566009799030901 0.31749979341135848 1.1019789714803554
decision_type=2 2 2 2 2 2 2 2 2 2 2 2 2 2 2 2 2 2 2 2 2 2 2 2 2 2
left_child=1 3 -3 4 5 16 18 9 10 -5 -9 14 -13 -14 15 -10 -1 -18 -7 20 -2 -8 23 -4 -25 -21
right_child=19 2 22 7 -6 6 21 8 11 -11 -12 12 13 -15 -16 -17 17 -19 -20 25 -22 -23 -24 24 -26 -27
leaf_value=-0.0048623548926790203 0.018817051878888175 0.019681538043108932 0.0049008744277722763 0.0092644403363366483 -0.032558760776695686 -0.0028779429647214434 0.016708622769683216 0.051979770006612705 0.017028335939398738 -0.026879258180860538 0.0038698125985699287 0.036353788141901267 -0.018949837046331734 0.017293060131138883 -0.02330695796027504 -0.0083685787335399282 0 0.034309410716351671 -0.033767879297212283 0.036571850981579557 -0.0088114397940005536 -0.0087152485796972174 -0.037214825570549045 -0.030558476974076994 -0.0033620743565366601 0.012580932346954503
leaf_weight=6.0391559600830105 3.8860626965761211 5.420469522476199 4.1165040433406856 6.7664182782173157 5.878053441643714 5.4205298870801926 3.6259277164936066 3.6686009764671317 8.6664134562015551 5.2563512474298459 3.6235408186912537 5.6322021484375027 5.5108620375394803 6.7666594237089157 5.4892031848430625 10.795506134629251 5.3271054029464731 5.8481081277132008 6.8862596452236176 4.4499492943286878 3.8790823519229889 4.760786697268486 7.3709095716476432 5.898828059434889 4.066278338432312 4.1993645578622818
leaf_count=25 16 22 17 28 25 23 15 15 36 22 15 23 23 28 23 45 22 24 30 18 16 20 33 26 17 17
internal_value=4.14471e-05 -0.00271864 -0.0150482 0.000580475 -0.00713427 -0.00162623 -0.0128493 0.00614824 0.00974819 -0.00774308 0.0346168 0.00404546 0.0144016 0.000281755 -0.0037104 0.00322902 0.0115251 0.0201732 -0.0228336 0.020532 0.00549968 0.0028719 -0.0249774 -0.0144137 -0.0223167 0.0299672
internal_weight=149.249 132.835 26.873 105.962 43.7859 37.9079 20.6935 62.1758 50.153 12.0228 7.29214 42.8608 17.9097 12.2775 24.9511 19.4619 17.2144 11.1752 12.3068 16.4145 7.76515 8.38671 21.4525 14.0816 9.96511 8.64931
internal_count=624 557 115 442 184 159 88 258 208 50 30 178 74 51 104 81 71 46 53 67 32 35 93 60 43 35
is_linear=0
shrinkage=0.035


Tree=8
num_leaves=27
num_cat=0
split_feature=21 17 6 22 22 1 17 0 14 19 16 12 10 16 22 23 16 22 17 10 17 22 16 6 4 11
split_gain=6.79993 4.33862 8.83741 3.57137 4.70217 8.03408 5.063 4.22835 4.39322 6.47208 5.35391 3.85392 3.17507 3.1368 2.9939 2.7501 3.03056 1.82508 2.57359 2.08597 1.63835 1.6265 0.879686 2.85645 0.582749 0.103302
threshold=0.61104497942627989 0.76864977816777191 -0.99674223659266115 -0.38679487210289593 0.43005499186088864 1.0228021220569767 -0.54537897399977198 1.0000000180025095e-35 -0.45407805716913768 -0.55965309801185714 -0.046194107347763795 0.19803179110142452 -0.97205410442381346 0.1747003891838376 0.72433208340196142 -0.27102122654449839 -0.58268405215838059 1.0027736363847701 -0.23495488223236247 0.31749979341135848 -0.79546191047679915 1.6454325762076507 -0.66566009799030901 0.3432229101947441 -0.22520214016608667 -0.48211331891528714
decision_type=2 2 2 2 2 2 2 2 2 2 2 2 2 2 2 2 2 2 2 2 2 2 2 2 2 2
left_child=1 3 -3 7 5 -5 14 11 9 -9 25 12 -1 -13 -6 -14 -17 19 -19 -8 -2 -16 -4 -24 -22 -10
right_child=20 2 22 4 6 -7 17 8 10 -11 -12 13 15 -15 21 16 -18 18 -20 -21 24 -23 23 -25 -26 -27
leaf_value=-0.0064499794196041915 0.002196714871456654 0.019145968730889872 -0.0078832388219342818 -0.033421958022027756 0.0074612426933700999 0.017523140431121739 -0.0096980239421286061 -0.016016156378745913 -0.012092997418120808 0.029865803945133586 0.010506886898009334 -0.023780046009307949 0.040111543053626422 0.01044956050799086 -0.036727575286402116 -0.0097995766025691673 0.021102411779442311 -0.00039943833503750062 0.034253316477159984 0.015688766834001024 0.0084844028650239919 -0.0031083660874347083 -0.040063897796162463 -0.0049567178966686675 0.03324252159464889 -0.038552749476290581
leaf_weight=3.6288090050220516 5.5535815954208401 5.4327944517135647 5.4001120328903243 12.224438220262526 3.5176194608211464 3.5986795574426642 6.9352090656757408 5.0218996852636337 3.6122811287641516 6.2893572598695773 4.1107338815927497 3.7620978653430921 7.8044597208499935 5.5804110765457153 4.3622037917375565 3.9025356918573406 10.953022316098208 3.6247818171977997 5.1098269969224912 5.0727632790803909 4.1715734302997598 3.5060705989599228 9.3846055567264504 5.1133684664964685 6.7149403989315006 4.6750637441873542
leaf_count=15 23 22 23 52 15 15 29 21 15 26 17 16 32 23 19 16 45 15 21 21 17 15 42 22 27 20
internal_value=5.42399e-05 -0.00264233 -0.0150983 0.000472873 -0.00643262 -0.0208747 0.00133269 0.0061664 -0.00489714 0.00975524 -0.0181279 0.0135367 0.0200508 -0.00463398 -0.0156594 0.0246865 0.0124735 0.0114476 0.0219885 0.00136059 0.0200195 -0.0259451 -0.0255825 -0.0301019 0.0269521 -0.0321231
internal_weight=149.063 132.623 25.3309 107.292 47.9516 15.8231 32.1285 59.3407 23.7093 11.3113 12.3981 35.6313 26.2888 9.34251 11.3859 22.66 14.8556 20.7426 8.73461 12.008 16.4401 7.86827 19.8981 14.498 10.8865 8.28734
internal_count=624 557 109 448 202 67 135 246 99 47 52 147 108 39 49 93 61 86 36 50 67 34 87 64 44 35
is_linear=0
shrinkage=0.035


Tree=9
num_leaves=27
num_cat=0
split_feature=21 12 18 1 7 1 0 4 6 14 22 21 16 17 19 17 21 19 13 23 12 5 16 10 12 0
split_gain=6.45034 4.16155 6.64371 5.43248 6.99936 4.60587 4.48708 5.24759 5.71185 5.14079 4.95697 4.17006 3.77035 3.60691 3.56164 3.53776 3.42134 3.28907 4.48443 6.69146 3.39368 3.14212 2.0157 1.63993 1.54333 0.967696
threshold=0.61104497942627989 0.19803179110142452 -0.26082196398138369 1.0228021220569767 -0.25512192595776989 -0.73195030101642222 1.0000000180025095e-35 -0.91844515170304653 0.3432229101947441 -0.45407805716913768 -0.38679487210289593 -1.0000000180025095e-35 -0.65805901201506434 -0.42400670901941989 -0.34097837468098752 0.24913193824437987 1.0000000180025095e-35 1.0000000180025095e-35 -0.15764329626464715 -0.38145555140864645 -0.32083995107336966 1.0000000180025095e-35 -0.44064921746045377 0.96227674232894456 -1.0140866229954313 -0.77384727899739947
decision_type=2 2 2 2 2 2 2 2 2 2 2 2 2 2 2 2 2 2 2 2 2 2 2 2 2 2
left_child=1 6 -3 5 -5 16 10 9 11 15 17 12 24 -13 -7 -8 -4 18 22 -20 -21 -12 -1 25 -9 -2
right_child=23 2 3 4 -6 14 7 8 -10 -11 21 13 -14 -15 -16 -17 -18 -19 19 20 -22 -23 -24 -25 -26 -27
leaf_value=0.0039536010776824639 0.0082984374228698456 -0.038247331102797412 -0.017164715329881834 -0.014619020094281935 0.036677951916824554 0.00024849527151218491 0.00138708970425798 -0.018398901068095171 0.012416720600511877 -0.017470721730525111 -0.023740215374727001 -0.018053455656420202 -0.039347525871124736 0.021011803277234876 -0.034479119255615837 0.040472013490357783 0.017929918799877306 0.035322988643901813 0.025838619307546627 0.002286729659251347 -0.032400010660280337 0.0090449885490777177 0.037058728823153128 0 0.0069638445206393531 0.032987204282397778
leaf_weight=4.6361839473247528 5.6387497037649164 7.0863441675901404 3.561716213822363 4.0371065884828568 5.6203751415014249 4.7461954951286289 5.7256667315959913 3.7662578821182251 6.9196601808071128 3.7259141802787772 5.8713502436876279 3.7582520097494125 11.546581134200094 3.7942984104156521 9.8095410317182576 4.6316781342029572 6.7266224771738052 6.8193562924861899 4.6106320023536655 5.368608489632603 5.6634125262498927 4.7855723798274994 5.1697624027729017 3.9296696186065665 4.0282721072435406 6.8921090066432962
leaf_count=19 23 31 15 17 23 20 24 16 29 16 25 16 50 16 42 19 28 28 19 22 24 20 21 16 17 28
internal_value=5.10959e-05 -0.00257955 -0.0114892 -0.00405491 0.0159548 -0.0126379 0.00160333 -0.00559185 -0.0129377 0.0111344 0.00964027 -0.0200509 -0.0279806 0.00131298 -0.0241763 0.0230117 0.00453701 0.0163004 0.00880934 -0.00284169 -0.0173568 -0.00950011 0.0251728 0.0194834 -0.00600977 0.0249101
internal_weight=148.87 132.409 41.5879 34.5016 9.65748 24.8441 90.8215 47.8966 33.8133 14.0833 42.9249 26.8937 19.3411 7.55255 14.5557 10.3573 10.2883 32.268 25.4486 15.6427 11.032 10.6569 9.80595 16.4605 7.79453 12.5309
internal_count=624 557 176 145 40 105 381 203 144 59 178 115 83 32 62 43 43 133 105 65 46 45 40 67 33 51
is_linear=0
shrinkage=0.035


Tree=10
num_leaves=29
num_cat=0
split_feature=21 17 6 21 11 17 23 23 20 12 19 20 14 16 0 22 7 16 20 17 19 2 17 0 4 20 17 22
split_gain=6.08966 4.01339 7.92996 3.42663 6.17619 3.08196 4.60289 4.43447 3.69985 3.5798 3.61779 3.16405 5.60311 2.77926 2.39584 3.71815 1.97059 1.68598 1.67668 1.56979 1.74394 1.50342 1.33515 1.33097 2.11667 0.281895 0.219616 0.143139
threshold=0.61104497942627989 0.71371772215823481 -0.99674223659266115 0.4474003154082547 -1.0000000180025095e-35 -0.48486227890726602 -0.5682540370831094 -0.27102122654449839 0.092914419742465823 1.0000000180025095e-35 -0.34097837468098752 -0.31395293407717401 0.59225631856384986 -0.50042260530523885 -0.28854004071158962 1.0027736363847701 -0.48734738565147767 -0.046194107347763795 1.0000000180025095e-35 -0.63985274515787482 0.75239524197336116 -1.0000000180025095e-35 -0.76551451972701878 0.68207443586003036 -0.22520214016608667 -1.0000000180025095e-35 1.3231206626336012 0.38254837618609666
decision_type=2 2 2 2 2 2 2 2 2 2 2 2 2 2 2 2 2 2 2 2 2 2 2 2 2 2 2 2
left_child=1 3 -3 5 22 6 11 8 14 10 16 12 -1 -12 21 -16 -9 -11 -8 20 -2 -7 -5 24 -4 -13 -26 -21
right_child=19 2 23 4 -6 7 18 9 -10 17 13 25 -14 -15 15 -17 -18 -19 -20 27 -22 -23 -24 -25 26 -27 -28 -29
leaf_value=0.02058127806358313 0.01778155581505509 0.018380096779048522 0.00082594203192126053 -0.0037154740072083258 0.016955638701425729 0.046117720512470047 -0.0026152358933314167 -0.02163329957843662 -0.008948364830713226 -0.030945373248041981 -0.00069690464094171001 -0.034325853347225321 -0.025199277050980379 0.034286581535761335 -0.0015963093722399144 0.029151997320979124 0.0049085103376481564 0 0.019717433495083557 0.034547529709795584 -0.0090950555301721817 0.012186432917406799 -0.033395156130041827 -0.035712617183284653 -0.030175099289797728 -0.010741001878979375 -0.0076620648057902129 0.011177009263826601
leaf_weight=5.2187133729457837 3.9091518223285702 5.4476945251226452 6.5574259310960805 3.5211351513862601 4.0768653303384772 4.9083110392093658 6.2789799869060499 4.2747964262962368 4.5786372125148764 4.16683429479599 4.1541059613227844 5.2860611379146558 3.9937397390604019 4.6582235842943192 11.215330481529241 5.8517327606678 5.7593821734189996 3.5966574996709815 6.8157664686441422 4.4771043658256513 3.8850522041320801 5.3496444374322909 7.515204891562461 7.1533901691436759 3.9341680407524091 4.4354451745748555 3.4207024872303009 4.2179282903671265
leaf_count=22 16 22 28 15 17 20 26 18 19 18 17 23 17 19 47 24 24 15 28 18 16 22 32 33 17 19 15 17
internal_value=7.02091e-05 -0.00249117 -0.0141524 0.000594905 -0.013746 0.00329074 -0.0051359 0.0080073 0.0164316 -0.00235198 0.00580871 -0.0156177 0 0.0202314 0.0211836 0.0106229 -0.00767876 -0.0198322 0.00973337 0.0189334 0.00472719 0.033726 -0.0263514 -0.0236573 -0.0134192 -0.0276819 -0.0241423 0.0279116
internal_weight=148.658 132.169 26.5134 105.656 15.1132 90.5424 32.0287 58.5137 31.9037 26.61 18.8465 18.934 9.21245 8.81233 27.325 17.0671 10.0342 7.76349 13.0947 16.4892 7.7942 10.258 11.0363 21.0657 13.9123 9.72151 7.35487 8.69503
internal_count=624 557 115 442 64 378 135 243 132 111 78 81 39 36 113 71 42 33 54 67 32 42 47 93 60 42 32 35
is_linear=0
shrinkage=0.035


Tree=11
num_leaves=24
num_cat=0
split_feature=21 17 6 21 11 20 12 2 1 22 19 4 13 17 22 1 10 17 1 0 0 16 5
split_gain=5.80293 3.8431 7.84962 3.1897 5.8931 3.42607 5.24559 4.91559 4.09267 3.78328 5.69975 3.24903 3.04412 2.64821 2.54875 1.90309 1.55142 1.27082 0.933129 1.12684 0.912902 0.842298 0.662499
threshold=0.61104497942627989 0.76864977816777191 -0.99674223659266115 0.4474003154082547 1.0000000180025095e-35 -0.41566977253208398 0.19803179110142452 1.0000000180025095e-35 0.77212320447506266 -0.34720602570723597 -0.34097837468098752 -0.91844515170304653 -0.19998783652227842 -0.15836295184755586 0.48020086396205797 -0.23059246585259402 0.96227674232894456 -0.76551451972701878 -0.48127138343450809 -1.0000000180025095e-35 -0.77384727899739947 -0.45144894594325541 -0.57238826356972816
decision_type=2 2 2 2 2 2 2 2 2 2 2 2 2 2 2 2 2 2 2 2 2 2 2
left_child=1 3 -3 5 17 7 9 -1 22 10 11 -7 -9 -10 -11 -16 20 -5 -4 -20 -2 -12 -8
right_child=16 2 18 4 -6 6 8 12 13 14 21 -13 -14 -15 15 -17 -18 -19 19 -21 -22 -23 -24
leaf_value=0.037213445906612116 0.0077603897629804734 0.017887031204241 -0.034164707112160513 -0.0036345839359057004 0.016522767259630939 0.018667915455707233 -0.0086117769922273591 0.015417485964580391 -0.012490587307800626 -0.025075995069664708 0.012483638371414609 -0.008145259182283383 -0.017265224282486218 0.020498109291869532 0.017501358004109718 -0.01133870932928059 0 -0.032682616882371548 -0.00053590873265125019 -0.0219791304882344 0.031532454230862587 0.033186489153550866 -0.030650382811424657
leaf_weight=6.0089765042066583 5.6482377648353586 5.4569015055894878 7.7338123470544877 3.5180842876434317 4.0894144028425208 5.6030000001192084 5.4443358033895501 5.5530464500188836 3.7781660407781601 5.1472593843936902 9.9869899302721041 18.235436782240868 4.4870185256004325 4.13692782819271 3.5786629468202591 3.5691394954919815 3.9337773025035849 7.45495381951332 5.8008230179548299 6.0064948201179416 6.9223922491073617 8.0591999292373675 8.313164234161377
leaf_count=25 23 22 35 15 17 23 23 23 16 22 41 76 19 17 15 15 16 32 25 27 28 33 36
internal_value=6.65149e-05 -0.00243754 -0.0142446 0.000484475 -0.0133893 0.00305102 -0.00013803 0.0167594 -0.0140178 0.00562201 0.0106149 -0.000682732 0 0.0048787 -0.010125 0.0031961 0.018471 -0.0257703 -0.0242888 -0.0134281 0.0237428 0.0243797 -0.0244621
internal_weight=148.466 131.962 24.998 106.964 15.0625 91.9013 75.8523 16.049 21.6726 54.1797 41.8846 23.8384 10.0401 7.91509 12.2951 7.1478 16.5044 10.973 19.5411 11.8073 12.5706 18.0462 13.7575
internal_count=624 557 109 448 64 384 317 67 92 225 173 99 42 33 52 30 67 47 87 52 51 74 59
is_linear=0
shrinkage=0.035


Tree=12
num_leaves=26
num_cat=0
split_feature=21 12 18 1 7 1 0 4 22 14 1 22 7 17 5 21 13 19 23 12 5 2 19 16 14
split_gain=5.48719 3.70402 6.27491 4.97644 6.49297 4.33175 4.02359 4.80743 5.3716 4.77368 4.72645 4.4736 3.57978 3.32753 3.30682 3.24031 3.08988 3.57602 6.0931 3.01036 2.92662 1.55963 2.35274 0.613844 0.314694
threshold=0.61104497942627989 0.19803179110142452 -0.26082196398138369 1.0228021220569767 -0.25512192595776989 -0.73195030101642222 1.0000000180025095e-35 -0.91844515170304653 0.48284012038843532 -0.45407805716913768 -0.48127138343450809 -0.38679487210289593 -0.85227310802730416 0.24913193824437987 -0.57238826356972816 1.0000000180025095e-35 -0.50592713988366289 1.0000000180025095e-35 -0.27102122654449839 -0.32083995107336966 1.0000000180025095e-35 1.0000000180025095e-35 0.75239524197336116 -0.57524538664032854 -0.87771587758785929
decision_type=2 2 2 2 2 2 2 2 2 2 2 2 2 2 2 2 2 2 2 2 2 2 2 2 2
left_child=1 6 -3 5 -5 15 11 9 12 13 -10 16 -9 -8 -7 -4 -1 18 23 -20 -13 -2 -23 -18 -14
right_child=21 2 3 4 -6 14 7 8 10 -11 -12 20 24 -15 -16 -17 17 -19 19 -21 -22 22 -24 -25 -26
leaf_value=0.033408047143776154 0.03184461745565674 -0.037049600849091271 -0.016531574899844477 -0.014071644336347743 0.035364061264000893 0.0022741207023188703 0.0011806342093805963 0.0045310890683249883 0.029872081150324848 -0.016945269059447644 -0.012823971294592134 -0.022905893451494085 -0.011375124289017885 0.039014282168591624 -0.032165749823255436 0.017678595342569065 0.026260331828711618 0.027961631446715696 0.0020272740205098394 -0.03089653000867473 0.0087750127749848805 0.021925682280098654 -0.0055267312052034246 0.0036965107823389814 -0.03035673270305185
leaf_weight=7.1704907268285742 4.9603741616010693 6.9397075921297064 3.5323812216520292 4.0090715736150742 5.6456099897623044 3.98988604545593 5.727616146206854 4.7645965814590445 4.3166832625865936 3.6892360895872107 4.5214092284440976 5.8060674369335157 6.0060205310583124 4.6529080718755722 10.399349913001064 6.7288786917924881 4.8969315439462662 5.8785592317581168 5.3730621337890625 5.375377371907236 4.7832148969173431 5.1756349205970746 6.3901257961988449 3.6153596341609973 13.924703642725948
leaf_count=29 20 31 15 17 23 17 24 20 18 16 19 25 26 19 45 28 20 24 22 23 20 21 26 15 61
internal_value=6.94834e-05 -0.00236954 -0.0108163 -0.00361615 0.0154935 -0.0118987 0.00157378 -0.00526684 -0.0123483 0.0107205 0.00920938 0.00917792 -0.0203721 0.022126 -0.0231837 0.00469816 0.0154872 0.00809689 0 -0.0162903 -0.00905788 0.0179536 0.00779247 0.0197029 -0.0264351
internal_weight=148.273 131.747 41.2449 34.3052 9.65468 24.6505 90.5022 47.6032 33.5334 14.0698 8.83809 42.8991 24.6953 10.3805 14.3892 10.2613 32.3098 25.1393 19.2607 10.7484 10.5893 16.5261 11.5658 8.51229 19.9307
internal_count=624 557 176 145 40 105 381 203 144 59 37 178 107 43 62 43 133 104 80 45 45 67 47 35 87
is_linear=0
shrinkage=0.035


Tree=13
num_leaves=29
num_cat=0
split_feature=21 12 18 1 7 1 0 4 6 14 22 21 16 17 19 17 21 13 19 23 12 5 17 19 12 16 21 19
split_gain=5.19934 3.53114 6.01981 4.70528 6.15709 4.09663 3.7934 4.54723 5.33012 4.55121 4.23872 3.72174 3.58914 3.37048 3.32177 3.14822 3.08114 2.89642 3.3747 5.79571 2.88545 2.79279 1.51786 1.59425 1.5022 0.575194 0.195816 0.0566118
threshold=0.61104497942627989 0.19803179110142452 -0.26082196398138369 1.0228021220569767 -0.25512192595776989 -0.73195030101642222 1.0000000180025095e-35 -0.91844515170304653 0.3432229101947441 -0.45407805716913768 -0.38679487210289593 -1.0000000180025095e-35 -0.65805901201506434 -0.42400670901941989 -0.34097837468098752 0.24913193824437987 1.0000000180025095e-35 -0.50592713988366289 1.0000000180025095e-35 -0.27102122654449839 -0.32083995107336966 1.0000000180025095e-35 -0.63985274515787482 0.75239524197336116 -1.0140866229954313 -0.57524538664032854 1.1019789714803554 -0.34097837468098752
decision_type=2 2 2 2 2 2 2 2 2 2 2 2 2 2 2 2 2 2 2 2 2 2 2 2 2 2 2 2
left_child=1 6 -3 5 -5 16 10 9 11 15 17 12 24 -13 -7 -8 -4 -1 19 25 -21 -12 23 -2 -9 -19 -24 -14
right_child=22 2 3 4 -6 14 7 8 -10 -11 21 13 27 -15 -16 -17 -18 18 -20 20 -22 -23 26 -25 -26 -27 -28 -29
leaf_value=0.032417576627075825 0.01639526039310011 -0.036381881688897257 -0.016202677596137305 -0.013773109522530427 0.034349490009929665 0.00076055895067449035 0.0011498035252334633 -0.017631508751624517 0.012430513573694627 -0.016608958703919478 -0.022411360039986263 -0.01755981975160251 -0.042654166083032484 0.020235610799831018 -0.032721004695844901 0.037953963578611714 0.017159541129880558 0.025546919775180386 0.027166690650327632 0.0019751441784607729 -0.030282376902349011 0.0085487637636416144 0.032814802138254807 -0.0092327029482913055 0.0074155423511835482 0.0036118003449488343 0.010149622434802092 -0.013835853112233934
leaf_weight=7.1916530877351752 3.9368156939744976 6.8578797727823249 3.5187812298536283 3.9961899518966675 5.667597293853758 4.7195494323968861 5.7289584130048734 3.7195415794849396 6.8950994163751593 3.6729868650436392 5.7712403982877714 3.737288236618042 7.8753347545862207 3.7954077869653728 9.5822656154632604 4.6710323989391327 6.7498990446329117 4.9130584597587585 5.896989792585372 5.3746110051870346 5.3337400704622286 4.7907579839229584 4.4886140972375852 3.888242319226265 4.0054742544889477 3.6175169795751589 4.2262718975543976 3.3828081637620899
leaf_count=29 16 31 15 17 23 20 24 16 29 16 25 16 35 16 42 19 28 20 24 22 23 20 18 16 17 15 17 15
internal_value=9.45646e-05 -0.0022845 -0.01055 -0.00350788 0.0150502 -0.0115879 0.00156397 -0.00508863 -0.0119994 0.0104434 0.00894471 -0.0189625 -0.0265575 0.00118307 -0.0226124 0.0215588 0.00452169 0.0150793 0.00790151 0 -0.0159161 -0.00882515 0.017494 0.00383929 -0.00525041 0.0191962 0.0262594 -0.0377843
internal_weight=148.006 131.466 41.0922 34.2343 9.66379 24.5705 90.3735 47.4839 33.411 14.073 42.8896 26.5159 18.9832 7.5327 14.3018 10.4 10.2687 32.3276 25.1359 19.2389 10.7084 10.562 16.5399 7.82506 7.72502 8.53058 8.71489 11.2581
internal_count=624 557 176 145 40 105 381 203 144 59 178 115 83 32 62 43 43 133 104 80 45 45 67 32 33 35 35 50
is_linear=0
shrinkage=0.035


Tree=14
num_leaves=24
num_cat=0
split_feature=21 17 6 21 11 20 2 12 1 22 19 4 13 17 22 12 3 19 17 16 11 6 5
split_gain=4.94927 3.41906 7.08706 3.06817 5.48884 3.18623 4.70383 4.57157 3.6401 3.36708 5.10555 2.88976 2.86144 2.47446 2.33291 1.75157 1.48948 2.14788 1.17184 0.964008 0.93095 0.749869 0.65205
threshold=0.61104497942627989 0.76864977816777191 -0.99674223659266115 0.4474003154082547 -1.0000000180025095e-35 -0.41566977253208398 1.0000000180025095e-35 0.19803179110142452 0.77212320447506266 -0.34720602570723597 -0.34097837468098752 -0.91844515170304653 -0.19998783652227842 -0.15836295184755586 0.48020086396205797 -0.50903728378840796 1.0000000180025095e-35 0.75239524197336116 -0.76551451972701878 -0.45144894594325541 1.5046832376309063 0.3432229101947441 -0.57238826356972816
decision_type=2 2 2 2 2 2 2 2 2 2 2 2 2 2 2 2 2 2 2 2 2 2 2
left_child=1 3 -3 5 18 6 -1 9 22 10 11 -7 -8 -10 -11 -16 -2 -18 -5 -12 21 -4 -9
right_child=16 2 20 4 -6 7 12 8 13 14 19 -13 -14 -15 15 -17 17 -19 -20 -21 -22 -23 -24
leaf_value=0.03622045823387552 0.030595853807188475 0.016985499092930886 -0.03339198037201746 -0.0036692654146868653 0.015701660683266096 0.017502208979317754 0.014796563636384437 -0.007770876172999249 -0.012139960729937479 -0.023999340246053515 0.011227518015875734 -0.0077761456322225772 -0.016917725947583749 0.019782017834518925 0.016784853415634224 -0.010885246603562757 0.020736045088686657 -0.0054450723563072663 -0.031852451980669751 0.031987598329869249 -0.0064599953233193102 -0.0082555607813254179 -0.029148368555335969
leaf_weight=6.0294587165117273 4.9649841636419305 5.4636151790618923 9.3533891439437884 3.5133487880229941 4.1029614061117163 5.6233003735542288 5.566808596253396 5.3956444412469873 3.7514140754938126 5.0735993236303312 10.022743985056879 18.127670973539352 4.4588898420333853 4.1329219192266455 3.596875861287117 3.5432159304618835 5.1965748816728592 6.3845273107290268 7.3637447357177725 8.0791986882686633 5.5507557839155188 4.2863339334726325 8.1335383802652359
leaf_count=25 20 22 43 15 17 23 23 23 16 22 41 76 19 17 15 15 21 26 32 33 25 19 36
internal_value=0.000104 -0.00222163 -0.0134412 0.000526752 -0.0131131 0.00304775 0.0162571 -4.13208e-05 -0.0130949 0.0053177 0.0100234 -0.000692832 0 0.00467908 -0.00957937 0.0031021 0.017075 0.00723978 -0.0251406 0.0230149 -0.0231371 -0.0278943 -0.0230596
internal_weight=147.716 131.169 24.6541 106.515 14.9801 91.5353 16.0552 75.4801 21.4135 54.0666 41.8529 23.751 10.0257 7.88434 12.2137 7.14009 16.5461 11.5811 10.8771 18.1019 19.1905 13.6397 13.5292
internal_count=624 557 109 448 64 384 67 317 92 225 173 99 42 33 52 30 67 47 47 74 87 62 59
is_linear=0
shrinkage=0.035


Tree=15
num_leaves=28
num_cat=0
split_feature=21 12 18 1 7 1 0 4 6 14 22 21 16 17 5 17 21 13 10 19 23 5 10 12 0 17 19
split_gain=4.6995 3.25485 5.75609 4.31079 5.83941 3.89008 3.56646 4.21706 5.04317 4.28039 3.8801 3.50803 3.49579 3.20289 3.13962 3.00491 2.89325 2.73494 3.11338 4.27539 4.86131 2.62761 1.48118 1.455 0.909739 0.0487811 0.0156876
threshold=0.61104497942627989 0.19803179110142452 -0.26082196398138369 1.0228021220569767 -0.25512192595776989 -0.73195030101642222 1.0000000180025095e-35 -0.91844515170304653 0.3432229101947441 -0.45407805716913768 -0.38679487210289593 -1.0000000180025095e-35 -0.65805901201506434 -0.42400670901941989 -0.57238826356972816 0.24913193824437987 1.0000000180025095e-35 -0.50592713988366289 -0.81085986719441705 1.0000000180025095e-35 -0.27102122654449839 1.0000000180025095e-35 0.96227674232894456 -1.0140866229954313 -0.77384727899739947 -0.15836295184755586 -0.34097837468098752
decision_type=2 2 2 2 2 2 2 2 2 2 2 2 2 2 2 2 2 2 2 2 2 2 2 2 2 2 2
left_child=1 6 -3 5 -5 16 10 9 11 15 17 12 23 -13 -7 -8 -4 -1 -19 20 -20 -12 24 -9 -2 -16 -14
right_child=22 2 3 4 -6 14 7 8 -10 -11 21 13 26 -15 25 -17 -18 18 19 -21 -22 -23 -24 -25 -26 -27 -28
leaf_value=0.031372049850546348 0.0065739446837321108 -0.035564440464498033 -0.015565074225694704 -0.013587624506127511 0.033248649629373482 0.0027343031349738455 0.00091190572862655023 -0.017166207238068949 0.012100037443943916 -0.016261675477611929 -0.021647278746480102 -0.017191924897857324 -0.041756977128715865 0.019673648094561 -0.035981032513139652 0.036775212026493628 0.016811235886231481 -0.014422863747192422 0.023168402711506469 0.036954793426764131 -0.011770342984590839 0.0084146605840151861 -0.00077301055253117975 0.0074981794962201177 0.029404210557406739 -0.012154824006412296 -0.013655191116342577
leaf_weight=7.2084233164787284 5.6632290333509454 6.7434302121400824 3.4899188429117185 3.983851745724678 5.6833328455686551 3.9685456901788685 5.7354637086391431 3.6932850033044815 6.9036999046802512 3.6488903760910025 5.7085922062396985 3.7184334546327591 7.7386475503444681 3.800488710403445 6.2709746956825221 4.6810109317302704 6.7576639652252197 4.3989354223012915 6.3405636250972792 4.6878309845924369 9.6871377974748647 4.7872345596551895 3.9450465738773337 4.000281214714053 6.9448110014200219 3.9211917072534632 3.3678078651428196
leaf_count=29 23 31 15 17 23 17 24 16 29 16 25 16 35 16 28 19 28 18 26 19 41 20 16 17 28 17 15
internal_value=0.000111513 -0.00215819 -0.0101246 -0.00325205 0.0144769 -0.0110372 0.00153513 -0.00493052 -0.0116162 0.0100147 0.00869417 -0.0184378 -0.0258628 0.00110894 -0.0218585 0.0207788 0.00461529 0.0145506 0.00757095 0.0133311 0.00279714 -0.00836341 0.016644 -0.00489922 0.0218128 -0.0307426 -0.0370203
internal_weight=147.479 130.926 40.8189 34.0755 9.66718 24.4083 90.1067 47.288 33.2226 14.0654 42.8187 26.3189 18.8 7.51892 14.1607 10.4165 10.2476 32.3229 25.1145 20.7155 16.0277 10.4958 16.5531 7.69357 12.608 10.1922 11.1065
internal_count=624 557 176 145 40 105 381 203 144 59 178 115 83 32 62 43 43 133 104 86 67 45 67 33 51 45 50
is_linear=0
shrinkage=0.035


Tree=16
num_leaves=25
num_cat=0
split_feature=17 6 2 9 22 13 15 17 14 16 15 11 19 17 20 1 0 0 4 11 16 5 0 17
split_gain=4.45272 6.28321 3.78328 4.3952 3.9323 4.73516 4.64921 3.44398 3.33084 3.41972 3.14856 3.1329 2.75312 2.67244 1.99853 1.9975 1.53579 1.43885 1.95551 1.01822 0.711777 0.626379 0.368719 0.349885
threshold=0.71371772215823481 -0.99674223659266115 -1.6021612929861562 -0.71663259348862451 1.4765201649195012 -0.33796046352839293 -0.13740014258609687 -0.14241525514302042 0.68412958082333175 -0.58268405215838059 -1.3050479102997514 -0.37863433159517285 -0.45031573634642236 0.53092799102582633 -0.61910344944190376 0.77212320447506266 -0.77384727899739947 0.68207443586003036 -0.22520214016608667 1.1735504782065405 0.041649088060395738 -0.93998746554513368 -0.28854004071158962 1.3231206626336012
decision_type=2 2 2 2 2 2 2 2 2 2 2 2 2 2 2 2 2 2 2 2 2 2 2 2
left_child=2 -2 11 7 5 8 14 10 9 -5 20 -1 -8 -14 -7 -16 -12 18 19 -3 -4 -18 -11 -20
right_child=1 17 3 4 -6 6 12 -9 -10 22 16 -13 13 -15 15 -17 21 -19 23 -21 -22 -23 -24 -25
leaf_value=0.038568964971356326 0.016442355670906728 -0.0089206605293510946 -0.0060459027070549282 -0.0027446521998360177 0.027199914927404114 0.0029101381125506685 -0.012677732428510752 0.01497499528025388 -0.0036074419149620387 0.012310743217323955 -0.0047377127079670234 0.0022287827182703381 0.0036638390525535096 0.031232789649914824 -0.028082293349087527 0 -0.039541058254614007 -0.033361563056205898 -0.028360321258862089 0.012290541553900917 0.011111144090275566 -0.012886074107098775 0.038685567069878045 -0.0058118497078070369
leaf_weight=4.3649658560752869 5.464045554399493 3.4521460682153737 4.1073154211044374 3.8514885157346734 6.7863547652959815 4.2972151935100582 6.9930061697959855 3.6194133311510077 6.913095459342002 4.3024096935987473 5.449734091758736 6.4449645280837995 23.628175944089897 3.67673535645008 11.279079616069792 3.9024002552032462 5.2845116704702439 6.7492742687463751 3.7959145158529264 3.5314514189958572 3.5844874382019043 5.5835185199975834 6.8081376105546951 3.3162014484405518
leaf_count=18 22 15 17 16 28 18 30 15 29 18 23 27 99 15 48 16 23 33 17 15 15 24 28 15
internal_value=0.000103854 -0.0123754 0.00301993 0.000859017 0.00495682 0.00224472 -0.00332244 -0.0106999 0.0152825 0.0237162 -0.0156261 0.0210432 0.00433047 0.0094335 -0.0161905 -0.0216121 -0.0235593 -0.0209373 -0.011256 0.00156928 0.00205079 -0.0303861 0.0323087 -0.022006
internal_weight=147.186 26.309 120.877 110.067 82.4381 75.6517 53.7766 27.629 21.8751 14.962 24.0096 10.8099 34.2979 27.3049 19.4787 15.1815 16.3178 20.845 14.0957 6.9836 7.6918 10.868 11.1105 7.11212
internal_count=624 117 507 462 345 317 226 117 91 62 102 45 144 114 82 64 70 95 62 30 32 47 46 32
is_linear=0
shrinkage=0.035


end of trees

feature_importances:
Column_17=59
Column_0=33
Column_22=33
Column_21=32
Column_16=31
Column_12=28
Column_6=26
Column_10=26
Column_1=21
Column_19=21
Column_2=17
Column_18=17
Column_4=14
Column_5=11
Column_7=11
Column_11=11
Column_13=10
Column_15=10
Column_20=10
Column_23=9
Column_14=8
Column_9=5
Column_8=2
Column_3=1

parameters:
[boosting: gbdt]
[objective: binary]
[metric: binary_logloss]
[tree_learner: serial]
[device_type: cpu]
[data_sample_strategy: bagging]
[data: ]
[valid: ]
[num_iterations: 600]
[learning_rate: 0.035]
[num_leaves: 48]
[num_threads: 0]
[seed: 42]
[deterministic: 0]
[force_col_wise: 0]
[force_row_wise: 0]
[histogram_pool_size: -1]
[max_depth: 8]
[min_data_in_leaf: 15]
[min_sum_hessian_in_leaf: 0.001]
[bagging_fraction: 1]
[pos_bagging_fraction: 1]
[neg_bagging_fraction: 1]
[bagging_freq: 0]
[bagging_seed: 400]
[bagging_by_query: 0]
[feature_fraction: 1]
[feature_fraction_bynode: 1]
[feature_fraction_seed: 30056]
[extra_trees: 0]
[extra_seed: 12879]
[early_stopping_round: 0]
[early_stopping_min_delta: 0]
[first_metric_only: 0]
[max_delta_step: 0]
[lambda_l1: 0.15]
[lambda_l2: 2]
[linear_lambda: 0]
[min_gain_to_split: 0]
[drop_rate: 0.1]
[max_drop: 50]
[skip_drop: 0.5]
[xgboost_dart_mode: 0]
[uniform_drop: 0]
[drop_seed: 17869]
[top_rate: 0.2]
[other_rate: 0.1]
[min_data_per_group: 100]
[max_cat_threshold: 32]
[cat_l2: 10]
[cat_smooth: 10]
[max_cat_to_onehot: 4]
[top_k: 20]
[monotone_constraints: ]
[monotone_constraints_method: basic]
[monotone_penalty: 0]
[feature_contri: ]
[forcedsplits_filename: ]
[refit_decay_rate: 0.9]
[cegb_tradeoff: 1]
[cegb_penalty_split: 0]
[cegb_penalty_feature_lazy: ]
[cegb_penalty_feature_coupled: ]
[path_smooth: 0]
[interaction_constraints: ]
[verbosity: -1]
[saved_feature_importance_type: 0]
[use_quantized_grad: 0]
[num_grad_quant_bins: 4]
[quant_train_renew_leaf: 0]
[stochastic_rounding: 1]
[linear_tree: 0]
[max_bin: 255]
[max_bin_by_feature: ]
[min_data_in_bin: 3]
[bin_construct_sample_cnt: 200000]
[data_random_seed: 175]
[is_enable_sparse: 1]
[enable_bundle: 1]
[use_missing: 1]
[zero_as_missing: 0]
[feature_pre_filter: 1]
[pre_partition: 0]
[two_round: 0]
[header: 0]
[label_column: ]
[weight_column: ]
[group_column: ]
[ignore_column: ]
[categorical_feature: ]
[forcedbins_filename: ]
[precise_float_parser: 0]
[parser_config_file: ]
[objective_seed: 16083]
[num_class: 1]
[is_unbalance: 0]
[scale_pos_weight: 1]
[sigmoid: 1]
[boost_from_average: 1]
[reg_sqrt: 0]
[alpha: 0.9]
[fair_c: 1]
[poisson_max_delta_step: 0.7]
[tweedie_variance_power: 1.5]
[lambdarank_truncation_level: 30]
[lambdarank_norm: 1]
[label_gain: ]
[lambdarank_position_bias_regularization: 0]
[eval_at: ]
[multi_error_top_k: 1]
[auc_mu_weights: ]
[num_machines: 1]
[local_listen_port: 12400]
[time_out: 120]
[machine_list_filename: ]
[machines: ]
[gpu_platform_id: -1]
[gpu_device_id: -1]
[gpu_device_id_list: ]
[gpu_use_dp: 0]
[num_gpu: 1]

end of parameters

pandas_categorical:null
