tree
version=v4
num_class=1
num_tree_per_iteration=1
label_index=0
max_feature_idx=62
objective=binary sigmoid:1
feature_names=Column_0 Column_1 Column_2 Column_3 Column_4 Column_5 Column_6 Column_7 Column_8 Column_9 Column_10 Column_11 Column_12 Column_13 Column_14 Column_15 Column_16 Column_17 Column_18 Column_19 Column_20 Column_21 Column_22 Column_23 Column_24 Column_25 Column_26 Column_27 Column_28 Column_29 Column_30 Column_31 Column_32 Column_33 Column_34 Column_35 Column_36 Column_37 Column_38 Column_39 Column_40 Column_41 Column_42 Column_43 Column_44 Column_45 Column_46 Column_47 Column_48 Column_49 Column_50 Column_51 Column_52 Column_53 Column_54 Column_55 Column_56 Column_57 Column_58 Column_59 Column_60 Column_61 Column_62
feature_infos=[-1.8880135039267187:5.1730183485143222] [-2.1940184081152436:9.8428396630855932] [-1.7362046387216841:7.4425979304932834] [-1.8707675551722529:4.995107647652457] [-2.0254104840815161:9.879639365348444] [-1.7336314992320596:7.3860590000968758] [-2.6220934488284513:3.8979644555291566] [-2.5359941766859402:8.3891963446098323] [-2.7177631843041006:4.6708299132893139] [-2.8683289440755479:3.475768664116869] [-7.1615114639589672:2.8895742824627395] [-2.9341195008207337:3.9709983065857166] [-1.7005940994448132:2.3622383675684713] [-2.895581319458095:3.844473261087511] [-2.8873389717562588:3.5136912819662034] [-2.895581319458095:3.844473261087511] [-7.2100655632250383:2.9659249573550359] [-2.8873389717562588:3.5136912819662034] [-7.3561001729034041:0.84501477831388416] [-1.7254337512515663:1.6490314633490399] [-1.4337427252677977:1.4324999549194004] [-2.2626608068399547:1.1380886495574922] [-1.5855492677450511:0.63069626428080938] [-2.1740808230589614:2.7376599064052818] [-2.3645299461022935:4.8159545089150591] [-2.3271091921410854:4.9593157066542286] [-4.0371909030916742:4.6125674118445836] [-2.2160423772127005:2.6672343761232038] [-2.4230433991907194:4.0385399501220283] [-2.2739794114736296:3.5704511055590276] [-3.3902916898475035:3.3131965200131335] [-2.8541775571135073:3.5816277610757665] [-3.216955547912042:4.5296104804757258] [-2.3360869091771668:4.3985625245857456] [-3.9758359049762797:3.8935492861933478] [-2.8910166575109151:3.1036812728478438] [-2.7549799443576184:3.9728978041169238] [-2.5190685008822582:4.1588594284545648] [-3.900892467722767:3.6506622817083847] [-3.7077991797259364:2.8541200458183589] [-3.6540821369205365:3.1901765627810823] [-2.4671951543318116:2.2195297665753473] [-3.1939982052462637:3.4451552898938527] [-1.7985370686557614:3.1600750901424073] [-3.5073750648691346:3.3889503339469842] [-2.4843911916431729:2.7128423506795465] [-2.6940455086042769:2.8075525523820444] [-3.0967311766499943:2.9619661918165745] [-3.1110541282091733:2.5595229367192212] [-1.1991274081053327:5.0095819450735988] [-1.1817202455689892:4.9700374597460604] [-9.3899629628684629:8.6170086945835607] [-3.6395214132232776:6.3043209928250636] [-3.8035379537451437:5.5200215665420558] [-2.6601997331525205:3.3689414975775356] [-2.7012219972969356:2.9929116295162275] [-1.2220747093966282:3.3129399939100339] [-1.1614618991400507:3.6448508282223959] [-1.2956981515280823:3.1456867929469254] [-2.8969871054371854:3.0288824533270087] [2:815] [2:815] [0:1]
tree_sizes=4743 4927 4602 4675 4796 4723 4961 4258 4665 4806

Tree=0
num_leaves=44
num_cat=0
split_feature=57 16 16 23 55 47 19 47 47 18 54 39 32 36 41 19 55 28 13 24 39 43 16 19 32 42 19 40 26 29 4 56 50 37 24 41 36 29 13 41 50 55 46
split_gain=9.16 10.0734 9.27982 8.26089 7.06029 7.36868 8.09597 8.48209 6.81644 10.3792 9.95653 10.1784 6.70806 6.05485 7.84199 6.03321 6.00108 5.96734 6.01584 5.60492 11.5514 5.05038 7.52147 4.58676 4.56788 4.47767 4.29955 4.68866 4.00229 3.80863 3.01265 3.01775 3.00981 2.82407 2.77089 2.39974 2.22824 2.12542 1.9018 1.69505 1.47472 0.344831 0.0292286
threshold=-0.68083062640380598 0.3540023419212685 0.74213041294012438 -0.37310922225540571 1.5736976969078793 0.48504441780356722 -0.5036446218272087 0.75674070594551801 -0.41861483459094012 0.70604536521400585 -1.0653546621863794 0.62803160878382835 -1.0220951732021744 0.22081213669842939 -0.74872934999918639 -0.15456201342024956 -0.06443324847425233 -0.7126242773138155 -0.57915668486833716 0.46987181245718812 0.54412140162288136 1.0000000180025095e-35 -0.42251205570401384 -0.27092288288923599 -0.50565743797632323 1.0000000180025095e-35 -1.0854489691721407 -0.71105089604884009 0.37248980648367364 -1.0000000180025095e-35 -0.14441260787158233 1.0000000180025095e-35 0.19712199872576316 -0.25334295342869301 1.0000000180025095e-35 0.50106396224272254 -0.13858304217307379 0.83087430069996959 -0.88525637028270721 1.0000000180025095e-35 -0.22713715336492987 -1.0000000180025095e-35 0.73338172338269547
decision_type=2 2 2 2 2 2 2 2 2 2 2 2 2 2 2 2 2 2 2 2 2 2 2 2 2 2 2 2 2 2 2 2 2 2 2 2 2 2 2 2 2 2 2
left_child=1 3 -3 16 5 8 7 -7 9 12 -10 17 15 14 -14 -2 -1 29 -19 23 -21 30 -23 28 -18 -16 -20 -28 41 -12 -8 -32 -29 -13 -33 -25 -22 -9 -11 -6 -15 -5 -42
right_child=4 2 -4 19 39 6 21 37 10 38 11 33 13 40 25 -17 24 18 26 20 36 22 -24 35 -26 -27 27 32 -30 -31 31 34 -34 -35 -36 -37 -38 -39 -40 -41 42 -43 -44
leaf_value=-0.17699775271779 -0.22991627422429967 -0.24974528304212479 -0.20920135247845992 -0.2483562208639799 -0.25139631401452789 -0.2381847851105485 -0.22103106431364739 -0.21058456018630634 -0.23565013518109335 -0.21296108520476231 -0.22998655018491165 -0.24133369878983454 -0.24303144441226826 -0.23009630254611008 -0.18973569602272336 -0.19421696518216722 -0.22382199670263322 -0.21855842013350585 -0.21511282917268934 -0.17889545566932522 -0.20859613657904744 -0.19812867159877776 -0.23850788353206698 -0.19433206646597345 -0.19305006010025053 -0.22313204592854421 -0.21296108520476231 -0.17172947697433155 -0.21263388916275938 -0.20169238372346091 -0.2557001149701334 -0.24565913327324501 -0.20413496218094149 -0.21564527617473797 -0.21866872639001014 -0.22041269275579664 -0.23116494011735009 -0.18501755709657902 -0.18501755709657902 -0.22685646695900957 -0.25768333238175395 -0.2283573953396032 -0.23438445680988829
leaf_weight=12.35390827059746 6.4240323007106781 8.153579458594324 9.3889702856540662 4.9415633082389858 5.929875969886778 5.6827978044748333 7.4123449623584738 8.6477357894182187 9.3889702856540662 4.9415633082389832 7.1652667969465256 5.4357196390628815 6.9181886315345791 8.6477357894182187 5.6827978044748289 7.6594231277704221 6.6711104661226273 6.4240323007106701 5.1886414736509243 9.3889702856540698 5.9298759698867798 6.9181886315345764 6.6711104661226255 4.9415633082389814 7.9065012931823713 5.9298759698867798 4.9415633082389787 17.048393413424524 5.9298759698867789 6.9181886315345675 11.859751939773561 5.4357196390628806 5.4357196390628806 7.412344962358473 8.1535794585943204 4.9415633082389832 6.6711104661226255 4.9415633082389823 4.9415633082389814 7.906501293182373 7.1652667969465274 5.4357196390628841 4.9415633082389832
leaf_count=50 26 33 38 20 24 23 30 35 38 20 29 22 28 35 23 31 27 26 21 38 24 28 27 20 32 24 20 69 24 28 48 22 22 30 33 20 27 20 20 32 29 22 20
internal_value=-0.217065 -0.209236 -0.228821 -0.204443 -0.22042 -0.218901 -0.227071 -0.211264 -0.215004 -0.222143 -0.208951 -0.204733 -0.227521 -0.233766 -0.220428 -0.210556 -0.191538 -0.198983 -0.193131 -0.21233 -0.201597 -0.23373 -0.217715 -0.221474 -0.206822 -0.20599 -0.188101 -0.183565 -0.230934 -0.216331 -0.239861 -0.244597 -0.178015 -0.227496 -0.231632 -0.206622 -0.220348 -0.198628 -0.19608 -0.240094 -0.244375 -0.241135 -0.251572
internal_weight=310.824 92.6543 17.5425 75.1118 218.17 204.334 65.7228 19.2721 138.611 63.252 75.3588 65.9699 53.3689 39.2854 18.5309 14.0835 26.9315 53.1218 39.0384 48.1802 21.99 46.4507 13.5893 26.1903 14.5776 11.6127 32.6143 27.4257 16.3072 14.0835 32.8614 25.4491 22.4841 12.8481 13.5893 9.88313 12.601 13.5893 9.88313 13.8364 20.7546 10.3773 12.1068
internal_count=1258 375 71 304 883 827 266 78 561 256 305 267 216 159 75 57 109 215 158 195 89 188 55 106 59 47 132 111 66 57 133 103 91 52 55 40 51 55 40 56 84 42 49
is_linear=0
shrinkage=1


Tree=1
num_leaves=45
num_cat=0
split_feature=57 61 3 47 55 32 54 2 47 53 51 34 31 47 56 25 36 47 38 51 38 31 58 60 46 36 47 38 38 19 53 55 46 37 10 40 47 34 29 41 46 55 36 49
split_gain=8.69149 6.95055 8.2159 7.26388 6.74048 7.07501 9.81001 8.01696 11.9159 6.97208 5.85793 7.58482 9.22534 6.07365 5.12633 4.48278 4.34096 4.49274 4.18979 4.18009 6.23095 4.16912 3.63392 3.29465 3.81051 3.34089 3.2683 2.93699 6.61167 4.99114 2.83244 2.82785 2.73949 2.71351 2.55484 4.12451 3.91523 2.7026 2.41051 1.62367 1.61 1.28946 0.819287 0.280065
threshold=-0.68083062640380598 313.00000000000006 0.57999443820659435 -0.36927674492505042 1.5736976969078793 -1.0220951732021744 -1.0983629563786574 -0.79290916701854852 0.41873839406315233 -1.0064700976589838 1.0000000180025095e-35 0.21000728181607534 -0.42287332579755926 -0.17481195504086541 1.0000000180025095e-35 1.0000000180025095e-35 -0.29671692087653528 -0.53795883623935759 -0.097352024075458898 1.0000000180025095e-35 1.0686968710572926 0.68551536789059342 -1.0000000180025095e-35 445.00000000000006 0.12082819572227083 -0.55548144966401758 -0.79768588922718919 0.15251559631013065 -0.263930437665852 -1.3181707081101137 -0.38489946297317051 -0.71876910701154773 0.22973702280261607 -0.49184037947643661 0.27265118894128088 1.0000000180025095e-35 -0.85865722013066981 -0.87831194674993662 -0.26495642124365365 1.0000000180025095e-35 -0.12476200928782125 0.19756913219460093 0.22081213669842939 -1.0000000180025095e-35
decision_type=2 2 2 2 2 2 2 2 2 2 2 2 2 2 2 2 2 2 2 2 2 2 2 2 2 2 2 2 2 2 2 2 2 2 2 2 2 2 2 2 2 2 2 2
left_child=1 3 19 -1 5 34 41 38 9 -9 11 12 16 33 15 21 -11 -18 -15 20 27 -10 -23 -16 25 -25 -4 28 29 -3 -31 -32 -14 -13 36 -36 -2 -38 43 -6 -21 -7 -5 -8
right_child=4 2 26 42 39 6 7 8 14 10 -12 13 32 18 23 -17 17 -19 -20 40 -22 22 -24 24 -26 -27 -28 -29 -30 30 31 -33 -34 -35 35 -37 37 -39 -40 -41 -42 -43 -44 -45
leaf_value=0.013631673083377184 -0.015595744529155985 0.043160990496721834 0.0040099338569652004 -0.0081261789786597986 -0.033618568977556704 -0.033860245780672031 -0.013989914038176498 -0.014156180077548822 -0.036946056837916588 -0.012963976212251439 -0.010096733886051635 0.0021732692099929386 0.047738237393182212 -0.0038800201948739014 0.014413832149993823 0.00050826145434859063 -0.0022945483292535012 0.032928762400615201 0.025628006386119104 0.0085256639734697815 -0.0085971122799656484 0.0065207161846504444 -0.023980263992387112 -0.023264126398241564 0.012966810468599642 0.00061771715546467515 -0.02654698312921721 0.033073538318579197 -0.0048892240844997849 0.025461382137659971 -0.012778932909890104 0.014512024243228954 0.018188759164665558 -0.024240895907346578 0.00077012821268608144 0.033672989094051017 -0.0025729649612497747 0.023411395169608839 -0.0034697150501840249 -0.0095538680517716669 -0.012557182754484685 -0.009310429793972624 -0.030169969079657855 -0.036302892141895415
leaf_weight=6.675274625420573 5.4346918165683773 6.9357044994831041 4.9432444721460342 4.9434517174959165 5.906189560890196 8.8786528259515745 5.1830498278141031 9.6418144255876523 10.845688626170164 5.6871287673711803 8.6475767195224744 5.1825546324253082 10.391456335783014 6.1810044199228296 7.9070182889699927 8.1435314416885358 5.426075130701066 5.1967227905988596 9.1602869778871501 4.9459842890501022 5.6824574470520011 5.6800385117530841 5.4266997277736628 10.121626332402231 5.4344733655452719 8.6452546715736407 4.9385901540517789 15.827700451016424 9.3909314870834404 6.9334919154643968 4.9430067837238267 5.6890247613191702 8.6507926583290082 6.4239850044250506 6.4235848635435087 7.1779844462871552 5.433458641171458 6.4251784533262244 6.1697055697441092 7.8979487419128418 4.9383227676153165 5.1776596903800955 5.925361156463623 5.1788766682147989
leaf_count=27 22 28 20 20 24 36 21 39 44 23 35 21 42 25 32 33 22 21 37 20 23 23 22 41 22 35 20 64 38 28 20 23 35 26 26 29 22 26 25 32 20 21 24 21
internal_value=0 0.0076103 0.0115814 -0.008661 -0.00328244 -0.00179801 -0.00419628 -0.00191672 0.000417983 0.00800848 0.0113342 0.0145704 0.0234384 0.00210343 -0.00927879 -0.0178665 0.0055839 0.0163842 0.0140963 0.0154674 0.0186092 -0.0245352 -0.00898607 -0.000612672 -0.00631025 -0.0127351 -0.0122202 0.0219964 0.0154714 0.0233379 0.0124162 0.00131821 0.0369145 -0.0130898 0.0110469 0.0201513 0.00253006 0.0121045 -0.0207729 -0.022528 -0.00174722 -0.0269727 -0.0228303 -0.0288282
internal_weight=310.793 92.7125 75.1685 17.5441 218.081 204.277 173.382 159.325 142.794 80.5894 70.9476 62.3 35.3522 26.9478 62.2043 30.096 16.3099 10.6228 15.3413 65.2866 55.4023 21.9524 11.1067 32.1084 24.2014 18.7669 9.88183 49.7199 33.8922 24.5012 17.5655 10.632 19.0422 11.6065 30.8949 13.6016 17.2933 11.8586 16.5316 13.8041 9.88431 14.0563 10.8688 10.3619
internal_count=1258 375 304 71 883 827 702 645 578 326 287 252 143 109 252 122 66 43 62 264 224 89 45 130 98 76 40 201 137 99 71 43 77 47 125 55 70 48 67 56 40 57 44 42
is_linear=0
shrinkage=0.03


Tree=2
num_leaves=42
num_cat=0
split_feature=29 24 2 3 47 24 45 25 25 25 16 32 5 13 47 55 21 34 30 61 45 27 47 11 42 27 44 58 60 60 56 42 21 35 19 25 45 43 25 38 35
split_gain=6.93672 8.01592 6.52741 7.25143 7.13739 9.41152 7.46301 7.45451 7.00286 6.78452 6.52581 6.12911 6.00112 7.37483 6.70225 5.98521 5.46112 6.85026 5.18006 4.77269 4.71919 4.8306 5.81027 5.55585 5.32399 4.23541 4.1902 5.97842 8.62334 4.06396 3.58717 4.82719 3.47131 3.44438 2.86415 2.06628 1.68724 1.65617 1.43495 1.20543 0.233833
threshold=1.1961512080145107 -1.0418091254412019 -0.79290916701854852 2.7033645622409392 0.32117771555020597 1.0000000180025095e-35 1.0266886017385601 -0.32334234497237424 0.76962138984692297 1.4982638797264547 0.89732018008003389 0.78543690008830469 0.15052180946848717 1.1251038327197573 0.72591501999039643 -0.94256457552746853 0.2879012854581306 0.21000728181607534 0.21927888469283971 455.50000000000006 -1.2657664528825967 -1.0000000180025095e-35 -0.92448203803498619 -0.29885515654778455 -0.25744954393428882 0.22559599945525166 1.0000000180025095e-35 1.0000000180025095e-35 666.50000000000011 178.50000000000003 1.0000000180025095e-35 0.2532545710764893 0.2879012854581306 0.64157319430763959 -1.0854489691721407 1.0000000180025095e-35 -1.5429955898354548 -1.0547452448360357 -0.68766358991213983 -0.34721964446104853 0.80214546029939193
decision_type=2 2 2 2 2 2 2 2 2 2 2 2 2 2 2 2 2 2 2 2 2 2 2 2 2 2 2 2 2 2 2 2 2 2 2 2 2 2 2 2 2
left_child=2 -2 3 9 5 8 7 33 15 10 38 26 14 35 16 -4 -6 -18 39 -9 36 24 -23 -24 -22 32 27 28 -3 -21 31 -16 -15 -7 -25 -14 -17 -34 -1 -10 -36
right_child=1 11 4 -5 12 6 -8 19 18 -11 -12 -13 13 25 30 20 17 -19 -20 29 21 22 23 34 -26 -27 -28 -29 -30 -31 -32 -33 37 -35 40 -37 -38 -39 -40 -41 -42
leaf_value=-0.010976645893477204 0.041694444761270003 0.029639609488874397 0.028360034505878345 0.011681905473769742 0.0099214322295857593 0.013527312173202103 -0.015318210385761423 0.0044159527824377213 -0.040342636774212189 0.008825817420182137 0.0023468580783353875 0.028053530692500835 -0.035498239037603622 0.0048576119152586045 0.020285692401293978 -0.0025367809305123653 -0.00070044750341179162 -0.039348460172496075 0.0013139370098234238 0.0060501280252494493 -0.024878249822669399 -0.011320851071670947 -0.0081872869291508259 0.0042702774300617972 0.006335807118266569 0.012700676209746319 0.018650952100660482 -0.027026425515943565 -0.01307551811260141 0.039487906357987719 0.02486001143005075 -0.011309223465997371 -0.0028467549934067327 -0.011940138948560622 0.037028353301752727 -0.0077057248924305198 -0.027283245015406361 -0.026702151101896689 -0.035139778738802904 -0.012864351271126069 0.015220806001584859
leaf_weight=5.4260082244873074 5.1995466947555533 5.446904301643376 5.9354232251644126 7.8901101797819129 7.1627389788627633 8.414802163839342 5.425570309162139 7.9174747467041042 4.9330244064331064 5.9182202070951453 6.1800438910722724 6.6803471744060507 11.577833637595178 6.9100483506917998 5.9354576468467739 5.4315075427293777 9.1327282488346082 6.6536201536655435 7.4127155542373648 5.1957790702581432 7.6526756882667568 6.9037110507488242 4.9443139135837582 5.9325727224350038 9.1445324569940514 8.1514258533716184 5.6884491443634024 7.3905228972434989 9.3853131979703903 18.078760460019112 9.6517813652753812 8.8995069563388807 4.9272988289594677 7.658476158976554 8.4348925501108187 4.9335385859012595 5.1769437938928586 8.3796835243701899 17.743823587894443 5.6835212260484704 5.1911070197820655
leaf_count=22 21 22 24 32 29 34 22 32 20 24 25 27 47 28 24 22 37 27 30 21 31 28 20 24 37 33 23 30 38 73 39 36 20 31 34 20 21 34 72 23 21
internal_value=-3.67747e-06 0.0114356 -0.0017594 -0.0122499 0.000269201 0.00465868 0.0143918 0.0182915 -0.00161151 -0.0180252 -0.0237999 0.00517718 -0.00607964 -0.0137665 0.00126948 0.00299502 -0.00991175 -0.0193378 -0.0174213 0.026527 -0.000107042 0.00388897 0.0107443 0.0174863 -0.00843084 -0.00377232 -0.00124562 -0.00744883 0.00352508 0.0330837 0.0119467 0.00166655 -0.0111089 0.00106794 0.0243823 -0.0288604 -0.0169925 -0.0194574 -0.0307358 -0.0295411 0.0314503
internal_weight=310.733 39.7911 270.942 43.1582 227.783 135.468 52.6909 47.2653 82.7769 35.2681 29.3499 34.5915 92.3157 44.8798 47.4358 64.7477 22.9491 15.7863 18.0293 31.192 58.8123 48.2038 31.4066 24.5029 16.7972 28.3685 27.9112 22.2227 14.8322 23.2745 24.4867 14.835 20.217 16.0733 19.5586 16.5114 10.6085 13.307 23.1698 10.6165 13.626
internal_count=1258 161 1097 175 922 548 213 191 335 143 119 140 374 182 192 262 93 64 73 126 238 195 127 99 68 115 113 90 60 94 99 60 82 65 79 67 43 54 94 43 55
is_linear=0
shrinkage=0.03


Tree=3
num_leaves=43
num_cat=0
split_feature=57 16 16 23 55 32 54 2 47 34 45 46 30 55 25 36 45 24 47 7 38 55 2 55 55 32 16 30 29 40 38 26 16 25 50 54 37 41 49 34 54 32
split_gain=8.16715 9.15283 8.57713 7.72164 6.37345 6.65739 9.22409 7.37738 10.8747 7.60622 12.351 6.91367 7.76536 5.53179 5.14682 10.8529 6.73556 5.08993 6.69229 4.95925 6.55084 5.67011 4.7028 5.29225 4.34859 4.17936 4.16943 3.59492 7.84627 5.39275 3.5575 3.45705 2.93034 2.76763 2.66506 2.38489 1.94845 1.56778 1.23858 0.94759 0.722521 0.155979
threshold=-0.68083062640380598 0.3540023419212685 0.74213041294012438 -0.37310922225540571 1.5736976969078793 -1.0220951732021744 -1.0983629563786574 -0.79290916701854852 0.48504441780356722 0.21000728181607534 -1.2312564772360446 0.19464443431368206 0.21927888469283971 -0.06443324847425233 1.0000000180025095e-35 -0.55548144966401758 1.8725921325744659 0.46987181245718812 0.62986492917850112 0.38692595201899399 0.15251559631013042 0.72120696802031514 0.037972854688876519 -0.40809790003068919 -0.71876910701154773 -0.50565743797632323 0.077773380344705503 1.0000000180025095e-35 1.0000000180025095e-35 -1.0000000180025095e-35 0.15251559631013065 0.37248980648367364 0.071423311087250238 -1.1734252498318274 -0.22713715336492987 0.1723398098474361 -0.49184037947643661 1.0000000180025095e-35 1.0000000180025095e-35 0.46115787302361655 0.12072612738809042 0.78543690008830469
decision_type=2 2 2 2 2 2 2 2 2 2 2 2 2 2 2 2 2 2 2 2 2 2 2 2 2 2 2 2 2 2 2 2 2 2 2 2 2 2 2 2 2 2
left_child=1 3 -3 13 5 27 38 32 9 10 -9 36 30 -1 16 -16 22 26 41 20 24 -22 23 -10 -11 -15 -5 28 -2 -29 -13 40 -8 -24 -30 -34 -12 -6 -7 -35 -28 -19
right_child=4 2 -4 17 37 6 7 8 14 19 11 12 -14 25 15 -17 -18 18 -20 -21 21 -23 33 -25 -26 -27 31 29 34 -31 -32 -33 35 39 -36 -37 -38 -39 -40 -41 -42 -43
leaf_value=0.038289298626874378 -0.026397380291709936 -0.031530406363342478 0.007484688164894936 0.010258430431417455 -0.032847115342882031 -0.01057014100193457 0 -0.013840377752824666 0.011241513387897712 0 0.012161094447048541 0.0074099737813119633 0.035689583084481946 -0.0065474122476312834 -0.01763991486166188 0.027332690287874505 0.012991060297764485 0.036025192059940869 -0.0036121351535153656 0.015964408149217648 0.01841801852233926 -0.017308470581024894 -0.0087745588276425014 -0.021867335408160795 -0.033938061937614367 0.022847060169291864 -0.0095909154394818313 -0.0033251245798168764 -0.0010736332564657933 0.032409841354219461 -0.019975048606762986 0.0039672873962680166 -0.038420407720910515 -0.043686912183365491 0.025428478096344864 -0.0070992393753498487 0.040047543551638233 -0.0092178517321851294 -0.034149921999761482 -0.018131277342848043 -0.030818902566447044 0.016146127500282801
leaf_weight=12.418652310967447 4.9339912682771745 8.1000370383262652 9.4003810286521894 9.3988568186759966 5.8756164759397489 6.1449073255062086 5.1614415347576168 9.6241364032030088 7.4172065854072571 4.9440329223871222 5.4494873583316776 9.4019895195961016 4.9585312008857718 6.66325344145298 8.3813954442739504 7.9008788913488379 5.4313776493072501 5.2202775776386279 9.6475528627634031 7.6670241355895987 8.9245944917201978 4.9381337165832511 7.1389296501874915 6.8951146155595762 8.8774509429931658 7.9375481605529767 5.9131005853414553 4.9394300132989892 5.1925808936357525 9.6653608679771388 5.4348126500844947 5.9402012377977362 6.3877475261688215 8.0814553052186984 6.1885885745286897 4.9167578816413879 14.391931131482128 7.8843328505754471 7.8540320545434952 6.8896032422780982 4.9272185415029526 7.1797998547554016
leaf_count=50 20 33 38 38 24 25 21 39 30 20 22 38 20 27 34 32 22 21 39 31 36 20 29 28 36 32 24 20 21 39 22 24 26 33 25 20 58 32 32 28 20 29
internal_value=-2.02911e-06 0.00736494 -0.0113212 0.0119254 -0.00319407 -0.00175062 -0.00408054 -0.00187088 0.000364361 0.00721972 0.0146914 0.022017 0.00811269 0.0243731 -0.00944307 0.00431015 -0.0148959 0.00430596 0.0145228 -0.00320318 -0.00926485 0.0048537 -0.019562 -0.00489086 -0.022906 0.00969964 -0.0044024 0.0107014 0.000363916 0.0207675 -0.00316707 -0.0131102 -0.0199953 -0.0278908 0.0141543 -0.0276937 0.0340627 -0.0219379 -0.0262113 -0.0350128 -0.0222991 0.0279311
internal_weight=310.64 92.7469 17.5004 75.2465 217.893 204.133 173.213 159.214 142.748 84.6121 49.2609 39.6368 19.7953 27.0195 58.136 16.2823 41.8537 48.227 22.0476 35.3512 27.6842 13.8627 36.4223 14.3123 13.8215 14.6008 26.1794 30.92 16.3152 14.6048 14.8368 16.7805 16.4659 22.11 11.3812 11.3045 19.8414 13.7599 13.9989 14.9711 10.8403 12.4001
internal_count=1258 375 71 304 883 827 702 645 578 342 199 160 80 109 236 66 170 195 89 143 112 56 148 58 56 59 106 125 66 59 60 68 67 90 46 46 80 56 57 61 44 50
is_linear=0
shrinkage=0.03


Tree=4
num_leaves=44
num_cat=0
split_feature=57 16 16 23 55 32 54 8 47 39 53 43 47 13 55 47 54 23 24 39 19 46 32 24 19 30 29 40 23 16 40 24 33 5 54 54 55 36 58 60 41 23 55
split_gain=7.77154 8.68521 8.18464 7.29016 6.08427 6.31414 8.80024 7.04744 10.331 9.18644 7.46854 6.77862 9.05827 5.47191 5.20426 5.03303 4.89314 5.732 4.85403 10.2615 4.22554 4.12955 3.96866 3.84806 3.48219 3.4047 7.48762 5.10868 2.8556 2.8037 2.72522 2.66442 2.43965 2.34578 2.31308 2.2818 2.25433 1.75013 1.66384 2.24219 1.50517 1.42607 1.27515
threshold=-0.68083062640380598 0.3540023419212685 0.74213041294012438 -0.37310922225540571 1.5736976969078793 -1.0220951732021744 -1.0983629563786574 -0.91232072452044144 0.48504441780356722 0.62803160878382835 -1.0064700976589838 0.68076901074332308 -0.41861483459094012 0.047673623140859003 -0.06443324847425233 -0.091810997798487989 0.97762277012885868 1.2641376875660091 0.46987181245718812 0.54412140162288136 -0.27092288288923599 -1.3942964770950794 -0.50565743797632323 1.0000000180025095e-35 0.31088146445569614 1.0000000180025095e-35 -1.0000000180025095e-35 -1.0000000180025095e-35 0.60923892363744314 0.071423311087250238 0.62898291252431893 -1.0418091254412019 -0.29163975964199684 0.15052180946848717 0.38533385362512013 0.1723398098474361 -1.0000000180025095e-35 0.22081213669842939 1.0000000180025095e-35 666.50000000000011 1.0000000180025095e-35 1.9190364514945746 0.19756913219460093
decision_type=2 2 2 2 2 2 2 2 2 2 2 2 2 2 2 2 2 2 2 2 2 2 2 2 2 2 2 2 2 2 2 2 2 2 2 2 2 2 2 2 2 2 2
left_child=1 3 -3 14 5 25 42 29 9 10 -9 12 24 15 -1 -14 21 -18 20 -20 28 23 -16 -10 37 26 -2 -27 36 -8 -11 -28 -21 -15 -22 -31 -5 -12 39 -23 -6 -19 -7
right_child=4 2 -4 18 40 6 7 8 16 30 11 -13 13 33 22 -17 17 41 19 32 34 38 -24 -25 -26 27 31 -29 -30 35 -32 -33 -34 -35 -36 -37 -38 -39 -40 -41 -42 -43 -44
leaf_value=0.037175230706911956 -0.025853899415045761 -0.030850008683353441 0.0072863108333326813 -0.031114968807126633 -0.032191496831545478 -0.032432552434162473 0 -0.011489321495094953 -0.015937841820946107 -0.0014825000053518638 -0.0032437455691314205 0.034833960236234862 0.027398257635010276 0.046262410929571417 -0.0063910355395734673 -0.0026139660115548284 0.020659141383826692 -0.019418451662470412 0.035476975755412594 0.0063735916874435418 0.021991053816630617 -0.00058755101976702185 0.022235405160101571 0.014663902721956884 0.010500885539929245 -0.0032495278333902625 0.02506859861417304 0.03149424409127731 0.0039245901364093139 -0.037653020499552096 -0.028249238661240069 -0.0013656366590232894 -0.017587032060656593 0.01469212525888236 -0.003553487526355092 -0.0069410229917881401 -0.0027746800231214725 -0.027097044514892026 -0.030167007265198536 -0.022949019493964939 -0.0089941423821221569 6.1025971470098077e-05 -0.0084465141838438607
leaf_weight=12.451511129736902 4.9183458536863371 8.0639492273330706 9.4073573946952802 6.3972008377313641 5.8464108258485776 8.8012255877256376 5.1614415347576168 9.6395202577114016 5.6473701149225217 8.1406169980764371 6.6717309504747337 11.658218264579771 5.9538450390100399 5.9748006314039213 6.6582798957824707 13.877501443028473 7.9065808504819897 5.4162490069866163 9.4612188935279864 7.6599265336990356 4.9550154060125333 8.6172212809324282 7.9522494524717313 6.1627429723739624 5.191842555999755 4.9376337826251993 6.1954237669706371 9.691157922148701 4.9431433379650107 6.3534789681434614 5.4236375391483298 5.1995181441307041 4.9455637335777265 6.9311912506818771 4.943846195936203 4.9122279733419418 4.9258321970701244 5.1701956987380981 11.520364984869955 7.358919844031333 7.8754693120718002 5.4303925186395645 5.1509944051504126
leaf_count=50 20 33 38 26 24 36 21 39 23 33 27 47 24 24 27 56 32 22 38 31 20 35 32 25 21 20 25 39 20 26 22 21 20 28 20 20 20 21 47 30 32 22 21
internal_value=-1.50486e-05 0.00716911 -0.0110469 0.0116073 -0.00313129 -0.00172093 -0.00399283 -0.00183517 0.000347309 0.00702644 0.0113973 0.0152723 0.00968813 0.0186843 0.0236918 0.00740816 -0.00921979 0.00298481 0.0041962 0.014168 -0.00430904 -0.0150853 0.00943698 0 -0.0073908 0.0103989 0.000327009 0.0201836 -0.0134111 -0.0195706 -0.0143306 0.0137856 -0.00347217 0.0330192 0.00991805 -0.0271207 -0.0210208 -0.0159834 -0.0211761 -0.0123167 -0.0214702 -0.0103575 -0.025645
internal_weight=310.501 92.7651 17.4713 75.2938 217.736 204.014 173.072 159.12 142.693 84.6331 71.0688 61.4293 49.7711 32.7373 27.062 19.8313 58.0598 18.7532 48.2317 22.0667 26.165 39.3066 14.6105 11.8101 17.0338 30.9421 16.3133 14.6288 16.2662 16.4271 13.5643 11.3949 12.6055 12.906 9.89886 11.2657 11.323 11.8419 27.4965 15.9761 13.7219 10.8466 13.9522
internal_count=1258 375 71 304 883 827 702 645 578 342 287 248 201 132 109 80 236 76 195 89 106 160 59 48 69 125 66 59 66 67 55 46 51 52 40 46 46 48 112 65 56 44 57
is_linear=0
shrinkage=0.03


Tree=5
num_leaves=43
num_cat=0
split_feature=57 16 16 23 16 55 19 44 47 39 45 16 24 47 13 37 35 29 49 56 20 55 37 24 39 40 49 31 45 45 19 55 32 40 33 54 54 54 54 23 49 36
split_gain=7.38464 8.23812 7.81308 6.89644 5.84362 7.02752 6.01737 6.76135 6.94865 6.87746 6.23818 6.22487 5.55441 5.64972 7.98716 8.72439 7.38024 7.08452 5.26305 6.61386 5.02548 4.92732 4.6352 4.59927 9.72573 4.40525 4.35726 4.22572 4.15275 4.05899 4.02789 3.2029 2.83555 2.62158 2.32991 2.20766 2.20661 1.62752 5.77463 1.12649 0.763667 0.200445
threshold=-0.68083062640380598 0.3540023419212685 0.74213041294012438 -0.37310922225540571 1.4940329640724423 1.5736976969078793 1.0090466812696148 0.3386525613937007 -1.0398720488176496 0.62803160878382835 -0.96925032816467971 -0.4023864856751968 -1.0418091254412019 0.54808735045162782 0.15318812024718251 0.4621493247145379 -0.52406251437323026 1.1961512080145107 1.0000000180025095e-35 -1.0000000180025095e-35 1.0000000180025095e-35 -0.26569917034337637 1.0000000180025095e-35 0.46987181245718812 0.54412140162288136 0.20151693057804218 -0.23570699123273989 -0.42287332579755926 -0.19799071622396114 -0.028246842567448912 -0.27092288288923599 0.59255117172371363 0.18292620899147813 0.56654406122879553 -0.29163975964199684 -0.59816769411979009 0.38533385362512013 0.27395210450062585 -0.45233365544420651 -0.37310922225540571 1.0000000180025095e-35 1.2558702518483591
decision_type=2 2 2 2 2 2 2 2 2 2 2 2 2 2 2 2 2 2 2 2 2 2 2 2 2 2 2 2 2 2 2 2 2 2 2 2 2 2 2 2 2 2
left_child=1 3 -3 21 5 6 7 8 -2 10 27 -8 20 14 16 -16 35 18 19 -15 -10 -1 26 30 -25 39 -12 -9 -23 -13 32 -11 40 -28 -26 -14 -32 38 -31 -18 -5 -7
right_child=4 2 -4 23 -6 41 11 9 12 31 22 29 13 17 15 -17 25 -19 -20 -21 -22 28 -24 24 34 -27 33 -29 -30 37 36 -33 -34 -35 -36 -37 -38 -39 -40 -41 -42 -43
leaf_value=0.037683445291977591 -0.0285358243406146 -0.030194412908247759 0.007093459585545794 -0.0074257439643751633 0.019995927426296911 -0.013569760637489632 0.0081217123215723587 -0.013352101447625025 -0.0046549193610360929 0.0042682827437223372 0.027557231815113842 0.0043189981501050596 -0.0042343276487719055 -0.023217128004961993 0.034661401994308477 -0.0085116709899738258 -0.033882859310315851 0.010001781823676635 -0.033037386821567781 0.014775804185941557 0.031123302255789045 0.023024191247078225 0.04116530896132338 0.034502105994248224 0.0062101801791311266 4.576764235204176e-05 0.013374384349996528 0.017532481608635526 -0.005121106506644134 -0.030431077699113469 0.021452352692491617 -0.025968536500119186 0.0028201009284767233 -0.012979804001943422 -0.017207259180356271 0.017826797198742309 -0.0034727021235356212 -0.032290254532942986 0.0032425815007164262 -0.010547215665382231 -0.028658178195717879 -0.031791667679272793
leaf_weight=10.979079484939577 8.1022522896528226 8.0250226706266421 9.4139031171798688 4.9226959943771416 7.9185489267110816 6.848941043019293 8.8755613118410093 8.857373505830763 5.1662773638963682 4.933308929204939 7.6982860714197185 4.9272358268499401 5.1541321277618399 7.369571551680564 9.6688431799411756 5.6687484830617896 7.6113462150096796 7.6369882971048346 13.473553925752638 6.1593756824731853 6.6857024729251862 8.6750675439834612 7.6867761164903632 9.4787895083427447 7.6650324165821075 8.6538806110620481 4.9312917590141314 4.9446204453706732 7.4385314285755149 7.5956137776374826 4.9645771980285627 4.9205086976289749 5.6648456901311866 5.6769676059484482 4.9363189637660962 9.4153853505849749 4.9420116245746613 11.292551368474959 8.1457092761993408 5.9289264231920429 5.652897834777832 5.6119528263807297
leaf_count=44 33 33 38 20 32 28 36 36 21 20 31 20 21 30 39 23 31 31 55 25 27 35 31 38 31 35 20 20 30 31 20 20 23 23 20 38 20 46 33 24 23 23
internal_value=-2.80295e-05 0.00697395 -0.0107812 0.0112932 -0.00306809 -0.00410354 -0.00259227 8.56903e-05 -0.00412602 0.00910944 0.0146557 -0.0126264 -0.00166252 -0.00442133 0.00175205 0.0190116 -0.00575474 -0.0135601 -0.0206101 -0.00577236 0.0163073 0.0230392 0.0229334 0.00407803 0.0137809 -0.0163166 0.0124372 -0.00126144 0.0103612 -0.0186733 -0.00420181 -0.0117381 -0.0131043 -9.42386e-05 -0.00339222 0.00998229 0.00967066 -0.0230809 -0.0138918 -0.0261347 -0.0214219 -0.0247401
internal_weight=310.319 92.7588 17.4389 75.3198 217.56 209.642 197.181 156.344 106.695 49.6491 39.7953 40.8367 98.5927 86.7408 52.1013 15.3376 36.7637 34.6395 27.0025 13.5289 11.852 27.0927 25.9933 48.2272 22.0801 22.1942 18.3065 13.802 16.1136 31.9611 26.147 9.85382 16.2404 10.6083 12.6014 14.5695 9.90659 27.0339 15.7413 13.5403 10.5756 12.4609
internal_count=1258 375 71 304 883 851 800 634 433 201 161 166 400 352 211 62 149 141 110 55 48 109 105 195 89 90 74 56 65 130 106 40 66 43 51 59 40 110 64 55 43 51
is_linear=0
shrinkage=0.03


Tree=6
num_leaves=46
num_cat=0
split_feature=57 4 29 32 54 45 13 40 24 54 12 24 55 4 44 19 54 48 25 54 24 48 34 46 0 50 42 50 38 44 12 26 31 44 34 45 42 54 48 12 24 49 36 36 44
split_gain=6.99552 5.75579 5.99101 6.24584 5.84198 5.56383 6.86161 6.68798 5.93161 5.27571 5.09133 10.4949 6.05593 5.97089 5.01444 6.85669 4.85624 5.98635 4.67712 8.1576 9.32446 5.57372 3.98511 3.60481 4.16835 4.01376 3.57804 5.07565 3.86797 3.56812 3.42095 3.40724 3.17574 2.94049 2.81768 2.70179 2.668 2.55819 2.4582 2.17896 1.428 0.251044 0.202269 1.92102 0.022156
threshold=-0.68083062640380598 2.0223064647246702 1.1961512080145107 0.4349970083279055 -0.65802355901686427 -0.461907742749812 -0.56010549933515175 -0.62739884527470913 -0.28596865649200698 0.032728647510352378 -1.4884358246400764 -0.28596865649200698 1.5736976969078793 -0.7396651003430802 0.3386525613937007 -0.96908809970315446 0.95528385331709031 0.25340591228941084 -0.32334234497237424 -0.51281885821172002 -1.0418091254412019 0.5883917495006955 1.1308927829103939 1.0603278468799144 -0.80046315560838677 -0.22713715336492987 -1.0235057164504557 -0.22713715336492987 0.4856724234909166 0.86913913053340208 -1.3068710771612231 1.0000000180025095e-35 -0.60164569574726134 -0.19183400774600073 1.0000000180025095e-35 -0.50048106062861575 -1.0000000180025095e-35 -0.050214230578891024 0.4966918212339424 0.10607994847372591 0.46987181245718812 -1.0000000180025095e-35 -0.29671692087653528 -0.81424597845150004 -0.19183400774600073
decision_type=2 2 2 2 2 2 2 2 2 2 2 2 2 2 2 2 2 2 2 2 2 2 2 2 2 2 2 2 2 2 2 2 2 2 2 2 2 2 2 2 2 2 2 2 2
left_child=5 2 10 4 -4 8 30 31 39 -6 11 -2 13 26 18 -16 17 29 22 20 -20 33 34 24 -9 44 -12 36 -29 -17 -7 -8 -22 35 -15 -21 -28 -25 -27 -1 -23 -14 43 -36 -26
right_child=1 -3 3 -5 9 6 7 23 -10 -11 12 -13 41 14 15 16 -18 -19 19 21 32 40 -24 37 25 38 27 28 -30 -31 -32 -33 -34 -35 42 -37 -38 -39 -40 -41 -42 -43 -44 -45 -46
leaf_value=0.013452956579094132 -0.010763502605263353 -0.026732720379436199 0.023488935081974711 0.036390161979649081 -0.025174242541205937 -7.2803275851666542e-05 0.033134466109619565 0.013328350390552862 0.033155858186070655 0.0082223814771637121 0.024773572183386709 0.032026081827124957 -0.012091248619193182 -0.0058739824527861695 0.022420930463831243 0.011336019985731124 0.01777363469474269 -0.030457340646851162 0.012644603287871148 0.038689256951752779 -0.037785065604005193 -0.018743834859145565 0.0012118014210324257 0.026371730689941236 -0.030850376403261492 -0.012370191852059573 0.027513338573014724 0.0046018533993993976 -0.021480410598988406 -0.014821875182804296 -0.031847002655308453 0.0051065136380811643 -0.0064127785370827551 0 -0.030250264114606202 0.0058441020189795379 0.00096451267619066471 0 0.011433703314042865 -0.0098556520679267054 0.00069097094145447336 -0.032086159075921383 -0.037219805854274028 -0.0027836144301543464 -0.012288190996551965
leaf_weight=6.1842408478260058 9.0633033663034457 7.3676746040582648 6.4094643294811293 5.2089675217866889 6.6593961417675018 6.1746238172054291 8.9667054563760775 6.1917070895433417 11.431901440024374 7.3981681615114212 6.1903308779001227 8.66351170837879 5.1199252754449844 7.14655773341656 9.1645319908857328 9.1514509618282407 4.9371614307165137 7.819804146885871 5.4324948787689236 4.9801242947578395 10.723656371235851 5.3938900977373105 5.9009327292442313 4.9516136646270752 4.9170914590358734 6.1828436106443423 5.9428242295980453 8.8934033066034335 8.6109512597322446 6.8870554715394965 5.3886715918779355 8.1790300011634809 5.4079514145851073 5.6693426370620807 4.8998527675867098 5.1933904588222504 7.4039229303598422 7.6435402631759626 6.4304087162017822 5.1722775101661682 5.4105209410190582 5.8367733210325223 9.568886071443556 4.9223449975252151 4.9226406216621417
leaf_count=25 37 30 26 21 27 25 36 25 46 30 25 35 21 29 37 37 20 32 22 20 44 22 24 20 20 25 24 36 35 28 22 33 22 23 20 21 30 31 26 21 22 24 39 20 20
internal_value=-2.95018e-05 -0.00299072 -0.00194576 0.0111747 0.0024374 0.00678513 0.00233773 0.00666221 0.0192019 -0.00811454 -0.00388103 0.0107038 -0.00555018 -0.00385347 -0.0071443 0.00167504 -0.00551276 -0.0113345 -0.0113232 -0.0049671 -0.0181456 0.00588301 -0.019956 0 -0.00592936 -0.0119925 0.00639632 0.00154574 -0.00859584 0 -0.017296 0.0215725 -0.0290484 0.0167235 -0.0246899 0.0253418 0.0147753 0.0124493 0 0.00245915 -0.00962606 -0.0258056 -0.0304176 -0.0192078 -0.024947
internal_weight=310.116 217.379 210.011 25.676 20.467 92.7373 69.9489 58.3856 22.7884 14.0576 184.335 17.7268 166.608 155.651 118.61 37.96 28.7955 23.8583 80.6499 48.2114 21.5641 26.6473 32.4386 41.2398 28.6447 22.453 37.0414 30.8511 17.5044 16.0385 11.5633 17.1457 16.1316 15.8429 26.5376 10.1735 13.3467 12.5952 12.6133 11.3565 10.8044 10.9567 19.3911 9.8222 9.83973
internal_count=1258 883 853 104 83 375 283 236 92 57 749 72 677 632 482 154 117 97 328 196 88 108 132 167 116 91 150 125 71 65 47 69 66 64 108 41 54 51 51 46 44 45 79 40 40
is_linear=0
shrinkage=0.03


Tree=7
num_leaves=39
num_cat=0
split_feature=57 16 16 25 61 40 4 29 32 16 55 55 19 16 34 47 14 18 47 45 51 31 53 61 32 26 49 49 23 23 46 55 40 7 47 40 45 41
split_gain=6.62374 7.52526 7.4056 6.65264 8.23223 5.59149 5.49398 5.70911 5.9393 5.18655 5.93027 5.90981 5.66868 11.2173 6.0597 5.98558 10.3397 6.53621 6.12921 6.81699 4.48222 5.08137 4.26723 3.95504 3.90243 3.4305 3.05508 2.73949 2.51398 3.98107 3.39895 3.26795 2.17258 1.76639 1.76355 1.6149 1.35755 0.72223
threshold=-0.68083062640380598 0.3540023419212685 0.74213041294012438 1.4982638797264547 362.50000000000006 0.20151693057804218 2.0223064647246702 1.1961512080145107 0.4349970083279055 1.5824947606433277 1.5736976969078793 1.0866479988734572 1.0090466812696148 -0.4023864856751968 1.4657602378537822 0.49122855279054894 -0.011458317332466219 -0.40500510916408855 -0.20774824361119479 -0.24315608592802798 1.0000000180025095e-35 -0.60164569574726134 -1.0064700976589838 642.00000000000011 0.18292620899147813 0.92369989518059203 1.0000000180025095e-35 1.0000000180025095e-35 -0.37310922225540571 0.93668830560172589 0.21021052766517956 -0.26569917034337637 0.3840304959034187 -0.97288973897984576 -0.20774824361119479 0.93157119187954807 0.18403903739095925 1.0000000180025095e-35
decision_type=2 2 2 2 2 2 2 2 2 2 2 2 2 2 2 2 2 2 2 2 2 2 2 2 2 2 2 2 2 2 2 2 2 2 2 2 2 2
left_child=1 3 -3 4 32 28 7 9 22 10 11 12 14 -14 15 16 18 -17 -2 -20 21 -18 -9 -24 35 27 -7 -19 30 31 -6 -30 -1 -15 -28 -13 -35 -12
right_child=6 2 -4 -5 5 26 -8 8 -10 -11 37 24 13 33 -16 17 20 25 19 -21 -22 -23 23 -25 -26 -27 34 -29 29 -31 -32 -33 -34 36 -36 -37 -38 -39
leaf_value=-0.024212514791991564 -0.0074479371363703004 -0.029379851243891329 0.0069640435957016968 0.034235976084376903 0.044297851086886289 0.013500054788890757 -0.026144455405443114 -0.014634219986901459 0.035470613061592222 0.019488903683829269 -0.033178508487322428 0.031800840979296412 0.019850077618630103 -0.0058782837062453233 0.02425385244623127 -0.029603937505710453 -0.011376354580032711 0.01693646024971034 0.038646107580476111 -0.0009635183933171935 -0.024995115270104694 0.0073360938127132935 -0.0073397023343965513 0.0230059235812121 -0.0060678638932497629 -0.020754345573227473 0.00019861637312147055 -0.007036261437369711 -0.0090470561573531491 0.028176026110165411 0.0091864642915770491 0.016212865229032605 0 -0.0088482215154951412 -0.019779514798751629 0.0059163835344307799 -0.032108564530194394 -0.012097396015241554
leaf_weight=6.4116124510765058 5.4302413165569332 7.9697874039411571 9.4154958724975568 8.2210412174463254 5.9903177767991966 7.4351662695407894 7.3415923565626136 6.8834235817194029 5.2223575413227072 6.6975013911724082 5.0469549000263196 5.936652749776842 5.1796181052923194 5.9128308743238476 5.9283924847841254 12.922598615288736 24.795854926109307 7.1517473906278628 10.941985696554188 5.175895527005193 7.8615552037954322 24.240560501813896 4.9154764115810403 8.6708395034074766 5.3987575173377982 4.9009481668472281 7.9282390326261529 6.862162783741951 8.8988907933235115 6.9460730403661719 5.9752070009708405 6.6890452355146506 5.4369720816612244 5.1492668986320522 5.4223117083311054 5.1897640079259872 16.099245592951775 7.3310800939798355
leaf_count=26 22 33 38 33 24 30 30 28 21 27 21 24 21 24 24 53 101 29 44 21 32 98 20 35 22 20 32 28 36 28 24 27 22 21 22 21 66 30
internal_value=-2.84991e-05 0.00660104 -0.0103893 0.0107252 0.00707345 0.0119876 -0.00291264 -0.00189168 0.0109099 -0.00378373 -0.0048516 -0.00319473 -0.0051474 -0.0159837 -0.0019155 -0.00368251 0.000756472 -0.0143419 0.017823 0.0265867 -0.00589591 -0.00206417 0.00237677 0.0119911 0.0129935 -0.00221191 -0.000108685 0.0052657 0.0191431 0.0115114 0.0301864 0.00191296 -0.0141768 -0.0237077 -0.00868974 0.0223398 -0.0276906 -0.0237823
internal_weight=309.927 92.7402 17.3853 75.3549 67.1338 55.2853 217.187 209.846 25.6921 184.154 177.456 165.078 148.553 32.341 116.212 110.284 78.4461 31.8375 21.5481 16.1179 56.898 49.0364 20.4697 13.5863 16.5252 18.9149 20.7857 14.0139 34.4995 22.534 11.9655 15.5879 11.8486 27.1613 13.3506 11.1264 21.2485 12.378
internal_count=1258 375 71 304 271 223 883 853 104 749 722 671 604 132 472 448 318 130 87 65 231 199 83 55 67 77 84 57 139 91 48 63 48 111 54 45 87 51
is_linear=0
shrinkage=0.03


Tree=8
num_leaves=43
num_cat=0
split_feature=51 2 39 44 38 61 21 3 24 47 46 32 16 13 46 20 46 37 38 26 18 16 18 54 42 28 14 37 46 36 2 26 23 52 45 47 27 40 27 36 32 34
split_gain=6.08501 7.08963 7.89271 7.56526 9.37288 7.22302 5.6018 5.54105 4.9974 6.40152 4.99606 5.66115 4.82376 6.62296 5.00749 4.34219 4.47897 4.98998 5.86231 5.45153 5.28867 4.26541 4.19341 4.17566 4.11096 4.03879 3.90805 3.74446 3.39243 3.38069 3.1558 2.99882 2.96139 2.85288 3.70091 2.17084 2.14041 1.92383 1.62691 1.20092 0.61062 0.271384
threshold=0.55138597301650771 -0.79290916701854852 0.62803160878382835 1.0000000180025095e-35 1.5684321118284716 144.00000000000003 0.2879012854581306 2.7033645622409392 1.0000000180025095e-35 -0.40461813389711898 0.32722986330200227 1.1297287235722056 -2.0150551036558313 1.2719695726023839 0.73338172338269547 1.0416486803484191 0.18202068884269482 -0.49184037947643661 -1.2634009192082101 0.16048592621562782 0.35129841987782356 0.89732018008003389 0.25008636156923369 -0.31059744710092957 -0.25744954393428882 -1.0000000180025095e-35 -0.77269839315831024 -0.49184037947643661 0.36101220906744952 -1.0000000180025095e-35 -0.07444059530683414 -1.3659420117142997 -0.37310922225540571 0.40016456423386115 0.28548222256546779 0.61309734338426924 1.202251350122433 1.0000000180025095e-35 -1.0000000180025095e-35 -0.29671692087653528 -0.50565743797632323 0.46115787302361655
decision_type=2 2 2 2 2 2 2 2 2 2 2 2 2 2 2 2 2 2 2 2 2 2 2 2 2 2 2 2 2 2 2 2 2 2 2 2 2 2 2 2 2 2
left_child=1 7 3 15 5 -5 10 21 9 27 11 -4 -8 14 26 16 17 -3 19 -19 25 31 -17 40 -24 35 -14 -7 39 -25 33 -1 -27 34 -18 -20 -33 -10 -28 -11 -2 -39
right_child=23 2 6 4 -6 8 12 -9 37 28 -12 -13 13 -15 -16 22 30 18 20 -21 -22 -23 24 29 -26 32 38 -29 -30 -31 -32 36 -34 -35 -36 -37 -38 41 -40 -41 -42 -43
leaf_value=0 -0.034939778214445889 -0.016111480846187534 -0.018944412272189941 -0.007049400420404737 -0.021167671628293996 0.0094617359377917702 -0.033634224333073004 0.012208889745747405 0.014175426698197028 0.012826200702260903 0.023637888127152205 0.017347900280875128 -0.022945226583481845 0.014202267787250785 -0.030397246279527335 -0.0063051473252425782 0.0044204481743507357 0.005450697936663495 0.03860503036852081 -0.028150800104501376 -0.0072785553044588339 0.0046223189518770011 0.0032848713516519241 0.009288507967130091 0.03543865788297438 0.018582392100684696 0.01317504569597276 -0.01850674626770004 0 -0.015158035958018266 -0.028929461555993095 -0.029630957473649699 -0.0081210740624128187 0.010369172038335686 -0.024423052411173034 0.010472666722160694 -0.0048891047423593962 0.045113858263744172 -0.0048327165117040801 0.036032761188686604 -0.012254290834801848 0.019692625141977053
leaf_weight=4.9104084968566921 5.1163892894983292 8.8306528329849225 8.0772350728511828 8.6129751950502378 4.8976142555475226 8.6229563951492292 6.1184068024158469 6.8880743682384482 7.6887628734111813 6.6719690561294565 7.9044680446386328 4.9386832863092414 5.3828226625919351 8.8586124628782255 9.0527510643005353 5.9010256528854397 5.9090772122144752 9.6332973688840848 8.7073166370391828 5.6225184947252265 7.3879443109035483 6.900713011622428 7.4248219579458246 8.6272488236427343 7.2017822563648197 5.6771238893270493 7.154163658618927 5.9243160784244493 4.9161108881235114 8.5894634574651683 5.8642679303884497 16.818100675940517 6.1606707870960253 5.9514858275651923 7.6097041666507721 6.1434623897075644 5.3610895276069632 9.21132844686508 7.6234322041273153 9.6907808333635401 5.6432391703128832 5.4601243138313285
leaf_count=20 21 36 33 35 20 35 25 28 31 27 32 20 22 36 37 24 24 39 35 23 30 28 30 35 29 23 29 24 20 35 24 69 25 24 31 25 22 37 31 39 23 22
internal_value=-2.22742e-05 0.00130874 0.00330056 0.00660847 0.014008 0.0170832 -0.00548462 -0.00998585 0.0208433 0.0127394 0.00680471 -0.00439087 -0.0114663 -0.00661225 -0.0135048 0.001325 -0.00170842 0.00282089 0.00670331 -0.0079865 0.0135079 -0.0149786 0.0132121 -0.0130131 0.0213124 0.019556 -0.0040627 -0.00221964 0.0227022 -0.00282472 -0.0119068 -0.020162 0.00488501 -0.00479105 -0.0122337 0.0293626 -0.0245924 0.0319589 0.00392736 0.0287778 -0.0264862 0.0387283
internal_weight=309.687 281.711 240.833 175.722 71.6969 66.7993 65.1106 40.8784 58.1863 35.8261 20.9204 13.0159 44.1902 38.0718 29.2132 104.025 83.4975 58.163 49.3323 15.2558 34.0765 33.9903 20.5276 27.9763 14.6266 26.6886 20.1604 14.5473 21.2789 17.2167 25.3345 27.0896 11.8378 19.4703 13.5188 14.8508 22.1792 22.3602 14.7776 16.3627 10.7596 14.6715
internal_count=1258 1144 977 712 290 270 265 167 235 145 85 53 180 155 119 422 339 236 200 62 138 139 83 114 59 108 82 59 86 70 103 111 48 79 55 60 91 90 60 66 44 59
is_linear=0
shrinkage=0.03


Tree=9
num_leaves=44
num_cat=0
split_feature=57 16 16 25 61 40 16 55 19 44 47 25 46 31 39 40 45 16 24 24 29 25 37 49 15 45 37 44 55 49 46 60 60 36 40 46 46 40 54 54 25 41 47
split_gain=6.29328 6.93943 7.09029 6.23258 7.70603 5.22343 5.08363 6.11819 5.12548 5.9741 6.40234 6.53025 9.10215 6.6748 6.17371 5.82745 5.6314 5.58847 4.91999 5.68889 7.34233 6.35762 4.25742 4.03318 3.96658 3.6629 3.45136 3.44552 2.98858 2.85849 2.8392 3.26488 2.79203 2.67391 2.45972 2.11609 1.76232 1.74827 1.58403 5.44759 1.10031 0.697397 0.324695
threshold=-0.68083062640380598 0.3540023419212685 0.74213041294012438 1.4982638797264547 362.50000000000006 0.20151693057804218 1.4940329640724423 1.5736976969078793 1.0090466812696148 0.3386525613937007 -1.0398720488176496 -0.32334234497237424 -0.28995771022722688 -1.4597530715058313 0.62803160878382835 -1.0000000180025095e-35 -0.96925032816467971 -0.4023864856751968 -1.0418091254412019 1.0000000180025095e-35 1.0000000180025095e-35 0.76962138984692297 1.0000000180025095e-35 -0.23570699123273989 -0.48475261985612222 -0.028246842567448912 0.4621493247145379 -1.2528071460254033 0.59255117172371363 1.0000000180025095e-35 0.19464443431368206 677.00000000000011 552.00000000000011 0.38716076234752522 0.56654406122879553 0.70853162049667395 -1.6572757055713805 -0.30039537406674321 0.27395210450062585 -0.45233365544420651 -1.1734252498318274 1.0000000180025095e-35 0.49122855279054894
decision_type=2 2 2 2 2 2 2 2 2 2 2 2 2 2 2 2 2 2 2 2 2 2 2 2 2 2 2 2 2 2 2 2 2 2 2 2 2 2 2 2 2 2 2
left_child=1 3 -3 4 35 27 7 8 9 10 -2 12 15 -13 16 36 24 -10 -15 21 32 26 23 -18 -11 -19 -20 -6 -16 -7 -29 -32 -21 -31 -25 -1 -12 -22 39 -27 -14 -9 -38
right_child=6 2 -4 -5 5 29 -8 41 17 14 11 13 40 18 28 -17 22 25 19 20 37 -23 -24 34 -26 38 -28 30 -30 33 31 -33 -34 -35 -36 -37 42 -39 -40 -41 -42 -43 -44
leaf_value=-0.023647870044187076 -0.027413036104719506 -0.028588645755001158 0.0070191247054958265 0.033146502802795075 -0.0024212933487450048 0.013059166647877271 0.018635973270003992 -0.032422741864206767 0.0079145859711743545 0.014347051671220891 -0.0070162706571568817 -0.024412250272264426 0.019625201981395602 0.028867088866089456 0.0041822473933557976 0.0017144260606895769 0.026144903786135508 0.004289695774013765 -0.0089078303023507315 -0.018258423713062535 0.035351061344013952 -0.03123280480108739 0.039074170335817449 0.012642129304189518 -0.01487220194036464 -0.028971971875106056 0.016179703369895573 0.030224138646039178 -0.025038013764992907 0.0057073246466406704 0.020774907903066703 -0.0071253987522041356 0.0083817095899323402 -0.018767322345881587 -0.012870158790557879 0 -0.015469384771369447 0.0090583799755881277 -0.030709434639563455 0.0037634167130723498 0.00018097477933939337 -0.011724745588406582 -0.037188032281655847
leaf_weight=6.3913331627845746 8.0370042175054532 7.9084799289703396 9.4112649559974653 8.2305636107921583 5.1990397423505739 7.4411198943853405 7.943671688437461 5.0019208937883359 8.8708795011043531 6.1557075381278992 4.898771837353709 4.8585186749696652 5.1820342242717743 7.1943229734897534 4.9266742020845395 7.8769375681877163 7.7174685597419765 4.9217651933431652 9.0850334316492347 5.1589028537273425 8.1857707947492528 5.3669458627700797 7.7149579077959052 4.9374781996011752 7.6339009255170804 7.5085390508174905 7.6285617649555197 16.900495395064361 4.8859600573778152 5.6790526360273343 7.2076524347066862 5.2101519852876663 5.9091549664735794 7.6440327912569046 5.6649700105190277 5.4301700294017792 5.4192201495170584 5.6936159133911177 11.162859737873076 8.1191162765026093 5.4119122326373965 7.3120186328887939 10.44918769598007
leaf_count=26 33 33 38 33 21 30 32 21 36 25 20 20 21 29 20 32 31 20 37 21 33 22 31 20 31 31 31 68 20 23 29 21 24 31 23 22 22 23 46 33 22 30 43
internal_value=-2.24705e-05 0.00644137 -0.00990386 0.0103973 0.00685583 0.0116083 -0.00283724 -0.00380938 -0.00239972 6.79846e-05 -0.00389873 -0.0015334 -0.0108458 0.0046677 0.00854971 -0.0194473 0.0137986 -0.011692 0.00796806 0.00385384 0.0133883 -0.00683047 0.0216535 0.0116125 -0.00130836 -0.0174669 0.00260288 0.0185191 -0.0112276 -8.40925e-05 0.0223642 0.00913134 -0.00425521 -0.00840822 -0.000399165 -0.0137225 -0.0273182 0.0268909 -0.0216915 -0.0127743 0.0114427 -0.0231743 -0.0320929
internal_weight=309.487 92.6534 17.3197 75.3336 67.103 55.2815 216.834 208.89 196.576 155.993 106.356 98.3189 39.2381 59.0808 49.6371 28.6441 39.8245 40.5832 54.2223 47.028 24.9474 22.0805 26.0349 18.3199 13.7896 31.7123 16.7136 34.5173 9.81263 20.7642 29.3183 12.4178 11.0681 13.3231 10.6024 11.8215 20.7672 13.8794 26.7905 15.6277 10.5939 12.3139 15.8684
internal_count=1258 375 71 304 271 223 883 851 800 634 433 400 160 240 201 117 161 166 220 191 101 90 105 74 56 130 68 139 40 84 118 50 45 54 43 48 85 56 110 64 43 51 65
is_linear=0
shrinkage=0.03


end of trees

feature_importances:
Column_47=26
Column_16=25
Column_55=25
Column_54=21
Column_24=17
Column_40=16
Column_46=16
Column_32=15
Column_45=15
Column_25=14
Column_19=13
Column_36=13
Column_23=11
Column_29=10
Column_38=10
Column_49=10
Column_34=9
Column_37=9
Column_44=9
Column_39=8
Column_41=8
Column_57=8
Column_13=7
Column_2=6
Column_26=6
Column_31=6
Column_42=6
Column_60=6
Column_61=6
Column_50=5
Column_4=4
Column_18=4
Column_27=4
Column_30=4
Column_51=4
Column_53=4
Column_56=4
Column_3=3
Column_12=3
Column_21=3
Column_35=3
Column_43=3
Column_48=3
Column_58=3
Column_5=2
Column_7=2
Column_14=2
Column_20=2
Column_28=2
Column_33=2
Column_0=1
Column_8=1
Column_10=1
Column_11=1
Column_15=1
Column_52=1

parameters:
[boosting: gbdt]
[objective: binary]
[metric: binary_logloss]
[tree_learner: serial]
[device_type: cpu]
[data_sample_strategy: bagging]
[data: ]
[valid: ]
[num_iterations: 1400]
[learning_rate: 0.03]
[num_leaves: 128]
[num_threads: 2]
[seed: 42]
[deterministic: 0]
[force_col_wise: 1]
[force_row_wise: 0]
[histogram_pool_size: -1]
[max_depth: 12]
[min_data_in_leaf: 20]
[min_sum_hessian_in_leaf: 0.001]
[bagging_fraction: 0.85]
[pos_bagging_fraction: 1]
[neg_bagging_fraction: 1]
[bagging_freq: 0]
[bagging_seed: 400]
[bagging_by_query: 0]
[feature_fraction: 0.8]
[feature_fraction_bynode: 1]
[feature_fraction_seed: 30056]
[extra_trees: 0]
[extra_seed: 12879]
[early_stopping_round: 0]
[early_stopping_min_delta: 0]
[first_metric_only: 0]
[max_delta_step: 0]
[lambda_l1: 0.2]
[lambda_l2: 1.5]
[linear_lambda: 0]
[min_gain_to_split: 0]
[drop_rate: 0.1]
[max_drop: 50]
[skip_drop: 0.5]
[xgboost_dart_mode: 0]
[uniform_drop: 0]
[drop_seed: 17869]
[top_rate: 0.2]
[other_rate: 0.1]
[min_data_per_group: 100]
[max_cat_threshold: 32]
[cat_l2: 10]
[cat_smooth: 10]
[max_cat_to_onehot: 4]
[top_k: 20]
[monotone_constraints: ]
[monotone_constraints_method: basic]
[monotone_penalty: 0]
[feature_contri: ]
[forcedsplits_filename: ]
[refit_decay_rate: 0.9]
[cegb_tradeoff: 1]
[cegb_penalty_split: 0]
[cegb_penalty_feature_lazy: ]
[cegb_penalty_feature_coupled: ]
[path_smooth: 0]
[interaction_constraints: ]
[verbosity: -1]
[saved_feature_importance_type: 0]
[use_quantized_grad: 0]
[num_grad_quant_bins: 4]
[quant_train_renew_leaf: 0]
[stochastic_rounding: 1]
[linear_tree: 0]
[max_bin: 255]
[max_bin_by_feature: ]
[min_data_in_bin: 3]
[bin_construct_sample_cnt: 200000]
[data_random_seed: 175]
[is_enable_sparse: 1]
[enable_bundle: 1]
[use_missing: 1]
[zero_as_missing: 0]
[feature_pre_filter: 1]
[pre_partition: 0]
[two_round: 0]
[header: 0]
[label_column: ]
[weight_column: ]
[group_column: ]
[ignore_column: ]
[categorical_feature: ]
[forcedbins_filename: ]
[precise_float_parser: 0]
[parser_config_file: ]
[objective_seed: 16083]
[num_class: 1]
[is_unbalance: 0]
[scale_pos_weight: 1]
[sigmoid: 1]
[boost_from_average: 1]
[reg_sqrt: 0]
[alpha: 0.9]
[fair_c: 1]
[poisson_max_delta_step: 0.7]
[tweedie_variance_power: 1.5]
[lambdarank_truncation_level: 30]
[lambdarank_norm: 1]
[label_gain: ]
[lambdarank_position_bias_regularization: 0]
[eval_at: ]
[multi_error_top_k: 1]
[auc_mu_weights: ]
[num_machines: 1]
[local_listen_port: 12400]
[time_out: 120]
[machine_list_filename: ]
[machines: ]
[gpu_platform_id: -1]
[gpu_device_id: -1]
[gpu_device_id_list: ]
[gpu_use_dp: 0]
[num_gpu: 1]

end of parameters

pandas_categorical:null
