tree
version=v4
num_class=1
num_tree_per_iteration=1
label_index=0
max_feature_idx=42
objective=binary sigmoid:1
feature_names=Column_0 Column_1 Column_2 Column_3 Column_4 Column_5 Column_6 Column_7 Column_8 Column_9 Column_10 Column_11 Column_12 Column_13 Column_14 Column_15 Column_16 Column_17 Column_18 Column_19 Column_20 Column_21 Column_22 Column_23 Column_24 Column_25 Column_26 Column_27 Column_28 Column_29 Column_30 Column_31 Column_32 Column_33 Column_34 Column_35 Column_36 Column_37 Column_38 Column_39 Column_40 Column_41 Column_42
feature_infos=[-1.1557322761427864:8.2303073526535648] [-2.8345277267275715:8.5482699980694967] [-1.2307205556309782:6.9087963763895726] [-1.1547555910829685:8.2305127028469691] [-2.8392211763966895:8.55337441370264] [-1.2314987414607896:6.900436345582178] [-1.9811960489238596:4.7995850365641788] [-4.8696797326453352:6.1185655672925456] [-2.4218181566715016:3.799354718087145] [-2.7527437200370812:2.8853360220237838] [-4.1874586683637931:7.8050036131331755] [-1.9711249241420159:4.0144248376763256] [-1.4863601520947947:6.0842457124783618] [-2.7379255803448799:3.0526982492514256] [-1.9591895350865296:4.1175582037630205] [-1.8068760686184664:1.9587513273590711] [-1.4419653023219361:1.4134518641404288] [-2.9176799823417765:0.64865596817537319] [-1.9667372868676671:0.5084563183284454] [-2.5852582322862698:1.9895024295077104] [-2.6250041930129:3.2625740252404767] [-2.1333785939457415:3.2319817804494204] [-3.0356746304668567:2.7764833159785929] [-1.8103588512300035:3.3296231443642967] [-2.2288130780937214:3.873509410164456] [-2.4401244941762146:5.7714574863214123] [-3.6405043603817537:2.5782875803620873] [-3.3054857861731599:2.5214513774632179] [-3.4336198313795792:2.9018827236201932] [-2.7147317545735468:3.4354583301420902] [-3.1170149762618182:2.7457512178610024] [-2.2547160582204473:3.2751413241868024] [-2.9258025693766165:5.0327425181419336] [-2.5302222095164089:7.1189601050972469] [-3.310345077785787:3.4443734964163584] [-3.9847755839857273:3.0052396162392889] [-2.8150008159832547:4.0349473726130354] [-1.4647873055881944:2.590567754511822] [-1.1384821300046868:3.0730005778226777] [-0.94223398940520908:3.5895397778198448] [44:780] [25:780] [0:1]
tree_sizes=2879 2889 2630 2752 2628 2774 2551 2652 2833 3002 2973 2460 2790 2766 2561 2581 2734 2851

Tree=0
num_leaves=26
num_cat=0
split_feature=4 29 36 31 26 29 40 31 14 4 32 1 33 22 29 32 1 22 30 14 32 15 39 12 15
split_gain=10.5804 5.42712 5.29442 6.02027 4.61119 4.50835 5.18804 4.42755 6.47422 4.85275 8.92044 4.0255 3.86498 3.25969 5.43015 3.01069 2.75269 2.30777 1.97676 1.86975 1.31172 1.23899 0.794981 1.4673 0.403489
threshold=0.12285367702913579 1.5904013047273995 -0.11454047240202495 -1.1322022733300865 1.6713804223369439 -0.65441807619380821 585.50000000000011 -0.7507163855327611 -1.0929236946089025 0.46463154473211582 -0.14031178874512379 -0.47449433178631273 0.72002867540608584 -0.63500069606547538 0.36036328778427185 1.0000000180025095e-35 -0.39860901362099888 0.37580938157721139 -0.5927684204589373 0.69947114053586079 0.39025788375611287 -1.0000000180025095e-35 1.0000000180025095e-35 -0.38668351588508348 -1.0000000180025095e-35
decision_type=2 2 2 2 2 2 2 2 2 2 2 2 2 2 2 2 2 2 2 2 2 2 2 2 2
left_child=1 2 3 12 5 11 17 8 -2 22 -11 -4 -1 14 -5 21 -17 18 19 -7 -20 -15 -9 -24 -13
right_child=7 -3 4 13 -6 6 -8 9 -10 10 -12 24 -14 15 -16 16 -18 -19 20 -21 -22 -23 23 -25 -26
leaf_value=0.037124140830572305 0.029413099665663842 -0.013617440245664018 0.025929790192980709 0.031719969524522343 -0.0040828983599078758 0.010243912791487335 0.0040303583664544722 0.0552676768221846 -0.0054252239025746746 0.039042693371867179 -0.00049882677332066701 0.0081547004739658795 0.00716756693878108 -0.018329344320496949 -0.0040828983599078723 -0.005179160756662058 0.021123489253745891 0.014880016122173038 0.025123652147952487 0.03191859059589678 0.049303328017090461 0.0034174118392181051 0.017628817336963306 0.04193381559155665 -0.008005772168173466
leaf_weight=5.9996945858001691 8.7495546042919177 6.9996436834335318 5.4997200369834927 5.7497073113918287 6.4996691346168509 4.9997454881668073 6.9996436834335318 5.2497327625751486 7.4996182322502127 8.9995418787002546 8.4995673298835772 5.2497327625751504 6.4996691346168518 12.749350994825361 6.4996691346168518 5.2497327625751495 5.9996945858001691 7.7496055066585532 5.9996945858001736 6.4996691346168518 8.4995673298835737 6.499669134616858 4.9997454881668082 5.2497327625751486 5.7497073113918278
leaf_count=24 35 28 22 23 26 20 28 21 30 36 34 21 26 51 26 21 24 31 24 26 34 26 20 21 23
internal_value=0.0142656 0.00965419 0.011403 0.00470308 0.0172039 0.0201297 0.0254273 0.0258508 0.0133667 0.031944 0.0198717 0.00753963 0.0220267 -0.000589283 0.0132297 -0.00564329 0.00847594 0.0302821 0.034371 0.0226566 0.041629 -0.0125905 0.0435238 0.0325314 -0.00243177
internal_weight=175.241 125.994 118.994 55.2472 63.7468 57.2471 40.7479 49.2475 16.2492 32.9983 17.4991 16.4992 12.4994 42.7478 12.2494 30.4984 11.2494 33.7483 25.9987 11.4994 14.4993 19.249 15.4992 10.2495 10.9994
internal_count=701 504 476 221 255 229 163 197 65 132 70 66 50 171 49 122 45 135 104 46 58 77 62 41 44
is_linear=0
shrinkage=1


Tree=1
num_leaves=26
num_cat=0
split_feature=4 29 12 4 25 29 40 31 14 4 32 32 34 29 5 33 34 35 30 35 13 19 39 12 29
split_gain=10.081 5.1624 4.41895 6.44922 5.45862 4.41548 4.24675 4.22593 6.15177 4.64497 8.47262 3.97831 3.94386 5.40817 3.68169 3.54513 3.45773 2.06068 1.86873 2.36252 1.61116 1.60228 0.748042 1.3948 0.440418
threshold=0.12285367702913579 1.5904013047273995 -0.26981233826338086 -0.1125932984995837 -0.30511317924683173 -0.65441807619380821 596.00000000000011 -0.7507163855327611 -1.0929236946089025 0.46463154473211582 -0.14031178874512379 -0.40559662499574217 0.32882500676498128 0.85237849456152281 -0.76322140387612347 0.9231693557137417 0.32882500676498128 0.61698442282907517 -0.34848649570381957 0.38398391615490796 -0.13741859022408867 0.61707423096951663 1.0000000180025095e-35 -0.38668351588508348 1.0000000180025095e-35
decision_type=2 2 2 2 2 2 2 2 2 2 2 2 2 2 2 2 2 2 2 2 2 2 2 2 2
left_child=1 2 3 5 -5 21 11 8 -2 22 -11 20 13 15 -14 18 -13 -16 -4 -20 -7 -1 -9 -24 -18
right_child=7 -3 12 4 -6 6 -8 9 -10 10 -12 16 14 -15 17 -17 24 -19 19 -21 -22 -23 23 -25 -26
leaf_value=-0.013304743000320163 0.014761711618000778 -0.027194023431410561 -0.0099603830246191745 0.0073459863238207737 -0.027436043492333678 0.012580700331414679 -0.0073530436427690837 0.040067867671905434 -0.019197820252770736 0.024146916002226876 -0.014387282051395753 0.039879640430251162 -0.016633180044511461 0.0092622394364921586 0.017168665026346484 0.0011139598912008825 0.0027064608572379438 -0.0038335020647503821 -0.042742119654178151 -0.013917879298120881 -0.0084130547769945083 0.0045226301669766874 0.0032856955464664354 0.027030926977079536 0.016940197419790758
leaf_weight=8.2494731545448285 8.748107850551607 6.9996753931045523 8.7489465773105657 5.4991567134857169 8.7493245899677259 4.9993162155151367 5.9997125416994086 5.2459930032491675 7.4999450147151938 8.9965710639953596 8.4999994933605212 7.9985986500978568 5.4992834776639965 5.7492878735065451 9.2485381215810758 5.2497712820768347 5.4980466663837415 5.4990771859884253 7.4994431138038635 7.7493544071912766 4.9995037615299172 6.7495314478874198 4.9996116757392874 5.2476928085088721 4.9987322241067886
leaf_count=33 35 28 35 22 35 20 24 21 30 36 34 32 22 23 37 21 22 22 30 31 20 27 20 21 20
internal_value=0 -0.00449528 -0.00278823 0.00250731 -0.01421 0.00771412 0.0134959 0.0113157 -0.000873319 0.0172699 0.00545293 0.0182341 -0.00890883 -0.0148179 0.00134671 -0.0199675 0.0259975 0.00933719 -0.0246088 -0.0310104 0.00183369 -0.00523696 0.0286024 0.0178553 0.0112555
internal_weight=175.223 125.985 118.985 63.7414 14.2485 49.4929 34.4939 49.2379 16.2481 32.9899 17.4966 28.4942 55.2437 34.9968 20.2469 29.2475 18.4954 14.7476 23.9977 15.2488 9.99882 14.999 15.4933 10.2473 10.4968
internal_count=701 504 476 255 57 198 138 197 65 132 70 114 221 140 81 117 74 59 96 61 40 60 62 41 42
is_linear=0
shrinkage=0.03


Tree=2
num_leaves=24
num_cat=0
split_feature=4 29 19 28 32 0 26 26 19 30 31 14 4 32 16 24 21 26 32 32 30 39 16
split_gain=9.60682 4.91275 4.20087 4.51577 6.56789 5.9177 6.32747 5.1927 4.42081 4.84255 4.03507 5.84619 4.44863 8.04905 3.69006 2.94451 2.7215 2.7035 2.30868 4.39095 3.64403 0.705974 0.637577
threshold=0.12285367702913579 1.5904013047273995 -1.2128300337480755 -0.4544251775404004 0.65554272000673119 0.1328273689452639 -0.5311083900098329 -1.0000000180025095e-35 0.87122760106918229 -0.10420457094870228 -0.7507163855327611 -1.0929236946089025 0.46463154473211582 -0.14031178874512379 0.50491003844785831 1.0935624988468422 0.74092160662309559 0.24624060258314703 -0.40559662499574217 -1.0024875065596335 0.67517109374619688 1.0000000180025095e-35 0.50491003844785831
decision_type=2 2 2 2 2 2 2 2 2 2 2 2 2 2 2 2 2 2 2 2 2 2 2
left_child=1 2 16 5 8 6 -4 -7 9 -5 11 -2 21 -14 -10 22 -1 -8 19 -11 -20 -12 -6
right_child=10 -3 3 4 15 7 17 -9 14 18 12 -13 13 -15 -16 -17 -18 -19 20 -21 -22 -23 -24
leaf_value=0.025351632650458592 0.014387063310379209 -0.026530363141741984 -0.019431395239744534 0.0067564674572955074 0.010054946901121558 -0.0033621221997488042 0.024588165408744762 -0.039461695718188548 0.018242906694750923 -0.0051079171702336232 0.039179658450250843 -0.018720152703341073 0.023538647744075478 -0.014021071382702425 -0.010281480016600831 0 0 -0.0014287654036988923 0.0056004143667510321 -0.042914522585184911 -0.021590088267735973 0.017457338216315583 0.029636960529873819
leaf_weight=5.7479108124971372 8.7457327544689196 6.9970860481262198 8.9980302900075895 8.2477254867553658 6.4978340119123477 6.4976264685392389 5.4986776411533373 8.9984072297811473 8.7482648193836194 5.7485792189836502 5.2380888462066642 7.4988631904125205 8.9910221099853498 8.4995293319225329 5.2495647370815268 8.4974772930145246 7.497932568192482 6.2485219091176987 7.4967657327652066 5.9988066256046242 7.2491085529327393 10.243215605616568 5.7484898269176483
leaf_count=23 35 28 36 33 26 26 22 36 35 23 21 30 36 34 21 34 30 25 30 24 29 41 23
internal_value=0 -0.00438194 -0.00271538 -0.00478997 -0.000161281 -0.0131461 -0.00193199 -0.0263105 -0.00624852 -0.0119059 0.0110553 -0.000848376 0.0168758 0.00530476 0.0071986 0.0133282 0.0122393 0.0117016 -0.0179808 -0.02754 -0.00815643 0.027972 0.0219143
internal_weight=175.183 125.967 118.97 105.724 69.4826 36.2413 20.7452 15.496 48.7388 34.741 49.2165 16.2446 32.9719 17.4906 13.9978 20.7438 13.2458 11.7472 26.4933 11.7474 14.7459 15.4813 12.2463
internal_count=701 504 476 423 278 145 83 62 195 139 197 65 132 70 56 83 53 47 106 47 59 62 49
is_linear=0
shrinkage=0.03


Tree=3
num_leaves=25
num_cat=0
split_feature=1 29 36 31 37 36 23 28 10 31 14 32 1 29 33 29 20 16 15 12 27 31 28 19
split_gain=8.25121 4.78703 4.77236 5.47943 5.39377 4.82876 4.54845 6.9517 6.84686 4.08703 6.27745 3.95991 7.78376 3.82471 3.60088 3.54096 3.8705 3.36806 3.26885 2.81099 2.50975 1.05202 0.947343 0.262439
threshold=0.13258821353619774 1.5904013047273995 -0.11454047240202495 -1.1322022733300865 -1.0592517995781925 -1.080558806691245 1.0000000180025095e-35 -0.4544251775404004 0.50320825463846297 -0.7507163855327611 -1.0929236946089025 -0.14031178874512379 0.57272305889501773 0.60637089117289733 0.72002867540608584 -0.13165191899297898 0.27549389980310196 -0.79300685539867122 0.84617959672934429 -0.31328557736407131 -0.87759530132466901 -0.23419124541779834 -0.60527047646896637 0.31209018684991779
decision_type=2 2 2 2 2 2 2 2 2 2 2 2 2 2 2 2 2 2 2 2 2 2 2 2
left_child=1 2 3 14 22 -6 8 20 19 10 -2 21 -13 18 -1 17 -17 -9 23 -4 -8 -11 -5 -7
right_child=9 -3 6 4 5 13 7 15 -10 11 -12 12 -14 -15 -16 16 -18 -19 -20 -21 -22 -23 -24 -25
leaf_value=0.022321052753020282 0.014023126701656209 -0.025890455049070456 0.011672232667737367 0.012467131782886704 -0.040350839848347593 -0.029718054096838774 -0.0016441464871273976 -0.01813506391188438 0.03334505274285568 0.012203326530884649 -0.020530767987325612 0.022676710122934922 -0.013665344551933615 0.0070751055561234987 -0.0065953236455364049 0.030998411847558065 0 0.008184240620740137 0.0012171405916980185 -0.012246991361488362 -0.028312408163342438 0.035065992236128385 -0.0035071141019678725 -0.012307223956521712
leaf_weight=5.9971257299184781 8.7425023317337018 6.9920700788497916 7.9958456903696069 4.997004359960556 6.7465567588806108 8.7457430511713117 5.7472026944160453 6.498085439205167 7.9956322461366645 6.4876156896352768 7.2465960830450049 9.7287742644548434 8.498224735260008 5.9982655346393576 6.499143198132515 6.2451296895742434 6.4981617778539658 7.9955495446920404 5.2484918087720862 6.7477423697710046 8.246811777353285 7.9825541079044324 4.9978950172662717 6.2475712299346915
leaf_count=24 35 28 32 20 27 35 23 26 32 26 29 39 34 24 26 25 26 32 21 27 33 32 20 25
internal_value=0 -0.0040306 -0.00239617 -0.00874952 -0.0137836 -0.0194662 0.00309632 -0.00275546 0.0134683 0.0103226 -0.00171206 0.0162 0.00567762 -0.0119888 0.00775827 0.00592018 0.0166717 -0.00383477 -0.0180123 0.000235643 -0.0189668 0.0273003 0.00454203 -0.024606
internal_weight=175.126 126.44 119.448 55.4778 42.9815 32.9866 63.9702 41.2309 22.7392 48.6863 15.9891 32.6972 18.227 26.2401 12.4963 27.2369 12.7433 14.4936 20.2418 14.7436 13.994 14.4702 9.9949 14.9933
internal_count=701 506 478 222 172 132 256 165 91 195 64 131 73 105 50 109 51 58 81 59 56 58 40 60
is_linear=0
shrinkage=0.03


Tree=4
num_leaves=24
num_cat=0
split_feature=4 29 36 17 31 37 33 31 14 4 32 29 40 1 36 36 12 12 29 39 41 39 12
split_gain=8.71442 4.45038 4.60341 5.54445 6.35536 5.526 3.82903 3.6562 5.26875 4.05243 7.26847 3.60813 4.8017 3.46737 3.31714 7.52658 7.47413 3.47758 3.25411 2.18882 2.17871 0.761424 1.38833
threshold=0.12285367702913579 1.5904013047273995 -0.11454047240202495 -1.4317066696262974 -1.1322022733300865 -1.0592517995781925 0.72002867540608584 -0.7507163855327611 -1.0929236946089025 0.46463154473211582 -0.14031178874512379 -0.65441807619380821 585.50000000000011 -0.55037964995162658 0.54410839188607996 1.0363617536171896 -0.26563804931929347 -0.28430861094779808 0.60637089117289733 1.0000000180025095e-35 550.00000000000011 1.0000000180025095e-35 -0.38668351588508348
decision_type=2 2 2 2 2 2 2 2 2 2 2 2 2 2 2 2 2 2 2 2 2 2 2
left_child=1 2 3 -1 6 -6 -5 8 -2 21 -11 13 14 -4 16 -16 -13 -17 20 -15 -7 -9 -23
right_child=7 -3 11 4 5 18 -8 9 -10 10 -12 12 -14 19 15 17 -18 -19 -20 -21 -22 22 -24
leaf_value=0.012282645407711203 0.013669483071544954 -0.025272854650124132 0.0083880348868094045 0.022145336494692525 0.00069079275159026504 -0.010596531690154478 -0.0091796502842073791 0.037815813493416763 -0.017769945915665178 0.022382453006606545 -0.013319694139011974 0.037964688999465077 -0.011256568809360748 -0.028586192694689833 -0.018815027560202407 0 0 0.02913727873149621 -0.0047719593531678735 -0.002555107615583935 -0.037444805454826924 0.0022774024777242764 0.025472662994734593
leaf_weight=7.9941948503255835 8.7384849041700381 6.9848106503486624 6.2454170584678677 5.2444454431533796 9.2450746744871086 5.9965994060039618 5.7489618510007858 5.2168618440628043 7.492499202489852 8.9726742058992368 8.4961495399475115 8.9881537258625048 8.4953074604272825 5.4977793693542463 7.2455765008926418 5.9949511438608152 7.9949901551008216 6.7446533441543579 6.7476088404655448 6.4974035173654556 14.234407767653463 4.995223641395568 5.2337910383939734
leaf_count=32 35 28 25 21 37 24 23 21 30 36 34 36 34 22 29 24 32 27 27 26 57 20 21
internal_value=0 -0.00417252 -0.00258393 -0.00883626 -0.0128031 -0.0187295 0.00614845 0.0105387 -0.000780635 0.0160856 0.00502184 0.00282144 0.00735623 -0.00787743 0.0120616 0.00298778 0.0213056 0.0164851 -0.025281 -0.0167818 -0.0310437 0.0266922 0.0163969
internal_weight=175.046 125.9 118.916 55.2113 47.2171 36.2237 10.9934 49.1457 16.231 32.9147 17.4688 63.7042 45.4636 18.2406 36.9683 19.9852 16.9831 12.7396 26.9786 11.9952 20.231 15.4459 10.229
internal_count=701 504 476 221 189 145 44 197 65 132 70 255 182 73 148 80 68 51 108 48 81 62 41
is_linear=0
shrinkage=0.03


Tree=5
num_leaves=25
num_cat=0
split_feature=4 29 12 4 29 10 22 30 20 31 11 4 32 26 32 28 23 29 3 19 35 39 12 20
split_gain=8.30855 4.23981 4.05778 6.0903 4.0039 3.93011 6.5242 5.7041 3.61673 3.49445 4.05228 3.88632 6.90909 2.93934 2.81031 4.3243 6.03217 4.41792 2.72721 1.79312 0.955033 0.724552 1.32253 0.508774
threshold=0.12285367702913579 1.5904013047273995 -0.26981233826338086 -0.1125932984995837 0.60637089117289733 0.6458670390274095 -0.38229817665480387 -0.75562303696234878 -0.43159269993811256 -0.7507163855327611 -1.1567008057050654 0.46463154473211582 -0.14031178874512379 -0.498718848651792 -0.72772821187149306 -0.4544251775404004 -1.0000000180025095e-35 -0.97510655918255218 -0.25616607357903826 0.61707423096951663 -0.31501760386759353 1.0000000180025095e-35 -0.38668351588508348 0.27549389980310196
decision_type=2 2 2 2 2 2 2 2 2 2 2 2 2 2 2 2 2 2 2 2 2 2 2 2
left_child=1 2 3 4 14 6 7 -4 -7 10 -2 21 -13 -5 -1 16 -16 -17 19 -8 -20 -11 -23 -19
right_child=9 -3 5 13 -6 8 18 -9 -10 11 -12 12 -14 -15 15 17 -18 23 20 -21 -22 22 -24 -25
leaf_value=-0.011439572826467527 0.012221170881983736 -0.02467623969090723 -0.017900066113153028 -0.028246506334540095 0.02353698385408165 -0.0089496841657651302 -0.019382590478890745 0.018909048039637864 0.016204913708791513 0.037032466977154094 -0.015312980348044498 0.021832792720615595 -0.012983733661748709 -0.0011587533921567381 0.01060555759706625 -0.0025787161915156462 -0.027095117337136695 0.03207189301026267 -0.014843344509303356 0.0011546084091298052 -0.040363825940685299 0.0022249822277957344 0.024909619900324514 0.011435861558031293
leaf_weight=7.9892259985208467 8.4842100739479083 6.9754813313484183 4.9965829104185104 5.4958374202251425 9.7363565117120725 9.24080339074135 6.2406704872846603 7.4916858971118909 8.2430730164051038 5.1993854045867911 7.7372433096170417 8.9605565071105939 8.4933650493621844 8.742779076099394 7.2388707101345062 6.9969631880521765 5.2443451732397062 6.7371280938387006 5.991511330008505 6.247727558016777 6.7425059229135531 4.9948679506778708 5.2255568355321875 5.4945012927055359
leaf_count=32 34 28 20 22 39 37 25 30 33 21 31 36 34 35 29 28 21 27 24 25 27 20 21 22
internal_value=0 -0.00406763 -0.00251601 0.00255676 0.00761948 -0.00838692 -0.0137017 0.0034125 0.00293717 0.0103029 -0.000757894 0.0157303 0.00488722 -0.013691 0.00285542 0.00699146 -0.00601137 0.0155465 -0.0221158 -0.00965719 -0.0316073 0.0261278 0.0160388 0.0255009
internal_weight=174.941 125.846 118.871 63.676 49.4374 55.1946 37.7107 12.4883 17.4839 49.0952 16.2215 32.8737 17.4539 14.2386 39.701 31.7118 12.4832 19.2286 25.2224 12.4884 12.734 15.4198 10.2204 12.2316
internal_count=701 504 476 255 198 221 151 50 70 197 65 132 70 57 159 127 50 77 101 50 51 62 41 49
is_linear=0
shrinkage=0.03


Tree=6
num_leaves=23
num_cat=0
split_feature=1 29 36 17 31 37 23 10 27 22 26 33 31 13 32 1 29 15 23 2 34 31
split_gain=7.12004 4.13508 4.20394 5.02161 5.81794 4.91474 4.27881 6.37757 6.20918 6.30538 4.00299 3.62611 3.57721 4.62732 3.46289 6.69449 2.77976 3.30473 2.13847 1.70601 1.18759 1.08111
threshold=0.13258821353619774 1.5904013047273995 -0.11454047240202495 -1.4317066696262974 -1.1322022733300865 -1.0592517995781925 1.0000000180025095e-35 0.50320825463846297 0.48202337019048563 -0.63500069606547538 0.89403142974396399 0.72002867540608584 -0.7507163855327611 1.1463064132161731 -0.14031178874512379 0.57272305889501773 0.60637089117289733 0.50384983345865908 -0.26836425255171337 -0.27883894587413532 0.85244660166437258 -0.23419124541779834
decision_type=2 2 2 2 2 2 2 2 2 2 2 2 2 2 2 2 2 2 2 2 2 2
left_child=1 2 3 -1 11 -6 7 18 9 10 -8 -5 13 -2 21 -16 17 -7 -4 -10 -11 -14
right_child=12 -3 6 4 5 16 8 -9 19 20 -12 -13 14 -15 15 -17 -18 -19 -20 -21 -22 -23
leaf_value=0.011890788233778491 -0.018259809840895726 -0.024099391677047294 -0.0076169728496397783 0.021721817213069313 0.00069105081709496343 -0.035702444346155764 -0.0099073333920780757 0.032199127340484524 0.020413752822801015 -0.010123473579138993 0.022127142577597188 -0.0087647340355187769 0.010902944733755356 0.011486857312752199 0.021072206821384144 -0.012657105844714876 -0.0046091352871581353 -0.0051609634420452478 0.013821464834781982 0 -0.030505850149579451 0.033182048111766983
leaf_weight=7.9927804172039023 6.9838471412658683 6.9642456769943228 9.4899117201566696 5.2402479201555234 9.2437259405851311 15.207161143422136 5.7414710819721204 7.9830696880817404 7.9887179732322693 8.2374118715524727 5.2410933375358582 5.7468071430921555 6.4663294553756714 8.9782531559467298 9.6845888942480105 8.4899269938468915 6.7447169274091712 5.2451095730066291 5.2409602552652368 5.9957261830568296 7.9855233728885642 7.9379658550024015
leaf_count=32 28 28 38 21 37 61 23 32 32 33 21 23 26 36 39 34 27 21 21 24 32 32
internal_value=0 -0.00374271 -0.00222051 -0.00818867 -0.011956 -0.0176031 0.00293272 0.013001 -0.00274059 -0.0110266 0.00572138 0.0061579 0.00960647 -0.00163504 0.0151199 0.00524742 -0.0237411 -0.0290311 0.000213179 0.0124982 -0.0222277 0.0255294
internal_weight=174.83 126.289 119.324 55.4205 47.4278 36.4407 63.9039 22.7139 41.1899 27.2055 10.9826 10.9871 48.5409 15.9621 32.5788 18.1745 27.197 20.4523 14.7309 13.9844 16.2229 14.4043
internal_count=701 506 478 222 190 146 256 91 165 109 44 44 195 64 131 73 109 82 59 56 65 58
is_linear=0
shrinkage=0.03


Tree=7
num_leaves=24
num_cat=0
split_feature=4 29 36 17 31 37 23 37 28 29 24 20 33 31 13 39 29 1 12 30 12 22 12
split_gain=7.56478 3.8468 4.0589 4.91657 5.76502 4.95347 4.83131 6.04594 5.75122 3.91004 3.61765 3.58015 3.46231 3.1783 3.7867 3.63847 2.89044 2.47242 2.29983 4.10112 2.28584 2.01184 1.72983
threshold=0.12285367702913579 1.5904013047273995 -0.11454047240202495 -1.4317066696262974 -1.1322022733300865 -1.0592517995781925 1.0000000180025095e-35 1.0000000180025095e-35 -0.4544251775404004 -0.13165191899297898 0.72064279123106434 0.27549389980310196 0.72002867540608584 -0.7507163855327611 1.1463064132161731 1.0000000180025095e-35 0.60637089117289733 -0.42896314088712445 -1.006721217425268 0.95435043632347394 -0.29985353889119826 -0.63500069606547538 -0.2850141141296198
decision_type=2 2 2 2 2 2 2 2 2 2 2 2 2 2 2 2 2 2 2 2 2 2 2
left_child=1 2 3 -1 12 -6 7 -4 21 10 -10 -11 -5 14 -2 -15 22 -9 -17 20 -20 -8 -7
right_child=13 -3 6 4 5 16 8 17 9 11 -12 -13 -14 15 -16 18 -18 -19 19 -21 -22 -23 -24
leaf_value=0.011591055483151289 -0.015524905995136964 -0.02354119677131955 -0.0043773399139608532 0.021231682108540442 0.00067321469731393109 -0.013296149586451891 -0.003369011595271127 0.039405494820485741 -0.015916681631020006 0.02974908050324513 0.012237055923341936 0 -0.0085573091696259408 0.029263146162206509 0.011196798411020078 0.022209415024921932 -0.0044960795901675685 0.010219625185398339 -0.017376894283474192 0.020519136197201363 0.0060010544079884421 -0.027449365089330012 -0.03679083777679177
leaf_weight=7.9922761917114249 7.2270714342594173 6.9512576460838309 9.2328429520130175 5.2350865602493268 9.2437066584825462 7.9792735427618018 6.4910726398229599 5.4791774898767471 9.4923010319471341 6.2298891842365283 4.9928625077009192 6.491484671831131 5.7458968013525009 9.8862645626068097 8.9734449088573438 5.2294475585222235 6.7446043491363517 7.7382701784372312 7.4750121682882327 5.2156172841787329 4.9690673947334325 7.4830805957317335 12.193015784025201
leaf_count=32 29 28 37 21 37 32 26 22 38 25 20 26 23 40 36 21 27 31 30 21 20 30 49
internal_value=0 -0.00387756 -0.0023975 -0.0082748 -0.0120197 -0.017675 0.00267613 0.0134632 -0.00333053 0.0045757 -0.00559941 0.015952 0.00600849 0.00984824 -0.000690257 0.0150346 -0.0238901 0.0255092 0.00722121 0.00107841 -0.00797016 -0.0180625 -0.0293377
internal_weight=174.692 125.716 118.765 55.1339 47.1416 36.1606 63.631 22.4503 41.1807 27.2065 14.4852 12.7214 10.981 48.9759 16.2005 32.7754 26.9169 13.2174 22.8891 17.6597 12.4441 13.9742 20.1723
internal_count=701 504 476 221 189 145 255 90 165 109 58 51 44 197 65 132 108 53 92 71 50 56 81
is_linear=0
shrinkage=0.03


Tree=8
num_leaves=26
num_cat=0
split_feature=4 27 19 12 7 10 41 20 31 14 4 21 26 36 0 13 24 36 35 26 5 26 22 30 27
split_gain=7.19329 3.17569 4.55348 4.31096 4.3645 4.1766 3.56993 3.51995 3.03331 4.39949 3.60636 5.59864 2.9816 5.10034 4.81427 2.80645 2.74269 2.6343 2.01871 3.7827 1.88319 1.38404 1.3605 1.11798 0.850038
threshold=0.12285367702913579 -1.4602890176883065 -1.2128300337480755 -0.26875719996670527 -0.043647611929081745 0.6458670390274095 228.50000000000003 -0.43159269993811256 -0.7507163855327611 -1.0929236946089025 0.46463154473211582 -1.0000000180025095e-35 -0.012875728281179765 -1.0000000180025095e-35 0.26596268282890001 -0.55005271555108159 -1.0000000180025095e-35 0.93929771045894261 0.73348467616615853 -0.66066655544199626 -0.24749746380490545 0.37579876801531042 0.37580938157721139 0.87292312807176797 0.48202337019048563
decision_type=2 2 2 2 2 2 2 2 2 2 2 2 2 2 2 2 2 2 2 2 2 2 2 2 2
left_child=1 15 -3 4 12 6 -5 -7 9 -2 24 23 18 21 -15 -1 -6 20 19 -4 -8 -14 -22 -12 -10
right_child=8 2 3 5 16 7 17 -9 10 -11 11 -13 13 14 -16 -17 -18 -19 -20 -21 22 -23 -24 -25 -26
leaf_value=-0.00047018445999173243 0.012512578409703514 0.016435413467468227 0.0018630103520975798 0.0048520224552040161 0 -0.010987754401754873 -0.032355221997145862 0.01479622580110378 0.030717399875367639 -0.016246448261439297 0.025966116499138173 -0.014360994338137964 -0.025915664060528136 0.024632152539596223 -0.0060828313810821696 -0.03090985248444366 -0.027155106895889344 0 -0.0010572339123937164 0.031909707134027292 -0.020329336622453589 -0.0024701820879758658 0 0.0041706763975822639 0.010103202200730898
leaf_weight=5.2308150678873062 8.7187959402799624 9.2236156612634641 7.4754568189382562 4.9880532920360556 5.9871363639831543 7.9817802459001541 12.698983550071718 7.9776908755302411 9.4123977869749051 7.4699741303920737 5.2139823436737043 6.9674582630395916 4.9867969602346385 7.4797530472278702 7.9664672911167145 5.4690583646297437 5.2387349754571897 4.9931912869215003 5.2369376569986335 7.7286515533924041 4.9760401248931903 4.9875658452510834 4.9939334094524384 5.2222812920808792 5.9223275631666175
leaf_count=21 35 37 30 20 24 32 51 32 38 30 21 28 20 30 32 22 21 20 21 31 20 20 20 21 24
internal_value=0 -0.00377078 -0.00213679 -0.00402076 0.00148773 -0.0104606 -0.0164048 0.00172116 0.00961969 -0.000670863 0.01469 0.00427278 0.00573365 -0.000985395 0.00930046 -0.0184082 -0.0140181 -0.020496 0.0138591 0.0189896 -0.0245961 -0.0165704 -0.0112512 0.0174571 0.0247221
internal_weight=174.548 125.621 114.921 105.697 57.0875 48.6097 32.6502 15.9595 48.9272 16.1888 32.7384 17.4037 45.8616 25.4206 15.4462 10.6999 11.2259 27.6621 20.441 15.2041 22.669 9.97436 9.96997 10.4363 15.3347
internal_count=701 504 461 424 229 195 131 64 197 65 132 70 184 102 62 43 45 111 82 61 91 40 40 42 62
is_linear=0
shrinkage=0.03


Tree=9
num_leaves=27
num_cat=0
split_feature=4 29 36 23 37 26 26 12 20 29 16 26 26 12 29 12 15 16 29 12 1 39 20 26 32 1
split_gain=6.85852 3.5623 3.78157 4.55938 5.75116 4.3746 3.76763 3.80409 3.64447 3.58943 3.1722 5.28688 3.5115 3.12468 3.01607 5.19787 3.7198 3.14222 2.57205 2.50924 2.31602 2.10981 1.94679 1.87699 1.38792 0.977059
threshold=0.12285367702913579 1.5904013047273995 -0.11454047240202495 1.0000000180025095e-35 1.0000000180025095e-35 0.24624060258314703 1.6713804223369439 -0.1800352114787426 0.27549389980310196 0.60637089117289733 1.0000000180025095e-35 -0.012875728281179657 -0.498718848651792 -0.22580948832799577 0.36036328778427185 -0.93377223784977936 0.33268495182331637 0.50491003844785831 -0.13165191899297898 -0.15440608171057707 -0.42896314088712445 1.0000000180025095e-35 -0.43159269993811256 -0.27199205914550623 -0.40559662499574217 -0.39860901362099888
decision_type=2 2 2 2 2 2 2 2 2 2 2 2 2 2 2 2 2 2 2 2 2 2 2 2 2 2
left_child=1 2 9 4 -4 -5 7 8 25 10 11 19 24 -14 15 -2 23 -16 -9 -1 -6 -18 -11 -17 -12 -7
right_child=14 -3 3 5 20 6 -8 18 -10 22 12 -13 13 -15 17 16 21 -19 -20 -21 -22 -23 -24 -25 -26 -27
leaf_value=0.017967056414025163 0.038781450288941817 -0.022638796350924747 -0.004261639980884831 -0.023650462687396189 0.038392568951895238 0.032394213237629067 -0.01704926699763808 -0.018190083368237471 -0.0035326469201477037 -0.0058781540831095956 -0.040443316702141442 -0.021242507076886324 0.0071354829805560507 -0.020000115803952605 -0.01269855127219942 0.0027491589350566157 0.0093141537432659561 0.010973882611188153 0.0065774996050536596 -0.0062891358171430142 0.010012601811735985 -0.012461663648067828 0.016060125814804316 0.026834057550353115 -0.012672928332630173 0.0089605573667783985
leaf_weight=7.9746793806552896 5.2030586451292065 6.9252474308013907 9.2312988042831439 6.2377989441156378 5.460304781794548 5.7271204739809036 6.4832490235567084 5.9891509264707565 5.4943500012159339 5.2396591901779175 5.7254670858383179 6.9657884389162055 6.4862230718135816 5.7259157747030294 8.4460025131702441 5.7088324129581478 5.4361555427312833 8.6967800706624967 5.9843233376741427 4.9720485806465158 7.7319121807813627 7.7104689031839371 6.2392427474260312 7.6711110472679129 5.7318496555089933 5.2302381694316882
leaf_count=32 21 28 37 25 22 23 26 24 22 21 23 28 26 23 34 23 22 35 24 20 31 31 25 31 23 21
internal_value=0 -0.00368532 -0.00226007 0.0026361 0.0131221 -0.00319832 0.0011153 0.00610572 0.0150245 -0.00793895 -0.0118387 -0.00234938 -0.0189676 -0.00594609 0.00939593 0.0146766 0.00791189 -0.00045066 -0.00601182 0.00855062 0.024888 -0.00301594 0.00606187 0.018274 -0.0300888 0.0241162
internal_weight=174.428 125.556 118.631 63.5697 22.4235 41.1462 34.9084 28.4252 16.4517 55.0609 43.582 19.9125 23.6695 12.2121 48.8724 31.7296 26.5266 17.1428 11.9735 12.9467 13.1922 13.1466 11.4789 13.3799 11.4573 10.9574
internal_count=701 504 476 255 90 165 140 114 66 221 175 80 95 49 197 128 107 69 48 52 53 53 46 54 46 44
is_linear=0
shrinkage=0.03


Tree=10
num_leaves=27
num_cat=0
split_feature=4 16 28 12 21 10 12 26 0 13 30 36 2 25 36 19 16 2 14 14 2 0 16 34 13 20
split_gain=6.54848 3.23014 4.31995 5.6969 4.16837 4.82195 5.98458 3.9569 6.52129 4.15316 3.26685 2.85954 3.28326 3.20262 2.79249 2.71464 2.85925 2.23602 2.87408 2.17196 2.12438 1.79567 1.67744 1.13717 0.857786 0.339937
threshold=0.12285367702913579 0.76449341721716413 1.0000000180025095e-35 -0.16505380850609319 -0.91978517592778797 0.1703822002671693 -0.37891246655251948 0.89403142974396399 0.1328273689452639 -0.54756705539643624 0.30293197030982705 -0.246270245259646 0.95179324374642504 -1.0000000180025095e-35 -0.72614298924097931 0.87122760106918229 -0.79300685539867122 -0.20450545791047745 -1.1529162194014397 -0.47409934602105841 -0.74755288386720087 -0.13344325882200847 -0.79300685539867122 -0.16861550838944048 1.5453127659367711 -1.0000000180025095e-35
decision_type=2 2 2 2 2 2 2 2 2 2 2 2 2 2 2 2 2 2 2 2 2 2 2 2 2 2
left_child=1 2 4 15 21 6 -6 9 -9 -3 -5 12 13 -2 -8 16 -4 -13 -19 -11 -7 -1 -22 -21 -14 -20
right_child=11 7 3 10 5 20 14 8 -10 19 -12 17 24 -15 -16 -17 -18 18 25 23 22 -23 -24 -25 -26 -27
leaf_value=-0.0047486653359173634 -0.021618270448337053 0.0045507008910389826 -0.008303461467315686 0.0081983167299308438 -0.028948247005759212 -0.0056258227685649607 -0.010419463889922634 0.026203258010998501 -0.015522106063686102 -0.003195059973073025 -0.01948580505599222 0 0.020443343031454113 0.0049267630552848824 0.015400547857809371 0.031722943570521876 0.016708065743603975 0.0047155534153136601 0.01424956643309226 -0.013692469672213801 0.0037177882824443575 -0.031380171536890482 0.024595725762551358 -0.034344368354357419 0.0024097049885243391 0.037660920528298454
leaf_weight=5.232861191034317 6.2089855372905731 6.2219255268573788 4.9854723364114752 5.4696996808052045 7.9559437185525921 5.2325105667114249 5.977650150656701 4.9755718261003476 5.4734918028116226 5.9839352965354946 6.9743888825178146 6.2099135518074062 5.214207321405409 7.1941310465335864 5.9803878068923924 6.4818323552608481 9.7060272097587603 7.6928380876779601 4.9382157027721441 9.2057107686996513 8.7050841748714429 5.4739793092012388 6.4751269817352322 8.9528433084487862 5.7185640037059784 5.6636095792055059
leaf_count=21 25 25 20 22 32 21 24 20 22 24 28 25 21 29 24 26 39 31 20 37 35 22 26 36 23 23
internal_value=0 -0.0036023 -0.000144472 0.00793327 -0.00565434 -0.000818271 -0.0110416 -0.010373 0.00463951 -0.0157026 -0.00731425 0.00918406 0.00142571 -0.0079058 0.00232493 0.0170503 0.00786704 0.0161316 0.0210602 -0.0211171 0.00895455 -0.0210388 0.014394 -0.0260235 0.0129219 0.0303698
internal_weight=174.305 125.464 84.651 33.6174 51.0335 40.3267 19.914 40.8135 10.4491 30.3644 12.4441 48.8405 24.3359 13.4031 11.958 21.1733 14.6915 24.5046 18.2947 24.1425 20.4127 10.7068 15.1802 18.1586 10.9328 10.6018
internal_count=701 504 340 135 205 162 80 164 42 122 50 197 98 54 48 85 59 99 74 97 82 43 61 73 44 43
is_linear=0
shrinkage=0.03


Tree=11
num_leaves=22
num_cat=0
split_feature=4 29 20 20 2 33 14 13 13 11 41 20 20 29 42 39 35 34 10 20 26
split_gain=6.25685 3.36987 3.66056 4.37041 4.05286 3.7408 4.87826 7.03959 3.98453 3.40423 3.0135 4.03052 2.95357 2.86751 3.70247 4.18946 3.20352 3.76769 2.36141 2.16312 1.6083
threshold=0.12285367702913579 1.5904013047273995 -1.5282984464755061 -0.7201994753426898 -0.61746927993079959 -1.311378127670473 1.0965390169088016 -0.81721648574119488 -0.046806410161202829 0.39789357295349265 185.50000000000003 1.0114411770847742 0.27549389980310196 0.36036328778427185 1.0000000180025095e-35 -1.0000000180025095e-35 0.61698442282907517 -0.4042452260941663 -0.48804028735730215 1.0000000180025095e-35 0.24624060258314703
decision_type=2 2 2 2 2 2 2 2 2 2 2 2 2 2 2 2 2 2 2 2 2
left_child=1 2 -1 4 -4 -5 7 -7 9 12 -10 -12 -9 14 16 -16 -2 -18 19 -15 -6
right_child=13 -3 3 5 20 6 -8 8 10 -11 11 -13 -14 18 15 -17 17 -19 -20 -21 -22
leaf_value=0.014979618094190785 0.0361312709243337 -0.021974684674768555 0.0014180201592008147 -0.022024888480622236 -0.031403271928766213 -0.027144701043148509 0.021232848185090487 0.023335868328642411 0.010770270728617247 -0.007036075868046881 -0.014190183869699963 0.010238480274084154 0 0.0039870137510918096 0.014697733141214983 -0.016845871108411379 -0.0077437384242620083 0.022661894837284167 0.014099442078651939 -0.018638077904771184 -0.0077235249618913693
leaf_weight=8.7226583510637266 7.4174005091190365 6.9014204442501059 8.1960909962654132 5.2313151061534873 8.7143890857696515 6.9713225960731497 8.2114038318395597 13.941134959459303 7.7264363020658555 6.4707328081130973 24.14736665785313 6.4848310351371756 7.4686804711818686 5.9753926843404788 7.1481150537729263 5.2193315923213977 5.2165115624666241 6.6690012216567949 4.9418147504329673 6.2128942906856537 6.2133875638246527
leaf_count=35 30 28 33 21 35 28 33 56 31 26 97 26 30 24 29 21 21 27 20 25 25
internal_value=4.59491e-07 -0.00351472 -0.00212837 -0.00372525 -0.0148876 -0.000475814 0.00120972 -0.00133701 0.00183148 0.0102408 -0.00428557 -0.00859538 0.0158431 0.00898804 0.0141459 0.000570739 0.0218869 0.0094964 -0.000597047 -0.00788623 -0.0235175
internal_weight=174.202 125.401 118.5 109.777 23.1239 86.6532 81.4219 73.2105 66.2392 27.8805 38.3586 30.6322 21.4098 48.8005 31.6704 12.3674 19.3029 11.8855 17.1301 12.1883 14.9278
internal_count=701 504 476 441 93 348 327 294 266 112 154 123 86 197 128 50 78 48 69 49 60
is_linear=0
shrinkage=0.03


Tree=12
num_leaves=25
num_cat=0
split_feature=1 29 36 17 31 26 33 29 40 31 14 32 1 1 12 41 26 22 35 39 35 25 1 31
split_gain=5.25427 3.30299 3.39547 4.43026 4.91701 3.67881 3.16825 3.14859 4.36168 2.95153 4.83856 3.28136 5.95082 2.89159 2.81526 2.92027 2.60384 2.01533 2.43635 1.96262 1.83451 1.53914 1.49032 1.04069
threshold=0.13258821353619774 1.5904013047273995 -0.11454047240202495 -1.4317066696262974 -1.1322022733300865 1.6713804223369439 0.72002867540608584 -0.65441807619380821 585.50000000000011 -0.7507163855327611 -1.0929236946089025 -0.14031178874512379 0.57272305889501773 -0.47449433178631273 -0.22674887561909368 550.00000000000011 -0.5311083900098329 0.37580938157721139 -0.082017097193426661 1.0000000180025095e-35 -0.43151785720467722 -0.30511317924683173 -0.65661909538306562 -0.23419124541779834
decision_type=2 2 2 2 2 2 2 2 2 2 2 2 2 2 2 2 2 2 2 2 2 2 2 2
left_child=1 2 3 -1 6 7 -5 13 17 10 -2 23 -13 -4 15 -6 -17 18 20 -15 21 -9 -16 -11
right_child=9 -3 5 4 14 -7 -8 8 -10 11 -12 12 -14 19 22 16 -18 -19 -20 -21 -22 -23 -24 -25
leaf_value=0.011607030327395016 0.011958637721925831 -0.021481467265527132 0.010517262346037764 0.020433609338087869 0.0084771073540875 -0.016238313116443696 -0.008073315456544437 0.0258792678407656 -0.0097166853976685414 0.0095630576579618289 -0.018414281318748966 0.018958654477432231 -0.01289454942757446 -0.025022348265774558 -0.010380500641902478 -0.027513308217495647 -0.0014525920540876332 1.8072500895256037e-05 0.030268427822732723 -0.00033060236432734747 -0.0040671137606215152 0.0033758185029931836 -0.03289091133449603 0.030866663770676567
leaf_weight=7.9856145679950705 8.704940587282179 6.8828035891056052 5.4737085253000286 5.2196870595216733 5.9852734059095374 6.4713355600833884 5.7393197119235992 5.2265331745147696 6.9727755934000006 6.4293540716171265 7.2171681672334662 9.5889385491609591 8.488188758492468 4.9752676635980588 7.4653735011816051 5.7108337581157667 7.9690347462892532 7.7272141128778449 8.9314678907394427 6.2386520504951477 4.9894106835126903 6.7109376192092887 9.1526327878236788 7.8393278419971448
leaf_count=32 35 28 22 21 24 26 23 21 28 26 29 39 34 20 30 23 32 31 36 25 20 27 37 32
internal_value=6.55515e-07 -0.00319602 -0.00183376 -0.00721292 -0.0107766 0.00279535 0.00584815 0.00540882 0.00986693 0.00829968 -0.00186448 0.0133411 0.00385338 -0.00501662 -0.0159895 -0.00702547 -0.0143709 0.0143453 0.0181717 -0.0134172 0.00951888 0.015464 -0.0248063 0.0234707
internal_weight=174.096 125.828 118.945 55.2278 47.2422 63.7173 10.959 57.246 40.5583 48.2679 15.9221 32.3458 18.0771 16.6876 36.2831 19.6651 13.6799 33.5856 25.8583 11.2139 16.9269 11.9375 16.618 14.2687
internal_count=701 506 478 222 190 256 44 230 163 195 64 131 73 67 146 79 55 135 104 45 68 48 67 58
is_linear=0
shrinkage=0.03


Tree=13
num_leaves=25
num_cat=0
split_feature=4 29 20 12 10 4 36 5 29 36 28 20 28 29 12 31 2 16 23 40 19 39 34 16
split_gain=5.69552 3.06316 3.45009 4.21901 5.06325 4.59267 3.94994 3.92165 3.72584 3.89883 5.75001 3.07903 2.72735 2.69316 4.88071 3.1384 5.20662 2.9452 2.56949 2.22521 1.39344 1.06227 0.766328 0.24152
threshold=0.12285367702913579 1.5904013047273995 -1.5282984464755061 -0.26981233826338086 0.6458670390274095 -0.1125932984995837 0.93929771045894261 -0.24749746380490545 0.60637089117289733 1.0000000180025095e-35 -0.4544251775404004 -0.43159269993811256 1.0000000180025095e-35 0.36036328778427185 -0.93377223784977936 -0.23419124541779834 0.95179324374642504 0.50491003844785831 -0.61102971892466662 550.00000000000011 0.61707423096951663 1.0000000180025095e-35 -0.090072269154531676 1.0000000180025095e-35
decision_type=2 2 2 2 2 2 2 2 2 2 2 2 2 2 2 2 2 2 2 2 2 2 2 2
left_child=1 2 -1 5 6 8 7 22 9 18 -11 -6 -7 14 -2 16 -16 -15 -4 -20 -9 -17 -5 -12
right_child=13 -3 3 4 11 12 -8 20 -10 10 23 -13 -14 17 15 21 -18 -19 19 -21 -22 -23 -24 -25
leaf_value=0.014578447254193555 0.036995031101928193 -0.021002506167081301 0.0055553992671690585 -0.013618210945481877 -0.0084512316392560682 -0.024432294405879341 0.0039026582614127389 -0.01396702320596631 0.021663830405807591 -0.01118394484480113 0.02870278499008316 0.015332579774139973 0.0013054999027437089 -0.012539185207516896 -0.018526291272524469 0.027219556502728517 0.013229863334371808 0.010389545548478225 0 -0.023931429187327071 0.0039113387675972413 0.0056359017700622167 -0.037077597114931554 0.010959336448230205
leaf_weight=8.7148796766996366 5.1562594324350384 6.8630788773298255 7.4566796869039491 5.4507805705070487 8.2151796817779559 6.7124441564083082 6.2248027920722953 8.1973116993904096 9.4482411593198758 5.4544185847044018 5.9631953090429288 8.2140820473432523 5.7313836961984634 8.4326526522636431 7.1862814724445405 5.1353454589843697 8.4252627789974195 8.6708316355943662 4.9791448414325767 7.4703736007213593 4.992658630013465 5.6726247072219849 9.4215101003646868 5.7095081657171249
leaf_count=35 21 28 30 22 33 27 25 33 38 22 24 33 23 34 29 21 34 35 20 30 20 23 38 23
internal_value=0 -0.00335645 -0.00203311 -0.0035864 -0.00981808 0.00178841 -0.016193 -0.0208255 0.00623726 0.00145569 0.0115664 0.00339315 -0.0132825 0.00858506 0.0135951 0.00707106 -0.00138005 -0.000692185 -0.00716407 -0.0149907 -0.0070829 0.0184462 -0.0308815 0.0227156
internal_weight=173.899 125.22 118.357 109.642 50.7163 58.9254 34.2871 28.0623 46.4816 37.0333 17.1271 16.4293 12.4438 48.6793 31.5758 26.4195 15.6115 17.1035 19.9062 12.4495 13.19 10.808 14.8723 11.6727
internal_count=701 504 476 441 204 237 138 113 187 149 69 66 50 197 128 107 63 69 80 50 53 44 60 47
is_linear=0
shrinkage=0.03


Tree=14
num_leaves=23
num_cat=0
split_feature=4 17 13 27 36 13 13 4 31 31 31 14 36 36 2 25 35 2 14 29 9 13
split_gain=5.4356 2.94037 5.75741 4.1418 5.35217 4.48892 3.82465 3.39053 3.07155 3.02296 4.06951 2.72252 2.67487 2.59741 2.99963 3.02001 2.56967 2.01193 2.80312 1.88152 1.27056 0.853578
threshold=0.12285367702913579 -1.4317066696262974 -0.18200386060220761 -1.4602890176883065 -0.11454047240202495 -0.81721648574119488 -0.010420036583427111 -0.33285014657483702 -1.1322022733300865 0.82924286658359569 0.13041473583982249 0.98973344491584592 0.28064884617083774 -0.246270245259646 0.95179324374642504 -1.0000000180025095e-35 0.38398391615490796 -0.20450545791047745 -1.1529162194014397 -0.37765952238160455 -0.30435034744672124 1.5453127659367711
decision_type=2 2 2 2 2 2 2 2 2 2 2 2 2 2 2 2 2 2 2 2 2 2
left_child=1 2 -1 -3 5 -5 7 -7 -8 10 12 20 -6 14 15 -2 -10 -15 -19 -12 -11 -16
right_child=13 3 -4 4 9 6 8 -9 16 11 19 -13 -14 17 21 -17 -18 18 -20 -21 -22 -23
leaf_value=0.024053356538597359 -0.021201046989436829 -0.02355419758117358 -0.0078383969000350561 -0.033898671862896863 0.010889438335576079 -0.0085246298649428506 0.00060320692640938812 0.015018095755751748 -0.034069014840384861 0.0089704423548306478 0.0047147240596445697 -0.017248997999914906 -0.011047682224883596 0 0.019509159956980607 0.0046018811480406686 -0.0055251946445020158 0.0037936402243126713 0.028928086946068871 0.027912320345182512 -0.0076381296462973737 0.0017880028387010549
leaf_weight=8.2052364349365252 6.1964662075042725 8.6425492912530881 9.1978780180215818 5.2083072811365119 7.4625432938337353 9.6629179418087023 6.7167418003082284 9.206949979066847 6.9193674921989441 9.4272321313619596 6.7089224308729163 8.4377129375934583 9.693550303578375 6.1930798739194897 5.1901127099990827 7.1705861091613787 6.197855681180954 7.6643035262823149 10.509260401129719 8.4425860643386823 4.9785214513540295 5.7016250640153885
leaf_count=33 25 35 37 21 30 39 27 37 28 38 27 34 39 25 21 29 25 31 43 34 20 23
internal_value=4.84339e-06 -0.00327157 0.00759607 -0.00516272 -0.00317113 -0.0108381 -0.00643663 0.00292777 -0.0152065 0.00295282 0.00876009 -0.00504765 -0.00107556 0.00840009 0.00101413 -0.00788806 -0.0229436 0.0150362 0.0197306 0.019351 0.0026744 0.012056
internal_weight=173.734 125.109 17.4031 107.706 99.0632 43.9121 38.7038 18.8699 19.834 55.1511 32.3076 22.8435 17.1561 48.6254 24.2588 13.3671 13.1172 24.3666 18.1736 15.1515 14.4058 10.8917
internal_count=701 504 70 434 399 177 156 76 80 222 130 92 69 197 98 54 53 99 74 61 58 44
is_linear=0
shrinkage=0.03


Tree=15
num_leaves=23
num_cat=0
split_feature=4 17 13 30 36 12 23 37 28 17 16 13 16 31 39 13 41 21 0 16 35 36
split_gain=5.18001 2.79694 5.47449 3.85842 4.53698 4.20205 3.19225 6.52761 4.00157 3.01105 2.74874 2.64203 2.63524 2.4955 3.28006 3.15998 2.33891 2.55889 2.06077 2.36094 1.31425 0.923093
threshold=0.12285367702913579 -1.4317066696262974 -0.18200386060220761 -1.305257367661363 -0.11454047240202495 -0.26875719996670527 1.0000000180025095e-35 1.0000000180025095e-35 -0.4544251775404004 0.35146130563227745 1.0000000180025095e-35 0.51788617474494025 -0.79300685539867122 -0.7507163855327611 1.0000000180025095e-35 1.1463064132161731 494.50000000000006 1.0000000180025095e-35 -0.071630434518891742 -0.79300685539867122 -0.59282590028679316 0.1395098038233869
decision_type=2 2 2 2 2 2 2 2 2 2 2 2 2 2 2 2 2 2 2 2 2 2
left_child=1 2 -1 21 5 9 7 -6 -8 -5 -11 20 -9 15 -15 -2 -16 -18 -10 -20 -7 -3
right_child=13 3 -4 4 6 11 8 12 18 10 -12 -13 -14 14 16 -17 17 -19 19 -21 -22 -23
leaf_value=0.023461245021361009 -0.014627527769701162 -0.0079299452730715973 -0.0076377263406541187 -0.015395956944173388 -0.0074866835829179267 -0.0074402616026946859 -0.017906525328349923 0.0072183678249614731 -0.0062857559378664248 0.016494124328658356 -0.0062576657884392314 0 0.038887840332299521 0.026384742603311417 -0.0077368547039231884 0.0098035701918795307 0.020396923706399395 -0.0021787579660071392 -0.0037724197766930432 0.018747965644854186 -0.03037220823023961 -0.029462082327138275
leaf_weight=8.1979129016399401 7.2022980004549053 5.9152916967868787 9.1957945078611356 6.9607580751180675 7.7115984708070782 5.2065334469080016 9.1881093829870206 5.7136339098215112 9.199661508202551 8.9531888067722338 7.1974341571331015 5.2146361470222464 5.442898437380788 9.7134130746126157 6.6881065219640758 8.9311738014221174 9.6045003682374972 6.4340405017137519 5.4721394926309541 9.4364438652992302 10.836598977446556 5.1784974783658981
leaf_count=33 29 24 37 28 31 21 37 23 37 36 29 21 22 40 27 36 39 26 22 38 44 21
internal_value=7.93554e-07 -0.00319753 0.00740107 -0.00504354 -0.00288496 -0.00981086 0.00300371 0.0124263 -0.00246888 -0.000498587 0.00634485 -0.0189713 0.0259206 0.00820181 0.012838 -0.00107922 0.00552537 0.0115866 0.00388464 0.0105271 -0.0245445 -0.0207694
internal_weight=173.595 125.021 17.3937 107.627 96.5336 44.3691 52.1645 18.8681 33.2964 23.1114 16.1506 21.2578 11.1565 48.5735 32.4401 16.1335 22.7266 16.0385 24.1082 14.9086 16.0431 11.0938
internal_count=701 504 70 434 389 179 210 76 134 93 65 86 45 197 132 65 92 65 97 60 65 45
is_linear=0
shrinkage=0.03


Tree=16
num_leaves=25
num_cat=0
split_feature=4 32 19 0 40 5 12 24 19 31 12 39 10 12 31 12 30 35 20 22 19 1 12 12
split_gain=4.92008 2.70735 4.35611 3.96069 3.62549 3.44618 7.36251 3.14625 2.92858 2.71756 2.46399 4.37318 3.27636 2.98263 2.59697 2.08646 6.88181 3.66303 3.74279 1.73549 3.49765 1.13193 1.01417 0.427925
threshold=0.12285367702913579 0.65554272000673119 0.87122760106918229 0.45140115573825018 550.00000000000011 -0.66420240738244962 -0.077825535761451056 1.0935624988468422 -0.29787790138927966 -1.1322022733300865 -1.006721217425268 1.0000000180025095e-35 -0.48804028735730215 -0.44389200262111345 -0.7507163855327611 -0.26981233826338086 -0.34848649570381957 -0.78101861721592802 -1.0000000180025095e-35 0.88121442039855535 0.31209018684991779 -0.30754663182262226 -0.38562577351027721 2.1973942196141456
decision_type=2 2 2 2 2 2 2 2 2 2 2 2 2 2 2 2 2 2 2 2 2 2 2 2
left_child=1 2 5 4 -3 6 -1 -6 -5 -7 -2 12 14 -13 -12 17 -17 -11 22 20 -15 -4 -19 -18
right_child=10 3 21 8 7 9 -8 -9 -10 15 11 13 -14 19 -16 16 23 18 -20 -21 -22 -23 -24 -25
leaf_value=0.019650926724071739 0.021901961773569206 -0.004256883341342616 0.015346323521430703 0.0037695485435396813 0.029273825617152222 0.0018493408933345022 -0.019738294805228828 2.6780757366800139e-05 -0.021889275364214048 -0.022864268741026577 -0.0081803489607466841 -0.01748930793421254 0.033612532963876458 0.011312831409850959 0.017931457583820212 -0.00030438550159219444 -0.039017295838968298 0 -0.014029644776438074 0.013120354774361792 -0.01982831884477863 0 0.019000311108613489 -0.015293523716499141
leaf_weight=8.9117241799831373 8.1131513118743879 7.6806300878524807 7.2065631449222556 7.181401863694191 8.9354033023118955 9.4429564327001554 5.6973641961812964 5.4601121842861167 5.9477832615375501 8.1595201343297905 5.4560534954071036 7.452117145061492 4.8285419940948477 4.9407809525728279 5.1260919123888007 9.3981610089540499 9.3763714581728035 4.957217484712598 7.9441200643777874 7.6436906903982154 4.9447300285100937 8.4467521607875806 5.2099349945783624 4.9545422047376624
leaf_count=36 33 31 29 29 36 38 23 22 24 33 22 30 20 20 21 38 38 20 32 31 20 34 21 20
internal_value=0 -0.00312429 -0.00589036 0.00371303 0.0113076 -0.008951 0.00350959 0.0196075 -0.00849682 -0.0121229 0.00799228 0.00437096 0.0162401 -0.00322954 0.0046277 -0.0148552 -0.0213403 -0.00794511 0 0.0034181 -0.0042971 0.00775553 0.011375 -0.0334206
internal_weight=173.416 124.911 89.7052 35.2053 22.0761 74.0519 14.6091 14.3955 13.1292 59.4428 48.5052 40.392 15.4107 24.9813 10.5821 49.9999 23.7291 26.2708 18.1113 17.5292 9.88551 15.6533 10.1672 14.3309
internal_count=701 504 362 142 89 299 59 58 53 240 197 164 63 101 43 202 96 106 73 71 40 63 41 58
is_linear=0
shrinkage=0.03


Tree=17
num_leaves=26
num_cat=0
split_feature=4 16 21 19 31 23 31 32 35 16 33 12 12 25 31 13 13 20 16 2 15 2 2 35 12
split_gain=4.69233 2.71343 3.90275 5.83561 3.84571 4.38863 4.03007 3.6553 3.92507 2.57273 2.46597 2.33836 2.42506 3.89191 2.68256 3.23493 2.14886 1.97464 2.60651 2.59307 2.02708 1.88043 1.43217 1.18782 0.274978
threshold=0.12285367702913579 0.76449341721716413 -0.91978517592778797 0.87122760106918229 1.4673033337844323 1.0000000180025095e-35 0.13041473583982249 0.65554272000673119 -0.082017097193426661 0.50491003844785831 0.11060663448311818 -1.006721217425268 -0.40436548760621932 1.0000000180025095e-35 -0.51777367528483664 1.1463064132161731 -0.023639923271512469 -0.43159269993811256 -0.79300685539867122 -0.10952377884580333 -0.18080969308271147 0.95179324374642504 -0.24580184011250958 -0.43151785720467722 -0.29430619624206583
decision_type=2 2 2 2 2 2 2 2 2 2 2 2 2 2 2 2 2 2 2 2 2 2 2 2 2
left_child=1 2 3 24 5 6 17 10 -9 23 22 -2 13 -13 21 -16 -12 18 -4 20 -19 -14 -3 -7 -1
right_child=11 7 4 -5 -6 9 -8 8 -10 -11 16 12 14 -15 15 -17 -18 19 -20 -21 -22 -23 -24 -25 -26
leaf_value=-0.011171833874339348 0.021380072128413637 -0.028767141861353498 -0.021071120838375305 0.0082173148275364767 0.025463857792707781 -0.026212839506636883 0.026089765720981296 -0.010760729072424325 0.01754521064648823 0.0050860116133109 0.0083353908245955236 -0.020393539766707682 -0.012223619863035185 0.010963268146710127 0.027407002744241259 0 -0.01556453990351476 0.022786185329622961 0.0038870464769996146 -0.0055234528831385873 0 0.0078025688044988332 -0.0055872938647207404 -0.0068214719886495207 -0.030909702335657711
leaf_weight=4.9580436646938333 8.0986908972263318 10.604517072439192 4.9457980096340179 6.7136774212121955 4.9571908116340628 5.4454655349254617 6.4286276400089255 7.9110260009765625 6.7074704021215421 6.1956169158220282 5.4469834417104721 6.412236392498011 5.6912896037101737 4.9300260245800018 8.7680444866418892 5.8896288126707068 4.9541967660188657 8.4147657454013789 7.4382854551076871 7.6845435351133373 5.961507424712182 8.6565412878990156 4.9514590650796917 9.4280174523591995 5.6868624687194833
leaf_count=20 33 43 20 27 20 22 26 32 27 25 22 26 23 20 36 24 20 34 30 31 24 35 20 38 23
internal_value=0 -0.00304875 0 -0.0120262 0.00338763 0.000966044 0.00672009 -0.00927085 0.00227889 -0.00963554 -0.0157631 0.00781295 0.00427761 -0.00660821 0.00884669 0.0172382 -0.00307119 0.00200022 -0.00684789 0.00734162 0.0144684 -0.000167624 -0.022881 -0.0160385 -0.0247258
internal_weight=173.281 124.834 84.2584 17.3586 66.8998 61.9426 40.8735 40.5757 14.6185 21.0691 25.9572 48.4465 40.3478 11.3423 29.0055 14.6577 10.4012 34.4449 12.3841 22.0608 14.3763 14.3478 15.556 14.8735 10.6449
internal_count=701 504 340 70 270 250 165 164 59 85 105 197 164 46 118 60 42 139 50 89 58 58 63 60 43
is_linear=0
shrinkage=0.03


end of trees

feature_importances:
Column_29=34
Column_12=32
Column_31=29
Column_4=25
Column_36=21
Column_26=18
Column_32=18
Column_13=17
Column_20=17
Column_16=16
Column_1=15
Column_14=13
Column_39=13
Column_19=12
Column_35=12
Column_2=11
Column_30=10
Column_23=9
Column_28=9
Column_33=9
Column_10=8
Column_22=8
Column_17=7
Column_37=7
Column_0=6
Column_15=6
Column_34=6
Column_40=6
Column_21=5
Column_25=5
Column_27=5
Column_41=5
Column_5=4
Column_24=4
Column_11=2
Column_3=1
Column_7=1
Column_9=1
Column_42=1

parameters:
[boosting: gbdt]
[objective: binary]
[metric: binary_logloss]
[tree_learner: serial]
[device_type: cpu]
[data_sample_strategy: bagging]
[data: ]
[valid: ]
[num_iterations: 350]
[learning_rate: 0.03]
[num_leaves: 96]
[num_threads: 2]
[seed: 42]
[deterministic: 0]
[force_col_wise: 1]
[force_row_wise: 0]
[histogram_pool_size: -1]
[max_depth: 10]
[min_data_in_leaf: 20]
[min_sum_hessian_in_leaf: 0.001]
[bagging_fraction: 0.85]
[pos_bagging_fraction: 1]
[neg_bagging_fraction: 1]
[bagging_freq: 0]
[bagging_seed: 400]
[bagging_by_query: 0]
[feature_fraction: 0.8]
[feature_fraction_bynode: 1]
[feature_fraction_seed: 30056]
[extra_trees: 0]
[extra_seed: 12879]
[early_stopping_round: 0]
[early_stopping_min_delta: 0]
[first_metric_only: 0]
[max_delta_step: 0]
[lambda_l1: 0.2]
[lambda_l2: 1.5]
[linear_lambda: 0]
[min_gain_to_split: 0]
[drop_rate: 0.1]
[max_drop: 50]
[skip_drop: 0.5]
[xgboost_dart_mode: 0]
[uniform_drop: 0]
[drop_seed: 17869]
[top_rate: 0.2]
[other_rate: 0.1]
[min_data_per_group: 100]
[max_cat_threshold: 32]
[cat_l2: 10]
[cat_smooth: 10]
[max_cat_to_onehot: 4]
[top_k: 20]
[monotone_constraints: ]
[monotone_constraints_method: basic]
[monotone_penalty: 0]
[feature_contri: ]
[forcedsplits_filename: ]
[refit_decay_rate: 0.9]
[cegb_tradeoff: 1]
[cegb_penalty_split: 0]
[cegb_penalty_feature_lazy: ]
[cegb_penalty_feature_coupled: ]
[path_smooth: 0]
[interaction_constraints: ]
[verbosity: -1]
[saved_feature_importance_type: 0]
[use_quantized_grad: 0]
[num_grad_quant_bins: 4]
[quant_train_renew_leaf: 0]
[stochastic_rounding: 1]
[linear_tree: 0]
[max_bin: 255]
[max_bin_by_feature: ]
[min_data_in_bin: 3]
[bin_construct_sample_cnt: 200000]
[data_random_seed: 175]
[is_enable_sparse: 1]
[enable_bundle: 1]
[use_missing: 1]
[zero_as_missing: 0]
[feature_pre_filter: 1]
[pre_partition: 0]
[two_round: 0]
[header: 0]
[label_column: ]
[weight_column: ]
[group_column: ]
[ignore_column: ]
[categorical_feature: ]
[forcedbins_filename: ]
[precise_float_parser: 0]
[parser_config_file: ]
[objective_seed: 16083]
[num_class: 1]
[is_unbalance: 0]
[scale_pos_weight: 1]
[sigmoid: 1]
[boost_from_average: 1]
[reg_sqrt: 0]
[alpha: 0.9]
[fair_c: 1]
[poisson_max_delta_step: 0.7]
[tweedie_variance_power: 1.5]
[lambdarank_truncation_level: 30]
[lambdarank_norm: 1]
[label_gain: ]
[lambdarank_position_bias_regularization: 0]
[eval_at: ]
[multi_error_top_k: 1]
[auc_mu_weights: ]
[num_machines: 1]
[local_listen_port: 12400]
[time_out: 120]
[machine_list_filename: ]
[machines: ]
[gpu_platform_id: -1]
[gpu_device_id: -1]
[gpu_device_id_list: ]
[gpu_use_dp: 0]
[num_gpu: 1]

end of parameters

pandas_categorical:null
