tree
version=v4
num_class=1
num_tree_per_iteration=1
label_index=0
max_feature_idx=42
objective=binary sigmoid:1
feature_names=Column_0 Column_1 Column_2 Column_3 Column_4 Column_5 Column_6 Column_7 Column_8 Column_9 Column_10 Column_11 Column_12 Column_13 Column_14 Column_15 Column_16 Column_17 Column_18 Column_19 Column_20 Column_21 Column_22 Column_23 Column_24 Column_25 Column_26 Column_27 Column_28 Column_29 Column_30 Column_31 Column_32 Column_33 Column_34 Column_35 Column_36 Column_37 Column_38 Column_39 Column_40 Column_41 Column_42
feature_infos=[-2.0236399047579408:6.1299412230181769] [-4.7076277533838793:10.718664673475413] [-1.9636584656708975:9.0664533398992404] [-1.9831126497377873:5.8785411278440343] [-4.7001271922896768:10.625611411567242] [-1.9674336019977827:8.937175732972312] [-2.838842784167293:4.4080280618865073] [-5.9892079361052195:8.8155569686633584] [-3.1116524701161654:5.2563734734368213] [-3.1358544138895739:3.8186278372772233] [-7.2626734818857601:7.5451784464917715] [-3.1312914350136802:4.6652221555317608] [-1.6101625076748887:2.2314650247896228] [-3.2413405275408662:4.1532539986050478] [-3.0481281239412867:4.5300377905208506] [-1.7918369254803075:1.6791600636019466] [-1.4828162621990892:1.3673174304865701] [-2.1898511726070145:1.0968773253165256] [-1.5505846215100918:0.64491804325139479] [-2.5531949752533891:2.399139765921166] [-2.371529484052648:3.8771156074638378] [-2.2314017645036381:4.1861939739691847] [-4.1807146279526579:3.7858424162746158] [-1.7707096972318712:3.2204022447510825] [-2.0829996029464257:5.503284500492537] [-2.6410952413204032:3.3533503679316565] [-2.9038071169059614:4.7177646276845273] [-3.4266190518809037:3.2039165313623101] [-3.2085201305085893:4.0370473343565783] [-2.4876269127672441:5.1179915399504967] [-5.5307931460971638:3.8090631624216491] [-2.3487679677410145:4.1722198010668441] [-2.7529614711613348:7.2333113055844986] [-3.5313455115336341:4.5436708263305938] [-3.9040081535231388:6.0267856997988352] [-4.5620114707361994:4.2281244246652969] [-3.0434752761838517:5.4429555786710795] [-1.432346423296061:2.7016881576521223] [-1.1157420310248907:3.7670791234603378] [-1.078329890907008:4.0804983371822017] [2:814] [2:814] [0:3]
tree_sizes=4591 4657 5189 4907 4914 4708 4890 4856 4990 4899 5215 5007 5102

Tree=0
num_leaves=43
num_cat=0
split_feature=12 33 12 40 40 0 26 31 13 29 34 22 12 12 15 31 31 0 20 14 27 16 15 1 26 16 16 32 3 36 22 15 30 31 15 29 40 36 28 29 29 30
split_gain=9.5268 6.93275 6.23846 5.66044 5.2877 5.27324 6.61442 8.05524 7.37125 6.98599 5.44632 4.91232 4.87747 5.34393 4.53495 4.16167 4.08123 4.77611 5.63834 4.7851 7.03336 4.26192 3.74677 3.37333 3.35697 3.97095 3.24948 3.03315 2.7859 2.76653 2.39818 2.34241 2.33116 3.07509 2.24075 2.18033 2.05423 1.29622 1.15199 1.07784 1.03184 1.08497
threshold=0.018930851656634363 0.14991193661035254 2.0513971162187334 116.00000000000001 175.50000000000003 -0.030319702758619803 1.0000000180025095e-35 1.4551415640635701 0.75858528747378295 -0.63526646619759575 0.10451540706255372 0.70201388302534873 -1.4342171983842558 -0.38963534645478626 1.1405570825374591 0.15094401030199819 1.0000000180025095e-35 0.41041441225630543 1.0000000180025095e-35 -0.15316919698374817 0.66221122445241154 -1.0941616677419537 -0.89416529037282788 -0.91992202357467845 -0.60523786060089302 0.71955977305801133 0.46045671008658767 -0.38122168668419948 1.183386788454891 0.21509657128929169 -1.0000000180025095e-35 1.0000000180025095e-35 0.2429362082599206 -0.74267283209018975 -1.3729234957634835 0.36448000700190886 301.50000000000006 0.21509657128929169 -0.75437631176393571 1.0000000180025095e-35 -1.0615734528826672 -0.60614163796906229
decision_type=2 2 2 2 2 2 2 2 2 2 2 2 2 2 2 2 2 2 2 2 2 2 2 2 2 2 2 2 2 2 2 2 2 2 2 2 2 2 2 2 2 2
left_child=1 3 16 -1 -3 6 8 11 9 -5 35 22 -7 14 36 24 21 19 -19 20 -18 -2 34 -23 25 27 -4 39 -15 -21 -31 -29 38 -34 -8 -11 -14 -17 -25 -6 -26 -42
right_child=2 4 26 5 15 12 7 -9 -10 10 -12 -13 13 28 -16 37 17 18 -20 29 -22 23 -24 32 40 -27 -28 31 -30 30 -32 -33 33 -35 -36 -37 -38 -39 -40 -41 41 -43
leaf_value=0.07376956253946905 0.094709424218325927 0.10564394734213958 0.071104619507319944 0.11651212497514245 0.084899519199077039 0.089243867725848525 0.073774432351728925 0.10792352370102007 0.12961380821224719 0.11219413896279073 0.071975880845069659 0.096922891904566544 0.096670621401800758 0.10858869578937352 0.13612906921211432 0.10910595590384543 0.078312754740893747 0.07051588773532938 0.10641158213872859 0.099920910368079249 0.11633973974073133 0.096922891904566544 0.05426791577604044 0.10996137212958618 0.088978774556903978 0.10297187857505892 0.10020091021518648 0.10641158213872859 0.083127055532762617 0.13646666877090713 0.10465343305951597 0.081491180316282302 0.093165750576341591 0.11934192534909137 0.098136433306134307 0.088624350766851642 0.11929233355251939 0.091142012883057746 0.13209952305680478 0.061909213700874807 0.083302866681074561 0.064351107887262921
leaf_weight=6.9836711883544913 9.4778394699096662 9.7272562980651838 5.9860038757324201 8.9790058135986346 7.482504844665522 9.4778394699096662 6.2354207038879412 8.979005813598631 5.986003875732421 5.7365870475769061 9.7272562980651838 7.4825048446655265 8.4801721572875959 6.4848375320434588 8.7295889854431135 5.2377533912658674 9.4778394699096662 7.7319216728210431 5.4871702194213867 7.9813385009765652 5.7365870475769034 7.4825048446655265 7.7319216728210476 6.7342543601989702 5.736587047576907 9.7272562980651838 5.2377533912658691 5.487170219421392 5.9860038757324219 5.4871702194213841 5.23775339126587 4.9883365631103516 6.2354207038879395 7.233088016510008 4.9883365631103516 5.2377533912658691 5.4871702194213858 5.9860038757324219 13.717925548553472 5.2377533912658691 8.9790058135986381 14.466176033020014
leaf_count=28 38 39 24 36 30 38 25 36 24 23 39 30 34 26 35 21 38 31 22 32 23 30 31 27 23 39 21 22 24 22 21 20 25 29 20 21 22 24 55 21 36 58
internal_value=0.0966706 0.0928751 0.103774 0.0973756 0.0862604 0.099126 0.0941153 0.0851076 0.103004 0.0965035 0.0868006 0.0769559 0.107058 0.11213 0.120354 0.0834806 0.106259 0.0995916 0.0852979 0.105577 0.0934882 0.112062 0.0693403 0.116104 0.0804864 0.0879663 0.0839699 0.0814301 0.0966546 0.115213 0.124307 0.0946308 0.119975 0.107686 0.0839699 0.100849 0.107237 0.0995313 0.12649 0.0723428 0.0730813 0.0701284
internal_weight=315.013 205.769 109.245 122.713 83.0558 115.729 71.0838 35.4172 35.6666 29.6806 20.7016 26.4382 44.6456 35.1678 22.6969 73.3285 98.0208 47.1398 13.2191 33.9207 15.2144 50.881 18.9557 41.4032 62.1048 32.923 11.2238 23.1958 12.4708 18.7063 10.7249 10.4755 33.9207 13.4685 11.2238 10.9743 13.9673 11.2238 20.4522 12.7203 29.1818 23.4452
internal_count=1263 825 438 492 333 464 285 142 143 119 83 106 179 141 91 294 393 189 53 136 61 204 76 166 249 132 45 93 50 75 43 42 136 54 45 44 56 45 82 51 117 94
is_linear=0
shrinkage=1


Tree=1
num_leaves=43
num_cat=0
split_feature=35 8 12 14 17 5 29 39 33 41 16 21 25 42 27 15 16 29 22 41 13 16 19 20 21 34 25 15 22 34 15 15 21 41 35 32 30 41 30 29 25 12
split_gain=10.8452 14.5622 12.8396 9.81632 6.74077 6.44058 5.2747 4.81644 5.9262 4.69771 4.06783 5.34391 6.30507 5.96789 4.91867 4.43641 4.71852 3.65521 3.37863 3.34016 4.00939 3.61518 3.31213 3.85636 3.62617 3.14658 2.77952 2.68544 2.67315 2.64041 2.19125 2.10995 2.56497 1.50737 1.60823 1.22023 1.05482 0.888322 0.747353 0.574778 0.422633 0.376976
threshold=-0.88017823384653748 -0.28450075679361836 -1.4342171983842558 -0.99761524158513137 0.27519520083564075 0.97317604866582008 -0.63526646619759575 1.0000000180025095e-35 1.0000000180025095e-35 710.00000000000011 0.46045671008658767 -0.42645296305815689 1.0613564585117516 1.5000000000000002 0.66221122445241154 0.7814884284944672 -1.3532647307133772 0.63610923745611381 -1.0326396669273639 683.00000000000011 0.26742856819097355 -0.83505860477053007 0.25312804474552547 -0.4622212616448329 -1.2286524303672597 0.75105146522153643 -0.48133174975164639 0.06335112040848348 -0.45442181694312672 0.44071415730522473 -0.29571753363450831 0.06335112040848348 1.0000000180025095e-35 502.00000000000006 0.16268657304210513 -0.38122168668419948 1.1769218391118021 198.00000000000003 0.49765956212861556 -0.17877845390650107 -0.48133174975164639 0.026156419890092177
decision_type=2 2 2 2 2 2 2 2 2 2 2 2 2 2 2 2 2 2 2 2 2 2 2 2 2 2 2 2 2 2 2 2 2 2 2 2 2 2 2 2 2 2
left_child=4 2 -2 5 28 -3 26 10 29 18 15 14 13 17 -12 16 -5 39 -8 20 21 27 23 -7 -24 31 -4 -6 40 -9 -10 32 33 34 -18 -32 38 -20 -26 -13 -1 -23
right_child=1 3 6 7 19 22 9 8 30 -11 11 12 -14 -15 -16 -17 25 -19 37 -21 -22 41 24 -25 36 -27 -28 -29 -30 -31 35 -33 -34 -35 -36 -37 -38 -39 -40 -41 -42 -43
leaf_value=0.0037190783274526585 -0.021416999779011982 0.032181850979103921 0.012055359167937443 0.010363600255277208 -0.021194448925642768 0.010667003079183831 0.0029765924178599308 0.0027046308673251097 0.0038529510945479804 -0.0015104871857578915 0.024798081381191009 -0.015016134530856399 0.016737051535097552 0.010538634378688825 -0.0049282638773853263 -0.031831086890256016 -0.027069090965975935 -0.0013252097005491035 0.02289867980349802 0.0036859741246581083 0.00071015784969253649 -0.034284979010819804 -0.0078203995431857191 -0.019476289454749968 0.015018542625934076 0.0054575561702547067 -0.011912340022376034 0.0048904525057586737 -0.0087076142581459653 0.0306960406719477 -0.0013803155778876097 0 -0.031721192935989184 0.0014907883095919556 -0.0049034888919652353 -0.022709040268020602 0.025845591713076786 0.03927328945459807 0 -0.037106235360388477 0.018475405030018953 -0.014263639824391845
leaf_weight=5.2391056120395669 6.7374176234006873 8.2265383899211866 9.2227342128753644 7.483196258544921 5.2393836081027967 4.9872269034385681 5.7344029098749152 6.2348277866840345 9.7304012328386307 5.4855618029832831 8.7290521413087863 6.2363297045230928 5.2355292588472357 4.9856228679418555 8.4786175340414029 9.4798062145709974 5.487930923700338 5.9876326918601981 24.927996128797531 5.2391276806592932 6.4845986366271964 16.714622944593433 5.7345355153083792 7.7332582622766477 4.9839488416910225 5.4870039522647849 5.735416203737258 5.9854432940483093 6.9835470020771018 6.4841544330120087 4.9872132837772352 5.7359941303730002 10.481278881430624 4.9883060902357093 7.98176109790802 5.4887387156486529 7.2286348342895499 12.21150556206703 5.2356770932674408 8.2328845262527484 5.488482579588891 5.4870641827583304
leaf_count=21 27 33 37 30 21 20 23 25 39 22 35 25 21 20 34 38 22 24 100 21 26 67 23 31 20 22 23 24 28 26 20 23 42 20 32 22 29 49 21 33 22 22
internal_value=0 0.00279552 0.0142729 -0.0016686 -0.0109936 0.0103796 0.0185709 -0.0056364 0.00411354 0.0232783 -0.00876463 -0.00205884 -0.0095146 -0.0157704 0.0106097 -0.014087 -0.00957062 -0.0227375 0.026529 -0.0170175 -0.0199152 -0.0239468 0.00413341 -0.00735772 0.0107457 -0.0136683 0.00225272 -0.00787675 0.00418022 0.0191295 -0.00573066 -0.0169614 -0.0201069 -0.0113227 -0.0161427 -0.0145009 0.0173003 0.0297535 0.00820963 -0.0302658 0.0130997 -0.0308058
internal_weight=314.983 252.121 70.055 182.066 62.8614 44.1298 63.3176 137.936 32.9253 48.3595 105.011 47.8857 30.678 25.4425 17.2077 57.1253 47.6455 20.4568 42.8739 45.1502 39.9111 33.4265 35.9033 12.7205 23.1828 40.1623 14.9582 11.2248 17.7111 12.719 20.2064 34.6753 28.9393 18.458 13.4697 10.476 17.4483 37.1395 10.2196 14.4692 10.7276 22.2017
internal_count=1263 1011 281 730 252 177 254 553 132 194 421 192 123 102 69 229 191 82 172 181 160 134 144 51 93 161 60 45 71 51 81 139 116 74 54 42 70 149 41 58 43 89
is_linear=0
shrinkage=0.03


Tree=2
num_leaves=48
num_cat=0
split_feature=35 2 14 18 2 0 38 26 39 42 28 26 37 32 29 21 29 32 23 29 24 37 25 42 26 22 0 16 22 14 40 34 14 25 26 26 30 19 28 21 26 26 31 11 16 25 11
split_gain=10.2517 13.7668 9.33724 6.39449 6.13764 4.85174 5.54247 4.72018 8.61123 6.21025 5.9488 5.56958 5.44172 4.89097 4.5449 6.3652 4.41528 4.23832 7.68882 5.43487 4.89248 2.97032 3.17082 2.6793 3.65825 2.55128 2.52195 3.97367 2.42975 2.75884 2.37959 2.30505 2.13372 1.62648 1.62368 4.02149 1.59145 1.45473 1.45235 1.36233 1.34603 1.31499 3.89139 3.10456 1.24703 0.399583 0.398603
threshold=-0.88017823384653748 -0.34808388346191255 -0.99761524158513137 1.0000000180025095e-35 1.0269963716886015 1.1115823225073231 1.0000000180025095e-35 -0.60523786060089302 1.0000000180025095e-35 1.0000000180025095e-35 1.1154475501367525 -0.84719251915932114 1.0000000180025095e-35 -0.38122168668419948 -0.63526646619759575 -0.67714029659225139 -0.17877845390650107 -0.13156486726555358 -0.7170305094799142 -1.0615734528826672 1.0937568653686405 1.0000000180025095e-35 0.70874201090868916 1.0000000180025095e-35 0.36258077363281982 -0.45442181694312672 -0.31078686685902651 -0.83505860477053007 0.70201388302534873 -1.5756080871801512 198.00000000000003 0.75105146522153643 0.50315102756291163 -0.70171577950356034 -0.12132854348403661 -0.48426053132167907 0.49765956212861556 -0.4071832540777488 1.0000000180025095e-35 -0.42645296305815689 0.36258077363281982 0.24160344435360565 0.58567652822252214 0.63671847485299204 1.0000000180025095e-35 -0.48133174975164639 0.68128613185070519
decision_type=2 2 2 2 2 2 2 2 2 2 2 2 2 2 2 2 2 2 2 2 2 2 2 2 2 2 2 2 2 2 2 2 2 2 2 2 2 2 2 2 2 2 2 2 2 2 2
left_child=3 5 4 25 -3 14 16 9 17 10 13 30 44 38 15 -2 -7 18 -9 -19 23 22 -6 24 -21 45 -5 32 36 -30 -11 34 -28 -18 35 -29 -23 -20 -4 -14 -25 46 43 -43 -10 -1 -16
right_child=1 2 7 26 21 6 -8 8 12 11 -12 -13 39 -15 41 -17 33 19 37 20 -22 28 -24 40 -26 -27 27 31 29 -31 -32 -33 -34 -35 -36 -37 -38 -39 -40 -41 -42 42 -44 -45 -46 -47 -48
leaf_value=0.0036328220876675377 0.020622927849900968 0.030435234442343695 0.015581923697090168 -8.80425239460665e-05 -0.016915314998465072 0.030730274716484027 -0.016408156678715088 0.0080898413759912819 0.0015931794914166208 -0.029388095705021169 -0.012279661833143378 0.0096727846483987655 0.029908666574300063 0.03859066125841782 0.037663104076720778 -0.019927743795757416 -0.010920455365795785 0.01368410987357847 -0.0117509966620371 -0.020622706460755869 0.0070148044839519474 0.010394893535919526 0.0088346505354351748 -0.011012595096320282 0.010827329078061514 -0.0084897843779562481 -0.016522486708764522 -0.031974387539628259 0.0027053213120574542 0.03338137628431153 -0.0032484891978096209 -0.0068134387858517741 0.0060962853962172481 0.010322459565880378 -0.04510636191463234 0 -0.010621174936220607 -0.033337294889236493 -0.0033047550225089642 0.0065198038060959784 -0.035397758920458405 0.017733188056952454 0.029394927212784284 -0.0099703127979004838 -0.016835968344399595 0.01805331740864808 0.014780749689034065
leaf_weight=5.2382257133722314 5.9813152551651001 8.9593274146318418 5.7364458143711126 7.7318942993879309 8.4776123613119108 5.4798432439565685 7.7303799241781226 5.2378920614719418 4.9889499545097369 7.7307785004377383 5.2391100376844397 7.981742560863494 5.2324689924716949 6.7305987626314172 9.7087420225143415 4.9864627420902234 4.982900395989418 7.482264667749404 6.9886403977871003 5.2436321824789101 7.4818755090236655 4.9833921641111392 5.9841411411762229 6.2370496392250043 4.9888269752264023 6.9862918853759757 5.2413078248500806 7.7395196557044992 5.7306908071041072 4.981864199042322 6.2373067587614059 6.2408635616302481 6.7341913282871246 4.9822826087474805 6.2447147369384792 5.2439685016870508 4.9865703731775284 19.4665362983942 5.737729549407959 6.2333596497774106 7.7362736314535141 5.4783920049667376 9.7026359140872938 5.9794084280729294 5.2381156235933304 5.4834444075822839 4.9802593737840644
leaf_count=21 24 36 23 31 34 22 31 21 20 31 21 32 21 27 39 20 20 30 28 21 30 20 24 25 20 28 21 31 23 20 25 25 27 20 25 21 20 78 23 25 31 22 39 24 21 22 20
internal_value=0 0.00271804 -0.00162052 -0.0106869 0.0101332 0.0138839 0.0021542 -0.00548989 -0.00934102 0.00228206 0.012737 -0.00872905 0.00666905 0.0206276 0.0193191 0.00152602 0.012429 -0.0143617 -0.0224206 -0.00710705 -0.0125938 0.00375992 -0.00605539 -0.0189437 -0.00535397 0.00408718 -0.0165518 -0.019663 0.0108389 0.0198103 -0.0195505 -0.0261255 -0.00409522 0 -0.0311575 -0.0200576 0 -0.028786 0.0063849 0.0198814 -0.0270238 0.0243221 0.0167021 0.00333213 -0.00828039 0.0128095 0.0323639
internal_weight=314.93 252.046 182.053 62.8844 44.1036 69.9926 23.1754 137.95 92.5559 45.3937 23.4439 21.9498 21.6929 18.2048 46.8172 10.9678 15.445 70.863 31.6931 39.1699 31.6877 35.1443 14.4618 24.2058 10.2325 17.708 45.1765 37.4446 20.6825 10.7126 13.9681 25.4691 11.9755 9.96518 19.2282 12.9835 9.96996 26.4552 11.4742 11.4658 13.9733 35.8494 21.1604 11.4578 10.2271 10.7217 14.689
internal_count=1263 1011 730 252 177 281 93 553 371 182 94 88 87 73 188 44 62 284 127 157 127 141 58 97 41 71 181 150 83 43 56 102 48 40 77 52 40 106 46 46 56 144 85 46 41 43 59
is_linear=0
shrinkage=0.03


Tree=3
num_leaves=45
num_cat=0
split_feature=12 33 12 37 34 36 23 0 26 31 0 19 33 20 32 31 0 20 18 16 12 12 32 31 1 16 12 15 0 16 21 26 30 32 20 24 19 12 24 30 19 28 26 36
split_gain=8.46383 6.40069 5.81124 4.84113 7.4733 5.75476 4.66408 4.26635 7.58819 7.92787 6.76142 5.83164 6.02307 4.80128 4.67963 3.90454 4.45463 5.23602 5.07554 4.01152 3.68923 4.12265 3.35473 5.09772 3.15597 3.06819 2.80816 2.7636 2.75785 3.23532 2.65263 2.42628 2.25238 2.97208 2.0989 1.90878 2.18249 1.68794 1.20734 0.999901 1.3744 0.979549 0.382394 0.128492
threshold=0.018930851656634363 0.14991193661035254 2.0513971162187334 1.0000000180025095e-35 -1.3437253632135671 -0.99258781959390985 0.39210547762740872 -0.030319702758619803 0.24160344435360556 1.4551415640635701 -0.59125403095943374 0.91343934356879941 -0.40425585128229069 0.5792195869412482 -0.63087850610284513 1.0000000180025095e-35 0.41041441225630543 1.0000000180025095e-35 1.0000000180025095e-35 -1.0941616677419537 -1.3575557915680736 -0.38963534645478626 -0.13156486726555358 0.58567652822252214 -0.91992202357467845 0.46045671008658767 -0.14744598604420636 -0.77447573902516398 0.15498895923629202 1.0000000180025095e-35 0.37574650425094575 0.84649009074967629 0.2429362082599206 -0.63087850610284513 -1.1565151607022199 -0.37608567967265877 1.0000000180025095e-35 -1.2897399530687621 -0.88183795323525638 -0.26651049947746924 0.58328369415716241 -0.75437631176393571 0.36258077363281982 0.84613886562465879
decision_type=2 2 2 2 2 2 2 2 2 2 2 2 2 2 2 2 2 2 2 2 2 2 2 2 2 2 2 2 2 2 2 2 2 2 2 2 2 2 2 2 2 2 2 2
left_child=1 7 15 4 -3 27 30 8 10 22 -1 12 14 20 -12 19 18 -18 -17 -2 31 37 -10 -24 -21 -4 -23 -5 29 -20 39 -9 41 -34 -6 36 -36 -22 -14 -7 -41 -26 -31 -25
right_child=2 3 25 5 34 6 -8 13 9 -11 11 -13 38 -15 -16 16 17 -19 28 24 21 26 23 43 32 -27 -28 -29 -30 42 -32 -33 33 -35 35 -37 -38 -39 -40 40 -42 -43 -44 -45
leaf_value=0.028756452752665064 -0.0020139177056032829 0.0097922144133412228 -0.024878947217988771 -0.0025466246387815736 -0.0033710601266954657 0.028889612340465689 -0.015548077978442499 -0.017735564198389758 -0.033820362480066805 0.0091312580795917878 0 0.02211273410838252 -0.0015172813708631454 0.025589892282568021 -0.034083076513396406 0.024834004459203668 -0.025411448456028416 0.0091848100321425385 0.0085372626789211696 0.00016010197471449499 0.0072876862329055081 -0.015853491265661449 0.0093426870653609915 -0.028428081393594703 0.013082217446911164 0.0033782842005337884 0.010051261046515669 -0.029964182848095971 0.015955867364685711 -0.021040280955094703 -0.0032713338832302836 0.0052444689448004692 -0.003761582951886765 0.021945069343172648 0.0016862096585370848 -0.031662998067537321 -0.022303087432666655 0.033030268287900608 0.01501357603501823 -0.00099038054469821526 0.018329005836062468 0.034174878877276105 -0.0056022931607241878 -0.010609889604029909
leaf_weight=7.2178621292114249 9.4735508561134321 6.7337225377559653 5.9917320907115919 7.2405115216970444 5.7366062700748435 4.9822135567665127 5.7387877851724616 8.729694843292231 10.74215179681778 9.2188656330108625 6.2356298714876157 6.2332912832498542 6.4840839803218842 9.2088021486997587 7.4908684492111206 9.9502457529306394 7.7392591387033445 5.4792838990688324 7.2245424985885682 7.4783345907926551 6.4688263237476349 5.7356058508157695 5.987065091729165 4.9911732226610166 6.7296344041824296 5.2344598770141602 6.2253083139658063 6.2400688827037794 5.968144327402114 5.2391678094863874 6.2367236316204062 5.4833462983369818 6.2299158871173859 7.2188079506158811 4.9881173223257083 18.471365302801132 6.2398734241724014 4.9755691289901716 6.2403473854064959 4.989155516028406 5.4850845485925674 13.672487512230878 5.4841662496328354 4.9863829016685486
leaf_count=29 38 27 24 29 23 20 23 35 43 37 25 25 26 37 30 40 31 22 29 30 26 23 24 20 27 21 25 25 24 21 25 22 25 29 20 74 25 20 25 20 22 55 22 20
internal_value=0 -0.00356435 0.0067129 -0.00991905 -0.0168951 -0.00224393 0.0054961 0.000759622 -0.00356695 -0.0133481 0.00525904 -0.000788661 -0.00729722 0.0077831 -0.0202318 0.00911759 0.00260162 -0.0111886 0.00840005 0.0147942 0.0024566 0.00967278 -0.0213933 -0.0105014 0.0187226 -0.0123867 -0.00230746 -0.0173681 0.000264522 -0.00547297 0.0119674 -0.00883377 0.022473 0.0104529 -0.0223206 -0.0254504 -0.0122315 0.0214737 0.00689632 0.0182156 0.0096543 0.0288639 -0.0152922 -0.0225964
internal_weight=314.851 205.737 109.114 83.0822 42.1697 40.9125 27.432 122.655 75.8277 35.9256 39.9021 32.6842 26.4509 46.8272 13.7265 97.8875 47.0848 13.2185 33.8663 50.8027 37.6184 23.4053 26.7068 15.9646 41.3292 11.2262 11.9609 13.4806 23.916 17.9479 21.6932 14.213 33.8508 13.4487 35.436 29.6994 11.228 11.4444 12.7244 15.4565 10.4742 20.4021 10.7233 9.97756
internal_count=1263 825 438 333 169 164 110 492 304 144 160 131 106 188 55 393 189 53 136 204 151 94 107 64 166 45 48 54 96 72 87 57 136 54 142 119 45 46 51 62 42 82 43 40
is_linear=0
shrinkage=0.03


Tree=4
num_leaves=45
num_cat=0
split_feature=35 2 12 14 17 2 39 33 29 11 22 16 21 25 42 29 36 41 1 12 41 12 16 16 19 39 36 1 37 27 35 16 14 3 2 32 40 21 27 27 24 24 27 10
split_gain=9.58077 12.705 12.0073 8.60317 6.03048 5.79575 4.27203 5.57984 4.06841 4.50181 4.84184 3.83345 4.976 5.79086 5.68456 4.69531 3.87904 3.19769 3.80239 3.14962 3.1489 3.61144 3.52151 3.03886 2.82458 3.54637 2.78621 2.63282 2.5488 2.75362 2.72025 2.52331 2.32874 2.20954 2.12424 2.07952 2.0344 2.67242 1.90327 2.98362 1.88789 1.51171 1.153 0.176544
threshold=-0.88017823384653748 -0.34808388346191255 -1.4634834278656605 -0.99761524158513137 0.27519520083564075 1.0269963716886015 1.0000000180025095e-35 1.0000000180025095e-35 -0.63526646619759575 0.63671847485299204 -1.0326396669273639 0.46045671008658767 -0.42645296305815689 1.0613564585117516 1.5000000000000002 -0.78024317848366931 -0.60362640541305879 502.00000000000006 -0.78218726976343467 -0.14744598604420636 683.00000000000011 1.6300107644454769 -1.0941616677419537 -1.3532647307133772 0.25312804474552547 -0.56244706809808698 0.68112493233581273 -0.73627568515968778 -1.0000000180025095e-35 0.66221122445241154 -0.10035158443392468 0.71955977305801133 -0.082089072070473931 -1.2416157593522292 -0.42175829437698015 -0.38122168668419948 496.00000000000006 -0.42645296305815689 0.88322907722718524 1.5462826355515069 -0.37608567967265877 -0.37608567967265877 -0.30079513406624575 0.043737869974049819
decision_type=2 2 2 2 2 2 2 2 2 2 2 2 2 2 2 2 2 2 2 2 2 2 2 2 2 2 2 2 2 2 2 2 2 2 2 2 2 2 2 2 2 2 2 2
left_child=4 2 -2 5 31 -3 11 35 27 43 -11 19 15 14 16 32 -14 18 -12 41 21 22 -6 -21 33 -26 28 -4 30 42 -25 34 -13 -7 -1 -8 37 -9 -27 -40 -24 -5 -30 -10
right_child=1 3 8 6 20 24 7 36 9 10 17 12 13 -15 -16 -17 -18 -19 -20 23 -22 -23 40 26 25 38 -28 -29 29 -31 -32 -33 -34 -35 -36 -37 -38 -39 39 -41 -42 -43 -44 -45
leaf_value=-0.0014840434327102569 -0.025135569762666666 0.029523659810509351 -0.0086952487722780133 -0.010648440319186447 -0.0030398544171170746 0.0063036342011561887 0.0012262786939766371 0.0025064823322665923 0.016542349882036275 -0.0098593691953046958 0.0022182177766420807 -0.015100073256538936 -0.0010081663947165689 0.016252046236547 0.010706312694585047 0.027567849678809049 -0.029887546812164992 0.00093300727783720053 0.032957403048737947 0.0073880861240412533 0.0039900923540403298 0.0014567773897929505 -0.012905873938908477 -0.03642540057180535 0.026161225175714297 0.01465773186299167 0.0062561373433117221 0.014029668316312104 -0.0031348766955352049 0.005312909929724466 -0.0087947476430088427 -0.0091295497000081754 0.0097521962237508888 -0.016754563645677942 0.022207057291864493 0.027041896746103206 0.0076224233737776587 -0.021373762118206879 -0.017297446953647693 0.010001205387496086 -0.034042495875914611 -0.038179764046851181 -0.024594760512254853 0.037735006721290251
leaf_weight=4.9845244139432916 5.2428593486547461 8.9310900419950467 7.4750488698482513 5.7418012022972107 7.733206331729888 4.985395610332489 4.9840181916952133 6.2300202101469031 5.4555890262126949 5.4857271760702124 5.7225279361009642 4.9876000434160241 6.4869994670152726 5.2273750752210608 4.9863752573728553 6.7275423705577841 13.987534239888193 7.7113963067531577 12.919653683900837 6.9787621945142737 5.2410581707954398 5.9877763986587516 9.7384683936834318 7.2434755563735953 6.4682860821485511 4.9767667800188127 4.9880213588476172 7.7134201228618604 5.2399626523256249 8.2350821346044523 8.2349376231431908 6.481805980205535 5.4834901839494714 7.2346391677856428 6.2341378778219232 7.7133939713239652 5.7387237548828116 8.2353748977184313 6.4724025726318342 4.9769667983055115 16.485218986868862 5.2426087260246259 5.245604649186145 12.154015466570852
leaf_count=20 21 36 30 23 31 20 20 25 22 22 23 20 26 21 20 27 56 31 52 28 21 24 39 29 26 20 20 31 21 33 33 26 22 29 25 31 23 33 26 20 66 21 21 49
internal_value=0 0.00264211 0.0133791 -0.00152378 -0.0103175 0.0097654 -0.00523786 0.00394079 0.0170931 0.0211834 0.0131069 -0.00818427 -0.00168468 -0.00889012 -0.0148916 0.0105332 -0.0217041 0.0183764 0.0246873 -0.0133457 -0.0160127 -0.0188315 -0.0224885 -0.00915085 0.00357254 0.00968541 -0.0124075 0.00270971 -0.0154462 -0.00669187 -0.0241543 0.0040238 -0.00199304 -0.00724951 0.0122756 0.0185315 -0.00559939 -0.0114439 0.00121666 -0.00518363 -0.0275326 -0.0272776 -0.0161057 0.0332972
internal_weight=314.751 251.864 69.8802 181.984 62.8862 44.0455 137.939 32.9015 64.6374 49.4489 31.8393 105.037 47.8869 30.6883 25.4609 17.1986 20.4745 26.3536 18.6422 57.1503 45.1857 39.9447 33.9569 46.1658 35.1145 22.8944 39.1871 15.1885 34.1991 18.7206 15.4784 17.7005 10.4711 12.22 11.2187 12.6974 20.2041 14.4654 16.4261 11.4494 26.2237 10.9844 10.4856 17.6096
internal_count=1263 1011 281 730 252 177 553 132 260 199 128 421 192 123 102 69 82 106 75 229 181 160 136 185 141 92 157 61 137 75 62 71 42 49 45 51 81 58 66 46 105 44 42 71
is_linear=0
shrinkage=0.03


Tree=5
num_leaves=43
num_cat=0
split_feature=35 2 12 0 17 40 29 30 21 31 26 15 23 22 12 27 29 11 22 26 37 19 2 7 12 12 16 15 34 23 22 7 32 32 12 35 24 34 27 23 20 32
split_gain=9.07041 12.041 11.4418 6.59567 5.70606 4.5595 4.50468 4.94758 5.15636 4.42483 6.42777 8.25727 5.06249 4.53718 4.70027 3.89142 3.86971 4.29917 4.61222 3.18155 3.17236 3.53858 3.16463 3.08487 3.03021 2.93819 3.5462 2.86537 2.83031 3.34739 2.4553 2.33049 2.07934 3.07999 2.07877 1.88541 1.68191 1.75876 1.45902 0.818887 0.406969 0.24113
threshold=-0.88017823384653748 -0.34808388346191255 -1.4634834278656605 -0.81162108846689629 0.27519520083564075 683.00000000000011 -0.63526646619759575 1.3467374083575987 -1.2286524303672597 1.4551415640635701 -0.60523786060089302 0.18304067175614744 -1.2715985030335755 0.83050673857740143 0.089693170434915537 -1.0000000180025095e-35 -0.63526646619759575 0.63671847485299204 -1.0326396669273639 0.36258077363281982 1.0000000180025095e-35 0.25312804474552547 1.220128577444529 -0.16952533877749784 -1.3753524792433216 1.6300107644454769 -0.83505860477053007 0.66179887714680319 0.44071415730522473 1.0000000180025095e-35 -0.45442181694312672 -0.16952533877749784 1.0000000180025095e-35 -0.63087850610284513 -0.088412900339542896 -1.0000000180025095e-35 -0.37608567967265877 0.75105146522153643 -0.30079513406624575 0.39210547762740872 -0.80936821117352642 -0.13156486726555358
decision_type=2 2 2 2 2 2 2 2 2 2 2 2 2 2 2 2 2 2 2 2 2 2 2 2 2 2 2 2 2 2 2 2 2 2 2 2 2 2 2 2 2 2
left_child=4 2 -2 5 30 20 7 23 -9 10 11 12 -8 14 24 -14 19 41 -19 -4 22 -22 -3 -5 -12 26 34 -23 29 -26 40 35 33 -25 -6 39 -28 -38 -13 -20 -1 -18
right_child=1 3 16 6 25 -7 9 8 -10 -11 13 38 15 -15 -16 -17 17 18 31 -21 21 27 -24 32 28 -27 36 -29 -30 -31 -32 -33 -34 -35 -36 -37 37 -39 -40 -41 -42 -43
leaf_value=0.017728464038425332 -0.024536086739439876 0.014057313392615851 -0.010264888529122398 -0.0061344280963802327 0.0071699967142018709 -0.014580210707524868 -0.005954225285371594 0.0075360828121979377 -0.028943913833473008 0.011976107175007349 -0.00071654785333067923 -0.0052066182877215494 0.03872015041245086 0.0044322383402143218 0.00030308226537108712 0.0051765375592199127 0.041262575482766538 -0.009623877879148578 0.024459658041271998 0.014757837402296015 0.0010202861133263392 0.03368449298532955 -0.010861929553731166 0.019330590823768583 -0.019650662886188486 0.00075371512342491457 -0.011439798565179024 0.0056804839654907204 -0.0095584595066366008 -0.046566769458322874 -0.0084093634191595278 0.029840689312043672 0.025197977021284214 -0.0060281553732731965 -0.014576141274228021 -0.0014545159303031056 -0.03880394806492115 -0.011044166813225096 -0.029622419951899751 0.004554034100915638 0.0033815624566148833 0.021122364460053184
leaf_weight=5.4768888950347909 5.2464180290698996 6.9635769426822653 7.2295747697353345 7.2369994223117819 5.7338108718395233 5.4783867746591559 8.7278848588466627 5.226231187582016 5.9887895137071592 7.220897212624549 4.9859326034784308 5.4893062263727188 5.2296316027641279 6.9827291518449774 7.9770724028348914 7.7283254712820089 7.4192583411932018 5.4880297034978858 5.2136647999286669 7.9549369663000107 8.7132499516010302 10.914347633719446 8.4757983982563001 6.4809272438287744 15.233437776565554 7.4844128042459479 9.4919839054346067 6.2169453650712958 8.9817511886358243 9.7415966093540174 6.9853372722864142 8.9390890598297137 8.9635537415742856 7.7338501065969512 6.9937557578086835 7.2017398029565838 10.244198590517046 5.2459758669137946 5.2401720285415632 4.9622800499200821 5.2342266738414773 10.138104721903799
leaf_count=22 21 28 29 29 23 22 35 21 24 29 20 22 21 28 32 31 30 22 21 32 35 44 34 26 61 30 38 25 36 39 28 36 36 31 28 29 41 21 21 20 21 41
internal_value=1.6884e-06 0.00257703 0.0130377 -0.001477 -0.010033 0.00802489 -0.00486012 0.00316741 -0.0125887 -0.00848959 -0.0104453 0 0.0106722 -0.016654 -0.0199561 0.0217419 0.0166704 0.0206657 0.0127683 0.00263276 0.0115708 0.0177157 0.000272663 0.00948374 -0.0241118 -0.0155724 -0.0188706 0.0251194 -0.0272021 -0.0324195 0.00391246 0.0179207 0.0146798 0.00589337 -0.00463465 0.00958733 -0.0252234 -0.0315609 -0.0197924 0.0170987 0.0124855 0.0325258
internal_weight=314.615 251.724 69.7931 181.931 62.8906 46.7623 135.169 41.6304 11.215 93.5387 86.3178 32.4153 21.6858 53.9025 46.9198 12.958 64.5467 49.3622 31.8048 15.1845 41.2839 25.8445 15.4394 30.4153 38.9427 45.1941 37.7097 17.1313 33.9568 24.975 17.6965 26.3168 23.1783 14.2148 12.7276 17.3777 24.9822 15.4902 10.7295 10.1759 10.7111 17.5574
internal_count=1263 1011 281 730 252 188 542 167 45 375 346 130 87 216 188 52 260 199 128 61 166 104 62 122 156 181 151 69 136 100 71 106 93 57 51 70 100 62 43 41 43 71
is_linear=0
shrinkage=0.03


Tree=6
num_leaves=45
num_cat=0
split_feature=35 2 5 26 39 17 37 36 40 23 29 32 26 35 0 38 29 35 5 41 13 30 36 34 40 40 20 36 22 30 35 40 37 20 1 41 25 29 34 13 37 33 41 27
split_gain=8.61008 11.4477 6.56229 6.04178 10.5348 5.42888 4.77849 5.05421 4.76662 4.6758 4.54096 4.68862 4.47797 6.69521 4.41776 5.12117 4.24464 4.02444 3.72618 2.94729 3.46782 2.93766 2.89509 4.61417 4.38149 2.4141 2.39332 2.37326 5.19872 2.3432 2.33429 2.99107 2.15926 2.0561 2.14406 2.03196 1.51853 1.39014 1.38676 1.33577 3.51388 2.62212 1.27449 1.11044
threshold=-0.88017823384653748 -0.34808388346191255 0.57697524282857304 -0.60523786060089302 1.0000000180025095e-35 0.27519520083564075 1.0000000180025095e-35 -0.99258781959390985 613.00000000000011 -1.2715985030335755 -0.63526646619759575 -0.13156486726555358 0.60453543219124806 -0.10035158443392468 1.1115823225073231 1.0000000180025095e-35 -0.17877845390650107 0.93182346388973591 0.16156155387733132 683.00000000000011 0.26742856819097355 0.073120639014124009 -0.35982762427577913 -0.49029776644371043 209.50000000000003 203.00000000000003 0.14528590003038086 -0.28538524835599893 -1.0326396669273639 1.0071062698660056 0.49231666911966104 209.50000000000003 -1.0189429652012423 0.14528590003038086 -0.91992202357467845 203.00000000000003 -0.70171577950356034 -0.45040768436070616 0.10451540706255372 -0.18276495823055791 1.0000000180025095e-35 -1.0000000180025095e-35 600.50000000000011 0.13729382411232383
decision_type=2 2 2 2 2 2 2 2 2 2 2 2 2 2 2 2 2 2 2 2 2 2 2 2 2 2 2 2 2 2 2 2 2 2 2 2 2 2 2 2 2 2 2 2
left_child=5 14 3 9 12 27 21 -8 38 26 -6 -12 22 -14 17 16 -16 33 30 20 39 -4 23 -5 -25 -15 -3 -1 -29 37 31 -11 -24 34 -2 -35 -18 -23 -9 40 -7 -42 -36 -34
right_child=1 2 6 4 10 19 7 8 -10 18 11 -13 13 25 15 -17 36 -19 -20 -21 -22 29 32 24 -26 -27 -28 28 -30 -31 -32 -33 43 35 42 -37 -38 -39 -40 -41 41 -43 -44 -45
leaf_value=0.017998357518880927 0.0094497267726386548 0.00010855265697527612 0.01260828582955148 -0.025716615493879096 0.027898450286660877 -0.028854715250077923 -0.0057385875698081302 0.033622381453627156 -0.0024733633658144327 0.0080029082834231352 -0.018019508309667191 0.014239611619054151 0.016248646081817027 -0.025444099244754433 0.029493822483133394 -0.01625295467711978 -0.011090727949260424 -0.0027342174976767142 -0.0098948449567521635 0.0041065672712542354 0.0011315181822340282 -0.0035977076023445778 -0.0079911962979279574 0.020822138689292242 -0.013309528478865917 0 -0.02340065264090737 0.016216529133935571 -0.019008107244696256 0.0048333669528302326 0.0015932390804061156 0.036551855742656646 -0.039109799550688926 -0.0018868706033850753 0.036236294919207643 0.02021699417074569 0.0094114534037745608 -0.02618580181344651 0.010906476170752633 -0.02961260745609702 -0.01352187191788632 0.011380725659814191 0.011628825443419925 -0.017302643709364608
leaf_weight=5.4801379591226604 8.1947924792766553 8.4765899032354337 5.971482619643214 7.2416160106658962 5.9648809581995037 7.2406106591224662 7.4628127664327648 12.387838304042821 5.466541811823844 8.9634897410869652 6.2412427067756662 6.9700452536344502 7.9743956774473217 7.7338120192289335 5.454181075096133 7.7255567461252204 4.973713144659996 6.4558106958866111 4.9896686375141135 5.2416324466466895 6.486272156238555 5.7312853336334264 6.4904477000236538 4.9893700927495939 5.4910987764596939 5.9897792041301727 4.993654176592826 5.2263363301754007 6.984959885478017 5.4747372120618811 8.2267279773950559 6.2133268415927878 11.487290874123575 6.6890166550874692 14.586302876472478 5.4364678412675858 4.9638406783342344 5.490445673465727 6.4605311453342429 13.741471573710443 7.4917811900377247 4.9888542592525491 5.2196403294801703 8.9886420369148237
leaf_count=22 33 34 24 29 24 29 30 50 22 36 25 28 32 31 22 31 20 26 20 21 26 23 26 20 22 24 20 21 28 22 33 25 46 27 59 22 20 22 26 55 30 20 21 36
internal_value=4.50628e-06 0.00251535 -0.00143604 -0.00517565 -0.0097098 -0.00977195 0.00711309 0.014397 0.0207838 0.00396843 0.00915911 -0.000875738 -0.0153305 -0.00348052 0.0127233 0.0015517 0.0114933 0.0179213 0.0108037 -0.0151757 -0.0179075 -0.00310959 -0.0206544 -0.00950628 0.0030111 -0.0158101 -0.00967738 0.00382597 -0.00336986 -0.00963676 0.0157878 0.0222869 -0.0268831 0.0213674 0.0259201 0.0087177 -0.000434014 -0.0169054 0.027509 -0.0216598 -0.0141342 -0.0029854 0.0313081 -0.0316442
internal_weight=314.453 251.571 181.872 127.426 85.5626 62.8821 54.4457 31.7777 24.3149 41.8635 19.1762 13.2113 66.3865 21.698 69.6993 23.1173 15.3917 46.582 28.3932 45.1906 39.949 22.668 44.6885 17.7221 10.4805 13.7236 13.4702 17.6914 12.2113 16.6965 23.4035 15.1768 26.9664 40.1262 28.0007 12.1255 9.93755 11.2217 18.8484 33.4627 19.7212 12.4806 19.8059 20.4759
internal_count=1263 1011 730 511 343 252 219 128 98 168 77 53 266 87 281 93 62 188 114 181 160 91 179 71 42 55 54 71 49 67 94 61 108 162 113 49 40 45 76 134 79 50 80 82
is_linear=0
shrinkage=0.03


Tree=7
num_leaves=45
num_cat=0
split_feature=35 2 12 5 26 39 16 23 17 37 36 40 29 37 26 35 29 11 22 22 34 26 40 36 16 30 12 36 22 16 40 1 30 34 26 16 36 35 34 40 29 34 30 1
split_gain=8.14702 10.8876 10.8653 6.21629 5.73789 10.0191 6.05459 6.25053 5.15971 4.53717 4.8098 4.54673 4.33629 4.56857 4.24582 6.36736 3.74947 3.98823 4.37918 3.58473 3.26244 2.97917 2.80699 4.58131 4.5343 2.80088 2.71411 3.54818 3.05672 2.4246 2.28702 2.27285 2.23823 2.15018 2.07932 2.13978 1.94844 1.91965 1.74236 1.68641 1.31937 1.30924 1.17514 0.312231
threshold=-0.88017823384653748 -0.34808388346191255 -1.4634834278656605 0.57697524282857304 -0.60523786060089302 1.0000000180025095e-35 0.46045671008658767 -0.93885770690137871 0.27519520083564075 1.0000000180025095e-35 -0.99258781959390985 613.00000000000011 -0.63526646619759575 1.0000000180025095e-35 0.60453543219124806 -0.10035158443392468 -0.63526646619759575 0.63671847485299204 -1.0326396669273639 0.44502817192124272 -0.49029776644371043 0.36258077363281982 381.50000000000006 -0.35982762427577913 0.97866283602943482 0.073120639014124009 1.6300107644454769 1.0000000180025095e-35 -0.71140752804723217 0.71955977305801133 203.00000000000003 -0.18533666991471262 1.0071062698660056 -0.024791804569242716 -0.0003512142048224585 -0.83505860477053007 0.21509657128929169 0.34581440419630266 -0.49029776644370998 677.00000000000011 -0.45040768436070616 -1.0000000180025095e-35 -0.24528355332174448 -0.55262934674469599
decision_type=2 2 2 2 2 2 2 2 2 2 2 2 2 2 2 2 2 2 2 2 2 2 2 2 2 2 2 2 2 2 2 2 2 2 2 2 2 2 2 2 2 2 2 2
left_child=8 2 -2 4 6 14 7 37 29 25 -11 41 -7 -14 22 -16 21 43 -19 -8 -9 -4 23 38 42 -5 27 28 -10 33 -17 36 40 -1 -29 -36 -20 -3 -6 -24 -27 -12 -25 -18
right_child=1 3 16 9 5 12 19 20 26 10 11 -13 13 -15 15 30 17 18 31 -21 -22 -23 39 24 -26 32 -28 34 -30 -31 -32 -33 -34 -35 35 -37 -38 -39 -40 -41 -42 -43 -44 -45
leaf_value=0.023973957261411213 -0.024167773022839331 -0.023696665184625196 -0.010245007566804564 0.012313268718621324 -0.0086792335790395886 0.027277955357889284 0.029368108743804643 -0.0036979257226788498 -0.010424650289371871 -0.0055936295466023321 0.032819948072026144 -0.0024148072457538137 -0.018837154082357838 0.013158047090500745 0.015848419587975365 -0.024789785427128772 0.038780583258547364 -0.0094980571433133792 -0.00079283822680815865 0 0.024281952940986992 0.01398596407686515 -0.04051785325771394 -0.039876046404393163 0.00055273327429776031 -0.003511673133488255 0.0008685839046337501 0.0060364615120306712 -0.03674227872946511 -0.0091225303212345964 0 0.029078949206068985 0.0047206875149825916 0 0 -0.023778340164959343 0.017846562132857763 -0.00066810464138720592 0.012965064009010444 -0.012169106876931506 -0.025557645535484945 0.01064784214088948 -0.016031732959755341 0.019023517814007372
leaf_weight=4.9772312492132196 5.2467913329601279 9.7329692691564542 7.2286588847637159 5.9671228080987957 4.9920165091753006 5.9518625736236599 8.6941884756088239 6.2252054661512375 9.4904814511537552 7.4653564095497158 12.347274303436285 5.4674833714961997 5.7433143109083158 7.4647482931613922 7.9684717208147076 7.7393046617507917 8.6023967415094393 5.4875801503658286 8.4261854588985496 5.7300457507371894 5.9706217497587222 7.9323635399341583 7.9929417967796308 6.4920758754014978 5.7401414960622779 5.7322819828987157 7.4847963452339163 5.9863754063844707 10.737210646271706 6.4795417785644522 5.9897792041301727 8.9119416326284426 5.4730816930532447 6.2278759330511102 5.2406350076198587 6.2425861954688999 8.9202652424573881 5.4911715835332862 5.2364428192377108 5.492736279964447 5.4934443235397321 6.4554442167282096 8.7424024194478989 8.8569794595241529
leaf_count=20 21 39 29 24 20 24 35 25 38 30 50 22 23 30 32 31 35 22 34 23 24 32 32 26 23 23 30 24 43 26 24 36 22 25 21 25 36 22 21 22 22 26 35 36
internal_value=6.62944e-06 0.00245073 0.0124132 -0.00140179 -0.00504202 -0.00946123 0.00386896 -0.00428841 -0.00950349 0.00692164 0.0140272 0.0202695 0.00894421 -0.000848844 -0.0149419 -0.00339351 0.0159686 0.0199052 0.0122871 0.0186959 0.0107211 0.00219047 -0.0201268 -0.013696 -0.0213082 -0.00303199 -0.0147727 -0.0179457 -0.0262428 0.0037484 -0.0154166 0.0173232 -0.00940807 0.0118618 -0.00670701 -0.0137424 0.00913148 -0.0165542 0.00213094 -0.0317456 -0.0165125 0.0268523 -0.0292149 0.0313725
internal_weight=314.272 251.405 69.6132 181.792 127.39 85.5462 41.8442 27.42 62.8667 54.4015 31.7356 24.2702 19.1599 13.2081 66.3863 21.6976 64.3664 49.2053 31.746 14.4242 12.1958 15.161 44.6888 31.2031 20.9746 22.6659 45.1821 37.6973 20.2277 17.6846 13.7291 26.2584 16.6988 11.2051 17.4696 11.4832 17.3465 15.2241 10.2285 13.4857 11.2257 18.8027 15.2345 17.4594
internal_count=1263 1011 281 730 511 343 168 110 252 219 128 98 77 53 266 87 260 199 128 58 49 61 179 125 84 91 181 151 81 71 55 106 67 45 70 46 70 61 41 54 45 76 61 71
is_linear=0
shrinkage=0.03


Tree=8
num_leaves=46
num_cat=0
split_feature=35 2 12 14 2 18 24 26 42 22 26 39 12 35 19 31 41 27 38 4 5 21 13 30 40 41 13 19 20 21 21 22 31 31 14 31 31 11 30 36 36 30 31 20 41
split_gain=7.71761 10.3551 10.3657 7.18043 5.37046 4.90091 3.90222 5.99939 5.51274 5.41224 5.10455 4.37956 3.64296 3.31671 4.5999 4.12344 4.19738 3.31375 5.14796 2.86462 5.40123 5.08566 3.95996 4.83826 3.8697 2.75316 3.25404 2.6933 3.4226 3.39803 2.56025 2.22151 1.84033 1.56923 1.3488 2.17247 1.8198 1.18586 1.05639 0.870175 0.7046 0.682598 0.524689 0.378522 0.164576
threshold=-0.88017823384653748 -0.34808388346191255 -1.4342171983842558 -0.99761524158513137 0.9954216241535726 1.0000000180025095e-35 1.0937568653686405 -0.60523786060089302 1.0000000180025095e-35 0.18804246081713735 -0.84719251915932114 1.0000000180025095e-35 0.076100165608560075 -0.10035158443392468 -0.4071832540777488 -0.2837885076185257 598.00000000000011 1.0000000180025095e-35 -0.62745991557636771 -0.34415089268153565 -0.12922802838853795 0.37574650425094575 0.51741998463969641 -0.26651049947746924 407.00000000000006 683.00000000000011 0.26742856819097355 0.25312804474552547 -0.4622212616448329 -1.2286524303672597 -0.42645296305815689 -0.45442181694312672 0.58567652822252214 1.0204090461430462 -0.020562236588829361 -0.52832554894882033 0.36831026926226013 -0.15632383741789169 1.1769218391118021 0.52468315142560829 -1.0000000180025095e-35 0.49765956212861556 -0.972114994326022 -0.80936821117352642 203.00000000000003
decision_type=2 2 2 2 2 2 2 2 2 2 2 2 2 2 2 2 2 2 2 2 2 2 2 2 2 2 2 2 2 2 2 2 2 2 2 2 2 2 2 2 2 2 2 2 2
left_child=5 2 -2 4 -3 31 7 8 17 -8 12 19 -10 33 -15 -16 44 -5 -19 20 -9 22 23 -21 32 26 34 28 -6 -29 -13 43 -25 39 -7 -36 -37 -32 41 -4 -23 -31 -20 -1 -17
right_child=1 3 13 6 27 25 9 11 10 -11 -12 30 -14 14 15 16 -18 18 42 21 -22 40 -24 24 -26 -27 -28 29 -30 38 37 -33 -34 -35 35 36 -38 -39 -40 -41 -42 -43 -44 -45 -46
leaf_value=0.016883535138109015 -0.019858438767034439 0.02897600869198922 0.01995942270704594 0.02546303972651414 0.0099370975079828821 -0.029348716668017256 0.025435765695604049 -6.9342705198597557e-05 -0.030619711176782527 -0.0088285213890290457 0.0093095622515260417 0.013946359010543514 0 -0.0095821179889367357 -0.0048998777336468971 0.017464762542253997 0 0.023809961817291052 -0.00070740753183167685 -0.026828056277590447 -0.039240007080768045 -0.032148731233922791 0.016682254474181923 0.015558663325553782 -0.01708058179614012 0.0041823531417163155 0.0013361481231158544 -0.0085720838144492419 -0.018460351011644751 0.013490611743374377 0.0020447022369209865 -0.0080335158506436022 -0.0042991867183807706 0.0071016127018812452 0.00094280738281095518 -0.031033229161366263 -0.0080219375751601329 -0.015857452646155533 0.024083633373485347 0.040738766973481923 -0.010538573132568497 -3.2363179419010771e-05 -0.015325456497470505 0.0030839921716400518 0.037875179860705328
leaf_weight=5.461905613541604 6.7413192093372336 8.1190440654754621 17.527108609676368 8.4338599890470523 4.9729984402656555 12.225733146071432 7.2108254283666593 4.9913011640310296 7.743132412433626 6.4787284582853317 7.969563513994216 7.1856449693441418 6.2208616435527802 7.9358700811862937 6.197001680731776 7.4049885869026202 5.95321100950241 4.9692637771368018 4.9888224154710761 7.7352295964956239 8.984228909015652 7.7375047504901886 5.2227448821067801 8.9878033995628446 6.9910166412591925 5.2412335723638526 6.487124800682067 5.7169982939958564 7.7355980277061445 4.9480155408382469 4.9854941964149484 6.9877972155809394 5.4883041828870764 6.6712284386157981 5.7405407428741446 5.9881081283092525 9.485869348049162 5.2407435327768299 7.1813432127237311 5.1657768934965125 5.240276023745535 5.2186381667852402 4.983617663383483 5.2295179069042215 5.9045601934194565
leaf_count=22 27 33 71 34 20 49 29 20 31 26 32 29 25 32 25 30 24 20 20 31 36 31 21 36 28 21 26 23 31 20 20 28 22 27 23 24 38 21 29 21 21 21 20 21 24
internal_value=1.39347e-06 0.00238235 0.0121074 -0.00137382 0.00895598 -0.00925501 -0.00476847 -0.00649144 0.00206255 0.00955434 -0.00829913 -0.0114319 -0.018665 0.0160178 0.00865276 0.0147761 0.0212917 0.0119404 0.00231596 -0.0151303 -0.0270008 -0.0107871 -0.0041061 -0.00865284 -0.000518103 -0.0143919 -0.0170381 0.00326811 -0.00704993 0.00928084 0.00145427 0.00365544 0.00795764 0.023372 -0.0206786 -0.0138097 -0.0192358 -0.007473 0.0156965 0.0271702 -0.0258332 0.00692317 -0.00958424 0.0118358 0.0298438
internal_weight=314.03 251.183 69.5011 181.682 43.8926 62.8478 137.789 124.099 45.3091 13.6896 21.9336 78.7903 13.964 62.7597 33.3956 25.4598 19.2628 23.3756 14.9417 61.3784 13.9755 47.4029 34.4251 29.2024 21.4671 45.1686 39.9274 35.7736 12.7086 23.065 17.4119 17.6792 14.4761 29.3641 33.4403 21.2145 15.474 10.2262 17.348 22.6929 12.9778 10.1667 9.97244 10.6914 13.3095
internal_count=1263 1011 281 730 177 252 553 498 182 55 88 316 56 254 135 103 78 94 60 246 56 190 138 117 86 181 160 144 51 93 70 71 58 119 134 85 62 41 70 92 52 41 40 43 54
is_linear=0
shrinkage=0.03


Tree=9
num_leaves=45
num_cat=0
split_feature=35 2 12 14 2 32 24 26 16 39 36 37 29 11 26 26 26 20 20 26 33 4 2 21 16 40 15 20 40 2 23 33 13 14 15 26 35 21 16 38 21 36 12 32
split_gain=7.31669 9.85918 9.93786 6.84044 5.22569 3.98357 3.71011 5.70567 4.92444 4.16783 4.15832 3.59754 3.59653 3.77325 3.37583 9.2187 3.99454 3.62085 2.96802 2.76602 2.74912 2.71182 5.12246 4.84272 5.47662 4.91192 3.83406 2.65492 2.55385 2.53498 2.41511 3.76292 2.38143 3.33934 2.82659 2.27825 2.18759 1.8384 1.78452 1.64563 1.14149 0.66037 0.510345 0.412802
threshold=-0.88017823384653748 -0.34808388346191255 -1.4634834278656605 -0.99761524158513137 1.220128577444529 -0.13156486726555358 1.0937568653686405 -0.60523786060089302 0.46045671008658767 1.0000000180025095e-35 -0.35982762427577913 1.0000000180025095e-35 -0.63526646619759575 0.63671847485299204 -0.48426053132167907 1.0000000180025095e-35 0.84649009074967629 -0.80936821117352642 1.0000000180025095e-35 0.36258077363281982 0.34782900371486808 -0.34415089268153565 -0.12706065071670947 0.37574650425094575 -0.57595554179910657 407.00000000000006 -1.2532339444158196 0.14528590003038086 217.00000000000003 -0.56910711620711563 0.39210547762740872 -0.62196462509725758 1.7457944499533269 -2.076258201744472 0.42241977445147533 -0.00035121420482262634 -1.0000000180025095e-35 -0.42645296305815689 -0.83505860477053007 1.0000000180025095e-35 -0.42645296305815689 1.0000000180025095e-35 -1.2647900948326252 -0.13156486726555358
decision_type=2 2 2 2 2 2 2 2 2 2 2 2 2 2 2 2 2 2 2 2 2 2 2 2 2 2 2 2 2 2 2 2 2 2 2 2 2 2 2 2 2 2 2 2
left_child=14 2 -2 4 5 37 7 8 10 21 38 -11 19 43 17 28 42 -1 -10 -4 -12 22 -9 24 35 26 -26 -8 39 -18 36 -32 34 -34 -6 -23 -15 -3 -5 -16 -35 -25 -17 -14
right_child=1 3 12 6 32 -7 27 9 18 11 20 -13 13 30 15 16 29 -19 -20 -21 -22 23 -24 41 25 -27 -28 -29 -30 -31 31 -33 33 40 -36 -37 -38 -39 -40 -41 -42 -43 -44 -45
leaf_value=-6.4598286000241631e-05 -0.023139027583157234 0.041067309400435341 -0.010162339526121307 -0.022429246167702213 0.0042590015225403878 -0.00056157534470668033 0.019023576601148409 -6.7742715343422724e-05 0.027389540996851845 -0.01156023570386194 0.018834575213080008 0.013603151679656492 0.039037137700925047 0.027629812889244858 0.0053887781747624279 -0.0098229493128337252 -0.012408256833760952 -0.031175913145165279 0.0011699427514167725 0.013205629692745333 -0.0049953998024767328 0 -0.038250181596907885 -0.03136985208954423 -0.0019235531091957392 -0.013492346649988619 0.027953196372878287 -0.005310756616651157 -0.0041551485261230765 0.010582452766402559 0.014885157405704308 -0.011767534488454892 -0.010814866158169201 0.0037213187291879266 -0.023984494473704897 -0.024581933168645986 0.0029475490513656897 0.01274949016477347 -0.00075877179748517543 0.028745596211377296 0.024463446995700321 -0.010292447050805205 -0.029139054051396159 0.019127865816880581
leaf_weight=5.4845247268676749 5.2472233176231375 5.6390748769044885 7.2288984358310682 9.4806093424558622 4.9492863714694995 5.2060280442237845 8.1950925737619382 4.9913085848093024 7.1789260506629935 8.2314178198575991 6.4653878957033175 9.1728008985519391 7.3138470202684429 9.6257731914520246 6.9840390682220477 4.983698070049285 8.4854148328304273 9.2294411659240705 8.2071117013692838 7.9059357047080994 7.9639819264411926 4.9905012696981439 8.9790959209203702 7.7290925383567792 5.7391097247600493 6.2319763302803031 7.7191866636276396 5.4840613156557074 5.4758953899145117 5.9825712591409674 8.9120963662862778 7.1915780454874048 4.9740540385246304 5.9610798358917263 4.9829815775156021 9.734232068061818 5.9393092393875149 6.9238937497138986 5.9857971370220175 5.7288236171007156 5.205638542771335 5.2404858767986298 10.468141689896585 10.032420411705969
leaf_count=22 21 23 29 38 20 21 33 20 29 33 26 37 30 39 28 20 34 37 33 32 32 20 36 31 23 25 31 22 22 24 36 29 20 24 20 39 24 28 24 23 21 21 42 41
internal_value=3.21183e-06 0.00232347 0.011821 -0.00134105 0.00874653 0.0205935 -0.00465508 -0.00633598 0.00200612 -0.0111548 -0.00494393 0.00141166 0.0152354 0.0190972 -0.00901035 -0.00468906 -0.0147406 -0.0210282 0.0151053 0.0017737 0.00607358 -0.0147635 -0.0263256 -0.0105288 -0.004004 0.00601495 0.0158963 0.00931176 0.0114039 -0.0024247 0.0116989 0.00265327 0 0.00690401 -0.0106736 -0.0170889 0.0196501 0.0289116 -0.0152046 0.0182592 0.0156164 -0.0252178 -0.0246834 0.0302796
internal_weight=313.782 250.959 69.3971 181.562 43.842 17.769 137.72 124.041 45.2818 78.7592 29.8958 17.4042 64.1499 49.015 62.8225 48.1086 29.9198 14.714 15.386 15.1348 14.4294 61.355 13.9704 47.3846 34.415 19.6903 13.4583 13.6792 18.1888 14.468 31.6688 16.1037 26.073 16.1408 9.93227 14.7247 15.5651 12.563 15.4664 12.7129 11.1667 12.9696 15.4518 17.3463
internal_count=1263 1011 281 730 177 72 553 498 182 316 120 70 260 199 252 193 120 59 62 61 58 246 56 190 138 79 54 55 73 58 128 65 105 65 40 59 63 51 62 51 45 52 62 71
is_linear=0
shrinkage=0.03


Tree=10
num_leaves=49
num_cat=0
split_feature=35 2 12 14 2 17 24 26 42 28 22 26 41 12 41 41 40 33 35 41 40 23 40 10 34 35 36 21 41 0 16 33 25 36 37 33 25 16 0 34 21 34 34 26 28 28 16 14
split_gain=6.94403 9.3755 9.48239 6.52166 4.99161 4.65884 3.52291 5.43854 5.17825 5.13914 5.03874 4.79281 3.64453 3.42603 2.89265 3.18551 2.77399 3.38754 4.03474 2.66358 3.05144 4.90658 4.9229 3.96024 3.32606 2.71071 2.5912 2.57845 2.54245 3.09304 2.8224 2.44419 2.83526 3.64262 2.32388 3.46277 3.42837 2.25685 2.22186 2.07145 2.04535 2.04431 1.98815 1.85491 1.80398 1.77567 0.426307 0.385823
threshold=-0.88017823384653748 -0.34808388346191255 -1.4634834278656605 -0.99761524158513137 1.220128577444529 0.27519520083564075 1.0937568653686405 -0.60523786060089302 1.0000000180025095e-35 1.1154475501367525 0.18804246081713735 -0.84719251915932114 209.50000000000003 0.076100165608560075 163.50000000000003 598.00000000000011 139.50000000000003 0.14991193661035254 1.0000000180025095e-35 521.50000000000011 377.00000000000006 -0.27337611463698491 572.00000000000011 0.043737869974049819 0.28554550334706891 -0.10035158443392468 0.52468315142560829 -0.42645296305815689 683.00000000000011 -0.31078686685902651 -0.83505860477053007 0.34782900371486808 -1.0543302271066224 0.52468315142560829 1.0000000180025095e-35 0.6249128976611894 0.35612756330562678 0.71955977305801133 0.33028093679904669 0.10451540706255372 -0.42645296305815689 -0.024791804569242716 1.119577018372157 -0.12132854348403661 -0.75437631176393571 1.0000000180025095e-35 0.46045671008658767 -1.1385547011664168
decision_type=2 2 2 2 2 2 2 2 2 2 2 2 2 2 2 2 2 2 2 2 2 2 2 2 2 2 2 2 2 2 2 2 2 2 2 2 2 2 2 2 2 2 2 2 2 2 2 2
left_child=5 2 -2 4 40 37 7 8 9 12 -8 13 46 -10 -4 16 -16 42 -19 20 23 22 -22 31 -23 -25 -17 -21 29 -7 38 32 -9 -34 36 39 -6 41 -31 -36 -3 -1 43 -18 -32 -46 -5 -42
right_child=1 3 14 6 34 28 10 19 11 -11 -12 -13 -14 -15 15 26 17 18 -20 27 21 24 -24 25 -26 -27 -28 -29 -30 30 44 -33 33 -35 35 -37 -38 -39 -40 -41 47 -43 -44 -45 45 -47 -48 -49
leaf_value=0.023445235130738502 -0.022605320626239635 0.030840865292706552 -0.0035088220097183307 0.014743555719644912 -0.024661967543713859 0.00151825139034415 0.024439893994906967 -0.0085343896146082183 -0.029715899183024017 -0.011612314681269541 -0.0086184333951381045 0.0089859333573255058 0 0 0 -0.0090101551829156589 0.012137789541475543 0.022392709696954689 -0.0094948445268938433 -0.0028149624865394783 -0.018234756828573822 -0.035893422696872561 0.018390066950687008 7.3204850586435364e-05 -0.0043448869894729117 -0.026434777221761824 0.01361549852286013 -0.030835261711872272 0.0040262289411440721 -0.018086904766918471 -0.035132994674672929 -0.010844337206136239 0.023194841660536814 -0.0049000587625684724 0.026066264543473109 -0.011017217688722642 0.0060408931813706957 -0.0086156028116228765 0.005538065638682736 0 0.00044647728032699206 0 0.012231317651602156 0.041214164648724995 -0.0013487157858393449 -0.024993015879919894 0.036628826147898683 0.013155733320541763
leaf_weight=4.9666732996702203 5.2454148381948462 7.8307273685932186 5.9340590089559546 6.4566397815942818 5.2380596548318881 6.4873014390468589 7.1877580285072309 4.9844698160886756 7.7411603182554263 5.2413833290338507 6.4809327274560928 7.9614734798669806 6.4590028524398795 6.218231663107872 4.935890555381774 6.1944336593151084 4.9091051667928687 6.129916235804556 5.2007176131010056 5.2258256375789633 4.9754228740930575 9.2184418588876706 5.2342653125524521 5.2211459875106812 5.4738374948501578 6.7335576564073545 9.3907288014888746 9.2147088944911939 5.2392986267805091 5.243798226118086 10.713811382651327 5.9875918924808493 11.461710408329973 4.9836997389793387 5.9143224507570249 4.9706558734178534 4.983457624912262 6.4820455163717261 5.98707115650177 4.9587837606668472 4.9611217081546792 6.2253441512584695 7.8589644879102698 13.475232347846037 6.4785404801368731 4.9845798462629318 5.180823028087616 4.9365726709365818
leaf_count=20 21 32 24 26 21 26 29 20 31 21 26 32 26 25 20 25 20 25 21 21 20 37 21 21 22 27 38 37 21 21 43 24 46 20 24 20 20 26 24 20 20 25 32 55 26 20 21 20
internal_value=3.80781e-06 0.0022665 0.0115377 -0.00130616 0.00854834 -0.00877698 -0.00454305 -0.00618198 0.00196179 0.0115494 0.00906767 -0.00807534 0.0189394 -0.0181218 0.0148798 0.0168998 0.0210905 0.0237675 0.00788989 -0.0108883 -0.00778545 -0.0157282 0 -0.00222217 -0.0260014 -0.0156942 0.00427006 -0.0222906 -0.0137921 -0.0163382 -0.0198938 0.00395385 0.00878911 0.0146486 0 0.0069687 -0.0103236 0.00379438 -0.00585275 0.0160147 0.0201436 0.0116233 0.0296092 0.0352531 -0.0259298 -0.0137953 0.028013 0.0082089
internal_weight=313.519 250.71 69.2745 181.436 43.7937 62.8085 137.642 123.973 45.2587 23.3378 13.6687 21.9209 18.0965 13.9594 64.029 58.095 42.5098 37.5739 11.3306 78.7147 64.2741 24.902 10.2097 39.3722 14.6923 11.9547 15.5852 14.4405 45.1344 39.8951 33.4078 27.4175 21.4299 16.4454 26.0653 15.8438 10.2215 17.6741 11.2309 10.8731 17.7284 11.192 26.2433 18.3843 22.1769 11.4631 11.6375 9.89769
internal_count=1263 1011 281 730 177 252 553 498 182 94 55 88 73 56 260 236 173 153 46 316 258 100 41 158 59 48 63 58 181 160 134 110 86 66 105 64 41 71 45 44 72 45 107 75 89 46 47 40
is_linear=0
shrinkage=0.03


Tree=11
num_leaves=46
num_cat=0
split_feature=35 2 14 2 17 0 38 29 7 19 39 26 33 36 42 31 8 34 35 19 41 37 36 26 25 41 13 26 34 28 36 29 40 21 13 37 41 25 20 40 20 28 34 0 36
split_gain=6.59246 8.90015 6.21948 4.81468 4.43375 3.99217 4.76247 4.01739 3.68404 4.40636 3.29926 5.87256 4.8253 3.52338 3.17867 3.28565 3.15596 3.04884 2.89034 3.54208 3.59963 2.76116 4.25593 3.24822 3.08555 2.42591 2.95534 2.31119 2.19562 2.11536 2.11028 4.03105 1.91347 2.175 1.49276 3.31409 1.47632 1.45545 1.45062 2.31512 1.1951 1.18768 1.11754 0.940069 0.524829
threshold=-0.88017823384653748 -0.34808388346191255 -0.99761524158513137 0.9954216241535726 0.27519520083564075 1.1115823225073231 1.0000000180025095e-35 -0.17877845390650107 -0.98856357847569887 -0.4071832540777488 1.0000000180025095e-35 -0.60523786060089302 1.0000000180025095e-35 -0.35982762427577913 1.5000000000000002 0.36831026926226013 1.0000000180025095e-35 -0.33512911248555449 -0.10035158443392468 -1.0000000180025095e-35 407.00000000000006 1.0000000180025095e-35 -0.99258781959390985 -0.0003512142048224585 0.70874201090868916 683.00000000000011 1.0000000180025095e-35 0.60453543219124806 0.44071415730522473 0.18053561918640817 -0.28538524835599893 0.63610923745611381 496.00000000000006 -0.42645296305815689 -0.18276495823055791 1.0000000180025095e-35 349.00000000000006 -0.70171577950356034 0.14528590003038086 200.50000000000003 1.0000000180025095e-35 -0.75437631176393571 -0.7230507473809441 0.62076478533161106 -0.74714692722310538
decision_type=2 2 2 2 2 2 2 2 2 2 2 2 2 2 2 2 2 2 2 2 2 2 2 2 2 2 2 2 2 2 2 2 2 2 2 2 2 2 2 2 2 2 2 2 2
left_child=4 5 3 -3 30 8 7 -7 9 -2 11 13 28 29 16 -16 17 44 27 -20 -21 24 -23 -24 -5 26 34 -19 -12 36 -1 -32 33 -14 35 -6 -4 -9 43 -40 -18 -37 -15 -10 -13
right_child=1 2 10 21 25 6 -8 37 38 -11 12 14 32 42 15 -17 40 18 19 20 -22 22 23 -25 -26 -27 -28 -29 -30 -31 31 -33 -34 -35 -36 41 -38 -39 39 -41 -42 -43 -44 -45 -46
leaf_value=0.017088021032631694 -0.016993909405013049 0.027406745104827896 0.014043602680371326 -0.016861308038275954 -0.026717350909184732 0.027967970922545268 -0.016471108044475321 -0.011507065978755745 0.030922111025749318 0.014817633106884697 0.0022359718960188058 -0.010424040674488873 0.0017101334084510976 0.00099357512512415996 0.014257517357346931 -0.011215737391739724 -0.012662294936614455 -0.0048333000648501075 -0.028671474437220595 0.0092247563809811049 -0.01894040571030578 -0.010391299950117547 0.027106494780696759 0 0.0084251410945181092 0.0039328084670946064 1.5671510088145157e-05 0.019778826797302862 0.027864517506542359 -0.014363085460124722 -0.019323969316831172 0.011508904548581261 0.0075811527405235364 -0.019844391866481955 -0.028384492962557975 -0.0094837040462011548 -0.0060519768787051145 0.008554548954158742 0.020072135015298434 -0.004183291660961823 -0.03644368264119828 0.0070829117733201439 0.019232729006499947 0.011035121340928438 -0.030314487289043193
leaf_weight=5.4620396345853832 4.9528447091579428 8.0347427725791913 4.9498657137155551 8.7270703315734846 7.2253762483596793 5.4035927951335934 7.704561546444892 4.9541676193475723 14.882011711597444 8.3592147380113584 6.2119287103414518 5.9826156795024872 6.2109059840440741 5.4715483635663977 6.7249726653099051 8.7163469195365888 6.9642253965139371 5.7327152937650663 5.487048238515853 8.7293715178966611 5.238113358616828 5.4677128791809073 9.5979221761226619 5.9371408522129103 5.972760632634162 5.2384835779666892 7.7331667691469184 4.9728707075119019 6.4079125821590424 9.4661706537008268 5.7331080734729749 6.4715673476457596 5.7244515419006339 8.2342343777418154 12.435440436005594 6.9832269549369785 4.9732226431369781 4.9320131391286832 6.6078445464372617 4.9180587083101273 6.9631158411502838 5.4871666133403787 9.1723930090665799 6.4359761029481879 5.2278508245944924
leaf_count=22 20 33 20 35 29 22 31 20 61 34 25 24 25 22 27 35 28 23 22 35 21 22 39 24 24 21 31 20 26 38 23 26 23 33 50 28 20 20 27 20 28 22 37 26 21
internal_value=0 0.00220561 -0.00127455 0.00835464 -0.00855844 0.0112482 0.000662381 0.0103536 0.0162092 0.00205449 -0.00443636 -0.00703201 0.00362736 0.00298542 -0.0118964 0 -0.0151779 -0.0101345 -0.0044384 -0.0111474 -0.00176235 0.0029736 0.00978138 0.0175234 -0.00638789 -0.0134538 -0.0159434 0.00713345 0.0172519 -0.00507938 0.00370116 -0.00306672 -0.00522454 -0.0109114 -0.0197921 -0.0124592 0.00397472 -0.0011633 0.0214313 0.00997191 -0.0273283 -0.00178685 0.013515 0.0263012 -0.0226546
internal_weight=313.219 250.45 181.299 43.7373 62.7696 69.1503 22.9943 15.2898 46.156 13.3121 137.562 104.772 32.7894 34.0332 70.7392 15.4413 55.2979 41.3706 30.1601 19.4545 13.9675 35.7026 21.0028 15.5351 14.6998 45.1029 39.8644 10.7056 12.6198 19.3893 17.6667 12.2047 20.1696 14.4451 32.1312 19.6958 9.92309 9.88618 32.8439 11.5259 13.9273 12.4704 14.6439 21.318 11.2105
internal_count=1263 1011 730 177 252 281 93 62 188 54 553 421 132 137 284 62 222 166 121 78 56 144 85 63 59 181 160 43 51 78 71 49 81 58 129 79 40 40 134 47 56 50 59 87 45
is_linear=0
shrinkage=0.03


Tree=12
num_leaves=47
num_cat=0
split_feature=35 2 12 14 2 17 32 29 41 22 24 26 42 28 22 26 32 39 38 41 26 16 33 12 26 42 2 26 25 32 36 0 16 26 0 20 24 21 32 23 21 28 22 41 36 34
split_gain=6.24382 8.46294 8.93899 5.91464 4.62771 4.21625 3.84635 3.54299 3.50083 4.25703 3.31276 4.99656 4.96143 4.83954 4.80405 4.52728 4.46771 3.78406 3.04254 2.66973 2.51457 2.44403 2.26093 2.7841 2.29437 2.14555 4.31967 3.86752 2.91927 4.37201 2.76278 1.98364 2.2018 2.11285 1.8268 1.80019 1.78636 1.70216 1.30782 1.20395 1.1602 1.15091 1.05111 0.530651 0.575049 1.31122
threshold=-0.88017823384653748 -0.34808388346191255 -1.4634834278656605 -0.99761524158513137 1.220128577444529 -1.3681690481261291 -0.13156486726555358 -0.63526646619759575 710.00000000000011 -1.0326396669273639 1.0937568653686405 -0.60523786060089302 1.0000000180025095e-35 1.1154475501367525 0.18804246081713735 -0.72621518988010714 -0.38122168668419948 1.0000000180025095e-35 -1.0000000180025095e-35 683.00000000000011 0.36258077363281982 1.0000000180025095e-35 0.34782900371486808 -0.013253567978807808 -0.0003512142048224585 1.5000000000000002 -0.12706065071670947 0.24160344435360556 1.0000000180025095e-35 -0.38122168668419948 -0.28538524835599893 -0.31078686685902651 -0.83505860477053007 0.24160344435360565 0.5806980476029816 -0.4622212616448329 1.0000000180025095e-35 -0.42645296305815689 -0.13156486726555358 -1.0000000180025095e-35 -1.0000000180025095e-35 1.0000000180025095e-35 1.0000000180025095e-35 198.00000000000003 -0.60362640541305879 0.75105146522153643
decision_type=2 2 2 2 2 2 2 2 2 2 2 2 2 2 2 2 2 2 2 2 2 2 2 2 2 2 2 2 2 2 2 2 2 2 2 2 2 2 2 2 2 2 2 2 2 2
left_child=5 2 -2 4 6 36 37 20 9 -9 11 12 13 16 -12 18 41 25 -14 31 -4 -19 24 -24 -6 26 28 -27 29 30 -13 -7 33 -33 35 -34 -1 -3 -23 -28 -30 -5 -31 44 -11 -46
right_child=1 3 7 10 22 19 -8 8 -10 43 14 17 15 -15 -16 -17 -18 21 -20 -21 -22 38 23 -25 -26 27 39 -29 40 42 -32 32 34 -35 -36 -37 -38 -39 -40 -41 -42 -43 -44 -45 45 -47
leaf_value=0.018893171607127262 -0.022159022170607539 0.039352703350733285 -0.010350792729087541 0.013303347290913644 0.017916951552064821 0 -0.0012769894940579762 -0.0010899207458975879 -0.0029604716345595101 0.0068364742046669704 0.023910833108651507 -0.0011167699156497278 -0.027270967785960599 -0.011179732830794606 -0.0083780045304903683 0.010127838294236743 0.035676108826009405 0.014010677093906182 0 0.0047030248835246069 0.011985591222871256 -0.015961149626966809 -0.022438038828488702 0.0035750301465479594 -0.0040578524079860007 0.012377711519813485 -0.014177231780950261 -0.017838909181287926 -0.0076526013414161785 -0.0016031333259704228 -0.030207004228233445 0.0071708143478980612 -0.022373590075944333 -0.014840130137619697 -0.034254362758413724 -0.0027789588166877771 -0.0031737562759713909 0.012048785964843245 0.0026598619112792924 -0.040924531104448054 -0.031100280348206166 -0.0034645998294084539 0.013284438448624846 0.032395820226441052 0.026646631636161135 0.005611695091046422
leaf_weight=4.9655253142118436 5.2412618994712821 5.5573020726442346 7.2236772179603559 5.6872453540563619 7.3895117044448853 7.23443579673767 5.1880116462707511 6.1795387268066397 5.4500494897365561 6.1390698999166444 7.1677346229553205 6.2330788671970367 8.4772079735994339 5.2427327483892432 6.4811584949493408 6.9591568261384955 6.6450983881950387 6.9448968023061779 6.4662843346595773 6.4844047725200644 7.852501854300499 5.2323329150676736 5.4817032963037491 6.4588479697704297 6.6992785632610339 6.468865290284155 5.980326920747757 5.7390675693750381 5.4881870597600937 6.2280025780201012 5.2283592373132652 5.4793222844600624 9.4322761893272382 7.2336966544389725 7.7127295285463324 8.9494773894548505 5.2330477237701416 6.8980813175439843 5.2077212780714008 6.4417618513107282 5.7109165638685209 5.7267050743103027 7.730205625295639 12.142077624797819 13.424931734800348 5.3838287740945807
leaf_count=20 21 23 29 23 30 29 21 25 22 25 29 25 34 21 26 28 27 28 26 26 32 21 22 26 27 26 24 23 22 25 21 22 38 29 31 36 21 28 21 26 23 23 31 50 55 22
internal_value=0 0.00214651 0.0109726 -0.0012466 0.00815025 -0.00833304 0.0193471 0.014233 0.0180718 0.0208653 -0.00433042 -0.00592205 0.00188399 0.0112807 0.00887105 -0.00793883 0.0184652 -0.0104357 -0.0168737 -0.0117715 0.000953072 0.00151997 0 -0.00909208 0.00769793 -0.01388 -0.0166292 -0.00178734 -0.0104251 -0.00399896 -0.0168098 -0.0142932 -0.0168894 -0.00517566 -0.0217873 -0.0140648 0.00810229 0.0275815 -0.00700283 -0.0313935 -0.0223433 0.00500054 0.00674264 0.024579 0.0189261 0.0217802
internal_weight=312.922 250.197 69.0369 181.16 43.6727 62.7249 17.6434 63.7957 48.7195 43.2694 137.487 123.838 45.2044 23.3018 13.6489 21.9026 18.059 78.6337 14.9435 52.5263 15.0762 17.385 26.0293 11.9406 14.0888 61.2488 49.0408 12.2079 36.6187 25.4196 11.4614 46.0419 38.8075 12.713 26.0945 18.3818 10.1986 12.4554 10.4401 12.4221 11.1991 11.414 13.9582 37.0899 24.9478 18.8088
internal_count=1263 1011 281 730 177 252 72 260 199 177 553 498 182 94 55 88 73 316 60 211 61 70 105 48 57 246 197 49 147 102 46 185 156 51 105 74 41 51 42 50 45 46 56 152 102 77
is_linear=0
shrinkage=0.03


end of trees

feature_importances:
Column_26=40
Column_12=30
Column_16=28
Column_36=25
Column_29=24
Column_35=24
Column_41=23
Column_2=22
Column_40=22
Column_34=21
Column_21=20
Column_22=20
Column_32=18
Column_0=16
Column_20=16
Column_30=16
Column_31=16
Column_14=15
Column_37=14
Column_15=13
Column_25=13
Column_33=13
Column_19=11
Column_24=11
Column_28=11
Column_23=10
Column_27=10
Column_39=10
Column_13=9
Column_42=9
Column_17=8
Column_1=7
Column_11=7
Column_38=6
Column_5=5
Column_7=3
Column_18=3
Column_3=2
Column_4=2
Column_8=2
Column_10=2

parameters:
[boosting: gbdt]
[objective: binary]
[metric: binary_logloss]
[tree_learner: serial]
[device_type: cpu]
[data_sample_strategy: bagging]
[data: ]
[valid: ]
[num_iterations: 800]
[learning_rate: 0.03]
[num_leaves: 128]
[num_threads: 1]
[seed: 42]
[deterministic: 0]
[force_col_wise: 1]
[force_row_wise: 0]
[histogram_pool_size: -1]
[max_depth: 12]
[min_data_in_leaf: 20]
[min_sum_hessian_in_leaf: 0.001]
[bagging_fraction: 0.85]
[pos_bagging_fraction: 1]
[neg_bagging_fraction: 1]
[bagging_freq: 0]
[bagging_seed: 400]
[bagging_by_query: 0]
[feature_fraction: 0.8]
[feature_fraction_bynode: 1]
[feature_fraction_seed: 30056]
[extra_trees: 0]
[extra_seed: 12879]
[early_stopping_round: 0]
[early_stopping_min_delta: 0]
[first_metric_only: 0]
[max_delta_step: 0]
[lambda_l1: 0.2]
[lambda_l2: 1.5]
[linear_lambda: 0]
[min_gain_to_split: 0]
[drop_rate: 0.1]
[max_drop: 50]
[skip_drop: 0.5]
[xgboost_dart_mode: 0]
[uniform_drop: 0]
[drop_seed: 17869]
[top_rate: 0.2]
[other_rate: 0.1]
[min_data_per_group: 100]
[max_cat_threshold: 32]
[cat_l2: 10]
[cat_smooth: 10]
[max_cat_to_onehot: 4]
[top_k: 20]
[monotone_constraints: ]
[monotone_constraints_method: basic]
[monotone_penalty: 0]
[feature_contri: ]
[forcedsplits_filename: ]
[refit_decay_rate: 0.9]
[cegb_tradeoff: 1]
[cegb_penalty_split: 0]
[cegb_penalty_feature_lazy: ]
[cegb_penalty_feature_coupled: ]
[path_smooth: 0]
[interaction_constraints: ]
[verbosity: -1]
[saved_feature_importance_type: 0]
[use_quantized_grad: 0]
[num_grad_quant_bins: 4]
[quant_train_renew_leaf: 0]
[stochastic_rounding: 1]
[linear_tree: 0]
[max_bin: 255]
[max_bin_by_feature: ]
[min_data_in_bin: 3]
[bin_construct_sample_cnt: 200000]
[data_random_seed: 175]
[is_enable_sparse: 1]
[enable_bundle: 1]
[use_missing: 1]
[zero_as_missing: 0]
[feature_pre_filter: 1]
[pre_partition: 0]
[two_round: 0]
[header: 0]
[label_column: ]
[weight_column: ]
[group_column: ]
[ignore_column: ]
[categorical_feature: ]
[forcedbins_filename: ]
[precise_float_parser: 0]
[parser_config_file: ]
[objective_seed: 16083]
[num_class: 1]
[is_unbalance: 0]
[scale_pos_weight: 1]
[sigmoid: 1]
[boost_from_average: 1]
[reg_sqrt: 0]
[alpha: 0.9]
[fair_c: 1]
[poisson_max_delta_step: 0.7]
[tweedie_variance_power: 1.5]
[lambdarank_truncation_level: 30]
[lambdarank_norm: 1]
[label_gain: ]
[lambdarank_position_bias_regularization: 0]
[eval_at: ]
[multi_error_top_k: 1]
[auc_mu_weights: ]
[num_machines: 1]
[local_listen_port: 12400]
[time_out: 120]
[machine_list_filename: ]
[machines: ]
[gpu_platform_id: -1]
[gpu_device_id: -1]
[gpu_device_id_list: ]
[gpu_use_dp: 0]
[num_gpu: 1]

end of parameters

pandas_categorical:null
