tree
version=v4
num_class=1
num_tree_per_iteration=1
label_index=0
max_feature_idx=62
objective=binary sigmoid:1
feature_names=Column_0 Column_1 Column_2 Column_3 Column_4 Column_5 Column_6 Column_7 Column_8 Column_9 Column_10 Column_11 Column_12 Column_13 Column_14 Column_15 Column_16 Column_17 Column_18 Column_19 Column_20 Column_21 Column_22 Column_23 Column_24 Column_25 Column_26 Column_27 Column_28 Column_29 Column_30 Column_31 Column_32 Column_33 Column_34 Column_35 Column_36 Column_37 Column_38 Column_39 Column_40 Column_41 Column_42 Column_43 Column_44 Column_45 Column_46 Column_47 Column_48 Column_49 Column_50 Column_51 Column_52 Column_53 Column_54 Column_55 Column_56 Column_57 Column_58 Column_59 Column_60 Column_61 Column_62
feature_infos=[-1.0008710766800966:20.636766637610862] [-1.0320811620028261:12.246978184254532] [-1.4163432298796119:10.973402905899496] [-0.99613835008915608:20.57944432716528] [-1.0429319892427531:12.255084439904403] [-1.4209044322791049:10.927427801162764] [-2.7573050559614507:10.093222033638765] [-1.7781200398393047:9.1793267608789879] [-3.8768912961500224:6.1599857660668151] [-4.4537149784780379:4.4983779045635091] [-6.6166206984390303:2.5976778564406895] [-2.8633952593014045:7.5050617541913445] [-1.8652589088394647:4.1611077886491623] [-4.4078904068935953:4.6221363667789399] [-2.8232271567952107:7.5957842090759797] [-4.4078904068935953:4.6221363667789399] [-6.935240775798408:2.1585765377702089] [-2.8232271567952107:7.5957842090759797] [-7.6647874243345431:0.6703483379414481] [-1.7823409083575865:1.6143845497671263] [-1.4091203649875927:1.4962514749761648] [-4.1060447306345447:0.76977834082301366] [-2.8056299886170799:0.35642618736510701] [-2.1939160748622437:2.8495758157622313] [-2.2563192624686876:4.5063250141081008] [-2.2288910126055095:4.0535353555384139] [-3.6699324100744963:4.1119813880429739] [-2.3326923879316226:2.7230719881532819] [-2.3052423244163212:6.972139595471238] [-2.2047393400762885:3.883570757607921] [-3.6808181129654636:6.0982906588941521] [-2.752000881507279:3.7274985420951161] [-3.0130570635686547:5.6525339974118358] [-2.9143403097096132:3.7401295605678944] [-3.4455542785280682:4.7402077220359615] [-2.7358397697146986:3.6397280755453973] [-2.4876204694218251:8.8982157558667279] [-2.8825264531900014:3.8976228907759545] [-3.3100475790963979:7.7974409292489879] [-3.1884981307062716:3.8075566605788893] [-3.3709159416612495:4.6075062315887063] [-2.8101885773564352:2.2207331190310047] [-3.8638967166940499:3.8023238319018104] [-1.8251806995570519:3.5405860605371999] [-3.7616687571804501:3.7035030813710335] [-2.5609704831472779:6.316554432548843] [-2.5193367657805137:6.5907026018367336] [-5.2148998120319359:4.728315483187381] [-4.4702922327605679:3.2929509244189115] [-1.0242232735435037:4.9528543860334606] [-1.0565630331205977:5.110618775899229] [-11.487162289714677:12.984387515768216] [-4.3405520400710289:8.4444428510306633] [-5.2694843878280162:4.3255282967621644] [-2.6057501713807718:3.4995626099520929] [-2.532621594859751:3.33170867785309] [-1.0765465960227905:3.4378530499183992] [-1.1126564678028807:3.465806529496632] [-1.1753364183336552:3.1692748833813469] [-2.899488012014392:3.0915481153743194] [23:817] [23:817] [0:1]
tree_sizes=4000 3624 3723 3719 3533 3837 3842 3226 3658 3449

Tree=0
num_leaves=37
num_cat=0
split_feature=39 13 55 40 47 20 37 47 20 46 35 12 13 19 13 12 37 14 24 24 12 45 20 11 55 40 2 54 24 24 13 26 35 35 55 32
split_gain=9.42114 11.5159 9.73015 7.9604 7.70671 7.96542 6.96356 6.31287 5.89128 5.26889 6.93974 6.65894 5.51345 4.91036 4.55058 4.29463 4.20246 4.13346 4.06195 4.05848 5.15702 4.47773 4.2322 3.85361 3.72866 3.42957 3.41164 3.24345 3.11813 2.53056 4.40636 1.52298 1.51848 1.36939 1.10904 0.868094
threshold=-0.80615736756864054 1.0463290495579225 -0.40195386568938479 1.0000000180025095e-35 0.25838367585436145 -1.0129332959016257 1.0000000180025095e-35 -0.17177497856344762 0.30769026771826408 0.87421923928085199 0.071553130214957059 -0.3183922495803026 -0.77258979180300513 -1.2162199986701341 -0.62295883208273684 -0.65593924035094686 0.6893913046464698 -0.055189876177768618 -0.56565819332449041 1.0000000180025095e-35 -0.14198813859222531 -0.086609034807593757 0.5718149804422421 -0.23415829743490882 0.53693099541151057 0.14227163714797467 1.0546454657392552 -1.179474834180803 -0.18995573351466896 0.46752357115251886 -0.30736444477086666 0.97411292106012315 -0.74816273560419788 0.60195751398029296 -0.18762364499591211 -0.6609680613025215
decision_type=2 2 2 2 2 2 2 2 2 2 2 2 2 2 2 2 2 2 2 2 2 2 2 2 2 2 2 2 2 2 2 2 2 2 2 2
left_child=6 2 15 26 5 18 7 13 28 10 29 -11 -12 -1 27 -2 34 24 -4 20 35 22 -21 -22 -14 -10 -3 -15 -6 30 -7 -23 -18 -20 -8 -17
right_child=1 3 4 -5 8 9 16 -9 25 11 12 -13 17 14 -16 19 32 -19 33 21 23 31 -24 -25 -26 -27 -28 -29 -30 -31 -32 -33 -34 -35 -36 -37
leaf_value=0.030170169757831801 0.057227343974263378 0.027535040584432374 0.069803679803585011 0.077318968071659333 0.051388539563487032 0.072870968230732205 0.086214967753513588 0.016826170235050376 0.031025936341520344 0.080209372084859454 0.061423071756225939 0.039634354709204817 0.058961805782019226 0.066352263626485386 0.078212247404071497 0.080588714778510151 0.064137799833871911 0.10424246010925001 0.056858168803394546 0.042037225344044721 0.054904758491685662 0.0928425799599739 0.075590335932068098 0.085816845229757188 0.087099729530127637 0.061368650484229723 0.055756750712990737 0.036520811424431684 0.076914008513640233 0.077318968071659333 0.039378665493857913 0.068422968389805078 0.043514169280613156 0.031247588865271105 0.066056620552974468 0.10373462539385389
leaf_weight=5.2446045577526155 5.7440907061099997 9.4902368187904411 5.993833780288699 5.2446045577526084 5.9938337802886954 5.2446045577526101 5.2446045577526093 5.2446045577526084 10.239466041326521 4.9948614835739136 6.2435768544673875 6.7430630028247815 4.9948614835739162 4.9948614835739198 6.7430630028247789 6.4933199286460903 5.2446045577526093 11.987667560577398 5.2446045577526075 5.4943476319313067 5.4943476319313049 5.7440907061099988 4.9948614835739136 5.9938337802886945 12.237410634756086 5.7440907061099997 8.741007596254347 5.7440907061099997 8.4912645220756549 5.2446045577526084 5.9938337802886972 5.2446045577526093 5.2446045577526075 4.9948614835739136 5.4943476319313067 13.236382931470873
leaf_count=21 23 38 24 21 24 21 21 21 41 20 25 27 20 20 27 26 21 48 21 22 22 23 20 24 49 23 35 23 34 21 24 21 21 20 22 53
internal_value=0.0641378 0.0671498 0.0699439 0.0481543 0.0645977 0.0695435 0.0526242 0.043173 0.0521678 0.0743608 0.0784321 0.0572182 0.0856649 0.0520536 0.0611001 0.079678 0.0653753 0.0909197 0.0517173 0.0823595 0.0891667 0.0712161 0.0579492 0.0712119 0.0788621 0.040414 0.0390961 0.049457 0.0657712 0.0627066 0.0546673 0.0835827 0.0529447 0.0412479 0.0778908 0.0981002
internal_weight=241.502 192.302 168.826 23.4758 110.386 79.9178 49.1994 27.9712 30.4687 63.6845 51.9466 11.7379 35.4635 22.7266 17.482 58.4399 21.2282 29.2199 16.2333 52.6958 31.2179 21.4779 10.4892 11.4882 17.2323 15.9836 18.2312 10.739 14.4851 16.483 11.2384 10.9887 10.4892 10.2395 10.739 19.7297
internal_count=967 770 676 94 442 320 197 112 122 255 208 47 142 91 70 234 85 117 65 211 125 86 42 46 69 64 73 43 58 66 45 44 42 41 43 79
is_linear=0
shrinkage=1


Tree=1
num_leaves=33
num_cat=0
split_feature=43 4 47 31 55 56 40 55 2 29 61 12 27 12 47 32 55 24 12 0 42 46 28 47 52 14 12 54 31 47 28 55
split_gain=8.38546 10.3861 8.68347 9.97124 7.82477 9.07141 8.50106 11.0239 8.24232 6.76763 5.68612 5.62513 9.06092 7.87509 5.52653 6.22524 5.20288 5.06544 3.95185 3.68117 3.63048 5.36043 3.58976 3.04983 2.80568 2.14804 2.14127 1.75509 1.75371 1.45599 0.701195 0.470155
threshold=-1.0203156855429139 0.28686965367196265 0.94125989427082735 0.48774883029391852 -0.40195386568938479 1.1806532269478047 0.14227163714797467 0.55256411897009783 0.032938872279140115 0.48127982066674541 159.00000000000003 -0.34063630263625477 0.49010938871578247 -0.16702466979089228 -0.71092362651439533 0.24685576413352969 -0.94561797289247584 -0.18995573351466896 -0.27344927353179532 0.27116500885105327 1.0000000180025095e-35 -0.59215471500916295 -1.0000000180025095e-35 -0.11588783925472397 -1.0000000180025095e-35 -0.017932270070635938 -0.12178040834558813 -0.64590596487558627 -0.18254421352701908 1.1671953572043006 0.84906752834544896 0.25116270871935203
decision_type=2 2 2 2 2 2 2 2 2 2 2 2 2 2 2 2 2 2 2 2 2 2 2 2 2 2 2 2 2 2 2 2
left_child=1 20 3 4 8 6 7 28 16 31 -5 19 13 17 -12 -16 -2 -13 -17 -8 21 -1 -20 -7 -14 -18 -22 -23 -6 -3 -26 -4
right_child=2 29 9 10 5 23 11 -9 -10 -11 14 12 24 -15 15 18 25 -19 22 -21 26 27 -24 -25 30 -27 -28 -29 -30 -31 -32 -33
leaf_value=-0.0090461728043185249 -0.0045745365619830084 -0.023230248367294256 -0.037535266530914276 -0.013632881516674447 -0.041923090701374434 -0.0010909405274249578 0.021409327356431133 0.0067923571559351161 -0.015843444322284603 0.00088205269417389158 -0.0093100412665249998 -0.027335121462878486 -0.035764519206229785 0.027515308811194412 0.036220444167037277 -0.0079030710523042558 0.033300618502693766 0.0089231076044551817 0.030153608284301223 -0.0062434821308757476 0.037144123776195755 0.029238203571671884 0 0.024869942647743021 -0.00056286735487437586 0.0094514154717295368 0.0087606528457175592 0.0041262016480361997 -0.017846109886701617 -0.00030032041748646507 -0.016634085067743998 -0.014318803499388289
leaf_weight=7.7412105202674857 6.9904740303754798 4.9968222677707654 8.740791395306589 5.4928261041641226 14.24016280472279 6.9897425025701523 8.4857580214738828 6.7419152110815039 8.4921699315309507 8.4916885048150998 5.4932520985603324 5.7454897016286859 9.2417780607938749 6.4907875955104819 12.481399536132811 6.9921964704990378 9.7312008142471331 5.2454949319362649 7.2402040064334843 6.2456450313329688 10.234253898262976 6.9898045361041996 6.242305696010594 6.7415014207363111 4.9942554533481616 8.4866529256105441 5.2442890256643286 5.2426888048648879 8.9935228377580643 4.9963145405054092 5.9940033853054047 4.9950169324874869
leaf_count=31 28 20 35 22 57 28 34 27 34 34 22 23 37 26 50 28 39 21 29 25 41 28 25 27 20 34 21 21 36 20 24 20
internal_value=0 0.011386 -0.00271957 -0.000357069 -0.00457759 -0.0089351 -0.0127292 -0.0251357 0.00753522 -0.0197483 0.0117221 -0.0050248 -0.0111314 0.00432011 0.0158703 0.0204642 0.0160831 -0.0105569 0.0087694 0.00982223 0.018927 0.00896216 0.017742 0.0124549 -0.0241364 0.0240591 0.0295045 0.0205388 -0.0344932 -0.0138234 -0.010755 -0.0317273
internal_weight=241.466 45.4454 196.02 173.793 129.851 96.1501 82.4188 29.9756 33.7005 22.2275 43.9422 52.4432 37.7118 17.4818 38.4494 32.9561 25.2083 10.991 20.4747 14.7314 35.4522 19.9737 13.4825 13.7312 20.23 18.2179 15.4785 12.2325 23.2337 9.99314 10.9883 13.7358
internal_count=967 182 785 696 520 385 330 120 135 89 176 210 151 70 154 132 101 44 82 59 142 80 54 55 81 73 62 49 93 40 44 55
is_linear=0
shrinkage=0.03


Tree=2
num_leaves=34
num_cat=0
split_feature=43 20 47 59 55 38 47 59 42 59 25 29 60 37 29 51 12 12 1 3 43 47 38 58 13 14 32 24 61 55 40 12 55
split_gain=7.96264 10.8984 8.24764 7.73425 7.7231 9.23794 8.70131 8.89374 7.78859 8.23395 7.08489 6.4365 5.75135 5.35814 5.10689 7.18351 5.01719 5.46789 4.43159 3.82424 3.52416 4.0819 3.59205 3.30779 2.86417 2.8383 2.61592 2.40716 1.80717 1.40867 1.26281 1.2602 0.425745
threshold=-1.0203156855429139 -1.0129332959016257 0.94125989427082735 1.5937890835271418 -0.40195386568938479 1.0000000180025095e-35 -0.54232079781325593 -0.80262536742834267 1.0000000180025095e-35 1.0000000180025095e-35 1.0868340150260059 0.48127982066674541 371.50000000000006 0.97514472527338758 -0.59312784363046811 -0.25022615454396002 -0.27344927353179532 2.187358103360777 0.32744158059018941 -1.0000000180025095e-35 -0.21545067152877623 0.29977147470196658 0.60103992384211791 -1.0000000180025095e-35 -0.58703141502229694 0.70796780035298934 -0.6609680613025215 1.0000000180025095e-35 418.50000000000006 1.1966046755050512 0.14227163714797467 -0.08363425885736446 0.25116270871935203
decision_type=2 2 2 2 2 2 2 2 2 2 2 2 2 2 2 2 2 2 2 2 2 2 2 2 2 2 2 2 2 2 2 2 2
left_child=1 13 3 4 16 8 7 29 25 -10 18 32 -8 -1 24 -16 23 26 28 -5 -14 22 -22 -2 -9 30 -18 -28 -3 -7 31 -6 -4
right_child=2 10 11 19 5 6 12 14 9 -11 -12 -13 20 -15 15 -17 17 -19 -20 -21 21 -23 -24 -25 -26 -27 27 -29 -30 -31 -32 -33 -34
leaf_value=0.0051310382408698259 0.011168500075029675 0.010030558930859176 -0.036550381663673373 0.0018115850546598998 -0.049072016899489673 0 0.027537863535880572 -0.041562769103807802 -0.024739269328060386 0.018847003174406695 -0.0092189825042210804 0.00085958294157460031 -0.011915619775190978 -0.032458585803957454 -0.025788664460510334 0.015193721906968003 0.0015766645791495688 -0.0098552192990075255 0.00022012761747260671 0.038698699982087401 0.028847015590787634 -0.009270834122130844 0.0025561405903922066 -0.016244891225680045 -0.012592442124907092 -0.0048010260706778584 0.037145854730310617 0.011611064479133513 0.035391401769791303 0.020745753640052982 -0.013604994828277789 -0.018578634060423 -0.013984309616694177
leaf_weight=5.9875770658254606 4.9907614588737497 5.4893894046545091 8.7473330199718493 4.9905416667461395 6.99858106672764 6.2433430552482587 9.4832853078842145 7.9948256164789226 5.2455238550901395 7.7401603311300278 5.4920366555452338 8.4914638847112638 9.4872986674308724 4.9964104741811752 5.4968084692955017 6.9889162033796328 5.4900328516960171 4.9926008731126776 5.7466428875923148 4.9900035858154279 7.9828559607267477 7.2421964257955542 10.983599454164503 8.4878912568092311 8.4924619197845441 4.9957268238067618 9.2187883108854347 8.9823858141899091 17.708108827471733 4.9945878237485886 5.4922959953546515 5.7460969835519826 4.9969071149826041
leaf_count=24 20 22 35 20 28 25 38 32 21 31 22 34 38 20 22 28 22 20 23 20 32 29 44 34 34 20 37 36 71 20 22 23 20
internal_value=0 0.0110954 -0.00265309 -0.000348874 -0.00203335 -0.00589072 -0.00035087 -0.0103675 -0.0182593 8.76727e-05 0.0192854 -0.0192457 0.00848236 -0.0133327 -0.018965 -0.00325047 0.00877516 0.0156675 0.0250789 0.0234234 0.00235225 0.00809908 0.0152182 -0.00559197 -0.0292685 -0.0281401 0.0215508 0.0266923 0.0306067 0.0109502 -0.0333787 -0.039149 -0.0309231
internal_weight=241.407 45.4202 195.987 173.752 163.771 121.609 85.3902 40.2109 36.2184 12.9857 34.4362 22.2357 45.1792 10.984 28.973 12.4857 42.1625 28.6838 28.9441 9.98055 35.696 26.2087 18.9665 13.4787 16.4873 23.2327 23.6912 18.2012 23.1975 11.2379 18.237 12.7447 13.7442
internal_count=967 182 785 696 656 487 342 161 145 52 138 89 181 44 116 50 169 115 116 40 143 105 76 54 66 93 95 73 93 45 73 51 55
is_linear=0
shrinkage=0.03


Tree=3
num_leaves=34
num_cat=0
split_feature=55 13 40 59 55 47 59 38 29 43 43 45 44 30 51 54 50 33 32 41 45 41 16 43 40 47 46 37 13 36 25 45 45
split_gain=7.58855 11.96 10.1049 9.20206 7.79371 7.2739 8.70939 6.85706 6.71435 6.16423 5.03438 7.10457 5.95708 4.87445 4.78299 3.85415 3.67741 3.73832 3.43695 4.51197 3.04688 4.78057 2.89471 3.71667 2.72059 2.42896 1.95095 1.60968 1.2444 1.08017 0.730544 0.643557 0.569285
threshold=-0.44290527660326906 1.0463290495579225 1.0000000180025095e-35 1.5937890835271418 0.16503335760071905 -0.52170977414071906 -0.80262536742834267 -0.18117757674558527 -0.59312784363046811 -1.4227481925499827 -0.57316845553505968 -0.60233431890670952 -1.3805363604010974 0.23082539577838249 -0.25022615454396002 -0.66594135694452949 -0.25711353935876829 -0.50496328771258436 -0.6609680613025215 0.7114566101147729 0.10057974855739664 -0.37857642410250597 0.032777026845416439 0.36584072748143431 -0.73531951477031965 1.5244188799399769 -0.59668989403158268 -0.42764479416784479 -0.58703141502229694 -0.70858355922048843 0.3887866407877919 -0.42732373562126308 -0.17006285318295536
decision_type=2 2 2 2 2 2 2 2 2 2 2 2 2 2 2 2 2 2 2 2 2 2 2 2 2 2 2 2 2 2 2 2 2
left_child=1 10 4 5 9 6 15 -7 28 -2 12 -12 -1 32 -10 -4 -11 -18 -13 24 21 -6 -15 -24 -20 29 31 -16 -8 -3 -19 -14 -9
right_child=2 25 3 -5 20 7 8 13 14 16 11 18 26 22 27 -17 17 30 19 -21 -22 -23 23 -25 -26 -27 -28 -29 -30 -31 -32 -33 -34
leaf_value=-2.8820844763052548e-05 0.0063210779179180415 -0.0082589332022764625 0.027259741757729907 0.035115005448320864 -0.009971088213019277 -0.013959952832520068 -0.038113868001487507 0.012816608592889286 -0.019900020753323686 -0.041707273348637934 0.024960721899584527 -0.020711746704176692 0.0039718331179909696 -0.0096564155618159443 0.019920270182201251 -0.002444583498799439 0 -0.034799299457946742 -0.00278355746044471 -0.014325317355678886 -0.013700928235475385 0.021434844423081419 -0.004645995190298206 0.022737324673228906 0.021582856587252362 6.3772099328854927e-05 0.037239238696139938 -0.00097092598275970942 -0.015627496860448717 -0.031970371602719219 -0.013416460862486651 0.021420060085635479 0.033879481638570463
leaf_weight=8.2289611399173754 4.9885558485984793 5.4969138354063043 5.4895617961883545 5.48089775443077 6.2429935634136209 8.7391263544559461 8.2478627115488035 5.9813016206026077 6.7470282763242748 10.245704144239427 9.7222490906715375 5.9918033331632641 5.2390097379684448 7.2390271276235607 4.9860258549451837 7.7408000379800779 7.2391445487737682 5.7447330057620984 5.7412645071744945 7.4884862899780265 7.493590682744979 8.4830476343631744 6.4885337948799124 8.9755093008279783 8.7192305475473386 5.7456458657979956 12.45016188919544 5.4901380538940439 9.2439438104629499 4.9972597360610971 7.4921335428953171 5.2363200187683123 7.483728811144827
leaf_count=33 20 22 22 22 25 35 33 24 27 41 39 24 21 29 20 31 29 23 23 30 30 34 26 36 35 23 50 22 37 20 30 21 30
internal_value=0 0.00711453 -0.00393952 0.00188256 -0.0137213 -0.000542556 -0.0085991 0.00792967 -0.016378 -0.0221179 0.0126122 0.00471332 0.0213224 0.0137233 -0.00222716 0.0109939 -0.0270013 -0.0170252 -0.00304094 0.00254343 6.57034e-05 0.00805982 0.00432518 0.011499 0.0121803 -0.0149407 0.0287631 0.00972068 -0.0287192 -0.0226366 -0.0257011 0.0147853 0.0271466
internal_weight=241.321 85.0573 156.263 98.3335 57.9299 92.8526 47.9454 44.9072 34.715 35.7103 68.8175 37.663 31.1545 36.1681 17.2232 13.2304 30.7217 20.476 27.9408 21.949 22.2196 14.726 22.7031 15.464 14.4605 16.2398 22.9255 10.4762 17.4918 10.4942 13.2369 10.4753 13.465
internal_count=967 341 626 394 232 372 192 180 139 143 276 151 125 145 69 53 123 82 112 88 89 59 91 62 58 65 92 42 70 42 53 42 54
is_linear=0
shrinkage=0.03


Tree=4
num_leaves=32
num_cat=0
split_feature=39 13 49 55 45 55 40 59 37 34 49 30 45 53 44 45 18 55 40 27 33 55 58 24 58 42 12 8 55 32 18
split_gain=8.22909 9.95227 8.47327 8.39988 7.36421 8.2305 7.25075 6.8449 6.4285 6.20953 6.10037 5.08316 4.16324 3.98426 3.93593 3.8965 3.88418 3.8474 3.77816 5.88831 3.68064 3.61652 3.50421 3.3188 3.59634 5.56446 4.65278 3.03504 1.68691 1.37599 1.06696
threshold=-0.80615736756864054 1.0463290495579225 -0.91353665021800434 -0.44290527660326906 0.034759410714932173 0.01964178710834516 1.0000000180025095e-35 1.0000000180025095e-35 1.0000000180025095e-35 -1.1182297881716281 1.0000000180025095e-35 0.8420196940196083 0.51718985485010116 1.0000000180025095e-35 -0.80134199361693059 -0.29516647536297169 0.58219241248979492 -0.40195386568938479 1.0000000180025095e-35 0.11092706050941444 -0.73442776599801574 0.51990668483099667 -0.74087528816215487 1.3128541057246179 1.0000000180025095e-35 1.0000000180025095e-35 1.2420476081618625 1.5595864370299484 -0.66803261533165681 -0.41337974527450749 0.45455729818950436
decision_type=2 2 2 2 2 2 2 2 2 2 2 2 2 2 2 2 2 2 2 2 2 2 2 2 2 2 2 2 2 2 2
left_child=8 2 -2 13 5 7 27 -5 9 -1 15 18 -13 23 -10 16 21 -16 20 -20 -6 -7 -9 24 26 -26 28 -3 -4 30 -11
right_child=1 6 3 4 11 10 -8 22 14 29 -12 12 -14 -15 17 -17 -18 -19 19 -21 -22 -23 -24 -25 25 -27 -28 -29 -30 -31 -32
leaf_value=0.00094627036342497146 -0.020710557881581167 -0.034423902682674659 0.035386898505947569 -0.023262377759106643 0.0040054750957309836 0 0.01291217230880194 -0.0068869260295518321 -0.011642685677809834 -0.046311517360516204 -0.0058323639296575854 -0.035460397120894341 -0.00060804390647700864 0.037302374071919171 0.029194819428369552 0.036443732484665939 -0.0065460660768836328 -0.0020253227266932221 0.023381842012389457 -0.0080460487314183773 -0.02585150039499471 0.028234710690482098 0.023484435954773224 -0.007533766005403752 -0.012413150582302818 0.019606398035210984 -0.0010862243049144255 -0.0077854026438992537 0.011889130752368022 -0.013918270318780511 -0.016843894091757641
leaf_weight=8.4831854701042193 8.9870874285697919 9.4944756627082878 12.689439088106157 9.7349899411201495 5.7382506132125854 6.2399950772523907 5.240399256348609 5.2406796216964722 9.4870202541351336 5.7480560541152972 8.2317402362823469 6.9922446459531766 5.4911826103925705 6.4642278999090186 4.9870460480451584 10.214676663279535 5.7381032407283774 6.7428372502326948 9.220120310783388 9.2317876964807493 6.493995130062105 11.964398741722105 5.4885778576135618 5.2384367585182181 8.2289332598447817 8.2171889096498472 5.4892012476921073 8.744744807481764 7.2188891917467144 8.2376983165740949 5.4917014688253403
leaf_count=34 36 38 51 39 23 25 21 21 38 23 33 28 22 26 20 41 23 27 37 37 26 48 22 21 33 33 22 35 29 33 22
internal_value=-2.49338e-06 0.00279094 0.0053944 0.00708111 0.00204866 0.00856243 -0.0148601 -0.00654028 -0.0107887 -0.0198747 0.0159647 -0.00727028 -0.0222685 0.0166089 0.00144277 0.0214103 0.0129902 0.0125998 -0.000228574 0.00793446 -0.0125008 0.0194822 0.00913385 0.0125803 0.0154103 0.00355243 0.0222395 -0.0235183 0.0285767 -0.0286483 -0.0360632
internal_weight=241.211 192.034 168.554 159.567 106.021 62.8532 23.4796 20.4642 49.1775 27.9606 42.3889 43.1676 12.4834 53.5463 21.2169 34.1572 23.9425 11.7299 30.6842 18.4519 12.2322 18.2044 10.7293 47.0821 41.8437 16.4461 25.3975 18.2392 19.9083 19.4775 11.2398
internal_count=967 770 676 640 425 252 94 82 197 112 170 173 50 215 85 137 96 47 123 74 49 73 43 189 168 66 102 73 80 78 45
is_linear=0
shrinkage=0.03


Tree=5
num_leaves=35
num_cat=0
split_feature=39 13 49 55 56 45 55 40 40 37 34 34 29 27 53 20 37 13 39 31 52 27 2 33 47 40 30 16 58 16 47 32 13 18
split_gain=7.8222 9.43299 8.04073 7.99511 7.17611 7.83757 10.319 7.23461 6.90339 6.1333 5.92656 5.52749 5.32503 4.68893 3.81854 4.06219 3.81121 3.7138 3.57568 3.19318 3.17618 5.74517 2.87579 2.63698 2.63048 2.60642 3.64456 2.58983 1.68401 1.54055 1.47395 1.31537 1.06882 1.01035
threshold=-0.80615736756864054 1.0463290495579225 -0.91353665021800434 -0.44290527660326906 1.1806532269478047 0.04236087946893461 0.01964178710834516 0.14227163714797467 1.0000000180025095e-35 1.0000000180025095e-35 -1.1182297881716281 0.24606387858904324 -0.23499195553139707 0.49010938871578247 1.0000000180025095e-35 -0.74880858317764776 0.6893913046464698 0.24222186254672193 0.23956871702345692 -0.18254421352701908 1.0000000180025095e-35 -0.81596307510615118 1.0546454657392552 1.0000000180025095e-35 0.21534160160016366 -0.4114458483311621 0.23082539577838249 0.16692396907749549 -0.74087528816215487 0.16275533880949522 -0.11588783925472397 -0.41337974527450749 -0.29535846495748103 0.45455729818950436
decision_type=2 2 2 2 2 2 2 2 2 2 2 2 2 2 2 2 2 2 2 2 2 2 2 2 2 2 2 2 2 2 2 2 2 2
left_child=9 2 -2 14 5 6 7 19 22 10 -1 23 13 -8 15 24 32 30 -15 -5 21 -17 -3 -7 -4 -13 -27 -14 -22 -18 -6 33 -11 -12
right_child=1 8 3 4 17 11 12 -9 -10 16 31 25 27 18 -16 20 29 -19 -20 -21 28 -23 -24 -25 -26 26 -28 -29 -30 -31 -32 -33 -34 -35
leaf_value=0.00092216923768856081 -0.020171108332386278 -0.03355054865671734 0.012447053576315328 -0.040634059615858108 0.01049271082680869 -0.039177618951042673 0.038490113618512178 0.01095070479735615 0.012616303527808435 0.001742371002186487 -0.045245384216453813 -0.016950057295323635 -0.015152991381842382 0.018634251385547581 0.036481580376945898 -0.012761283290964336 0.00054623865986749159 -0.00050634651726359141 -0.0079223345618940275 -0.006491276459210155 0.0081461458590848142 0.023777128703210554 -0.0075850880933438537 -0.010660681481907516 -0.010223520186150884 0.020786447863626933 -0.0062678735873010144 0.010827841249409055 0.031659771416749208 -0.019955956241619686 0.039140010414679016 -0.01356347045053136 0.021505471881052167 -0.016445397977100356
leaf_weight=8.4829549789428729 8.9906674176454526 9.4885015636682564 6.7143060415983191 5.2444651722908029 4.9785669595003119 5.9945769906043997 8.4598556756973249 6.2358025759458533 5.2376133203506461 5.4875025004148483 5.7424104809761065 5.4889419227838525 5.7398556023836154 13.2059273570776 6.4454014748334876 6.4809973686933517 5.2444935739040357 4.9891392737627021 5.2353398203849784 5.741310417652131 5.9701630473136911 5.960560619831087 8.7460074424743635 8.7369269579648954 8.9744986742734891 5.9791139811277398 9.4854715466499311 4.9844040274620056 12.940723896026611 5.2437374144792557 5.4736436009407035 8.238807335495947 5.2356537282466906 5.4923650473356247
leaf_count=34 36 38 27 21 20 24 34 25 21 22 23 22 23 53 26 26 21 20 21 23 24 24 35 35 36 24 38 20 52 21 22 33 21 22
internal_value=-1.06915e-05 0.00271341 0.00524987 0.00689505 0.00198396 -0.0012867 0.00571795 -0.0126244 -0.0144715 -0.0105279 -0.0194036 -0.0120104 0.0144289 0.0212678 0.0161967 0.0122523 0.00141491 0.01993 0.0107653 -0.0261946 0.0182509 0.00498818 -0.0229237 -0.0251827 0 -0.00141868 0.00475158 -0.00273991 0.0256747 -0.010418 0.0290261 -0.0279766 0.0133377 -0.0352325
internal_weight=241.091 191.923 168.451 159.46 105.973 90.532 54.847 17.2216 23.4721 49.1679 27.9565 35.685 37.6254 26.9011 53.4867 47.0412 21.2114 15.4413 18.4413 10.9858 31.3524 12.4416 18.2345 14.7315 15.6888 20.9535 15.4646 10.7243 18.9109 10.4882 10.4522 19.4736 10.7232 11.2348
internal_count=967 770 676 640 425 363 220 69 94 197 112 143 151 108 215 189 85 62 74 44 126 50 73 59 63 84 62 43 76 42 42 78 43 45
is_linear=0
shrinkage=0.03


Tree=6
num_leaves=35
num_cat=0
split_feature=55 13 40 55 48 38 25 28 36 45 19 53 38 45 12 45 44 12 29 12 54 45 24 32 28 45 48 54 48 48 27 2 36 13
split_gain=6.56321 10.2503 9.01486 7.06408 6.58006 6.632 5.25712 6.05261 5.54663 4.88647 4.56573 4.29056 3.84018 9.31953 5.19201 8.01006 6.77478 3.60502 3.5464 5.26318 4.46072 2.57754 3.0149 6.53194 2.5487 2.36291 2.191 1.73859 1.70739 2.57235 1.60688 1.32147 1.18832 0.762456
threshold=-0.44290527660326906 1.0463290495579225 1.0000000180025095e-35 0.55256411897009783 -0.5444767224719741 -0.18117757674558527 -0.30926073345042188 0.38519843235107076 -0.47137863786031015 -0.045059787441647799 -1.3420246452673457 -1.0000000180025095e-35 -0.10295582668681498 -0.17006285318295536 -0.10222250664588545 -0.55025580102042071 -1.5736011493291531 -0.56497763709221138 -0.59312784363046811 -0.34521522650575137 -0.74890354794145708 0.18758045498442569 -1.0000000180025095e-35 -0.6609680613025215 1.0000000180025095e-35 -0.49766552235111439 1.5449194397034278 0.4985356193146907 -0.1387338034697459 0.10098436516135806 0.11092706050941444 -0.44435471882631511 -0.70858355922048843 1.0000000180025095e-35
decision_type=2 2 2 2 2 2 2 2 2 2 2 2 2 2 2 2 2 2 2 2 2 2 2 2 2 2 2 2 2 2 2 2 2 2
left_child=1 12 3 6 9 -6 8 30 -2 18 -7 33 14 -14 16 -16 -1 -11 19 -4 -20 22 23 -18 -5 -22 32 -10 -13 -30 -8 -21 -3 -12
right_child=2 26 4 24 5 10 7 -9 27 17 11 28 13 -15 15 -17 21 -19 20 31 25 -23 -24 -25 -26 -27 -28 -29 29 -31 -32 -33 -34 -35
leaf_value=-0.0082392691861884765 0.013607913235472197 -0.0069312722823881056 0.013402772796956886 0.020468562371632842 -0.01187225499124258 -0.0047950593532389823 -0.039956555804345609 -0.0013321854388743354 -0.0034549739488403844 -2.7609507215279014e-05 0.040961531032013714 0.020147820631313634 0.019679742770369289 -0.026151533639807694 0.020969085853027796 -0.017580193860570626 0 -0.033579640789121151 0.02535956479509786 -0.02890269985239792 -0.012635058699835664 0.036188570208500893 -0.00040147208592190386 0.039052174487761056 -0.0044379069893439697 0.011149756831372867 0.00033898511634275361 -0.02809441765938191 -0.012385464790561339 0.012227791720476111 -0.013570720899821951 -0.0075445134137990914 -0.030609998381782251 0.016609031332377368
leaf_weight=5.2281638979911795 7.227915138006213 5.4909960478544244 5.2306364029645946 4.9805436432361585 8.987264007329939 7.4769927114248267 14.472277089953428 7.2387162446975699 5.9942125678062421 4.9922922104597092 6.6988628506660444 5.9669575244188335 6.7138159275054932 6.23406934738159 7.718708440661433 8.7205753773450834 6.2281301319599116 6.7424579411745054 6.9776955544948569 5.4945028722286233 7.2370613962411872 13.655384466052054 6.2158001065254256 7.9192308485507965 6.9829163402318954 4.9884361922740998 5.7466093748807898 5.2353567332029343 5.229048043489458 7.2240837663412094 5.7415558248758307 8.2296253144740987 4.9909859001636514 6.7227623462677002
leaf_count=21 29 22 21 20 36 30 58 29 24 20 27 24 27 25 31 35 25 27 28 22 29 55 25 32 28 20 23 21 21 29 23 33 20 27
internal_value=-1.4652e-05 0.00660757 -0.00368211 -0.012926 0.0018181 0.00960998 -0.0181915 -0.0262537 -0.00482774 -0.00566953 0.0149231 0.0197406 0.011711 -0.00239564 0.0150727 0.000425223 0.0208193 -0.0213799 -6.08766e-05 -0.00906176 0.0085466 0.0256135 0.0162512 0.0232883 0.00661056 -0.00233498 -0.0138019 -0.0173704 0.0087237 0.00124229 -0.0341934 -0.0184947 -0.0211272 0.0320615
internal_weight=240.935 84.8625 156.072 57.8735 98.1987 48.306 45.91 27.4525 18.4575 49.8927 39.3187 31.8417 68.6339 12.9479 55.686 16.4393 39.2467 11.7348 38.158 18.9548 19.2032 34.0185 20.3632 14.1474 11.9635 12.2255 16.2286 11.2296 18.4201 12.4531 20.2138 13.7241 10.482 13.4216
internal_count=967 341 626 232 394 194 184 110 74 200 158 128 276 52 224 66 158 47 153 76 77 137 82 57 48 49 65 45 74 50 81 55 42 54
is_linear=0
shrinkage=0.03


Tree=7
num_leaves=29
num_cat=0
split_feature=39 47 46 49 19 59 59 43 16 60 14 23 20 31 20 29 61 12 45 61 40 32 55 3 32 55 32 12
split_gain=7.36179 6.9798 6.96736 8.47587 7.73322 5.42571 6.90495 5.37811 5.49407 5.37197 7.65974 6.02671 6.21037 5.86355 5.48741 5.08676 5.08799 4.53515 5.10793 4.14939 4.34539 3.77721 3.21197 2.95438 2.52573 2.3914 3.22235 2.25653
threshold=-0.80615736756864054 0.77737616905467599 0.84343037932373577 -0.91353665021800434 0.67084970028803959 0.99468547078827052 1.0000000180025095e-35 -1.0203156855429139 -1.1867215967691278 247.00000000000003 -0.079409569760736029 -0.68086850767490115 -1.0129332959016257 -0.44321373056849461 -0.2205591577296919 -0.59312784363046811 288.00000000000006 -0.17420601886377321 -0.46722528100608229 325.00000000000006 1.0000000180025095e-35 -1.218041772365553 -0.58362190561636929 0.16835437466635017 -0.41337974527450749 -0.11653499004504687 0.24685576413352969 -0.89628488138763052
decision_type=2 2 2 2 2 2 2 2 2 2 2 2 2 2 2 2 2 2 2 2 2 2 2 2 2 2 2 2
left_child=5 2 3 -2 -4 6 17 8 -3 14 15 -12 -13 -14 -5 -11 -17 18 -1 -9 22 -8 -21 -15 -23 26 -18 -6
right_child=1 7 4 9 27 -7 21 19 -10 10 11 12 13 23 -16 16 25 -19 -20 20 -22 24 -24 -25 -26 -27 -28 -29
leaf_value=-0.023006605320237673 -0.021723686511860518 -0.014526109191299482 -0.027593135537585339 -0.018699367659384375 0.017640301003499261 0.014651757603432593 -0.0036775373654157422 0.0068914153850062384 0.020494988252366533 0.020378649420549112 0.034819737965991596 -0.0080536244983163419 -0.0045514476694387841 0.025840370893399935 0.013492742028101048 -0.028145922446498207 0.018484734438105478 0.019564947806695852 0.0098341387299787832 -0.0086392393837562663 0.0013883041125363289 -0.04331929955077328 -0.037936359773053312 0.0006623076174440978 -0.014809363067767976 -0.0104684220051158 -0.0063679171166793943 -0.0062054652059334216
leaf_weight=8.483034536242485 6.4911842942237845 5.2447349876165381 9.7291050702333468 9.7135358750820178 5.9860682338476181 5.4793402105569831 6.9850311577320126 4.9858123809099224 8.4473872035741788 8.2151153087615949 15.142249152064322 9.2239468246698362 7.9604098647832862 31.263702258467674 6.7232863008975974 4.9877187460660961 9.4469618350267464 5.4843736290931693 5.9837264865636834 7.2304191738367143 5.4854240268468848 8.2302713692188281 9.9746169894933683 5.4680766761302939 8.4807474911212903 7.967982903122901 6.7209864556789389 5.2359550148248655
leaf_count=34 26 21 39 39 24 22 28 20 34 33 61 37 32 126 27 20 38 22 24 29 22 33 40 22 34 32 27 21
internal_value=-1.85336e-05 0.00262602 0.00565069 0.00827998 -0.00978078 -0.0102257 -0.0138647 -0.00803478 0.00657557 0.0101567 0.012619 0.0184428 0.0129171 0.0174961 -0.00516989 0.00139717 -0.00449707 -0.000346407 -0.00939951 -0.015435 -0.0207119 -0.0243102 -0.0276251 0.0224222 -0.0315917 0.00151687 0.00815042 0.00662291
internal_weight=240.771 191.645 150.276 129.325 20.9511 49.1265 43.6472 41.3684 13.6921 122.834 106.397 69.0584 53.9161 44.6922 16.4368 37.3388 29.1236 19.9511 14.4668 27.6763 22.6905 23.6961 17.205 36.7318 16.711 24.1359 16.1679 11.222
internal_count=967 770 604 520 84 197 175 166 55 494 428 278 217 180 66 150 117 80 58 111 91 95 69 148 67 97 65 45
is_linear=0
shrinkage=0.03


Tree=8
num_leaves=33
num_cat=0
split_feature=43 20 47 39 46 49 19 4 59 19 37 28 40 31 55 47 19 55 14 36 7 19 12 19 20 53 46 19 20 26 46 39
split_gain=6.97452 9.79125 7.091 8.91753 6.528 8.23825 5.84177 5.78987 5.10067 5.00376 4.73353 4.51432 5.3963 7.03903 4.83487 4.37071 4.4503 4.06031 4.93226 3.78246 2.59767 3.72956 2.54122 2.49793 1.92059 4.09989 1.71993 1.58135 1.04978 0.864726 0.626514 0.366324
threshold=-1.0203156855429139 -1.0129332959016257 0.94125989427082735 -0.80615736756864054 0.84343037932373577 -0.91353665021800434 0.67084970028803959 0.28686965367196265 -0.80262536742834267 -0.33558747248965315 0.97514472527338758 1.2201628051409512 0.14227163714797467 -0.18254421352701908 -0.53303852243914329 -0.49177012506312445 0.79665434688525116 -0.49809947751300154 -1.1218024877535584 -0.47137863786031015 -1.0000000180025095e-35 -0.65009908898268209 1.3350033811972859 -1.4678292918645572 -0.2205591577296919 -1.0000000180025095e-35 -0.37921956690616948 -1.0000000180025095e-35 0.5718149804422421 -0.15551972705370351 -0.58594006488140182 -1.159642241233575
decision_type=2 2 2 2 2 2 2 2 2 2 2 2 2 2 2 2 2 2 2 2 2 2 2 2 2 2 2 2 2 2 2 2
left_child=1 10 3 8 5 -5 -6 24 -2 31 -1 12 13 14 -7 16 -11 18 -4 -14 21 -15 23 -21 -3 30 -19 -13 -8 -16 -26 -10
right_child=2 7 17 4 6 11 28 -9 9 15 -12 27 19 20 29 -17 -18 26 -20 22 -22 -23 -24 -25 25 -27 -28 -29 -30 -31 -32 -33
leaf_value=0.0045977478018158248 0.0079327460823155581 0.035785605623559154 -0.021785599668029839 -0.023733300256057105 -0.026879468879881453 0.0050410827688770936 0.011444992630706034 -0.0043119628499353859 -0.016779566723238236 0.020583548579675742 -0.03074972622295824 0.00097765910977141101 -0.00096326796624260553 0.0015047952319249081 -0.0089643142687489668 -0.022767406582320942 -0.011572924612882216 -0.038820413288869246 0.014450162383190468 0.0057261923360991786 -0.0039274513577996399 0.025339107174084087 0.00037236678039763855 0.029034289111179768 0.011281484538850329 -0.0016735452587999559 -0.010166654617006344 -0.018987462555278254 -0.0051038410630511091 -0.031137695065362979 0.033917056323334339 -0.040955125860168771
leaf_weight=5.9691320210695249 7.479751080274581 9.3939291983842832 4.9918884932994843 6.2420339584350577 9.7276352792978305 9.6758089959621447 5.4889097511768323 7.2386707067489615 5.7329864948987961 5.7331915497779828 4.9916926026344299 6.4762503951787949 7.2021411359310141 10.428629204630854 5.7278345674276352 8.2232480496168154 6.734292671084404 6.4778343439102173 5.4808017462492007 6.7234144955873516 5.9826384931802812 14.897414058446882 4.9651244282722464 25.080805838108063 5.2134594172239304 6.9690023809671446 5.2329177707433683 4.9841475039720518 4.9856648743152618 4.9835523813962883 5.4498396366834641 5.7309072315692884
leaf_count=24 30 38 20 25 39 39 22 29 23 23 20 26 29 42 23 33 27 26 22 27 24 60 20 101 21 28 21 20 20 20 22 23
internal_value=-3.29503e-05 0.010362 -0.00253009 -0.000386012 0.00330653 0.00615937 -0.0117457 0.0181588 -0.0126429 -0.0177477 -0.0127822 0.00826004 0.0104211 0.00352886 -0.00961006 -0.00756096 0.00340719 -0.0179328 -0.00288623 0.0180084 0.0123156 0.0163813 0.0217733 0.0247669 0.0242979 0.0155383 -0.0290789 -0.00843488 0.00341442 -0.0223296 0.0260995 -0.0326684
internal_weight=240.616 45.2257 195.39 173.206 133.572 113.37 20.2022 34.2649 39.6344 32.1546 10.9608 107.128 95.6674 51.6959 20.3872 20.6907 12.4675 22.1834 10.4727 43.9715 31.3087 25.326 36.7693 31.8042 27.0262 17.6323 11.7108 11.4604 10.4746 10.7114 10.6633 11.4639
internal_count=967 182 785 696 537 456 81 138 159 129 44 431 385 208 82 83 50 89 42 177 126 102 148 128 109 71 47 46 42 43 43 46
is_linear=0
shrinkage=0.03


Tree=9
num_leaves=31
num_cat=0
split_feature=43 20 47 39 25 46 49 29 19 37 20 47 34 19 20 55 29 20 39 40 24 42 31 46 45 34 55 20 55 47
split_gain=6.66195 9.33742 6.74392 8.46023 6.33474 6.17161 7.82909 5.6802 5.54718 4.52299 4.44434 5.08032 5.2116 4.36989 6.52213 4.34798 4.27707 4.19113 5.21676 3.92154 3.63261 5.91626 5.91419 6.07165 5.1632 2.74327 2.50234 1.00236 0.377564 0.0160955
threshold=-1.0203156855429139 -1.0129332959016257 0.94125989427082735 -0.80615736756864054 1.0868340150260059 0.84343037932373577 -0.91353665021800434 0.48127982066674541 0.67084970028803959 0.97514472527338758 0.83593969316622008 0.12061316738921224 -0.074946395942879621 -0.83880605887849946 -1.0129332959016257 -0.34418518215684041 -0.23499195553139707 -1.0000000180025095e-35 -1.0000000180025095e-35 1.0000000180025095e-35 -0.56565819332449041 -0.41409746982591294 -0.44321373056849461 -0.56619955700791824 -0.19638350574178212 -0.79721951363970556 1.0000000180025095e-35 0.5718149804422421 0.25116270871935203 -0.051223903606829775
decision_type=2 2 2 2 2 2 2 2 2 2 2 2 2 2 2 2 2 2 2 2 2 2 2 2 2 2 2 2 2 2
left_child=1 9 3 13 17 6 -5 28 -7 -1 20 12 -12 -2 -15 -16 -13 -3 -19 -17 21 -8 26 -24 -25 -21 -22 -10 -4 -23
right_child=2 4 7 5 -6 8 10 -9 27 -11 11 16 -14 14 15 19 -18 18 -20 25 22 29 23 24 -26 -27 -28 -29 -30 -31
leaf_value=0.0044884442797941187 -0.029101800578052346 0.035950637550076936 -0.033797154450730109 -0.023168185968313271 -0.0091461050777450984 -0.026192563909300182 -0.0032032346957974532 0.0012675975517272651 0.011176862373570779 -0.030056382633621186 0.0029925076099013366 -0.013770601212621473 0.037684564426800411 0.021096325234165915 0.0066403590811756246 -0.037207882236547515 0.016071023094418276 0.027923091714510039 -0.00352838286893842 0.0050030711875048055 -0.030299608268238978 0.033914034048508596 0.024674733484371408 -0.014837011101729693 0.0078486347375481165 -0.020040084572822796 -0.00099708372068504415 -0.0049855630355575909 -0.01273025460550465 0.014629194839297519
leaf_weight=5.9676103144884092 9.2054529041051847 12.357105940580366 8.699530243873598 6.2390882968902579 5.4731911271810523 9.7226674556732195 9.2043351680040377 8.4770176410675031 5.4879678636789304 4.9882846623659134 6.4452366977930078 6.2311252355575553 11.890855953097343 4.9865197986364391 6.7266324311494854 5.9808246344327953 8.1797703653573972 7.1910756230354336 9.1874358952045458 6.4797905981540724 5.7210071831941587 5.4504528343677521 8.9330176860094053 13.685357645153994 20.616672560572628 6.2345809787511763 4.9782674014568329 4.9864015430212021 4.9901318401098242 5.7014715969562513
leaf_count=24 37 50 35 25 22 39 37 34 22 20 26 25 48 20 27 24 33 29 37 26 23 22 36 55 83 25 20 20 20 23
internal_value=-5.39874e-05 0.0101119 -0.00249515 -0.000402328 0.017737 0.00319515 0.005972 -0.0175221 -0.0114387 -0.0124838 0.00802254 0.0170382 0.026941 -0.0123438 -0.00595312 -0.0123616 0.00270893 0.0232555 0.0111291 -0.0194811 0.00371076 0.0140363 -0.000352503 0.00459846 -0.00127701 -0.0076738 -0.0189563 0.00332086 -0.0285284 0.0274322
internal_weight=240.419 45.1647 195.254 173.087 34.2088 133.474 113.277 22.1667 20.197 10.9559 107.038 32.747 18.3361 39.6138 30.4083 25.4218 14.4109 28.7356 16.3785 18.6952 74.2906 20.3563 53.9343 43.235 34.302 12.7144 10.6993 10.4744 13.6897 11.1519
internal_count=967 182 785 696 138 537 456 89 81 44 431 132 74 159 122 102 58 116 66 75 299 82 217 174 138 51 43 42 55 45
is_linear=0
shrinkage=0.03


end of trees

feature_importances:
Column_55=28
Column_47=19
Column_12=17
Column_45=16
Column_20=15
Column_40=15
Column_13=13
Column_19=11
Column_32=10
Column_24=9
Column_29=9
Column_37=9
Column_39=9
Column_43=9
Column_46=9
Column_59=9
Column_31=6
Column_49=6
Column_14=5
Column_27=5
Column_28=5
Column_34=5
Column_38=5
Column_54=5
Column_2=4
Column_16=4
Column_25=4
Column_36=4
Column_42=4
Column_48=4
Column_53=4
Column_58=4
Column_61=4
Column_18=3
Column_30=3
Column_33=3
Column_35=3
Column_44=3
Column_3=2
Column_4=2
Column_26=2
Column_41=2
Column_51=2
Column_52=2
Column_56=2
Column_60=2
Column_0=1
Column_1=1
Column_7=1
Column_8=1
Column_11=1
Column_23=1
Column_50=1

parameters:
[boosting: gbdt]
[objective: binary]
[metric: binary_logloss]
[tree_learner: serial]
[device_type: cpu]
[data_sample_strategy: bagging]
[data: ]
[valid: ]
[num_iterations: 1800]
[learning_rate: 0.03]
[num_leaves: 96]
[num_threads: 2]
[seed: 42]
[deterministic: 0]
[force_col_wise: 1]
[force_row_wise: 0]
[histogram_pool_size: -1]
[max_depth: 10]
[min_data_in_leaf: 20]
[min_sum_hessian_in_leaf: 0.001]
[bagging_fraction: 0.85]
[pos_bagging_fraction: 1]
[neg_bagging_fraction: 1]
[bagging_freq: 0]
[bagging_seed: 400]
[bagging_by_query: 0]
[feature_fraction: 0.8]
[feature_fraction_bynode: 1]
[feature_fraction_seed: 30056]
[extra_trees: 0]
[extra_seed: 12879]
[early_stopping_round: 0]
[early_stopping_min_delta: 0]
[first_metric_only: 0]
[max_delta_step: 0]
[lambda_l1: 0.2]
[lambda_l2: 1.5]
[linear_lambda: 0]
[min_gain_to_split: 0]
[drop_rate: 0.1]
[max_drop: 50]
[skip_drop: 0.5]
[xgboost_dart_mode: 0]
[uniform_drop: 0]
[drop_seed: 17869]
[top_rate: 0.2]
[other_rate: 0.1]
[min_data_per_group: 100]
[max_cat_threshold: 32]
[cat_l2: 10]
[cat_smooth: 10]
[max_cat_to_onehot: 4]
[top_k: 20]
[monotone_constraints: ]
[monotone_constraints_method: basic]
[monotone_penalty: 0]
[feature_contri: ]
[forcedsplits_filename: ]
[refit_decay_rate: 0.9]
[cegb_tradeoff: 1]
[cegb_penalty_split: 0]
[cegb_penalty_feature_lazy: ]
[cegb_penalty_feature_coupled: ]
[path_smooth: 0]
[interaction_constraints: ]
[verbosity: -1]
[saved_feature_importance_type: 0]
[use_quantized_grad: 0]
[num_grad_quant_bins: 4]
[quant_train_renew_leaf: 0]
[stochastic_rounding: 1]
[linear_tree: 0]
[max_bin: 255]
[max_bin_by_feature: ]
[min_data_in_bin: 3]
[bin_construct_sample_cnt: 200000]
[data_random_seed: 175]
[is_enable_sparse: 1]
[enable_bundle: 1]
[use_missing: 1]
[zero_as_missing: 0]
[feature_pre_filter: 1]
[pre_partition: 0]
[two_round: 0]
[header: 0]
[label_column: ]
[weight_column: ]
[group_column: ]
[ignore_column: ]
[categorical_feature: ]
[forcedbins_filename: ]
[precise_float_parser: 0]
[parser_config_file: ]
[objective_seed: 16083]
[num_class: 1]
[is_unbalance: 0]
[scale_pos_weight: 1]
[sigmoid: 1]
[boost_from_average: 1]
[reg_sqrt: 0]
[alpha: 0.9]
[fair_c: 1]
[poisson_max_delta_step: 0.7]
[tweedie_variance_power: 1.5]
[lambdarank_truncation_level: 30]
[lambdarank_norm: 1]
[label_gain: ]
[lambdarank_position_bias_regularization: 0]
[eval_at: ]
[multi_error_top_k: 1]
[auc_mu_weights: ]
[num_machines: 1]
[local_listen_port: 12400]
[time_out: 120]
[machine_list_filename: ]
[machines: ]
[gpu_platform_id: -1]
[gpu_device_id: -1]
[gpu_device_id_list: ]
[gpu_use_dp: 0]
[num_gpu: 1]

end of parameters

pandas_categorical:null
