tree
version=v4
num_class=1
num_tree_per_iteration=1
label_index=0
max_feature_idx=42
objective=binary sigmoid:1
feature_names=Column_0 Column_1 Column_2 Column_3 Column_4 Column_5 Column_6 Column_7 Column_8 Column_9 Column_10 Column_11 Column_12 Column_13 Column_14 Column_15 Column_16 Column_17 Column_18 Column_19 Column_20 Column_21 Column_22 Column_23 Column_24 Column_25 Column_26 Column_27 Column_28 Column_29 Column_30 Column_31 Column_32 Column_33 Column_34 Column_35 Column_36 Column_37 Column_38 Column_39 Column_40 Column_41 Column_42
feature_infos=[-1.424460487569299:7.8450243875458545] [-1.4036830539843461:6.8338338721325425] [-1.5065760734600877:6.1957054496592958] [-1.4189274335079125:7.8217827988645077] [-1.3937386229323447:6.7550949025540241] [-1.490935975398439:6.1174626800389955] [-2.2505311922624265:4.9165834392467618] [-1.6768133964875724:5.9281050275173106] [-2.6579274711345455:3.8766926213424209] [-3.0487079987004937:3.1895565493366296] [-5.1538416978531965:1.9730350664532412] [-2.3061522097120988:4.198189123291316] [-1.5741328221375257:2.514020466056849] [-3.0834109080913628:3.1866065187931154] [-2.3162973622060443:4.1853632314745566] [-1.7952939336842626:1.7849020956796102] [-1.46997996502984:1.3700108958527661] [-2.1840380875048231:1.0538619723400979] [-1.5349046235482628:0.65150627906005421] [-2.6284147425763913:2.0906956790967368] [-2.4903782994474941:3.5280144250434611] [-2.0213113450308988:3.5617061959327798] [-4.0778652565272226:3.3505484894223923] [-1.9872330356641306:2.9329340653375837] [-2.2977295710302683:3.8990251522836372] [-2.0400346501319779:4.7199332668131833] [-4.635386058606688:2.9687965165385632] [-3.4583469761734831:2.6985990041628538] [-3.2848882962130559:4.4249773932274312] [-2.6603460474568186:4.7656406650409977] [-5.1992133305175061:3.3233198179637373] [-2.5641781818184217:3.7850392824434405] [-2.5269196246584591:4.5993764825022465] [-2.4154291368683829:3.8030355919913381] [-3.607330009672105:3.339349651691113] [-4.3448252188007777:3.3220789757367473] [-3.2600867974200294:4.7844082073968224] [-1.5278804740867233:2.6699039921829972] [-1.0320353388601085:4.0680394638262856] [-1.1745361329781583:2.7122296775456638] [61:814] [61:814] [0:2]
tree_sizes=4097 4259 4042 4111 3945 4276 4452 4498 4571 4341 4436 4390 4564 4575 3849 4115 4365 3180 3409 4201 3508 4079

Tree=0
num_leaves=38
num_cat=0
split_feature=15 42 12 15 24 12 36 16 36 34 26 24 25 15 28 32 30 30 30 12 36 13 31 25 31 26 22 34 38 29 15 16 40 29 28 24 27
split_gain=22.8899 9.77626 9.9365 9.62591 8.61454 6.98588 7.34291 6.09579 4.88204 9.31661 5.73811 4.76839 5.45295 4.66371 7.27745 5.13706 4.56222 4.12705 6.15138 4.08577 3.6905 3.3406 3.15718 3.03381 2.88724 3.81982 2.82618 2.79337 2.7404 2.53459 1.96185 4.04684 1.92355 1.40495 1.29722 1.28438 1.01269
threshold=-1.4866563449459973 1.0000000180025095e-35 1.2051290897772107 -0.7459261319741618 0.074465596488336103 0.085081529146835949 0.066002483417707355 0.46637744011739152 1.0973479968557653 -0.21292972059689605 -1.3238871952369815 -1.0712885320410577 0.83295171456971573 1.1058994004554277 0.34976267166603103 -1.0000000180025095e-35 0.35565202518901834 0.73612225503193096 -0.47292758646888039 1.9089123566322721 -1.1819255878423427 0.79252696036386672 0.2224228163853956 1.0000000180025095e-35 0.44582120864646108 -0.22005424078041294 -0.0042190087484018134 0.023888904222304521 -0.52202785859146905 -0.3087835884991767 -1.6101113804413034 0.20819645276442733 407.00000000000006 -0.3087835884991767 -0.31108295885743936 0.074465596488336103 -0.48248975234425362
decision_type=2 2 2 2 2 2 2 2 2 2 2 2 2 2 2 2 2 2 2 2 2 2 2 2 2 2 2 2 2 2 2 2 2 2 2 2 2
left_child=30 3 4 8 5 13 23 22 9 10 -2 -5 28 14 15 34 36 18 -9 20 -4 -16 27 -7 25 -11 -8 -6 -13 -12 -1 -32 -24 -20 -3 -30 -15
right_child=1 2 19 11 7 6 26 17 -10 24 29 12 -14 16 21 -17 -18 -19 33 -21 -22 -23 32 -25 -26 -27 -28 -29 35 -31 31 -33 -34 -35 -36 -37 -38
leaf_value=-1.0005235122541998 -0.94496393915388399 -0.99159935335268234 -0.96425027181276868 -0.96465768687429432 -0.98024263730903971 -0.9476944677239364 -0.97658977583109874 -0.94845677089498581 -0.98083432964760875 -0.96240105475408544 -0.9657510246430796 -0.9656753750526692 -0.91085844503967683 -0.95513850645696408 -0.93218228837495665 -0.95735921968210613 -0.96729510718048195 -0.93757937633264909 -0.9656753750526692 -0.95939797232613266 -0.99235981432669085 -0.96391878086340943 -0.96836544401161329 -0.90598485595676981 -0.96241601822231937 -0.92585030016577663 -0.9476944677239364 -0.95186434803597519 -0.95678486295122978 -0.99062112904274269 -0.9933963623928086 -0.95694385436487073 -0.99510158183382114 -0.99070187075879135 -0.97100083071833188 -0.93165382924531948 -0.92983185280438418
leaf_weight=12.591571882367134 4.3970568478107461 9.9933110177516955 5.9959866106510225 4.5969230681657818 4.7967892885208148 5.1965217292308825 3.9973244071006775 7.3950501531362578 7.3950501531362525 3.9973244071006802 7.7947825938463211 3.9973244071006802 6.3957190513610831 4.3970568478107461 4.5969230681657773 7.7947825938463238 6.595585271716117 4.1971906274557105 3.997324407100681 5.5962541699409476 17.588227391242981 5.1965217292308807 4.3970568478107444 4.1971906274557114 5.3963879495859137 9.3937123566865903 5.196521729230879 4.5969230681657791 4.5969230681657773 7.1951839327812195 4.1971906274557114 3.9973244071006775 10.992642119526861 5.1965217292308772 6.595585271716117 6.9953177124261856 5.9959866106510171
leaf_count=63 22 50 30 23 24 26 20 37 37 20 39 20 32 22 23 39 33 21 20 28 88 26 22 21 27 47 26 23 23 36 21 20 55 26 33 35 30
internal_value=-0.963919 -0.96096 -0.965443 -0.952053 -0.961481 -0.954891 -0.939839 -0.971407 -0.960827 -0.956307 -0.970499 -0.938195 -0.932712 -0.961002 -0.967292 -0.976069 -0.948777 -0.959764 -0.966764 -0.980649 -0.9859 -0.947259 -0.981081 -0.923096 -0.941964 -0.935106 -0.960834 -0.966057 -0.9459 -0.979396 -0.992879 -0.976668 -0.988891 -0.982155 -0.985008 -0.939202 -0.937576
internal_weight=237.441 216.655 144.503 72.1517 115.323 69.7533 18.5876 45.5695 45.5695 38.1744 19.387 26.5822 21.9853 51.1658 34.1771 24.3837 16.9886 20.7861 16.5889 29.1805 23.5842 9.79344 24.7834 9.39371 18.7874 13.391 9.19385 9.39371 15.5896 14.99 20.7861 8.19452 15.3897 9.19385 16.5889 11.5922 10.393
internal_count=1188 1084 723 361 577 349 93 228 228 191 97 133 110 256 171 122 85 104 83 146 118 49 124 47 94 67 46 47 78 75 104 41 77 46 83 58 52
is_linear=0
shrinkage=1


Tree=1
num_leaves=39
num_cat=0
split_feature=15 42 12 15 23 20 24 33 0 41 1 34 19 1 21 24 27 34 31 35 29 35 35 33 33 24 40 35 31 25 15 16 1 32 13 16 35 23
split_gain=21.9809 9.21698 9.48322 9.02442 8.70457 10.9477 10.1258 8.37444 7.52587 7.04758 6.84116 6.5265 5.87891 5.74888 5.60018 4.47905 4.01199 3.96956 8.74804 4.95103 4.49484 3.96345 3.90895 3.57993 5.03727 2.79979 2.32607 2.18422 1.94463 4.36635 1.9141 3.91878 1.46105 1.42677 1.23989 1.22714 0.972647 0.378778
threshold=-1.4866563449459973 1.0000000180025095e-35 1.2051290897772107 -0.7459261319741618 -0.51118290536361621 1.0000000180025095e-35 0.074465596488336103 -1.3290708408627687 0.090743770862985754 604.00000000000011 -0.12686793043622815 -0.92338559505449769 0.67496255259479865 -0.70349411526441086 0.25842081752926993 1.0000000180025095e-35 -0.48248975234425362 -0.21292972059689605 0.92789142352560272 -0.7456396385873284 -0.3087835884991767 -0.042840087421388708 -1.0000000180025095e-35 1.2182520601159119 0.50650007307775124 -0.55489230509823229 588.00000000000011 0.70255337593642619 0.44582120864646108 -0.30779287141478029 -1.6101113804413034 0.20819645276442733 -0.12686793043622815 1.4179942918055033 -0.53862396287573822 0.7245584274703557 -0.95860919954670398 -0.83919404543039722
decision_type=2 2 2 2 2 2 2 2 2 2 2 2 2 2 2 2 2 2 2 2 2 2 2 2 2 2 2 2 2 2 2 2 2 2 2 2 2 2
left_child=30 3 4 17 9 7 14 -6 12 10 11 -3 -8 -9 27 22 34 20 19 -19 25 36 -5 24 -12 -2 -18 -7 29 32 -1 -32 -15 -20 -4 -21 -17 -22
right_child=1 2 16 15 5 6 8 13 -10 -11 23 -13 -14 28 -16 21 26 18 33 35 37 -23 -24 -25 -26 -27 -28 -29 -30 -31 31 -33 -34 -35 -36 -37 -38 -39
leaf_value=-0.036165431969166946 0.017943944973259816 0.0013259112497297303 0.009284339791847401 0.021542372558517476 0.020992101648621767 0.046929860442819445 0.027852867726300249 0.0088797321294816316 -0.025272998476387299 -0.014188439851354489 -0.0044951767811269566 0.048794015203630636 -0.010573921151413338 -0.009709785617873291 -0.0001022843396826011 0.02255887954850861 -0.029465184572388184 -0.0036032980388723771 -0.020944142445005098 0.037529701727853013 -0.0070967104577538565 0.048365173886182097 -0.010706701640627076 -0.013744255009853887 0.027513894133938274 -0.0095716696594102552 -0.0015075165838335201 0.013102845319651824 -0.032363049210017411 -0.027311826695105054 -0.029115347476793847 0.0068071013879171952 0.010278689481854333 0.00026820726799764563 -0.0089703452506744996 0.010169067288151267 0.0010259327515484843 -0.026416917679247941
leaf_weight=12.383554771542549 6.0077445209026337 4.0118577629327765 4.3576359748840332 6.0407548695802689 4.2021912783384314 6.2486535906791705 5.8018324971199053 4.9862331151962271 8.3491590023040754 5.3995152562856665 6.8213616758585003 8.4228129535913485 5.5799061357975006 5.3841757327318156 5.2158985882997504 4.0449880659580248 14.466266930103304 4.2372788488864943 4.776859909296034 8.6793911904096586 3.986086368560791 8.1101754307746869 4.6103606969118136 4.2032288610935202 8.4347241818904859 4.4008608460426348 3.9761171489953986 5.018976017832756 12.743637949228285 9.7565733045339602 4.1414340734481812 4.0097904205322266 4.8028626292943972 4.175203800201416 6.1654949635267275 4.2242464572191247 4.0363225489854813 5.134909123182295
leaf_count=63 30 20 22 30 21 31 29 25 42 27 34 42 28 27 26 20 73 21 24 43 20 40 23 21 42 22 20 25 64 49 21 20 24 21 31 21 20 26
internal_value=0 0.00289998 -0.00146137 0.0115223 0.00239505 -0.00325664 0.00853706 -0.0135368 -0.00567113 0.0140523 0.0194356 0.035701 0.00951072 -0.0181977 0.0249325 0.0248598 -0.0163819 0.00300611 0.0104963 0.0225078 -0.00675094 0.0343423 0.00749099 0.00694442 0.0137226 0.00606599 -0.0243052 0.0356417 -0.0227121 -0.014433 -0.028539 -0.012511 0 -0.0118581 -0.000696811 0.030981 0.0142745 -0.0207332
internal_weight=237.349 216.814 144.349 72.4652 115.384 78.0901 36.2144 41.8757 19.7309 37.2935 31.894 12.4347 11.3817 37.6735 16.4835 26.8426 28.9655 45.6226 26.093 17.1409 19.5296 16.1915 10.6511 19.4593 15.2561 10.4086 18.4424 11.2676 32.6872 19.9436 20.5348 8.15122 10.187 8.95206 10.5231 12.9036 8.08131 9.121
internal_count=1188 1084 723 361 577 391 181 210 99 186 159 62 57 189 82 133 146 228 130 85 98 80 53 97 76 52 93 56 164 100 104 41 51 45 53 64 40 46
is_linear=0
shrinkage=0.03


Tree=2
num_leaves=37
num_cat=0
split_feature=39 37 2 28 35 2 40 23 39 22 29 31 19 35 34 14 34 21 35 19 28 16 28 16 19 19 29 29 35 35 29 30 32 24 26 0
split_gain=10.717 15.4053 7.18655 6.20439 4.36572 11.8955 10.9251 8.2018 4.41877 5.08113 4.0566 4.00395 4.75908 7.06122 4.15392 4.12775 3.8422 3.74472 4.25731 4.4746 3.66911 3.29968 2.98247 2.96407 6.34451 3.81119 4.39915 2.84519 2.75367 2.59068 4.50647 1.21646 0.980736 0.955024 0.897929 0.895462
threshold=-0.68869040666268044 1.0000000180025095e-35 -0.50408840099222973 1.8183085172737428 -0.31970051666857691 -0.40152365562423109 728.00000000000011 -0.51118290536361621 1.0000000180025095e-35 -0.72309775835642887 0.92888086358379263 0.44582120864646108 0.87159215349784558 0.95811684908767702 0.97116340349910724 0.44121272789516153 0.18176798743510511 -0.34640608274179518 0.19142642963392462 -1.0000000180025095e-35 0.57004454850718778 0.7245584274703557 0.12948079482487429 0.7245584274703557 -0.89807425462957757 -0.58346689318470235 0.093457358427788406 -0.6388274423879684 -0.19191878009295169 0.28538358888070797 1.0000000180025095e-35 -0.17700629659105965 -0.61809031024041261 0.074465596488336103 -1.0000000180025095e-35 -0.46313341604293329
decision_type=2 2 2 2 2 2 2 2 2 2 2 2 2 2 2 2 2 2 2 2 2 2 2 2 2 2 2 2 2 2 2 2 2 2 2 2
left_child=1 10 -3 4 5 7 11 -2 35 34 21 12 16 -14 27 -16 17 18 -6 -20 22 -1 28 25 -25 -9 -27 -13 -4 32 -31 -11 -19 -18 -10 -7
right_child=3 2 20 -5 6 8 -8 23 9 31 -12 14 13 -15 15 -17 33 29 19 -21 -22 -23 -24 24 -26 26 -28 -29 -30 30 -32 -33 -34 -35 -36 -37
leaf_value=-0.034777789378425454 0.038719439201612825 -0.017738486184751937 -0.00058262568277880422 -0.023368012817467351 0.04144551481960225 -0.0068848317194380414 0.046367089098231576 -0.019070014998754364 0.022809110145203201 -0.021464134250752977 0.0011939107243373645 -0.030263015012306643 -0.02028877896005702 0.01704600691138591 0.021409974186849152 -0.010882852008737412 0.012851235225858421 0 -0.013618824763319081 0.019002558890023169 0.02958271444131641 -0.011727240183957115 -0.01239532376725302 0.038640339784944487 -0.0042271733248298322 -0.012203983449586666 0.02459683338257904 -0.0017633310928415232 0.025183888913468535 -0.010615709723827253 0.023066924104242027 -0.0012903804135071843 -0.017243105308152845 0.03993733182578324 0.0015803509634882812 -0.027226102583498488
leaf_weight=18.865924134850506 6.6622928828001013 7.748267948627471 6.7816597968339947 5.5915640890598288 4.2325124293565706 4.8046896457672146 5.2665982395410529 6.9535545706748954 4.0288819074630737 6.4034170210361481 4.7600015401840201 4.7332342714071274 8.7990850210189802 6.6256447285413733 7.0187004059553129 4.6269800812005997 5.0380449742078763 5.0076971054077148 4.1896051168441799 9.8315885066986031 6.8660561591386786 12.027064293622969 4.9850526154041281 4.0524344593286514 5.9815782308578473 3.9483083039522189 4.7995792329311371 7.7810530811548251 5.6303868144750622 4.5989694297313672 7.2507407069206238 5.4133750647306424 5.0121330618858426 5.0647540837526321 3.9912305176258105 11.893573537468908
leaf_count=96 33 39 34 28 21 24 26 35 20 32 24 24 44 33 35 23 25 25 21 49 34 61 25 20 30 20 24 39 28 23 36 27 25 25 20 60
internal_value=0 -0.00994213 0.00494762 0.0040516 0.00522598 -0.000449006 0.00934564 0.0123964 -0.0120372 -0.00177036 -0.0231325 0.00638293 0.0101879 -0.0038078 -0.0037138 0.00834541 0.0145879 0.00952283 0.0190056 0.00849441 0.0130361 -0.0269477 0.00435842 0.00360454 0.0153392 -0.00422934 0.0080464 -0.0150562 0.0121295 0.000639324 0.00982102 -0.0138593 -0.00956325 0.0303548 0.0147884 -0.0227528
internal_weight=237.266 67.6644 32.0114 169.602 164.01 68.9329 95.0773 32.3977 36.5352 19.8369 35.653 89.8107 65.6508 15.4247 24.16 11.6457 50.226 40.1232 18.2537 14.0212 24.2632 30.893 17.3971 25.7355 10.034 15.7014 8.74789 12.5143 12.412 21.8695 11.8497 11.8168 10.0198 10.1028 8.02011 16.6983
internal_count=1188 341 160 847 819 345 474 162 183 99 181 448 327 77 121 58 250 200 91 70 121 157 87 129 50 79 44 63 62 109 59 59 50 50 40 84
is_linear=0
shrinkage=0.03


Tree=3
num_leaves=38
num_cat=0
split_feature=15 23 9 32 29 12 34 29 19 16 20 2 12 15 37 20 0 31 34 21 26 28 20 22 16 26 20 12 32 22 24 15 16 27 19 15 16
split_gain=20.6792 6.23506 8.22231 4.72182 4.49822 10.5769 4.16133 4.0074 5.9843 9.1705 5.11903 6.25945 3.76651 5.67363 3.94347 4.08101 3.41712 3.87731 6.44485 3.36268 3.24902 3.24297 4.21012 5.70677 4.07242 3.11513 6.95322 3.10229 5.10855 3.47643 2.07122 1.84172 3.76308 1.63204 1.5037 1.194 1.0599
threshold=-1.4866563449459973 -0.83919404543039722 -0.37603315525631203 1.0000000180025095e-35 -0.86573259193651297 0.13510403753709208 -0.52868788702249692 1.0000000180025095e-35 -0.58346689318470235 0.7245584274703557 1.3547059411995053 -1.0533060697369967 -1.2815858389486132 0.36516918748359189 -1.0000000180025095e-35 1.0000000180025095e-35 -0.76872082950826803 0.44582120864646108 -0.21292972059689605 1.5145997642460978 0.6384825015746961 -0.97192858938090942 1.0000000180025095e-35 -0.72309775835642887 -1.0827084840003933 0.51583439552396604 1.0000000180025095e-35 -0.01602485604180158 -0.87260088549615211 -0.12403213368307303 0.60699920552312492 -1.6101113804413034 0.20819645276442733 -0.27725821966637554 0.36035519114992326 1.0000000180025095e-35 0.20819645276442733
decision_type=2 2 2 2 2 2 2 2 2 2 2 2 2 2 2 2 2 2 2 2 2 2 2 2 2 2 2 2 2 2 2 2 2 2 2 2 2
left_child=31 2 -2 12 5 16 -5 21 9 19 11 -10 -4 14 15 -14 -3 18 -18 -9 -11 -6 23 -23 -24 27 -27 29 -29 -13 35 -1 -33 -28 -16 -26 -7
right_child=1 4 3 6 7 36 -8 8 10 20 -12 25 13 -15 34 -17 17 -19 -20 -21 -22 22 24 -25 30 26 33 28 -30 -31 -32 32 -34 -35 -36 -37 -38
leaf_value=-0.035530008448000847 0.04352771149832968 0.039513684244589342 -0.018585518409636011 0 0.006768742329958023 -0.022475859016116907 0.039120262390793727 -0.02756944547022494 -0.018760032781573299 -0.0019828507355135242 -0.013542597488234932 -0.0096235688578763974 0.0013261675751929205 0.02732784063549655 0.019509702622580949 -0.030482280416116694 -0.0024599221466441879 -0.0049048713607628613 0.037270920893997868 -0.00010536940023020737 0.026295363230884151 0.0042189734331686234 0.017736166100425936 -0.030165871481041238 -0.02869496190402946 0.026960361055826779 -0.023682789372072858 0 0.036063903875551626 0.022149765705042481 0.002947759349783763 -0.028640192615973725 0.0066372303084759393 0 -0.00095040365389158492 -0.0037794477484477248 -0.0018152166306572093
leaf_weight=12.065893724560738 5.1214757412672034 5.0904271006584159 5.4050598293542818 4.2236282527446747 7.765030398964881 5.3301287293434125 5.1136626750230771 14.451479583978655 4.1724243462085715 7.0374699085950834 7.3896848857402793 5.3717557042837143 7.5503910332918185 6.6925645470619193 5.8117572963237816 4.7691170275211334 5.6181874573230761 6.9562540948390952 7.1584652215242421 5.9672475755214682 5.0595221221446991 4.9865636974573144 5.0132760107517269 15.589647173881531 3.9441576898097974 5.014202967286109 4.0075422674417487 4.9677362143993387 13.50061666965485 4.068854868412016 5.1779644042253485 4.0653495937585831 4.0220006257295609 5.0401665419340125 4.6154418289661407 4.2513960152864456 4.7733068913221359
leaf_count=63 25 25 27 21 39 27 25 73 21 35 37 27 38 33 29 24 28 35 35 30 25 25 25 79 20 25 20 25 67 20 26 21 20 25 23 21 24
internal_value=1.12162e-05 0.00280731 0.0120147 0.0069211 0 0.00936766 0.0242563 -0.0025187 0.00127921 -0.00855498 0.00743185 0.0112374 0.00130129 0.00587048 -0.00149532 -0.0125254 0.0196834 0.0118553 0.0209572 -0.0203735 0.0109992 -0.00945915 -0.0129726 -0.0218406 -0.00184803 0.014902 0.0024996 0.0205006 0.0273275 0.00468146 -0.0106412 -0.0279283 -0.0121767 -0.0123939 0.0109697 -0.0189733 -0.0147284
internal_weight=237.16 217.007 49.3031 44.1816 167.704 34.9268 9.33729 132.777 86.0487 32.5157 53.533 46.1433 34.8443 29.4393 22.7467 12.3195 24.8233 19.7329 12.7767 20.4187 12.097 46.728 38.963 20.5762 18.3868 41.9709 14.0619 27.909 18.4684 9.44061 13.3735 20.1532 8.08735 9.04771 10.4272 8.19555 10.1034
internal_count=1188 1084 245 220 839 174 46 665 430 163 267 230 174 147 114 62 123 98 63 103 60 235 196 104 92 209 70 139 92 47 67 104 41 45 52 41 51
is_linear=0
shrinkage=0.03


Tree=4
num_leaves=36
num_cat=0
split_feature=39 37 2 41 40 35 29 12 35 8 37 33 16 22 41 21 14 0 30 25 16 33 32 31 12 39 25 27 0 27 21 33 36 12 37
split_gain=9.84849 14.4184 6.85427 4.84166 4.01442 9.51574 3.91533 3.87175 4.64405 5.39555 4.54946 4.68672 6.34178 4.1232 4.52352 3.89512 3.64388 3.70647 3.36888 4.46026 3.22966 2.92278 4.20772 2.8306 2.76631 2.70354 2.15416 1.83243 1.63905 1.6116 2.41966 1.02953 0.789278 0.39351 0.26827
threshold=-0.68869040666268044 1.0000000180025095e-35 -0.50408840099222973 106.50000000000001 728.00000000000011 -0.31970051666857691 0.92888086358379263 -1.3292793454686316 0.57477163936080067 -0.33921140907280084 0.57101175904813728 -0.53169455463204751 -1.0827084840003933 1.0740991156636392 677.00000000000011 0.25842081752926993 0.11877184864716796 -0.54653331430118091 -0.17700629659105965 -0.30779287141478029 0.7245584274703557 -1.0293857936888064 0.65446256603828457 0.44582120864646108 -1.0000000180025095e-35 1.0000000180025095e-35 1.0000000180025095e-35 0.74889944372301398 0.70191859779365529 0.74889944372301398 -0.34640608274179518 -1.0000000180025095e-35 -0.35513026790283292 -1.4367870895129931 0.57101175904813728
decision_type=2 2 2 2 2 2 2 2 2 2 2 2 2 2 2 2 2 2 2 2 2 2 2 2 2 2 2 2 2 2 2 2 2 2 2
left_child=1 6 -3 24 7 -6 20 8 9 28 11 21 29 14 25 16 17 -12 34 -20 -1 22 -9 -23 -2 -14 -19 -21 -5 30 -13 -17 -32 -11 -4
right_child=3 2 18 4 5 -7 -8 10 -10 33 15 12 13 -15 -16 31 -18 26 19 27 -22 23 -24 -25 -26 -27 -28 -29 -30 -31 32 -33 -34 -35 -36
leaf_value=-0.03414028385593338 0.001260160544800721 -0.017479029456038728 -0.0071987046943866907 0.013187183483935681 -0.010337971572487585 0.041706527401211425 0.0013616067124930446 0.019079155621417758 0.015384028965021116 -0.012025137529219703 0.010897797367363805 0.01735571229593369 0.012697565893587729 -0.0036135609324220493 -0.0039038384834302491 -0.0070746447651408402 0.017249271868049681 -0.023849307988021644 0 0.041314500887376891 -0.01124978153278808 0.00075876973528620959 -0.013610701264584347 -0.023344772797519259 0.034666015033562765 0.032143300806657213 0.00084917307701714445 0.0093869923920156771 -0.0083859138239357877 -0.017828250334514885 0.0011897853952750823 -0.029729845918416264 -0.014501326503869332 -0.033237900992395833 0.0017636162246521187
leaf_weight=18.416942417621616 4.0149540305137634 7.695912539958953 3.9933589249849346 4.4436873644590431 4.5659302324056625 5.5975625663995725 4.7426200211048117 7.832600325345993 4.2241283506155005 4.9379059076309231 5.8459518700838116 4.029582306742669 16.089579775929451 6.622131720185279 5.1415361911058417 5.7486427128314972 7.0774920880794516 7.5468853116035479 6.465659528970721 5.6746073365211469 11.901394307613371 7.6212348788976669 4.1844615340232849 7.3251432478427887 5.5037692785263044 18.70477606356144 4.0473513454198837 4.2792474776506424 5.1372602581977844 3.9600636661052695 4.0201323628425598 4.368954658508299 4.3780668824911118 6.9435974657535509 3.9758240133523941
leaf_count=96 20 39 20 22 23 27 24 39 21 25 29 20 80 33 26 29 35 38 32 28 61 38 21 37 27 92 20 21 26 20 20 22 22 35 20
internal_value=1.53141e-05 -0.00956164 0.00476017 0.00388545 0.00249715 0.0194886 -0.0224894 0.0011268 -0.00909577 -0.0148653 0.0033659 0.00692554 0.0113501 0.0168862 0.020438 -0.0056124 0.000882434 -0.00628276 0.0126157 0.0198941 -0.0262972 -0.00324667 0.00700512 -0.0117412 0.0232098 0.0242129 -0.0156597 0.0311393 0.00150899 -0.00413943 0.00124197 -0.0199495 -0.00734194 -0.0272065 -0.00252269
internal_weight=237.059 67.1456 32.0846 169.913 160.395 10.1635 35.061 150.231 25.6866 21.4625 124.545 89.9093 62.9459 46.558 39.9359 34.6353 24.5177 17.4402 24.3887 16.4195 30.3183 26.9634 12.0171 14.9464 9.51872 34.7944 11.5942 9.95385 9.58095 16.3878 12.4278 10.1176 8.3982 11.8815 7.96918
internal_count=1188 341 160 847 800 50 181 750 129 108 621 448 313 231 198 173 122 87 121 81 157 135 60 75 47 172 58 49 48 82 62 51 42 60 40
is_linear=0
shrinkage=0.03


Tree=5
num_leaves=39
num_cat=0
split_feature=15 42 12 15 23 20 35 24 30 12 34 34 24 12 17 34 31 26 35 23 4 26 31 4 29 29 3 20 34 23 20 15 16 37 32 15 31 35
split_gain=19.554 8.24125 8.3802 8.08825 7.37358 8.4814 7.12005 8.20617 7.08441 6.53764 4.79981 4.23347 4.14411 3.82437 4.72902 3.59974 7.81488 5.44916 4.26375 3.28676 3.80318 3.01521 3.78949 2.59964 2.43537 2.27739 3.88554 2.23199 2.15489 2.03024 1.79854 1.75563 3.59605 1.36034 1.35247 0.780141 0.374038 0.32919
threshold=-1.4866563449459973 1.0000000180025095e-35 1.2051290897772107 -0.7459261319741618 -0.83919404543039722 1.0000000180025095e-35 -0.31970051666857691 0.99429637573024421 0.62741647507681308 -1.2008983733364631 0.81328432028630659 1.2079820283183078 -1.0712885320410577 1.9089123566322721 -0.29526305259528574 -0.21292972059689605 0.92789142352560272 -1.3238871952369815 -0.7456396385873284 -0.51118290536361621 -0.66034360563857153 0.6384825015746961 0.44582120864646108 -0.17141359410938961 -0.3087835884991767 0.53990060721485966 0.06618671098051207 -0.44245299736376642 -0.92338559505449769 -0.51118290536361621 1.3547059411995053 -1.6101113804413034 0.20819645276442733 0.57101175904813728 1.4179942918055033 0.98244436496012166 -0.13031148718470778 -0.44748225324420249
decision_type=2 2 2 2 2 2 2 2 2 2 2 2 2 2 2 2 2 2 2 2 2 2 2 2 2 2 2 2 2 2 2 2 2 2 2 2 2 2
left_child=31 3 4 15 8 11 23 29 9 28 -9 19 -5 14 -4 17 18 -2 -17 -6 -21 36 -23 -7 -19 26 -14 -27 -3 -8 35 -1 -33 -20 -18 -31 -22 -16
right_child=1 2 13 12 5 6 7 10 -10 -11 -12 -13 25 -15 37 16 34 24 33 20 21 22 -24 -25 -26 27 -28 -29 -30 30 -32 32 -34 -35 -36 -37 -38 -39
leaf_value=-0.034960206953020108 0.018169477002374212 -0.0082310893369922714 0.0026192535871951313 -0.0011245352410830479 0.0052754691675527534 0.0030848649800229622 0.0049136824170376648 0.0099964503551009699 -0.0078982606067504475 0.042434338542296189 -0.028493832190295082 0.013751552218033548 0.044742858837268015 0.0048693534903233764 -0.012273352208479285 -0.0033034763378618887 -0.020383156265627048 -0.0018551668675049252 0.035266532133141029 0.0042241385861723933 -0.015586890975621147 0.0077157167220112399 -0.022613252420868684 -0.021800123727059358 -0.026257736308038494 0.023864644788183443 0.0060657739862547324 -0.0029949690504344649 0.017406926376110347 0.041536004701282249 0.0062377031209508273 -0.028221458358654659 0.0063286157740983688 0.0086034121301413313 0.00029129714485886941 0.016047246170023923 -0.033230545359503517 -0.031646234864128486
leaf_weight=11.763425424695015 4.4490569084882763 4.1749750524759319 5.2809597253799501 4.6298505812883404 6.0717442333698264 5.8078768998384476 5.4805909097194698 4.8216797411441785 6.6998125463724127 8.7134433090686798 3.9128797203302383 4.4016533493995658 10.161244556307794 5.5592688620090476 5.0584443956613621 4.2098687738180205 4.6971481293439847 7.7949679940938958 8.894394248723982 5.6227380186319342 8.2368568927049655 6.3625849336385709 5.4647918194532394 6.5709295272827131 7.2146840840578053 4.3454052209854126 4.0609353631734839 4.0975613594055158 4.4993928968906411 7.78625431656838 4.0492287725210181 3.9953229278326035 4.0440215170383453 4.3336135447025308 4.1720624417066574 5.6890391260385513 11.29343916475773 12.56309147179126
leaf_count=63 22 21 27 23 30 29 27 24 33 42 20 22 49 28 26 21 24 39 43 28 42 32 28 33 37 21 20 20 22 38 20 21 20 21 21 28 58 65
internal_value=1.19661e-05 0.00270962 -0.00142863 0.0108178 0.00216255 -0.00172976 0.00753094 0.0149506 0.0164281 0.026002 -0.00830904 -0.0104291 0.0233141 -0.0156 -0.0208084 0.00273465 0.00982611 -0.00658344 0.0210108 -0.0134157 -0.0167265 -0.0206871 -0.00681538 -0.0106208 -0.0152681 0.0283144 0.0357132 0.0117404 0.00508334 0.0239947 0.0287888 -0.0273998 -0.0119505 0.0287047 -0.011444 0.033861 -0.0277172 -0.0277979
internal_weight=236.985 217.182 144.122 73.0608 115.66 91.5723 44.1185 31.7397 24.0876 17.3878 8.73456 47.4538 27.295 28.4618 22.9025 45.7658 26.3071 19.4587 17.4379 43.0522 36.9804 31.3577 11.8274 12.3788 15.0097 22.6651 14.2222 8.44297 8.67437 23.0051 17.5245 19.8028 8.03934 13.228 8.86921 13.4753 19.5303 17.6215
internal_count=1188 1084 723 361 577 459 219 157 118 85 44 240 133 146 118 228 130 98 85 218 188 160 60 62 76 110 69 41 43 113 86 104 41 64 45 66 100 91
is_linear=0
shrinkage=0.03


Tree=6
num_leaves=41
num_cat=0
split_feature=15 42 15 23 13 20 34 2 13 13 17 36 34 37 26 37 35 27 22 23 19 41 30 15 25 34 33 22 15 35 29 15 33 35 15 0 34 36 35 34
split_gain=18.7806 7.77845 7.5863 5.96924 8.07366 5.85177 6.63508 6.587 8.96776 7.50654 8.35773 4.30067 7.58608 6.39883 5.09489 4.24003 4.00874 3.66809 3.34542 3.47537 3.31685 3.11368 5.00357 5.65774 2.98189 4.53748 3.26394 3.0778 2.75788 2.56609 2.25474 2.1507 2.14743 1.94663 1.71734 1.25342 1.17915 0.569621 0.156626 0.0296484
threshold=-1.4866563449459973 1.0000000180025095e-35 -0.7459261319741618 -0.83919404543039722 -0.35169263815775947 1.0000000180025095e-35 1.2079820283183078 -0.49416278047274609 -0.084214007332377216 0.31888946874619123 -0.83491306256943931 1.0973479968557653 -0.21292972059689605 0.57101175904813728 -1.3238871952369815 1.0000000180025095e-35 0.95811684908767702 -0.27725821966637554 0.23540724112094055 0.39084772982003119 1.3041772754845489 381.50000000000006 -0.89446444429483762 0.98244436496012166 0.83295171456971573 -0.7655065118416976 -1.0293857936888064 1.0000000180025095e-35 1.1058994004554277 1.0000000180025095e-35 -0.3087835884991767 0.61207925847420375 -0.41128538389250902 0.19142642963392462 -1.6101113804413034 0.98840679791740682 -0.84444605344809764 0.066002483417707355 -0.57526398981982796 0.18176798743510511
decision_type=2 2 2 2 2 2 2 2 2 2 2 2 2 2 2 2 2 2 2 2 2 2 2 2 2 2 2 2 2 2 2 2 2 2 2 2 2 2 2 2
left_child=34 2 11 4 -3 6 17 18 -9 -10 -11 12 14 29 -2 33 20 21 -7 -20 -12 -5 35 32 26 -26 -4 39 38 -14 -16 -17 -24 -6 -1 -23 -33 -36 -19 -28
right_child=1 3 24 5 15 7 -8 8 9 10 16 -13 13 -15 30 31 -18 28 19 -21 -22 22 23 -25 25 -27 27 -29 -30 -31 -32 36 -34 -35 37 -37 -38 -39 -40 -41
leaf_value=-0.034579417590348022 0.017656050500153498 0.038379061596853323 0.031395797237179668 0.0093046958909601685 0.00046603744563153112 -0.026261994067483623 0.017697166998846808 0.037980515082383225 -0.026694996890375165 0.036479801279926803 0 -0.016272885059616049 0.012375387950538637 -0.0035393692262163422 -0.0018097720195909695 0.021762365994539509 0.016756630856709784 -0.011706798775588811 0.017390189420795864 -0.015368329703857498 -0.028686830693535247 -0.032792053032060349 0 -0.02329080731462458 0.0084878876047552905 0.05478434299813402 0.0059121366610107818 -0.010857972659838082 -0.0031126366165968975 0.04395387926960647 -0.025518466286474722 -0.0079436163473908319 0.026576757937840829 -0.022342514348323152 -0.018038567065516788 -0.0064582757656983149 0.010782900305212591 -0.00087793771994868223 -0.032065162382661862 0.018790576411260165
leaf_weight=11.555837705731394 4.4841559529304513 5.4819493293762198 4.9669399261474636 6.7254453897476223 5.5695010125637072 7.089073419570922 5.0147955417633048 6.3290427774190894 5.16768451035023 5.7175223380327251 10.003714770078661 7.2745324224233618 6.7195758819580096 6.5221864432096472 7.7884997427463531 7.3717773407697704 6.1048194766044608 3.8927837461233201 4.0225719660520536 4.6718670874834061 3.9353856593370429 6.8275007456541079 4.5154157578945169 4.0686494857072821 4.3447011709213257 4.2869897931814176 4.0729642808437365 5.5130815207958213 5.761633872985839 6.0815209597349167 6.9284561574459076 5.0009443610906619 4.1782282739877674 5.3058804273605347 4.0800127089023581 3.9245634526014328 4.1054860651493037 3.9152148514986038 13.167381897568701 4.3403298556804657
leaf_count=63 22 26 24 34 28 36 25 31 26 28 50 37 33 32 39 36 30 20 20 24 20 35 23 21 21 20 20 27 29 29 36 25 21 27 21 20 20 20 68 21
internal_value=1.5191e-05 0.00264421 0.0105015 -0.00138376 0.00952564 -0.00474472 -0.0112206 0.00234946 0.00925025 0.0017013 0.00877303 0.00265424 0.00685406 0.0195245 -0.00609797 0.00184058 -0.000841461 -0.014475 -0.0129823 0 -0.0098166 -0.00679686 -0.0119238 0.000690127 0.02254 0.0367802 0.0135132 0.00431361 -0.0233555 0.0308338 -0.0146693 0.0112288 0.0142776 -0.0115363 -0.0270235 -0.0256372 0.000264216 -0.0117332 -0.0290646 0.0149992
internal_weight=236.829 217.278 73.3239 143.954 32.8355 111.118 58.0764 53.0417 37.2582 30.9291 25.7614 45.7989 38.5244 19.3233 19.2011 27.3536 20.0439 53.0616 15.7835 8.69444 13.9391 30.2398 23.5144 12.7623 27.525 8.63169 18.8933 13.9264 22.8218 12.8011 14.717 16.4782 8.69364 10.8754 19.5511 10.7521 9.10643 7.99523 17.0602 8.41329
internal_count=1188 1084 361 723 162 561 296 265 185 154 128 228 191 94 97 136 100 271 80 44 70 154 120 65 133 41 92 68 117 62 75 81 44 55 104 55 45 41 88 41
is_linear=0
shrinkage=0.03


Tree=7
num_leaves=41
num_cat=0
split_feature=15 42 12 15 24 12 36 16 24 1 28 32 37 36 34 37 26 24 12 17 31 30 30 36 35 31 34 35 31 35 29 40 15 16 29 35 35 15 12 35
split_gain=18.0588 7.40818 7.91444 7.18481 6.9891 5.74095 6.69389 5.21077 4.24064 5.20308 7.25401 5.11444 4.27803 4.10486 7.17014 6.01303 4.87082 3.7504 3.68539 4.55997 3.62924 3.54355 5.51513 3.42062 3.29645 2.84979 2.64386 2.63864 2.4802 2.35693 2.17944 1.96152 1.67835 3.48812 1.29839 0.897041 0.578709 0.472519 0.455944 0.317496
threshold=-1.4866563449459973 1.0000000180025095e-35 1.2051290897772107 -0.7459261319741618 0.074465596488336103 0.085081529146835949 0.066002483417707355 0.46637744011739152 -0.55489230509823229 1.5480938445408718 -0.31108295885743936 -0.36357973498467316 0.57101175904813728 1.0973479968557653 -0.21292972059689605 0.57101175904813728 -1.3238871952369815 1.0000000180025095e-35 1.9089123566322721 -0.29526305259528574 -0.3419520693267698 0.73612225503193096 -0.47292758646888039 -0.35513026790283292 -0.042840087421388708 0.2224228163853956 -1.0000000180025095e-35 1.0000000180025095e-35 0.2224228163853956 1.0000000180025095e-35 -0.3087835884991767 407.00000000000006 -1.6101113804413034 0.20819645276442733 -0.3087835884991767 -0.95860919954670398 -0.19191878009295169 0.98244436496012166 0.30179270910827211 -0.44748225324420249
decision_type=2 2 2 2 2 2 2 2 2 2 2 2 2 2 2 2 2 2 2 2 2 2 2 2 2 2 2 2 2 2 2 2 2 2 2 2 2 2 2 2
left_child=32 3 4 13 5 8 38 25 9 10 -3 37 27 14 16 29 -2 20 19 -4 -5 22 -9 -12 35 26 -6 -13 -8 -16 -18 -27 -1 -34 -24 -19 -14 -10 -7 -21
right_child=1 2 18 17 7 6 28 21 11 -11 23 12 36 -15 15 -17 30 24 -20 39 -22 -23 34 -25 -26 31 -28 -29 -30 -31 -32 -33 33 -35 -36 -37 -38 -39 -40 -41
leaf_value=-0.034211133745761541 0.017160741735325051 -0.0033958246808452565 0.0025795076702044041 0.019656943759095828 -0.015763271162147447 0.044878379287174017 -0.010078143041268124 0.01432329416868874 -0.027225300531756914 -0.013942371079178818 0.04430537431812704 -0.018337341595621472 0.025578503798069779 -0.015969333395878818 0.012019095765425156 -0.0034573601105296324 -0.0017654655901853022 0.020126891481638327 0.0048484645880696679 -0.011998047515853446 -0.011167734991638869 0.024020765016775501 -0.0016894127621706122 0.0060154766406557451 0.042737879799057021 -0.0032440959773667095 0.011931177781917931 0.0078546811365392336 0.016813821411682084 0.042299422457664833 -0.025146771811605718 -0.029979450941355609 -0.027755849891271434 0.0063624746426725028 -0.025946991652104189 0.00010487395871794481 0.0053586250955054903 -0.0070292414687689962 0.016047201086130256 -0.031142642027294588
leaf_weight=11.349108055233957 4.5179462283849725 7.3700278103351655 5.2830084860324922 6.1947755217552185 4.7183458358049393 5.6597759574651736 5.322516590356825 7.5093673169612929 5.517586290836336 4.2168151140213004 6.7836310714483297 6.7095861732959765 4.2381226271390915 7.2197743356227866 6.7551230937242526 6.5123188793659201 7.7821846604347229 4.1885291934013384 5.5599986612796775 5.0217932313680729 4.6535117328166979 4.3335921466350547 3.9842078685760534 4.0610784143209404 8.5680433064699155 4.2773390114307395 4.6010818630456942 4.4615110754966736 4.0582825988531113 6.1868255734443665 6.8434041887521744 10.543056696653364 3.9174445867538443 4.0415199548006058 5.0461646616458857 4.1039914190769196 4.109555169939993 3.9759149253368378 4.111274391412735 12.32985404133796
leaf_count=63 22 37 27 30 24 27 26 37 28 21 33 34 21 37 33 32 39 20 28 26 23 21 20 20 40 22 23 22 20 29 36 55 21 20 26 20 20 20 20 65
internal_value=2.43012e-05 0.00258867 -0.00134833 0.0102416 0.00212882 0.00799306 0.0214054 -0.00690046 0.0024215 0.0118937 0.018785 -0.0049302 0.00376406 0.00258873 0.00667721 0.0189301 -0.00595463 0.0219078 -0.0151953 -0.0203628 0.00619802 0.00375683 -0.00277579 0.032926 0.0303567 -0.0160303 -0.00177721 -0.00771174 0.00171841 0.0297998 -0.0143993 -0.0236383 -0.0266575 -0.0115349 -0.0175795 0.0123646 0.018566 -0.0214261 0.0370298 -0.0273158
internal_weight=236.638 217.33 143.803 73.5264 115.609 70.5957 19.1518 45.0132 51.4438 22.4316 18.2147 29.0123 19.5188 45.8176 38.5978 19.4543 19.1435 27.7089 28.1947 22.6347 10.8483 20.8733 16.5397 10.8447 16.8606 24.1398 9.31943 11.1711 9.3808 12.9419 14.6256 14.8204 19.3081 7.95896 9.03037 8.29252 8.34768 9.4935 9.77105 17.3516
internal_count=1188 1084 723 361 577 349 93 228 256 111 90 145 97 228 191 94 97 133 146 118 53 104 83 53 80 124 47 56 46 62 75 77 104 41 46 40 41 48 47 91
is_linear=0
shrinkage=0.03


Tree=8
num_leaves=42
num_cat=0
split_feature=15 42 12 15 24 12 36 41 24 36 30 15 36 36 25 31 27 24 25 30 30 35 24 25 31 22 19 30 40 38 12 15 24 35 15 26 39 13 24 2 36
split_gain=17.3597 7.0128 7.55732 6.75637 6.65117 5.42951 6.26271 4.80955 5.1994 5.87639 4.09654 4.04107 3.9181 5.59799 3.88119 3.70313 3.6627 3.60604 4.44463 3.25853 3.02378 2.86059 2.85488 2.60323 2.55859 2.46244 2.37904 4.17445 2.27848 2.27353 2.17683 2.141 2.04441 1.84918 1.64382 1.55313 1.48624 1.17958 1.10537 0.966678 0.546794
threshold=-1.4866563449459973 1.0000000180025095e-35 1.2051290897772107 -0.7459261319741618 0.074465596488336103 0.085081529146835949 0.066002483417707355 532.50000000000011 -0.55489230509823229 0.066002483417707355 0.88831034696909617 1.1058994004554277 1.0973479968557653 -0.18594049200787566 -0.30779287141478029 0.44582120864646108 -0.48248975234425362 -1.0712885320410577 0.83295171456971573 1.0000000180025095e-35 -0.3291943885282243 -0.44748225324420249 -0.55489230509823229 1.0000000180025095e-35 0.2224228163853956 -0.0042190087484018134 -0.58346689318470235 -0.47292758646888039 588.00000000000011 -0.52202785859146905 -1.2663816732208792 0.85898932946481577 -1.42631093806425 -0.57526398981982796 -1.6101113804413034 1.3743711378790755 1.0000000180025095e-35 -0.53862396287573822 0.074465596488336103 -0.40152365562423109 0.066002483417707355
decision_type=2 2 2 2 2 2 2 2 2 2 2 2 2 2 2 2 2 2 2 2 2 2 2 2 2 2 2 2 2 2 2 2 2 2 2 2 2 2 2 2 2
left_child=34 3 4 12 5 7 23 8 9 33 14 30 13 20 15 -6 37 -5 29 21 -2 -15 32 -7 -21 -8 -16 -28 -18 -19 31 -10 -22 -3 -1 -17 -9 -4 -31 -13 -36
right_child=1 2 16 17 10 6 25 36 11 -11 -12 39 -14 19 26 35 28 18 -20 24 22 -23 -24 -25 -26 -27 27 -29 -30 38 -32 -33 -34 -35 40 -37 -38 -39 -40 -41 -42
leaf_value=-0.03385456619486344 -0.021629720425242457 0.0078706347835809723 0.0097242650528246537 -0.0013929295311764798 0.015534100452722428 0.01384014964589373 -0.012924035621453524 -0.025146153116777113 -0.030169260514929755 -0.0082905661465347419 0.01263483669802094 0.022304871648192628 -0.015671298725172571 0.0078365878683246109 -0.032383182725315839 -0.022537869833831103 -0.027924991558895277 -0.0030307048472455527 0.044589781525395396 0.01528449411411432 -0.0016964012042766719 0.043531819598300256 -0.012646091302012165 0.050925741590924188 -0.010686085498402279 0.013888185085364732 0.0088174166624001085 -0.020877049409450486 -0.00036782281292567005 0.0050407727457791787 0.0016038044597592698 -0.001423542160896467 0.024382397211073641 0.037102011252210472 -0.017541065905455042 0 -0.0016842702828672466 -0.008223991024834067 0.026975675345298464 0.00091179386496303147 -0.00071984458210960214
leaf_weight=11.143494322896005 5.1847543865442303 4.4530272632837304 4.3198787420988083 4.6525289118289974 6.8302579373121288 5.3808629661798495 4.0119480341672897 4.5607930123805982 4.7112858444452304 4.1732696145772925 6.6811050921678534 4.0537784546613693 7.1657189577817908 5.0714589506387711 6.7062325328588495 3.8559918999671918 13.742696091532709 4.0958280712366166 6.951898679137229 6.2333617210388166 3.9863666296005249 4.3826930522918719 4.9952606111764881 4.5177541822195053 4.4997075647115707 5.3753169327974302 5.5782375335693368 9.344444736838339 3.8733672201633444 4.7617962062358838 7.4215067178011003 4.7292401939630508 4.3089497983455658 7.8847458213567707 4.0158929079771033 5.8715851008892059 5.4468480944633484 6.0596285760402697 7.4436538219451904 4.0399545729160291 3.8993981182575226
leaf_count=63 27 22 22 23 34 26 20 23 24 21 33 20 37 25 35 20 73 20 32 30 20 21 25 21 22 26 28 48 20 23 37 24 21 38 21 30 27 31 35 20 20
internal_value=3.25289e-05 0.00253325 -0.00130378 0.00996399 0.00208314 0.00778885 0.0207804 0.00235746 0.0070052 0.0193222 -0.0067467 -0.00155057 0.0025242 0.0065053 -0.0106382 8.50237e-05 -0.0148905 0.021226 0.0258041 0.0169533 -0.0050262 0.0286268 0.00258201 0.0357667 0.00393091 0.00167618 -0.0185799 -0.00962012 -0.022684 0.0143735 -0.00990899 -0.018487 0.0128969 0.0289821 -0.0262993 -0.0108543 -0.014782 0 0.0203441 0.0140641 -0.0113264
internal_weight=236.417 217.358 143.624 73.734 115.628 70.7603 19.2859 51.4744 41.4668 16.511 44.8679 24.9558 45.8283 38.6626 38.1867 16.5578 27.9956 27.9057 23.2532 20.1872 18.4753 9.45415 13.2906 9.89862 10.7331 9.38726 21.6289 14.9227 17.6161 16.3013 16.862 9.44053 8.29532 12.3378 19.0588 9.72758 10.0076 10.3795 12.2055 8.09373 7.91529
internal_count=1188 1084 723 361 577 349 93 256 206 81 228 125 228 191 195 84 146 133 110 98 93 46 66 47 52 46 111 76 93 78 85 48 41 60 104 50 50 53 58 40 41
is_linear=0
shrinkage=0.03


Tree=9
num_leaves=40
num_cat=0
split_feature=15 23 13 41 40 29 12 37 12 29 19 16 20 35 23 13 25 24 39 11 21 30 30 26 0 41 33 20 15 39 13 15 16 41 26 15 20 16 16
split_gain=16.6918 4.92849 7.34138 4.68225 4.61352 3.88335 9.10695 3.87214 4.27027 3.56773 5.29401 8.17765 4.75601 5.67243 3.94099 4.38502 6.41511 3.87377 3.53041 3.50699 3.31907 2.95301 3.85639 2.94368 2.8622 2.97142 2.92217 2.33168 2.14983 1.98286 2.06092 1.60868 3.38391 1.53692 1.40145 1.25537 1.20123 1.01363 0.850843
threshold=-1.4866563449459973 -0.83919404543039722 -0.35169263815775947 109.50000000000001 497.50000000000006 -0.86573259193651297 0.13510403753709208 -1.0000000180025095e-35 -1.2235694509599593 1.0000000180025095e-35 -0.58346689318470235 0.7245584274703557 1.3547059411995053 1.0000000180025095e-35 0.39084772982003119 -0.011502942038815923 1.0000000180025095e-35 -0.55489230509823229 1.2546924985992307 1.0000000180025095e-35 1.5145997642460978 0.62741647507681308 -0.17700629659105965 0.6384825015746961 -0.76872082950826803 407.00000000000006 0.3191969185940246 -1.0000000180025095e-35 0.24171415198828586 -0.68869040666268044 0.52196658608835211 -1.6101113804413034 0.20819645276442733 430.00000000000006 0.39318628947323614 -0.49901606098354989 -0.98578011832475532 0.20819645276442733 -0.56634650929446517
decision_type=2 2 2 2 2 2 2 2 2 2 2 2 2 2 2 2 2 2 2 2 2 2 2 2 2 2 2 2 2 2 2 2 2 2 2 2 2 2 2
left_child=31 2 -2 -4 7 6 24 35 -9 18 11 20 13 14 15 16 -12 -15 21 -19 -11 22 36 -13 -3 -26 33 -24 -16 -10 -31 -1 -33 -27 -23 -5 -7 -8 -37
right_child=1 5 3 4 -6 9 37 8 29 10 12 23 -14 17 28 -17 -18 19 -20 -21 -22 34 27 -25 25 26 -28 -29 -30 30 -32 32 -34 -35 -36 38 -38 -39 -40
leaf_value=-0.033508977743900902 0.037786781444090298 0.035850716518517241 0.031063687828085957 -0.00086257047866213315 0.021530434017492488 0.0085591032470363256 -0.021688546009499404 -0.015741712453672358 0.027761486179564938 -0.026778880702953624 0.032919024204231373 -0.0021977476967382729 -0.013345341137350567 0 -0.02420515302685573 -0.0078012679292878192 -0.0065292840447437389 0.044244798862849773 0.0092247009224801866 0.0058298023250359897 0 -0.0082824526507956717 -0.031606330041034698 0.024520651270800796 -0.0072650258033716015 0.03313095140920258 -0.0014723259876373413 -0.0075843253072828687 0.00012668358569008171 -0.0079123261821258811 0.016329802141495826 -0.027308406359919768 0.0063879185570349072 0.0056152711381662031 0.012301007591492968 -0.0065256611983301 -0.0092240229131343946 -0.0014533936991574202 -0.029062923185191811
leaf_weight=10.939231917262079 6.2228712886571875 5.3056627660989752 4.1623912602663031 5.2698472887277594 6.9321242570877066 4.4685059189796448 5.1779486984014493 4.6167913377284995 4.4106161296367601 14.082234770059587 8.8859528154134733 7.0487460196018201 7.3372550457715979 4.2743357568979272 4.3036258965730649 6.7562631070613905 4.7577565908432016 7.0280304104089701 6.651405841112136 4.0640113055706024 5.8791690468788138 4.1737486571073514 12.500329375267029 5.1758145093917847 4.8279936462640825 6.4019416868686658 4.6552957296371451 7.55653996765614 6.3538819253444672 4.9056777209043592 4.5651942640542984 3.8404411077499381 4.0395377278327942 4.084122896194458 4.5649421215057373 4.7532383948564521 6.2724646031856519 4.7224102318286896 4.2442210018634752
leaf_count=63 29 25 20 26 34 23 27 23 21 73 44 35 37 21 22 34 24 33 33 20 30 21 65 25 24 31 23 38 32 24 22 21 20 20 23 24 32 24 22
internal_value=3.5101e-05 0.00247437 0.0105817 0.00546759 0.00160484 0 0.00862238 -0.00319363 0.00550839 -0.00239787 0.0011727 -0.00814178 0.00692735 0.010574 0.00261521 0.010257 0.0194825 0.024641 -0.00899574 0.0330175 -0.0195314 -0.0124324 -0.0166511 0.0101211 0.0180059 0.0108117 0.0170715 -0.0239917 -0.0109794 0.0138119 0.0038611 -0.0259498 -0.0111357 0.0249586 0.00211085 -0.0143074 -0.0011934 -0.014024 -0.0203621
internal_weight=236.213 217.393 50.083 43.8601 39.6977 167.31 35.1754 32.7656 18.4983 132.135 85.9471 32.186 53.7611 46.4239 31.0575 20.4 13.6437 15.3664 46.1879 11.092 19.9614 39.5365 30.7978 12.2246 25.275 19.9694 15.1414 20.0569 10.6575 13.8815 9.47087 18.8192 7.87998 10.4861 8.73869 14.2673 10.741 9.90036 8.99746
internal_count=1188 1084 245 216 196 839 174 162 90 665 430 163 267 230 156 102 68 74 235 53 103 202 158 60 123 98 74 103 54 67 46 104 41 51 44 72 55 51 46
is_linear=0
shrinkage=0.03


Tree=10
num_leaves=41
num_cat=0
split_feature=37 25 35 12 35 0 23 33 16 0 0 34 31 13 40 36 36 30 22 21 34 35 24 41 30 30 23 12 33 16 22 30 34 21 26 35 20 25 35 14
split_gain=5.93771 9.49606 6.57606 4.30481 3.84921 5.82852 7.542 6.08447 5.11533 4.3131 5.59385 4.44303 11.2923 7.8076 6.11744 6.51655 5.28949 4.84161 3.86348 3.94776 3.69924 3.69934 3.1617 3.14241 3.06254 2.84278 2.69531 4.40911 3.35549 3.87318 1.6416 1.41028 1.36264 1.30879 1.20526 1.03658 0.772902 0.518257 0.334662 0.18323
threshold=-1.1081020274597511 1.0000000180025095e-35 1.0858985856633028 2.0762490322168592 -0.31970051666857691 -0.67322476280035082 -0.51118290536361621 -1.0293857936888064 0.7245584274703557 -0.54653331430118091 -0.23394285594393224 -0.13399017899049584 0.44582120864646108 -0.55383371278550175 445.50000000000006 0.066002483417707355 -1.1819255878423427 0.27955797922043563 -1.3621010913413418 -0.34640608274179518 -0.21292972059689605 0.19142642963392462 -0.55489230509823229 525.50000000000011 -0.024818204653894473 0.35565202518901834 0.39084772982003119 -1.2496094355198282 0.3191969185940246 0.46637744011739152 -0.72309775835642887 -1.3184169861197972 -0.52868788702249692 -0.76513239831407109 0.39318628947323614 0.57477163936080067 -0.44245299736376642 -0.30779287141478029 -1.0000000180025095e-35 -1.2015068083241232
decision_type=2 2 2 2 2 2 2 2 2 2 2 2 2 2 2 2 2 2 2 2 2 2 2 2 2 2 2 2 2 2 2 2 2 2 2 2 2 2 2 2
left_child=1 30 24 4 5 -2 18 8 -8 20 32 16 14 38 15 -13 -12 -15 -7 -20 21 -6 -18 39 -3 -23 27 -9 29 -29 -1 -28 -11 -27 -34 -19 -21 -33 -14 -22
right_child=3 2 -4 -5 9 6 7 26 -10 10 11 12 13 17 -16 -17 22 35 19 36 23 25 -24 -25 -26 33 31 28 -30 -31 -32 37 34 -35 -36 -37 -38 -39 -40 -41
leaf_value=-0.0062569990979403824 -0.03067484570132897 0.00093382934221714574 -0.0218661977817943 0.025294342925482782 0.023167695115527062 -0.0086261785917103768 -0.0087519431090959145 -0.022512603617686998 0.030030653619485363 -6.1815589623956326e-05 0.015133108457972251 0.011909327349714442 -0.0096715667975862517 0.029179777163031367 0 0.054619489304422904 0 0.0069752512540753459 -0.00024396551629774578 0.039236298634226612 0.042308155206677009 0.010643192561684502 -0.024265985788021745 0.00083423013403880961 0.031344958044992072 0 -0.0023312064448050675 -0.00069693514974607175 -0.015552954905838547 0.030022710231480971 -0.028730737886981508 -0.029368592775622326 -0.030262701172768788 -0.021682204932668668 -0.0055033101501884077 -0.009793600532596345 0.013625195646958603 -0.0091213152029032771 -0.030022371306712245 0.016309213563207945
leaf_weight=5.6979084908962259 5.2000321447849265 6.155194252729415 3.8419256061315528 5.4848203212022772 5.3261409550905254 4.1894553303718594 4.3887992203235608 7.2420838773250571 5.1039767861366272 4.4342229068279257 6.3590403646230724 7.8095687776803988 4.4791876375675201 5.1614526510238674 5.8120217323303214 6.7095430046319962 7.8139574825763747 3.9792371243238431 5.2112861722707775 5.0406069457530975 4.4416780322790137 6.3637292236089698 9.7222313880920375 4.0329490005969992 5.4118448644876471 4.2862948328256589 4.1134198606014278 9.0504491031169945 4.5841622501611701 4.2824026048183432 14.876807853579521 9.5448843836784363 4.8530176728963834 4.8540015816688538 4.5535629093647003 6.4227941483259201 5.3913610428571648 4.4234214723110172 4.8046054542064649 4.5609215945005408
leaf_count=30 27 31 21 26 26 21 23 38 25 22 32 38 23 25 29 31 39 20 26 24 21 31 50 20 27 21 21 46 23 21 80 49 25 24 23 33 26 23 25 22
internal_value=3.87481e-05 -0.0108997 0.00632756 0.00210273 0.00122976 -0.00385537 -0.00127019 -0.00726281 0.0128069 0.00467272 0.000838123 0.00445904 0.00992721 -0.00349566 0.0257196 0.0352873 -0.005619 0.00908408 0.0137727 0.0203513 0.0134577 0.00461683 -0.0140589 0.0252379 0.0175862 -0.00288469 -0.0120845 -0.00492077 0.00307069 0.0108037 -0.0236268 -0.0206053 -0.0155103 -0.0130397 -0.0212325 -0.00280403 0.0298798 -0.024851 -0.0234711 0.0339183
internal_weight=236.015 35.9837 15.409 200.031 194.546 77.7663 72.5663 52.7336 9.49278 116.78 82.9144 69.0736 45.1784 24.8473 20.3311 14.5191 23.8952 15.5635 19.8327 15.6433 33.8657 20.8302 17.5362 13.0355 11.567 15.504 43.2408 25.1591 17.917 13.3329 20.5747 18.0817 13.8408 9.1403 9.40658 10.402 10.432 13.9683 9.28379 9.0026
internal_count=1188 189 79 999 973 393 366 269 48 580 415 345 224 126 98 69 121 78 97 76 165 102 89 63 58 76 221 128 90 67 110 93 70 45 48 53 50 72 48 43
is_linear=0
shrinkage=0.03


Tree=11
num_leaves=40
num_cat=0
split_feature=39 37 25 13 33 17 27 0 26 31 4 39 41 41 7 14 41 25 36 36 31 28 35 14 25 35 41 41 27 36 17 33 33 35 25 28 27 13 23
split_gain=7.78066 9.71417 5.35812 5.02009 4.87804 4.47022 4.42942 3.85401 6.18406 5.7523 5.22194 4.01011 6.2041 4.04404 3.71531 4.78331 4.0317 5.08252 3.55581 4.79762 5.02157 4.91755 4.77064 3.02431 4.68021 5.79014 2.66079 2.48242 2.70103 2.16689 1.85362 1.40614 1.78598 1.27109 0.946487 0.873093 0.791898 0.677454 0.0788913
threshold=1.0000000180025095e-35 -1.1081020274597511 1.1709501104169739 1.1886396609429488 0.3191969185940246 -1.3745630725435927 -1.098184350377887 -0.081149149211265037 -0.40402639985650762 0.92789142352560272 -0.17141359410938961 1.2546924985992307 539.00000000000011 407.00000000000006 -0.36835347920025879 1.0198565954623791 497.50000000000006 1.0000000180025095e-35 1.499572747096608 0.066002483417707355 0.17203220158966673 0.71689913306795894 -0.44748225324420249 1.8571336766217552 -0.85704026466657457 1.0000000180025095e-35 407.00000000000006 203.00000000000003 0.74889944372301398 0.55359972338203345 -1.9142130825177461 -0.13033065216691925 -0.53169455463204751 -1.2141726726979549 1.0000000180025095e-35 -0.31108295885743936 0.1332048456893801 -0.27398692607442149 -0.18317176529683543
decision_type=2 2 2 2 2 2 2 2 2 2 2 2 2 2 2 2 2 2 2 2 2 2 2 2 2 2 2 2 2 2 2 2 2 2 2 2 2 2 2
left_child=1 2 34 14 -5 26 33 8 11 31 35 12 13 -8 15 16 17 29 19 21 22 27 -21 24 -22 -26 -2 -16 37 -3 -28 32 -10 -7 -1 -9 -32 -29 -33
right_child=5 3 -4 4 -6 6 7 10 9 -11 -12 -13 -14 -15 18 -17 -18 -19 -20 20 23 -23 -24 -25 25 -27 30 28 -30 -31 36 38 -34 -35 -36 -37 -38 -39 -40
leaf_value=-0.029351599309194672 -0.023383633408000103 -0.0057565606024978008 0.009473008636548064 0.033028546296483975 -0.00051086003656346907 0.0015590699102773224 -0.0008963268009391708 0.016565508878599328 -0.013703499666338659 0.018985091596565383 -0.00077632901444627466 0.038122841029983201 -0.018147032666684798 0.033187417668678144 0.00026406931454568466 -0.016696495629306796 -0.0088321903655506906 0.034891008278264517 -0.025033495555373389 -0.0015446368403144854 -0.025590787933997439 0.01086631528528236 0.038695839410872616 0.016119213411559752 -0.014178433248761939 0.020006912470937881 0.013825696726893936 -0.0062768448814061288 0.0012857236701215604 0.018257740691581228 -0.014185521269734831 -0.0079896976848090207 0.0099947549979124695 -0.017830130172439729 -0.010432075834481268 0.043832550454566986 0.0015631942068668949 -0.026254649852215841 -0.024429529783000382
leaf_weight=16.54062023758889 4.0728658437728908 7.1248739212751477 3.7300326079130164 5.9996479302644712 7.3315399885177612 5.2896945178508759 4.5153535008430499 5.6330985873937616 4.1830378621816635 6.2981139719486228 4.5783698558807364 5.869872272014617 3.983485907316207 6.397744283080101 6.3262688517570522 5.021055504679679 5.1665932685136786 7.7194469720125189 6.5789451003074637 3.9685113728046417 6.7981869280338314 6.3327406197786322 4.685923829674719 4.6412736475467673 7.7586605399847048 7.04224593937397 4.8042038530111322 3.8076974451541927 3.999906748533248 3.9527780264616013 4.3342976868152583 4.0406584739685067 4.1493816673755664 3.9459535330533964 6.735993266105651 6.4450525045394906 3.968421995639801 17.736779928207401 4.3153142929077157
leaf_count=91 21 36 19 29 36 26 22 28 21 31 23 28 20 31 32 26 26 37 34 20 35 31 22 23 40 34 23 19 20 20 22 20 20 20 36 31 20 93 22
internal_value=4.30673e-05 -0.00408012 -0.0198514 -0.000341412 0.0159927 0.00713591 0.0105088 0.0134739 0.00809818 -0.00243804 0.0254287 0.0194088 0.00885581 0.0201975 -0.0025903 0.0062924 0.0120446 0.0183071 -0.00595211 -0.00368549 0.00415413 -0.0108837 0.0221502 -0.00244171 -0.00747763 0.00206312 -0.00596196 -0.0156794 -0.0196455 0.00349078 0.000886269 -0.0117518 -0.0015676 -0.00749992 -0.0250817 0.0347923 -0.00695872 -0.0236226 -0.0195144
internal_weight=235.825 149 27.0066 121.993 13.3312 86.8249 69.6451 60.4095 43.753 22.9865 16.6565 20.7665 14.8966 10.9131 108.662 28.9847 23.9637 18.7971 79.6771 73.0982 34.8948 38.2034 8.65444 26.2404 21.5991 14.8009 17.1798 31.8707 25.5444 11.0777 13.1069 16.6884 8.33242 9.23565 23.2766 12.0782 8.30272 21.5445 8.35597
internal_count=1188 759 146 613 65 429 343 297 215 114 82 101 73 53 548 145 119 93 403 369 174 195 42 132 109 74 86 164 132 56 65 83 41 46 127 59 42 112 42
is_linear=0
shrinkage=0.03


Tree=12
num_leaves=42
num_cat=0
split_feature=15 42 12 24 15 12 36 16 41 24 36 32 33 36 34 35 26 27 24 31 29 31 31 38 0 34 31 25 40 29 40 15 16 41 41 20 33 12 35 12 20
split_gain=15.4809 6.25479 6.85655 6.02996 5.9772 5.09905 5.73338 4.80706 4.46391 4.64575 5.52722 4.27605 4.15032 3.59116 5.25235 4.59132 4.34065 3.45824 3.28068 3.19282 3.11335 4.06578 2.6773 2.39644 2.7648 2.34816 2.31225 2.22591 2.10488 2.03546 1.86823 1.55819 3.19807 1.45385 1.178 1.14563 1.05155 0.889889 0.487514 0.477061 0.155448
threshold=-1.4866563449459973 1.0000000180025095e-35 1.2051290897772107 0.074465596488336103 -0.7459261319741618 0.085081529146835949 0.066002483417707355 0.46637744011739152 532.50000000000011 -0.55489230509823229 0.066002483417707355 -0.36357973498467316 0.76872448935496829 1.3654978303496603 -0.21292972059689605 -0.83082746297107868 -1.3238871952369815 -0.48248975234425362 1.0000000180025095e-35 -0.3419520693267698 0.92888086358379263 0.44582120864646108 0.2224228163853956 1.0000000180025095e-35 0.38359837543393155 0.023888904222304521 0.2224228163853956 1.0000000180025095e-35 588.00000000000011 -0.3087835884991767 407.00000000000006 -1.6101113804413034 0.20819645276442733 699.50000000000011 381.50000000000006 0.68599563847828782 -0.41128538389250902 1.5434339925545133 -1.0000000180025095e-35 0.05130928946626901 0.68599563847828782
decision_type=2 2 2 2 2 2 2 2 2 2 2 2 2 2 2 2 2 2 2 2 2 2 2 2 2 2 2 2 2 2 2 2 2 2 2 2 2 2 2 2 2
left_child=31 4 3 5 13 8 27 22 9 10 12 -11 -3 14 16 -16 -2 37 19 -6 21 -13 25 24 39 -5 -8 -7 40 -18 -24 -1 -33 -10 -17 36 -20 -4 -36 -9 -19
right_child=1 2 17 7 18 6 26 23 33 11 -12 20 -14 -15 15 34 29 28 35 -21 -22 -23 30 -25 -26 -27 -28 -29 -30 -31 -32 32 -34 -35 38 -37 -38 -39 -40 -41 -42
leaf_value=-0.032882540684253711 0.01585425693437699 0.040684245017195413 -0.0089759584561047365 -0.014988960281172855 0.017786907123682843 0.013388554819707162 -0.0098864348681505371 0.026740503778381667 -0.023001352097551768 -0.019175729706873479 -0.0085511994535075256 0.023949617152637371 0.0044715356486146546 -0.01922224181188013 -0.0093487506289309224 0.0039066024169177272 -0.0016356143431859038 -0.030869197807493941 0.013956762429117149 -0.011002927281171511 -0.013018145163580996 -0.0069945171579002367 -0.0029791451998144791 -0.0089747823978914044 -0.0047353850843925346 0.011162695473916139 0.016051216668455791 0.048022798626596468 -0.00048971749040563198 -0.024381084071048022 -0.029179682649848718 -0.026715434630869929 0.0061600703928005093 0 0.010871692704169969 0.0089689287920490402 0.040675252539196086 0.0066090499736428015 0.030861547998966062 0.006557390327283804 -0.010904648791143489
leaf_weight=10.553160011768343 4.6045012772083309 7.0299701541662198 4.4133741557598132 4.6110408604145068 6.3444926291704178 5.4119610637426394 5.2927873134613019 4.5194649398326892 5.5096308887004835 7.1548118591308585 4.1878992766141883 8.8432052433490842 5.5094036757946014 4.52792964875698 4.3729520887136486 4.2064117342233684 7.7573278546333322 9.4813037961721438 5.289670959115031 4.6287674456834811 4.1133092045783988 4.795110657811164 4.2466444671154013 7.0151641368865958 5.2902396470308295 4.6546282023191452 4.0999628603458405 4.648063987493515 3.8779302090406409 6.6579607576131794 10.224145397543905 3.7347820550203314 4.0544340014457703 4.4178627580404282 5.1899733543396023 4.7284393906593314 7.2701687663793555 5.9284760653972626 8.538558408617968 4.0143348723649979 3.8786646425724021
leaf_count=63 22 33 23 24 30 26 26 22 28 37 21 43 27 24 22 20 39 52 25 23 21 24 22 35 27 23 20 21 20 36 55 21 20 22 25 22 33 30 40 20 21
internal_value=4.94975e-05 0.00237542 -0.00126173 0.00194483 0.00936617 0.00735438 0.0198789 -0.00650182 0.00208772 0.00654679 0.0180905 -0.00156601 0.0273786 0.00233965 0.0054326 0.0149499 -0.00571444 -0.0143142 0.0198729 0.00529893 0.00616102 0.0130586 -0.0153794 0.00369516 0.0107654 -0.00156942 0.00153586 0.0340647 -0.0220019 -0.0138258 -0.0228684 -0.025298 -0.0107257 -0.0144922 0.0214474 0.0276424 0.0325388 0 0.0255137 0.0202439 -0.0271627
internal_weight=235.629 217.287 143.169 115.59 74.1172 71.014 19.4528 44.5757 51.5612 41.6337 16.7273 24.9064 12.5394 45.8556 41.3277 22.3079 19.0198 27.5797 28.2615 10.9733 17.7516 13.6383 23.7365 20.8392 13.824 9.26567 9.39275 10.06 17.2379 14.4153 14.4708 18.3424 7.78922 9.92749 17.9349 17.2883 12.5598 10.3419 13.7285 8.5338 13.36
internal_count=1188 1084 723 577 361 349 93 228 256 206 81 125 60 228 204 107 97 146 133 53 88 67 124 104 69 47 46 47 93 75 77 104 41 50 85 80 58 53 65 42 73
is_linear=0
shrinkage=0.03


Tree=13
num_leaves=42
num_cat=0
split_feature=39 37 34 14 17 41 1 14 41 36 36 31 35 28 28 41 16 29 34 37 41 12 24 34 23 29 20 16 23 11 12 23 16 28 19 16 35 24 24 16 35
split_gain=7.15763 9.03211 4.96158 4.65135 4.19143 3.47791 3.31413 4.46443 3.78985 3.52735 4.66463 4.40449 4.3578 3.97459 3.16867 4.48679 3.0152 4.60425 2.99194 2.58015 2.56585 2.46212 3.98365 2.60425 2.44225 2.44111 2.10972 3.40871 2.01855 2.32977 2.01049 1.83856 1.98307 1.88088 1.28934 1.19698 1.09439 0.608811 0.351827 0.245917 0.170714
threshold=1.0000000180025095e-35 -1.1081020274597511 -1.3180833030864989 -1.275415144776155 -1.3745630725435927 109.50000000000001 -0.36026424334287321 1.0198565954623791 497.50000000000006 1.499572747096608 0.066002483417707355 0.17203220158966673 -0.44748225324420249 0.34976267166603103 -0.58643530490888529 217.00000000000003 0.46637744011739152 0.093457358427788406 -0.68656697023529734 0.57101175904813728 407.00000000000006 0.24026044528625232 -0.55489230509823229 1.0000000180025095e-35 -0.51118290536361621 0.53990060721485966 -0.65142496696414676 0.46637744011739152 0.39084772982003119 0.030925923375896905 -1.2008983733364631 -0.83919404543039722 -0.56634650929446517 -0.97192858938090942 -0.34751137210104599 0.98273941482332006 0.28538358888070797 0.60699920552312492 1.0000000180025095e-35 1.2409204021762843 -1.0000000180025095e-35
decision_type=2 2 2 2 2 2 2 2 2 2 2 2 2 2 2 2 2 2 2 2 2 2 2 2 2 2 2 2 2 2 2 2 2 2 2 2 2 2 2 2 2
left_child=1 2 -1 18 20 -6 7 8 28 10 13 12 -12 31 26 -16 25 -18 -3 21 -2 22 -17 -24 -15 40 27 -7 29 -5 -22 32 -8 -33 -32 -4 -21 -25 -28 -37 -13
right_child=4 3 35 6 5 14 9 -9 -10 -11 11 16 -14 24 15 19 17 -19 -20 36 30 -23 23 37 -26 -27 38 -29 -30 -31 34 33 -34 -35 -36 39 -38 -39 -40 -41 -42
leaf_value=0.00852154516224949 -0.0230661394366472 -0.002251066798695424 -0.029796799740543421 0.0070498746401665641 0.031043109123119517 -0.0079541666961057064 -0.016379367952902034 -0.016244064013144127 -0.0086599823766515104 -0.024563375060330656 -0.0014301999855592881 -0.024301549723453719 0.036899697246290011 -0.007414289182261921 -0.0096579466754411064 0.04225277136920344 0.024627855717632451 -0.0085595527236455964 0.027182863571359593 0.0097211346160606185 -0.013291056394813764 0.0022139589211186313 -0.0021841958114146133 0.0099557216917247875 0.015978667471209639 0.0049041496688212172 -0.018504017162081082 0.022367992516528375 0 0.033935120879406186 -0.0023998379546817483 -0.0019769206606827664 0.006856848047064823 -0.027439691192960067 0.017405446457368922 -0.0022306684208808995 -0.0087992967285866926 0.028981365152018209 -0.002981640589873056 -0.015442798908648993 -0.0082096517401902287
leaf_weight=3.8519975543022182 4.026486054062846 4.0127554386854172 14.877641052007677 6.9230482727289289 5.3216058760881415 5.9217180758714694 4.8656341284513474 4.9557403028011313 5.141154631972312 6.4748006761074057 3.9568170160055161 4.519045323133466 4.7774586677551252 7.4429678320884705 6.2254350483417502 6.5473966300487545 6.070344001054762 5.9946921914815903 6.9791298508644086 4.2379832267761213 4.128991350531579 7.1604127436876288 5.5541217625141206 7.00837793946266 5.658398509025572 4.8263666331768027 4.0205962657928449 4.4915977418422699 4.9364257454872122 7.0586801618337631 4.0282192528247833 4.1348662525415412 5.189783230423922 12.849657088518152 4.949186041951176 4.1560301035642615 4.2176594287157059 5.1623263359069824 4.0685699731111526 3.6554270088672638 4.9855891168117568
leaf_count=20 21 20 84 34 25 30 25 26 26 34 20 24 22 37 31 31 30 30 33 21 21 35 28 34 28 24 20 22 25 34 20 22 26 68 24 22 21 25 20 20 25
internal_value=4.69842e-05 -0.00392536 -0.0192797 -0.000335665 0.00683212 0.0100847 -0.00231112 0.00609588 0.0116155 -0.00542324 -0.0032509 0.00452169 0.0212846 -0.0101152 0.00760279 0.0117285 -0.00165618 0.00857278 0.0169772 0.0154404 -0.00586629 0.0192387 0.0236071 0.0136481 0.00288164 -0.0106431 -0.0024882 0.0057907 0.0176507 0.0229833 0.000833121 -0.0164431 -0.00453417 -0.0222289 0.00887473 -0.0244834 0 0.020759 -0.0130102 -0.0105495 -0.0186755
internal_weight=235.365 148.294 26.5411 121.753 87.0707 69.9378 110.761 29.015 24.0593 81.7464 75.2716 35.1303 8.73428 40.1413 64.6162 46.1137 26.396 12.065 10.9919 39.8883 17.1329 31.4326 24.2722 17.7248 13.1014 14.331 18.5025 10.4133 18.9182 13.9817 13.1064 27.0399 10.0554 16.9845 8.97741 22.6891 8.45564 12.1707 8.08917 7.81146 9.50463
internal_count=1188 759 146 613 429 343 560 145 119 415 381 175 42 206 318 226 133 60 53 195 86 153 118 87 65 73 92 52 93 68 65 141 51 90 44 126 42 59 40 42 49
is_linear=0
shrinkage=0.03


Tree=14
num_leaves=35
num_cat=0
split_feature=39 37 2 28 29 16 40 35 19 35 29 31 36 17 27 33 2 35 28 40 40 17 17 22 29 27 39 0 31 42 13 26 27 16
split_gain=6.79773 11.1018 5.88281 5.52477 3.6915 3.35483 2.92571 7.60212 3.04051 5.3295 3.51102 4.87915 2.88434 3.28621 2.82918 2.79909 5.58198 5.8565 4.51038 4.38271 4.95223 4.17178 3.99737 4.1689 3.92249 3.70685 3.01389 2.68625 2.53545 2.18559 2.11044 1.31652 0.194532 0.0231492
threshold=-0.68869040666268044 1.0000000180025095e-35 -0.50408840099222973 1.8183085172737428 0.92888086358379263 0.7245584274703557 728.00000000000011 -0.31970051666857691 0.87159215349784558 0.95811684908767702 1.4239466444169808 -0.7652332336108939 0.2705526769162554 -0.29526305259528574 0.74889944372301398 -0.41128538389250902 -0.40152365562423109 -0.57526398981982796 -0.58643530490888529 525.50000000000011 407.00000000000006 -1.0000000180025095e-35 -1.3745630725435927 0.35522036605561169 0.093457358427788406 0.9199257209545787 1.0000000180025095e-35 -0.46313341604293329 0.44582120864646108 1.0000000180025095e-35 0.35487271898094613 0.14789007737177662 -1.3034158830557649 1.2409204021762843
decision_type=2 2 2 2 2 2 2 2 2 2 2 2 2 2 2 2 2 2 2 2 2 2 2 2 2 2 2 2 2 2 2 2 2 2
left_child=1 4 -3 6 5 -1 8 -8 10 14 15 -12 13 -4 -10 19 18 26 31 20 21 -2 -22 -24 25 -19 -18 -11 -14 -15 -26 -17 -13 -7
right_child=3 2 12 -5 -6 33 7 -9 9 27 11 32 28 29 -16 16 17 24 -20 -21 22 -23 23 -25 30 -27 -28 -29 -30 -31 -32 -33 -34 -35
leaf_value=-0.0322327116560625 0.011404186564786997 -0.01665272968781464 0.021578443912174613 -0.022889700449376431 0.0030344585165573202 -0.0042710373180317486 -0.0088081764645036344 0.03826051545211416 -0.0025740675530775479 0.024673954197216508 0.01397337869335894 -0.006451139040143097 0.035593587815764473 -0.019554549318797229 -0.029123698791935149 -0.0025210952416237359 -0.026395137904731105 -0.0009070086601984023 0.036120959403522827 -0.020167734923498756 -0.0099119523722479095 -0.021423723934898099 0.025513090621487784 -0.0039174778154451939 0.0087036479595291767 0.023140712962789238 0.00080909288714038055 -0.0044260053394209672 0.0031336720240533428 0.0041815053874160422 0.038948941802345829 0.016856561274704855 -0.022405755334770489 -0.012254106660932832
leaf_weight=16.819743961095813 4.0503644049167642 7.5058989971876136 4.0863780528306952 5.4670461714267722 4.5511844456195822 7.0317951738834363 4.2885637581348419 5.7221239358186704 7.8616516590118426 4.217294454574585 4.7845546156167975 3.9050768613815299 4.9130031466484052 4.4355719834566134 6.9069750159978867 5.5780965834856051 5.3440814018249494 25.591794773936275 10.202007591724394 6.1256771385669699 4.4972661584615699 8.016022846102711 14.838779523968702 4.9532743245363227 6.0739570260047895 5.7630984336137763 6.833566278219223 4.3770636618137342 4.4177723973989487 6.7823147773742676 4.2845451682806015 4.0460771918296814 6.7484436333179465 4.1656220108270645
leaf_count=96 20 39 20 28 24 38 22 26 39 20 23 20 23 23 36 28 28 127 49 32 23 41 73 24 30 28 34 22 22 33 20 20 34 23
internal_value=4.63403e-05 -0.00809639 0.00421938 0.00321568 -0.0200773 -0.0239983 0.00431503 0.0190549 0.0031512 -0.00643058 0.00495014 -0.00778513 0.0113991 0.00232741 -0.0169 0.00677077 0.0102523 0.00481695 0.0233671 0.000449365 0.00474318 -0.00991946 0.0124132 0.0181087 0.0101988 0.00418509 -0.0122761 0.0108037 0.0233415 -0.0059314 0.0250641 0.00626053 -0.0185692 -0.0088102
internal_weight=235.187 64.7093 32.1409 170.477 32.5683 28.0172 165.01 10.0107 155 23.363 131.637 15.4381 24.635 15.3043 14.7686 116.199 73.7172 53.891 19.8262 42.4814 36.3557 12.0664 24.2893 19.7921 41.7134 31.3549 12.1776 8.59436 9.33078 11.2179 10.3585 9.62417 10.6535 11.1974
internal_count=1188 341 160 847 181 157 819 48 771 117 654 77 121 76 75 577 364 267 97 213 181 61 120 97 205 155 62 42 45 56 50 48 54 61
is_linear=0
shrinkage=0.03


Tree=15
num_leaves=38
num_cat=0
split_feature=39 37 25 13 33 17 33 23 41 17 16 1 9 30 17 40 34 41 36 36 28 31 41 24 16 16 28 30 41 32 12 16 33 40 28 9 21
split_gain=6.53676 8.35022 5.03357 4.362 4.43486 3.90432 3.82955 5.72128 6.53321 4.73209 3.49004 3.28373 4.16012 4.81101 4.02929 3.54694 4.55118 3.2775 3.72755 5.10583 5.54054 4.66729 3.40458 3.24233 4.74703 2.62019 3.13188 2.4448 2.42899 2.06088 2.17397 1.80922 1.78335 1.74505 1.70856 1.24389 1.08661
threshold=1.0000000180025095e-35 -1.1081020274597511 1.1709501104169739 1.1886396609429488 0.3191969185940246 -1.3745630725435927 -1.0293857936888064 -0.51118290536361621 677.00000000000011 0.78403696735302131 -1.0827084840003933 -0.36026424334287321 -0.71216859582421776 -0.47292758646888039 1.0000000180025095e-35 456.00000000000006 -0.2918692622032964 105.50000000000001 1.499572747096608 0.066002483417707355 0.71689913306795894 0.17203220158966673 203.00000000000003 -0.55489230509823229 0.98273941482332006 0.46637744011739152 0.12948079482487429 0.62741647507681308 407.00000000000006 0.39995199078254512 -1.0000000180025095e-35 0.7245584274703557 -0.80462200830833452 407.00000000000006 0.12948079482487429 -0.51810604148250272 0.25842081752926993
decision_type=2 2 2 2 2 2 2 2 2 2 2 2 2 2 2 2 2 2 2 2 2 2 2 2 2 2 2 2 2 2 2 2 2 2 2 2 2
left_child=1 2 31 11 -5 28 34 8 10 23 -8 12 13 -3 -14 16 -16 -13 19 20 22 -21 -19 -9 35 33 -27 -24 -2 30 -30 -1 -33 -23 -7 -25 -12
right_child=5 3 -4 4 -6 6 7 9 -10 -11 36 17 14 -15 15 -17 -18 18 -20 21 -22 25 27 24 -26 26 -28 -29 29 -31 -32 32 -34 -35 -36 -37 -38
leaf_value=-0.031829708535717885 -0.022617591387594602 0.0091486339299249458 0.0096018987165166804 0.03082367546114043 -0.0008839951054677908 0.037162766910223778 0 0.010846101437700911 -0.01147387382488553 0.019414409104175075 0.036414595877488486 -0.028527225725788717 0.032877978692147099 -0.028619232005222196 0.013505455370239543 0.021331665586209657 -0.022540927826225614 0.0051147921520367772 -0.02372492992580686 0.024453673884985871 0.014744774472507917 0.005210677335422546 -0.022762527220535737 -0.005279950808285451 0.010238969994325855 0.020894320731369348 -0.0080846460965378845 0.00092548526284117329 -0.0047344210717937957 -0.013541541599137162 0.020889360142733168 -0.022820295653700095 0 -0.01540993999479061 0.0080648346294462658 -0.02475815307918482 0.013246642465270306
leaf_weight=12.173118636012083 3.9639743864536312 4.9217988699674606 3.714725360274314 6.1469207853078824 7.3578775376081467 4.8343678563833219 4.2984047532081666 5.7403107434511176 4.7688008099794379 6.1881075799465171 10.069884225726129 3.8800197541713706 5.2039156258106258 4.2941324114799517 4.2523128092288989 4.9811712056398383 5.4148722887039149 5.5121676772832897 6.1874928474426261 8.1926769316196424 5.7609250843524924 4.1821973919868496 20.972665667533878 6.247437104582791 5.2888621985912314 6.9566822499036771 4.1414549648761749 4.031281352043151 4.3915887027978897 4.1478218287229529 4.5757805556058866 4.3510545790195465 5.8351088017225248 9.1644212603569013 4.9488296359777451 11.502575248479847 6.3902186006307593
leaf_count=71 21 25 19 29 36 23 21 28 24 30 47 20 25 23 20 24 28 28 33 39 28 21 112 32 26 34 21 20 22 21 22 25 31 47 24 58 30
internal_value=4.6612e-05 -0.00376612 -0.0186753 -0.000330616 0.014787 0.00651228 0.00963665 0.00632774 0.0167169 -0.00146777 0.0237994 -0.00245148 0.00586925 -0.00943203 0.0134171 0.00372014 -0.00646358 -0.00564067 -0.00384449 -0.00150693 -0.00914548 0.00683646 -0.0143225 -0.00689536 -0.0119531 0 0.00992904 -0.0188808 -0.00576109 0.000721557 0.00888723 -0.023933 -0.0111083 -0.00867066 0.0260043 -0.0191598 0.0296118
internal_weight=234.986 147.629 26.074 121.555 13.5048 87.357 70.2778 60.4946 25.5273 34.9673 20.7585 108.05 29.0682 9.21593 19.8523 14.6484 9.66719 78.982 75.102 68.9145 36.277 32.6374 30.5161 28.7792 23.0389 24.4448 11.0981 25.0039 17.0792 13.1152 8.96737 22.3593 10.1862 13.3466 9.7832 17.75 16.4601
internal_count=1188 759 146 613 65 429 343 296 122 174 98 548 145 48 97 72 48 403 383 350 188 162 160 144 116 123 55 132 86 65 44 127 56 68 47 90 77
is_linear=0
shrinkage=0.03


Tree=16
num_leaves=40
num_cat=0
split_feature=15 28 42 12 15 19 12 34 35 25 12 25 1 12 15 30 28 36 22 23 9 39 34 36 36 20 35 15 36 22 31 24 30 22 36 22 17 12 30
split_gain=13.9289 4.7687 4.74316 6.7771 6.70258 6.6503 4.33207 6.01034 7.5345 4.0105 3.74796 3.63462 3.50521 3.30417 4.17429 7.24401 6.57472 2.8772 3.73225 2.6616 4.78057 2.62093 2.30798 1.9802 3.28061 3.35154 3.87381 2.45239 2.29006 1.95354 1.87541 1.35157 3.10477 1.06353 0.910514 0.883154 0.882875 0.655782 0.387776
threshold=-1.6101113804413034 2.1120176863952853 1.0000000180025095e-35 0.35923179040716807 -1.2397462739553855 -0.58346689318470235 -0.039161694885845366 0.18176798743510492 0.57477163936080067 0.83295171456971573 1.8998558215655239 -1.2372884599947398 -0.78586928452557914 -0.24946648417600753 1.1058994004554277 0.35565202518901834 0.34976267166603103 0.12225769324160131 0.23540724112094055 -0.51118290536361621 -1.4409734437066606 1.0000000180025095e-35 -0.7655065118416976 1.0973479968557653 0.12225769324160131 -1.0000000180025095e-35 -0.19191878009295169 -0.7459261319741618 -0.64562592085455262 -0.36365838355241548 -1.0000000180025095e-35 -1.0000000180025095e-35 0.12736988728327056 0.59484661592495414 -0.35513026790283292 -0.12403213368307303 -1.0000000180025095e-35 0.14430475921024585 -0.89446444429483762
decision_type=2 2 2 2 2 2 2 2 2 2 2 2 2 2 2 2 2 2 2 2 2 2 2 2 2 2 2 2 2 2 2 2 2 2 2 2 2 2 2
left_child=-1 2 4 5 17 19 13 34 21 10 12 -6 -5 14 16 30 29 18 -2 22 -21 -9 -4 24 25 26 -13 -25 -27 -7 -16 -26 -33 -17 -8 -19 -14 -36 -22
right_child=1 -3 3 9 11 6 7 8 -10 -11 -12 23 36 -15 15 33 -18 35 -20 20 38 -23 -24 27 31 28 -28 -29 -30 -31 -32 32 -34 -35 37 -37 -38 -39 -40
leaf_value=-0.032079839317470105 -0.024367117570559812 -0.022710761523999014 -0.0098749883151342584 -0.00018022562197257325 -0.0082176955515358974 0 0.038205738889133263 0.0018680408942057291 -0.022729212360060893 0.0099281384214423909 0.0070885455922585494 0.0029828390978622462 -0.0089131560368753329 -0.019824146219630308 0.042284131273737133 -0.013726386938129592 0.016985479966202605 0.015002586142504992 0.005498364592240775 0.0067453020067817174 -0.031380903685143666 0.029353270450259702 0.016342763185373841 -0.010426393243651525 0.0087936210372359571 -0.01139969562312112 0.035911807250594285 0.014365708828964494 0.011548525052800407 -0.022268031225779784 0.010987877053554931 0.04806041344507489 0.011011856900631761 0.0034376692974174522 0.022868064915663518 -0.0017489148963332629 -0.031363205600001068 0.0036238826383767765 -0.01301764089754995
leaf_weight=10.031618237495421 8.5044179707765597 5.4365321844816199 4.4077693670988083 6.0958880186080959 4.9861551523208609 5.0802559703588459 6.498800814151763 7.3541325926780718 5.44676849246025 4.7840864062309256 3.9728402346372595 6.9100259393453554 4.3877314180135789 4.3927986323833457 4.7447643578052521 4.1709631830453855 6.9237032830715171 4.2287140488624573 4.8427584171295157 5.275763317942622 6.2897216975688961 5.0647607296705246 4.5456218421459216 4.7336167544126511 4.2230221033096322 6.5443596541881561 6.0110074579715755 6.7574920207262021 6.1154640614986437 10.088848307728771 5.2938606441020983 6.2143053710460627 4.9940513521432877 5.6760296672582626 4.3866447657346708 3.9627210050821287 13.619813695549963 4.3022155612707138 7.42753846943378
leaf_count=63 46 28 22 32 25 26 30 37 28 24 20 33 23 22 22 21 33 21 25 27 34 24 22 25 20 32 28 32 29 52 27 28 23 28 21 20 75 21 39
internal_value=5.57774e-05 0.00172023 0.00250337 -0.000781962 0.00831351 0.00284778 0.00729738 0.0153556 0.00265121 -0.0124233 -0.0167451 0.0135954 -0.021093 0.00112702 0.00406573 0.0136321 -0.00460988 -0.00549132 -0.0136662 -0.0093219 -0.0153691 0.0154637 0.00329683 0.0159487 0.0189982 0.0109695 0.0208598 0.0036664 0 -0.0154682 0.029874 0.0298021 0.0352732 -0.00415731 0.0283588 0.00726329 -0.0273066 0.0158647 -0.0240953
internal_weight=234.728 224.696 219.259 140.231 79.0281 107.371 79.4245 33.0533 17.8657 32.8604 28.0763 57.4895 24.1034 46.3712 41.9784 19.8856 22.0928 21.5386 13.3472 27.9464 18.993 12.4189 8.95339 52.5033 41.0122 25.5809 12.921 11.4911 12.6598 15.1691 10.0386 15.4314 11.2084 9.84699 15.1877 8.19144 18.0075 8.68886 13.7173
internal_count=1188 1125 1097 710 387 536 392 161 89 174 150 275 130 231 209 98 111 112 71 144 100 61 44 250 193 122 61 57 61 78 49 71 51 49 72 41 98 42 73
is_linear=0
shrinkage=0.03


Tree=17
num_leaves=29
num_cat=0
split_feature=15 28 23 13 28 12 32 41 12 32 19 16 41 28 1 35 31 33 26 12 40 34 23 20 33 22 22 23
split_gain=13.4451 4.58531 3.92826 6.27745 5.63091 3.98185 3.67695 3.47535 3.2846 4.63122 4.53608 7.37218 4.46851 5.17685 4.23911 3.6927 3.28405 3.09192 2.84736 2.58189 2.37779 2.93687 2.05441 1.97049 3.04487 1.85196 0.529414 0.119245
threshold=-1.6101113804413034 2.1120176863952853 -0.83919404543039722 -0.35169263815775947 1.2308901790306583 2.0076324912140904 1.0000000180025095e-35 128.50000000000003 1.2051290897772107 0.65446256603828457 -0.58346689318470235 0.7245584274703557 130.50000000000003 -0.81458439163722607 -0.78586928452557914 0.95811684908767702 0.2224228163853956 0.99348827473543999 0.025241971321046688 0.11428344458643001 509.50000000000006 -1.9495996359377001 -0.51118290536361621 -0.65142496696414676 1.2182520601159119 -0.24384525861774412 0.35522036605561169 0.75986026239515991
decision_type=2 2 2 2 2 2 2 2 2 2 2 2 2 2 2 2 2 2 2 2 2 2 2 2 2 2 2 2
left_child=-1 2 3 -2 5 8 7 -5 10 14 11 22 26 25 -10 -15 -13 -8 -6 -20 21 -9 -4 -23 -25 -14 -12 -24
right_child=1 -3 4 6 18 -7 17 20 9 -11 12 16 13 15 -16 -17 -18 -19 19 -21 -22 23 27 24 -26 -27 -28 -29
leaf_value=-0.031783390954890203 0.034451397221630348 -0.022364488792815617 0 0.020067098454017402 -0.0029344380028331037 0.020475605397085119 0.033204277879191509 0.010670756714796897 0.0022024893423317747 0.011621375701534684 -0.0052385645928607069 -0.0076190603190668098 0.032884550936051499 -0.0009527142300383818 -0.029527170496074548 0.016866625793731212 0.02086179655307565 0 0.033407185408942427 0.0016528182615517426 0.012317852318823586 0.0017244114591277344 -0.015371434610120863 -0.025804977578780253 0.0012157550910365433 0.0043241300551353423 -0.023084016733076269 -0.02886643447851836
leaf_weight=9.8383471816778165 6.4215232133865348 5.379182666540145 4.1872383952140835 5.0789000988006583 3.9684891104698172 5.5085342526435843 5.0331670492887479 4.6727364212274543 4.6303171515464792 3.91322436928749 5.3364663571119291 4.9362638592720014 6.0594509541988373 60.051301643252373 11.262616202235222 11.027669861912726 6.9687133282423019 4.1622257828712463 7.0339445769786817 3.9476013630628586 4.9854218512773505 5.3341505676507994 14.30415064096451 10.603201851248743 4.6573447883129129 4.2428831011056882 3.7692217826843262 7.0885298848152152
leaf_count=63 29 28 21 24 19 26 23 23 24 19 27 25 30 301 63 54 34 20 33 20 24 27 76 54 23 21 19 38
internal_value=6.93082e-05 0.00169297 0.00245857 0.00962961 0.000185643 -0.00155402 0.00491346 7.38909e-05 -0.00261288 -0.0135375 -0.000738482 -0.00934325 0.00285511 0.00521325 -0.0205452 0.00202068 0.00907382 0.0203294 0.0169028 0.0240434 -0.00388305 -0.00781488 -0.018164 -0.0127203 -0.0178298 0.0236752 -0.0154114 -0.0217036
internal_weight=234.403 224.564 219.185 50.9487 168.237 153.287 44.5271 35.3318 147.778 19.8062 127.972 37.4849 90.487 81.3813 15.8929 71.079 11.905 9.19539 14.95 10.9815 30.2529 25.2674 25.5799 20.5947 15.2605 10.3023 9.10569 21.3927
internal_count=1188 1125 1097 247 850 778 218 175 752 106 646 194 452 406 87 355 59 43 72 53 151 127 135 104 77 51 46 114
is_linear=0
shrinkage=0.03


Tree=18
num_leaves=31
num_cat=0
split_feature=15 28 23 30 12 13 12 32 39 26 12 27 19 16 28 25 29 33 12 23 20 36 35 22 33 10 33 27 27 22
split_gain=13.0057 4.0312 3.69862 5.68031 8.26139 5.64035 3.65768 3.28471 4.63191 4.11382 2.92948 3.64089 3.51648 7.23196 4.08703 4.93904 4.02354 2.90946 2.1173 1.90908 1.70824 1.44088 1.43737 3.0203 2.80998 1.16265 1.00386 0.734397 0.227805 0.0452711
threshold=-1.4866563449459973 2.1120176863952853 -0.83919404543039722 1.2687805768120091 0.12752744525110482 -0.35169263815775947 2.0076324912140904 1.0000000180025095e-35 1.2546924985992307 -1.5691834073384412 1.485378387877383 -0.90761221289128624 -0.58346689318470235 0.7245584274703557 -0.97192858938090942 -1.2372884599947398 1.0000000180025095e-35 0.99348827473543999 -1.2427578555102998 -0.51118290536361621 1.0000000180025095e-35 0.55359972338203345 0.70255337593642619 -1.0000000180025095e-35 0.50650007307775124 0.095938597744233592 -0.41128538389250902 -1.5086474157336427 1.3389401001719128 0.4750334909902828
decision_type=2 2 2 2 2 2 2 2 2 2 2 2 2 2 2 2 2 2 2 2 2 2 2 2 2 2 2 2 2 2
left_child=21 2 5 6 28 -2 10 8 9 20 12 -12 13 19 -14 29 -17 -9 -15 -4 -7 -1 23 24 -11 -20 -13 -21 -5 -16
right_child=1 -3 3 4 -6 7 -8 17 -10 22 11 26 14 18 15 16 -18 -19 25 27 -22 -23 -24 -25 -26 -27 -28 -29 -30 -31
leaf_value=-0.028069954554304367 0.033309980980077494 -0.021092305936320076 0 0.039434069327918583 -0.013353226282756557 0.022442571122151665 0.019870944289526824 0.032160909785894282 0.025816495796219405 0.00033542811008141851 0.0069041016052928316 -0.030415189972277535 0.021907578290251722 -0.0067736620595048088 -0.023948907971003359 -0.0037529523722088986 0.0098742617493159622 0 0.026128471125601928 -0.004302663893525501 -0.00069674906742336114 -0.003300977505563788 -0.022770488134161812 0.008842552758225956 -0.029428076934285567 0.0033014039559694079 -0.006012072337868905 -0.023597166914546275 0.015502049180529659 -0.0081369658962872453
leaf_weight=13.633196830749513 6.4926096051931372 4.9690086394548407 4.1872383952140835 4.9515767395496351 4.2050571143627158 4.4099078327417356 5.5508590489625922 5.0883637815713865 4.088471680879592 4.7980559766292554 3.9627791345119467 6.0777230113744727 7.3337702304124823 3.9361539036035529 4.4695495963096601 37.304522842168808 37.208684831857681 4.1622257828712463 4.0568904429674131 3.7008154839277294 4.4890315234661102 3.631253868341445 5.4363301992416373 6.6655933409929338 4.2958201318979263 5.0323835909366608 3.9002163112163535 16.964903071522713 5.0066925436258316 4.1339609175920486
leaf_count=83 29 26 21 23 22 21 26 23 19 24 20 35 36 20 24 188 182 20 19 20 22 21 28 33 22 25 21 91 23 21
internal_value=8.10385e-05 0.00216514 0.00288303 0.00061227 0.0178186 0.00990099 -0.00115859 0.00527307 0.00051983 -0.00378941 -0.00221959 -0.0145867 -0.000676893 -0.00820723 0.00249381 0.000351947 0.00303353 0.0197561 0.00894545 -0.0174221 0.0117763 -0.0238603 -0.0109353 -0.00488095 -0.0153341 0.0163145 -0.0234314 -0.0209376 0.03153 -0.0192812
internal_weight=234.144 216.879 211.91 161.984 14.1633 49.9264 147.82 43.4338 34.1832 30.0947 142.27 13.9407 128.329 37.8784 90.4505 83.1167 74.5132 9.25059 13.0254 24.853 8.89894 17.2645 21.1958 15.7595 9.09388 9.08927 9.97794 20.6657 9.95827 8.60351
internal_count=1188 1084 1058 817 68 241 749 212 169 150 723 76 647 196 451 415 370 43 64 132 43 104 107 79 46 44 56 111 46 45
is_linear=0
shrinkage=0.03


Tree=19
num_leaves=38
num_cat=0
split_feature=15 42 15 12 24 33 10 35 33 21 12 26 16 25 12 33 34 26 1 35 24 25 33 22 1 0 0 39 35 25 21 22 41 12 32 0 32
split_gain=12.6426 3.70657 6.78136 5.57147 6.02466 4.93109 4.52051 5.02046 3.84488 5.03281 6.0306 5.13155 4.79587 3.64706 3.47226 3.42865 5.60867 5.89974 3.31403 3.30198 3.00564 3.67447 2.62541 3.3562 2.60681 3.32787 3.63413 1.91357 1.2553 2.82021 2.23515 0.903473 0.803991 0.449801 0.26195 0.211932 0.196146
threshold=-1.6101113804413034 1.0000000180025095e-35 -0.7459261319741618 0.35923179040716807 -0.55489230509823229 -0.53169455463204751 -1.6829857391168919 -0.57526398981982796 -1.3290708408627687 1.1423985948485194 -0.039161694885845366 0.51583439552396604 -0.56634650929446517 0.83295171456971573 1.8998558215655239 -1.3290708408627687 -0.13399017899049584 -1.5691834073384412 -0.78586928452557914 -0.7456396385873284 -1.0712885320410577 0.83295171456971573 -1.0293857936888064 -1.0000000180025095e-35 1.0950304136044433 -0.081149149211265037 0.36131595986875109 1.0000000180025095e-35 0.95811684908767702 -0.30779287141478029 1.0000000180025095e-35 0.23540724112094044 407.00000000000006 0.085081529146835949 -1.0000000180025095e-35 -0.34217173154623853 1.0000000180025095e-35
decision_type=2 2 2 2 2 2 2 2 2 2 2 2 2 2 2 2 2 2 2 2 2 2 2 2 2 2 2 2 2 2 2 2 2 2 2 2 2
left_child=-1 2 15 4 5 -3 -7 -8 -6 10 24 12 31 14 18 -2 17 -17 -5 -18 -4 22 -22 -24 25 34 -27 32 29 30 -21 -12 -19 -11 -10 -13 -20
right_child=1 3 20 13 8 6 7 -9 9 33 11 35 -14 -15 -16 16 19 27 36 28 21 -23 23 -25 -26 26 -28 -29 -30 -31 -32 -33 -34 -35 -36 -37 -38
leaf_value=-0.03128504494031633 -0.022445114571663146 -0.011302330387068581 -0.002225848694935308 -8.5390269915165977e-05 0.017621168179040664 -0.00554651950171485 0.00096306579913476979 0.034862346405486744 -0.01010654995656958 -0.026085954990833743 -0.0073416474239624829 -0.012261150694873296 0.032527833005760606 0.009266058953512752 0.0067073764907765411 0.016923596747252034 -0.0066576733546058944 -0.0064031315654231235 -0.030353669404594084 -0.0043027432670511689 0.026991626572653915 0.038721407004022386 0.014118798662586276 -0.015336823576906048 0.0071586902504925613 0.01156120232438647 -0.012526572497166993 -0.0012233590134811843 0.0032864066865448175 0.036518001124718341 0.020995392505927826 0.0096455439744804264 -0.028692339228834546 -0.0067948520675328774 -0.028878635721812877 -0.00071965197579617354 -0.012583098365388833
leaf_weight=9.5077640861272794 3.9238626509904853 4.6100515872240093 4.7074526697397259 6.0817905068397549 6.4605449289083472 4.4607067406177547 6.0374556481838306 12.913510233163827 4.6846257746219635 7.3526137769222242 3.961087599396711 3.9370537847280502 9.0383390784263593 4.8264346271753302 3.9948709160089484 4.9838844686746624 5.6775009334087398 3.9812496751546878 12.060628339648252 5.0457090288400668 5.2148861289024415 7.3026175349950782 7.2686651945114198 4.2098175585269848 6.8438879549503318 7.3952012956142523 13.588543117046354 6.2194862514734259 6.2255516797304145 5.4937202036380759 4.5542226433753967 4.1560711860656738 7.2427204847335815 3.9108852297067642 6.6990215033292682 3.8673229813575736 5.4527152627706519
leaf_count=63 21 23 23 32 32 22 30 60 25 39 20 20 42 24 20 24 29 21 67 25 24 32 34 20 33 37 71 32 30 25 22 20 40 20 35 20 31
internal_value=8.33628e-05 0.00163801 0.00666727 -0.0012588 0.00194956 0.0136045 0.0191351 0.0252188 -0.00213939 -0.00422033 -0.000685145 0.0103827 0.0191499 -0.0119196 -0.0161187 0.00011939 0.00263702 -0.00801006 -0.0203924 0.0116486 0.0180281 0.022134 0.0119537 0.00232944 -0.00800071 -0.0115583 -0.00356562 -0.0162267 0.0169038 0.0213541 0.00837359 0.000879938 -0.0229446 -0.0214436 -0.0236953 -0.00822485 -0.0265656
internal_weight=233.892 224.385 82.0513 142.333 109.917 28.0217 23.4117 18.951 81.8952 75.4347 64.1712 24.9599 17.1555 32.4164 27.59 53.3479 49.424 22.4273 23.5951 26.9967 28.7034 23.996 16.6934 11.4785 39.2113 32.3674 20.9837 17.4435 21.3192 15.0937 9.59993 8.11716 11.224 11.2635 11.3836 7.80438 17.5133
internal_count=1188 1125 402 723 549 135 112 90 414 382 323 122 82 174 150 269 248 117 130 131 133 110 78 54 201 168 108 93 102 72 47 40 61 59 60 40 98
is_linear=0
shrinkage=0.03


Tree=20
num_leaves=32
num_cat=0
split_feature=15 28 41 14 3 35 16 40 30 12 12 30 22 34 25 9 30 25 17 21 21 15 20 27 20 29 36 36 26 12 12
split_gain=12.1928 4.22045 3.29263 4.11129 5.55459 6.17082 4.34457 5.18757 5.1394 4.82334 4.4799 4.04403 3.95451 4.06648 3.71032 3.62069 3.56058 3.66772 3.14158 4.95795 4.45644 4.09149 2.62736 2.4442 2.1505 1.7288 1.69302 3.14285 0.939767 0.698879 0.00550151
threshold=-1.6101113804413034 2.1120176863952853 593.50000000000011 1.0024748045884986 -0.079786046811085212 -0.7456396385873284 -1.0827084840003933 445.50000000000006 -0.17700629659105965 0.34899048338868771 -1.2992637376277469 -1.3184169861197972 0.23540724112094055 1.2079820283183078 -0.85704026466657457 0.57173831522129825 0.35565202518901834 -0.30779287141478029 1.0000000180025095e-35 0.25842081752926993 -0.34640608274179518 0.11825911649297989 0.35164048711767915 0.1332048456893801 -0.98578011832475532 -0.3087835884991767 0.12225769324160131 -0.77970083760150011 0.39318628947323614 0.064027469255256875 0.24026044528625232
decision_type=2 2 2 2 2 2 2 2 2 2 2 2 2 2 2 2 2 2 2 2 2 2 2 2 2 2 2 2 2 2 2
left_child=-1 2 3 4 5 26 8 9 -7 10 -8 -5 13 -13 -6 22 -10 -18 19 -4 21 -20 -9 24 -16 -11 27 -2 -28 -22 -26
right_child=1 -3 18 11 14 6 7 15 16 25 -12 12 -14 -15 23 -17 17 -19 20 -21 29 -23 -24 -25 30 -27 28 -29 -30 -31 -32
leaf_value=-0.031007574171070671 -0.00036100069918641763 -0.021695720213617212 -0.0092451834709508292 0.014813474225505871 -0.0044308908250258851 -0.027098510892924421 -0.013215843092747937 0.019629684126536848 0.020212645113027915 -0.024238097561455483 0.011618775250301628 -0.024817980434502614 0.0078751367178086958 0.004449405391187859 0.0040256780383372132 0.038717738033151476 0.012240393933969623 -0.020147245507928697 -0.015594969249986282 0.028051289156463505 -0.029836933929221789 0.0177469460870841 -0.0039289203879772109 0.0042183843624801305 0.035750109951406463 0 0.0082326963837521042 -0.028785286209352036 -0.0087647080739816537 -0.0077292348509945662 0.01557520311084388
leaf_weight=9.3213058263063413 6.6850139200687408 5.2604748010635367 6.2398241907358187 5.3313848376274136 5.2386331707239142 5.5225954055786159 6.1516746729612271 9.4574258923530596 5.4931951463222495 4.6573853343725204 43.444729089736946 14.507581889629369 6.2172946929931632 4.8350636214017859 4.2484506368637112 6.3753113895654669 3.9014763534069061 5.9688786715269071 4.8297342360019702 3.9446101039648056 7.4395929723978025 5.3870395570993423 5.6715651005506507 7.3558427542448035 10.165244132280352 4.978725537657736 4.4095969051122648 7.143411800265314 4.2960554957389832 4.0802413821220398 5.048677682876586
leaf_count=63 34 28 32 27 27 29 31 46 26 26 211 78 31 24 21 29 19 31 26 19 39 26 28 36 48 25 22 39 22 21 24
internal_value=7.37378e-05 0.00158946 0.00231969 0.00386378 0.00585774 0.0028345 0.00603243 0.00918559 -0.00568709 0.00424098 0.00812346 -0.00583852 -0.0109503 -0.0174205 0.0167379 0.0213799 0.00337947 -0.00689171 -0.00631868 0.00643354 -0.0125814 0.0014946 0.0108795 0.0211005 0.0264365 -0.0136057 -0.0108141 -0.0168157 0 -0.02426 0.0314128
internal_weight=233.608 224.287 219.026 187.105 156.214 124.157 101.623 80.7368 20.8861 59.2325 49.5964 30.8913 25.5599 19.3426 32.0568 21.5043 15.3636 9.87036 31.921 10.1844 21.7366 10.2168 15.129 26.8182 19.4624 9.63611 22.5341 13.8284 8.70565 11.5198 15.2139
internal_count=1188 1125 1097 934 774 618 501 396 105 293 242 160 133 102 156 103 76 50 163 51 112 52 74 129 93 51 117 73 44 60 72
is_linear=0
shrinkage=0.03


Tree=21
num_leaves=37
num_cat=0
split_feature=15 28 42 15 23 13 22 25 16 24 36 33 22 30 23 28 34 41 34 2 15 13 36 22 1 30 27 22 41 41 2 35 32 22 36 35
split_gain=11.7594 4.05045 4.14061 5.62122 4.08665 5.51697 4.94356 3.24738 4.12464 4.3654 3.74995 2.82375 7.69354 5.80322 4.81435 4.56868 4.27959 4.12902 3.97684 3.40608 3.9839 3.34654 2.62356 3.50076 2.46388 2.03008 4.22156 2.00375 1.79703 1.39337 1.36437 1.30156 1.24422 0.849412 0.841305 0.535902
threshold=-1.6101113804413034 2.1120176863952853 1.0000000180025095e-35 -1.2397462739553855 -0.83919404543039722 -0.35169263815775947 1.5533516154023241 -1.2372884599947398 -1.0827084840003933 1.0000000180025095e-35 1.0973479968557653 -0.41128538389250902 0.4750334909902828 -0.47292758646888039 -0.51118290536361621 -1.0000000180025095e-35 0.10282844582870472 407.00000000000006 1.0501029451055075 -0.49416278047274609 0.98244436496012166 -0.084214007332377216 0.12225769324160131 0.23540724112094055 -1.0000000180025095e-35 0.58393416309476576 0.1332048456893801 -0.7230977583564292 532.50000000000011 407.00000000000006 1.0707767214325241 0.19142642963392462 -0.36357973498467316 -0.12403213368307303 1.3654978303496603 -0.57526398981982796
decision_type=2 2 2 2 2 2 2 2 2 2 2 2 2 2 2 2 2 2 2 2 2 2 2 2 2 2 2 2 2 2 2 2 2 2 2 2
left_child=-1 2 3 22 5 -4 11 -5 9 -9 28 13 14 17 -13 16 -16 -6 32 -15 -21 -17 23 -2 31 26 27 -7 29 -10 -27 -14 -19 -24 -12 -29
right_child=1 -3 4 7 6 25 -8 8 10 -11 34 12 24 19 15 21 -18 18 -20 20 -22 -23 33 -25 -26 30 -28 35 -30 -31 -32 -33 -34 -35 -36 -37
leaf_value=-0.030736281736039664 -0.023580185465850782 -0.021368368782506909 0.031174858568947326 -0.0081522634007072051 0.024395271527316239 -0.017478845851244245 0.018539795924687637 -0.018591171707547285 0.012473163674359827 0.013888687341552889 -0.0062933725313313602 0.011168558437874777 -0.0058076244867274144 -0.031914038615143678 -0.032409819003959651 0.017253013393811752 -0.0020228577731461264 -0.024783741212940424 0.015314904585131199 -0.018098353268799362 0.011688684361869062 -0.010861656475848408 0.014618845094772907 0.0054341061654670005 0.02889401718703569 0.0015234606513618218 0.025485490240383001 -0.0017053042975775114 0.0056499226555424571 0.03248596881555986 -0.018994782803447692 0.01396096477005206 -0.0038445048643827519 -0.0017761533846712739 0.0092179920653469548 0.010947503603011598
leaf_weight=9.1374964565038663 8.2631487846374529 5.2046588063240042 5.8846093565225592 4.9591918289661399 3.8472047299146679 3.8735967874527004 6.7590619176626197 5.251867860555647 8.479043468832975 6.7777190357446671 4.5179436206817609 7.9511949568986813 4.4632105976343137 10.871058136224748 11.414186984300612 4.9964713603258133 7.125336378812789 4.6967221200466156 4.1851486861705771 10.831366315484045 4.5270290076732627 7.6640120297670489 4.2449327707290649 4.842517986893653 6.3183621615171424 4.5433496981859189 5.8007035404443732 3.9618897885084161 5.911243572831153 17.323416903614998 4.2290649861097336 4.2838496416807175 6.903405234217642 3.9596766978502256 4.834429144859314 4.5589588880538949
leaf_count=63 46 28 26 25 19 20 33 26 39 32 22 39 22 60 62 25 37 25 21 58 22 40 21 25 30 22 27 20 29 78 22 21 37 20 24 22
internal_value=6.19253e-05 0.00153926 0.00225237 0.00766311 -0.000828017 0.00814367 -0.00371672 0.0124447 0.0146495 -0.000336927 0.0190376 -0.00553051 -0.000715599 -0.0108929 -0.00781996 -0.0131329 -0.0220561 0.00121278 -0.00571685 -0.0197458 -0.00870364 0.000462368 -0.00506192 -0.0129916 0.0164209 0.00152941 0.00726849 -0.00265631 0.0237805 0.0271758 -0.00911329 0.00391488 -0.0146476 0.00703656 0.00133773 0.00509101
internal_weight=233.397 224.26 219.055 79.3651 139.69 32.8522 106.838 58.0549 53.0957 12.0296 41.0661 100.079 54.2166 45.8619 39.1512 31.2 18.5395 19.6325 15.7853 26.2295 15.3584 12.6605 21.3103 13.1057 15.0654 26.9676 18.1951 12.3944 31.7137 25.8025 8.77241 8.74706 11.6001 8.20461 9.35237 8.52085
internal_count=1188 1125 1097 387 710 159 551 275 250 58 192 518 276 242 203 164 99 102 83 140 80 65 112 71 73 133 89 62 146 117 44 43 62 41 46 42
is_linear=0
shrinkage=0.03


end of trees

feature_importances:
Column_35=54
Column_12=51
Column_15=50
Column_16=39
Column_36=38
Column_34=35
Column_24=32
Column_41=32
Column_30=30
Column_33=30
Column_31=28
Column_22=27
Column_25=27
Column_28=27
Column_23=26
Column_29=26
Column_20=21
Column_26=21
Column_27=19
Column_13=18
Column_37=17
Column_40=17
Column_0=16
Column_32=16
Column_39=16
Column_19=15
Column_17=14
Column_21=13
Column_1=11
Column_42=11
Column_2=10
Column_14=8
Column_9=5
Column_4=3
Column_38=3
Column_3=2
Column_10=2
Column_11=2
Column_7=1
Column_8=1

parameters:
[boosting: gbdt]
[objective: binary]
[metric: binary_logloss]
[tree_learner: serial]
[device_type: cpu]
[data_sample_strategy: bagging]
[data: ]
[valid: ]
[num_iterations: 800]
[learning_rate: 0.03]
[num_leaves: 96]
[num_threads: 1]
[seed: 42]
[deterministic: 0]
[force_col_wise: 1]
[force_row_wise: 0]
[histogram_pool_size: -1]
[max_depth: 10]
[min_data_in_leaf: 20]
[min_sum_hessian_in_leaf: 0.001]
[bagging_fraction: 0.85]
[pos_bagging_fraction: 1]
[neg_bagging_fraction: 1]
[bagging_freq: 0]
[bagging_seed: 400]
[bagging_by_query: 0]
[feature_fraction: 0.8]
[feature_fraction_bynode: 1]
[feature_fraction_seed: 30056]
[extra_trees: 0]
[extra_seed: 12879]
[early_stopping_round: 0]
[early_stopping_min_delta: 0]
[first_metric_only: 0]
[max_delta_step: 0]
[lambda_l1: 0.2]
[lambda_l2: 1.5]
[linear_lambda: 0]
[min_gain_to_split: 0]
[drop_rate: 0.1]
[max_drop: 50]
[skip_drop: 0.5]
[xgboost_dart_mode: 0]
[uniform_drop: 0]
[drop_seed: 17869]
[top_rate: 0.2]
[other_rate: 0.1]
[min_data_per_group: 100]
[max_cat_threshold: 32]
[cat_l2: 10]
[cat_smooth: 10]
[max_cat_to_onehot: 4]
[top_k: 20]
[monotone_constraints: ]
[monotone_constraints_method: basic]
[monotone_penalty: 0]
[feature_contri: ]
[forcedsplits_filename: ]
[refit_decay_rate: 0.9]
[cegb_tradeoff: 1]
[cegb_penalty_split: 0]
[cegb_penalty_feature_lazy: ]
[cegb_penalty_feature_coupled: ]
[path_smooth: 0]
[interaction_constraints: ]
[verbosity: -1]
[saved_feature_importance_type: 0]
[use_quantized_grad: 0]
[num_grad_quant_bins: 4]
[quant_train_renew_leaf: 0]
[stochastic_rounding: 1]
[linear_tree: 0]
[max_bin: 255]
[max_bin_by_feature: ]
[min_data_in_bin: 3]
[bin_construct_sample_cnt: 200000]
[data_random_seed: 175]
[is_enable_sparse: 1]
[enable_bundle: 1]
[use_missing: 1]
[zero_as_missing: 0]
[feature_pre_filter: 1]
[pre_partition: 0]
[two_round: 0]
[header: 0]
[label_column: ]
[weight_column: ]
[group_column: ]
[ignore_column: ]
[categorical_feature: ]
[forcedbins_filename: ]
[precise_float_parser: 0]
[parser_config_file: ]
[objective_seed: 16083]
[num_class: 1]
[is_unbalance: 0]
[scale_pos_weight: 1]
[sigmoid: 1]
[boost_from_average: 1]
[reg_sqrt: 0]
[alpha: 0.9]
[fair_c: 1]
[poisson_max_delta_step: 0.7]
[tweedie_variance_power: 1.5]
[lambdarank_truncation_level: 30]
[lambdarank_norm: 1]
[label_gain: ]
[lambdarank_position_bias_regularization: 0]
[eval_at: ]
[multi_error_top_k: 1]
[auc_mu_weights: ]
[num_machines: 1]
[local_listen_port: 12400]
[time_out: 120]
[machine_list_filename: ]
[machines: ]
[gpu_platform_id: -1]
[gpu_device_id: -1]
[gpu_device_id_list: ]
[gpu_use_dp: 0]
[num_gpu: 1]

end of parameters

pandas_categorical:null
