tree
version=v4
num_class=3
num_tree_per_iteration=3
label_index=0
max_feature_idx=62
objective=multiclass num_class:3
feature_names=Column_0 Column_1 Column_2 Column_3 Column_4 Column_5 Column_6 Column_7 Column_8 Column_9 Column_10 Column_11 Column_12 Column_13 Column_14 Column_15 Column_16 Column_17 Column_18 Column_19 Column_20 Column_21 Column_22 Column_23 Column_24 Column_25 Column_26 Column_27 Column_28 Column_29 Column_30 Column_31 Column_32 Column_33 Column_34 Column_35 Column_36 Column_37 Column_38 Column_39 Column_40 Column_41 Column_42 Column_43 Column_44 Column_45 Column_46 Column_47 Column_48 Column_49 Column_50 Column_51 Column_52 Column_53 Column_54 Column_55 Column_56 Column_57 Column_58 Column_59 Column_60 Column_61 Column_62
feature_infos=[-2.1012880997283774:7.2329530679825904] [-1.9155828483323976:9.5100973014179715] [-1.712316695321856:8.4045943834504424] [-2.0836087171183495:7.143404651899842] [-1.9627719931442689:9.4780174372794868] [-1.7087867467824602:8.3065784709302299] [-3.0268743266435414:4.8302313624324293] [-2.1679970644481319:8.0247386535311147] [-2.5741833581339217:4.9001539784175332] [-3.2579222372221075:4.2132228468808286] [-6.793291609676368:2.4220928239477395] [-2.9641755320148642:3.6667709138549633] [-1.5674101903372659:1.9302371691313263] [-3.2365413998607169:3.9981027384814065] [-2.9812038956429721:3.9108286695776151] [-3.2365413998607169:3.9981027384814065] [-7.8190380995046871:2.6150349898603253] [-2.9812038956429721:3.9108286695776151] [-8.2678452307676249:0.86052281100904493] [-1.7615456220878112:1.6987883113241129] [-1.4339402065137983:1.4255545912710272] [-2.2459860639033828:1.1102118124405251] [-1.6124515496597058:0.62017367294604075] [-2.14327654702605:2.7803476326385721] [-2.3603185568341489:4.2172319220520791] [-2.4175359878090141:3.8800738928325633] [-3.6770200313326975:3.8917860337775831] [-2.2235448178690382:2.7969758526364528] [-2.0482053525971597:3.7386229347406381] [-2.4116607394050651:3.8818781255182953] [-3.2619734662971767:3.111656319380478] [-2.814773369580815:2.7819828897049366] [-2.6093044714806362:4.2038291797026055] [-2.9691332236654886:3.4196224024285313] [-2.9401110628489717:3.3403990671848276] [-2.753067605148162:2.6418813805328645] [-2.5985312253919921:3.1063097861571283] [-2.6652802836160143:3.8097842576980065] [-3.4311203019466001:2.9440527511970824] [-2.7956268311370307:3.1449718657855965] [-2.8371342418890144:3.1066533246773793] [-2.4329725724325413:2.348567254695606] [-3.8658319824213927:3.5031955676895201] [-1.9702606402739349:3.2908915559592118] [-3.4146235443233972:2.999865877075929] [-2.9977444322928815:4.8664260959045915] [-2.912873714463597:5.023612353599848] [-4.2884079818167073:3.5855212082689789] [-3.9649463544817261:2.8370848758449814] [-0.96879668185609147:4.7538798237467716] [-0.97728450601323502:4.8262476574040152] [-7.9278341841789706:9.794240424948006] [-6.890457561978665:4.180639061814289] [-4.4778999356072111:3.8670419097093491] [-2.6107661255526851:2.9037736684330047] [-2.4811696905227323:2.7177947997491252] [-1.3004901889298393:3.1324574312463991] [-1.0897189511381613:2.8050011432419439] [-1.3506669073925688:3.0722916273788714] [-2.8440405336162318:2.9131683100545729] [2:815] [2:815] [0:3]
tree_sizes=4115 4429 3938 4101 4032 3466

Tree=0
num_leaves=39
num_cat=0
split_feature=55 5 55 16 41 29 46 43 47 43 32 42 44 7 47 27 16 20 14 18 7 42 61 16 20 32 41 41 12 45 35 26 28 53 0 26 12 12
split_gain=10.7136 8.05232 6.73239 7.09994 5.68256 4.91279 6.59516 4.55666 4.17777 3.63437 4.6664 5.4293 4.2421 4.6679 4.31231 3.72739 3.56175 3.30751 3.25805 4.54703 5.30185 3.0491 2.88613 2.83025 2.44886 2.43344 2.33526 2.25963 2.68276 1.99188 1.88716 1.86599 1.81348 1.59991 1.28939 0.996127 0.295419 0.514839
threshold=0.26604410008226315 0.28362133863860262 0.06303390397695928 0.23827219783517176 1.232874628365705 1.105316861581519 0.090042530575667662 0.66031545784263845 0.27139481736458859 1.0110589375915151 -0.7167673461519577 -0.18131820736593615 -0.72053798733567997 -0.53982784066230838 1.4310565109451407 -0.38268723868369153 0.796839598495789 0.7756694099562943 0.32267680100581358 0.69838993312996533 -0.38787531010879045 0.53181349103189424 183.50000000000003 0.86083056237572797 0.7756694099562943 -0.46442906277480056 0.23672049771400752 -0.9985106242940972 -0.017767294445278876 -0.53079022624140382 1.0000000180025095e-35 0.61197007222979483 -0.31215686639582046 1.0000000180025095e-35 0.41701238197697782 -0.52335083753674716 -1.3375523253046593 0.92461366643150111
decision_type=2 2 2 2 2 2 2 2 2 2 2 2 2 2 2 2 2 2 2 2 2 2 2 2 2 2 2 2 2 2 2 2 2 2 2 2 2 2
left_child=2 4 5 30 7 9 21 16 -3 10 17 25 33 15 22 -14 18 34 24 20 -20 29 -15 36 26 -12 -2 -27 -29 -7 -4 -6 -8 -13 35 -1 -9 -38
right_child=1 8 3 -5 31 6 32 23 -10 -11 11 12 13 14 -16 -17 -18 -19 19 -21 -22 -23 -24 -25 -26 27 -28 28 -30 -31 -32 -33 -34 -35 -36 -37 37 -39
leaf_value=-1.1383219667653588 -1.1489527129368375 -1.100880539137773 -1.1113820114823632 -1.1258619311154852 -1.1080542072775235 -1.1206428759164684 -1.0892254593790516 -1.1359495218983775 -1.1270871355966132 -1.1441037324828687 -1.1258619311154852 -1.1443885474022526 -1.1201457948697819 -1.1033828341010106 -1.1351861315316389 -1.1471906872942372 -1.1462786714930053 -1.1203994573419462 -1.0937742471437786 -1.1351856147940698 -1.1265597240847121 -1.1111975525506512 -1.1233363224705204 -1.1274754909305804 -1.122849332910935 -1.0937742471437786 -1.126724676903855 -1.1277308526568985 -1.1057594428841557 -1.1387908040297219 -1.0850067366455511 -1.1280461514647664 -1.115194187344396 -1.1278229946757556 -1.1481766982828208 -1.1247007245727967 -1.1514449900546593 -1.1366575198224986
leaf_weight=10.190710902214052 10.848176121711736 8.5470478534698504 8.2183152437210101 12.163106560707091 6.9033848047256452 8.2183152437210101 7.2321174144744873 7.2321174144744864 10.848176121711729 8.2183152437210065 8.2183152437210065 11.176908731460573 7.2321174144744864 17.094095706939701 6.9033848047256461 8.2183152437210065 10.519443511962889 9.8619782924652082 6.9033848047256461 9.8619782924652082 8.5470478534698504 9.5332456827163679 11.83437395095825 8.8757804632186872 8.8757804632186872 6.9033848047256461 7.5608500242233267 7.8895826339721706 9.5332456827163714 10.519443511962892 7.5608500242233267 6.903384804725647 6.9033848047256452 11.17690873146057 9.5332456827163679 6.5746521949768093 25.969876170158386 7.5608500242233267
leaf_count=31 33 26 25 37 21 25 22 22 33 25 25 34 22 52 21 25 32 30 21 30 26 29 36 27 27 21 23 24 29 32 23 21 21 34 29 20 79 23
internal_value=-1.12586 -1.13213 -1.1217 -1.10831 -1.13492 -1.1238 -1.11496 -1.13717 -1.11486 -1.12633 -1.12516 -1.12195 -1.12644 -1.12177 -1.11586 -1.13479 -1.13147 -1.13421 -1.12791 -1.12047 -1.11072 -1.12394 -1.11082 -1.14392 -1.13495 -1.11204 -1.14088 -1.10751 -1.11539 -1.13074 -1.09595 -1.11768 -1.09928 -1.137 -1.13962 -1.133 -1.14717 -1.14889
internal_weight=366.866 145.957 220.908 27.9423 126.562 192.966 42.4065 112.755 19.3952 150.56 142.341 106.181 73.6361 51.2823 35.8319 15.4504 63.1167 36.1606 52.5972 25.3124 15.4504 28.271 28.9285 49.6386 27.2848 32.5445 18.409 24.3262 17.4228 18.7378 15.7792 13.8068 14.1355 22.3538 26.2986 16.7654 40.7628 33.5307
internal_count=1116 444 672 85 385 587 129 343 59 458 433 323 224 156 109 47 192 110 160 77 47 86 88 151 83 99 56 74 53 57 48 42 43 68 80 51 124 102
is_linear=0
shrinkage=1


Tree=1
num_leaves=41
num_cat=0
split_feature=58 49 29 37 21 24 19 21 46 56 12 38 40 49 55 48 12 54 46 46 7 28 54 54 49 33 9 46 47 42 34 54 60 43 36 54 36 52 47 53
split_gain=5.48659 4.4341 4.34073 6.17067 5.64349 6.07668 5.00343 4.01236 4.83429 3.55888 3.26236 3.3346 5.82287 3.21333 5.13097 3.32442 5.04876 3.07464 3.41934 2.92412 2.6863 2.57269 2.49394 4.80186 2.48649 3.6583 2.47511 2.24539 2.46241 2.10894 2.10038 3.67701 1.99892 2.23634 1.87426 1.44759 0.999832 1.20325 0.967515 0.373828
threshold=-0.90837105391542472 0.56406309643038977 -0.37551581251809546 -0.62683403912826663 1.0000000180025095e-35 -0.23228751954742818 0.52227477396405875 1.0000000180025095e-35 -0.052845850224298198 1.0000000180025095e-35 -1.3052618954325956 -0.83072076711167664 -1.6621994903584481 -0.25346211865573359 0.39745582295687093 -0.3319699932287799 -0.0073910621843166161 -0.31535614312377214 -0.24691833373228245 -0.23217250497403322 -0.7961737585183114 1.0000000180025095e-35 -0.83343456083458334 -0.011368249533690615 1.0000000180025095e-35 -0.14333746597005706 -0.83188393334135424 -0.16259379353550754 0.17236508368336376 -0.41902877349854623 0.3611827234508459 0.75003546996334902 480.50000000000006 0.30957197809376186 -0.83274710276964525 0.13336591452449684 -0.28942891119353847 0.39315863788512051 0.36597756943419973 1.0000000180025095e-35
decision_type=2 2 2 2 2 2 2 2 2 2 2 2 2 2 2 2 2 2 2 2 2 2 2 2 2 2 2 2 2 2 2 2 2 2 2 2 2 2 2 2
left_child=1 9 3 4 5 -2 36 8 -5 29 26 12 -12 14 30 22 17 -17 -19 -11 -18 -8 -15 -24 -9 -26 -4 34 -29 -1 39 -32 33 -31 -14 -21 -6 -38 -28 -13
right_child=2 -3 10 7 6 -7 21 24 -10 19 11 13 27 15 -16 16 20 18 -20 35 -22 -23 23 -25 25 -27 38 28 -30 32 31 -33 -34 -35 -36 -37 37 -39 -40 -41
leaf_value=-0.83535287656927371 -0.82002498490298781 -0.82209774508576994 -0.84372003903931958 -0.829495588476863 -0.86957010015697866 -0.85088258881650236 -0.85100807624192498 -0.81578118395913701 -0.86018414633547835 -0.82344558291066416 -0.85858166082221465 -0.85524825752204647 -0.82283681513738138 -0.86102812671649487 -0.83988309838470188 -0.83495932255291616 -0.84078140305479443 -0.86880229386161667 -0.84266369920201112 -0.84909857770660435 -0.81688062406164597 -0.83199608486915488 -0.83162069972795183 -0.86018414633547835 -0.84742936887180642 -0.82475425200092978 -0.86905968509650344 -0.83288409756175552 -0.85524825752204647 -0.86308627525022763 -0.83627260664664815 -0.86165989327186931 -0.83942693868236173 -0.84372003903931958 -0.84044715670791781 -0.8332777453805108 -0.86031195287290019 -0.84454088996631116 -0.8526800176989946 -0.87076336128447185
leaf_weight=9.9271591901779157 11.030176877975466 13.603884816169737 9.5594866275787371 7.3534512519836417 8.0887963771820086 9.1918140649795514 11.397849440574648 10.66250431537628 8.0887963771820051 13.971557378768923 10.294831752777098 7.3534512519836452 14.339229941368101 13.603884816169741 14.339229941368101 8.4564689397811907 9.191814064979555 7.3534512519836417 8.0887963771820051 9.5594866275787371 8.4564689397811872 11.030176877975462 10.294831752777101 8.0887963771820051 9.9271591901779157 13.236212253570558 10.662504315376284 7.3534512519836408 7.3534512519836426 11.765522003173833 7.3534512519836452 10.66250431537628 8.8241415023803693 8.4564689397811872 10.662504315376284 8.0887963771820051 11.397849440574646 8.0887963771820068 9.9271591901779157 13.236212253570555
leaf_count=27 30 37 26 20 22 25 31 29 22 38 28 20 39 37 39 23 25 20 22 26 23 30 28 22 27 36 29 20 20 32 20 29 24 23 29 22 31 22 27 36
internal_value=-0.84372 -0.836962 -0.845488 -0.840989 -0.846627 -0.833853 -0.852046 -0.832986 -0.845251 -0.8403 -0.848119 -0.846459 -0.840047 -0.849055 -0.854595 -0.844848 -0.839401 -0.848158 -0.855875 -0.833022 -0.82781 -0.84176 -0.851979 -0.844181 -0.827389 -0.83435 -0.857056 -0.83473 -0.843728 -0.846234 -0.860148 -0.851214 -0.850377 -0.855398 -0.82951 -0.841911 -0.860289 -0.854578 -0.862579 -0.866653
internal_weight=410.323 84.197 326.126 119.494 70.2255 20.222 50.0035 49.2681 15.4422 70.5931 206.632 176.483 50.0035 126.479 52.9448 73.5345 41.547 23.8987 15.4422 31.6198 17.6483 22.428 31.9875 18.3836 33.8259 23.1634 30.1492 39.7086 14.7069 38.9733 38.6056 18.016 29.0461 20.222 25.0017 17.6483 27.5754 19.4866 20.5897 20.5897
internal_count=1116 229 887 325 191 55 136 134 42 192 562 480 136 344 144 200 113 65 42 86 48 61 87 50 92 63 82 108 40 106 105 49 79 55 68 48 75 53 56 56
is_linear=0
shrinkage=1


Tree=2
num_leaves=37
num_cat=0
split_feature=55 32 55 27 29 42 21 19 16 24 16 45 45 24 25 61 21 32 47 16 37 50 24 19 58 3 55 21 12 14 35 32 47 34 16 30
split_gain=19.3314 6.82072 6.88471 6.29681 5.45453 5.63395 3.98609 3.60503 3.52341 4.65088 3.52467 3.41265 4.51538 2.70571 5.38955 4.55365 3.51543 3.00581 3.12507 4.72046 3.46384 2.57494 2.0816 2.06784 1.88112 1.85616 1.8499 1.77168 1.72582 1.29386 1.29213 0.885109 0.842852 0.327267 0.318701 0.649502
threshold=1.4905973387527152 -0.7167673461519577 0.97964533081098903 1.0000000180025095e-35 1.105316861581519 -1.0000000180025095e-35 -0.28820396936943654 0.38386141662758178 0.70313896930507236 -0.23228751954742818 0.74661756234191723 -0.41567569533231513 -0.010491391639153956 0.54154194855683402 -1.1209692476769242 642.00000000000011 1.0000000180025095e-35 1.5542772042424564 0.13825675666205856 0.034326094470778758 -0.14719962866056147 -0.66638099725873945 -0.23228751954742818 0.66068813130053572 1.0000000180025095e-35 -1.0455697131038026 1.7694380272868886 -0.28820396936943654 0.14898511054615673 0.5892708141347075 1.0000000180025095e-35 1.0000000180025095e-35 1.5917292665926761 0.68326016601668182 0.32440455515763184 0.68967700082296923
decision_type=2 2 2 2 2 2 2 2 2 2 2 2 2 2 2 2 2 2 2 2 2 2 2 2 2 2 2 2 2 2 2 2 2 2 2 2
left_child=1 2 3 4 5 11 -2 28 13 29 -11 -1 -13 14 23 21 30 18 20 25 -18 22 -16 -3 -19 -20 -8 -12 -5 -10 33 -29 34 -15 35 -23
right_child=6 8 -4 7 -6 -7 26 -9 9 10 27 12 -14 16 15 -17 17 24 19 -21 -22 32 -24 -25 -26 -27 -28 31 -30 -31 -32 -33 -34 -35 -36 -37
leaf_value=-1.3965361264562202 -1.3999942578981701 -1.3863547246050845 -1.3738156533197943 -1.3958806111771083 -1.4153250244490121 -1.4123776261983085 -1.3582434195020916 -1.4265972043354807 -1.4005963386057929 -1.3894739072319904 -1.4022439079685374 -1.3569740414416434 -1.3963453570564923 -1.4118863735498299 -1.4153500542985424 -1.3989679290569239 -1.3949208412937228 -1.4244018353072136 -1.3923904398354259 -1.3739951158880277 -1.4216115444231043 -1.4248508368469723 -1.3949260709209914 -1.4082876763872478 -1.4028074167154314 -1.4130531662716916 -1.3871457112555776 -1.4256409771465586 -1.4135434248194498 -1.3790095538142242 -1.4043780365531859 -1.4097264792800734 -1.4073979091100115 -1.4256409771465586 -1.4130039729668 -1.4125382667893081
leaf_weight=10.836527824401857 6.3907728195190439 6.668632507324217 7.5022115707397452 8.8915100097656303 7.2243518829345694 5.8350534439086941 7.2243518829345703 9.169369697570799 5.5571937561035138 5.8350534439086941 8.0579309463500994 6.6686325073242196 5.557193756103513 7.2243518829345721 9.169369697570799 10.836527824401854 7.7800712585449219 5.5571937561035138 6.3907728195190394 8.0579309463500959 6.668632507324217 45.846848487854004 6.1129131317138663 5.8350534439086914 6.1129131317138672 6.1129131317138725 7.5022115707397461 7.224351882934573 8.0579309463500959 6.6686325073242188 6.9464921951293936 9.169369697570799 5.5571937561035147 7.2243518829345703 9.4472293853759748 9.169369697570799
leaf_count=39 23 24 27 32 26 21 26 33 20 21 29 24 20 26 33 39 28 20 23 29 24 165 22 21 22 22 27 26 29 24 25 33 20 26 34 33
internal_value=-1.40438 -1.40646 -1.39841 -1.40212 -1.39411 -1.38832 -1.37766 -1.41294 -1.40907 -1.40149 -1.40774 -1.38188 -1.3716 -1.41093 -1.41386 -1.41628 -1.40608 -1.40154 -1.39709 -1.38992 -1.40733 -1.41861 -1.40671 -1.39634 -1.41374 -1.40277 -1.36964 -1.41294 -1.40438 -1.3869 -1.41578 -1.41827 -1.42102 -1.42049 -1.42201 -1.42318
internal_weight=310.091 288.974 69.7428 62.2406 36.1218 28.8974 21.1173 26.1188 219.231 42.5125 30.2867 23.0624 12.2258 176.719 108.643 96.1395 68.0756 46.6804 35.0103 20.5616 14.4487 85.3029 15.2823 12.5037 11.6701 12.5037 14.7266 24.4517 16.9494 12.2258 21.3952 16.3937 70.0206 14.4487 64.4634 55.0162
internal_count=1116 1040 251 224 130 104 76 94 789 153 109 83 44 636 391 346 245 168 126 74 52 307 55 45 42 45 53 88 61 44 77 59 252 52 232 198
is_linear=0
shrinkage=1


Tree=3
num_leaves=38
num_cat=0
split_feature=55 2 55 16 30 41 29 46 43 16 37 40 41 26 47 46 30 16 40 10 46 14 18 7 38 46 2 38 30 26 55 46 57 43 46 16 23
split_gain=10.2171 6.91197 6.41095 6.70321 6.0307 5.35097 4.69694 6.2336 4.05673 3.6381 3.55357 4.01689 4.35801 7.26624 3.53758 3.47197 4.42763 3.45866 3.14551 3.58127 3.80262 3.11486 4.35366 5.042 3.42459 2.84742 2.43137 3.20822 2.0602 1.78647 1.60124 1.46039 1.17576 0.962704 0.86469 0.190039 0.108306
threshold=0.26604410008226315 0.28070499347791417 0.06303390397695928 0.23827219783517176 0.17978661796875672 1.232874628365705 1.105316861581519 0.090042530575667662 0.66031545784263845 0.86083056237572797 1.0518863975087018 0.54944239487555879 1.232874628365705 -0.27105730203307138 0.27139481736458859 -1.0627403212863065 -0.45757636059900869 0.796839598495789 -1.2475166368770718 0.66321759275291836 -0.76869180685279137 0.32267680100581358 0.69838993312996533 -0.38787531010879045 0.84695635213666065 -0.0051953041719051607 0.9956464346689865 -0.83072076711167664 -1.6048297220209864 0.61197007222979483 -0.72625401315568017 0.21502080137206134 -0.60287893934064796 0.30957197809376186 0.50783177132808655 0.030158894121432824 0.31853554280626112
decision_type=2 2 2 2 2 2 2 2 2 2 2 2 2 2 2 2 2 2 2 2 2 2 2 2 2 2 2 2 2 2 2 2 2 2 2 2 2
left_child=2 5 6 4 -4 8 10 26 17 35 11 12 13 15 -3 -1 31 21 -15 20 -20 24 23 -23 34 -18 27 -8 -9 -7 -12 -17 -14 -13 -2 -10 -37
right_child=1 14 3 -5 -6 29 7 28 9 -11 30 33 32 18 -16 16 25 -19 19 -21 -22 22 -24 -25 -26 -27 -28 -29 -30 -31 -32 -33 -34 -35 -36 36 -38
leaf_value=-0.018913946889050483 -0.020959842834016227 0.023084274190085623 0.042933781729396138 0 0.0043740443445203624 0.017362052875451832 -0.014962771239614319 0.037209281381160905 -0.010528563733952206 0 -0.01984680833833085 -0.003664735886483049 -0.019583449036622527 -0.0035796543028550074 -0.001161803694722965 0.020947855166793723 -0.016736512209488241 -0.020149113319358373 0.0053710574947314557 0 0.025951731566307035 0.031158356098402076 -0.0091752612219617984 -0.00070829480105886425 0.0050302649650969733 0.0038616494295007592 0.012272337521138941 0.0089636548914742813 0.010626963922408167 -0.0021593738158284764 -0.00093439652511747412 0.0010683201165385002 -0.0018859682127515993 -0.019962532453721541 -0.0046583700288040106 -0.025067346985951582 -0.012848190166976629
leaf_weight=8.8611524403095228 11.448536425828939 8.2968723475933093 9.3222106695175189 12.165100276470183 6.6393257379531851 6.9531435966491681 10.172378152608873 6.6677833497524261 7.5076464712619773 9.1894626319408399 9.8491304218769091 8.5421696007251722 6.5606293380260468 8.5266858041286451 10.833835512399672 7.5650381743907911 11.804080009460447 10.429491162300108 14.1595734655857 11.16756898164749 25.068006873130805 6.9905379712581626 9.8261579573154432 8.5486021935939807 9.1663762331008893 9.5190564095973986 10.866962790489195 7.2566144764423397 7.6175131499767286 6.8994072079658508 7.5717116594314566 6.5869414806365967 7.8918575048446638 6.8860270977020255 6.5547874867916098 24.108085960149765 8.7959999144077283
leaf_count=27 35 25 28 37 20 21 31 20 23 28 30 26 20 26 33 23 36 32 43 34 76 21 30 26 28 29 33 22 23 21 23 20 24 21 20 74 27
internal_value=0 -0.00613641 0.00405236 0.017081 0.0289917 -0.00871007 0.00200719 0.0106263 -0.0108955 -0.0172732 -0.00047178 0.00120308 0.00317245 0.00540061 0.00997659 -0.00361177 0.000660455 -0.00549329 0.0122027 0.0150149 0.0191417 -0.00199414 0.00526752 0.0147563 -0.00890371 -0.00762876 0.00186642 -0.00476306 0.0257714 0.00798737 -0.0126697 0.0130675 -0.0113818 -0.0124176 -0.0161471 -0.0210215 -0.0226779
internal_weight=366.816 145.549 221.268 28.1266 15.9615 126.418 193.141 42.5813 112.566 49.6012 150.56 133.139 117.711 103.258 19.1307 44.3363 35.4751 62.9645 58.9218 50.3951 39.2276 52.535 25.3653 15.5391 27.1697 21.3231 28.296 17.429 14.2853 13.8526 17.4208 14.152 14.4525 15.4282 18.0033 40.4117 32.9041
internal_count=1116 444 672 85 48 386 587 129 344 152 458 405 358 314 58 135 108 192 179 153 119 160 77 47 83 65 86 53 43 42 53 43 44 47 55 124 101
is_linear=0
shrinkage=0.03


Tree=4
num_leaves=37
num_cat=0
split_feature=59 30 50 60 41 44 51 59 59 55 16 18 39 37 55 50 18 3 19 55 19 36 47 30 23 54 45 52 16 46 27 60 58 44 18 61
split_gain=5.32849 4.2867 6.01776 5.62542 4.10045 4.0819 4.35288 6.17891 3.94492 3.80245 3.73128 3.82372 3.74412 3.69294 3.62794 4.55222 4.09223 3.88828 3.85894 3.58512 3.38592 3.36169 6.97192 2.75446 3.94988 2.35016 2.00002 1.8712 2.31228 3.03772 1.8282 1.81236 1.77285 1.49551 1.36531 0.99107
threshold=0.89814521476979137 0.30725921368230985 0.78450204359557307 593.50000000000011 -0.36097198067701103 1.0000000180025095e-35 0.55613770316904998 -1.4047383226985304 -1.4047383226985304 1.2949561240731711 0.17637821713082874 0.60365038516835523 -0.51609477301555773 -0.38701683389441405 0.83457154281615875 1.0000000180025095e-35 0.37976508377945484 0.36731670902710789 0.66068813130053572 -1.7359507334951656 -0.16979201271832609 0.25388928038256814 -0.48065008239138035 -0.45757636059900869 0.31853554280626112 0.57097598596925681 0.070344878457269597 0.97584793387422353 -1.0926406354508238 -1.0861977154644455 -0.71738861671739074 131.50000000000003 -1.0000000180025095e-35 1.0000000180025095e-35 0.12328411064909213 163.50000000000003
decision_type=2 2 2 2 2 2 2 2 2 2 2 2 2 2 2 2 2 2 2 2 2 2 2 2 2 2 2 2 2 2 2 2 2 2 2 2
left_child=1 3 14 5 -5 8 7 -7 -1 13 12 -12 -9 26 18 17 -17 -16 21 -10 -6 33 -23 25 -25 -15 -2 28 -21 34 -31 -20 -14 -3 -30 -18
right_child=9 2 -4 4 20 6 -8 10 19 -11 11 -13 32 23 15 16 35 -19 31 27 -22 22 -24 24 -26 -27 -28 -29 29 30 -32 -33 -34 -35 -36 -37
leaf_value=0.004718442504193213 0.010368120542832204 0.00062559771546768529 0.02083112630145716 -0.0080097875514393482 0.02203703630372655 -0.025723791147619766 0.017809688351673521 0.010761941559568267 0.0044012191749332602 -0.010213822953932333 0.023634310377875455 -0.00025382353110785439 -0.02029196240302061 -0.0099695962186672309 -0.0067770842232183935 0.0018961353079723412 -0.026039991817251917 0.01429108869366756 0.0056325925851032519 0 0 -0.012427286302853911 0.020837796838710079 0.023863748556226125 -0.0028061032716348885 0.0086176884865667141 0.031422272896894456 -0.0015052758366471261 -0.012340819249339675 -0.012153510905941177 -0.025725861296033461 0.027565043022861557 -0.0033826935694224848 -0.015988359740952193 0.0039953534209938241 -0.0080962069404632575
leaf_weight=13.234517574310301 13.991028577089311 7.3554159998893764 13.249893009662626 10.655629724264143 13.98715403676033 8.0773655176162702 8.4551604092121107 7.3568808436393729 9.55711382627487 8.0888557732105237 8.4674483239650744 13.967819243669508 10.65010839700699 13.969727933406832 14.338505655527117 10.296240359544756 11.751825064420702 13.986989408731459 8.462984770536421 7.7131729125976554 11.027459263801575 7.7172795832157126 13.24928078055382 9.9434639513492602 7.7268786132335654 8.4645664095878583 7.7390378117561331 11.01313480734825 7.7108628749847323 22.043643325567238 30.839698940515532 7.3638867437839499 13.599850416183473 9.5367935597896558 7.3567160665988922 7.3501183986663809
leaf_count=36 38 20 36 29 38 22 23 20 26 22 23 38 29 38 39 28 32 38 23 21 30 21 36 27 21 23 21 30 21 60 84 20 37 26 20 20
internal_value=0 -0.00156345 0.00281556 -0.00412364 0.00648494 -0.00629468 -0.000551243 -0.00350567 -0.0098859 0.00744604 0.000312145 0.00942741 -0.00611084 0.0100381 0.000371553 -0.00473418 -0.0127633 0.00362063 0.00594951 -0.0119973 0.0129895 0.000403378 0.00831443 0.00415427 0.0125815 -0.00260527 0.0196695 -0.0139176 -0.0155821 -0.0173128 -0.02067 0.0176865 -0.0117914 -0.00896686 -0.00436297 -0.0205189
internal_weight=410.297 340.373 124.659 215.714 35.6702 180.043 70.5746 62.1195 109.469 69.9236 54.0421 22.4353 31.6068 61.8347 111.409 57.7237 29.3982 28.3255 53.6856 96.2343 25.0146 37.8588 20.9666 40.1046 17.6703 22.4343 21.7301 86.6772 75.6641 67.9509 52.8833 15.8269 24.25 16.8922 15.0676 19.1019
internal_count=1116 926 339 587 97 490 192 169 298 190 147 61 86 168 303 157 80 77 146 262 68 103 57 109 48 61 59 236 206 185 144 43 66 46 41 52
is_linear=0
shrinkage=0.03


Tree=5
num_leaves=32
num_cat=0
split_feature=55 32 55 27 29 39 45 21 31 47 16 54 5 19 14 33 44 32 24 19 58 37 55 45 54 39 55 14 34 55 20
split_gain=18.3754 6.52436 6.52431 6.03077 5.18082 4.77417 3.84186 3.71283 3.65235 4.93931 4.47666 8.32649 3.52934 3.51993 3.249 2.70189 5.46789 2.80698 2.4472 3.27566 2.25875 5.5364 2.32416 2.77383 2.03498 1.7561 1.69154 1.51264 1.30414 0.751104 0.412641
threshold=1.4905973387527152 -0.7167673461519577 0.97964533081098903 1.0000000180025095e-35 1.105316861581519 -0.2397878568796217 -0.41567569533231513 -0.28820396936943654 -0.76980473638025204 -1.0479566138428023 0.70313896930507236 -0.18048430730134232 -0.68592030876824051 0.38386141662758178 0.631344270232019 0.34810527449871359 -0.97711756419165297 0.79726235411098512 -0.23228751954742818 0.66068813130053572 0.86081235999315131 -0.14719962866056147 -0.49999049870918816 -0.59617455479587111 -0.97418555949527408 -0.2397878568796217 1.7694380272868886 -0.82215613019539158 1.6494924937141895 -0.62012527217171176 0.51571533743040099
decision_type=2 2 2 2 2 2 2 2 2 2 2 2 2 2 2 2 2 2 2 2 2 2 2 2 2 2 2 2 2 2 2
left_child=1 2 3 4 5 6 -1 -2 25 12 14 -12 -10 24 15 20 -17 -18 -13 -20 22 -22 23 -11 -5 30 -9 -23 -24 -8 -3
right_child=7 8 -4 13 -6 -7 29 26 9 10 11 18 -14 -15 -16 16 17 -19 19 -21 21 27 28 -25 -26 -27 -28 -29 -30 -31 -32
leaf_value=0.0066873572677482729 0.0042712615375713209 -0.022966009563652853 0.029571936168729669 -0.0096836864817731669 -0.010774475629098872 -0.0042251959885078114 0.016014178978440395 0.044342239242457719 -0.00088255755515598679 0.011831338494340354 0.030231874996768809 0.011973291015290278 0.029122514352199327 -0.022038770437513198 -0.02237433103593299 0.023582040115817899 -0.014842303462025967 0.0073580103986233434 0.0051888570283948315 -0.018098598754847331 0.018407927998893885 -0.020196214337272853 -0.014650764170137415 -0.0070948114612780873 0.0094788889938016794 0 0.016712430598011155 0 0 0.042359870290594542 -0.010085115780202875
leaf_weight=10.338852614164354 6.4110147058963785 11.613161265850072 7.6306709051132193 8.3446159958839434 7.1710985898971549 7.2620202004909542 5.622812122106553 7.4095843136310577 6.1301738619804382 7.209603786468505 7.5446155965328208 5.5995813906192806 5.5740442574024183 9.0551063120365125 9.6863334476947767 6.9567764699459103 10.210817366838457 7.477882891893386 8.0755910873413104 11.098149359226225 8.6044314503669757 5.8059494495391846 48.125416904687881 31.835315406322479 8.6093334257602709 5.5332201421260825 7.5851751565933228 5.5396804511547071 5.5213935673236838 5.9394437074661228 10.479376167058943
leaf_count=37 23 42 27 30 26 26 20 26 22 26 27 20 20 33 35 25 37 27 29 40 31 21 174 115 31 20 27 20 20 21 38
internal_value=0 -0.00203519 0.00581759 0.00218965 0.00998891 0.0155675 0.022237 0.0258754 -0.00459839 -0.00302263 -0.00432057 0.00550355 0.0146377 -0.00843826 -0.00655498 -0.00516585 0.00350622 -0.00530292 -0.00309505 -0.00833533 -0.00713697 0.00166929 -0.00909244 -0.00314371 0 -0.01457 0.0335201 -0.0112252 -0.0131099 0.0333174 -0.0181401
internal_weight=310.001 288.595 69.974 62.3433 36.3342 29.1631 21.9011 21.4058 218.622 190.996 179.292 32.3179 11.7042 26.0091 146.974 137.287 24.6455 17.6887 24.7733 19.1737 112.642 19.9501 92.6917 39.0449 16.9539 27.6258 14.9948 11.3456 53.6468 11.5623 22.0925
internal_count=1116 1040 251 224 130 104 78 76 789 689 647 116 42 94 531 496 89 64 89 69 407 72 335 141 61 100 53 41 194 41 80
is_linear=0
shrinkage=0.03


end of trees

feature_importances:
Column_55=17
Column_16=14
Column_46=12
Column_47=9
Column_54=8
Column_19=7
Column_32=7
Column_12=6
Column_21=6
Column_30=6
Column_41=6
Column_45=6
Column_14=5
Column_18=5
Column_24=5
Column_29=5
Column_37=5
Column_43=5
Column_7=4
Column_26=4
Column_27=4
Column_42=4
Column_44=4
Column_58=4
Column_20=3
Column_34=3
Column_36=3
Column_38=3
Column_39=3
Column_40=3
Column_49=3
Column_50=3
Column_59=3
Column_60=3
Column_61=3
Column_2=2
Column_3=2
Column_5=2
Column_23=2
Column_28=2
Column_33=2
Column_35=2
Column_52=2
Column_53=2
Column_0=1
Column_9=1
Column_10=1
Column_25=1
Column_31=1
Column_48=1
Column_51=1
Column_56=1
Column_57=1

parameters:
[boosting: gbdt]
[objective: multiclass]
[metric: multi_logloss]
[tree_learner: serial]
[device_type: cpu]
[data_sample_strategy: bagging]
[data: ]
[valid: ]
[num_iterations: 1400]
[learning_rate: 0.03]
[num_leaves: 96]
[num_threads: 2]
[seed: 42]
[deterministic: 0]
[force_col_wise: 1]
[force_row_wise: 0]
[histogram_pool_size: -1]
[max_depth: 10]
[min_data_in_leaf: 20]
[min_sum_hessian_in_leaf: 0.001]
[bagging_fraction: 0.85]
[pos_bagging_fraction: 1]
[neg_bagging_fraction: 1]
[bagging_freq: 0]
[bagging_seed: 400]
[bagging_by_query: 0]
[feature_fraction: 0.8]
[feature_fraction_bynode: 1]
[feature_fraction_seed: 30056]
[extra_trees: 0]
[extra_seed: 12879]
[early_stopping_round: 0]
[early_stopping_min_delta: 0]
[first_metric_only: 0]
[max_delta_step: 0]
[lambda_l1: 0.2]
[lambda_l2: 1.5]
[linear_lambda: 0]
[min_gain_to_split: 0]
[drop_rate: 0.1]
[max_drop: 50]
[skip_drop: 0.5]
[xgboost_dart_mode: 0]
[uniform_drop: 0]
[drop_seed: 17869]
[top_rate: 0.2]
[other_rate: 0.1]
[min_data_per_group: 100]
[max_cat_threshold: 32]
[cat_l2: 10]
[cat_smooth: 10]
[max_cat_to_onehot: 4]
[top_k: 20]
[monotone_constraints: ]
[monotone_constraints_method: basic]
[monotone_penalty: 0]
[feature_contri: ]
[forcedsplits_filename: ]
[refit_decay_rate: 0.9]
[cegb_tradeoff: 1]
[cegb_penalty_split: 0]
[cegb_penalty_feature_lazy: ]
[cegb_penalty_feature_coupled: ]
[path_smooth: 0]
[interaction_constraints: ]
[verbosity: -1]
[saved_feature_importance_type: 0]
[use_quantized_grad: 0]
[num_grad_quant_bins: 4]
[quant_train_renew_leaf: 0]
[stochastic_rounding: 1]
[linear_tree: 0]
[max_bin: 255]
[max_bin_by_feature: ]
[min_data_in_bin: 3]
[bin_construct_sample_cnt: 200000]
[data_random_seed: 175]
[is_enable_sparse: 1]
[enable_bundle: 1]
[use_missing: 1]
[zero_as_missing: 0]
[feature_pre_filter: 1]
[pre_partition: 0]
[two_round: 0]
[header: 0]
[label_column: ]
[weight_column: ]
[group_column: ]
[ignore_column: ]
[categorical_feature: ]
[forcedbins_filename: ]
[precise_float_parser: 0]
[parser_config_file: ]
[objective_seed: 16083]
[num_class: 3]
[is_unbalance: 0]
[scale_pos_weight: 1]
[sigmoid: 1]
[boost_from_average: 1]
[reg_sqrt: 0]
[alpha: 0.9]
[fair_c: 1]
[poisson_max_delta_step: 0.7]
[tweedie_variance_power: 1.5]
[lambdarank_truncation_level: 30]
[lambdarank_norm: 1]
[label_gain: ]
[lambdarank_position_bias_regularization: 0]
[eval_at: ]
[multi_error_top_k: 1]
[auc_mu_weights: ]
[num_machines: 1]
[local_listen_port: 12400]
[time_out: 120]
[machine_list_filename: ]
[machines: ]
[gpu_platform_id: -1]
[gpu_device_id: -1]
[gpu_device_id_list: ]
[gpu_use_dp: 0]
[num_gpu: 1]

end of parameters

pandas_categorical:null
