tree
version=v4
num_class=1
num_tree_per_iteration=1
label_index=0
max_feature_idx=62
objective=binary sigmoid:1
feature_names=Column_0 Column_1 Column_2 Column_3 Column_4 Column_5 Column_6 Column_7 Column_8 Column_9 Column_10 Column_11 Column_12 Column_13 Column_14 Column_15 Column_16 Column_17 Column_18 Column_19 Column_20 Column_21 Column_22 Column_23 Column_24 Column_25 Column_26 Column_27 Column_28 Column_29 Column_30 Column_31 Column_32 Column_33 Column_34 Column_35 Column_36 Column_37 Column_38 Column_39 Column_40 Column_41 Column_42 Column_43 Column_44 Column_45 Column_46 Column_47 Column_48 Column_49 Column_50 Column_51 Column_52 Column_53 Column_54 Column_55 Column_56 Column_57 Column_58 Column_59 Column_60 Column_61 Column_62
feature_infos=[-1.4262769184710395:6.6474381801685274] [-3.746274114065391:5.8926619283062474] [-1.3881675463295549:7.9111971341537286] [-1.3981562972966015:6.4132947739239183] [-3.7252950526363477:5.8511813959212162] [-1.3992839129253682:7.8872448329598193] [-2.2959125712804762:4.2210068324237167] [-6.0406590895649481:4.6048325339596001] [-2.4428216597111709:4.1037252690603161] [-2.6536086756566126:3.3810662078233333] [-3.4344617754541726:9.562660549351083] [-2.1341828345484295:3.8024214392032332] [-1.3142744967982249:3.0591178497505025] [-2.6446953298315532:3.1096118401666071] [-2.1398749273292808:3.8915577214569952] [-2.6446953298315532:3.1096118401666071] [-3.8474866167075796:9.4843701032970689] [-2.1398749273292808:3.8915577214569952] [-5.8095922428049418:0.91168996390813883] [-1.8630479162903937:1.6153628273818013] [-1.3962349341255595:1.4760125514391005] [-2.999560995854607:0.60480658774224594] [-2.1244691063786476:0.47070583281138295] [-2.1737826576138199:2.7210858202114885] [-2.3271929734775409:4.8268551504114479] [-2.3023337698499891:3.9151469102718446] [-3.7908636499328678:4.1038254173444111] [-2.2486582151122754:2.5550298726551901] [-2.3366861839760018:6.749659684240104] [-2.1448928096707101:4.8041386381187525] [-4.9813576102360795:3.625888315178424] [-2.7889467848652965:3.4632441978526893] [-2.5046479173957401:4.2106850019276312] [-2.869407497055112:3.513156525245055] [-3.1180401375836504:4.7338553784354831] [-2.8476460378529973:3.2919039628661588] [-3.0225451919227813:8.7960763930022576] [-2.7824428227586697:6.1677864810048817] [-6.3241025937473783:4.6465257295913283] [-3.3548795113408603:4.0695851893404003] [-3.3305697247104376:3.948030718063074] [-2.591086393820683:2.0965117048851285] [-3.6780025598130428:3.5115237898622573] [-1.7815852663972329:3.1594084381234073] [-5.7934768025581311:4.1398837860479709] [-2.8636775214104278:4.0155516415641115] [-2.5841936626780466:4.1180996485469814] [-2.9942175981627104:3.3136359343974378] [-2.925376651659807:2.5227447082266372] [-0.98263947849855426:4.3071952078221285] [-0.9628211718146148:4.1559819144732835] [-10.631262638912698:9.4970111914440842] [-4.8664934187485818:4.5105712113220413] [-3.7081433791767147:6.4263691745158278] [-2.5863358633866831:3.2819128871984753] [-2.6939909421481736:3.0683011999110188] [-1.082248659673235:3.0290201985548606] [-1.1705964596205574:3.4288126481111294] [-1.1779527068151014:2.9388921770031007] [-2.5124310156547711:2.6301466637974205] [25:775] [25:775] [0:1]
tree_sizes=3992 3394 3676 3812 3557 4209

Tree=0
num_leaves=37
num_cat=0
split_feature=7 46 31 39 32 16 27 20 39 37 18 12 39 46 40 14 26 12 42 45 50 54 54 54 52 20 47 45 4 32 20 45 36 46 27 12
split_gain=25.0215 7.5643 8.12984 7.34457 7.22115 6.84242 5.79972 5.74645 9.15644 6.15003 6.24224 5.13685 4.98826 4.8121 5.72606 4.61082 4.38729 4.37311 4.33024 5.85824 4.8992 4.29163 6.70167 3.60837 3.03881 2.8931 2.77185 2.65075 2.55996 2.33208 2.25176 2.22794 1.55514 1.43116 0.940566 0.444836
threshold=1.3587441173857864 0.1161653622501876 0.61502386128116282 0.54296445651680192 1.0000000180025095e-35 0.10994050855709057 -0.48730591626420455 0.82322903199258701 -0.2269800309612551 -0.3086988901906878 0.74214838725872256 -0.19866618959137661 -0.6944463269300748 -0.26048771234499296 -0.075417860025617248 -0.23066509399128735 -1.0000000180025095e-35 -0.69681433499727363 -1.1368768672553935 0.32748320858219809 -0.29927262359210943 -0.25098047001227808 -0.70984162024814512 -1.0819954468339559 0.44717653829143778 0.301002216435376 1.0976265920179593 -1.1096926476744977 0.49962102760963661 0.22345608107937973 -0.48233800690044043 -0.1296517677023489 0.089691825440812167 -0.73882860771914249 0.47343170128928863 -0.91585464433763042
decision_type=2 2 2 2 2 2 2 2 2 2 2 2 2 2 2 2 2 2 2 2 2 2 2 2 2 2 2 2 2 2 2 2 2 2 2 2
left_child=1 3 5 4 7 12 33 9 27 10 16 35 23 14 24 -11 -1 28 -7 31 -21 22 -17 -3 26 -4 -5 -9 -14 -19 -16 -20 -32 -6 -8 -2
right_child=11 2 25 13 6 18 34 8 -10 15 -12 -13 17 -15 30 21 -18 29 19 20 -22 -23 -24 -25 -26 -27 -28 -29 -30 -31 32 -33 -34 -35 -36 -37
leaf_value=-0.20095714797820044 -0.21343802754251293 -0.22291351469408141 -0.26185649310132664 -0.25685555657217257 -0.24563373905610009 -0.21653304298859521 -0.27303775259859153 -0.24164104111340104 -0.2232559159202511 -0.25629050032162881 -0.24574568878946829 -0.22694704823075981 -0.24680843417218506 -0.24769654507644687 -0.22925357166043622 -0.23862751268502019 -0.23187723128296428 -0.20184453569122021 -0.23622015308547065 -0.24421496412379826 -0.20986172359868815 -0.25149844082775458 -0.19944851091465596 -0.18592766323657284 -0.22156817583795238 -0.23301270480976877 -0.22957816515066642 -0.27186500527316337 -0.22315601286887923 -0.22957816515066642 -0.19474119250141364 -0.25935099828175318 -0.22276437196108423 -0.22724456410827432 -0.25046950445458188 -0.18672343746828868
leaf_weight=10.360116541385654 4.9333888292312631 5.4267277121543884 5.9200665950775129 5.6733971536159533 6.660074919462204 9.1267693340778333 10.113447099924089 5.9200665950775155 6.9067443609237662 9.6201082170009631 5.1800582706928244 6.41340547800064 6.9067443609237653 7.8934221267700186 5.6733971536159542 8.6334304511547106 6.1667360365390786 6.9067443609237689 8.1400915682315809 4.9333888292312622 7.4000832438468915 5.4267277121543875 4.9333888292312613 6.166736036539076 7.1534138023853293 6.4134054780006409 5.1800582706928253 9.1267693340778351 6.4134054780006409 5.1800582706928253 5.9200665950775129 8.6334304511547142 4.9333888292312622 5.4267277121543902 8.6334304511547071 9.8667776584625244
leaf_count=42 20 22 24 23 27 37 41 24 28 39 21 26 28 32 23 35 25 28 33 20 30 22 20 25 29 26 21 37 26 21 24 35 20 22 35 40
internal_value=-0.231877 -0.234788 -0.227907 -0.238967 -0.243256 -0.224096 -0.255153 -0.237729 -0.249994 -0.231893 -0.2204 -0.201812 -0.215158 -0.228649 -0.223652 -0.240948 -0.21163 -0.2238 -0.2329 -0.238729 -0.223885 -0.231877 -0.222969 -0.199772 -0.235087 -0.249041 -0.244653 -0.262299 -0.235285 -0.211723 -0.21163 -0.249732 -0.20434 -0.237336 -0.265088 -0.192744
internal_weight=254.316 233.103 87.5677 145.535 103.108 75.2342 30.8337 72.2741 21.9536 50.3206 21.7069 21.2136 37.0004 42.4271 34.5337 28.6137 16.5269 25.407 38.2338 29.107 12.3335 18.9935 13.5668 11.5935 18.0069 12.3335 10.8535 15.0468 13.3201 12.0868 16.5269 16.7735 10.8535 12.0868 18.7469 14.8002
internal_count=1031 945 355 590 418 305 125 293 89 204 88 86 150 172 140 116 67 103 155 118 50 77 55 47 73 50 44 61 54 49 67 68 44 49 76 60
is_linear=0
shrinkage=1


Tree=1
num_leaves=31
num_cat=0
split_feature=7 46 51 26 60 33 12 3 14 55 7 28 19 53 0 46 40 60 19 55 60 47 33 19 46 60 36 25 25 34
split_gain=23.7227 7.19156 10.2966 9.65071 7.1732 6.71944 5.86209 5.75921 5.51568 6.96049 6.66472 4.66009 6.61997 4.17058 4.13748 4.93644 4.79548 5.67893 5.63787 3.40353 3.13495 3.82307 3.03473 2.78102 2.56516 1.96946 1.88809 0.910882 0.716964 0.290759
threshold=1.3587441173857864 0.1161653622501876 0.22221834804439086 -0.35285389482824675 119.50000000000001 -0.24799727361040039 -0.94549634381467529 -1.1547560102948027 0.36257318407070821 -0.42517010232348473 0.61301046353964084 1.0000000180025095e-35 0.47588344583401332 1.0000000180025095e-35 -0.93421363244519595 -0.10184270807583629 0.93860938114710268 588.00000000000011 -1.4432397230885767 -0.37493779995627313 502.50000000000006 0.62956892463768532 -0.47594598869254912 1.075609436122323 0.7034011343765213 730.00000000000011 1.0000000180025095e-35 -0.29079590275174888 -0.29079590275174888 1.5145782168676389
decision_type=2 2 2 2 2 2 2 2 2 2 2 2 2 2 2 2 2 2 2 2 2 2 2 2 2 2 2 2 2 2
left_child=1 4 5 -4 -1 22 -7 -2 9 10 13 19 -13 20 -11 16 17 27 -19 -8 -6 -22 24 -14 -3 -18 -10 -16 -5 -9
right_child=7 2 3 28 8 6 11 29 26 14 -12 12 23 -15 15 -17 25 18 -20 -21 21 -23 -24 -25 -26 -27 -28 -29 -30 -31
leaf_value=0.016554692888926484 0 -0.010656127203936015 0.0096441490885047013 -0.037940140157882288 -0.0053708383629586772 -0.0045075379677243996 0.010613975116832066 0.042162190177936432 -0.010415397450091814 -0.022631151701903877 0.013416734916811302 -0.013810017228465291 0.029082358323307193 0.0029544859741463697 0.011274946302313196 -0.017379545390797044 -0.020064060264428019 -0.018225659148374356 0.009667785202383478 0.0437122078298572 -0.03401034930977536 -0.0078535096694751089 -0.020776632694174499 0.0028427227021564413 0.013436472822584181 0.0022626997155408969 -0.034736756455024415 0.03606135344251437 -0.01493684465360204 0.017644863518824948
leaf_weight=9.3712957799434644 4.9399746656417873 5.4176921993494052 8.6393239200115222 5.915098249912262 9.6122157573699933 9.3756159693002683 6.169357866048812 11.383569523692133 8.1332884281873721 5.1732468754053107 5.4232212901115409 5.9196575880050686 9.8749900907278079 6.1648751348257056 5.1795528680086136 8.3716680109500867 6.4117898195981962 6.8959473371505657 27.12058191001416 9.3871361315250379 19.940325036644939 8.878674313426016 5.6723863035440436 6.6687287688255301 7.6451178193092346 5.1806716620922089 7.8824448734521857 5.6731287091970426 6.9062247276306135 4.9502982646226874
leaf_count=38 20 22 35 24 39 38 25 46 33 21 22 24 40 25 21 34 26 28 110 38 81 36 23 27 31 21 32 23 28 20
internal_value=0 -0.00283491 0.00387114 -0.0134625 -0.00691351 0.00975877 0.015663 0.029236 -0.00873667 -0.00628183 -0.0146518 0.0207711 0.010498 -0.0185208 -3.57218e-05 0.00214777 0.00552148 0.00999931 0.00331327 0.0330257 -0.0220976 -0.026937 -0.00493475 0.0199534 0.00296387 -0.0105119 -0.0246778 0.0275231 -0.0288306 0.0371772
internal_weight=254.278 233.004 87.5913 21.4606 145.413 66.1307 47.3955 21.2738 136.042 120.026 50.0193 38.0199 22.4634 44.5961 70.0066 64.8333 56.4617 44.8692 34.0165 15.5565 38.4312 28.819 18.7352 16.5437 13.0628 11.5925 16.0157 10.8527 12.8213 16.3339
internal_count=1031 945 355 87 590 268 192 86 552 487 203 154 91 181 284 263 229 182 138 63 156 117 76 67 53 47 65 44 52 66
is_linear=0
shrinkage=0.03


Tree=2
num_leaves=34
num_cat=0
split_feature=1 19 26 51 60 3 12 32 37 25 45 16 55 20 58 36 42 29 19 47 45 38 27 34 20 19 27 43 42 47 56 45 42
split_gain=22.4819 6.53016 9.79017 6.79725 5.62029 5.43373 5.39682 4.61571 6.90294 7.48975 8.31867 5.76704 6.23711 5.17292 6.3365 6.29785 5.07834 4.53746 4.20919 4.199 4.08559 4.04029 3.80331 3.63996 5.24712 3.45522 2.85254 2.84222 4.5965 2.64369 2.50432 1.30392 0.251385
threshold=1.2999924022350549 0.47588344583401332 1.0000000180025095e-35 0.22221834804439086 90.500000000000014 -1.1547560102948027 -0.97006721093677506 1.0000000180025095e-35 1.0000000180025095e-35 -0.65653006040597428 -0.59112561421794185 0.9061931904641698 0.79478070567511183 -1.0045648224576511 1.0000000180025095e-35 -0.30426222739002234 1.0000000180025095e-35 -0.58136073391808107 -0.84351373280026742 0.65723460978436288 -0.3243681671099477 -0.76042680119703399 1.1139234463249508 -0.21283879665657091 -0.48233800690044043 1.075609436122323 -0.22043435583267881 -0.29928715504104075 -0.57906878840127551 0.052584769323318889 1.0000000180025095e-35 -0.77829023732862279 1.1150150066371574
decision_type=2 2 2 2 2 2 2 2 2 2 2 2 2 2 2 2 2 2 2 2 2 2 2 2 2 2 2 2 2 2 2 2 2
left_child=1 4 6 23 -1 -2 -3 8 9 10 -6 12 26 -9 15 19 20 -8 -16 -15 30 -18 -14 -4 -25 -26 -11 28 -19 -17 -10 -28 -7
right_child=5 2 3 -5 7 32 17 13 16 11 -12 -13 22 14 18 29 21 27 -20 -21 -22 -23 -24 24 25 -27 31 -29 -30 -31 -32 -33 -34
leaf_value=0.015295266039879423 0 -0.0056407716033833495 -0.015074374645661689 -0.025545349203688356 -0.033526905214338286 0.040926405508583279 0 -0.032800891031000548 -0.035404551677174809 0.006948352100214189 0.0084137906992413584 -0.011064113173191427 -0.018254553603535131 -0.025138866936467621 -0.0023161293667814625 0.022718710455532115 0.01604393046495621 0.027356314534100784 -0.033664934898768373 0.0046923849414383543 0 -0.013551974960427692 0.012882743421671054 -0.0079152135223087752 0.036403835837235707 0.002962034303687596 0.017035796523621978 0.035852659986151558 -0.0077789501277679366 -0.0010815107640012604 -0.0073845143171880762 0.044583560620277699 0.017175987256265728
leaf_weight=8.6481398195028287 4.9399746656417873 8.3881702274084073 6.9090415090322521 10.320668682456015 7.3820990920066833 11.426155716180803 8.1653205752372759 10.07815061509609 11.796322688460352 7.148506134748458 6.912118121981619 7.6281457394361487 5.1760159283876401 9.0890657007694227 6.6453121155500439 8.1279254257678968 6.8967483639717102 5.680975928902626 10.571784839034079 5.9220265895128259 6.1542832553386715 6.6511886566877347 5.917714461684227 8.8800110369920748 4.9464863389730436 6.1644115149974823 7.1571716070175153 12.617815107107161 4.9352781772613543 6.4106717109680185 5.6457440853118888 5.934055581688888 4.9592127799987784
leaf_count=35 20 34 28 42 30 46 33 41 48 29 28 31 21 37 27 33 28 23 43 24 25 27 24 36 20 25 29 51 20 26 23 24 20
internal_value=0 -0.00276639 0.00427999 -0.00654703 -0.0062929 0.028423 0.0144237 -0.00774263 -0.0033455 0.00348269 -0.0139932 0.0103236 0.0159808 -0.0143667 -0.009374 -0.000489265 -0.0130459 0.019979 -0.023041 -0.0136496 -0.0210549 0.00121293 -0.00161248 0.001495 0.00815317 0.020885 0.0253458 0.0263825 0.0115865 0.0127305 -0.0279546 0.0332336 0.0361169
internal_weight=254.227 232.901 77.0082 37.2206 155.893 21.3253 39.7876 147.245 90.4001 53.2558 14.2942 38.9616 31.3335 56.8449 46.7668 29.5497 37.1443 31.3994 17.2171 15.0111 23.5964 13.5479 11.0937 26.9 19.9909 11.1109 20.2397 23.2341 10.6163 14.5386 17.4421 13.0912 16.3854
internal_count=1031 945 312 151 633 86 161 598 367 216 58 158 127 231 190 120 151 127 70 61 96 55 45 109 81 45 82 94 43 59 71 53 66
is_linear=0
shrinkage=0.03


Tree=3
num_leaves=35
num_cat=0
split_feature=7 46 51 26 33 54 6 34 16 33 45 10 25 26 55 55 54 33 28 28 26 50 41 45 45 46 33 45 33 46 46 54 45 55
split_gain=21.3048 6.48894 9.45348 8.84143 6.23067 6.05124 5.39025 5.237 4.69634 4.29782 4.14337 4.02974 5.40025 5.07351 3.80598 5.0341 5.47248 5.16734 6.00707 9.93744 4.65462 3.81392 3.48697 3.59097 2.96408 2.92472 2.91482 2.72071 2.58693 2.419 2.32902 1.61049 0.890854 0.789859
threshold=1.3587441173857864 0.1161653622501876 0.22221834804439086 -0.35285389482824675 -0.24799727361040039 -0.87595559497266406 1.0000000180025095e-35 -0.89707540590966661 0.16460437200821237 -0.70389470377469798 -1.0685257649436106 -0.41390980871622063 0.44067241255670214 1.0000000180025095e-35 -1.3583930731370142 -0.23622642546416198 1.2252481329309488 0.43584887163604596 -0.70114392769710254 -1.0000000180025095e-35 -0.35285389482824675 -0.48885792308425385 -0.87230042429521848 0.24086539483372907 -0.69967193048820442 -0.50108106359429849 -0.47594598869254912 -0.85343572006890744 0.63123348456360218 0.7034011343765213 -0.74477680791354028 -1.0657399918291779 0.97708987471631648 0.16278052502604601
decision_type=2 2 2 2 2 2 2 2 2 2 2 2 2 2 2 2 2 2 2 2 2 2 2 2 2 2 2 2 2 2 2 2 2 2
left_child=1 5 4 -4 26 6 10 -7 11 -2 -1 12 -6 31 30 16 20 18 -17 24 -16 -21 -10 -24 -20 27 29 -22 -12 -3 -9 -13 -11 -5
right_child=9 2 3 33 8 7 -8 14 22 32 28 13 -14 -15 15 17 -18 -19 19 21 25 -23 23 -25 -26 -27 -28 -29 -30 -31 -32 -33 -34 -35
leaf_value=0.011507534601009978 0.0072172858375671957 -0.01034140856936523 0.0090949140541329437 -0.013997481766401599 0.023805172724995591 0.017416105728507384 -0.037760154800431808 0.023183243418587282 0.018569991182034205 0.018521554399504016 0 0.017283890445991251 -0.01421280263786795 0.0016995631230986917 0 -0.020765422697525869 0.0074736333661304371 -0.025146250081311911 0.0032063222318500467 -0.025535592718583664 -0.0086720843944978546 0.00023041916351145868 -0.021597653410307525 0.0083984390188551056 0.030472474513698895 -0.0051935056210408196 -0.020385238830784198 -0.039111059589514378 -0.025155175716239871 0.01305191041673198 -0.0026200658827140602 0.046711175112037574 0.04614838700523053 -0.036888778634263097
leaf_weight=5.1712392419576672 7.9290634244680431 5.407827556133272 8.657288923859598 6.8703502267599088 5.1991779059171694 8.3841895461082441 8.0990779399871808 4.9303212314844131 5.6904549747705486 5.9708318412303907 4.9230294078588512 6.1960453093051937 5.1880030333995819 5.1918619424104682 7.8778735548257819 7.6187230795621863 6.6361919194459906 5.8901588767766944 6.1546527296304729 4.9072311669588045 5.1573067158460644 24.387184828519835 5.9083214253187162 5.4390610605478287 11.837980777025214 5.9015764892101314 5.6602221578359595 13.261872991919516 9.0861447453498823 7.6570273339748383 4.9220182895660383 8.6775113344192487 7.4653117805719376 5.8741472512483597
leaf_count=21 32 22 35 28 21 34 33 20 23 24 20 25 21 21 32 31 27 24 25 20 21 99 24 22 48 24 23 54 37 31 20 35 30 24
internal_value=0 -0.00269143 0.00367297 -0.01296 0.00930559 -0.00657247 -0.0189734 -0.00344975 0.0149828 0.0276472 -0.00858695 0.021789 0.00491452 0.0292966 -0.00531551 -0.00714106 -0.0153795 -0.00153865 0.00148891 0.00572564 -0.0203906 -0.00492451 0.0017155 -0.00745094 0.0224179 -0.0265494 -0.00483968 -0.0321843 -0.0167869 0.00288915 0.011121 0.0375252 0.0373661 -0.0277431
internal_weight=254.129 232.764 87.6173 21.4018 66.2155 145.147 27.2795 117.867 47.4904 21.3652 19.1804 30.4526 10.3872 20.0654 109.483 99.6308 38.8348 60.7959 54.9058 47.287 32.1986 29.2944 17.0378 11.3474 17.9926 24.3208 18.7251 18.4192 14.0092 13.0649 9.85234 14.8736 13.4361 12.7445
internal_count=1031 945 355 87 268 590 111 479 192 86 78 123 42 81 445 405 158 247 223 192 131 119 69 46 73 99 76 75 57 53 40 60 54 52
is_linear=0
shrinkage=0.03


Tree=4
num_leaves=33
num_cat=0
split_feature=1 46 51 54 39 60 34 33 12 46 3 17 45 46 30 55 28 45 54 1 61 54 55 32 61 33 46 61 46 54 55 31
split_gain=20.2548 6.1642 9.00688 6.94042 6.67708 7.92298 6.8185 5.9343 5.28089 5.14051 5.01846 4.76992 5.71854 4.36485 5.15124 4.55321 4.33129 7.8242 4.32953 6.72952 6.66347 3.20142 3.15062 2.98487 2.82805 2.78068 2.30233 1.61312 1.60012 1.4752 0.83918 0.257695
threshold=1.2999924022350549 0.1161653622501876 0.22221834804439086 -0.12289912110084257 0.54296445651680192 119.50000000000001 0.17975597914438587 -0.24799727361040039 -0.94549634381467529 -0.61643433063906783 -1.1547560102948027 0.76496693257252113 -1.1877596093395704 -0.26048771234499296 0.30595060108997302 0.95272710691520646 1.0000000180025095e-35 0.16400003207153221 -0.87595559497266406 -0.81679355216812821 585.50000000000011 -0.28687134794028896 -0.37493779995627313 0.22345608107937973 655.00000000000011 -0.47594598869254912 0.7034011343765213 502.50000000000006 0.84343249610035298 1.1851981660269086 0.18324563102546546 1.4833837199919944
decision_type=2 2 2 2 2 2 2 2 2 2 2 2 2 2 2 2 2 2 2 2 2 2 2 2 2 2 2 2 2 2 2 2
left_child=1 4 7 28 5 -1 11 25 -9 -8 -2 12 -7 14 23 -16 22 -18 24 -20 -21 -19 -10 27 -14 26 -3 -6 -4 -25 -5 -12
right_child=10 2 3 30 13 6 9 8 16 -11 31 -13 18 -15 15 -17 17 21 19 20 -22 -23 -24 29 -26 -27 -28 -29 -30 -31 -32 -33
leaf_value=0.015545047666080095 0 -0.010109451526860876 0.012160797553734939 -0.012636706463072668 -0.0026385080590460449 0.015449324566802055 -0.037420253331045629 -0.0045019868966478501 0.0097782751267944355 -0.0071864102909202521 0.038936976475638034 -0.027867935460496335 -0.0033904719696513223 -0.014776335730908346 0.036338056132059322 0 -0.010833078176032513 0.034287681469089976 0.022871479221534791 -0.02374690879863503 0.0033280452633449751 0.0036813480615314862 0.041411718474369315 -0.020188368164854247 -0.029675668095105225 -0.019944071978921327 0.012709639245955287 0.017543918871273521 -0.007820940349231845 0 -0.038597665494638854 0.016165863393882565
leaf_weight=8.1582158207893354 4.946383103728297 5.4004791378974932 6.4190201014280337 5.1414969116449338 4.9209039956331271 9.1161319315433484 14.184925884008409 9.3731862008571607 6.188490390777587 9.5660694539546949 11.474758431315424 8.0713586509227735 6.8692452460527376 7.8465259224176398 6.9272502660751325 5.4317200779914856 8.8764847368001956 7.6986771672964061 6.1529059708118359 12.753882095217721 17.729665830731392 5.945599704980852 9.4508602917194349 5.6500953286886197 10.040810301899908 5.6452714204788199 7.6675653606653214 6.6653459072113037 4.9324981421232224 4.9264547526836395 4.870137631893158 4.975005477666854
leaf_count=33 20 22 26 21 20 37 58 38 25 39 46 33 28 32 28 22 36 31 25 52 72 24 38 23 41 23 31 27 20 20 20 20
internal_value=0 -0.00262627 0.00357503 -0.0126757 -0.00641203 -0.0105178 -0.0130384 0.00906873 0.0146049 -0.026631 0.0269378 -0.00793302 -0.00468029 0.0034175 0.00816248 0.0225221 0.0194421 0.00959178 -0.0085439 -0.00229322 -0.00839458 0.0230325 0.0311957 -0.00051162 -0.0204702 -0.00473695 0.00279766 0.00919366 0.00311196 -0.0114616 -0.0291704 0.0343109
internal_weight=254.017 232.621 87.6098 21.3632 145.012 102.643 94.485 66.2466 47.5333 23.751 21.3961 70.734 62.6626 42.3683 34.5218 12.359 38.1601 22.5208 53.5465 36.6365 30.4835 13.6443 15.6394 22.1628 16.9101 18.7133 13.068 11.5862 11.3515 10.5766 10.0116 16.4498
internal_count=1031 945 355 87 590 418 385 268 192 97 86 288 255 172 140 50 154 91 218 149 124 55 63 90 69 76 53 47 46 43 41 66
is_linear=0
shrinkage=0.03


Tree=5
num_leaves=39
num_cat=0
split_feature=1 19 31 16 32 54 31 39 39 30 20 34 27 39 3 58 20 20 24 30 12 47 32 34 0 53 23 34 47 20 12 47 40 30 45 40 34 2
split_gain=19.2125 5.61293 6.48705 5.12173 4.8545 9.42465 9.0674 8.77747 8.71138 6.2695 5.35602 4.82148 5.44826 4.79301 4.75245 4.63118 4.40992 7.03462 4.29499 4.14207 3.21043 5.15344 5.38559 3.20725 3.20425 3.16728 2.99377 2.96803 2.42082 2.18263 2.08379 2.08372 1.00252 0.942781 0.694763 0.239525 0.227299 0.13663
threshold=1.2999924022350549 0.47588344583401332 0.61502386128116282 0.16460437200821237 1.0000000180025095e-35 -0.67398781134149977 -0.39227357482340175 -0.2269800309612551 0.7491995870912812 0.55187191324467322 -0.48233800690044043 0.10123702398419437 -0.48730591626420455 -0.12214383958589457 -1.1547560102948027 1.0000000180025095e-35 0.301002216435376 -0.74345141467904585 0.49677339121548103 0.55187191324467322 -0.055370830418429932 -0.76164451100768504 -1.1855646653857919 -1.0765473034186752 0.28995771760982897 -0.42933049415853891 0.92630071167554229 1.0000000180025095e-35 -0.11823393669099053 0.301002216435376 -0.662536153592724 -0.64042379650114067 -0.075417860025617248 -1.0000000180025095e-35 -0.75350476345878603 0.61200551512521451 1.5145782168676389 -0.049502613619439965
decision_type=2 2 2 2 2 2 2 2 2 2 2 2 2 2 2 2 2 2 2 2 2 2 2 2 2 2 2 2 2 2 2 2 2 2 2 2 2 2
left_child=1 4 3 13 5 20 28 10 11 26 -8 12 -6 18 -2 -5 17 33 30 27 21 -1 -23 -22 -17 -18 -10 -15 -7 -4 31 -3 -13 -9 -24 -34 -16 -27
right_child=14 2 29 15 8 6 7 16 9 -11 -12 32 -14 19 36 24 25 -19 -20 -21 23 22 34 -25 -26 37 -28 -29 -30 -31 -32 -33 35 -35 -36 -37 -38 -39
leaf_value=0.015619823457222997 0 0.0016039488051091983 -0.025643113515598656 0.012397518941958502 0.013343820964892001 0.033315646925307189 -0.00068113531450668678 0 -0.023237818389801514 0.020372477253935317 -0.039988148618817033 -0.03787383638080799 -0.022446499004134601 -0.0030676787644522744 0.037872537182231311 0.0036243355264721322 -0.00023244669651743968 -0.02750999399409669 0.00097061114634152009 -0.014199550824133111 -0.033088322102227799 0.0095036699266800272 -0.030544934044371426 -0.0046795183709462838 -0.023986136105755316 0.033285908142661788 0.0015315059961449136 0.02565008088388343 0.0046943170398161572 0 0.043156816840481088 0.027105798805761975 -0.008281733133812785 0.018414948796620995 -0.010213020538390766 -0.023585769301106015 0.015749874723101104 0.012929140797445853
leaf_weight=6.4250360578298595 4.946383103728297 5.6883971989154833 6.1163840591907483 8.1561517864465731 5.9034187644720078 9.6328613311052305 6.3941439837217331 4.9304079264402345 6.3830328732728985 8.3832574635744077 5.3761712014675123 10.961558029055595 6.3528212010860425 4.9273217171430606 11.490324661135675 4.9485353827476493 5.1715338528156272 5.3949125558137956 7.4119959324598303 7.4079760909080496 9.0427477955818194 5.4071855396032378 6.368671208620075 7.1096388697624198 8.599182114005087 5.1855878531932822 8.6039434373378736 5.4348144680261612 4.9231340289115897 5.6689351797103882 6.2180302590131786 6.4212834686040878 5.8641448318958282 4.9315439015626898 6.1280696690082479 5.6209983378648758 4.9805241227149954 4.9484432488679877
leaf_count=26 20 23 25 33 24 39 26 20 26 34 22 45 26 20 46 20 21 22 30 30 37 22 26 29 35 21 35 22 20 23 25 26 24 20 25 23 20 20
internal_value=0 -0.00255993 0.00396691 0.00777193 -0.00583825 -0.00161345 0.0061387 -0.000972321 -0.0126022 0.00135247 -0.0215777 -0.0218321 -0.00519607 0.0135893 0.0262224 -0.00375611 0.00741437 -0.00361852 0.0215119 0.00102087 -0.0124806 -0.00475522 -0.0130185 -0.022384 -0.0141462 0.0181105 -0.00980836 0.0128275 0.0253519 -0.0151367 0.0288146 0.0170645 -0.0297707 0.0108295 -0.0231664 -0.0180931 0.0333899 0.02681
internal_weight=253.86 232.442 76.999 65.2137 155.443 97.3701 56.8887 42.3327 58.0732 23.3702 11.7703 34.7029 12.2562 43.5098 21.4172 21.7039 30.5624 15.2569 25.7397 17.7701 40.4813 24.329 17.9039 16.1524 13.5477 15.3056 14.987 10.3621 14.556 11.7853 18.3277 12.1097 22.4467 9.86195 12.4967 11.4851 16.4708 10.134
internal_count=1031 945 312 264 633 396 231 172 237 95 48 142 50 176 86 88 124 62 104 72 165 99 73 66 55 62 61 42 59 48 74 49 92 40 51 47 66 41
is_linear=0
shrinkage=0.03


end of trees

feature_importances:
Column_46=15
Column_45=14
Column_54=11
Column_20=9
Column_33=9
Column_55=9
Column_12=8
Column_34=8
Column_19=7
Column_39=7
Column_47=7
Column_26=6
Column_32=6
Column_60=6
Column_27=5
Column_1=4
Column_3=4
Column_7=4
Column_16=4
Column_25=4
Column_28=4
Column_30=4
Column_31=4
Column_40=4
Column_42=4
Column_51=4
Column_36=3
Column_61=3
Column_0=2
Column_14=2
Column_37=2
Column_50=2
Column_53=2
Column_58=2
Column_2=1
Column_4=1
Column_6=1
Column_10=1
Column_17=1
Column_18=1
Column_23=1
Column_24=1
Column_29=1
Column_38=1
Column_41=1
Column_43=1
Column_52=1
Column_56=1

parameters:
[boosting: gbdt]
[objective: binary]
[metric: binary_logloss]
[tree_learner: serial]
[device_type: cpu]
[data_sample_strategy: bagging]
[data: ]
[valid: ]
[num_iterations: 1800]
[learning_rate: 0.03]
[num_leaves: 96]
[num_threads: 3]
[seed: 42]
[deterministic: 0]
[force_col_wise: 1]
[force_row_wise: 0]
[histogram_pool_size: -1]
[max_depth: 10]
[min_data_in_leaf: 20]
[min_sum_hessian_in_leaf: 0.001]
[bagging_fraction: 0.85]
[pos_bagging_fraction: 1]
[neg_bagging_fraction: 1]
[bagging_freq: 0]
[bagging_seed: 400]
[bagging_by_query: 0]
[feature_fraction: 0.8]
[feature_fraction_bynode: 1]
[feature_fraction_seed: 30056]
[extra_trees: 0]
[extra_seed: 12879]
[early_stopping_round: 0]
[early_stopping_min_delta: 0]
[first_metric_only: 0]
[max_delta_step: 0]
[lambda_l1: 0.2]
[lambda_l2: 1.5]
[linear_lambda: 0]
[min_gain_to_split: 0]
[drop_rate: 0.1]
[max_drop: 50]
[skip_drop: 0.5]
[xgboost_dart_mode: 0]
[uniform_drop: 0]
[drop_seed: 17869]
[top_rate: 0.2]
[other_rate: 0.1]
[min_data_per_group: 100]
[max_cat_threshold: 32]
[cat_l2: 10]
[cat_smooth: 10]
[max_cat_to_onehot: 4]
[top_k: 20]
[monotone_constraints: ]
[monotone_constraints_method: basic]
[monotone_penalty: 0]
[feature_contri: ]
[forcedsplits_filename: ]
[refit_decay_rate: 0.9]
[cegb_tradeoff: 1]
[cegb_penalty_split: 0]
[cegb_penalty_feature_lazy: ]
[cegb_penalty_feature_coupled: ]
[path_smooth: 0]
[interaction_constraints: ]
[verbosity: -1]
[saved_feature_importance_type: 0]
[use_quantized_grad: 0]
[num_grad_quant_bins: 4]
[quant_train_renew_leaf: 0]
[stochastic_rounding: 1]
[linear_tree: 0]
[max_bin: 255]
[max_bin_by_feature: ]
[min_data_in_bin: 3]
[bin_construct_sample_cnt: 200000]
[data_random_seed: 175]
[is_enable_sparse: 1]
[enable_bundle: 1]
[use_missing: 1]
[zero_as_missing: 0]
[feature_pre_filter: 1]
[pre_partition: 0]
[two_round: 0]
[header: 0]
[label_column: ]
[weight_column: ]
[group_column: ]
[ignore_column: ]
[categorical_feature: ]
[forcedbins_filename: ]
[precise_float_parser: 0]
[parser_config_file: ]
[objective_seed: 16083]
[num_class: 1]
[is_unbalance: 0]
[scale_pos_weight: 1]
[sigmoid: 1]
[boost_from_average: 1]
[reg_sqrt: 0]
[alpha: 0.9]
[fair_c: 1]
[poisson_max_delta_step: 0.7]
[tweedie_variance_power: 1.5]
[lambdarank_truncation_level: 30]
[lambdarank_norm: 1]
[label_gain: ]
[lambdarank_position_bias_regularization: 0]
[eval_at: ]
[multi_error_top_k: 1]
[auc_mu_weights: ]
[num_machines: 1]
[local_listen_port: 12400]
[time_out: 120]
[machine_list_filename: ]
[machines: ]
[gpu_platform_id: -1]
[gpu_device_id: -1]
[gpu_device_id_list: ]
[gpu_use_dp: 0]
[num_gpu: 1]

end of parameters

pandas_categorical:null
