tree
version=v4
num_class=3
num_tree_per_iteration=3
label_index=0
max_feature_idx=62
objective=multiclass num_class:3
feature_names=Column_0 Column_1 Column_2 Column_3 Column_4 Column_5 Column_6 Column_7 Column_8 Column_9 Column_10 Column_11 Column_12 Column_13 Column_14 Column_15 Column_16 Column_17 Column_18 Column_19 Column_20 Column_21 Column_22 Column_23 Column_24 Column_25 Column_26 Column_27 Column_28 Column_29 Column_30 Column_31 Column_32 Column_33 Column_34 Column_35 Column_36 Column_37 Column_38 Column_39 Column_40 Column_41 Column_42 Column_43 Column_44 Column_45 Column_46 Column_47 Column_48 Column_49 Column_50 Column_51 Column_52 Column_53 Column_54 Column_55 Column_56 Column_57 Column_58 Column_59 Column_60 Column_61 Column_62
feature_infos=[-1.480169725638391:6.3147723078078979] [-1.3024212941934989:6.5669780689463479] [-1.2928616501773724:5.1492082684098159] [-1.4319841449430497:7.352198038200612] [-1.1559726925101674:6.6851432819865586] [-1.2793176777646555:5.0910645907643213] [-2.1195747839257262:4.0278358430785968] [-1.526483866631368:5.6522453597728033] [-2.2001621322975313:3.3922734381607249] [-2.5679522881623278:2.8263324633976241] [-4.8698942388428437:1.7603903386367721] [-2.181256619043038:3.4651016456931285] [-1.6765236116322122:2.2767016919472924] [-2.5705248049025529:2.8205251117390366] [-2.1536941217747905:3.4675392602822446] [-2.5705248049025529:2.8205251117390366] [-5.0829622264166261:1.8671382063656903] [-2.1536941217747905:3.4675392602822446] [-4.8229362276847265:0.77214103443075244] [-1.3945965969322118:1.4748013252420293] [-1.4600899415702304:1.4862564279782993] [-1.8172511512514913:1.1992964600151117] [-1.3630363239123786:0.73365616341731854] [-1.9928512018301134:2.7630724227333707] [-2.2864989611207576:4.2869423075310866] [-2.0881266900233677:3.2095507499457931] [-3.3673095305280971:3.2342235614448067] [-2.032773206395579:2.6928928960114682] [-2.2404034091771972:3.9904655882893163] [-2.3976280700601991:4.9776126284059794] [-4.190193688329745:3.4006740979708012] [-2.5484377587483018:3.5811680721100001] [-2.8421164830755887:5.4627718647929031] [-2.3678007382052773:3.4057164742794357] [-3.9131103819565278:4.5096940145607958] [-2.4481472555956145:3.5403942107695885] [-2.5289723154524646:4.9181400249522129] [-3.153825428473962:3.0364930348410457] [-2.93351640258774:4.4702797503366334] [-3.1670224508548017:3.3994675695309025] [-2.8105557588759864:4.5442137603595967] [-2.3224079877075581:2.3831427455434779] [-2.4156120944011095:4.7801962674034488] [-1.756652533619943:3.2315554846787853] [-2.9290209613942593:4.347617284819612] [-3.4661997669795177:3.2342590024940669] [-3.1339258500653489:3.7266432201064164] [-2.5021075873618304:2.4891275927871348] [-2.5192182126400007:2.1446036740821728] [-0.82169098612961:4.5110124742850344] [-0.85539107153476812:4.5731052455643004] [-4.8970866089000831:7.5901924031152186] [-8.9968222033851806:6.2843852599269372] [-4.6553800844647393:4.1418194709849638] [-2.3722970576748343:3.3315338227443045] [-2.405938804330003:3.3009078660244406] [-0.98536382496656483:2.7130350647412751] [-0.95286240789252175:3.6225025016468368] [-1.0580842903205638:3.5813351446520012] [-3.3474766086704393:2.7692431807753297] [2:815] [2:815] none
tree_sizes=2330 2391 2080 2219 2268 2143 2429 2358 1915 2553 2129 2164 2315 2438 2036

Tree=0
num_leaves=21
num_cat=0
split_feature=14 45 53 14 8 32 20 5 37 1 47 5 29 38 13 55 3 38 28 16
split_gain=19.5327 7.08506 5.79495 7.22885 7.29037 4.4961 4.02637 3.47479 5.69657 3.32786 3.43835 2.94833 3.58268 2.11053 1.43847 1.16197 1.06001 0.61294 0.595896 0.196336
threshold=0.41847283969869487 1.0977276829138176 1.0000000180025095e-35 -0.66931538455541906 -0.037557354416062283 -0.98444408947342577 0.81663225308090615 -0.41691215367606294 -0.44556110077364597 -0.35862508678990251 0.63856687864612294 -0.84360756977564522 -0.88905610901029919 1.0000000180025095e-35 1.1027088600840325 -0.052376595184589973 0.68009495350399263 -0.72661562623528264 -1.0000000180025095e-35 0.63071013133559173
decision_type=2 2 2 2 2 2 2 2 2 2 2 2 2 2 2 2 2 2 2 2
left_child=1 2 6 14 7 -2 9 8 -5 -1 -11 -7 -13 17 -4 -6 19 -3 -9 -14
right_child=5 13 3 4 15 11 -8 18 -10 10 -12 12 16 -15 -16 -17 -18 -19 -20 -21
leaf_value=-0.80702628270972265 -0.80443812602136744 -0.79310663569787387 -0.83347551877570558 -0.82127884404068108 -0.7994484437788002 -0.83457756177919984 -0.81206177884597175 -0.81360494536714634 -0.78928218437765207 -0.77887571448241277 -0.80485265700740771 -0.80450033639941509 -0.82080876748611731 -0.80007810459313977 -0.81360494536714634 -0.78128880373118825 -0.8128245512826453 -0.774093547943007 -0.82836351962439081 -0.8342063224236056
leaf_weight=10.376736998558043 11.117932498455046 8.8943459987640399 10.006139248609545 7.7825527489185324 10.376736998558046 17.788691997528076 10.747334748506544 7.4119549989700326 9.2649437487125414 16.306300997734073 7.4119549989700309 10.376736998558043 11.488530248403555 12.600323498249052 7.4119549989700309 7.4119549989700309 8.1531504988670331 7.782552748918536 8.1531504988670314 7.7825527489185324
leaf_count=28 30 24 27 21 28 48 29 20 25 44 20 28 31 34 20 20 22 21 22 21
internal_value=-0.807827 -0.801542 -0.805128 -0.81059 -0.80484 -0.821043 -0.796915 -0.813132 -0.804119 -0.791995 -0.786096 -0.824471 -0.818723 -0.788741 -0.826466 -0.790096 -0.824205 -0.781852 -0.822813 -0.828022
internal_weight=208.647 141.939 112.662 67.8194 50.4013 66.7076 44.8423 32.6126 17.0475 34.095 23.7183 55.5897 37.801 29.2772 17.4181 17.7887 27.4242 16.6769 15.5651 19.2711
internal_count=563 383 304 183 136 180 121 88 46 92 64 150 102 79 47 48 74 45 42 52
is_linear=0
shrinkage=1


Tree=1
num_leaves=22
num_cat=0
split_feature=29 11 46 12 49 49 36 38 26 14 60 34 48 48 33 36 35 42 45 5 45
split_gain=3.77245 4.67974 5.12856 4.18201 3.61659 6.44407 4.43887 5.76258 2.74604 2.15639 2.40228 2.12079 1.98553 1.57543 1.49637 2.11592 1.42418 1.05917 0.839526 0.345454 0.311289
threshold=-0.88905610901029919 -0.42429701397928932 -0.94926125499835246 0.90886496834047137 1.0828459640184775 1.0000000180025095e-35 0.38005594251811264 -0.37066388811391854 0.26353367005700007 1.1816083875909051 354.50000000000006 -0.046905085194477711 -0.14333450205009754 -0.55268109483264494 -1.4425575951788809 -0.55083310003247177 -0.91085883319535155 0.9642372876586075 -0.60532849939040101 -0.45297092123377419 -0.411418271259619
decision_type=2 2 2 2 2 2 2 2 2 2 2 2 2 2 2 2 2 2 2 2 2
left_child=9 3 -3 14 5 6 7 12 -5 10 20 13 -4 -8 -2 16 -16 -17 -7 -9 -1
right_child=1 2 4 8 -6 18 11 19 -10 -11 -12 -13 -14 -15 15 17 -18 -19 -20 -21 -22
leaf_value=-1.3387525758991883 -1.328124794999773 -1.3016594380035915 -1.3180575894056055 -1.3338019196278299 -1.3080548065997082 -1.3330866983103782 -1.3328446371848222 -1.2938591506927111 -1.3084681469061177 -1.3244490713551638 -1.3272609506718358 -1.3439759408754468 -1.3392638238016767 -1.3149966339707231 -1.3404490331471766 -1.3530568692867269 -1.3230771431195241 -1.3346715003476399 -1.347638341752897 -1.3149966339707231 -1.3524354427370811
leaf_weight=7.8817894756794038 8.1737076044082624 7.8817894756793967 6.4221988320350629 5.8383625745773298 7.8817894756793967 8.1737076044082659 9.3413801193237305 6.7141169607639313 6.7141169607639313 6.1302807033061972 5.8383625745773307 7.006035089492797 6.4221988320350665 5.8383625745773324 7.0060350894927979 11.968643277883535 6.7141169607639295 6.1302807033061972 10.509052634239195 5.8383625745773315 9.9252163767814654
leaf_count=27 28 27 22 20 27 28 32 23 23 21 20 24 22 20 24 41 23 21 36 20 34
internal_value=-1.32933 -1.32717 -1.32271 -1.33402 -1.32553 -1.32813 -1.32221 -1.31397 -1.3199 -1.33873 -1.34274 -1.33176 -1.32901 -1.32567 -1.33877 -1.34162 -1.33177 -1.34802 -1.34232 -1.30068 -1.34789
internal_weight=164.35 134.574 82.029 52.5453 74.1472 66.2654 47.5827 25.3969 12.5525 29.7756 23.6454 22.1858 12.8444 15.1797 39.9928 31.8191 13.7202 18.0989 18.6828 12.5525 17.807
internal_count=563 461 281 180 254 227 163 87 43 102 81 76 44 52 137 109 47 62 64 43 61
is_linear=0
shrinkage=1


Tree=2
num_leaves=19
num_cat=0
split_feature=38 5 18 29 53 54 35 18 46 29 29 54 61 23 53 56 30 18
split_gain=19.1239 14.1518 7.01036 4.42635 3.56887 3.22898 4.71757 7.09727 4.71774 2.44951 2.4601 2.72667 3.03744 2.33842 3.17199 2.22018 1.98112 1.52121
threshold=0.056478197631718373 -0.15248119158618093 0.71912351271002273 1.7928495995228564 0.3296996636234259 -1.1882283131006661 0.54612347758698709 0.65076300069480564 1.6426243310334014 -0.5538178954436549 1.0000000180025095e-35 0.87726093628052182 202.50000000000003 1.0000000180025095e-35 -1.0000000180025095e-35 -0.52306396375308473 0.47276795182630527 0.59912579914069031
decision_type=2 2 2 2 2 2 2 2 2 2 2 2 2 2 2 2 2 2
left_child=3 2 5 9 -3 -2 7 -7 16 15 -11 12 13 14 -12 -1 -8 -18
right_child=1 4 -4 -5 -6 6 8 -9 -10 10 11 -13 -14 -15 -16 -17 17 -19
leaf_value=-1.2503569082144039 -1.2097101016931777 -1.2596825168000496 -1.1977142410437602 -1.2308433061611606 -1.2364213670653093 -1.2038271686766107 -1.234351304211452 -1.239529427332928 -1.2212716294315253 -1.2618509401432274 -1.2588951740437071 -1.2629231948926953 -1.2578985620449887 -1.2280542757090864 -1.2354638210635003 -1.2277593417396089 -1.2616358128093204 -1.2411311188329246
leaf_weight=6.4794980585575104 7.4051406383514395 12.033353537321092 8.022235691547392 9.2564257979392988 9.2564257979392988 9.8735208511352557 6.7880455851554933 8.6393307447433454 8.3307832181453687 22.215421915054321 7.4051406383514378 8.6393307447433454 9.5649733245372754 9.2564257979392988 10.799163430929191 6.1709505319595319 6.4794980585575086 7.0965931117534637
leaf_count=21 24 39 26 30 30 32 22 28 27 72 24 28 31 30 35 20 21 23
internal_value=-1.23953 -1.22933 -1.22221 -1.24908 -1.24977 -1.22694 -1.2306 -1.2194 -1.23866 -1.25137 -1.25358 -1.24885 -1.24462 -1.2395 -1.24544 -1.23953 -1.24626 -1.25254
internal_weight=173.712 83.9249 62.6351 89.7873 21.2898 54.6129 47.2078 18.5129 28.6949 80.5309 67.8805 45.665 37.0257 27.4607 18.2043 12.6504 20.3641 13.5761
internal_count=563 272 203 291 69 177 153 60 93 261 220 148 120 89 59 41 66 44
is_linear=0
shrinkage=1


Tree=3
num_leaves=20
num_cat=0
split_feature=14 45 53 14 2 32 20 10 47 18 61 2 29 60 12 13 45 18 28
split_gain=18.525 6.79659 5.536 7.00599 6.92374 4.33733 3.87079 3.13147 3.305 2.90605 4.7543 2.83329 3.42668 2.62202 2.06585 1.39386 1.18551 1.14859 1.86594
threshold=0.41847283969869487 1.0977276829138176 1.0000000180025095e-35 -0.66931538455541906 -0.19795240318585866 -0.98444408947342577 0.81663225308090615 0.35508008131400309 0.63856687864612294 0.70004163557720356 207.00000000000003 -0.8409461992030357 -0.88905610901029919 189.00000000000003 0.016837572482959827 1.1027088600840325 1.6345609722387078 0.71684699547534769 1.0000000180025095e-35
decision_type=2 2 2 2 2 2 2 2 2 2 2 2 2 2 2 2 2 2 2
left_child=1 2 6 15 9 -2 7 8 -1 10 -5 -7 -13 -6 -3 -4 -16 18 -14
right_child=5 14 3 4 13 11 -8 -9 -10 -11 -12 12 17 -15 16 -17 -18 -19 -20
leaf_value=0.028202780636429486 0.0033990571911024971 0.026591121475412368 -0.025308318333993354 -0.021698627828906709 0.0042130346906316622 -0.026200371187978019 -0.0042268554922182634 0.00081868304093290752 0.002779089234288803 0.0072218743919119453 0.0046393464258865438 0.0032595337452291859 0.00026286382344872973 0.028088230917646017 0.016138588963585079 -0.005706889044766913 0 -0.025914660684439195 -0.017324194923686805
leaf_weight=16.364053547382358 11.11684015393257 14.489435225725176 9.9797802269458789 13.318575471639635 9.2860518693923968 17.714658051729202 10.746587753295897 10.375204235315321 7.4208364784717551 10.003844022750853 9.2619244754314405 10.380617558956144 8.1371513009071403 8.54486235976219 7.4244441092014295 7.4081802964210501 7.4278316497802734 7.7522446513175955 11.46539670228958
leaf_count=44 30 39 27 36 25 48 29 28 20 27 25 28 22 23 20 20 20 21 31
internal_value=0 0.00610801 0.00259384 -0.00274623 0.00290954 -0.0128942 0.0106141 0.0154327 0.0211434 -0.00517936 -0.0110303 -0.0162696 -0.0106313 0.0172565 0.0186297 -0.0183912 0.00876913 -0.016006 -0.0102396
internal_weight=208.619 142.052 112.71 67.8032 50.4153 66.5669 44.9067 34.1601 23.7849 32.5843 22.5805 55.4501 37.7354 17.8309 29.3417 17.388 14.8523 27.3548 19.6025
internal_count=563 383 304 183 136 180 121 92 64 88 61 150 102 48 79 47 40 74 53
is_linear=0
shrinkage=0.03


Tree=4
num_leaves=20
num_cat=0
split_feature=32 33 29 11 47 54 35 55 24 55 38 56 8 36 23 57 47 16 47
split_gain=4.27866 7.07957 5.04743 4.89243 4.17395 5.12296 3.94279 6.79796 3.26343 3.21494 2.87974 2.73167 2.70339 2.55756 2.33199 2.05938 1.28566 0.592382 0.255385
threshold=0.54540376408129665 -1.1464797894104344 -0.88905610901029919 -0.42429701397928932 0.092603687175379201 -1.3835269257974447 0.54612347758698709 -0.73985327573957949 -0.72963129222953116 -0.59840148856583708 -0.08590249761682732 -0.52306396375308473 -1.0178952857506987 -0.55083310003247177 -1.0000000180025095e-35 1.0000000180025095e-35 -0.61163548076628349 0.52567519704119425 0.74010990692105327
decision_type=2 2 2 2 2 2 2 2 2 2 2 2 2 2 2 2 2 2 2
left_child=2 -2 12 8 5 -5 7 -7 -4 -6 -9 -8 -1 14 -10 -3 -12 -14 -17
right_child=1 15 3 4 9 6 11 10 13 -11 16 -13 17 -15 -16 18 -18 -19 -20
leaf_value=0.0059942816290180327 0.014125713594661655 -0.0025664756466273887 -0.018941721200173338 -0.017166437654890648 0.0061600684355851048 0.024098520419761096 0.0061750829200497266 0.0071893488210688838 0.022397602797818848 0.034897373964692391 -0.021669714933063862 0.032339581925212024 -0.005105668275431261 -0.0080847918070182153 -0.0014934206517569887 -0.022428542604430845 -0.0030451235279656476 -0.020305137101529664 -0.0098465533203846677
leaf_weight=5.8632289469242123 8.7733479142189008 11.369373023509977 7.8529263734817532 6.1394346654415122 7.621248632669448 7.9344040453433982 8.5103504061698931 8.2161437571048754 5.8511814475059536 8.2260954678058607 6.9940406680107117 7.6375068128108969 6.0820742845535269 10.428096681833264 6.1461060941219339 14.81684258580208 7.8858523368835467 9.8349520862102491 8.1405756771564466
leaf_count=20 30 39 27 21 26 27 29 28 20 28 24 26 21 36 21 51 27 34 28
internal_value=0 -0.00795513 0.00289466 0.00580499 0.0101654 0.00566859 0.00920084 0.00241507 -0.00397651 0.0231507 -0.00580548 0.0205871 -0.00965333 0.00187223 0.0109081 -0.0141212 -0.0133483 -0.0157816 -0.0190899
internal_weight=164.324 43.1001 121.224 99.4434 69.1651 53.3177 47.1783 31.0304 30.2783 15.8473 23.096 16.1479 21.7803 22.4254 11.9973 34.3268 14.8799 15.917 22.9574
internal_count=563 148 415 340 236 182 161 106 104 54 79 55 75 77 41 118 51 55 79
is_linear=0
shrinkage=0.03


Tree=5
num_leaves=19
num_cat=0
split_feature=38 5 18 29 53 30 34 2 41 18 29 29 54 25 58 12 38 54
split_gain=18.1404 13.3988 6.55831 4.2976 3.46918 3.14781 6.34568 6.33763 3.01933 3.30181 2.39047 2.42312 2.64324 4.89644 3.81298 0.846201 0.697778 0.314672
threshold=0.056478197631718373 -0.15248119158618093 0.71912351271002273 1.7928495995228564 0.3296996636234259 0.63542940438988849 -0.66825950788837829 -0.78938537593750713 -0.91074276773224716 0.59912579914069031 -0.5538178954436549 1.0000000180025095e-35 0.87726093628052182 -0.59815491003204124 -0.59414234682330724 -0.20559563306790524 -0.37066388811391854 -0.6539286010888633
decision_type=2 2 2 2 2 2 2 2 2 2 2 2 2 2 2 2 2 2
left_child=3 2 5 10 -3 8 -7 -8 -2 -10 16 -12 13 -13 -15 -11 -1 -16
right_child=1 4 -4 -5 -6 6 7 -9 9 15 11 12 -14 14 17 -17 -18 -19
leaf_value=0.0065159334557277166 0.034697659517654314 -0.019922074025688821 0.040222809184403338 0.0085880097970962074 0.0030400323485340712 -0.016536397165120807 0.033312007189777296 -0.00064716467849519166 0.023271839028128721 -0.0063952436412722637 -0.022069656795973031 0.012671397216372653 -0.023086440640936626 0.0025460021372160106 -0.0097344057419853445 0.0076206296125047738 -0.0061490849067853005 -0.023844028519672249
leaf_weight=6.4718539416790009 7.1682156920433071 11.917414128780367 8.1925901770591718 9.2750170826911909 9.2706696689128858 7.7515144944191006 6.8714373409748122 11.138062834739682 9.6657230556011218 6.2031463682651529 21.974181145429611 8.9427634775638492 8.5071381330490095 10.452911913394923 7.6744799613952592 6.2036460340023014 6.1574103236198408 9.8402567207813458
leaf_count=21 23 39 26 30 30 25 22 36 31 20 72 29 28 34 25 20 20 32
internal_value=0 0.00988636 0.0167499 -0.00934679 -0.010074 0.0121724 0.00387747 0.0135673 0.0187392 0.0114239 -0.0116189 -0.0138194 -0.00912192 -0.00497128 -0.0111741 0.000247587 0 -0.0192327
internal_weight=173.678 84.3824 63.1943 89.296 21.1881 55.0017 25.761 18.0095 29.2407 22.0725 80.021 67.3917 45.4176 36.9104 27.9676 12.4068 12.6293 17.5147
internal_count=563 272 203 291 69 177 83 58 94 71 261 220 148 120 91 40 41 57
is_linear=0
shrinkage=0.03


Tree=6
num_leaves=22
num_cat=0
split_feature=14 45 53 14 2 32 21 56 5 37 34 60 29 38 12 11 3 15 38 32 41
split_gain=17.5864 6.50962 5.33278 6.80701 6.60707 4.17135 3.81271 4.21776 3.29814 5.41879 2.69984 2.51344 2.32104 2.02913 1.63429 1.42151 4.82263 1.34237 0.62472 0.595762 0.356917
threshold=0.41847283969869487 1.0977276829138176 1.0000000180025095e-35 -0.66931538455541906 -0.19795240318585866 -0.98444408947342577 0.44515955719846106 -0.52306396375308473 -0.41691215367606294 -0.44556110077364597 0.41335745013433811 189.00000000000003 1.0000000180025095e-35 1.0000000180025095e-35 -0.15458203262440456 1.0962141874594031 0.68009495350399263 1.1027088600840325 -0.72661562623528264 0.3268540707163361 -0.5970393855155115
decision_type=2 2 2 2 2 2 2 2 2 2 2 2 2 2 2 2 2 2 2 2 2
left_child=1 2 6 17 8 -2 7 -1 9 -5 15 -6 -8 18 -14 16 20 -4 -3 -10 -7
right_child=5 13 3 4 11 10 12 -9 19 -11 -12 -13 14 -15 -16 -17 -18 -19 -20 -21 -22
leaf_value=0.015875211338875397 0.0033768141749645508 0.013941886621945948 -0.024990022777580549 -0.013083331496260651 0.0040566129080525058 -0.0097842748545403715 0.0026854330971773266 -0.01089974452523646 -0.020050297726416071 0.018126217525476343 0 0.027412905116012874 0.0099726440629061101 0.0071615550313228783 0.031798445900996938 -0.025868190350020706 0.0064623311506593634 -0.00568330052623779 0.032498442361489938 -0.005444725463135798 -0.023597792511684323
leaf_weight=7.433711081743243 11.11764734983444 8.9306065142154711 9.9524512887001055 7.7604714035987845 9.2933718562126177 7.7563432455062875 8.1693067848682421 11.500240594148634 8.1205463111400586 9.2851368784904498 8.4903090894222242 8.5706506669521314 8.5510535240173358 12.639359772205351 9.2945879697799665 18.001341283321381 7.4049523770809165 7.4066809713840476 7.8278140127658871 7.3930743038654319 13.638644665479664
leaf_count=20 30 24 27 21 25 21 22 31 22 25 23 23 23 34 25 49 20 20 21 20 37
internal_value=0 0.00594207 0.00250048 -0.00274161 0.00282862 -0.0125855 0.0103679 0 -0.00507878 0.00368475 -0.0159052 0.0168276 0.0174979 0.0181832 0.0232345 -0.018648 -0.0128798 -0.0181777 0.024896 -0.0145363 -0.0198212
internal_weight=208.538 142.129 112.731 67.7824 50.4233 66.4092 44.9489 18.934 32.5592 17.0456 55.2916 17.864 26.0149 29.3978 17.8456 46.8013 28.7999 17.3591 16.7584 15.5136 21.395
internal_count=563 383 304 183 136 180 121 51 88 46 150 48 70 79 48 127 78 47 45 42 58
is_linear=0
shrinkage=0.03


Tree=7
num_leaves=21
num_cat=0
split_feature=29 11 46 12 49 49 54 54 60 38 37 37 14 60 33 5 2 12 18 45
split_gain=3.45912 4.26902 4.75604 4.04924 3.33866 6.08761 2.82228 3.22476 2.71985 2.6907 2.94804 2.25836 1.98206 2.29723 1.44561 1.57725 4.37385 1.86543 1.11005 0.799538
threshold=-0.88905610901029919 -0.42429701397928932 -0.94926125499835246 0.90886496834047137 1.0828459640184775 1.0000000180025095e-35 0.20023821619746904 -1.2063555354387792 364.00000000000006 0.27004924050453682 0.45719367512645964 -0.61137320246958349 1.1816083875909051 354.50000000000006 -1.4425575951788809 0.31327788936758855 0.53603108094695673 -1.1080090620973253 0.67219313553312732 -0.60532849939040101
decision_type=2 2 2 2 2 2 2 2 2 2 2 2 2 2 2 2 2 2 2 2
left_child=12 3 -3 14 5 6 7 -4 -5 10 -9 -11 13 18 -2 -16 -17 -18 -1 -7
right_child=1 2 4 8 -6 19 -8 9 -10 11 -12 -13 -14 -15 15 16 17 -19 -20 -21
leaf_value=-0.023317046171007053 0.0012228221596794287 0.02635984153795834 -0.0045205539443039407 0.020712656490804733 0.020201235202616998 -0.0037537602286671526 -0.0059580432969730378 0.033507359587309382 -0.0044805231830402376 0.015024439596806291 0.0046605021010701136 -0.0068482056389649092 0.0045339241701561287 0.0021082353959188619 -0.020867606482324351 0.012800630095376134 -6.4632464699628984e-05 -0.022500632647175087 -0.0046443035709994238 -0.01805031428824299
leaf_weight=11.439831912517556 8.1699520349502546 8.0578799843788129 8.4848700463771731 6.733108699321745 8.0400284230709058 8.1718843281269091 10.55309998989105 8.9147909283638089 5.838986873626709 7.1023469269275665 6.1654235124588004 6.7020740211009961 6.1863409280776969 5.8318417668342581 10.950928866863253 6.1211071312427547 5.7818402349948874 8.6848649084568006 5.9864589273929587 10.378879159688948
leaf_count=40 28 27 29 23 27 28 36 30 20 24 21 23 21 20 38 21 20 30 21 36
internal_value=0 0.00205595 0.00628947 -0.00450776 0.00356279 0.0010607 0.00677469 0.0106159 0.00935518 0.0152634 0.023564 0.00438278 -0.00905433 -0.0129667 -0.00922325 -0.0120435 -0.00597984 -0.014758 -0.0180959 -0.0128037
internal_weight=164.297 134.852 82.5713 52.2808 74.5134 66.4734 47.9226 37.3695 12.5721 28.8846 15.0802 13.8044 29.4445 23.2581 39.7087 31.5387 20.5878 14.4667 17.4263 18.5508
internal_count=563 461 281 180 254 227 163 127 43 98 51 47 102 81 137 109 71 50 61 64
is_linear=0
shrinkage=0.03


Tree=8
num_leaves=17
num_cat=0
split_feature=14 53 12 44 57 23 32 40 29 43 33 12 27 35 61 33
split_gain=16.5571 10.5843 6.26581 5.43014 5.07131 5.4458 4.5263 3.97354 4.10228 3.60932 2.906 4.32534 2.44142 1.52564 1.29978 1.27697
threshold=0.41847283969869487 1.0000000180025095e-35 1.1513448205819727 0.47456789570577768 0.76289943318473774 0.30584521670890386 1.0000000180025095e-35 0.93249658573498007 1.0000000180025095e-35 -1.25783173179007 1.0000000180025095e-35 -0.1696205628211091 0.33005984480794481 -0.69288510166098594 408.50000000000006 0.82428810523578988
decision_type=2 2 2 2 2 2 2 2 2 2 2 2 2 2 2 2
left_child=1 10 7 4 9 -6 -5 8 15 -3 -1 -12 13 -11 -9 -2
right_child=2 3 -4 6 5 -7 -8 14 -10 12 11 -13 -14 -15 -16 -17
leaf_value=-0.023224689225215842 0 0.0083108913610900979 0.036947183526555218 0.032050297894403688 0.028580432873951182 -0.0067102322420532811 0.00048672816274537904 0.0084611358877878188 0.014822919401720751 -0.005436664904286073 0.0072753249057811451 -0.020270020609294732 -0.00034544003572598996 -0.0233635511727989 0.026968388014996583 -0.015651352595932696
leaf_weight=28.478227496147156 11.827542185783392 7.7173138260841361 7.2880570888519278 6.5506848990917197 6.5244865715503675 6.406292200088501 9.2144322991371137 10.04362064599991 11.176405966281889 8.5875365734100289 8.8740437328815478 8.5711002945899946 11.053583234548567 15.303486406803136 8.8661165833473188 7.1175901889801017
leaf_count=94 38 25 23 21 21 21 30 32 36 28 29 28 36 50 28 23
internal_value=0 -0.00640281 0.0131721 0.000801122 -0.00358844 0.0118005 0.0155946 0.00852753 0.00131801 -0.00863106 -0.0173944 -0.00647485 -0.0127253 -0.017858 0.0187768 -0.00685855
internal_weight=173.601 117.281 56.3193 71.3578 55.5927 12.9308 15.7651 49.0313 30.1215 42.6619 45.9234 17.4451 34.9446 23.891 18.9097 18.9451
internal_count=563 383 180 232 181 42 51 157 97 139 151 57 114 78 60 61
is_linear=0
shrinkage=0.03


Tree=9
num_leaves=23
num_cat=0
split_feature=17 54 32 55 25 38 46 58 26 46 38 2 29 54 20 36 10 44 18 16 46 0
split_gain=16.6349 4.91521 4.02818 3.84132 3.91916 3.48643 3.10661 4.39857 3.00925 2.76593 2.66543 2.61619 3.19496 2.58063 2.39962 1.70655 1.65143 1.61658 1.10329 1.87987 0.922723 0.0226272
threshold=0.41847283969869487 1.1164814646732606 -0.98444408947342577 -0.62099245932878044 -0.59815491003204124 -0.6350851792897888 0.029593627373222946 1.0000000180025095e-35 0.26353367005700007 -0.47116571832161208 -0.940186669108101 -0.8409461992030357 -0.88905610901029919 1.4481070091895376 -0.52261609671387999 -1.0661466771586883 0.31973644620668118 0.16159420769657892 0.71684699547534769 0.41994713657812843 -0.7192390236647227 1.7409360459145862
decision_type=2 2 2 2 2 2 2 2 2 2 2 2 2 2 2 2 2 2 2 2 2 2
left_child=1 3 -2 8 16 -6 7 9 15 -7 -10 21 -13 -3 -15 -1 -5 -8 19 -14 -17 -4
right_child=2 13 11 4 5 6 17 -9 10 -11 -12 12 18 14 -16 20 -18 -19 -20 -21 -22 -23
leaf_value=0.0027567517176378606 0.0034054100144587131 0.028715171940173971 -0.02956431306269109 -0.0020395247650822723 -0.011523488217023023 -0.0081477508975322677 0.0044739087802950963 0.029807241501516448 -0.012733662255416266 0.014038509088210478 0.0097589972726712885 0.0032669593455200694 -0.018528858818862039 0.018475648503397734 -0.0020717845041812732 0.010919416859522128 -0.021441558144454628 -0.012423889004573087 -0.025038214391846548 0 0.027711422180179936 -0.014268959821774778
leaf_weight=8.9086602330207807 11.115069001913069 9.6975517868995684 10.229520559310915 8.1533240377903002 10.732699871063231 8.1485492587089556 10.004900008440019 7.8063906431198111 7.4170342087745658 8.9203335046768206 8.5595465600490552 10.377590984106062 9.2014766037464195 8.5668144524097478 8.9213543832302058 11.518050968647005 8.8696529865264875 7.4005558788776389 7.6822779178619376 10.32159450650215 8.5566285252571124 7.3041862845420829
leaf_count=24 30 26 28 22 29 22 27 21 20 24 23 28 25 23 24 31 24 20 21 28 23 20
internal_value=0 0.00577011 -0.0122643 0.00289383 -0.00144026 0.00254981 0.00653169 0.0130831 0.00960294 0.00332125 -0.000536456 -0.0155368 -0.0101128 0.0169401 0.00834204 0.0151403 -0.0133904 -0.00280912 -0.0153296 -0.00970998 0.019784 -0.0251345
internal_weight=208.414 142.182 66.2317 114.996 70.0364 53.0134 42.2807 24.8753 44.9599 17.0689 15.9766 55.1166 37.5829 27.1857 17.4882 28.9833 17.023 17.4055 27.2053 19.5231 20.0747 17.5337
internal_count=563 383 180 310 189 143 114 67 121 46 43 150 102 73 47 78 46 47 74 53 54 48
is_linear=0
shrinkage=0.03


Tree=10
num_leaves=19
num_cat=0
split_feature=29 11 46 12 52 49 49 36 52 54 14 27 46 44 39 28 18 29
split_gain=3.33856 4.088 4.51718 3.90552 3.27841 3.75135 7.37196 4.40166 3.82754 2.72915 1.90526 1.72817 1.7066 1.42701 2.36433 1.292 1.177 0.609704
threshold=-0.88905610901029919 -0.42429701397928932 -0.94926125499835246 0.90886496834047137 -1.1015316806739195 1.0828459640184775 1.0000000180025095e-35 0.38005594251811264 0.4265890656572921 -0.22012645683225127 1.1816083875909051 0.33005984480794481 -0.43111273414133405 -1.2272265328442404 1.3158697746008232 1.0000000180025095e-35 0.64323227678234873 -0.21857968187701057
decision_type=2 2 2 2 2 2 2 2 2 2 2 2 2 2 2 2 2 2
left_child=10 3 -3 13 -4 6 7 8 16 -9 11 -1 -5 -2 17 -8 -6 -15
right_child=1 2 4 12 5 -7 15 9 -10 -11 -12 -13 -14 14 -16 -17 -18 -19
leaf_value=0 0.00040959354709342501 0.025590546068719112 -0.01177117370405029 0.018396345743630929 0.012045206213921647 0.024425598322638416 -0.021605220778724316 0.0096534975615446446 -5.4970213893433446e-05 -0.011698837703103678 0.0043548083637333654 -0.017599367950620837 -0.0015128098515574126 -0.0058698279100440152 0.00066407996205461851 -0.0038221538361854698 0.033733866863594676 -0.020573094780263274
leaf_weight=6.5926961898803773 9.5699500441551191 8.1619037091732007 9.3212430477142316 6.4785707890987396 7.7336355745792451 7.2352404892444602 7.1771418154239681 9.1613787114620227 6.8010166883468619 9.2982489466667158 6.2148229479789725 16.502299010753632 6.1484568417072278 6.3595718145370492 8.3958580791950208 9.5388435423374158 8.3705055713653547 15.197084575891498
leaf_count=23 33 27 32 22 26 24 25 31 23 32 21 58 21 22 29 33 28 53
internal_value=0 0.00201225 0.00614362 -0.00442378 0.00347594 0.00595707 0.00299869 0.0098059 0.018182 -0.000872129 -0.00892142 -0.0127857 0.00914601 -0.00908135 -0.0121794 -0.0129372 0.025573 -0.0171597
internal_weight=164.258 134.949 82.7992 52.1495 74.6373 65.316 58.0808 41.3648 22.9052 18.4596 29.3098 23.095 12.627 39.5225 29.9525 16.716 16.1041 21.5567
internal_count=563 461 281 180 254 222 198 140 77 63 102 81 43 137 104 58 54 75
is_linear=0
shrinkage=0.03


Tree=11
num_leaves=19
num_cat=0
split_feature=14 53 19 44 32 18 21 43 19 12 48 45 31 33 12 7 26 46
split_gain=15.5933 10.1919 8.24065 5.19478 4.25116 3.69263 3.87987 6.51737 4.08005 2.95304 3.56632 3.22342 3.19965 2.85088 4.16836 1.5454 0.76849 0.0098992
threshold=0.41847283969869487 1.0000000180025095e-35 -1.0170442387513903 0.47456789570577768 1.0000000180025095e-35 0.64323227678234873 -1.0000000180025095e-35 -0.59273732935023959 -0.71500235220673347 -0.12602214996047489 -0.57364730988517054 -0.42092507117654887 -1.0000000180025095e-35 1.0000000180025095e-35 -0.1696205628211091 0.24401973969030513 -0.61667074220605345 -1.0417690039881486
decision_type=2 2 2 2 2 2 2 2 2 2 2 2 2 2 2 2 2 2
left_child=1 13 -2 5 -5 6 8 -8 -3 10 12 -11 16 17 -15 -9 -4 -1
right_child=2 3 9 4 -6 -7 7 15 -10 11 -12 -13 -14 14 -16 -17 -18 -19
leaf_value=-0.012863799824690303 0.036148665321373667 0.0066276276075722829 0.013629065134232694 0.031018530252883893 0.00049832699637609849 -0.018643075935480508 0.023121849542417576 -0.011362852096954455 -0.021295830720826945 -0.014720095043005041 -0.0018595593944139462 0.010801408945173807 0.00049114003339558647 0.0071273923100252405 -0.019969445294455192 0.0053894606721797004 0.034426722301089202 -0.025377969681080741
leaf_weight=7.7985924780368832 9.6544664502143842 6.4521306753158596 7.8907206058502153 6.6529179513454428 9.2104023993015272 10.073151886463164 11.467520505189894 10.397415786981592 10.3293065726757 8.6974151730537397 10.548590689897539 6.2934180796146384 6.9624972045421627 8.902256906032564 8.4542393684387189 6.7505277693271628 6.6791684925556174 20.282981306314468
leaf_count=26 30 21 25 21 30 33 37 34 34 28 34 20 22 29 28 22 21 68
internal_value=0 -0.00624575 0.0127195 0.000801403 0.0152176 -0.00350816 0.000211085 0.00694362 -0.0105687 0.00682274 0.0118317 -0.00363396 0.0184838 -0.017109 -0.00629171 -0.00454327 0.0258601 -0.022934
internal_weight=173.498 116.771 56.7263 71.3334 15.8633 55.4701 45.3969 28.6155 16.7814 47.0718 32.081 14.9908 21.5324 45.4381 17.3565 17.1479 14.5699 28.0816
internal_count=563 383 180 232 51 181 148 93 55 150 102 48 68 151 57 56 46 94
is_linear=0
shrinkage=0.03


Tree=12
num_leaves=21
num_cat=0
split_feature=14 54 37 12 32 44 55 37 26 18 34 19 20 43 37 2 3 46 20 41
split_gain=15.7834 4.69695 6.27011 5.21803 3.8944 3.8086 4.3643 3.53119 2.92654 3.89516 2.57004 2.49327 3.67193 3.94349 1.66602 1.19347 3.23419 1.12716 0.86575 0.363548
threshold=0.41847283969869487 1.1164814646732606 -0.61137320246958349 0.016837572482959827 -0.98444408947342577 -1.2272265328442404 -0.80651245212290879 -1.0535388069920839 -0.61667074220605345 0.62151653816056596 0.41335745013433811 1.0972489670612082 0.81663225308090615 -0.59273732935023959 1.0000000180025095e-35 -0.8409461992030357 0.68009495350399263 -0.5875368860453114 -0.52261609671387999 -0.5970393855155115
decision_type=2 2 2 2 2 2 2 2 2 2 2 2 2 2 2 2 2 2 2 2
left_child=1 2 7 18 -2 6 -4 -1 9 -7 15 12 13 17 -15 -6 19 -10 -3 -17
right_child=4 3 5 -5 10 8 -8 -9 11 -11 -12 -13 -14 14 -16 16 -18 -19 -20 -21
leaf_value=0.0030419384320317638 0.0034152874127469056 0.034892586112154629 0.0065347031971869501 0 -0.025401832604712394 0.03294623119498527 -0.02037099411875894 -0.020739665989032794 -0.0060288679602305273 0.0025355967627625803 0 -0.0052160801464333131 -0.0047191111458214259 0.0081904110356140446 0.028906168195515617 -0.0092453618016449957 0.00096259773921541169 0.0089472955536251311 0.014094579641664315 -0.022823218559027258
leaf_weight=8.1438783109188098 11.112945854663847 7.8491995036602047 10.764890462160112 11.170164644718168 15.616516381502146 8.1942635476589185 8.1364780962467176 12.545753449201582 7.4165144860744476 7.4266516566276541 8.4668312072753888 12.974641919136046 11.847625106573103 8.1961676776409238 11.929595649242399 7.7182566821575156 9.6035657525062543 7.4349635541438968 8.20073050260544 13.532776117324838
leaf_count=22 30 21 29 30 43 22 22 34 20 20 23 35 32 22 32 21 26 20 22 37
internal_value=0 0.00560457 0.00279123 0.0165161 -0.0119771 0.00612781 -0.0053995 -0.0115355 0.00914367 0.0203274 -0.0152051 0.00569843 0.00891492 0.0137017 0.0219004 -0.0178946 -0.012908 0.00123458 0.0267206 -0.0190902
internal_weight=208.282 142.232 115.011 27.2201 66.0509 94.3218 18.9014 20.6896 75.4204 15.6209 54.9379 59.7995 46.8249 34.9772 20.1258 46.4711 30.8546 14.8515 16.0499 21.251
internal_count=563 383 310 73 180 254 51 56 203 42 150 161 126 94 54 127 84 40 43 58
is_linear=0
shrinkage=0.03


Tree=13
num_leaves=22
num_cat=0
split_feature=29 16 47 20 39 24 24 16 45 45 4 31 20 0 54 18 45 12 45 18 49
split_gain=3.20173 3.88506 3.22116 4.18703 3.51684 4.12065 2.85825 3.7078 3.65447 3.5331 2.79819 3.20807 2.14826 2.10942 2.04559 1.8369 1.43395 1.18527 0.931465 0.71036 0.276284
threshold=-0.88905610901029919 -0.40363285315316971 0.94016615410337789 0.54878258312194894 0.1793618864571436 -0.38366069914259215 -0.38366069914259215 0.63555746988672335 -0.37901853854805395 -0.86178003653720781 -0.20963110938125254 -0.81171610667178262 0.54878258312194894 -0.30824974638314984 1.5190032034804319 0.55828926895730635 0.61287430343984683 -0.11223691611771501 0.39461529137960388 0.67219313553312732 -0.34555674859258811
decision_type=2 2 2 2 2 2 2 2 2 2 2 2 2 2 2 2 2 2 2 2 2
left_child=15 14 4 -4 6 -6 7 10 9 -8 11 -3 -11 -10 16 17 -2 -1 -7 -17 -9
right_child=1 2 3 -5 5 18 8 20 13 12 -12 -13 -14 -15 -16 19 -18 -19 -20 -21 -22
leaf_value=-0.0077880278811692794 -0.0024167058604849822 0.00023259870927423915 0 0.033606588413802534 0.011084718488726884 -0.02033525597215672 0.0030874746123610024 -0.017257604695994369 0.0098245353320306587 0.038162816630375421 -0.0064003549556948787 0.027228510363382717 0.0095057043487899746 -0.01277878165186681 0.0044338392199635285 -0.021745869766553346 -0.018710948803924255 0.0076284229891664355 -0.0039515673022516417 -0.0051541297014504554 -0.0045895469676081662
leaf_weight=8.6816796660423261 10.120936989784246 8.4895335435867274 6.4548214077949506 5.9462912380695343 6.4443468451499966 9.8436990678310412 9.4739297926425916 6.1619984209537506 5.8935346007347107 7.2318639755249041 7.920993089675906 6.8194555044174203 5.9366484582424164 5.866665452718733 8.1446473300456983 7.8651805818080884 11.451682686805723 6.3958229422569302 6.9712071716785422 6.2030940651893616 5.8555575907230359
leaf_count=30 35 29 22 20 22 34 32 21 20 24 27 23 20 20 28 28 40 22 24 22 20
internal_value=0 0.00197127 0.00470734 0.0182728 0.00257158 -0.00711212 0.00597148 0 0.0119296 0.0186313 0.0068157 0.0139717 0.0279458 -0.00116883 -0.00729275 -0.00875877 -0.0119805 -0.000787967 -0.0147504 -0.016017 -0.0127232
internal_weight=164.174 135.028 105.311 12.4011 92.9094 23.2593 69.6502 35.2475 34.4026 22.6424 23.23 15.309 13.1685 11.7602 29.7173 29.1458 21.5726 15.0775 16.8149 14.0683 12.0176
internal_count=563 461 358 42 316 80 236 120 116 76 79 52 44 40 103 102 75 52 58 50 41
is_linear=0
shrinkage=0.03


Tree=14
num_leaves=18
num_cat=0
split_feature=38 2 18 29 30 34 2 43 30 29 29 54 25 58 48 38 54
split_gain=15.9356 10.9968 5.97169 4.16394 3.37207 5.68871 5.96784 4.95116 3.05575 2.23015 2.43427 2.4822 4.73546 3.75406 1.79495 0.639717 0.324603
threshold=0.056478197631718373 -0.19795240318585866 0.71912351271002273 1.7928495995228564 0.63542940438988849 -0.66825950788837829 -0.78938537593750713 1.0000000180025095e-35 0.47276795182630527 -0.5538178954436549 1.0000000180025095e-35 0.87726093628052182 -0.59815491003204124 -0.59414234682330724 -1.0672798404973622 -0.37066388811391854 -0.6539286010888633
decision_type=2 2 2 2 2 2 2 2 2 2 2 2 2 2 2 2 2
left_child=3 2 4 9 7 -6 -7 -2 -3 15 -11 12 -12 -14 -9 -1 -15
right_child=1 8 -4 -5 5 6 -8 14 -10 10 11 -13 13 16 -16 -17 -18
leaf_value=0.0062839882118016707 0.0016900430614307173 -0.017789612643719668 0.037333593780663893 0.0087938884977468244 -0.016623661947820945 0.030602972756064346 -0.0017085182839486322 0.0099706699288361206 0.0036219416546740724 -0.021612474494823418 0.012739380988444224 -0.02237117098385185 0.0028509406531602205 -0.0093895436710347974 0.034771190098789033 -0.0058477252388868537 -0.023473967591700003
leaf_weight=6.5008434057235718 11.619465529918672 12.343865633010866 8.4999669194221479 9.2295109033584577 7.7726209759712246 7.1464263200759932 11.551048040390011 6.3962976932525661 9.1411742866039258 21.503877133131027 8.92538282275199 8.1743678450584394 10.371012598276133 7.583665013313289 10.861632764339445 6.097530931234358 9.6470946669578748
leaf_count=21 37 41 26 30 25 22 37 20 30 72 29 28 34 25 34 20 32
internal_value=0 0.00917278 0.0153676 -0.00886482 0.0109925 0.00272303 0.0116999 0.0178663 -0.00877681 -0.0111334 -0.0132914 -0.00858691 -0.00458361 -0.0107593 0.0274316 0 -0.0188438
internal_weight=173.366 85.3325 63.8475 88.0333 55.3475 26.4701 18.6975 28.8774 21.485 78.8038 66.2054 44.7015 36.5272 27.6018 17.2579 12.5984 17.2308
internal_count=563 272 201 291 175 84 59 91 71 261 220 148 120 91 54 41 57
is_linear=0
shrinkage=0.03


end of trees

feature_importances:
Column_29=20
Column_18=15
Column_38=14
Column_54=14
Column_12=13
Column_14=12
Column_45=12
Column_46=10
Column_2=9
Column_32=9
Column_53=8
Column_5=7
Column_20=7
Column_37=7
Column_49=7
Column_33=6
Column_47=6
Column_11=5
Column_16=5
Column_34=5
Column_36=5
Column_44=5
Column_55=5
Column_60=5
Column_26=4
Column_30=4
Column_35=4
Column_43=4
Column_48=4
Column_3=3
Column_19=3
Column_23=3
Column_24=3
Column_25=3
Column_28=3
Column_41=3
Column_56=3
Column_58=3
Column_61=3
Column_0=2
Column_8=2
Column_10=2
Column_13=2
Column_21=2
Column_27=2
Column_31=2
Column_39=2
Column_52=2
Column_57=2
Column_1=1
Column_4=1
Column_7=1
Column_15=1
Column_17=1
Column_40=1
Column_42=1

parameters:
[boosting: gbdt]
[objective: multiclass]
[metric: multi_logloss]
[tree_learner: serial]
[device_type: cpu]
[data_sample_strategy: bagging]
[data: ]
[valid: ]
[num_iterations: 1800]
[learning_rate: 0.03]
[num_leaves: 96]
[num_threads: 3]
[seed: 42]
[deterministic: 0]
[force_col_wise: 1]
[force_row_wise: 0]
[histogram_pool_size: -1]
[max_depth: 10]
[min_data_in_leaf: 20]
[min_sum_hessian_in_leaf: 0.001]
[bagging_fraction: 0.85]
[pos_bagging_fraction: 1]
[neg_bagging_fraction: 1]
[bagging_freq: 0]
[bagging_seed: 400]
[bagging_by_query: 0]
[feature_fraction: 0.8]
[feature_fraction_bynode: 1]
[feature_fraction_seed: 30056]
[extra_trees: 0]
[extra_seed: 12879]
[early_stopping_round: 0]
[early_stopping_min_delta: 0]
[first_metric_only: 0]
[max_delta_step: 0]
[lambda_l1: 0.2]
[lambda_l2: 1.5]
[linear_lambda: 0]
[min_gain_to_split: 0]
[drop_rate: 0.1]
[max_drop: 50]
[skip_drop: 0.5]
[xgboost_dart_mode: 0]
[uniform_drop: 0]
[drop_seed: 17869]
[top_rate: 0.2]
[other_rate: 0.1]
[min_data_per_group: 100]
[max_cat_threshold: 32]
[cat_l2: 10]
[cat_smooth: 10]
[max_cat_to_onehot: 4]
[top_k: 20]
[monotone_constraints: ]
[monotone_constraints_method: basic]
[monotone_penalty: 0]
[feature_contri: ]
[forcedsplits_filename: ]
[refit_decay_rate: 0.9]
[cegb_tradeoff: 1]
[cegb_penalty_split: 0]
[cegb_penalty_feature_lazy: ]
[cegb_penalty_feature_coupled: ]
[path_smooth: 0]
[interaction_constraints: ]
[verbosity: -1]
[saved_feature_importance_type: 0]
[use_quantized_grad: 0]
[num_grad_quant_bins: 4]
[quant_train_renew_leaf: 0]
[stochastic_rounding: 1]
[linear_tree: 0]
[max_bin: 255]
[max_bin_by_feature: ]
[min_data_in_bin: 3]
[bin_construct_sample_cnt: 200000]
[data_random_seed: 175]
[is_enable_sparse: 1]
[enable_bundle: 1]
[use_missing: 1]
[zero_as_missing: 0]
[feature_pre_filter: 1]
[pre_partition: 0]
[two_round: 0]
[header: 0]
[label_column: ]
[weight_column: ]
[group_column: ]
[ignore_column: ]
[categorical_feature: ]
[forcedbins_filename: ]
[precise_float_parser: 0]
[parser_config_file: ]
[objective_seed: 16083]
[num_class: 3]
[is_unbalance: 0]
[scale_pos_weight: 1]
[sigmoid: 1]
[boost_from_average: 1]
[reg_sqrt: 0]
[alpha: 0.9]
[fair_c: 1]
[poisson_max_delta_step: 0.7]
[tweedie_variance_power: 1.5]
[lambdarank_truncation_level: 30]
[lambdarank_norm: 1]
[label_gain: ]
[lambdarank_position_bias_regularization: 0]
[eval_at: ]
[multi_error_top_k: 1]
[auc_mu_weights: ]
[num_machines: 1]
[local_listen_port: 12400]
[time_out: 120]
[machine_list_filename: ]
[machines: ]
[gpu_platform_id: -1]
[gpu_device_id: -1]
[gpu_device_id_list: ]
[gpu_use_dp: 0]
[num_gpu: 1]

end of parameters

pandas_categorical:null
