tree
version=v4
num_class=1
num_tree_per_iteration=1
label_index=0
max_feature_idx=42
objective=binary sigmoid:1
feature_names=Column_0 Column_1 Column_2 Column_3 Column_4 Column_5 Column_6 Column_7 Column_8 Column_9 Column_10 Column_11 Column_12 Column_13 Column_14 Column_15 Column_16 Column_17 Column_18 Column_19 Column_20 Column_21 Column_22 Column_23 Column_24 Column_25 Column_26 Column_27 Column_28 Column_29 Column_30 Column_31 Column_32 Column_33 Column_34 Column_35 Column_36 Column_37 Column_38 Column_39 Column_40 Column_41 Column_42
feature_infos=[-0.99823813116654803:5.0322771943084055] [-1.2293165463192506:4.9505328127508665] [-1.0356053466599422:4.8691822951013686] [-1.0075732983495909:4.3972105974515578] [-1.2195050462765278:4.5686951366430737] [-1.0482707129126438:5.6130496508082617] [-1.444410782639006:2.9447117718758045] [-1.5091378347151105:3.87580003993128] [-1.6335283640616873:2.6258147292612812] [-1.809884034039456:1.9577893460789424] [-3.0404594470245949:1.7999607955955064] [-1.5022276884260317:2.4313721142476457] [-1.7078340674490411:2.7461477206530231] [-1.8033769814478648:1.9865344868027219] [-1.4957877966712945:2.4566721608542497] [-1.7075693403470154:1.8452185021347285] [-1.5034258171379968:1.4226602113873603] [-3.2486989034520346:0.9141193226251112] [-1.8826321460838633:0.53117121264509004] [-2.6290435088942932:1.8559616421051006] [-2.5505140281851775:3.2640640808755474] [-2.1741036268243432:3.5870124383519468] [-2.9836691720369148:2.758869244949361] [-2.0259337413642897:2.3421500185022581] [-2.1577266434984175:3.3511392711501284] [-2.239066258366941:3.1621279609269166] [-2.7481969434801261:2.7884369425880404] [-2.8722890221809463:2.017108936627336] [-3.3278971378651847:3.4913471180523064] [-2.6837701741778015:3.753944786926644] [-2.643747556296316:2.6980645075536174] [-2.7180350644127302:3.1151085341613576] [-2.2328174487965824:2.8010327933991768] [-2.8778380481025985:3.3028069206738651] [-3.3874123762966217:3.6363793493273584] [-3.3413905051368782:1.8277023531023338] [-2.5446549203544198:3.855931343426199] [-1.3420059584983528:2.6594902134361047] [-0.92690981799088323:3.3529695988416193] [-0.97523687200686582:3.0260206942841608] [5:804] [5:804] [0:1]
tree_sizes=1463 1601 1376 1586 1482 1478 1390 1481 1396 1611 1500 1376 1609 1715 1279 1516 1588 1606 1409 1509 1581 1733 1514 1411 1507 1621 1735 1515 1740 1587 1485 1734 1630 1742 1516 1736 1413

Tree=0
num_leaves=13
num_cat=0
split_feature=1 0 0 12 40 16 16 38 22 24 27 1
split_gain=9.28337 7.41102 6.53661 5.80086 5.43205 5.0125 3.64547 3.51658 3.24632 1.68638 1.56386 0.18981
threshold=-0.60384736378360737 0.59628134063496907 -0.52262620458712783 1.0503189677639921 420.00000000000006 1.0000000180025095e-35 -0.57239844442538312 1.0000000180025095e-35 0.2977813519552428 0.88664662512314762 -0.21500752282861862 0.40118004063263996
decision_type=2 2 2 2 2 2 2 2 2 2 2 2
left_child=3 2 6 4 -1 9 8 -8 -2 -3 -5 -9
right_child=1 5 -4 10 -6 -7 7 11 -10 -11 -12 -13
leaf_value=0.33914944094823285 0.30506727777945725 0.33537722481891014 0.35796895056797579 0.28063803442233359 0.30554723492301206 0.29454431093271399 0.32025824288639376 0.33067056980793241 0.33073253234888561 0.31372661176841249 0.30912405539760923 0.34815859601287291
leaf_weight=5.6050464808940914 8.5294185578823072 4.8739534616470355 6.5798371732234946 5.8487441539764404 9.5042092502117139 7.5546278655529013 9.2605115771293658 4.8739534616470328 6.3361395001411429 4.8739534616470337 5.3613488078117353 8.2857208847999555
leaf_count=23 35 20 27 24 39 31 38 20 26 20 22 34
internal_value=0.320258 0.32666 0.33316 0.305836 0.318954 0.310786 0.327338 0.334677 0.316331 0.324591 0.290868 0.343819
internal_weight=87.4875 61.1681 43.8656 26.3193 15.1093 17.3025 37.2857 22.4202 14.8656 9.74791 11.2101 13.1597
internal_count=359 251 180 108 62 71 153 92 61 40 46 54
is_linear=0
shrinkage=1


Tree=1
num_leaves=14
num_cat=0
split_feature=1 0 14 12 40 16 16 23 41 34 27 12 12
split_gain=8.83335 7.06133 6.32006 5.51273 5.16949 4.74804 3.95254 3.18028 3.15938 1.65774 1.4608 1.21277 1.14631
threshold=-0.60384736378360737 0.59628134063496907 -0.72275868398287468 1.0503189677639921 420.00000000000006 1.0000000180025095e-35 0.49163283867474666 -0.71550861340432526 493.50000000000006 0.66799117956960519 -0.21500752282861862 -0.47721365522166431 -0.19888398653298311
decision_type=2 2 2 2 2 2 2 2 2 2 2 2 2
left_child=3 2 6 4 -1 9 7 -2 -8 -3 -5 -4 -9
right_child=1 5 11 10 -6 -7 8 12 -10 -11 -12 -13 -14
leaf_value=0.01848974145234486 -0.017176530721292389 0.014937565880638637 0.038034941093896234 -0.03848985709894575 -0.014301167672665463 -0.024987116498429083 0.02575396520186906 0.015048291621827727 -0.0019902766664390546 -0.0065306978638737028 -0.010858201093526216 0.01153619892575377 -0.0024753020857133227
leaf_weight=5.5877740830183056 7.8003147393465069 4.8670859336853045 7.0382294058799744 5.8833968639373779 9.5259318798780424 7.5843104869127265 8.74942699074745 4.8710155636072168 4.8682340681552878 4.8738710880279541 5.3706728219985944 5.1018402725458127 5.3580325543880472
leaf_count=23 32 20 29 24 39 31 36 20 20 20 22 21 22
internal_value=0 0.00625823 0.0126162 -0.0140457 -0.0012419 -0.00921675 0.00477988 -0.00413992 0.0162253 0.0042241 -0.0286018 0.029832 0.0062151
internal_weight=87.4801 61.1124 43.7871 26.3678 15.1137 17.3253 31.647 18.0294 13.6177 9.74096 11.2541 12.1401 10.229
internal_count=359 251 180 108 62 71 130 74 56 40 46 50 42
is_linear=0
shrinkage=0.03


Tree=2
num_leaves=12
num_cat=0
split_feature=1 0 0 5 2 16 16 38 22 34 1
split_gain=8.40203 6.72398 6.10446 4.59083 7.45143 4.49924 3.33974 3.35476 3.05337 1.58639 0.194794
threshold=-0.60384736378360737 0.59628134063496907 -0.52262620458712783 -0.71942072027325721 -0.53972101865171684 1.0000000180025095e-35 -0.57239844442538312 1.0000000180025095e-35 0.2977813519552428 0.66799117956960519 0.40118004063263996
decision_type=2 2 2 2 2 2 2 2 2 2 2
left_child=3 2 6 -1 -5 9 8 -8 -2 -3 -9
right_child=1 5 -4 4 -6 -7 7 10 -10 -11 -12
leaf_value=0.0031783541862786136 -0.014702426151873407 0.014623216315613688 0.036432033957429763 -0.04025167481416761 -0.0017537340084275018 -0.024289053386647733 0 0.0098976541936812937 0.010181743460754284 -0.0063758013232647574 0.02699173225340791
leaf_weight=8.7916513383388537 8.5523291528224927 4.854989022016527 6.5030031502246848 8.3295406103134173 9.2872889935970289 7.6109064519405356 9.2438603639602679 4.8545950800180426 6.3226356506347647 4.8788758218288422 8.2260524332523328
leaf_count=36 35 20 27 34 38 31 38 20 26 20 34
internal_value=0 0.00611248 0.0123302 -0.0136827 -0.0220002 -0.00896988 0.00671297 0.0137646 -0.00379516 0.0041179 0.02273
internal_weight=87.4557 61.0472 43.7025 26.4085 17.6168 17.3448 37.1995 22.3245 14.875 9.73386 13.0806
internal_count=359 251 180 108 72 71 153 92 61 40 54
is_linear=0
shrinkage=0.03


Tree=3
num_leaves=14
num_cat=0
split_feature=1 0 14 12 0 16 16 38 23 24 27 28 12
split_gain=7.98409 6.40792 5.90951 5.19054 4.70911 4.265 3.64906 3.17409 2.98246 1.55917 1.36421 1.19217 1.18516
threshold=-0.60384736378360737 0.59628134063496907 -0.72275868398287468 1.0503189677639921 0.21213324609005296 1.0000000180025095e-35 0.49163283867474666 1.0000000180025095e-35 -0.71550861340432526 0.88664662512314762 -0.21500752282861862 0.35090568440609382 -0.47721365522166431
decision_type=2 2 2 2 2 2 2 2 2 2 2 2 2
left_child=3 2 6 4 -1 9 8 -8 -2 -3 -5 -10 -4
right_child=1 5 12 10 -6 -7 7 -9 11 -11 -12 -13 -14
leaf_value=-0.01410637236460722 -0.016655886622261043 0.014448507672826195 0.036871921773145737 -0.03689628857592215 0.016846237568136139 -0.023617953280423546 0 0.027266807737076484 0.01501684392289585 -0.0063725072289558989 -0.010304430538881653 -0.002859710481482188 0.010904957323476487
leaf_weight=9.0555083900690096 7.8218644857406643 4.8476772308349627 6.9566795080900192 5.9253854602575302 6.0815372169017783 7.6346056163310996 6.323700472712515 7.2246378064155579 4.8688477277755755 4.8786593675613403 5.3881263434886915 5.3431606739759445 5.0745975673198682
leaf_count=37 32 20 29 24 25 31 26 30 20 20 22 22 21
internal_value=0 0.0059762 0.0120592 -0.0133138 -0.000912395 -0.00873097 0.00448955 0.0155311 -0.00405416 0.00401435 -0.0273889 0.00598279 0.0287859
internal_weight=87.425 60.9744 43.6135 26.4506 15.137 17.3609 31.5822 13.5483 18.0339 9.72634 11.3135 10.212 12.0313
internal_count=359 251 180 108 62 71 130 56 74 40 46 42 50
is_linear=0
shrinkage=0.03


Tree=4
num_leaves=13
num_cat=0
split_feature=1 0 2 12 40 16 16 38 22 24 40 41
split_gain=7.60281 6.10688 5.71173 4.93863 4.78077 4.0443 3.05296 3.11126 2.88771 1.49219 1.48485 0.787675
threshold=-0.60384736378360737 0.59628134063496907 -0.24186310545865733 1.0503189677639921 420.00000000000006 1.0000000180025095e-35 -0.57239844442538312 1.0000000180025095e-35 0.2977813519552428 0.88664662512314762 493.50000000000006 395.50000000000006
decision_type=2 2 2 2 2 2 2 2 2 2 2 2
left_child=3 2 -2 4 -1 9 8 -8 -4 -3 -5 -9
right_child=1 5 6 10 -6 -7 7 11 -10 -11 -12 -13
leaf_value=0.018121837615036475 0.035250461327155973 0.014145612814113771 -0.014246060578852155 -0.03781755614295166 -0.013420321867795548 -0.022972173963330476 0 0.029104254980941283 0.0099481573219344002 -0.0062215469555919915 -0.010949022417705769 0.0091413346070273772
leaf_weight=5.5700082629919079 6.4160625636577597 4.8352430164814013 8.5717563033103925 5.1866593211889249 9.5678640902042371 7.655586749315261 9.2385222166776675 6.7121675759553892 6.3108357787132254 4.8834465444087982 6.1569363474845886 6.270993247628212
leaf_count=23 27 20 35 21 39 31 38 28 26 20 25 26
internal_value=0 0.00584303 0.0117946 -0.0129772 -0.000866262 -0.00849954 0.00637109 0.0131412 -0.00364896 0.0039132 -0.0266833 0.0218216
internal_weight=87.3761 60.8946 43.5203 26.4815 15.1379 17.3743 37.1043 22.2217 14.8826 9.71869 11.3436 12.9832
internal_count=359 251 180 108 62 71 153 92 61 40 46 54
is_linear=0
shrinkage=0.03


Tree=5
num_leaves=13
num_cat=0
split_feature=7 0 2 12 40 16 16 38 22 34 40 28
split_gain=7.24433 5.82307 5.48884 4.70643 4.55164 3.83621 2.90879 2.98377 2.74387 1.467 1.401 0.261241
threshold=-0.62460609376041731 0.59628134063496907 -0.24186310545865733 1.0503189677639921 420.00000000000006 1.0000000180025095e-35 -0.57239844442538312 1.0000000180025095e-35 0.2977813519552428 0.66799117956960519 493.50000000000006 0.500450514579723
decision_type=2 2 2 2 2 2 2 2 2 2 2 2
left_child=3 2 -2 4 -1 9 8 -8 -4 -3 -5 -9
right_child=1 5 6 10 -6 -7 7 11 -10 -11 -12 -13
leaf_value=0.017739935506225137 0.03462376082798356 0.013979496088761973 -0.013858703851756957 -0.036829693012287848 -0.013051866317802608 -0.022350208731249623 0 0.010988654800098733 0.0097206850189965749 -0.0062186226826451731 -0.010673753760412732 0.027510123710079458
leaf_weight=5.5517899394035366 6.364164099097251 4.8276400864124316 8.5886623263359052 5.205932676792143 9.5849066376686078 7.6740216910839072 9.2385222166776675 6.7192726433277112 6.3000260144472113 4.8830204904079437 6.1648103445768356 6.2122981399297714
leaf_count=23 27 20 35 21 39 31 38 28 26 20 25 26
internal_value=0 0.00571655 0.0115411 -0.0126527 -0.000816293 -0.00827537 0.00622881 0.0128504 -0.00353867 0.00381455 -0.0260117 0.0213757
internal_weight=87.3151 60.8076 43.4229 26.5074 15.1367 17.3847 37.0588 22.1701 14.8887 9.71066 11.3707 12.9316
internal_count=359 251 180 108 62 71 153 92 61 40 46 54
is_linear=0
shrinkage=0.03


Tree=6
num_leaves=12
num_cat=0
split_feature=1 0 0 5 2 22 20 30 41 15 13
split_gain=6.90484 5.55386 5.2773 3.99298 6.89568 3.54917 2.72931 2.269 3.39252 2.72962 1.62222
threshold=-0.60384736378360737 0.59628134063496907 -0.52262620458712783 -0.71942072027325721 -0.53972101865171684 -0.83021726566706133 1.4643137137853228 1.0694632685749796 684.00000000000011 -0.90011755796480064 1.1434281787798304
decision_type=2 2 2 2 2 2 2 2 2 2 2
left_child=3 2 6 -1 -5 -3 7 8 9 -2 -11
right_child=1 5 -4 4 -6 -7 -8 -9 -10 10 -12
leaf_value=0.0033336952080078417 -0.0048225535919208008 0.0055889389969112271 0.034021036535791478 -0.037506917552776471 -0.00076383156160732789 -0.01948992873551025 0.02388418720494228 -0.011968511139420938 -0.01136538825087805 0.026694407321601808 0.0047690564325826032
leaf_weight=8.7827266752719897 5.0996125936508241 8.038437947630884 6.3099986314773551 8.4137546867132205 9.3307390064001066 9.3541721850633603 5.0358196645975104 6.2854962944984427 5.8331476598978034 7.9936003834009188 6.7641947418451309
leaf_count=36 21 33 27 34 38 38 21 26 24 33 28
internal_value=0 0.00559446 0.0112957 -0.012339 -0.0200633 -0.00805803 0.00609135 0.00216533 0.00631349 0.0122211 0.0183812
internal_weight=87.2417 60.7145 43.3219 26.5272 17.7445 17.3926 37.0119 31.9761 25.6906 19.8574 14.7578
internal_count=359 251 180 108 72 71 153 132 106 82 61
is_linear=0
shrinkage=0.03


Tree=7
num_leaves=13
num_cat=0
split_feature=1 0 2 12 40 16 16 38 22 36 34 1
split_gain=6.56381 5.28477 5.0834 4.44702 4.28007 3.59612 2.78266 2.81829 2.61404 1.38594 1.37612 0.258379
threshold=-0.60384736378360737 0.59628134063496907 -0.24186310545865733 1.0503189677639921 420.00000000000006 1.0000000180025095e-35 -0.57239844442538312 1.0000000180025095e-35 0.2977813519552428 -0.30159232344915793 0.66799117956960519 0.40118004063263996
decision_type=2 2 2 2 2 2 2 2 2 2 2 2
left_child=3 2 -2 4 -1 10 8 -8 -4 -5 -3 -9
right_child=1 5 6 9 -6 -7 7 11 -10 -11 -12 -13
leaf_value=0.0174737159011038 0.033440648427252757 0.013703914563126932 -0.013649022410939732 -0.033469784235289193 -0.01239888505105685 -0.021447404613454978 0 0.0084273592936480804 0.009370681349958462 -0.0077770765349070093 -0.0058478288627243531 0.024991134946848424
leaf_weight=5.5371815413236645 6.2538118511438361 4.8150125592947024 8.5964857488870603 6.4480185508728027 9.6104403436183912 7.6972770094871512 9.2364950329065341 4.7914993464946738 6.2824536710977545 4.9548059552907926 4.8941150009632111 8.0644525736570341
leaf_count=23 27 20 35 26 39 31 38 20 26 20 20 34
internal_value=0 0.00546916 0.0110434 -0.0120144 -0.000528085 -0.0078338 0.0059427 0.0124406 -0.00359488 -0.0249727 0.00384943 0.0207612
internal_weight=87.182 60.6316 43.2252 26.5504 15.1476 17.4064 36.9714 22.0924 14.8789 11.4028 9.70913 12.856
internal_count=359 251 180 108 62 71 153 92 61 46 40 54
is_linear=0
shrinkage=0.03


Tree=8
num_leaves=12
num_cat=0
split_feature=7 0 14 12 0 22 24 24 21 27 12
split_gain=6.2509 5.03968 5.04437 4.23618 4.13681 3.29232 2.065 3.73658 3.68926 1.3741 1.26419
threshold=-0.62460609376041731 0.59628134063496907 -0.72275868398287468 1.0503189677639921 0.21213324609005296 -0.83021726566706133 -0.56305493136331208 0.30676600252856367 -0.44576880727145601 -0.21500752282861862 -0.47721365522166431
decision_type=2 2 2 2 2 2 2 2 2 2 2
left_child=3 2 6 4 -1 -3 8 -8 -2 -5 -4
right_child=1 5 10 9 -6 -7 7 -9 -10 -11 -12
leaf_value=-0.012850258448499281 0.012173741837305177 0.0055021831993428928 0.034612465278795537 -0.033537639537123673 0.016188961563224087 -0.018625607196664076 0.020900133774107474 -0.0062890185327167496 -0.015244663248718529 -0.0083042045704301726 0.0090740426922481365
leaf_weight=9.1000799685716647 6.0386803448200217 8.0278355032205599 6.7397301197052002 5.9827524721622467 6.0422994494438163 9.3825487345457059 10.347000658512121 6.0326903015375128 8.9813864529132825 5.4392597228288633 4.9771416634321195
leaf_count=37 25 33 29 24 25 38 43 25 37 22 21
internal_value=0 0.00535122 0.0108074 -0.011712 -0.000487417 -0.00762915 0.00383648 0.0108632 -0.00375369 -0.0243444 0.0264791
internal_weight=87.0914 60.527 43.1166 26.5644 15.1424 17.4104 31.3998 16.3797 15.0201 11.422 11.7169
internal_count=359 251 180 108 62 71 130 68 62 46 50
is_linear=0
shrinkage=0.03


Tree=9
num_leaves=14
num_cat=0
split_feature=1 0 14 12 40 16 16 25 23 40 24 12 12
split_gain=5.9558 4.79625 4.85278 4.03921 4.01261 3.37354 3.15054 2.87738 2.71151 1.4026 1.31157 1.21806 1.13217
threshold=-0.60384736378360737 0.59628134063496907 -0.72275868398287468 1.0503189677639921 420.00000000000006 1.0000000180025095e-35 0.49163283867474666 0.77924815829727379 -0.71550861340432526 493.50000000000006 0.88664662512314762 -0.47721365522166431 -0.19888398653298311
decision_type=2 2 2 2 2 2 2 2 2 2 2 2 2
left_child=3 2 6 4 -1 10 8 -8 -2 -5 -3 -4 -10
right_child=1 5 11 9 -6 -7 7 -9 12 -11 -12 -13 -14
leaf_value=0.017012384627918434 -0.016132684094536019 0.013504355677287853 0.03402454348407094 -0.034282917370640986 -0.011936836731793897 -0.020595638590578984 0.0011050761238653398 0.028667865537665125 0.014327110776595669 -0.0091268987023166628 -0.0055767525148329175 0.0088789339711825184 -0.0030964225592047616
leaf_weight=5.5117129236459759 7.8345131427049663 4.8045664876699465 6.6773650199174881 5.2363361418247205 9.6266648918390256 7.7150079607963553 8.1379553526639921 5.2359087318181983 4.8359159678220758 6.1979477852582932 4.9010975807905197 4.9670320153236371 5.3292587548494348
leaf_count=23 32 20 29 21 39 31 34 22 20 25 20 21 22
internal_value=0 0.00523256 0.0105675 -0.011425 -0.000452642 -0.00741766 0.00373532 0.0141022 -0.00415195 -0.0237508 0.00387677 0.0259922 0.00545462
internal_weight=87.0113 60.4386 43.0179 26.5727 15.1384 17.4207 31.3736 13.3739 17.9997 11.4343 9.70566 11.6444 10.1652
internal_count=359 251 180 108 62 71 130 56 74 46 40 50 42
is_linear=0
shrinkage=0.03


Tree=10
num_leaves=13
num_cat=0
split_feature=10 0 2 12 9 16 16 38 22 36 34 41
split_gain=5.684 4.57935 4.66628 3.85724 3.87583 3.20358 2.58464 2.68804 2.42207 1.36868 1.2697 0.800953
threshold=0.61941637574720543 0.59628134063496907 -0.24186310545865733 1.0503189677639921 -0.66842195150805883 1.0000000180025095e-35 -0.57239844442538312 1.0000000180025095e-35 0.2977813519552428 -0.30159232344915793 0.66799117956960519 395.50000000000006
decision_type=2 2 2 2 2 2 2 2 2 2 2 2
left_child=1 2 -1 4 -2 10 8 -8 -4 -5 -3 -9
right_child=3 5 6 9 -6 -7 7 11 -10 -11 -12 -13
leaf_value=0.032050134767023682 0.015757188336816524 0.013273949273037447 -0.013333684687765197 -0.031480683173489517 -0.012372274031143653 -0.02005687506500679 -0.00017926518259429625 0.027139913644701197 0.0088357842324501314 -0.006655485724671676 -0.0055010323643733313 0.00777106826910548
leaf_weight=6.0990800410509101 6.0165139883756629 4.793593958020212 8.604020491242407 6.4749965220689774 9.1147777289152163 7.7247176319360724 9.2138060331344622 6.5552511811256391 6.2524774670600882 4.9691232740879041 4.902921125292778 6.1914712190628052
leaf_count=27 25 20 35 26 37 31 38 28 26 20 20 26
internal_value=0 0.00512789 0.010352 -0.0111487 -0.000414268 -0.00722473 0.00548697 0.0117844 -0.003682 -0.0231853 0.00377958 0.0199618
internal_weight=86.9128 60.3373 42.9161 26.5754 15.1313 17.4212 36.817 21.9605 14.8565 11.4441 9.69652 12.7467
internal_count=359 251 180 108 62 71 153 92 61 46 40 54
is_linear=0
shrinkage=0.03


Tree=11
num_leaves=12
num_cat=0
split_feature=7 0 14 5 2 5 28 29 27 35 35
split_gain=5.41823 4.36946 4.53422 3.30818 6.50516 2.99453 1.76741 2.52232 1.90587 1.56161 1.08552
threshold=-0.62460609376041731 0.59628134063496907 -0.72275868398287468 -0.71942072027325721 -0.53972101865171684 -0.95045892023015954 0.88926707303115859 -0.18021435597051716 0.42274003701594015 -0.5722336167944434 0.41235549906064434
decision_type=2 2 2 2 2 2 2 2 2 2 2
left_child=3 2 6 -1 -5 -3 7 8 -2 -7 -4
right_child=1 5 10 4 -6 9 -8 -9 -10 -11 -12
leaf_value=0.0033552715291918609 -0.011836783571700418 0.0084699141508946686 0.0093025721427889251 -0.034771327128033692 0 -0.0032617831527770955 -0.0065152625614004582 0.019206627688559363 0.0087729560251152711 -0.026183682635219033 0.033395400168295633
leaf_weight=8.7460877001285571 5.7981313019990939 5.8522522747516659 5.27943007647991 8.4559332281351107 9.37689261138439 6.6150326430797586 9.1457777768373472 8.854493200778963 7.5025939345359802 4.9525199085473988 6.2215517610311508
leaf_count=36 24 24 23 34 38 27 38 37 31 20 27
internal_value=0 0.00502077 0.0101359 -0.0108746 -0.0178828 -0.00703745 0.00353977 0.00809411 -9.50656e-05 -0.0154138 0.0251466
internal_weight=86.8007 60.2218 42.802 26.5789 17.8328 17.4198 31.301 22.1552 13.3007 11.5676 11.501
internal_count=359 251 180 108 72 71 130 92 55 47 50
is_linear=0
shrinkage=0.03


Tree=12
num_leaves=14
num_cat=0
split_feature=42 35 36 31 27 36 17 28 16 29 12 24 36
split_gain=5.20959 4.62037 6.99 5.53471 3.67783 3.27546 2.86375 2.77805 4.09714 2.21525 2.1395 1.5535 0.812944
threshold=1.0000000180025095e-35 0.64971180377571047 -1.004513850632208 0.10131767489807891 0.21015751706775371 0.55562905116431771 0.56721780378534914 0.1714518881977386 -1.0000000180025095e-35 0.29665341892610836 -0.10121635522800675 0.30676600252856367 -0.40445888840277516
decision_type=2 2 2 2 2 2 2 2 2 2 2 2 2
left_child=1 3 -3 4 9 11 12 8 -7 -1 -4 -5 -2
right_child=6 2 10 5 -6 7 -8 -9 -10 -11 -12 -13 -14
leaf_value=0.0028759271733564055 -0.031273544131232504 -0.010030117028287107 0.032275204653878613 -0.005865187980231377 -0.0052162980639690144 0.0057909669143126497 0.0004765583594623314 0.014822989902508396 -0.026709268378541141 0.027900186503658265 0.004970827939724933 -0.032380096787086823 -0.0085282138116011385
leaf_weight=6.4630810320377368 5.1945547610521325 6.0295130163431194 10.357202276587486 4.853987857699396 8.7015172690153104 6.2476744949817649 6.6526534706354132 4.7936004996299735 4.9063123613595954 7.4203392565250397 4.8216886222362492 5.359002023935318 4.9158705174922952
leaf_count=27 21 25 44 20 36 26 27 20 20 31 20 22 20
internal_value=0 0.00370656 0.0149106 -0.00134833 0.00907481 -0.0105679 -0.0142469 -0.00120082 -0.00950225 0.0180571 0.0251886 -0.0226554 -0.0232617
internal_weight=86.717 69.9539 21.2084 48.7455 22.5849 26.1606 16.7631 15.9476 11.154 13.8834 15.1789 10.213 10.1104
internal_count=359 291 89 202 94 108 68 66 46 58 64 42 41
is_linear=0
shrinkage=0.03


Tree=13
num_leaves=15
num_cat=0
split_feature=1 0 0 12 40 16 20 28 29 34 40 34 24 1
split_gain=5.05606 4.10693 4.36632 3.48227 3.68663 2.88405 2.53251 3.10582 2.69233 2.9648 1.36156 1.35144 1.19636 0.463532
threshold=-0.60384736378360737 0.59628134063496907 -0.52262620458712783 1.0503189677639921 420.00000000000006 1.0000000180025095e-35 1.4643137137853228 0.88926707303115859 -0.18021435597051716 -0.18907864409284483 493.50000000000006 -0.7534904791876289 0.88664662512314762 0.49740606871504639
decision_type=2 2 2 2 2 2 2 2 2 2 2 2 2 2
left_child=3 2 6 4 -1 12 7 8 9 13 -5 -10 -3 -2
right_child=1 5 -4 10 -6 -7 -8 -9 11 -11 -12 -13 -14 -15
leaf_value=0.016480812633019037 -0.016276896461620064 0.012857960865515536 0.031008839575574123 -0.032162690202007009 -0.011306243232954483 -0.018997338587316556 0.022364438304375907 -0.0136707577922318 0.027476331700654166 0.014673459310034498 -0.0079670631466732551 0.0032884540629396328 -0.0053705279781859645 -0.0016610039296432568
leaf_weight=5.4780868440866497 4.8561313301324844 4.7718048840761202 5.9698674231767646 5.2402393966913206 9.6402468830347043 7.7379704415798178 4.9421050995588294 7.4692330062389365 4.7700552046298981 5.023569107055665 6.2152644991874695 4.7618457525968569 4.904961496591568 4.859915167093277
leaf_count=23 20 20 27 21 39 31 21 31 20 21 25 20 20 20
internal_value=0 0.00484686 0.00982184 -0.0105152 -0.000297852 -0.00683342 0.00513396 0.00138249 0.00677381 -0.00112679 -0.0219407 0.0180268 0.00360074 -0.0107009
internal_weight=86.6413 60.0675 42.6527 26.5738 15.1183 17.4147 36.6829 31.7407 24.2715 14.7396 11.4555 9.5319 9.67677 9.71605
internal_count=359 251 180 108 62 71 153 132 101 61 46 40 40 40
is_linear=0
shrinkage=0.03


Tree=14
num_leaves=11
num_cat=0
split_feature=1 0 2 5 2 22 16 38 22 10
split_gain=4.82773 3.92241 4.20866 3.0649 6.10351 2.80364 2.35421 2.53238 2.28737 0.332032
threshold=-0.60384736378360737 0.59628134063496907 -0.24186310545865733 -0.71942072027325721 -0.53972101865171684 -0.83021726566706133 -0.57239844442538312 1.0000000180025095e-35 0.2977813519552428 -0.63041821938858311
decision_type=2 2 2 2 2 2 2 2 2 2
left_child=3 2 -2 -1 -5 -3 8 -8 -4 -9
right_child=1 5 6 4 -6 -7 7 9 -10 -11
leaf_value=0.0034076443370541225 0.030529400354671141 0.0054289089645731198 -0.013058767579987376 -0.033371485235560612 0 -0.016800702906195553 -0.00047754117499235687 0.023357682673028662 0.0084940345468365423 0.0070347205354686611
leaf_weight=8.7307711541652697 5.9062317609786978 7.9922097623348263 8.6096759140491468 8.4583079218864459 9.3757277876138669 9.4174497127532941 9.1878331601619738 7.8995459079742405 6.2292296737432471 4.7159205228090295
leaf_count=36 27 33 35 34 38 38 38 34 26 20
internal_value=0 0.00475164 0.00962384 -0.0102653 -0.0170143 -0.00665736 0.00502875 0.0110789 -0.00369471 0.0190769
internal_weight=86.5229 59.9581 42.5484 26.5648 17.834 17.4097 36.6422 21.8033 14.8389 12.6155
internal_count=359 251 180 108 72 71 153 92 61 54
is_linear=0
shrinkage=0.03


Tree=15
num_leaves=13
num_cat=0
split_feature=12 34 24 35 31 36 38 16 31 28 36 2
split_gain=4.72871 5.14751 5.1205 5.07667 6.86814 6.15373 3.22011 2.74051 2.70542 1.78427 1.62892 2.40782
threshold=-0.8028799506160551 -1.4433271665256986 -0.56305493136331208 0.49440459204856863 0.10131767489807891 0.43561805871843123 -1.0000000180025095e-35 0.49163283867474666 -0.67643480491179919 -0.23231915327106017 -0.30159232344915793 -0.74756692511060996
decision_type=2 2 2 2 2 2 2 2 2 2 2 2
left_child=10 -2 8 4 7 -6 -5 -4 -3 -7 -1 -12
right_child=1 2 3 6 5 9 -8 -9 -10 -11 11 -13
leaf_value=0.00073973930904045187 0.021144673460896712 -0.030256323845789503 0.025021322636644944 -0.0003557503213773529 -0.037839927698303369 0.0036354300032773851 0.027698039740317391 -0.0025183655136643704 -0.0056097501064405319 -0.014906307182940236 0.0011968984042779011 0.030041606405876421
leaf_weight=7.3754096627235439 5.2844761610031119 8.5592406988143939 5.0400817543268186 6.2394360601902008 6.4159705936908749 9.2039812952279991 6.1447835862636548 5.2828395515680313 9.2668190300464612 6.5716743320226696 4.8131910115480432 6.2079094797372791
leaf_count=31 22 35 21 26 26 38 26 22 38 27 20 27
internal_value=0 -0.00363537 -0.00626156 -0.000547277 -0.00689073 -0.0160793 0.0146204 0.0118888 -0.0191842 -0.00436483 0.012951 0.0195761
internal_weight=86.4058 68.0093 62.7248 44.8988 32.5145 22.1916 12.3842 10.3229 17.8261 15.7757 18.3965 11.0211
internal_count=359 281 259 186 134 91 52 43 73 65 78 47
is_linear=0
shrinkage=0.03


Tree=16
num_leaves=14
num_cat=0
split_feature=12 20 34 24 40 40 31 36 32 15 31 12 10
split_gain=4.51563 5.57261 5.17804 6.82348 4.06458 2.80875 3.44978 4.80151 2.42654 2.38804 1.98493 1.59387 2.57017
threshold=-0.8028799506160551 0.91054437006525391 -1.4433271665256986 -0.56305493136331208 252.50000000000003 372.50000000000006 0.10131767489807891 0.43561805871843123 1.0298632637377061 -0.57713684501191487 -0.67643480491179919 -1.1402018988938114 -0.42086573476951755
decision_type=2 2 2 2 2 2 2 2 2 2 2 2 2
left_child=11 2 -2 10 -5 -6 9 -8 -9 -7 -4 -1 -13
right_child=1 -3 3 4 5 6 7 8 -10 -11 -12 12 -14
leaf_value=0 0.01887450936515421 0.017200713706172197 -0.036527767476140019 -0.02424115734072128 0.016780043518952861 -0.0029793089494983341 -0.029342113535047985 0.012909369951162271 -0.011994656784842076 0.022533790073512451 -0.010912674083319111 0.00073474942562414978 0.028391264675049425
leaf_weight=5.7400283068418529 4.8082999289035788 8.467001333832739 7.3978496044874191 5.125264272093772 6.7510659843683234 5.627006858587265 6.1564208865165737 5.9973046779632551 5.0737494230270386 4.7440562844276446 7.842295899987219 5.4976981729269037 7.1072878837585423
leaf_count=24 20 36 30 21 28 23 25 25 21 20 32 23 31
internal_value=0 -0.00353811 -0.00693676 -0.00975487 -0.00266998 0.00126088 -0.00299848 -0.0110383 0.000949452 0.00955843 -0.0258641 0.0126868 0.0181151
internal_weight=86.3353 67.9903 59.5233 54.715 39.4749 34.3496 27.5985 17.2275 11.0711 10.3711 15.2401 18.345 12.605
internal_count=359 281 245 225 163 142 114 71 46 43 62 78 54
is_linear=0
shrinkage=0.03


Tree=17
num_leaves=14
num_cat=0
split_feature=1 6 2 12 40 6 20 28 41 28 1 23 12
split_gain=4.40887 3.6195 3.92437 3.10899 3.39908 2.69841 2.26851 2.88162 2.11421 2.55971 1.5103 1.37256 0.840838
threshold=-0.60384736378360737 0.86089208060233691 -0.24186310545865733 1.0503189677639921 420.00000000000006 1.5724060756660008 1.4643137137853228 0.88926707303115859 370.00000000000006 0.1714518881977386 -0.24032681325007127 -0.24229953941878266 -0.088041312651646622
decision_type=2 2 2 2 2 2 2 2 2 2 2 2 2
left_child=3 2 -2 4 -1 10 7 8 12 -10 -3 -5 -4
right_child=1 5 6 11 -6 -7 -8 -9 9 -11 -12 -13 -14
leaf_value=0.016022484017375809 0.029672550112292369 -0.00082244306857042013 0.022028559262448674 -0.031158776521455076 -0.010699872080693293 0.007594753430099993 0.021271562346979599 -0.013177506055628381 0.0082277886484025658 -0.016608846353840686 -0.023511632828995752 -0.0073554537325087486 0.0039929441700528624
leaf_weight=5.4460618346929577 5.7813307493925086 5.1685360223054895 5.8862205147743225 4.9754929840564728 9.6472519338130933 6.3256510198116294 4.8684842884540549 7.4750555753707877 7.454720661044119 4.8226207494735718 5.913095936179162 6.4644793272018415 6.0089048147201591
leaf_count=23 27 21 25 20 39 26 21 31 31 20 24 26 25
internal_value=0 0.00457917 0.00928392 -0.00978593 -0.000119386 -0.00636499 0.00485467 0.00129988 0.00651891 -0.00183881 -0.0147658 -0.0205836 0.014833
internal_weight=86.2379 59.7046 42.2973 26.5333 15.0933 17.4073 36.516 31.6475 24.1725 12.2773 11.0816 11.44 11.8951
internal_count=359 251 180 108 62 71 153 132 101 51 45 46 50
is_linear=0
shrinkage=0.03


Tree=18
num_leaves=12
num_cat=0
split_feature=12 20 40 30 4 35 22 21 15 36 2
split_gain=4.2511 5.21441 4.73206 3.9837 3.89621 4.34742 3.56523 5.60274 3.39794 1.53995 2.23708
threshold=-0.8028799506160551 0.91054437006525391 252.50000000000003 0.64602694644053371 -0.41558835420436102 0.49440459204856863 -0.11239996354377706 0.32238000141871587 0.39180529384674245 -0.30159232344915793 -0.74756692511060996
decision_type=2 2 2 2 2 2 2 2 2 2 2
left_child=9 2 -2 4 5 6 7 -4 -6 -1 -11
right_child=1 -3 3 -5 8 -7 -8 -9 -10 10 -12
leaf_value=0.00050009022172114624 -0.027820623251183927 0.016686740875105188 0.016037556935800154 -0.019953727348382948 0.020500964997747798 0.015383678885280446 -0.029559330675349577 -0.018005067844257802 -0.0040875745513901636 0.0010951885570282412 0.029021446096753497
leaf_weight=7.3521647155284908 6.8559231758117667 8.4142189472913724 6.1200630366802207 8.8122118860483152 10.989201918244367 4.8427768796682349 6.098035320639613 8.5342292934656125 7.2002944797277442 4.8012729585170755 6.0991597920656178
leaf_count=31 28 36 25 36 46 20 25 35 30 20 27
internal_value=7.84367e-07 -0.00342811 -0.00671395 -0.00315669 0.000640399 -0.00662398 -0.0127201 -0.00324742 0.010893 0.0123461 0.0188251
internal_weight=86.1196 67.867 59.4527 52.5968 43.7846 25.5951 20.7523 14.6543 18.1895 18.2526 10.9004
internal_count=359 281 245 217 181 105 85 60 76 78 47
is_linear=0
shrinkage=0.03


Tree=19
num_leaves=13
num_cat=0
split_feature=1 0 0 12 0 16 16 38 22 23 34 41
split_gain=4.07105 3.38267 3.81453 2.93902 3.30472 2.60545 2.13679 2.16648 1.99545 1.31688 1.1133 0.844128
threshold=-0.60384736378360737 0.59628134063496907 -0.52262620458712783 1.0503189677639921 0.21213324609005296 1.0000000180025095e-35 -0.57239844442538312 1.0000000180025095e-35 0.2977813519552428 -0.24229953941878266 0.66799117956960519 395.50000000000006
decision_type=2 2 2 2 2 2 2 2 2 2 2 2
left_child=3 2 6 4 -1 10 8 -8 -2 -5 -3 -9
right_child=1 5 -4 9 -6 -7 7 11 -10 -11 -12 -13
leaf_value=-0.011072805947626293 -0.012386785194057354 0.01265386017414461 0.029193352447606929 -0.030236066415976318 0.014971980045393195 -0.017730088430343731 -0.00020804604990501681 0.025086303182697785 0.0077591669077683488 -0.0069902529314723322 -0.0049214950304280027 0.0061273537572303031
leaf_weight=9.1222752034664172 8.6159534305334073 4.754209443926813 5.7054718285799018 4.9697268009185791 5.9584070146083823 7.7415132671594611 9.1840737164020556 6.3516996502876264 6.1817803084850302 6.4611787199974042 4.9133164882659912 6.0734677761793137
leaf_count=37 35 20 27 20 25 31 38 28 26 26 20 26
internal_value=3.51333e-06 0.00441694 0.00898378 -0.00939686 0 -0.00614923 0.00462851 0.0104353 -0.00366308 -0.0198957 0.00372301 0.0179083
internal_weight=86.0331 59.5215 42.1124 26.5116 15.0807 17.409 36.407 21.6092 14.7977 11.4309 9.66753 12.4252
internal_count=359 251 180 108 62 71 153 92 61 46 40 54
is_linear=0
shrinkage=0.03


Tree=20
num_leaves=14
num_cat=0
split_feature=12 20 34 24 40 40 1 2 29 36 2 36 22
split_gain=3.94568 4.84357 4.79833 6.13135 3.67621 2.61302 2.8082 2.00256 1.50679 1.49009 2.13062 1.43908 1.24647
threshold=-0.8028799506160551 0.91054437006525391 -1.4433271665256986 -0.56305493136331208 252.50000000000003 372.50000000000006 -0.53969667839533619 -0.54626734641420149 -0.65708213086714262 -0.30159232344915793 -0.74756692511060996 -0.40445888840277516 -0.31749062129328687
decision_type=2 2 2 2 2 2 2 2 2 2 2 2 2
left_child=9 2 -2 11 -5 -6 7 -7 -8 -1 -11 -4 -10
right_child=1 -3 3 4 5 6 8 -9 12 10 -12 -13 -14
leaf_value=0.0003123653784178867 0.018431773202940788 0.016151274155181569 -0.031508759297313595 -0.022937104788170206 0.016309412191683633 -0.024135419249782217 -0.005510982182963471 0 0 0.0010240596366333284 0.028367211858538147 -0.0082106059846751324 0.019761513685604401
leaf_weight=7.3310231268405941 4.7776299715042105 8.3559012413024885 9.3763828873634321 5.1356797367334357 6.7108670324087134 5.6872917413711548 6.5126884579658482 4.9357222020626015 5.2103395760059321 4.7900962382555017 6.0203936398029301 5.8690473586320868 5.1726232916116857
leaf_count=31 20 36 38 21 28 23 27 20 22 20 27 24 22
internal_value=6.25708e-06 -0.00329249 -0.00645726 -0.00917614 -0.00243907 0.00130228 -0.00280455 -0.0140245 0.00449206 0.0119407 0.01834 -0.0244369 0.011175
internal_weight=85.8857 67.7442 59.3883 54.6106 39.3652 34.2295 27.5187 10.623 16.8957 18.1415 10.8105 15.2454 10.383
internal_count=359 281 245 225 163 142 114 43 71 78 47 62 44
is_linear=0
shrinkage=0.03


Tree=21
num_leaves=15
num_cat=0
split_feature=42 35 36 31 27 5 36 17 28 16 24 35 38 34
split_gain=3.70996 3.76966 6.28245 4.8016 3.43991 4.27917 2.79448 2.67617 2.46124 3.69724 1.37203 0.934652 1.15348 0.639975
threshold=1.0000000180025095e-35 0.64971180377571047 -1.004513850632208 0.10131767489807891 -0.42759004277680474 0.63813950575087675 0.55562905116431771 0.56721780378534914 0.1714518881977386 1.0000000180025095e-35 0.30676600252856367 0.9046500569881889 -1.0000000180025095e-35 -0.00094136572791686437
decision_type=2 2 2 2 2 2 2 2 2 2 2 2 2 2
left_child=1 3 -3 4 -1 -6 10 13 9 -8 -5 -4 -13 -2
right_child=7 2 11 6 5 -7 8 -9 -10 -11 -12 12 -14 -15
leaf_value=0.022412672648592518 -0.028335102389281944 -0.010058994165874934 0.035224733923386035 -0.0052562786620653744 -0.015964167003665316 0.013859292538803058 0.0055513752746807971 0.0019828783438745625 0.014025940598599388 -0.02537952318634213 -0.030161986779588184 0.001078998944718249 0.021946616025450477 -0.007884411982477699
leaf_weight=8.0116919875144976 4.9228319078683862 6.0039479583501842 4.5952394008636466 4.8303796052932757 6.9703343808650953 7.3272845894098282 6.1907464861869794 6.6321052163839331 4.6926441192626944 4.8832570910453796 5.4017661660909653 4.9572862237691879 5.1977502405643445 5.1534208357334146
leaf_count=34 20 25 20 20 29 31 26 27 20 20 22 21 23 21
internal_value=1.44333e-05 0.00319695 0.0134438 -0.00135715 0.0084127 -0.00043563 -0.00996034 -0.0119904 -0.00118449 -0.00901143 -0.0210912 0.0234251 0.0137246 -0.020771
internal_weight=85.7707 69.0623 20.7542 48.3081 22.3093 14.2976 25.9988 16.7084 15.7666 11.074 10.2321 14.7503 10.155 10.0763
internal_count=359 291 89 202 94 60 108 68 66 46 42 64 44 41
is_linear=0
shrinkage=0.03


Tree=22
num_leaves=13
num_cat=0
split_feature=12 40 20 30 4 35 22 15 33 29 28 1
split_gain=3.72043 4.61047 3.47504 3.69621 3.43326 4.00606 3.37141 3.20231 3.13944 1.54266 0.0622756 0.0532545
threshold=-0.8028799506160551 252.50000000000003 0.91054437006525391 0.64602694644053371 -0.41558835420436102 0.49440459204856863 -0.11239996354377706 0.39180529384674245 -1.0000000180025095e-35 -0.18021435597051716 -0.78990773434702033 0.096464285038351957
decision_type=2 2 2 2 2 2 2 2 2 2 2 2
left_child=9 -2 3 4 5 6 8 -6 10 -1 -3 -11
right_child=1 2 -4 -5 7 -7 -8 -9 -10 11 -12 -13
leaf_value=0.0013468901344664483 -0.022356919964261202 -0.0048880987010451226 0.017834696561018295 -0.019019249356323292 0.019842054539163333 0.015126483065461088 -0.02822145871509851 -0.0040588747219919849 0.014137408769412784 0.024441541540451372 -0.015757620499658797 0.0088650532480413595
leaf_weight=8.8275930434465426 8.2084122598171216 4.9471614360809308 6.9491996318101874 8.831569775938986 10.901926726102834 4.8176677823066703 6.0990377217531231 7.1766812652349463 4.7826781868934622 4.4791730344295484 4.9012203067541122 4.7470148205757141
leaf_count=38 34 20 30 36 46 20 25 30 20 20 20 20
internal_value=1.12334e-05 -0.0031896 0 -0.00285574 0.000806817 -0.00600617 -0.0118766 0.0104636 -0.00270048 0.011631 -0.012194 0.0193471
internal_weight=85.6693 67.6156 59.4071 52.4579 43.6264 25.5478 20.7301 18.0786 14.6311 18.0538 9.84838 9.22619
internal_count=359 281 247 217 181 105 85 76 60 78 40 40
is_linear=0
shrinkage=0.03


Tree=23
num_leaves=12
num_cat=0
split_feature=1 0 2 21 21 0 16 38 22 1 5
split_gain=3.53656 3.09858 3.64003 2.61571 5.70867 2.51116 1.98421 1.91215 1.79408 1.47599 0.434266
threshold=-0.60384736378360737 0.59628134063496907 -0.24186310545865733 -0.44576880727145601 0.32238000141871587 1.6145786706191123 -0.57239844442538312 1.0000000180025095e-35 0.2977813519552428 -0.24032681325007127 1.1440625713499331
decision_type=2 2 2 2 2 2 2 2 2 2 2
left_child=3 2 -2 -1 -5 9 8 -8 -4 -3 -9
right_child=1 5 6 4 -6 -7 7 10 -10 -11 -12
leaf_value=-0.0201394358400258 0.02846698518077025 -0.00040360284339972157 -0.011920528107407567 0.01475259972367866 -0.017363737523370875 0.0075095716991026486 -2.3839703369044438e-05 0.021576553023003962 0.0071947739893401964 -0.022689943683888832 0.0054111178646737796
leaf_weight=9.5416790693998355 5.5838402658700934 5.1568923890590677 8.6172121167182905 8.5669174641370791 8.3201475739479047 6.296031489968299 9.1731495112180728 7.5122890919446927 6.1424905955791465 5.9137919843196878 4.7514598071575165
leaf_count=39 27 21 35 35 34 26 38 33 26 24 21
internal_value=1.52887e-05 0.00415033 0.00855042 -0.00874993 -0.000870246 -0.00595548 0.00430836 0.0099415 -0.00366652 -0.0140728 0.0170216
internal_weight=85.5759 59.1472 41.7804 26.4287 16.8871 17.3667 36.1966 21.4369 14.7597 11.0707 12.2637
internal_count=359 251 180 108 69 71 153 92 61 45 54
is_linear=0
shrinkage=0.03


Tree=24
num_leaves=13
num_cat=0
split_feature=12 40 34 24 35 31 35 27 31 29 38 10
split_gain=3.49277 4.38232 3.24988 4.71899 4.8282 3.94831 6.65622 4.43878 2.86909 1.48861 1.06248 0.0411297
threshold=-0.8028799506160551 252.50000000000003 -1.4433271665256986 -0.56305493136331208 0.49440459204856863 0.10131767489807891 -0.3540576195311001 -1.0653376026213632 -0.67643480491179919 -0.18021435597051716 -1.0000000180025095e-35 -0.30013142653613484
decision_type=2 2 2 2 2 2 2 2 2 2 2 2
left_child=9 -2 -3 8 5 -5 7 -7 -4 -1 -6 -11
right_child=1 2 3 4 10 6 -8 -9 -10 11 -12 -13
leaf_value=0.001210962910831997 -0.021757710778807598 0.01974603618785107 -0.027190114427879553 0.011784422856625941 0.0055107923992461045 -0.011918796168230423 -0.028109797658918623 0.022426079579970549 -0.0015835253255562097 0.0086716502081309425 0.028150413928984902 0.023886715360462784
leaf_weight=8.8037380725145358 8.2128655314445478 5.1845645606517783 7.5695762783288947 8.9901998192071932 4.972408264875412 5.3993818461894945 8.7293126434087789 5.0779502093791971 8.2544662803411466 4.7342100441455841 5.1051962822675687 4.4281005263328534
leaf_count=38 34 22 31 38 21 22 36 21 34 20 22 20
internal_value=1.98399e-05 -0.00307867 0 -0.00239359 0.00324252 -0.00311944 -0.0107337 0.00494979 -0.0154727 0.011309 0.0196593 0.0189137
internal_weight=85.462 67.4959 59.2831 54.0985 38.2744 28.1968 19.2066 10.4773 15.824 17.966 10.0776 9.16231
internal_count=359 281 247 225 160 117 79 43 65 78 43 40
is_linear=0
shrinkage=0.03


Tree=25
num_leaves=14
num_cat=0
split_feature=12 20 34 23 40 20 35 21 15 16 29 12 7
split_gain=3.33813 4.21144 4.28501 4.37083 4.52709 3.14999 4.34551 6.19347 2.95784 2.26677 1.43173 0.259526 0.0390805
threshold=-0.8028799506160551 0.91054437006525391 -1.4433271665256986 -0.71550861340432526 252.50000000000003 -1.0276483329549875 0.64971180377571047 -0.44576880727145601 1.0000000180025095e-35 -1.0000000180025095e-35 -0.18021435597051716 -0.2852360418038648 0.21251624241394138
decision_type=2 2 2 2 2 2 2 2 2 2 2 2 2
left_child=10 2 -2 11 -5 -6 7 -7 9 -9 -1 -4 -12
right_child=1 -3 3 4 5 6 -8 8 -10 -11 12 -13 -14
leaf_value=0.0011801967998320436 0.0176521567723932 0.015241226728721573 -0.031697164637087806 -0.0250203413277909 0.016263431202435636 -0.031357206402882379 0.015064697382874097 0.020119796651234444 -0.014928748967186541 -0.0035451534730899037 0.023478584933027041 -0.011444314081492339 0.0084852647808353904
leaf_weight=8.8013799041509646 4.7300380915403357 8.2475582361221296 5.1446562707424164 6.1442259848117819 7.2185564786195675 6.8106217235326758 6.6204654574394217 5.7367952466011047 6.0380418449640265 5.872709110379235 4.3964775055646879 4.8846938461065275 4.7261267751455307
leaf_count=38 20 36 21 25 30 28 28 24 25 24 20 20 20
internal_value=4.00702e-05 -0.00298699 -0.00593917 -0.00851313 -0.00393547 0.000112069 -0.00403128 -0.0100032 0 0.00865521 0.0110909 -0.0251259 0.0185709
internal_weight=85.3723 67.4484 59.2008 54.4708 44.4414 38.2972 31.0786 24.4582 17.6475 11.6095 17.924 10.0294 9.1226
internal_count=359 281 245 225 184 159 129 101 73 48 78 41 40
is_linear=0
shrinkage=0.03


Tree=26
num_leaves=15
num_cat=0
split_feature=42 35 36 31 27 5 36 17 28 16 24 35 34 34
split_gain=3.35766 3.35917 5.94337 4.2729 3.21067 3.95354 2.66389 2.54641 2.19425 3.56634 1.21113 0.896372 1.11915 0.561531
threshold=1.0000000180025095e-35 0.64971180377571047 -1.004513850632208 0.10131767489807891 -0.42759004277680474 0.63813950575087675 0.55562905116431771 0.56721780378534914 0.1714518881977386 -1.0000000180025095e-35 0.30676600252856367 0.9046500569881889 0.24990833875865368 -0.00094136572791686437
decision_type=2 2 2 2 2 2 2 2 2 2 2 2 2 2
left_child=1 3 -3 4 -1 -6 10 13 9 -8 -5 -4 -13 -2
right_child=7 2 11 6 5 -7 8 -9 -10 -11 -12 12 -14 -15
leaf_value=0.021641199491488652 -0.027178109770393276 -0.0099931726110674898 0.03422204108725594 -0.0050751935822538237 -0.015424629332859725 0.013303538802865391 0.0060057579963213644 0.0021968921654306217 0.013605623811028261 -0.024342204422324622 -0.028709240394541844 0.00080803037586379218 0.021332861784513012 -0.0076263892587129303
leaf_weight=7.9244387596845653 4.899589642882348 5.9873774796724346 4.5057481825351706 4.8093593865633029 6.9556058794260007 7.2600456774234772 6.1827931106090537 6.6102841496467581 4.6528516858816138 4.8773541748523703 5.4213201254606247 4.9581066668033582 5.081491693854332 5.1335560828447351
leaf_count=34 20 25 20 20 29 31 26 27 20 20 22 21 23 21
internal_value=4.13201e-05 0.00308467 0.012814 -0.00121089 0.00804021 -0.000501728 -0.00933226 -0.0113926 -0.00077758 -0.00820833 -0.0201802 0.0226327 0.0131391 -0.0199875
internal_weight=85.2599 68.6165 20.5327 48.0838 22.1401 14.2157 25.9437 16.6434 15.713 11.0601 10.2307 14.5453 10.0396 10.0331
internal_count=359 291 89 202 94 60 108 68 66 46 42 64 44 41
is_linear=0
shrinkage=0.03


Tree=27
num_leaves=13
num_cat=0
split_feature=1 0 14 5 2 0 16 41 23 1 28 12
split_gain=3.24271 2.83012 3.41831 2.51679 5.30162 2.34717 2.16787 2.40566 2.34826 1.39701 1.24336 1.09983
threshold=-0.60384736378360737 0.59628134063496907 -0.72275868398287468 -0.71942072027325721 -0.53972101865171684 1.6145786706191123 0.49163283867474666 493.50000000000006 -0.71550861340432526 -0.24032681325007127 0.35090568440609382 -0.47721365522166431
decision_type=2 2 2 2 2 2 2 2 2 2 2 2
left_child=3 2 6 -1 -5 9 8 -8 -2 -3 -10 -4
right_child=1 5 11 4 -6 -7 7 -9 10 -11 -12 -13
leaf_value=0.0039507307943185063 -0.015058368145042158 -0.00021487434928524186 0.029548141181557647 -0.029887671730835851 0.00092554471157148916 0.0073797454915817658 0.020166568248252911 -0.004006548067838402 0.014450500965687493 -0.021873893162718979 -0.0039041522513944865 0.0062101241638952811
leaf_weight=8.6527969092130679 7.8101788759231594 5.1470535546541223 5.986691415309906 8.3683507442474383 9.32683417201042 6.2696827054023734 8.1655972152948362 4.7369497567415229 4.7923540621995944 5.9086907953023919 5.2431046813726425 4.7329088151454908
leaf_count=36 32 21 29 34 38 26 36 20 20 24 22 21
internal_value=3.81625e-05 0.00401566 0.00824487 -0.00836004 -0.0145308 -0.00563849 0.00255328 0.0113822 -0.00390758 -0.0134986 0.00508012 0.0217622
internal_weight=85.1412 58.7932 41.4678 26.348 17.6952 17.3254 30.7482 12.9025 17.8456 11.0557 10.0355 10.7196
internal_count=359 251 180 108 72 71 130 56 74 45 42 50
is_linear=0
shrinkage=0.03


Tree=28
num_leaves=15
num_cat=0
split_feature=42 35 36 31 27 36 17 28 16 29 24 35 34 34
split_gain=3.12745 3.14635 5.65113 4.08325 3.10002 2.52561 2.44622 2.09462 3.38145 1.98305 1.13374 0.890343 1.07484 0.545261
threshold=1.0000000180025095e-35 0.64971180377571047 -1.004513850632208 0.10131767489807891 0.21015751706775371 0.55562905116431771 0.56721780378534914 0.1714518881977386 -1.0000000180025095e-35 0.29665341892610836 0.30676600252856367 0.9046500569881889 0.24990833875865368 -0.00094136572791686437
decision_type=2 2 2 2 2 2 2 2 2 2 2 2 2 2
left_child=1 3 -3 4 9 10 13 8 -7 -1 -5 -4 -13 -2
right_child=6 2 11 5 -6 7 -8 -9 -10 -11 -12 12 -14 -15
leaf_value=0.0019505870485141854 -0.026484757323489698 -0.0097477176079327956 0.033602265802993754 -0.0049568424761346755 -0.0052001341136638981 0.0058287716219908589 0.0022977074595866478 0.013325749025140285 -0.023734672004021965 0.025720974536201754 -0.027920881500375763 0.00064571440114617208 0.020774329933024516 -0.0073201110943714861
leaf_weight=6.3129977285861987 4.8940477073192605 5.9913899451494244 4.4458987563848487 4.8053599894046801 8.5790029615163785 6.1653522849082938 6.6006451696157447 4.6295117586851111 4.8713760226964942 7.1771768927574158 5.4304437786340714 4.9441983103752118 5.0236895233392715 5.1277338415384301
leaf_count=27 20 25 20 20 36 26 27 20 20 31 22 21 23 21
internal_value=4.16457e-05 0.00298885 0.0124381 -0.00116448 0.00789222 -0.00910959 -0.0109945 -0.000749296 -0.00801987 0.0163057 -0.0196628 0.0220866 0.0127039 -0.0194293
internal_weight=84.9988 68.3764 20.4052 47.9712 22.0692 25.902 16.6224 15.6662 11.0367 13.4902 10.2358 14.4138 9.96789 10.0218
internal_count=359 291 89 202 94 108 68 66 46 58 42 64 44 41
is_linear=0
shrinkage=0.03


Tree=29
num_leaves=14
num_cat=0
split_feature=1 0 0 12 30 31 0 20 30 41 37 0 1
split_gain=3.06641 2.68225 3.26434 2.38236 2.50467 2.43237 2.21873 1.80605 1.96043 2.61342 1.61627 2.3288 1.31727
threshold=-0.60384736378360737 0.59628134063496907 -0.52262620458712783 0.79462363199298236 -0.49399392084451327 -0.1579331517052138 1.6145786706191123 1.4643137137853228 1.0694632685749796 684.00000000000011 -0.94185634130490692 -0.82140805589984045 -0.24032681325007127
decision_type=2 2 2 2 2 2 2 2 2 2 2 2 2
left_child=3 2 7 4 -1 -5 12 8 9 10 -2 -12 -3
right_child=1 6 -4 5 -6 -7 -8 -9 -10 -11 11 -13 -14
leaf_value=0.014092135433470895 -0.0023267814770010047 -0.00018346342640189296 0.027251260700902884 -0.027173646652331067 -0.0090595030847467565 0 0.0071842653393520244 0.01892906035780988 -0.012342125245611972 -0.010552986790126156 0.0010223451305575715 0.025790607296575355 -0.021251639806831198
leaf_weight=5.5234345197677603 5.462228983640677 5.1403272449970254 5.3654684126377097 6.85655277967453 8.9713090062141436 4.9380108416080457 6.2520120441913596 4.6756336092948905 6.1481820344924918 5.8110859841108313 6.8059294074773833 7.0184932500123951 5.9088600128889093
leaf_count=23 23 21 27 28 37 20 26 21 26 24 29 30 24
internal_value=4.05065e-05 0.0039185 0.00804992 -0.00813108 0 -0.0173054 -0.00547711 0.00404418 0.000868519 0.00484384 0.0101983 0.0152821 -0.0131219
internal_weight=84.8775 58.5882 41.287 26.2893 14.4947 11.7946 17.3012 35.9216 31.2459 25.0977 19.2867 13.8244 11.0492
internal_count=359 251 180 108 60 48 71 153 132 106 82 59 45
is_linear=0
shrinkage=0.03


Tree=30
num_leaves=13
num_cat=0
split_feature=12 40 7 26 12 40 6 35 36 2 20 28
split_gain=3.0457 3.94489 2.9073 2.29325 3.41854 2.22767 3.22507 2.1433 1.39193 1.76259 1.37775 0.926518
threshold=-0.8028799506160551 252.50000000000003 -0.55564509481942259 0.35422721681669128 -0.39536106227693457 386.50000000000006 -0.078683499242813662 0.22090761542215512 -0.30159232344915793 -0.74756692511060996 -0.47387898923491872 0.1714518881977386
decision_type=2 2 2 2 2 2 2 2 2 2 2 2
left_child=8 -2 5 4 -4 -3 -7 -6 -1 -10 -8 -5
right_child=1 2 3 11 7 6 10 -9 9 -11 -12 -13
leaf_value=0 -0.020622918766267557 0.0063640224243325426 -0.014091300512372035 0.0051745142646432091 -0.003153443931529117 0.0036847672266631312 -0.0071338833234947593 0.016392083534349344 0.00099702226722945663 0.026323781279373095 -0.032703110977625113 0.023903890496961344
leaf_weight=7.252631530165675 8.1577435880899412 5.1825586855411556 8.8498487919568998 7.2890641540288907 8.0439084172248894 5.1933591216802624 5.1923088729381561 9.1279687583446485 4.7260066419839868 5.7402479946613285 5.1376212686300224 4.8447236716747284
leaf_count=31 34 22 37 31 34 21 21 39 20 27 21 21
internal_value=4.07034e-05 -0.00285138 0 0.0049279 -6.26581e-05 -0.00862933 -0.0141071 0.00739713 0.0106606 0.0169475 -0.0228922 0.0148999
internal_weight=84.738 67.0191 58.8614 38.1555 26.0217 20.7058 15.5233 17.1719 17.7189 10.4663 10.3299 12.1338
internal_count=359 281 247 162 110 85 63 73 78 47 42 52
is_linear=0
shrinkage=0.03


Tree=31
num_leaves=15
num_cat=0
split_feature=12 20 7 24 31 20 35 0 12 29 26 7 31 7
split_gain=2.93534 2.95727 2.90124 2.73159 3.01125 2.80059 3.28371 3.15987 2.14426 1.95253 1.43812 1.26001 0.927337 0.585784
threshold=-0.87810497117968744 0.91054437006525391 0.72799513744081434 -0.85299524266060389 -0.87087292486426893 -1.0276483329549875 0.41235549906064434 0.6968915558729234 -0.21587994427065552 -0.41864824341882995 0.11557920448616675 -0.40048853561068493 0.10131767489807891 -0.88085693071796012
decision_type=2 2 2 2 2 2 2 2 2 2 2 2 2 2
left_child=9 3 -3 8 -5 -6 7 11 -2 -1 -11 13 -8 -7
right_child=1 2 -4 4 5 6 12 -9 -10 10 -12 -13 -14 -15
leaf_value=-0.0017453668994903949 -0.029624258943132462 0.025550214758376634 -0.0040039071999881121 0.018241735202935663 0.010266123955115485 -0.012927406571981352 -0.0023639475281852619 0.0026991668585873785 -0.0048862507461026067 0.029344360519335051 0.0037187279375604679 -0.0041113691573676225 0.013768118686716705 -0.033359111149546102
leaf_weight=5.1960708796977988 4.8975970745086679 4.7203173637390119 4.5166642069816589 4.7034768760204235 8.1160333156585605 7.3339531123638091 4.7323310077190381 6.8560560196638098 9.1743349432945216 4.4856929183006269 4.5992561727762222 5.1369693428278209 4.8075029402971268 5.3627660572528848
leaf_count=23 20 21 20 20 34 30 20 28 38 20 20 22 21 22
internal_value=4.55314e-05 -0.00245928 0.0119997 -0.00497531 -0.00119214 -0.00403779 -0.00788587 -0.0135117 -0.0159056 0.0118269 0.0193036 -0.0197801 0.00598827 -0.0245927
internal_weight=84.639 70.358 9.23698 61.121 47.0491 42.3456 34.2296 24.6897 14.0719 14.281 9.08495 17.8337 9.53983 12.6967
internal_count=359 296 41 255 197 177 143 102 58 63 40 74 41 52
is_linear=0
shrinkage=0.03


Tree=32
num_leaves=14
num_cat=0
split_feature=12 8 31 16 22 22 30 21 25 29 21 9 34
split_gain=2.81021 2.84039 4.93658 2.56552 2.41929 2.31612 3.15181 3.54789 2.74129 1.88194 1.76446 1.57309 0.260178
threshold=-0.87810497117968744 -0.33170070304072258 -0.33616809499497763 1.0000000180025095e-35 -0.42003595016804168 -0.62512660791755137 0.64602694644053371 1.0000000180025095e-35 0.46153085127998805 -0.41864824341882995 0.32238000141871587 0.70369220981856395 0.24990833875865368
decision_type=2 2 2 2 2 2 2 2 2 2 2 2 2
left_child=9 2 -2 10 -5 -3 7 11 -8 -1 -4 -7 -11
right_child=1 5 3 4 -6 6 8 -9 -10 12 -12 -13 -14
leaf_value=-0.0017041393965822502 -0.029517048196007763 -0.014233501611051063 0.01739161282405801 0.00051536387164447374 -0.023658338035419554 0.011444107348643342 0.0075605239268104725 0.026573740611068826 -0.016733971755816954 0.024742963080852404 -0.0027554140437311479 -0.0074971099638124344 0.0074320485965388792
leaf_weight=5.1983777135610572 6.5059357136487987 4.5041035562753668 5.7471743822097796 6.8350007832050323 5.5043997466564161 6.2177719026803988 6.6613718420267087 8.1873970031738263 6.9063941389322281 4.5293475985527021 6.8549322634935379 6.3850853145122528 4.5143235772848129
leaf_count=23 27 19 24 28 23 26 29 35 29 20 29 27 20
internal_value=4.61173e-05 -0.00240218 -0.00894484 -0.00198166 -0.01123 0.0028792 0.00579145 0.0128593 -0.00484266 0.0115911 0.00687973 0.0016456 0.0189576
internal_weight=84.5516 70.3096 31.4474 24.9415 12.3394 38.8621 34.358 20.7903 13.5678 14.242 12.6021 12.6029 9.04367
internal_count=359 296 131 104 51 165 146 88 58 63 53 53 40
is_linear=0
shrinkage=0.03


Tree=33
num_leaves=15
num_cat=0
split_feature=42 35 36 31 27 36 17 28 16 32 24 35 38 34
split_gain=2.77169 2.89168 5.26704 3.85851 2.95701 2.39416 2.34493 1.95231 3.16339 1.87708 1.07622 0.829266 0.98596 0.481457
threshold=1.0000000180025095e-35 0.64971180377571047 -1.004513850632208 0.10131767489807891 0.21015751706775371 0.55562905116431771 0.56721780378534914 0.1714518881977386 -0.30639062365035069 -0.33735532056237688 0.30676600252856367 0.9046500569881889 -1.0000000180025095e-35 -0.00094136572791686437
decision_type=2 2 2 2 2 2 2 2 2 2 2 2 2 2
left_child=1 3 -3 4 9 10 13 8 -7 -1 -5 -4 -13 -2
right_child=6 2 11 5 -6 7 -8 -9 -10 -11 -12 12 -14 -15
leaf_value=0.026208041128347015 -0.025376163400538273 -0.0094121245039435596 0.032633475125772207 -0.0047666944582602936 -0.0051038480389185622 0.0066075332073235746 0.0026077284634624309 0.012924283933995957 -0.021899249515112393 0.0029709319695840016 -0.027184240777989827 0.0005483060094029356 0.019963987306263784 -0.0070374836649929225
leaf_weight=6.3588600158691406 4.8657317459583291 5.9897753000259426 4.3349424153566352 4.7876184582710284 8.5400964021682721 5.6484558284282675 6.5721540302038184 4.5899718999862662 5.3459894210100165 7.0209428817033785 5.4358571618795395 4.8742573410272598 4.9974357187747938 5.1062128096818933
leaf_count=28 20 25 20 20 36 24 27 20 22 30 22 21 23 21
internal_value=4.29329e-05 0.00283287 0.0119434 -0.00114691 0.00768737 -0.00888011 -0.0103623 -0.000701215 -0.00773851 0.0159465 -0.0191511 0.0213683 0.0122418 -0.0186567
internal_weight=84.4683 67.9242 20.1964 47.7278 21.9199 25.8079 16.5441 15.5844 10.9944 13.3798 10.2235 14.2066 9.87169 9.97194
internal_count=359 291 89 202 94 108 68 66 46 58 42 64 44 41
is_linear=0
shrinkage=0.03


Tree=34
num_leaves=13
num_cat=0
split_feature=35 29 1 30 34 35 12 4 33 34 35 29
split_gain=2.69312 5.3624 3.06235 6.26119 4.13298 2.62303 3.04208 1.94121 2.37743 3.13309 2.20583 1.49754
threshold=0.22090761542215512 -0.65708213086714262 -0.42743297896586202 -0.42884987128536772 0.43804561712358198 -0.44915997731255758 1.3457909503708974 -0.50133946802539187 0.93355968264288747 -0.18907864409284483 0.64971180377571047 -0.65708213086714262
decision_type=2 2 2 2 2 2 2 2 2 2 2 2
left_child=1 -1 5 4 -4 6 -3 11 9 -9 -11 -2
right_child=7 2 3 -5 -6 -7 -8 8 -10 10 -12 -13
leaf_value=-0.02847683185516247 0.0025497445864458555 0.013483867342448641 0.012820461228260766 0.030559842274333369 -0.018459803137161789 -0.018407767049952374 -0.013902672834273235 -0.017023148606180313 0.013796977083344219 -0.0067918771918940163 0.015375500331534477 0.026789130496651069
leaf_weight=5.7800290882587424 5.256474956870079 6.8887910544872284 5.5553863942623156 5.7580823749303809 6.6287546306848526 9.542935311794281 4.9017133265733719 8.1457335650920886 8.3212904334068281 6.102028891444208 6.9137634336948395 4.540157198905943
leaf_count=24 22 29 24 25 27 40 20 34 36 26 32 20
internal_value=4.43106e-05 -0.00481728 -0.000268773 0.00834287 -0.00391708 -0.00784653 0.00136281 0.00574002 0.00138906 -0.00381559 0.00494177 0.0163799
internal_weight=84.3351 45.0557 39.2757 17.9422 12.1841 21.3334 11.7905 39.2794 29.4828 21.1615 13.0158 9.79663
internal_count=359 189 165 76 51 89 49 170 128 92 58 42
is_linear=0
shrinkage=0.03


Tree=35
num_leaves=15
num_cat=0
split_feature=12 2 31 22 27 34 36 29 34 34 12 35 32 26
split_gain=2.61382 2.64406 4.72552 2.18662 3.06292 2.03812 3.21217 1.82257 1.73943 3.55682 3.54614 1.54792 1.51773 1.32932
threshold=-0.87810497117968744 -0.50044305207680784 -0.33616809499497763 -0.62512660791755137 -1.0000000180025095e-35 0.24990833875865368 0.55562905116431771 -0.41864824341882995 -0.18907864409284483 -0.81620290530927153 -0.34077762265332284 0.64971180377571047 0.65698546801950142 0.11557920448616675
decision_type=2 2 2 2 2 2 2 2 2 2 2 2 2 2
left_child=7 2 -2 -3 -5 -4 -7 -1 9 10 -6 -10 -8 -9
right_child=1 3 5 4 8 6 12 13 11 -11 -12 -13 -14 -15
leaf_value=-0.0018270049360804605 -0.028800368623142343 -0.013830798945810989 0.012075735406974967 0.022036741477891544 -0.00877993826604994 -0.023873648499528603 0.01268966913480259 0.02827607007543087 -0.0017680336300744631 -0.019158732517791151 0.022328784626583251 0.018871374435526469 -0.0056244658739814189 0.0034884837304580726
leaf_weight=5.1800822764635077 6.4739410728216198 4.4994549304246894 5.4492361992597607 6.4847836047410921 5.4852067679166785 5.1412489712238338 4.9383759796619406 4.3926035612821561 4.7659744769334846 7.2456346005201366 4.6796163022518149 5.5614193230867386 9.3407467156648618 4.5733439326286316
leaf_count=23 27 19 23 28 23 21 21 20 20 30 20 25 39 20
internal_value=5.02049e-05 -0.00230975 -0.00863362 0.002791 0.00563332 -0.00181672 -0.006588 0.0112234 0.000659371 -0.00480695 0.00605698 0.00982298 0.00093335 0.0185178
internal_weight=84.2117 70.0656 31.3435 38.7221 34.2226 24.8696 19.4204 14.146 27.7379 17.4105 10.1648 10.3274 14.2791 8.96595
internal_count=359 296 131 165 146 104 81 63 118 73 43 45 60 40
is_linear=0
shrinkage=0.03


Tree=36
num_leaves=12
num_cat=0
split_feature=7 0 2 5 2 22 16 25 23 19 32
split_gain=2.55188 2.36147 3.08307 2.31473 4.56664 2.04571 1.7168 1.59383 1.72847 1.5304 1.94799
threshold=-0.62460609376041731 0.59628134063496907 -0.24186310545865733 -0.71942072027325721 -0.53972101865171684 -0.83021726566706133 -0.57239844442538312 0.77924815829727379 1.0000000180025095e-35 0.97497848744450544 -0.64808681699421389
decision_type=2 2 2 2 2 2 2 2 2 2 2
left_child=3 2 -2 -1 -5 -3 7 8 -4 10 -8
right_child=1 5 6 4 -6 -7 9 -9 -10 -11 -12
leaf_value=0.0043461548723447291 0.026424433371491272 0.0050993110542639376 0.014298430593592749 -0.027779367355121449 0.00091813024819038379 -0.013922640416558588 0.0006750714379824787 -0.015344087180881056 -0.0078406204266863681 -0.0037775833162690181 0.021974529217840953
leaf_weight=8.5936643928289431 5.2009380459785453 7.870231285691264 4.7675486505031568 8.2342370897531527 9.2595637589693052 9.347710043191908 7.427823767066001 5.0927677154541007 4.7397998869419098 5.0260507315397254 8.5354126840829867
leaf_count=36 27 33 20 34 38 38 32 21 20 22 38
internal_value=5.35973e-05 0.00361717 0.00753123 -0.00741872 -0.0134008 -0.00519539 0.00365144 -0.00375574 0.00315173 0.0089775 0.0133166
internal_weight=84.0957 58.0083 40.7903 26.0875 17.4938 17.2179 35.5894 14.6001 9.50735 20.9893 15.9632
internal_count=359 251 180 108 72 71 153 61 40 92 70
is_linear=0
shrinkage=0.03


end of trees

feature_importances:
Column_12=39
Column_0=33
Column_16=33
Column_1=26
Column_34=25
Column_35=23
Column_40=22
Column_36=21
Column_2=20
Column_22=19
Column_24=17
Column_31=16
Column_28=15
Column_38=14
Column_20=13
Column_29=13
Column_27=12
Column_5=10
Column_7=9
Column_23=8
Column_41=8
Column_21=7
Column_30=7
Column_14=6
Column_15=5
Column_17=5
Column_42=5
Column_10=4
Column_32=4
Column_4=3
Column_6=3
Column_25=3
Column_26=3
Column_9=2
Column_33=2
Column_8=1
Column_13=1
Column_19=1
Column_37=1

parameters:
[boosting: gbdt]
[objective: binary]
[metric: binary_logloss]
[tree_learner: serial]
[device_type: cpu]
[data_sample_strategy: bagging]
[data: ]
[valid: ]
[num_iterations: 800]
[learning_rate: 0.03]
[num_leaves: 96]
[num_threads: 1]
[seed: 42]
[deterministic: 0]
[force_col_wise: 1]
[force_row_wise: 0]
[histogram_pool_size: -1]
[max_depth: 10]
[min_data_in_leaf: 20]
[min_sum_hessian_in_leaf: 0.001]
[bagging_fraction: 0.85]
[pos_bagging_fraction: 1]
[neg_bagging_fraction: 1]
[bagging_freq: 0]
[bagging_seed: 400]
[bagging_by_query: 0]
[feature_fraction: 0.8]
[feature_fraction_bynode: 1]
[feature_fraction_seed: 30056]
[extra_trees: 0]
[extra_seed: 12879]
[early_stopping_round: 0]
[early_stopping_min_delta: 0]
[first_metric_only: 0]
[max_delta_step: 0]
[lambda_l1: 0.2]
[lambda_l2: 1.5]
[linear_lambda: 0]
[min_gain_to_split: 0]
[drop_rate: 0.1]
[max_drop: 50]
[skip_drop: 0.5]
[xgboost_dart_mode: 0]
[uniform_drop: 0]
[drop_seed: 17869]
[top_rate: 0.2]
[other_rate: 0.1]
[min_data_per_group: 100]
[max_cat_threshold: 32]
[cat_l2: 10]
[cat_smooth: 10]
[max_cat_to_onehot: 4]
[top_k: 20]
[monotone_constraints: ]
[monotone_constraints_method: basic]
[monotone_penalty: 0]
[feature_contri: ]
[forcedsplits_filename: ]
[refit_decay_rate: 0.9]
[cegb_tradeoff: 1]
[cegb_penalty_split: 0]
[cegb_penalty_feature_lazy: ]
[cegb_penalty_feature_coupled: ]
[path_smooth: 0]
[interaction_constraints: ]
[verbosity: -1]
[saved_feature_importance_type: 0]
[use_quantized_grad: 0]
[num_grad_quant_bins: 4]
[quant_train_renew_leaf: 0]
[stochastic_rounding: 1]
[linear_tree: 0]
[max_bin: 255]
[max_bin_by_feature: ]
[min_data_in_bin: 3]
[bin_construct_sample_cnt: 200000]
[data_random_seed: 175]
[is_enable_sparse: 1]
[enable_bundle: 1]
[use_missing: 1]
[zero_as_missing: 0]
[feature_pre_filter: 1]
[pre_partition: 0]
[two_round: 0]
[header: 0]
[label_column: ]
[weight_column: ]
[group_column: ]
[ignore_column: ]
[categorical_feature: ]
[forcedbins_filename: ]
[precise_float_parser: 0]
[parser_config_file: ]
[objective_seed: 16083]
[num_class: 1]
[is_unbalance: 0]
[scale_pos_weight: 1]
[sigmoid: 1]
[boost_from_average: 1]
[reg_sqrt: 0]
[alpha: 0.9]
[fair_c: 1]
[poisson_max_delta_step: 0.7]
[tweedie_variance_power: 1.5]
[lambdarank_truncation_level: 30]
[lambdarank_norm: 1]
[label_gain: ]
[lambdarank_position_bias_regularization: 0]
[eval_at: ]
[multi_error_top_k: 1]
[auc_mu_weights: ]
[num_machines: 1]
[local_listen_port: 12400]
[time_out: 120]
[machine_list_filename: ]
[machines: ]
[gpu_platform_id: -1]
[gpu_device_id: -1]
[gpu_device_id_list: ]
[gpu_use_dp: 0]
[num_gpu: 1]

end of parameters

pandas_categorical:null
