tree
version=v4
num_class=1
num_tree_per_iteration=1
label_index=0
max_feature_idx=42
objective=binary sigmoid:1
feature_names=Column_0 Column_1 Column_2 Column_3 Column_4 Column_5 Column_6 Column_7 Column_8 Column_9 Column_10 Column_11 Column_12 Column_13 Column_14 Column_15 Column_16 Column_17 Column_18 Column_19 Column_20 Column_21 Column_22 Column_23 Column_24 Column_25 Column_26 Column_27 Column_28 Column_29 Column_30 Column_31 Column_32 Column_33 Column_34 Column_35 Column_36 Column_37 Column_38 Column_39 Column_40 Column_41 Column_42
feature_infos=[-0.99823813116654803:5.0322771943084055] [-1.2293165463192506:4.9505328127508665] [-1.0356053466599422:4.8691822951013686] [-1.0075732983495909:4.3972105974515578] [-1.2195050462765278:4.5686951366430737] [-1.0482707129126438:5.6130496508082617] [-1.444410782639006:2.9447117718758045] [-1.5091378347151105:3.87580003993128] [-1.6335283640616873:2.6258147292612812] [-1.809884034039456:1.9577893460789424] [-3.0404594470245949:1.7999607955955064] [-1.5022276884260317:2.4313721142476457] [-1.7078340674490411:2.7461477206530231] [-1.8033769814478648:1.9865344868027219] [-1.4957877966712945:2.4566721608542497] [-1.7075693403470154:1.8452185021347285] [-1.5034258171379968:1.4226602113873603] [-3.2486989034520346:0.9141193226251112] [-1.8826321460838633:0.53117121264509004] [-2.6290435088942932:1.8559616421051006] [-2.5505140281851775:3.2640640808755474] [-2.1741036268243432:3.5870124383519468] [-2.9836691720369148:2.758869244949361] [-2.0259337413642897:2.3421500185022581] [-2.1577266434984175:3.3511392711501284] [-2.239066258366941:3.1621279609269166] [-2.7481969434801261:2.7884369425880404] [-2.8722890221809463:2.017108936627336] [-3.3278971378651847:3.4913471180523064] [-2.6837701741778015:3.753944786926644] [-2.643747556296316:2.6980645075536174] [-2.7180350644127302:3.1151085341613576] [-2.2328174487965824:2.8010327933991768] [-2.8778380481025985:3.3028069206738651] [-3.3874123762966217:3.6363793493273584] [-3.3413905051368782:1.8277023531023338] [-2.5446549203544198:3.855931343426199] [-1.3420059584983528:2.6594902134361047] [-0.92690981799088323:3.3529695988416193] [-0.97523687200686582:3.0260206942841608] [5:804] [5:804] [0:1]
tree_sizes=1258 1185 1289 1081 1198 1282 1279 1399 1303 1282 1383 1194 1298 1304 1277 1367 1275 1490 1402 1196 1197 1186 1507 1288 1310 1281 1387 1304 1406 1301 1310 1303 1394 1274 1382 1482 1506 1514 1506 1415 1388 1305 1409 1417 1393 1406 1613 1503 1503 1413 1405 1398 1397 1510 1381 1294

Tree=0
num_leaves=11
num_cat=0
split_feature=13 20 10 27 36 30 40 0 14 40
split_gain=47.4435 13.4414 10.8946 4.89525 4.18991 3.36784 3.75551 2.61706 2.75367 0.138821
threshold=-0.1179043266418268 -0.23160490135738851 0.78500177472973287 1.2730701168086849 -0.074428659176586934 0.35287872342437882 420.00000000000006 -0.77567613988258843 -0.8224477757008124 323.00000000000006
decision_type=2 2 2 2 2 2 2 2 2 2
left_child=1 2 9 7 -4 6 -3 -2 -9 -1
right_child=3 5 4 -5 -6 -7 -8 8 -10 -11
leaf_value=0.84376913976441503 0.90682093943345632 0.86073302281705755 0.88017513935805169 0.86807761434820918 0.84401435950354509 0.84931315107335026 0.89130309908723815 0.86941587880203308 0.89405093396414526 0.80935184209512345
leaf_weight=4.5778352618217495 16.022423416376114 5.4101689457893354 4.3697518408298492 5.2020855247974387 4.1616684198379499 4.1616684198379508 6.0344192087650299 5.4101689457893363 10.404171049594881 8.9475871026515943
leaf_count=22 77 26 21 25 20 20 29 26 50 43
internal_value=0.86995 0.846696 0.832379 0.893581 0.861893 0.868801 0.876995 0.897825 0.88596 0.816825
internal_weight=74.7019 37.6631 22.0568 37.0388 8.53142 15.6063 11.4446 31.8368 15.8143 13.5254
internal_count=359 181 106 178 41 75 55 153 76 65
is_linear=0
shrinkage=1


Tree=1
num_leaves=10
num_cat=0
split_feature=13 20 24 27 30 40 0 14 12
split_gain=45.0655 12.4989 8.97124 4.72962 3.20079 3.60331 2.5586 2.65374 1.16831
threshold=-0.1179043266418268 -0.23160490135738851 -0.32143800528223559 1.2730701168086849 0.35287872342437882 420.00000000000006 -0.77567613988258843 -0.8224477757008124 0.29314755401737663
decision_type=2 2 2 2 2 2 2 2 2
left_child=1 2 -1 6 5 -3 -2 -8 -4
right_child=3 4 8 -5 -6 -7 7 -9 -10
leaf_value=-0.0056982352076727361 0.036374404626652028 -0.0089740245563167485 -0.054943865674368639 -0.001828065959948206 -0.020056451690364463 0.020989825702271595 -0.00052186987651860845 0.023677440134139367 -0.019965335769738104
leaf_weight=7.123642936348916 15.777902111411095 5.4305307269096357 11.023415476083754 5.2060727030038825 4.1966122388839713 5.9813225120306015 5.4113529324531564 10.300762206315992 4.2016870081424722
leaf_count=34 77 26 52 25 20 29 26 50 20
internal_value=0 -0.0225175 -0.0361889 0.0231966 -0.00113493 0.00688026 0.0274107 0.0156753 -0.0483059
internal_weight=74.6533 37.9572 22.3487 36.6961 15.6085 11.4119 31.49 15.7121 15.2251
internal_count=359 181 106 178 75 55 153 76 72
is_linear=0
shrinkage=0.03


Tree=2
num_leaves=11
num_cat=0
split_feature=14 22 1 24 34 33 9 14 0 30
split_gain=42.0713 12.3922 7.58045 5.19437 6.25704 6.42208 3.32444 4.77136 0.999705 0.536713
threshold=-0.23881249633469098 -0.83021726566706133 -0.53969667839533619 -0.32143800528223559 1.441444435069865 -0.50859081007162066 0.96003408206734087 -0.8224477757008124 0.39810970456021072 0.64602694644053371
decision_type=2 2 2 2 2 2 2 2 2 2
left_child=6 2 -2 -3 5 -5 7 -1 -7 -9
right_child=1 3 -4 4 -6 8 -8 9 -10 -11
leaf_value=-0.0052497237634755497 -0.010850719210724457 0.011550001606485286 -0.059971994058654117 -0.045621476925813045 0.011301013271821711 0.003741363781681955 0.033143383435868728 0.029744807859467381 -0.013795927835373463 0.0083631454056694934
leaf_weight=7.2546637207269695 5.7059921622276306 7.5047804117202785 7.7522773146629316 5.9220336377620724 4.5718971937894812 4.1602452844381315 16.815667688846588 6.5443572402000409 4.2574288100004196 4.1013296693563461
leaf_count=35 27 36 36 28 22 20 83 32 20 20
internal_value=0 -0.0207204 -0.0427234 -0.00760243 -0.015787 -0.0250545 0.0235588 0.0123793 -0.00526858 0.0240515
internal_weight=74.5907 39.8747 13.4583 26.4164 18.9116 14.3397 34.716 17.9004 8.41767 10.6457
internal_count=359 189 63 126 90 68 170 87 40 52
is_linear=0
shrinkage=0.03


Tree=3
num_leaves=9
num_cat=0
split_feature=14 20 10 27 36 30 10 12
split_gain=40.0288 11.7487 9.65467 5.348 3.36844 2.68418 2.92025 1.73079
threshold=-0.23881249633469098 -0.23160490135738851 0.78500177472973287 1.2730701168086849 -0.074428659176586934 0.35287872342437882 0.22944164888726928 1.6653866501479342
decision_type=2 2 2 2 2 2 2 2
left_child=3 2 -2 7 -4 6 -3 -1
right_child=1 5 4 -5 -6 -7 -8 -9
leaf_value=0.031018554774224619 -0.047064603044227965 -0.0097760007657823906 0.010305202648349372 -0.0037141904875085388 -0.021571339977763823 -0.016124790333903675 0.017700459052262484 0.0066091316777468464
leaf_weight=24.742724984884266 14.604504451155664 4.1782162487506884 4.3765937685966492 4.9582751095294944 4.4853993654251081 5.0660996437072745 7.4201634526252747 4.6880352050065985
leaf_count=123 67 20 21 24 21 24 36 23
internal_value=0 -0.0200812 -0.0331046 0.0231525 -0.00603683 -0.000192477 0.00735822 0.0278334
internal_weight=74.52 40.131 23.4665 34.389 8.86199 16.6645 11.5984 29.4308
internal_count=359 189 109 170 42 80 56 146
is_linear=0
shrinkage=0.03


Tree=4
num_leaves=10
num_cat=0
split_feature=14 22 1 27 24 36 33 0 14
split_gain=37.9668 10.9326 6.58786 5.16582 4.77538 3.98906 5.42567 1.72446 3.0274
threshold=-0.23881249633469098 -0.83021726566706133 -0.53969667839533619 1.2730701168086849 -0.32143800528223559 0.31560706627254448 -0.50859081007162066 -0.77567613988258843 -0.8224477757008124
decision_type=2 2 2 2 2 2 2 2 2
left_child=3 2 -2 7 -3 -6 -7 -1 -9
right_child=1 4 -4 -5 5 6 -8 8 -10
leaf_value=0.035137539800768398 -0.010085985653927917 0.011329935774047055 -0.055548749666503111 -0.0036242788945745905 -0.033456732384543671 -0.020103584268953794 0.014241216224674839 -0.00089707096273437196 0.025724909507671319
leaf_weight=15.118213221430779 5.7671806514263144 7.4699784815311459 8.0409651696681959 4.9659389108419409 5.5204437673091915 7.4539709240198153 6.1298670470714534 5.3759737312793741 8.5820458680391294
leaf_count=77 27 36 36 24 26 35 29 26 43
internal_value=-2.70364e-06 -0.0194326 -0.0398014 0.0227246 -0.0070741 -0.0148624 -0.00433234 0.027378 0.0159911
internal_weight=74.4246 40.3824 13.8081 34.0422 26.5743 19.1043 13.5838 29.0762 13.958
internal_count=359 189 63 170 126 90 64 146 69
is_linear=0
shrinkage=0.03


Tree=5
num_leaves=11
num_cat=0
split_feature=9 20 10 27 0 30 40 0 23 40
split_gain=36.1194 10.3336 7.84358 4.2582 2.52245 2.44044 3.37722 2.09224 1.8777 0.377204
threshold=-0.10079512351136986 -0.23160490135738851 0.78500177472973287 1.2730701168086849 -0.77567613988258843 0.35287872342437882 420.00000000000006 -0.70250507425498532 -1.0000000180025095e-35 323.00000000000006
decision_type=2 2 2 2 2 2 2 2 2 2
left_child=1 2 9 4 -2 6 -3 -6 -4 -1
right_child=3 5 8 -5 7 -7 -8 -9 -10 -11
leaf_value=-0.021378680465255293 0.034703624482372672 -0.0084678576375069713 0.0055617558410895754 -0.0020989716382522824 0 -0.016360983178186513 0.020553577185413681 0.021639113946145296 -0.018370160435790865 -0.050794584959343983
leaf_weight=4.8612925857305553 14.870534360408783 5.4703099578618986 4.4042528569698334 5.1816414445638648 5.5544275790452966 4.4973321110010138 5.9139458984136581 9.5524343699216825 4.2948090434074384 9.706826299428938
leaf_count=22 77 26 21 25 27 21 29 48 20 43
internal_value=-2.24216e-05 -0.019573 -0.0316893 0.0214932 0.0256674 -0.00027401 0.00678033 0.0140801 -0.00662939 -0.0442642
internal_weight=74.3078 39.1488 23.2672 35.159 29.9774 15.8816 11.3843 15.1069 8.69906 14.5681
internal_count=359 182 106 177 152 76 55 75 41 65
is_linear=0
shrinkage=0.03


Tree=6
num_leaves=11
num_cat=0
split_feature=13 20 10 27 36 30 40 0 0 40
split_gain=35.1337 9.22608 7.27424 4.15498 3.52697 2.70927 3.24134 2.35449 2.10245 0.281029
threshold=-0.1179043266418268 -0.23160490135738851 0.78500177472973287 1.2730701168086849 -0.074428659176586934 0.35287872342437882 420.00000000000006 -0.77567613988258843 -0.70250507425498532 323.00000000000006
decision_type=2 2 2 2 2 2 2 2 2 2
left_child=1 2 9 7 -4 6 -3 -2 -9 -1
right_child=3 5 4 -5 -6 -7 -8 8 -10 -11
leaf_value=-0.020773060534330107 0.034284057529470252 -0.008246453783839312 0.010246437003243916 -0.0020487385571365813 -0.022586574924080442 -0.018002019153515864 0.020206688517964103 0 0.021655330438660934 -0.048818555800789046
leaf_weight=4.8961203098297146 14.623051539063454 5.4886535108089429 4.369392067193985 5.1861343383789054 4.3491813838481885 4.317431539297103 5.8615548759698868 5.5544275790452966 9.6663733869791013 9.8551151007413846
leaf_count=22 77 26 21 25 20 20 29 27 49 43
internal_value=-4.28971e-05 -0.0193119 -0.0306442 0.0212302 -0.00645615 -0.000792449 0.0066241 0.0253714 0.0141424 -0.0426557
internal_weight=74.1674 39.1374 23.4698 35.03 8.71857 15.6676 11.3502 29.8439 15.2208 14.7512
internal_count=359 181 106 178 41 75 55 153 76 65
is_linear=0
shrinkage=0.03


Tree=7
num_leaves=12
num_cat=0
split_feature=13 2 20 26 30 3 30 5 22 34 28
split_gain=33.4347 8.72832 7.07795 6.42843 4.17139 3.52981 5.43909 2.18846 1.83094 1.506 0.973479
threshold=-0.1179043266418268 -0.87031057065720041 -0.23160490135738851 0.11557920448616675 0.2877346738652331 -0.8097630769379498 0.93917516945668855 0.51165873935111272 -0.83021726566706133 0.43804561712358198 -0.23231915327106017
decision_type=2 2 2 2 2 2 2 2 2 2 2
left_child=1 8 3 -3 9 -2 7 10 -1 -4 -7
right_child=5 2 4 -5 -6 6 -8 -9 -10 -11 -12
leaf_value=-0.049162091813358982 0.032145373115850737 -0.0016594939202499554 0.0026361762230120911 -0.039861215782321047 -0.012833452197251795 0.0082529204624573731 -0.012657160055538113 0.00038236240124058841 -0.014911863618685239 0.02966792153688351 0.033095179744399392
leaf_weight=6.9461615830659866 14.163302212953566 8.3805047124624235 4.067284092307089 6.9475832730531701 4.3163092434406289 4.1755709052085859 5.0505626052618018 4.5542853772640219 4.577363505959509 4.0797736197710037 6.7474039047956502
leaf_count=30 75 39 20 31 20 21 25 23 21 20 34
internal_value=-6.24401e-05 -0.0187532 -0.00845142 -0.021341 0.00756073 0.0208531 0.011131 0.0196795 -0.0393024 0.0193029 0.0262247
internal_weight=74.0061 39.315 27.7915 15.3281 12.4634 34.6911 20.5278 15.4773 11.5235 8.14706 10.923
internal_count=359 181 130 70 60 178 103 78 51 40 55
is_linear=0
shrinkage=0.03


Tree=8
num_leaves=11
num_cat=0
split_feature=13 2 20 26 27 30 9 14 22 26
split_gain=31.8564 8.19341 6.71274 6.00802 4.01523 4.01215 2.28859 2.28566 1.67096 0.108446
threshold=-0.1179043266418268 -0.87031057065720041 -0.23160490135738851 0.11557920448616675 1.2730701168086849 0.2877346738652331 0.93874317799512552 -0.8224477757008124 -0.83021726566706133 0.30649761435058631
decision_type=2 2 2 2 2 2 2 2 2 2
left_child=1 8 3 -3 6 9 7 -2 -1 -4
right_child=4 2 5 -5 -6 -7 -8 -9 -10 -11
leaf_value=-0.047444839112185729 -0.0011946194878370527 -0.0016164135781978149 0.0075899908464738628 -0.038482026353107157 -0.0023306543226850533 -0.012503453093901497 0.033558985839330008 0.021351679193102453 -0.014516978536598255 0.024148858582894887
leaf_weight=7.0345497131347656 5.3475096821784964 8.3856418877840024 4.0276174545288068 7.0331065207719812 5.1599823534488669 4.3365976363420495 14.175594523549078 9.6925941556692141 4.6012520939111692 4.0626882612705231
leaf_count=30 26 39 20 31 25 20 77 50 21 20
internal_value=-6.89734e-05 -0.0182164 -0.00821386 -0.0207078 0.0204968 0.00741798 0.0246407 0.0135912 -0.0380252 0.0190074
internal_weight=73.8571 39.4815 27.8457 15.4187 34.3757 12.4269 29.2157 15.0401 11.6358 8.09031
internal_count=359 181 130 70 178 60 153 76 51 40
is_linear=0
shrinkage=0.03


Tree=9
num_leaves=11
num_cat=0
split_feature=13 2 20 26 30 13 30 0 40 26
split_gain=30.3282 7.70205 6.36928 5.62236 3.85913 3.40668 4.11401 2.94686 0.827009 0.104144
threshold=-0.1179043266418268 -0.87031057065720041 -0.23160490135738851 0.11557920448616675 0.2877346738652331 0.97237537887872239 0.93917516945668855 -0.70250507425498532 386.50000000000006 0.30649761435058631
decision_type=2 2 2 2 2 2 2 2 2 2
left_child=1 8 3 -3 9 6 7 -2 -1 -4
right_child=5 2 4 -5 -6 -7 -8 -9 -10 -11
leaf_value=-0.045409882829975524 0 -0.0015744706977298163 0.0074424746768663348 -0.037182118479941392 -0.012183292771039828 0.030420347026538765 -0.011426043029160633 0.027713429782260567 -0.016876866373787269 0.023804785887298157
leaf_weight=6.6551569700241071 5.8521451354026786 8.3906392157077772 4.0141625702381116 7.1118270158767709 4.3561570793390283 15.251971513032911 4.6396017968654624 8.2965108454227465 5.0823265165090561 4.0200954675674438
leaf_count=29 29 39 20 31 20 83 23 43 22 20
internal_value=-8.69131e-05 -0.0177021 -0.00798432 -0.0201017 0.00727814 0.0201339 0.00985603 0.0176445 -0.0368207 0.0187161
internal_weight=73.6706 39.6304 27.8929 15.5025 12.3904 34.0402 18.7883 14.1487 11.7375 8.03426
internal_count=359 181 130 70 60 178 95 72 51 40
is_linear=0
shrinkage=0.03


Tree=10
num_leaves=12
num_cat=0
split_feature=13 2 20 26 30 13 30 0 22 34 28
split_gain=28.8827 7.24156 6.04626 5.26778 3.71239 3.31805 3.94658 2.84922 1.64206 1.47921 0.20049
threshold=-0.1179043266418268 -0.87031057065720041 -0.23160490135738851 0.11557920448616675 0.2877346738652331 0.97237537887872239 0.93917516945668855 -0.70250507425498532 -0.83021726566706133 0.43804561712358198 1.0687208692395138
decision_type=2 2 2 2 2 2 2 2 2 2 2
left_child=1 8 3 -3 9 6 7 -2 -1 -4 -7
right_child=5 2 4 -5 -6 10 -8 -9 -10 -11 -12
leaf_value=-0.044753765150103729 0 -0.0015336347966096117 0.0020869942510396595 -0.0359544399869288 -0.011872593266362983 0.033936640183355661 -0.011124518891545501 0.027320328294374783 -0.013267065233241943 0.028802683371990025 0.012805528127272446
leaf_weight=7.1647876352071762 5.8521451354026786 8.3955005556344968 4.0218034684658051 7.1841103583574304 4.3750142902135849 10.762255594134329 4.662695735692977 8.1866614967584628 4.6755276471376401 3.9567540138959885 4.2514645755290976
leaf_count=30 29 39 20 31 20 60 23 43 21 20 23
internal_value=-0.000102492 -0.0172067 -0.00776222 -0.0195208 0.00714195 0.0197782 0.00963809 0.0173283 -0.0356598 0.0184303 0.0300229
internal_weight=73.4887 39.7735 27.9332 15.5796 12.3536 33.7152 18.7015 14.0388 11.8403 7.97856 15.0137
internal_count=359 181 130 70 60 178 95 72 51 40 83
is_linear=0
shrinkage=0.03


Tree=11
num_leaves=10
num_cat=0
split_feature=13 2 20 26 27 0 0 14 40
split_gain=27.5463 6.82335 5.74263 4.94107 3.89281 3.2837 2.18307 2.09894 0.830298
threshold=-0.1179043266418268 -0.87031057065720041 -0.23160490135738851 0.11557920448616675 1.2730701168086849 0.30969466692685704 -0.77567613988258843 -0.8224477757008124 386.50000000000006
decision_type=2 2 2 2 2 2 2 2 2
left_child=1 8 3 -3 6 -4 -2 -8 -1
right_child=4 2 5 -5 -6 -7 7 -9 -10
leaf_value=-0.042813721127860312 0.032556655404126902 -0.0014938745842377216 -0.0040110485818613557 -0.034792744117661915 -0.0029647594302371788 0.024632906606258585 -0.0012006724907658258 0.02044415027032024 -0.015590771449667275
leaf_weight=6.7838806807994825 13.520255714654922 8.4002299755811674 8.0803486257791501 7.2503091096878061 5.0995330214500418 4.2355028837919244 5.3460220396518716 9.440985366702078 5.1399199217557907
leaf_count=29 77 39 39 31 25 21 26 50 22
internal_value=-0.000102474 -0.0167326 -0.00754697 -0.0189637 0.019449 0.00701042 0.0236341 0.0128605 -0.0345793
internal_weight=73.297 39.8902 27.9664 15.6505 33.4068 12.3159 28.3073 14.787 11.9238
internal_count=359 181 130 70 178 60 153 76 51
is_linear=0
shrinkage=0.03


Tree=12
num_leaves=11
num_cat=0
split_feature=14 22 1 27 24 34 33 12 25 0
split_gain=25.9544 7.12169 4.73201 4.47112 3.95124 4.75346 5.03833 1.75668 0.990266 0.651769
threshold=-0.23881249633469098 -0.83021726566706133 -0.53969667839533619 1.2730701168086849 -0.32143800528223559 1.441444435069865 -0.50859081007162066 1.6653866501479342 -0.17390376275458375 0.39810970456021072
decision_type=2 2 2 2 2 2 2 2 2 2
left_child=3 2 -2 7 -3 6 -6 8 -1 -8
right_child=1 4 -4 -5 5 -7 9 -9 -10 -11
leaf_value=0.011521449914836101 -0.0069912203826404231 0.01127224123455366 -0.044122610708979777 -0.0044202481473716373 -0.037815173532004961 0.011123205390372785 0.0039199647080757462 0.0038678449715403213 0.032272224383962649 -0.010017776595807756
leaf_weight=6.1751917153596976 5.9941511154174796 7.439804986119273 8.6913484781980497 4.8940031677484503 6.3571615070104626 4.513323411345481 4.1544817835092527 4.3968476355075827 16.013838976621628 4.4587105959653854
leaf_count=34 27 36 36 24 28 22 20 23 89 20
internal_value=-0.000118862 -0.01552 -0.03139 0.0198359 -0.00545283 -0.0124745 -0.0203182 0.0245122 0.0278458 -0.00311748
internal_weight=73.0889 41.609 14.6855 31.4799 26.9235 19.4837 14.9704 26.5859 22.189 8.61319
internal_count=359 189 63 170 126 90 68 146 123 40
is_linear=0
shrinkage=0.03


Tree=13
num_leaves=11
num_cat=0
split_feature=13 20 10 3 36 14 12 28 35 40
split_gain=25.0014 6.09623 5.71407 3.2616 2.97467 2.9499 1.77329 1.347 1.12422 0.547318
threshold=-0.1179043266418268 -0.23160490135738851 0.78500177472973287 -0.8097630769379498 -0.074428659176586934 -0.8224477757008124 -0.78996255522141745 -0.23231915327106017 0.49440459204856863 323.00000000000006
decision_type=2 2 2 2 2 2 2 2 2 2
left_child=1 2 9 -2 -4 8 -3 -8 -5 -1
right_child=3 6 4 5 -6 -7 7 -9 -10 -11
leaf_value=-0.016102827499574306 0.030097724276293574 -0.013925821704148128 0.011103406416996996 0.006594683806174978 -0.01866246890494163 0.018699357997533937 0.015923118977458874 -0.002709640332575224 -0.011972731561437664 -0.040702745728565339
leaf_weight=5.1202488392591503 12.949550077319143 4.7009852826595298 4.4324418306350708 3.9226342141628248 4.5469632446765882 11.311356425285341 4.6295405924320212 6.3056985884904853 4.5889499932527542 10.370500132441519
leaf_count=22 75 22 21 20 20 60 23 30 23 43
internal_value=-0.000125422 -0.0158305 -0.0247495 0.0187708 -0.00391062 0.00949322 -0.000577901 0.00566541 -0.00311048 -0.0350642
internal_weight=72.8789 40.1064 24.4702 32.7725 8.97941 19.8229 15.6362 10.9352 8.51158 15.4907
internal_count=359 181 106 178 41 103 75 53 43 65
is_linear=0
shrinkage=0.03


Tree=14
num_leaves=11
num_cat=0
split_feature=13 2 37 27 22 40 0 40 14 22
split_gain=23.8158 5.86884 3.7632 3.64848 3.48703 3.15742 2.17325 1.98827 1.96686 1.45923
threshold=-0.1179043266418268 -0.87031057065720041 0.65874212746887595 1.2730701168086849 0.2977813519552428 493.50000000000006 -0.77567613988258843 323.00000000000006 -0.8224477757008124 -0.83021726566706133
decision_type=2 2 2 2 2 2 2 2 2 2
left_child=1 9 4 6 5 7 -2 -3 -8 -1
right_child=3 2 -4 -5 -6 -7 8 -9 -10 -11
leaf_value=-0.040155978616540453 0.031661256335067708 -0.0080753779853467381 0.010215849034865327 -0.0031602889832710109 0.0072471576109614869 0 -0.0015390177395012135 -0.038445168580283774 0.019456477818701086 -0.011465178324260762
leaf_weight=7.347053587436676 12.902271151542664 4.7846546173095792 7.0329998880624762 5.0802737623453131 4.6341890990734091 5.735729217529296 5.3139474540948877 5.8921731561422348 9.1687574535608274 4.7733045667409879
leaf_count=30 77 22 34 25 22 26 26 26 50 21
internal_value=-0.000132407 -0.0153982 -0.00686015 0.0184391 -0.0131324 -0.0193467 0.0226098 -0.0279994 0.011956 -0.0318044
internal_weight=72.6654 40.2001 28.0797 32.4652 21.0467 16.4126 27.385 10.6768 14.4827 12.1204
internal_count=359 181 130 178 96 74 153 48 76 51
is_linear=0
shrinkage=0.03


Tree=15
num_leaves=12
num_cat=0
split_feature=13 2 37 22 12 3 30 5 22 28 21
split_gain=22.7122 5.54389 3.58003 3.31543 3.77719 3.15217 4.83454 2.13884 1.36151 1.16657 0.78675
threshold=-0.1179043266418268 -0.87031057065720041 0.65874212746887595 0.2977813519552428 0.79462363199298236 -0.8097630769379498 0.93917516945668855 0.51165873935111272 -0.83021726566706133 -0.23231915327106017 0.32238000141871587
decision_type=2 2 2 2 2 2 2 2 2 2 2
left_child=1 8 3 4 10 -2 7 9 -1 -7 -3
right_child=5 2 -4 -5 -6 6 -8 -9 -10 -11 -12
leaf_value=-0.038989132299385568 0.029436346884916441 -0.037424112254640034 0.0099974008067382509 0.0070983124022607419 0 0.0059853758176829693 -0.013182211522947046 0 -0.011174716111112957 0.031480233438981042 -0.012355865454777631
leaf_weight=7.3842270970344543 12.535640731453894 5.259077414870271 7.0042899399995795 4.6210769265890113 6.0879855304956427 3.9434677511453611 5.0007013380527487 4.3815136253833762 4.7891988605260831 6.2881555110216176 5.1394325643777847
leaf_count=30 75 23 34 22 28 21 25 23 21 34 23
internal_value=-0.000151599 -0.0149994 -0.00668944 -0.0127881 -0.0188228 0.0181146 0.00901725 0.0175064 -0.0309117 0.0241871 -0.0286581
internal_weight=72.4348 40.2853 28.1119 21.1076 16.4865 32.1495 19.6138 14.6131 12.1734 10.2316 10.3985
internal_count=359 181 130 96 74 178 103 78 51 55 46
is_linear=0
shrinkage=0.03


Tree=16
num_leaves=11
num_cat=0
split_feature=13 24 20 34 9 30 0 30 12 28
split_gain=21.6825 5.40419 4.96268 4.14582 3.08262 3.62988 2.69335 2.39831 0.965312 0.356552
threshold=-0.1179043266418268 -0.32143800528223559 -0.23160490135738851 -0.4399283485794156 0.96003408206734087 0.93917516945668855 -0.70250507425498532 -0.03798557393049453 0.29314755401737663 1.0687208692395138
decision_type=2 2 2 2 2 2 2 2 2 2
left_child=1 3 8 -1 5 6 -2 -4 -3 -6
right_child=4 2 7 -5 9 -7 -8 -9 -10 -11
leaf_value=-0.017282016492217622 0 -0.035749468400264002 0.007912695684741379 0.015339667150598557 0.032267304282933812 -0.011658387060349088 0.025805548359253614 -0.016302229384003077 -0.011390622241268286 0.010766044593721333
leaf_weight=4.3046286404132843 5.7449656277895 12.591681391000749 5.5990675240755081 7.2403093874454481 9.7834995836019498 4.6153739839792243 7.7321364134550121 5.9743060469627398 4.6490484774112693 3.9800219833850852
leaf_count=20 29 52 27 34 60 23 43 28 20 23
internal_value=-0.000159727 -0.014614 -0.0212933 0.00212786 0.0178065 0.00810864 0.0157683 -0.00456463 -0.0309386 0.0281119
internal_weight=72.215 40.359 28.8141 11.5449 31.856 18.0925 13.4771 11.5734 17.2407 13.7635
internal_count=359 181 127 54 178 95 72 55 72 83
is_linear=0
shrinkage=0.03


Tree=17
num_leaves=13
num_cat=0
split_feature=13 2 20 22 30 22 3 30 5 34 22 28
split_gain=20.6752 5.11917 4.55785 4.77641 3.4171 3.26855 3.02358 4.46734 2.05059 1.42195 1.27904 1.17406
threshold=-0.1179043266418268 -0.87031057065720041 -0.23160490135738851 -0.42003595016804168 0.2877346738652331 -1.0353079234165712 -0.8097630769379498 0.93917516945668855 0.51165873935111272 0.43804561712358198 -0.83021726566706133 -0.23231915327106017
decision_type=2 2 2 2 2 2 2 2 2 2 2 2
left_child=1 10 3 5 9 -3 -2 8 11 -4 -1 -8
right_child=6 2 4 -5 -6 -7 7 -9 -10 -11 -12 -13
leaf_value=-0.037235417922003237 0.028792161461969955 -0.018205405851445013 0.0018073700029710982 -0.037160016305375937 -0.011332255515322676 0.01059728155957858 0.0054929934999483334 -0.012550748300062416 0 0.028062155354812691 -0.010521946460623996 0.030909345738079859
leaf_weight=7.4256627410650253 12.136847704648973 5.3361200839281056 3.996946781873703 4.8652491122484216 4.4045936018228531 5.7470016032457361 3.8928134590387362 5.0514374524354926 4.3628959506750098 3.8432207107543945 4.8205734640359861 6.1218944787979126
leaf_count=30 75 23 20 21 20 26 21 25 23 20 21 34
internal_value=-0.000151201 -0.0142129 -0.00623793 -0.0162874 0.00676366 -0.00331045 0.0175094 0.00861629 0.0169142 0.0177596 -0.0294521 0.0235534
internal_weight=72.0053 40.4394 28.1931 15.9484 12.2448 11.0831 31.5659 19.429 14.3776 7.84017 12.2462 10.0147
internal_count=359 181 130 70 60 49 178 103 78 40 51 55
is_linear=0
shrinkage=0.03


Tree=18
num_leaves=12
num_cat=0
split_feature=13 2 20 22 27 30 22 9 36 40 26
split_gain=19.7425 4.848 4.34757 4.50978 3.50846 3.28894 3.11154 2.13783 4.09639 1.24174 0.131554
threshold=-0.1179043266418268 -0.87031057065720041 -0.23160490135738851 -0.42003595016804168 1.2730701168086849 0.2877346738652331 -1.0353079234165712 0.87653495508062595 -0.30159232344915793 386.50000000000006 0.30649761435058631
decision_type=2 2 2 2 2 2 2 2 2 2 2
left_child=1 9 3 6 7 10 -3 8 -2 -1 -4
right_child=4 2 5 -5 -6 -7 -8 -9 -10 -11 -12
leaf_value=-0.036970359923309805 -0.0045463079664408209 -0.017717934617104789 0.0065538229254549244 -0.036067125538763574 -0.003900450295006702 -0.01104640524404419 0.010373620544710733 0.029686041156546002 0.026308060188366154 -0.011037060325976022 0.022564029655600552
leaf_weight=6.9974833279848081 7.0851809829473495 5.3593534976243946 3.9282098710536957 4.9070922583341607 5.0024285763502112 4.4215692579746246 5.727422997355462 13.545176565647123 5.6448756605386787 5.2834736257791519 3.8568225353956223
leaf_count=29 38 23 20 21 25 20 26 84 31 22 20
internal_value=-0.000155992 -0.0138546 -0.00608103 -0.015871 0.0172131 0.00664169 -0.00322235 0.0214424 0.0100447 -0.0286645 0.0174956
internal_weight=71.7591 40.4814 28.2005 15.9939 31.2777 12.2066 11.0868 26.2752 12.7301 12.281 7.78503
internal_count=359 181 130 70 178 60 49 153 69 51 40
is_linear=0
shrinkage=0.03


Tree=19
num_leaves=10
num_cat=0
split_feature=13 24 34 34 13 14 33 40 12
split_gain=18.8366 4.86447 4.32395 3.91916 2.92933 3.43453 2.88158 3.27531 0.0610097
threshold=-0.1179043266418268 -0.32143800528223559 1.441444435069865 -0.4399283485794156 0.97237537887872239 -0.8224477757008124 -1.0000000180025095e-35 470.50000000000006 0.16281997875883147
decision_type=2 2 2 2 2 2 2 2 2
left_child=1 3 6 -1 5 -2 7 -3 -7
right_child=4 2 -4 -5 -6 8 -8 -9 -10
leaf_value=-0.016438657888486013 -0.0074434012456196259 -0.0457411812419488 0.0024134606931611809 0.01523244592674599 0.027201689806308351 0.0091690393001128013 -0.0067980688196680964 -0.014142606122766846 0.022904422554886221
leaf_weight=4.3439958691596985 6.9832615107297924 7.5679922997951534 5.614183083176612 7.2029249519109708 13.15205657482147 6.4618188589811343 7.4035530090332058 8.3962080478668195 4.3922291100025177
leaf_count=20 35 32 26 34 83 35 33 36 25
internal_value=-0.000167354 -0.0135049 -0.0198182 0.00233767 0.0169094 0.00748894 -0.0252241 -0.0321079 0.017319
internal_weight=71.5182 40.5289 28.9819 11.5469 30.9894 17.8373 23.3678 15.9642 10.854
internal_count=359 181 127 54 178 95 101 68 60
is_linear=0
shrinkage=0.03


Tree=20
num_leaves=10
num_cat=0
split_feature=13 24 20 34 27 30 9 36 26
split_gain=17.9778 4.59229 4.12518 3.74078 3.42287 2.21841 2.07497 3.96976 1.13154
threshold=-0.1179043266418268 -0.32143800528223559 -0.23160490135738851 -0.4399283485794156 1.2730701168086849 -0.03798557393049453 0.87653495508062595 -0.30159232344915793 0.21103840941837657
decision_type=2 2 2 2 2 2 2 2 2
left_child=1 3 8 -1 6 -4 7 -2 -3
right_child=4 2 5 -5 -6 -7 -8 -9 -10
leaf_value=-0.016006903118744052 -0.004630590769830102 -0.0091819776827683046 0.0079978103558252349 0.014924627621048096 -0.0041858968692506417 -0.015247919294855437 0.029134814632717988 0.025856414991365768 -0.032818764435950221
leaf_weight=4.3674293458461761 7.0693680047988892 4.7114328444004085 5.5750097185373306 7.1624947935342771 4.9739724546670905 6.0416826903820056 13.130893558263777 5.5401375293731743 12.746529772877691
leaf_count=20 38 20 27 34 25 28 84 31 52
internal_value=-0.000166324 -0.013149 -0.0192642 0.00225367 0.0166237 -0.0039957 0.0208741 0.0096638 -0.0279875
internal_weight=71.319 40.6046 29.0747 11.5299 30.7144 11.6167 25.7404 12.6095 17.458
internal_count=359 181 127 54 178 55 153 69 72
is_linear=0
shrinkage=0.03


Tree=21
num_leaves=10
num_cat=0
split_feature=14 22 27 1 24 36 33 33 34
split_gain=17.1507 5.08495 4.00897 3.61824 3.09882 3.78945 4.37369 1.84029 1.21119
threshold=-0.23881249633469098 -0.83021726566706133 1.2730701168086849 -0.53969667839533619 -0.32143800528223559 0.31560706627254448 -0.50859081007162066 0.31549518576524116 1.0000000180025095e-35
decision_type=2 2 2 2 2 2 2 2 2
left_child=2 3 7 -2 -3 -6 -7 8 -1
right_child=1 4 -4 -5 5 6 -8 -9 -10
leaf_value=0 -0.0047533694666484988 0.011015720356708688 -0.0056991148587439335 -0.036459632802264982 -0.027551963927540047 -0.01457822327038143 0.015979157950786707 0.029511739933468076 0.019154387336425893
leaf_weight=6.2153726369142586 6.1380064040422431 7.3789255768060711 4.7698523998260489 8.9086721986532194 5.788329720497134 7.7620153874158877 6.2155731171369517 13.039135217666624 4.8691869974136353
leaf_count=36 27 36 24 36 26 35 29 81 29
internal_value=-0.000164468 -0.0122801 0.0170628 -0.0254917 -0.00379599 -0.00999454 -0.000370559 0.0218678 0.00995327
internal_weight=71.0851 42.1915 28.8935 15.0467 27.1448 19.7659 13.9776 24.1237 11.0846
internal_count=359 189 170 63 126 90 64 146 65
is_linear=0
shrinkage=0.03


Tree=22
num_leaves=13
num_cat=0
split_feature=13 2 20 22 30 3 30 22 36 31 22 0
split_gain=16.3692 4.26292 3.91304 4.105 3.06363 2.85201 4.27498 2.73809 1.89067 1.32844 1.26123 1.18403
threshold=-0.1179043266418268 -0.87031057065720041 -0.23160490135738851 -0.42003595016804168 0.2877346738652331 -0.8097630769379498 0.93917516945668855 -1.0353079234165712 -0.30159232344915793 0.49019391480301827 -0.83021726566706133 -0.6811635134469346
decision_type=2 2 2 2 2 2 2 2 2 2 2 2
left_child=1 10 3 7 9 -2 8 -3 11 -4 -1 -7
right_child=5 2 4 -5 -6 6 -8 -9 -10 -11 -12 -13
leaf_value=-0.033808695912916908 0.027424971952365994 -0.01607385769623559 0.0018528124954268952 -0.033594511865551367 -0.01018253510440271 -0.0032090960404580035 -0.013144503282195163 0.010246171680544369 0.028818722464423987 0.027446480948887048 -0.0087022490071884794 0.015515785886711606
leaf_weight=7.4629267603158951 11.241846486926081 5.4137879312038431 3.9986089468002337 4.9814357906579962 4.4664290398359299 5.2438895702362078 4.9972486346960059 5.7003113031387338 4.8654557913541785 3.7459989190101624 4.9030648171901685 3.8273156881332397
leaf_count=30 75 23 20 21 20 28 25 26 28 20 21 22
internal_value=-0.000164784 -0.0124826 -0.00522293 -0.0144978 0.0068134 0.0160533 0.00749034 -0.00248576 0.0158363 0.017326 -0.0263051 0.0052043
internal_weight=70.8483 40.6726 28.3066 16.0955 12.211 30.1758 18.9339 11.1141 13.9367 7.74461 12.366 9.07121
internal_count=359 181 130 70 60 178 103 49 78 40 51 50
is_linear=0
shrinkage=0.03


Tree=23
num_leaves=11
num_cat=0
split_feature=14 22 27 1 24 34 33 33 34 0
split_gain=15.6555 4.60568 3.8723 3.34196 2.91104 3.67246 4.04072 1.81228 1.19317 0.414147
threshold=-0.23881249633469098 -0.83021726566706133 1.2730701168086849 -0.53969667839533619 -0.32143800528223559 1.441444435069865 -0.50859081007162066 0.31549518576524116 1.0000000180025095e-35 0.39810970456021072
decision_type=2 2 2 2 2 2 2 2 2 2
left_child=2 3 7 -2 -3 6 -6 8 -1 -8
right_child=1 4 -4 -5 5 -7 9 -9 -10 -11
leaf_value=0 -0.0043727647927999831 0.010797476207074476 -0.0058145282238518487 -0.034777420385513569 -0.031695335834910771 0.011073956543364608 0.0041142958694282148 0.028990565556315514 0.018717754783310402 -0.0069542315861787609
leaf_weight=6.1659698933363014 6.159496843814849 7.3411969989538219 4.7552168220281592 8.9177335500717145 6.6145107150077846 4.4618607014417639 4.1459484249353391 12.66894321143627 4.7795813977718353 4.5733218044042587
leaf_count=36 27 36 24 36 28 22 20 81 29 20
internal_value=-0.000162635 -0.0116784 0.0164979 -0.0242378 -0.00358679 -0.00958773 -0.0164074 0.0213087 0.00951276 -0.00127271
internal_weight=70.5838 42.2141 28.3697 15.0772 27.1368 19.7956 15.3338 23.6145 10.9456 8.71927
internal_count=359 189 170 63 126 90 68 146 65 40
is_linear=0
shrinkage=0.03


Tree=24
num_leaves=11
num_cat=0
split_feature=14 22 27 10 12 38 40 20 32 25
split_gain=14.9356 4.37246 3.74385 3.16578 2.95718 2.79902 2.24585 1.96748 1.60473 1.3913
threshold=-0.23881249633469098 -0.83021726566706133 1.2730701168086849 0.51918719367464272 1.7206715307446867 -1.0000000180025095e-35 295.50000000000006 -0.23160490135738851 0.097668774442194961 -0.17390376275458375
decision_type=2 2 2 2 2 2 2 2 2 2
left_child=2 3 4 -2 9 8 -7 -8 -3 -1
right_child=1 5 -4 -5 -6 6 7 -9 -10 -11
leaf_value=0.007695511759107241 -0.033879828216786832 -0.0028455316392690224 -0.0056705691560316324 -0.0042630541116347219 -0.0028824743350166558 0.0051129174613949698 -0.029926618596483212 -0.0041550977840177569 0.017151379600592178 0.029933636290140425
leaf_weight=5.5075274258852085 8.9190807789564115 5.9917860329151154 4.7675504833459845 6.1669594198465338 3.2562807202339163 4.2090646028518686 4.9011800438165638 6.6550378203392038 5.3661834001541138 14.580504238605499
leaf_count=34 36 28 24 27 18 20 21 32 25 94
internal_value=-0.000159724 -0.0113819 0.0162105 -0.0236151 0.0209933 -0.00348717 -0.0113674 -0.0177272 0.00703427 0.0250729
internal_weight=70.3212 42.2093 28.1119 15.086 23.3443 27.1233 15.7653 11.5562 11.358 20.088
internal_count=359 189 170 63 146 126 73 53 53 128
is_linear=0
shrinkage=0.03


Tree=25
num_leaves=11
num_cat=0
split_feature=13 8 20 26 27 30 12 34 40 30
split_gain=14.2402 3.74496 3.50786 3.48848 2.96397 2.8994 2.57432 1.36033 1.31519 0.334031
threshold=-0.1179043266418268 -1.1053662700497411 -0.23160490135738851 0.11557920448616675 1.2730701168086849 0.2877346738652331 1.7206715307446867 0.43804561712358198 386.50000000000006 0.93917516945668855
decision_type=2 2 2 2 2 2 2 2 2 2
left_child=1 8 3 -3 6 7 9 -4 -1 -2
right_child=4 2 5 -5 -6 -7 -8 -9 -10 -11
leaf_value=-0.032571951359838286 0.026405828289560705 0 0.0014565212072461698 -0.026527132401462063 -0.0039476059008243464 -0.0098134996718492896 -0.0028204194220039728 0.027205116380447081 -0.0081485049184616219 0.010663311045728232
leaf_weight=7.0625022649764997 14.880782291293153 8.594796836376192 3.9649073928594607 7.5566428750753394 4.9909339845180503 4.4849273264408112 3.2610186934471121 3.6994475275278091 5.3076388388872147 6.2541477382183066
leaf_count=29 96 39 20 31 25 20 18 20 22 39
internal_value=-0.000173468 -0.0115861 -0.00477253 -0.0135345 0.0152227 0.00664344 0.0193777 0.0169582 -0.0245397 0.0230278
internal_weight=70.0577 40.6709 28.3007 16.1514 29.3869 12.1493 24.3959 7.66435 12.3701 21.1349
internal_count=359 181 130 70 178 60 153 40 51 135
is_linear=0
shrinkage=0.03


Tree=26
num_leaves=12
num_cat=0
split_feature=14 2 20 28 30 27 33 34 34 40 34
split_gain=13.6014 3.77507 3.599 4.18409 3.79761 3.50626 1.80194 1.59068 1.26343 1.23604 1.1889
threshold=-0.23881249633469098 -0.87031057065720041 -0.23160490135738851 -1.0847246852607464 0.35287872342437882 1.2730701168086849 0.31549518576524116 0.43804561712358198 0.24990833875865404 386.50000000000006 1.0000000180025095e-35
decision_type=2 2 2 2 2 2 2 2 2 2 2
left_child=5 9 3 -3 7 6 10 -4 -5 -2 -1
right_child=1 2 4 8 -6 -7 -8 -9 -10 -11 -12
leaf_value=0 -0.031716737244996809 0.0076662822097040822 0.001425510871370591 -0.0089546365359656974 -0.011462105927638456 -0.0054329882168633707 0.028155602526341049 0.028503822988291166 -0.032530752008627949 -0.0079534729354790879 0.018005287605315504
leaf_weight=6.0609761178493553 7.0755839943885785 4.921976029872897 3.9622969776392001 6.6729485690593702 4.8691801875829688 4.7878819853067389 12.097239941358565 4.2451285272836685 5.1422656029462814 5.3113818913698196 4.6462747305631638
leaf_count=36 29 22 20 30 22 24 81 23 21 22 29
internal_value=-0.000180324 -0.0108386 -0.00432686 -0.0131616 0.00676018 0.0156329 0.020365 0.0182896 -0.0221749 -0.0239191 0.00869334
internal_weight=69.7931 42.2008 29.8138 16.7372 13.0766 27.5924 22.8045 8.20743 11.8152 12.387 10.7073
internal_count=359 189 138 73 65 170 146 43 51 51 65
is_linear=0
shrinkage=0.03


Tree=27
num_leaves=11
num_cat=0
split_feature=14 22 1 17 3 14 16 26 12 12
split_gain=12.9853 3.95994 2.8847 2.77312 2.62974 3.09082 2.28637 3.16232 1.07548 0.841667
threshold=-0.23881249633469098 -0.83021726566706133 -0.53969667839533619 1.0000000180025095e-35 -0.8097630769379498 -0.8224477757008124 -0.57239844442538312 0.52923575919240917 -0.10121635522800675 -0.36863496380745558
decision_type=2 2 2 2 2 2 2 2 2 2
left_child=4 2 -2 -3 -1 8 -5 -8 -6 -7
right_child=1 3 -4 6 5 9 7 -9 -10 -11
leaf_value=0.026403339026605542 -0.0038201599875616584 0.011848145436620721 -0.03203319701527254 -0.020910069547623197 -0.014357148321581418 0.0025177174889888547 -0.011483761597323157 0.015210159582987222 0.0042071257105114031 0.0242046036005172
leaf_weight=10.543068036437036 6.1871492564678183 6.5822317302227047 8.894217908382414 6.926904276013377 4.379658430814743 3.5104652643203753 8.454869478940962 5.1427298337221137 3.676728159189226 5.2341711372137034
leaf_count=75 27 30 36 32 23 20 39 25 20 32
internal_value=-0.000184453 -0.0105762 -0.0222133 -0.00306676 0.0153568 0.00650111 -0.00860358 -0.000482353 -0.00592651 0.0177276
internal_weight=69.5322 42.1881 15.0814 27.1067 27.3441 16.801 20.5245 13.5976 8.05639 8.74464
internal_count=359 189 63 126 170 95 96 64 43 52
is_linear=0
shrinkage=0.03


Tree=28
num_leaves=12
num_cat=0
split_feature=14 2 20 28 30 27 33 34 34 40 34
split_gain=12.4017 3.48018 3.39938 4.00559 3.64048 3.3935 1.79317 1.51542 1.20679 1.1728 1.1652
threshold=-0.23881249633469098 -0.87031057065720041 -0.23160490135738851 -1.0847246852607464 0.35287872342437882 1.2730701168086849 0.31549518576524116 0.43804561712358198 0.24990833875865404 386.50000000000006 1.0000000180025095e-35
decision_type=2 2 2 2 2 2 2 2 2 2 2
left_child=5 9 3 -3 7 6 10 -4 -5 -2 -1
right_child=1 2 4 8 -6 -7 -8 -9 -10 -11 -12
leaf_value=-0.00011825320913343353 -0.030424157917038539 0.0077139983235704063 0.0015576108024067214 -0.0085877667436302478 -0.01104979189601478 -0.0055664235854513593 0.02770127124700647 0.028155924953170704 -0.031539509031087043 -0.007417350081553158 0.017564933984301596
leaf_weight=6.0121029466390663 7.0754122138023359 4.9189058840274837 3.9733112901449221 6.6986261308193189 4.8920210450887671 4.7717281132936469 11.764390274882315 4.1834568232297897 5.1534965634346008 5.3059582114219666 4.5588679015636444
leaf_count=36 29 22 20 30 22 24 81 23 21 22 29
internal_value=-0.000171448 -0.0103019 -0.00404928 -0.0126288 0.0067303 0.0151034 0.0198434 0.0180752 -0.021439 -0.0228639 0.00824584
internal_weight=69.3083 42.2012 29.8198 16.771 13.0488 27.1071 22.3354 8.15677 11.8521 12.3814 10.571
internal_count=359 189 138 73 65 170 146 43 51 51 65
is_linear=0
shrinkage=0.03


Tree=29
num_leaves=11
num_cat=0
split_feature=14 12 12 27 26 36 29 12 25 32
split_gain=11.8399 3.7325 4.07292 3.27906 2.90824 3.33712 3.02162 2.78222 1.46528 0.507941
threshold=-0.23881249633469098 -1.0454037027488008 1.7547461344909634 1.2730701168086849 0.11557920448616675 1.3957059982855238 -0.18021435597051716 1.7206715307446867 -0.17390376275458375 0.28410767230129713
decision_type=2 2 2 2 2 2 2 2 2 2
left_child=3 -2 4 7 6 9 -3 8 -1 -6
right_child=1 2 -4 -5 5 -7 -8 -9 -10 -11
leaf_value=0.0062875607162013597 0.011133465108898297 0.012294531860414544 0.010129714801819734 -0.0054290719428034054 -0.040900914436958473 -0.0026136084098781222 -0.014787335042845103 -0.0034478194898311786 0.028783901408423674 -0.018496399821611397
leaf_weight=5.2795751392841419 5.0734975636005393 4.4719026684761038 4.4607809931039801 4.783445566892623 5.9050074517726925 5.8248054236173621 8.0581145733594877 3.2073717266321173 13.595913290977478 8.3827406316995603
leaf_count=34 23 21 20 24 25 27 36 18 94 37
internal_value=-0.000175191 -0.0100548 -0.0134275 0.0148346 -0.0171261 -0.0239125 -0.0044132 0.0195445 0.0237121 -0.0311423
internal_weight=69.0432 42.1768 37.1034 26.8663 32.6426 20.1126 12.53 22.0829 18.8755 14.2877
internal_count=359 189 166 170 146 89 57 146 128 62
is_linear=0
shrinkage=0.03


Tree=30
num_leaves=11
num_cat=0
split_feature=14 22 27 12 7 17 36 35 12 23
split_gain=11.2703 3.69646 3.1649 2.70392 2.6787 2.65506 2.57523 1.33334 0.491364 0.984641
threshold=-0.23881249633469098 -0.83021726566706133 1.2730701168086849 1.7206715307446867 -0.54196372698444351 1.0000000180025095e-35 0.31560706627254448 0.22090761542215512 -0.84509462405343982 0.44931372256008756
decision_type=2 2 2 2 2 2 2 2 2 2
left_child=2 4 3 8 -2 -3 -7 -8 -1 -10
right_child=1 5 -4 -5 -6 6 7 -9 9 -11
leaf_value=0.0064075414745096782 -0.0034029789105311388 0.012017019668879251 -0.0052953257774324284 -0.0033732251550798748 -0.030514198246513021 -0.019633587612601297 0.0082042971199692422 -0.0096718799263918551 0.029916495814623061 0.0054382377717934419
leaf_weight=3.4606857448816362 6.2068549245595923 6.5761592388153103 4.7948449999094001 3.2130341231822959 8.8610111027955991 8.165449872612955 7.5786838531494123 4.835410550236702 11.901378035545351 3.2461699843406668
leaf_count=24 27 30 24 18 36 38 36 22 83 21
internal_value=-0.000179187 -0.00978629 0.014557 0.0192366 -0.0210277 -0.00256519 -0.00799648 0.0005181 0.0233993 0.0259938
internal_weight=68.8397 42.2236 26.6161 21.8213 15.0679 27.1557 20.5795 12.4141 18.6082 15.1475
internal_count=359 189 170 146 63 126 96 58 128 104
is_linear=0
shrinkage=0.03


Tree=31
num_leaves=11
num_cat=0
split_feature=14 12 12 27 26 36 29 12 25 32
split_gain=10.7508 3.54081 3.84009 3.05783 2.78258 3.14521 2.83765 2.6302 1.4567 0.513849
threshold=-0.23881249633469098 -1.0454037027488008 1.7547461344909634 1.2730701168086849 0.11557920448616675 1.3957059982855238 -0.18021435597051716 1.7206715307446867 -0.17390376275458375 0.28410767230129713
decision_type=2 2 2 2 2 2 2 2 2 2
left_child=3 -2 4 7 6 9 -3 8 -1 -6
right_child=1 2 -4 -5 5 -7 -8 -9 -10 -11
leaf_value=0.0058216022952067657 0.011092205837890379 0.012157991894905251 0.010023967781579626 -0.0051650808811441089 -0.039557896858020136 -0.0023598727742425072 -0.014074714014041078 -0.0033002991758500576 0.028237126227165003 -0.017722358317524261
leaf_weight=5.2058974802494129 5.0583355277776709 4.4586298465728751 4.454118847846984 4.805935561656951 5.9347591549158123 5.8187837004661551 8.0981984287500364 3.2185705900192252 13.151190400123596 8.4063356220722181
leaf_count=34 23 21 20 24 25 27 36 18 94 37
internal_value=-0.000179029 -0.00953952 -0.0128237 0.0142963 -0.0164126 -0.0230351 -0.00402985 0.0189452 0.0231024 -0.0300274
internal_weight=68.6108 42.2292 37.1708 26.3816 32.7167 20.1599 12.5568 21.5757 18.3571 14.3411
internal_count=359 189 166 170 146 89 57 146 128 62
is_linear=0
shrinkage=0.03


Tree=32
num_leaves=12
num_cat=0
split_feature=13 8 17 28 20 20 20 37 40 40 28
split_gain=10.4365 4.96905 3.61665 2.31076 6.7308 2.77957 3.60921 2.6441 1.46002 1.16155 0.592796
threshold=0.97237537887872239 -1.1053662700497411 1.0000000180025095e-35 1.0687208692395138 0.35677502634518493 -0.7969111064049591 -0.23160490135738851 -1.0000000180025095e-35 493.50000000000006 386.50000000000006 1.0687208692395138
decision_type=2 2 2 2 2 2 2 2 2 2 2
left_child=1 9 8 4 5 -4 -7 -8 -3 -1 -2
right_child=10 2 3 -5 -6 6 7 -9 -10 -11 -12
leaf_value=-0.028710429938145321 0.029189416473821377 0 0.0035534759765786655 -0.022660811194375654 0.021572575065971964 -0.030050530380032851 -0.016189106567571554 0.012692027912792368 0.02305016014035122 -0.0063941515346791749 0.006959335997959868
leaf_weight=7.0633440911769849 7.7177447006106359 4.476666331291197 8.4142783284187299 4.3370295763015738 6.8492185622453681 7.2134617567062334 4.1555783152580217 4.1845696866512432 5.2323994636535645 5.3019305914640427 3.4573856592178345
leaf_count=29 60 21 39 21 38 33 22 23 28 22 23
internal_value=-0.00018174 -0.00558954 -0.000580527 -0.00524311 -0.00166815 -0.00942458 -0.0164924 -0.00136279 0.0142087 -0.0213014 0.0244227
internal_weight=68.4036 57.2285 44.8632 35.1541 30.8171 23.9679 15.5536 8.34015 9.70907 12.3653 11.1751
internal_count=359 276 225 176 155 117 78 45 49 51 83
is_linear=0
shrinkage=0.03


Tree=33
num_leaves=11
num_cat=0
split_feature=13 2 17 28 20 20 21 20 22 28
split_gain=10.049 4.73446 3.46372 2.19118 6.43483 2.6348 3.40699 1.41711 1.14053 0.584515
threshold=0.97237537887872239 -0.87031057065720041 1.0000000180025095e-35 1.0687208692395138 0.35677502634518493 -0.7969111064049591 -1.0000000180025095e-35 -0.47387898923491872 -0.83021726566706133 1.0687208692395138
decision_type=2 2 2 2 2 2 2 2 2 2
left_child=1 8 7 4 5 -4 -7 -3 -1 -2
right_child=9 2 3 -5 -6 6 -8 -9 -10 -11
leaf_value=-0.02774330104125779 0.028946816962117063 0 0.0034660597719894689 -0.022017198294802778 0.021231845570263704 -0.026865359065744693 0 0.022643767349299893 -0.0056316784332739525 0.0068338830422989966
leaf_weight=7.3517129570245743 7.5638559237122518 4.4312821477651596 8.4056605845689756 4.3731853365898123 6.7755549699068061 8.8415246903896278 6.7664670944213965 5.2239908874034864 5.0121505707502347 3.4429849609732628
leaf_count=30 60 21 39 21 38 44 34 28 21 23
internal_value=-0.000172145 -0.00545565 -0.000559096 -0.00511595 -0.00161825 -0.00916988 -0.0160329 0.0139546 -0.0207915 0.0241587
internal_weight=68.1884 57.1815 44.8177 35.1624 30.7892 24.0137 15.608 9.65527 12.3639 11.0068
internal_count=359 276 225 176 155 117 78 49 51 83
is_linear=0
shrinkage=0.03


Tree=34
num_leaves=12
num_cat=0
split_feature=9 2 17 28 20 37 2 20 40 40 28
split_gain=9.67785 4.52075 3.31368 2.08116 6.14596 2.5309 2.50838 1.76323 1.42075 1.13572 0.576921
threshold=0.96003408206734087 -0.87031057065720041 1.0000000180025095e-35 1.0687208692395138 0.35677502634518493 0.65874212746887595 -0.42843344668947481 -0.7969111064049591 493.50000000000006 386.50000000000006 1.0687208692395138
decision_type=2 2 2 2 2 2 2 2 2 2 2
left_child=1 9 8 4 5 6 7 -4 -3 -1 -2
right_child=10 2 3 -5 -6 -7 -8 -9 -10 -11 -12
leaf_value=-0.027595785089518834 0.028712561747258072 0 -0.0054231050867055855 -0.021397593800672347 0.020896977541443623 0.0070919745795767798 0.0006194501374926103 -0.030562716921701216 0.022505199768179097 -0.0058032670144708793 0.0067105577749406913
leaf_weight=7.0459772944450361 7.4151482731103879 4.4597603082656843 5.7453706413507462 4.407724365592002 6.702753320336341 5.3974884748458853 6.3194008469581684 6.622625932097435 5.1412306725978851 5.2997113615274429 3.4288539588451385
leaf_count=29 60 21 25 21 38 27 36 29 28 22 23
internal_value=-0.000156642 -0.00531933 -0.00053229 -0.004981 -0.00156 -0.00890297 -0.0140037 -0.0211669 0.0137048 -0.0203163 0.0239025
internal_weight=67.986 57.142 44.7964 35.1954 30.7876 24.0849 18.6874 12.368 9.60099 12.3457 10.844
internal_count=359 276 225 176 155 117 90 54 49 51 83
is_linear=0
shrinkage=0.03


Tree=35
num_leaves=13
num_cat=0
split_feature=13 2 17 28 32 29 29 22 33 40 22 28
split_gain=9.32189 4.30897 3.17347 1.97437 4.58485 4.88121 3.47236 2.23631 1.9482 1.3721 1.12949 0.569042
threshold=0.97237537887872239 -0.87031057065720041 1.0000000180025095e-35 1.0687208692395138 -0.33735532056237688 -0.41864824341882995 -0.41864824341882995 -0.62512660791755137 1.0000000180025095e-35 493.50000000000006 -0.83021726566706133 1.0687208692395138
decision_type=2 2 2 2 2 2 2 2 2 2 2 2
left_child=1 10 9 4 5 -4 8 -8 -6 -3 -1 -2
right_child=11 2 3 -5 6 -7 7 -9 -10 -11 -12 -13
leaf_value=-0.026732908950660616 0.02847778919314186 0 0.0080103794961066919 -0.020800711905259367 -0.019460985541929918 -0.028222485981776471 0 0.026133104810367302 0.0060059807051763593 0.022162103468930449 -0.0050604049494085345 0.0065893288862865964
leaf_weight=7.3091040849685669 7.2668276727199537 4.4597603082656843 4.128048449754715 4.4407114535570136 3.8233032375574103 7.4993664473295159 4.4639795571565593 6.9103743508458262 3.9169973209500313 5.088226892054081 5.0305811464786512 3.4149881899356842
leaf_count=30 60 21 22 21 18 36 19 38 22 28 21 23
internal_value=-0.000146938 -0.00519412 -0.000512251 -0.00486237 -0.00151337 -0.0154563 0.00718458 0.0170238 -0.00704115 0.013458 -0.0198372 0.0236456
internal_weight=67.7523 57.0705 44.7308 35.1828 30.7421 11.6274 19.1147 11.3744 7.7403 9.54799 12.3397 10.6818
internal_count=359 276 225 176 155 58 97 57 40 49 51 83
is_linear=0
shrinkage=0.03


Tree=36
num_leaves=13
num_cat=0
split_feature=9 2 17 35 32 12 22 20 40 12 20 19
split_gain=8.98345 4.11257 3.03966 1.87885 3.24166 1.52836 2.35881 1.38923 1.11049 0.956249 0.934945 0.300354
threshold=0.96003408206734087 -0.87031057065720041 1.0000000180025095e-35 1.0000000180025095e-35 -0.33735532056237688 0.083638923500900422 0.092690694205732685 -0.47387898923491872 386.50000000000006 -0.76297760646182278 -0.23160490135738851 0.68131743589097404
decision_type=2 2 2 2 2 2 2 2 2 2 2 2
left_child=1 8 7 4 -4 6 -5 -3 -1 -8 -6 -2
right_child=11 2 3 5 10 -7 9 -9 -10 -11 -12 -13
leaf_value=-0.026550712552375465 0.028123735579624599 0 -0.013177604989426455 0.0020152803054015638 0.00065645002295766761 0.0010893023451408327 -0.0083344157560695988 0.021925850513814397 -0.0052478570593169722 -0.033127420285655816 0.018805222194151643 0.0084837132310797373
leaf_weight=7.0219123214483243 6.6758654564619047 4.3997411131858826 6.0679410845041302 3.7190566509962109 5.2802302688360223 5.4703042432665816 4.7466042488813347 5.0957236737012845 5.2955608814954758 4.2690147757530248 5.6368726640939686 3.8485346585512161
leaf_count=29 55 21 28 19 23 31 24 28 22 21 30 28
internal_value=-0.000136548 -0.00507217 -0.000493918 -0.00474597 0.00210624 -0.0111172 -0.0163443 0.0132162 -0.0193903 -0.0236956 0.0116502 0.023395
internal_weight=67.5274 57.003 44.6855 35.19 16.985 18.205 12.7347 9.49546 12.3175 9.01562 10.9171 10.5244
internal_count=359 276 225 176 81 95 64 49 51 45 53 83
is_linear=0
shrinkage=0.03


Tree=37
num_leaves=13
num_cat=0
split_feature=13 24 3 0 36 26 19 22 15 26 41 33
split_gain=8.65999 3.19696 2.4596 2.53694 2.31649 2.44461 2.07955 2.05059 1.95201 1.7926 0.300684 0.0101164
threshold=-0.1179043266418268 -0.32143800528223559 -0.8097630769379498 -0.70250507425498532 1.3957059982855238 0.21103840941837657 -1.0000000180025095e-35 0.092690694205732796 0.39180529384674245 -0.55263523003930148 376.50000000000006 0.10947368680602548
decision_type=2 2 2 2 2 2 2 2 2 2 2 2
left_child=1 6 11 9 5 -3 -1 8 -7 -4 -5 -2
right_child=2 4 3 10 -6 7 -8 -9 -10 -11 -12 -13
leaf_value=-0.0049407662874266477 0.0083430918461829557 -0.0014170252128523617 0.0072878045669437837 0.020928027575572279 0.0010527746031937977 -0.040449282960641 0.018363301007922606 -0.0035571409005291936 -0.010190474506744564 -0.017027169636606623 0.0059536404998989873 0.02761983916269883
leaf_weight=7.5549329966306686 2.8205118253827113 6.6390450000763002 3.3533049672842026 3.8115098625421506 6.327316239476203 6.4955106824636477 3.9498174488544446 4.4399907737970343 5.1122747808694839 4.6017232090234783 5.90262570977211 6.3357112407684326
leaf_count=34 21 29 20 23 29 27 20 20 22 24 36 54
internal_value=-0.000126436 -0.00885028 0.0126097 0.00483625 -0.0140006 -0.018252 0.00379387 -0.0241583 -0.0302717 -0.0066129 0.0143776 0.0242551
internal_weight=67.3443 40.5189 26.8254 17.6692 29.0141 22.6868 11.5048 16.0478 11.6078 7.95503 9.71414 9.15622
internal_count=359 181 178 103 127 98 54 69 49 44 59 75
is_linear=0
shrinkage=0.03


Tree=38
num_leaves=13
num_cat=0
split_feature=13 2 17 35 32 12 1 22 22 40 19 32
split_gain=8.37157 3.8575 2.93067 1.84822 3.12004 1.65879 1.64836 1.31086 1.11938 0.741495 0.322398 0.118889
threshold=0.97237537887872239 -0.87031057065720041 1.0000000180025095e-35 1.0000000180025095e-35 -0.33735532056237688 0.083638923500900422 -0.51831311659924595 -0.11239996354377706 -0.83021726566706133 420.00000000000006 0.68131743589097404 0.097668774442194961
decision_type=2 2 2 2 2 2 2 2 2 2 2 2
left_child=1 8 7 4 -4 6 -5 -3 -1 -6 -2 -8
right_child=10 2 3 5 9 -7 11 -9 -10 -11 -12 -13
leaf_value=-0.025556270280266153 0.02773773563463626 0.0010092146882670322 -0.012728376879694215 -0.028369708338923477 0.019397108041755519 0.0016158415894799278 -0.0081677451653127293 0.023411462322845571 -0.0043698184622001967 0.0025460718799990758 0.0080498854609490408 0
leaf_weight=7.247360035777092 6.4500415995717031 5.3564955368638039 6.0894961953163174 4.7696529477834657 4.5783404558897001 5.5863816440105429 3.8404138535261216 4.0683285742998105 5.050554007291792 6.2934529334306717 3.7851912602782249 4.036314532160759
leaf_count=30 55 27 28 22 22 32 20 22 21 31 28 21
internal_value=-0.000108543 -0.00483616 -0.000397633 -0.00456806 0.00222861 -0.0108836 -0.0164151 0.0131153 -0.0187111 0.0116188 0.0229277 -0.00515595
internal_weight=67.152 56.9168 44.6189 35.1941 16.9613 18.2328 12.6464 9.42482 12.2979 10.8718 10.2352 7.87673
internal_count=359 276 225 176 81 95 63 49 51 53 83 41
is_linear=0
shrinkage=0.03


Tree=39
num_leaves=12
num_cat=0
split_feature=13 0 26 32 16 33 26 33 26 23 28
split_gain=8.06621 3.70643 4.85327 3.04861 3.26831 3.83676 2.75904 2.56747 1.08362 0.923456 0.628196
threshold=0.97237537887872239 0.61762290144302001 0.97471204887605489 0.097668774442194961 1.0236484802248118 -0.50859081007162066 1.1656304587404744 -0.50859081007162066 0.21103840941837657 1.0000000180025095e-35 1.0687208692395138
decision_type=2 2 2 2 2 2 2 2 2 2 2
left_child=1 2 3 4 5 -1 8 -5 -3 -7 -2
right_child=10 6 -4 7 -6 9 -8 -9 -10 -11 -12
leaf_value=0.022121862366842784 0.02773255927280897 -0.0081059683133334736 -0.020673099250827279 -0.00042944460031370019 -0.01873537403401937 -0.010793950223783915 0.0020658698301173227 0.028342949026238597 -0.029269320254163456 0.0050791411975864374 0.0056160022056308311
leaf_weight=6.2392657995224043 6.7892297208309156 6.2812559902668017 6.2076576948165885 3.696571484208107 5.1341085955500594 6.9277681261301076 5.2720851004123679 6.1402454301714879 7.2976935356855392 3.6774775385856628 3.2994364053010941
leaf_count=32 60 27 29 18 26 36 23 34 31 20 23
internal_value=-9.5449e-05 -0.00471733 0.000638031 0.00571982 -0.000500766 0.00580747 -0.0150649 0.0183751 -0.0216578 -0.00484681 0.0226804
internal_weight=66.9628 56.8741 38.0231 31.8154 21.9786 16.8445 18.851 9.83682 13.5789 10.6052 10.0887
internal_count=359 276 195 166 114 88 81 52 58 56 83
is_linear=0
shrinkage=0.03


Tree=40
num_leaves=12
num_cat=0
split_feature=9 2 17 28 20 20 20 37 40 40 28
split_gain=7.77884 3.55446 2.76481 1.8375 5.54845 2.45713 3.21 2.27543 1.27842 1.15087 0.61931
threshold=0.96003408206734087 -0.87031057065720041 1.0000000180025095e-35 1.0687208692395138 0.35677502634518493 -0.7969111064049591 -0.23160490135738851 -1.0000000180025095e-35 493.50000000000006 386.50000000000006 1.0687208692395138
decision_type=2 2 2 2 2 2 2 2 2 2 2
left_child=1 9 8 4 5 -4 -7 -8 -3 -1 -2
right_child=10 2 3 -5 -6 6 7 -9 -10 -11 -12
leaf_value=-0.025129629283587709 0.027516909808847811 0 0.0040154262872066559 -0.019656814608187183 0.0203765535199276 -0.02741444880672906 -0.014279622619249069 0.012452394969422492 0.02137106227982697 -0.0041218541921622396 0.0055135509205684104
leaf_weight=6.9751849770545942 6.6557140499353391 4.4102125167846662 8.424827039241789 4.496115341782569 6.5776362568140021 7.3072801530361131 4.2705072164535478 4.1431038379669323 4.9337274879217148 5.2860882133245468 3.2879712358117104
leaf_count=29 60 21 39 21 38 33 22 23 28 22 23
internal_value=-8.62394e-05 -0.00460708 -0.000342065 -0.00438446 -0.00115228 -0.00809979 -0.014725 -0.000618393 0.0128402 -0.0179453 0.022442
internal_weight=66.7684 56.8247 44.5634 35.2195 30.7234 24.1457 15.7209 8.41361 9.34394 12.2613 9.94369
internal_count=359 276 225 176 155 117 78 45 49 51 83
is_linear=0
shrinkage=0.03


Tree=41
num_leaves=11
num_cat=0
split_feature=13 24 34 34 27 12 33 40 25 2
split_gain=7.51252 2.91362 3.23446 3.03463 2.25759 2.22926 2.11382 2.98817 0.791522 0.224769
threshold=-0.1179043266418268 -0.32143800528223559 -0.4399283485794156 1.441444435069865 1.2730701168086849 1.7206715307446867 -1.0000000180025095e-35 470.50000000000006 -0.17390376275458375 -0.13057553349641529
decision_type=2 2 2 2 2 2 2 2 2 2
left_child=1 2 -1 6 5 8 7 -3 -2 -10
right_child=4 3 -4 -5 -6 -7 -8 -9 9 -11
leaf_value=-0.013040139272360496 0.0059706769358424385 -0.035810884911196175 0.015692957246511034 0.0051461451829329331 -0.0044376042918075342 -0.004309379335976333 -0.0026620723209726917 -0.007904148861451488 0.0052962509802352798 0.026168251180687239
leaf_weight=4.4311843365430832 5.2514323890209278 7.6069171130657258 7.0204024165868741 5.4563529491424552 4.9011176377534857 3.1038591191172591 7.4096833467483547 8.448124021291731 2.2073702812194904 10.708116948604575
leaf_count=20 36 32 34 26 25 18 33 36 14 85
internal_value=-7.56231e-05 -0.00817505 0.00388885 -0.0131053 0.0119676 0.0160544 -0.017644 -0.0233983 0.019902 0.0239395
internal_weight=66.5446 40.3727 11.4516 28.9211 26.1719 21.2708 23.4647 16.055 18.1669 12.9155
internal_count=359 181 54 127 178 153 101 68 135 99
is_linear=0
shrinkage=0.03


Tree=42
num_leaves=12
num_cat=0
split_feature=9 0 26 32 16 33 26 33 22 26 28
split_gain=7.31587 3.29915 4.46839 2.91674 3.07275 3.6635 2.6508 2.4621 1.65708 1.00146 0.617728
threshold=0.96003408206734087 0.61762290144302001 0.97471204887605489 0.097668774442194961 1.0236484802248118 -0.50859081007162066 1.1656304587404744 -0.50859081007162066 0.092690694205732685 0.21103840941837657 1.0687208692395138
decision_type=2 2 2 2 2 2 2 2 2 2 2
left_child=1 2 3 4 5 -1 9 -5 -7 -3 -2
right_child=10 6 -4 7 -6 8 -8 -9 -10 -11 -12
leaf_value=0.021688840411506982 0.027179252945797389 -0.0076610483123690353 -0.019771187584935509 -0.00036356929863039651 -0.018169339524916246 0.0047088503580304513 0.0024956789206311996 0.027900469914384118 -0.016182381150615193 -0.028028511777218958 0.0052549889504702237
leaf_weight=6.1510146856308028 6.437711261212824 6.2729435861110705 6.2315373271703711 3.6880513578653336 5.1548948585987082 5.9933084696531331 5.2545798867940894 6.0125619471073133 4.6040108054876328 7.2685573101043701 3.2541851699352264
leaf_count=32 60 27 29 18 26 32 23 34 24 31 23
internal_value=-7.88348e-05 -0.00443944 0.000620056 0.00553567 -0.00053266 0.00561416 -0.0142127 0.0180095 -0.0047525 -0.0206973 0.0220449
internal_weight=66.3234 56.6315 37.8354 31.6038 21.9032 16.7483 18.7961 9.70061 10.5973 13.5415 9.6919
internal_count=359 276 195 166 114 88 81 52 56 58 83
is_linear=0
shrinkage=0.03


Tree=43
num_leaves=12
num_cat=0
split_feature=13 2 26 32 30 33 39 40 21 28 16
split_gain=7.05842 3.17294 2.20357 2.96899 4.05526 3.23341 2.98915 1.97807 1.22061 0.608695 0.230517
threshold=0.97237537887872239 -0.87031057065720041 0.97471204887605489 0.097668774442194961 -0.23341772260793123 -0.50859081007162066 -1.0000000180025095e-35 493.50000000000006 1.0905288101088884 1.0687208692395138 1.0000000180025095e-35
decision_type=2 2 2 2 2 2 2 2 2 2 2
left_child=1 8 3 4 7 -5 10 -3 -1 -2 -6
right_child=9 2 -4 5 6 -7 -8 -9 -10 -11 -12
leaf_value=-0.0058371647043783757 0.02696874198784641 -0.026931365814081169 -0.013428393876389739 -0.0034868146997018143 0.0060993368380571787 0.024805639706393757 -0.0073799536079157376 -8.1241438524027126e-05 -0.027002382581488783 0.005158813373829352 0.023257467803928233
leaf_weight=7.2043244391679746 6.310516305267809 5.3922269195318169 7.86750404536724 4.9934244155883789 3.8499766588210997 7.4976140931248647 6.1770134270191308 4.5740481615066528 5.0112313628196716 3.2435339987277985 4.0024935156106949
leaf_count=30 60 24 37 24 21 41 33 23 21 23 22
internal_value=-7.27263e-05 -0.0043401 -0.000292263 0.00280068 -0.00322254 0.0139053 0.00669368 -0.0167544 -0.0169608 0.021812 0.0178141
internal_weight=66.1239 56.5699 44.3543 36.4868 23.9958 12.491 14.0295 9.96628 12.2156 9.55405 7.85247
internal_count=359 276 225 188 123 65 76 47 51 83 43
is_linear=0
shrinkage=0.03


Tree=44
num_leaves=12
num_cat=0
split_feature=13 8 17 35 32 26 12 41 20 22 28
split_gain=6.80916 3.03388 2.5752 1.80184 2.8557 1.722 1.52032 1.64483 1.22606 1.16644 0.599327
threshold=0.97237537887872239 -1.1053662700497411 1.0000000180025095e-35 1.0000000180025095e-35 -0.33735532056237688 0.21103840941837657 0.083638923500900422 470.50000000000006 -0.47387898923491872 -0.83021726566706133 1.0687208692395138
decision_type=2 2 2 2 2 2 2 2 2 2 2
left_child=1 9 8 4 -4 -6 7 -5 -3 -1 -2
right_child=10 2 3 6 5 -7 -8 -9 -10 -11 -12
leaf_value=-0.023533200945685704 0.026756139088591986 0 -0.011711511091974025 -0.0022514000422421306 0.024043663977964584 0.00038014961650275806 0.0015413894597882062 -0.024766108096941488 0.02091916881144696 -0.0028298407533151565 0.0050643131912119351
leaf_weight=7.1126767843961716 6.1836802288889867 4.3454708755016327 6.1257898658514049 6.1121549084782618 4.0190340131521207 6.7317384630441666 5.5560045093297949 6.550629049539566 4.8619770407676679 5.0834438651800138 3.2330870106816292
leaf_count=30 60 21 28 32 21 32 32 31 28 21 23
internal_value=-7.03041e-05 -0.00424655 -0.000283413 -0.00418433 0.00253135 0.011577 -0.0104289 -0.0157117 0.0125283 -0.016597 0.0215774
internal_weight=65.9157 56.4989 44.3028 35.0954 16.8766 10.7508 18.2188 12.6628 9.20745 12.1961 9.41677
internal_count=359 276 225 176 81 53 95 63 49 51 83
is_linear=0
shrinkage=0.03


Tree=45
num_leaves=12
num_cat=0
split_feature=9 0 26 32 17 26 33 40 36 26 28
split_gain=6.56022 2.91843 4.07512 2.67129 2.66789 2.54816 2.28981 1.55461 1.4586 1.01509 0.590157
threshold=0.96003408206734087 0.61762290144302001 0.97471204887605489 0.097668774442194961 -1.0000000180025095e-35 1.1656304587404744 -0.50859081007162066 470.50000000000006 -0.40445888840277516 0.21103840941837657 1.0687208692395138
decision_type=2 2 2 2 2 2 2 2 2 2 2
left_child=1 2 3 4 -1 9 -5 -6 -9 -3 -2
right_child=10 5 -4 6 7 -7 -8 8 -10 -11 -12
leaf_value=0.015005966068595382 0.026546510659392737 -0.0069420454463750619 -0.018756616912960846 -0.00019849939795289778 -0.018664042023882124 0.0029430047704382041 0.027148992596501307 -0.0090789673980450295 0.0099957596374838417 -0.027024904051925487 0.0049714596716947832
leaf_weight=5.5292310118675259 6.0597802922129613 6.2635871469974536 6.2831548601388922 3.6957793682813644 4.8771418631076875 5.2428307682275763 5.8334980309009534 6.2060246691107777 5.281219825148578 7.2316577732563019 3.2228405177593231
leaf_count=30 60 27 29 18 22 23 34 34 28 31 23
internal_value=-5.20638e-05 -0.00413614 0.00062128 0.00535626 -0.00041559 -0.0133423 0.0174142 -0.00678459 0 -0.0197307 0.0213459
internal_weight=65.7267 56.4441 37.706 31.4229 21.8936 18.7381 9.52928 16.3644 11.4872 13.4952 9.28262
internal_count=359 276 195 166 114 81 52 84 62 58 83
is_linear=0
shrinkage=0.03


Tree=46
num_leaves=14
num_cat=0
split_feature=13 22 17 35 31 20 4 33 33 29 16 14 5
split_gain=6.33094 2.81882 3.06643 2.02843 2.58764 2.22891 1.80747 1.46885 1.45909 1.12167 0.78959 0.285754 0.172979
threshold=0.97237537887872239 -0.83021726566706133 1.0000000180025095e-35 0.64971180377571047 -0.1579331517052138 -0.23160490135738851 -0.73715503103322744 1.0000000180025095e-35 -0.30256931111240531 0.29665341892610836 -0.57239844442538312 0.50476435399605124 1.6499856369489894
decision_type=2 2 2 2 2 2 2 2 2 2 2 2 2
left_child=1 6 8 4 9 -6 -1 -5 -3 -4 -8 -7 -2
right_child=12 2 3 7 5 11 10 -9 -10 -11 -12 -13 -14
leaf_value=0.00049105592908806235 0.024240722518390941 0.00054571808587269832 0 -0.025036587970540012 -0.0042589114810325278 0.023597271357217887 -0.027350195734562037 -0.0014760306179913906 0.024876706007274086 -0.020131198229327425 -0.0067373548610741548 0.0063449222531085873 0.0053013635004665743
leaf_weight=4.5298751741647711 6.6625233441591245 4.6423050910234451 4.1588290557265228 4.4106708168983442 6.0014998763799587 3.9042976349592333 5.8795913457870475 5.310904249548912 4.1329528316855413 4.0139408707618713 5.0539863258600226 4.3314561694860458 2.4911732971668243
leaf_count=20 60 23 22 21 27 21 25 29 23 20 23 22 23
internal_value=-4.23611e-05 -0.00404116 7.46449e-05 -0.00417214 0.000741125 0.00842451 -0.0143266 -0.0146179 0.0145477 -0.0112541 -0.0202669 0.0175155 0.0211217
internal_weight=65.524 56.3703 40.9069 32.1316 22.41 14.2373 15.4635 9.72158 8.77526 8.17277 10.9336 8.23575 9.1537
internal_count=359 276 208 162 112 70 68 50 46 42 48 43 83
is_linear=0
shrinkage=0.03


Tree=47
num_leaves=13
num_cat=0
split_feature=9 8 17 35 1 14 1 40 20 30 34 19
split_gain=6.0976 2.74266 2.26127 1.69975 2.66843 1.40708 3.03114 1.22319 1.1869 1.03674 0.874527 0.480562
threshold=0.96003408206734087 -1.1053662700497411 1.0000000180025095e-35 1.0000000180025095e-35 -0.61453914468165249 -0.8224477757008124 -0.51831311659924595 386.50000000000006 -0.47387898923491872 -0.88485821819938637 0.24990833875865404 0.68131743589097404
decision_type=2 2 2 2 2 2 2 2 2 2 2 2
left_child=1 7 8 4 9 -5 10 -1 -3 -4 -7 -2
right_child=11 2 3 5 -6 6 -8 -9 -10 -11 -12 -13
leaf_value=-0.023016450575676178 0.026208068223129953 0 -0.015333283715297045 -0.022342294417852883 0.015255011629710023 -0.0012159925931348673 0.011261136596106794 -0.0023012727497390317 0.020294483449348661 0.0017057658965255473 -0.02192892085075469 0.0057376840773293528
leaf_weight=6.8649292886257154 5.5728176757693273 4.3165376782417297 4.6068548560142526 4.5003998428583101 7.1537223905324927 3.9038022160530037 5.5530566945672133 5.2468736916780472 4.7414474189281446 5.0814095139503488 4.3508352935314178 3.4554851055145264
leaf_count=29 55 21 20 23 36 21 31 22 28 25 20 28
internal_value=-3.32445e-05 -0.00394363 -0.000174211 -0.00381745 0.00270422 -0.00987025 -0.00362223 -0.0157259 0.0119291 -0.00682964 -0.0144417 0.0208769
internal_weight=65.3482 56.3199 44.2081 35.1501 16.842 18.3081 13.8077 12.1118 9.05799 9.68826 8.25464 9.0283
internal_count=359 276 225 176 81 95 72 51 49 45 41 83
is_linear=0
shrinkage=0.03


Tree=48
num_leaves=13
num_cat=0
split_feature=13 22 17 20 20 28 36 4 36 0 16 28
split_gain=5.89519 2.64456 2.86784 2.35925 2.37093 3.76971 3.6058 1.73232 1.55347 1.41322 0.750092 0.634143
threshold=0.97237537887872239 -0.83021726566706133 1.0000000180025095e-35 -0.7969111064049591 -0.23160490135738851 0.88926707303115859 -0.57500082503640348 -0.73715503103322744 0.075585081380771066 0.21213324609005296 -0.57239844442538312 1.0687208692395138
decision_type=2 2 2 2 2 2 2 2 2 2 2 2
left_child=1 7 8 -4 -5 6 -6 -1 -3 -8 -9 -2
right_child=11 2 3 4 5 -7 9 10 -10 -11 -12 -13
leaf_value=0.00059119302355535868 0.026046380949603633 0.02396815326769812 0.014483035445090294 -0.019997074738001601 -0.014354968351439843 -0.018986704035137126 0.023283054651417452 -0.026611460763006651 0 0.00091993825787916542 -0.0064780223437139002 0.004268016366908726
leaf_weight=4.5347701907157889 5.7656368762254697 4.504570394754408 3.7450797706842343 7.6403126269578889 3.7528841644525519 5.9741041958332053 6.1736152693629425 5.8428751230239859 4.1819997578859329 4.8726027458906174 5.0373439639806739 3.1450183838605881
leaf_count=20 60 26 19 34 19 29 37 25 20 24 23 23
internal_value=-3.24486e-05 -0.00386481 0.000116992 -0.00396929 -0.00720629 -0.00120261 0.00669501 -0.0138449 0.0141907 0.0151861 -0.019689 0.0206585
internal_weight=65.1708 56.2602 40.8452 32.1586 28.4135 20.7732 14.7991 15.415 8.68657 11.0462 10.8802 8.91066
internal_count=359 276 208 162 143 109 80 68 46 61 48 83
is_linear=0
shrinkage=0.03


Tree=49
num_leaves=12
num_cat=0
split_feature=13 41 2 35 30 32 25 12 23 28 34
split_gain=5.68268 2.58979 2.95798 1.97697 3.54086 6.4176 3.52912 1.32678 0.884267 0.623564 0.431065
threshold=0.97237537887872239 345.50000000000006 -0.87031057065720041 0.49440459204856863 -0.23341772260793123 -1.0000000180025095e-35 -0.17390376275458375 -0.60486347465963786 0.15810813856898426 1.0687208692395138 0.43804561712358198
decision_type=2 2 2 2 2 2 2 2 2 2 2
left_child=1 10 7 4 5 -4 -5 -3 -6 -2 -1
right_child=9 2 3 6 8 -7 -8 -9 -10 -11 -12
leaf_value=0.016299571477440388 0.025843051638899814 -0.0035243026690347772 -0.023900060924935174 -0.027132587536227687 0.022182852235512682 0.011565909941115931 0.00357825381498775 -0.026596458175058769 0.0034548375062270283 0.0041891593477846288 0.00076440400404736389
leaf_weight=3.9703003689646712 5.6502206027507764 4.7504833489656448 7.712877422571176 5.0747436434030533 5.3163049817085319 7.6057802587747583 5.680720776319502 6.5871563851833326 5.7369581684470177 3.1364603787660599 3.7334119826555252
leaf_count=24 60 20 35 24 30 37 31 28 29 23 18
internal_value=-1.66636e-05 -0.00376831 -0.00645407 -0.00189916 0.0024159 -0.00647327 -0.0119698 -0.0189379 0.0145148 0.0204348 0.0107743
internal_weight=64.9554 56.1687 48.465 37.1274 26.3719 15.3187 10.7555 11.3376 11.0533 8.78668 7.70371
internal_count=359 276 234 186 131 72 55 48 59 83 42
is_linear=0
shrinkage=0.03


Tree=50
num_leaves=12
num_cat=0
split_feature=13 41 8 35 30 32 25 12 23 28 8
split_gain=5.47557 2.48225 2.83098 1.88228 3.3878 6.07665 3.34168 1.26258 0.855396 0.613128 0.498838
threshold=0.97237537887872239 345.50000000000006 -1.1053662700497411 0.49440459204856863 -0.23341772260793123 -1.0000000180025095e-35 -0.17390376275458375 -0.60486347465963786 0.15810813856898426 1.0687208692395138 -0.17526272294200604
decision_type=2 2 2 2 2 2 2 2 2 2 2
left_child=1 10 7 4 5 -4 -5 -3 -6 -2 -1
right_child=9 2 3 6 8 -7 -8 -9 -10 -11 -12
leaf_value=3.5876662423894289e-05 0.02564157271671319 -0.0034449094230216701 -0.023176489685905997 -0.026327086452106022 0.021850658282181627 0.011306382343004778 0.0034977513394084947 -0.026013477606767053 0.0033757678381590214 0.0041116999711294233 0.016252048445112854
leaf_weight=3.5706939399242401 5.537276439368723 4.7487631440162659 7.7611432969570098 5.1183269768953323 5.2588923051953369 7.5817522481083879 5.6717808246612531 6.5666613280773145 5.7304276674985886 3.1280678734183311 4.0970581173896781
leaf_count=16 60 20 35 24 30 37 31 28 29 23 26
internal_value=0 -0.00366707 -0.00629562 -0.00183885 0.00237622 -0.00629102 -0.0116481 -0.0185221 0.0142597 0.0202134 0.0105964
internal_weight=64.7708 56.1055 48.4377 37.1223 26.3322 15.3429 10.7901 11.3154 10.9893 8.66534 7.66775
internal_count=359 276 234 186 131 72 55 48 59 83 42
is_linear=0
shrinkage=0.03


Tree=51
num_leaves=12
num_cat=0
split_feature=3 0 26 32 16 34 22 26 35 26 5
split_gain=5.28008 2.48567 3.80192 2.70419 2.60899 3.06051 3.78816 2.39692 1.5202 0.999456 0.369729
threshold=-0.8097630769379498 0.61762290144302001 0.97471204887605489 0.097668774442194961 1.0236484802248118 -0.063653791849559646 1.0000000180025095e-35 1.1656304587404744 0.41235549906064434 0.21103840941837657 1.6499856369489894
decision_type=2 2 2 2 2 2 2 2 2 2 2
left_child=10 2 3 4 5 6 -2 9 -5 -3 -1
right_child=1 7 -4 8 -6 -7 -8 -9 -10 -11 -12
leaf_value=0.025623313446446815 0.010410116722477446 -0.0058861175575374795 -0.017793931989037698 0.026545993402820239 -0.01654468309366193 0.020921087009853127 -0.020028142272077148 0.0037296076966254958 0.0016092522157325035 -0.025364074624827058 0.0040584186675131865
leaf_weight=5.1456433609127989 6.5313626378774643 6.225802958011629 6.3083328604698172 5.2671089544892293 5.2176029980182639 5.6164931952953383 5.2059374302625656 5.1988720148801795 4.3760653585195541 7.1371703445911407 2.3506335839629173
leaf_count=52 36 27 29 30 26 29 29 23 24 31 23
internal_value=0 -0.00335182 0.00092944 0.00540241 -0.000288969 0.00520769 -0.00337683 -0.0119413 0.0175081 -0.0182029 0.0213323
internal_weight=64.581 57.0847 38.5229 32.2146 22.5714 17.3538 11.7373 18.5618 9.64317 13.363 7.49628
internal_count=359 284 203 174 120 94 65 81 54 58 75
is_linear=0
shrinkage=0.03


Tree=52
num_leaves=12
num_cat=0
split_feature=13 24 34 34 16 16 30 12 1 41 34
split_gain=5.12394 2.55471 2.90534 2.79092 1.96522 3.0311 1.80236 2.3884 2.20431 0.774387 0.125614
threshold=-0.1179043266418268 -0.32143800528223559 1.441444435069865 -0.4399283485794156 -0.57239844442538312 0.75764065944977921 0.93917516945668855 1.7206715307446867 0.79143004341128942 634.50000000000011 -1.0670526097958422
decision_type=2 2 2 2 2 2 2 2 2 2 2
left_child=1 3 4 -1 -3 -6 7 9 -8 10 -2
right_child=6 2 -4 -5 5 -7 8 -9 -10 -11 -12
leaf_value=-0.011032147609491965 0.0079969487362364314 -0.026022753420947526 0.006317959202594055 0.015688076711860458 0.0070199311284733735 -0.018382674158598952 -0.012028881428258578 -0.0051506859328205121 0.015294962315232887 0.0051174580912823394 0.028903848470178579
leaf_weight=4.4672607481479645 2.7432064637541789 9.1347213238477725 5.4688111394643775 6.8793504536151868 6.3224364221096057 7.6078953295946121 5.1100196316838247 2.9893541708588591 2.9086129888892174 4.0854859352111808 6.691604651510719
leaf_count=20 24 40 26 34 28 33 28 18 25 29 54
internal_value=0 -0.00661197 -0.0112949 0.00464124 -0.0158461 -0.00690293 0.0103764 0.0156673 -0.000638912 0.0207243 0.0253047
internal_weight=64.4088 39.8805 28.5339 11.3466 23.0651 13.9303 24.5283 16.5097 8.01863 13.5203 9.43481
internal_count=359 181 127 54 101 61 178 125 53 107 78
is_linear=0
shrinkage=0.03


Tree=53
num_leaves=13
num_cat=0
split_feature=13 22 17 12 32 4 37 35 22 33 15 5
split_gain=4.96984 2.32189 2.74622 2.07661 1.74277 1.56136 1.45599 2.36055 1.69499 1.36643 0.719419 0.257879
threshold=0.97237537887872239 -0.83021726566706133 -1.0000000180025095e-35 -0.73053504430500771 0.4705465701603993 -0.73715503103322744 0.65874212746887595 -0.3540576195311001 0.092690694205732685 -0.30256931111240531 0.39180529384674245 1.6499856369489894
decision_type=2 2 2 2 2 2 2 2 2 2 2 2
left_child=1 5 9 4 -4 -1 7 -5 -9 -3 -7 -2
right_child=11 2 3 6 -6 10 -8 8 -10 -11 -12 -13
leaf_value=0.0007724367235625386 0.022972516126473556 0.00049494406416490189 -0.025896306639744935 -0.018945303993809524 -6.237354033660381e-05 -0.025450847697784867 0.012872270334966289 0.013603738351341727 -0.0058028948629283072 0.024286090275112446 -0.0060224054228357471 0.0037654700592352208
leaf_weight=4.522577539086341 6.0430270135402662 4.5839765593409538 4.2667763382196409 4.4589596837759045 4.782824419438839 5.5429044961929304 5.498162515461444 6.1032450646162122 6.8882396966218948 4.0041413977742142 5.1968764513731003 2.3198109939694405
leaf_count=20 60 23 21 20 23 25 28 33 37 23 23 23
internal_value=0 -0.00341817 0.000306504 -0.00369529 -0.0147617 -0.012822 0.00106118 -0.00306789 0.00336449 0.0141439 -0.01843 0.0196359
internal_weight=64.2115 55.8487 40.5863 31.9982 9.0496 15.2624 22.9486 17.4504 12.9915 8.58812 10.7398 8.36284
internal_count=359 276 208 162 44 68 118 90 70 46 48 83
is_linear=0
shrinkage=0.03


Tree=54
num_leaves=12
num_cat=0
split_feature=3 22 17 12 36 26 32 36 0 32 0
split_gain=4.81369 2.29396 2.81301 2.24328 3.67627 3.68555 1.65137 1.51558 1.50312 1.30558 0.20417
threshold=-0.8097630769379498 -0.83021726566706133 1.0000000180025095e-35 -0.73053504430500771 -0.40445888840277516 0.11557920448616675 0.4705465701603993 0.075585081380771066 0.64506205105337122 0.65698546801950142 -0.90067671032974372
decision_type=2 2 2 2 2 2 2 2 2 2 2
left_child=10 8 7 6 -5 -6 -4 -3 -2 -7 -1
right_child=1 2 3 4 5 9 -8 -9 -10 -11 -12
leaf_value=0.0050686329370230997 -0.00020571837879367985 0.023867062047941964 -0.024764420628263742 -0.014211385419075004 0.025378093031817664 -0.01147096009627299 -6.0948070487066433e-05 0 -0.019693147582808622 0.0074970264454504616 0.02478850221714906
leaf_weight=2.4718891307711601 6.4781009703874579 4.6106272265315038 4.8216861039400047 7.2592738121747926 6.071414455771456 4.930730961263178 4.7829064279794693 4.155875027179718 8.7687244415283185 4.9432571530342102 4.7472127377986899
leaf_count=24 30 28 25 38 33 24 23 20 38 25 51
internal_value=0 -0.00314075 0.000480271 -0.00351889 0.00146552 0.00955476 -0.0146728 0.0143592 -0.0125316 -0.00171104 0.020758
internal_weight=64.0417 56.8226 41.5758 32.8093 23.2047 15.9454 9.60459 8.7665 15.2468 9.87399 7.2191
internal_count=359 284 216 168 120 82 48 48 68 49 75
is_linear=0
shrinkage=0.03


Tree=55
num_leaves=11
num_cat=0
split_feature=13 24 34 34 27 12 16 16 25 13
split_gain=4.68151 2.40271 2.71763 2.66407 2.01897 2.0673 1.81236 2.79048 0.765378 0.0760385
threshold=-0.1179043266418268 -0.32143800528223559 1.441444435069865 -0.4399283485794156 1.2730701168086849 1.7206715307446867 -0.57239844442538312 0.75764065944977921 -0.17390376275458375 0.42880828972323298
decision_type=2 2 2 2 2 2 2 2 2 2
left_child=1 3 6 -1 5 8 -3 -8 -2 -10
right_child=4 2 -4 -5 -6 -7 7 -9 9 -11
leaf_value=-0.010669316256411036 0.0046618900784173292 -0.025063702122171731 0.0062079314825445805 0.015475123791700384 -0.0053890799852856306 -0.0053353372985481479 0.0067343888633962078 -0.017659378175202436 0.0057257636002992435 0.024467886000374292
leaf_weight=4.4596702009439468 4.9406434074044308 9.0868149548769015 5.4325907975435248 6.8260403573513013 4.7408312410116187 2.9665047898888579 6.2959676086902636 7.5868996381759644 2.2544844970107087 9.2703735083341581
leaf_count=20 36 40 26 34 25 18 28 33 15 84
internal_value=0 -0.0062886 -0.0108445 0.00463493 0.0100335 0.0141993 -0.0152561 -0.00662867 0.0182044 0.0223439
internal_weight=63.8608 39.688 28.4023 11.2857 24.1728 19.432 22.9697 13.8829 16.4655 11.5249
internal_count=359 181 127 54 178 153 101 61 135 99
is_linear=0
shrinkage=0.03


end of trees

feature_importances:
Column_13=38
Column_20=38
Column_22=38
Column_30=31
Column_40=31
Column_12=30
Column_26=30
Column_34=29
Column_28=27
Column_0=25
Column_14=25
Column_27=23
Column_2=22
Column_33=22
Column_32=18
Column_36=18
Column_17=16
Column_24=13
Column_9=12
Column_16=11
Column_35=11
Column_1=10
Column_3=9
Column_25=8
Column_10=7
Column_5=6
Column_8=6
Column_37=6
Column_23=5
Column_29=5
Column_41=5
Column_19=4
Column_4=3
Column_21=3
Column_15=2
Column_31=2
Column_7=1
Column_38=1
Column_39=1

parameters:
[boosting: gbdt]
[objective: binary]
[metric: binary_logloss]
[tree_learner: serial]
[device_type: cpu]
[data_sample_strategy: bagging]
[data: ]
[valid: ]
[num_iterations: 800]
[learning_rate: 0.03]
[num_leaves: 96]
[num_threads: 1]
[seed: 42]
[deterministic: 0]
[force_col_wise: 1]
[force_row_wise: 0]
[histogram_pool_size: -1]
[max_depth: 10]
[min_data_in_leaf: 20]
[min_sum_hessian_in_leaf: 0.001]
[bagging_fraction: 0.85]
[pos_bagging_fraction: 1]
[neg_bagging_fraction: 1]
[bagging_freq: 0]
[bagging_seed: 400]
[bagging_by_query: 0]
[feature_fraction: 0.8]
[feature_fraction_bynode: 1]
[feature_fraction_seed: 30056]
[extra_trees: 0]
[extra_seed: 12879]
[early_stopping_round: 0]
[early_stopping_min_delta: 0]
[first_metric_only: 0]
[max_delta_step: 0]
[lambda_l1: 0.2]
[lambda_l2: 1.5]
[linear_lambda: 0]
[min_gain_to_split: 0]
[drop_rate: 0.1]
[max_drop: 50]
[skip_drop: 0.5]
[xgboost_dart_mode: 0]
[uniform_drop: 0]
[drop_seed: 17869]
[top_rate: 0.2]
[other_rate: 0.1]
[min_data_per_group: 100]
[max_cat_threshold: 32]
[cat_l2: 10]
[cat_smooth: 10]
[max_cat_to_onehot: 4]
[top_k: 20]
[monotone_constraints: ]
[monotone_constraints_method: basic]
[monotone_penalty: 0]
[feature_contri: ]
[forcedsplits_filename: ]
[refit_decay_rate: 0.9]
[cegb_tradeoff: 1]
[cegb_penalty_split: 0]
[cegb_penalty_feature_lazy: ]
[cegb_penalty_feature_coupled: ]
[path_smooth: 0]
[interaction_constraints: ]
[verbosity: -1]
[saved_feature_importance_type: 0]
[use_quantized_grad: 0]
[num_grad_quant_bins: 4]
[quant_train_renew_leaf: 0]
[stochastic_rounding: 1]
[linear_tree: 0]
[max_bin: 255]
[max_bin_by_feature: ]
[min_data_in_bin: 3]
[bin_construct_sample_cnt: 200000]
[data_random_seed: 175]
[is_enable_sparse: 1]
[enable_bundle: 1]
[use_missing: 1]
[zero_as_missing: 0]
[feature_pre_filter: 1]
[pre_partition: 0]
[two_round: 0]
[header: 0]
[label_column: ]
[weight_column: ]
[group_column: ]
[ignore_column: ]
[categorical_feature: ]
[forcedbins_filename: ]
[precise_float_parser: 0]
[parser_config_file: ]
[objective_seed: 16083]
[num_class: 1]
[is_unbalance: 0]
[scale_pos_weight: 1]
[sigmoid: 1]
[boost_from_average: 1]
[reg_sqrt: 0]
[alpha: 0.9]
[fair_c: 1]
[poisson_max_delta_step: 0.7]
[tweedie_variance_power: 1.5]
[lambdarank_truncation_level: 30]
[lambdarank_norm: 1]
[label_gain: ]
[lambdarank_position_bias_regularization: 0]
[eval_at: ]
[multi_error_top_k: 1]
[auc_mu_weights: ]
[num_machines: 1]
[local_listen_port: 12400]
[time_out: 120]
[machine_list_filename: ]
[machines: ]
[gpu_platform_id: -1]
[gpu_device_id: -1]
[gpu_device_id_list: ]
[gpu_use_dp: 0]
[num_gpu: 1]

end of parameters

pandas_categorical:null
