tree
version=v4
num_class=3
num_tree_per_iteration=3
label_index=0
max_feature_idx=42
objective=multiclass num_class:3
feature_names=Column_0 Column_1 Column_2 Column_3 Column_4 Column_5 Column_6 Column_7 Column_8 Column_9 Column_10 Column_11 Column_12 Column_13 Column_14 Column_15 Column_16 Column_17 Column_18 Column_19 Column_20 Column_21 Column_22 Column_23 Column_24 Column_25 Column_26 Column_27 Column_28 Column_29 Column_30 Column_31 Column_32 Column_33 Column_34 Column_35 Column_36 Column_37 Column_38 Column_39 Column_40 Column_41 Column_42
feature_infos=[-0.95905288697352542:4.4720305287907776] [-1.1214363861031225:4.3379767854301132] [-1.020501796796945:3.6020296434426746] [-0.91953922062501114:4.7242685562729223] [-1.1412313805036363:4.1753624000379146] [-1.0321927799518225:3.3330338161113708] [-1.5787177169420104:3.1753207125968377] [-1.4728855331475548:3.6292833841799803] [-1.8513438342769046:2.5456579696949988] [-2.0739926741219672:2.2393477638737225] [-3.0428145161364326:1.8978701701461529] [-1.5701628594204577:2.8660572004682137] [-2.4166724447176913:7.4012288302986331] [-2.0706807653347705:2.2494452338062709] [-1.5735045751312633:2.8436374331722676] [-1.7527947948234686:1.6868522722026476] [-1.2909139602885353:1.4702075658841651] [-2.5271196590888749:0.71601723674184803] [-2.0615528128088325:0.48507125007266649] [-1.9130287011694109:2.643523592731265] [-1.9865352963071647:4.8244428624602582] [-1.9498302299294827:2.2645396705496781] [-2.6032787652320097:3.9677748963211878] [-1.977007343846775:2.7878874716615103] [-2.1942016231557746:2.8485438929182996] [-2.4030852819095276:2.7142837710066807] [-2.4293196741849754:2.8693080443592498] [-2.0593258148711642:2.7585563881579267] [-1.7732499948720148:4.0056767972024572] [-2.4152063971001025:2.6057426213116521] [-2.3413699868554034:3.2188366828638313] [-2.3410255312287043:3.0222019028769229] [-2.1297402848549178:3.1465167717690643] [-2.6044319082451248:3.1529782285407162] [-2.2670328121562835:3.1249275667549816] [-2.0596451173088433:3.4832592981729857] [-2.2833243815725037:3.1954308624738599] [-1.333426286934817:2.0237559722689182] [-1.0182257600649143:3.5937379766996975] [-0.99896023718717653:3.7297244921209742] [13:811] [13:811] none
tree_sizes=1153 1076 951 1077 1190 978 1068 1087 1082 1085 1192 1077 962 1087 1088 1061 979 1084 1086 1191 1081 943 1186 1066 1084 1082 1082 985 981 1085 1088 984 981 985 1194 1089 980 1088 1088 1081 1080 976 1196 1086 973 996 1086 1090 1205 983 982 990 977 1088 998 853 1087 1100 1067 1087 999 1089 978 1199 879 970 1096 1188 957 1102 1086 1085 995 1071 1057 1208 1097 1085 997 1314 983

Tree=0
num_leaves=10
num_cat=0
split_feature=11 30 26 26 11 0 1 1 2
split_gain=8.14708 2.8974 3.36356 2.591 3.38697 3.59237 1.28754 1.33745 0.161978
threshold=1.3133103467045875 1.2601275151218281 0.82211097128534505 -0.38212260111107005 0.030877030536432905 -0.45118439962151985 -0.51189025530086785 -0.64970068487355159 -0.23414391627116085
decision_type=2 2 2 2 2 2 2 2 2
left_child=1 2 3 4 5 -1 7 -5 -8
right_child=-2 -3 -4 6 -6 -7 8 -9 -10
leaf_value=-1.3742591397598887 -1.3555778746637079 -1.4029135781375648 -1.366107501991908 -1.3938283603807808 -1.3631007662976928 -1.4024753747438066 -1.4032939672791069 -1.3758024527543458 -1.3896273850218621
leaf_weight=7.3335583806037912 7.6156183183193198 6.4873785674571982 7.051498442888259 5.6411987543106079 6.4873785674571982 5.9232586920261356 7.0514984428882572 5.9232586920261365 5.6411987543106159
leaf_count=26 27 23 25 20 23 21 25 21 20
internal_value=-1.38197 -1.38605 -1.38326 -1.38657 -1.37883 -1.38726 -1.39292 -1.38449 -1.39909
internal_weight=65.1558 57.5402 51.0528 44.0014 19.7442 13.2568 24.2572 11.5645 12.6927
internal_count=231 204 181 156 70 47 86 41 45
is_linear=0
shrinkage=1


Tree=1
num_leaves=9
num_cat=0
split_feature=33 11 29 24 25 1 20 22
split_gain=4.1987 3.60856 3.89037 2.23489 2.20455 2.11016 1.85471 0.866869
threshold=-1.3378016781522395 0.066307946642351581 -0.12303401912951875 0.7150746361177297 -1.0000000180025095e-35 -0.19916658819362418 -0.45406521058449451 -0.16562982626872677
decision_type=2 2 2 2 2 2 2 2
left_child=-1 3 -3 4 7 -6 -4 -2
right_child=1 2 6 -5 5 -7 -8 -9
leaf_value=-0.8563879886875313 -0.83676700826743466 -0.84179400189684883 -0.83338288653082515 -0.85230745740925795 -0.83463392126821878 -0.85108389455636413 -0.81252467115376159 -0.82194696780509324
leaf_weight=7.7331757843494406 7.3649293184280396 9.2061616480350512 7.3649293184280422 8.8379151821136457 13.993365705013273 11.047393977642065 11.783886909484862 7.7331757843494362
leaf_count=21 20 25 20 24 38 30 32 21
internal_value=-0.837248 -0.835006 -0.82673 -0.839848 -0.836805 -0.842037 -0.819393 -0.828118
internal_weight=85.0649 77.3318 28.355 48.9768 40.1389 25.0408 19.1488 15.0981
internal_count=231 210 77 133 109 68 52 41
is_linear=0
shrinkage=1


Tree=2
num_leaves=8
num_cat=0
split_feature=2 0 28 22 4 11 17
split_gain=11.1624 5.28394 3.93368 4.3954 3.3859 2.28579 2.07149
threshold=-0.41713285702244396 -0.85195136923262604 1.0000000180025095e-35 -0.27161456274539125 -0.49166807466745072 1.3133103467045875 0.44575582875595449
decision_type=2 2 2 2 2 2 2
left_child=4 -2 3 -3 -1 -6 -4
right_child=1 2 6 -5 5 -7 -8
leaf_value=-1.1747601751764938 -1.1200978830059398 -1.1519582693734023 -1.1660687970012795 -1.1254447319887162 -1.1426415306114286 -1.1640927271182213 -1.1468285294477039
leaf_weight=15.562826156616213 6.484510898590087 11.347894072532654 9.7267663478851336 9.4025408029556274 6.484510898590087 8.4298641681671125 7.4571875333786002
leaf_count=48 20 35 30 29 20 26 23
internal_value=-1.15196 -1.14248 -1.14753 -1.13905 -1.16557 -1.1544 -1.15766
internal_weight=74.8961 44.4189 37.9344 20.7504 30.4772 14.9144 17.184
internal_count=231 137 117 64 94 46 53
is_linear=0
shrinkage=1


Tree=3
num_leaves=9
num_cat=0
split_feature=11 30 26 24 32 1 34 25
split_gain=7.71068 2.81949 3.2009 3.53028 3.41519 2.06177 3.01934 0.349311
threshold=1.3133103467045875 1.2601275151218281 0.82211097128534505 0.26252055134185115 -0.86802664087961767 -0.51189025530086785 -0.42241478779190311 -1.0000000180025095e-35
decision_type=2 2 2 2 2 2 2 2
left_child=1 2 3 4 7 -6 -7 -1
right_child=-2 -3 -4 -5 5 6 -8 -9
leaf_value=-0.0033794290888264035 0.025465585737381929 -0.020739455093875023 0.015380444662952793 -0.018134039674852557 0.018335946938021111 0.012411966916697412 -0.013282279029257882 -0.016441383088839856
leaf_weight=5.6267823576927185 7.7438276112079611 6.4035056531429282 7.1259007453918448 10.949848324060438 7.9104518294334367 7.0425720512866921 6.4433637857437311 5.9170487821102054
leaf_count=20 27 23 25 39 28 25 23 21
internal_value=0 -0.00400492 -0.00125777 -0.00451031 0.000436777 0.007559 0 -0.0116554
internal_weight=65.1633 57.4195 51.016 43.8901 32.9402 21.3964 13.4859 11.5438
internal_count=231 204 181 156 117 76 48 41
is_linear=0
shrinkage=0.03


Tree=4
num_leaves=10
num_cat=0
split_feature=33 4 26 29 11 0 32 33 35
split_gain=4.05264 4.13306 4.09811 3.74184 2.72033 2.7109 1.21295 1.12423 0.677334
threshold=-1.3378016781522395 -0.24603489178822111 0.70168761404570346 -0.12303401912951875 0.066307946642351581 -0.29225956684470172 1.0000000180025095e-35 0.73486597109066298 -0.79717766957780656
decision_type=2 2 2 2 2 2 2 2 2
left_child=-1 3 7 6 5 -5 -2 -3 -6
right_child=1 2 -4 4 8 -7 -8 -9 -10
leaf_value=-0.018833729816550158 0.0029331798584719027 -0.018553967386823238 0.010641001763766721 0.013927165248961978 0.010356547161580128 -0.0083893069963524112 -0.011691040241649187 -0.0026759003736206641 0.02841400215244114
leaf_weight=7.7103096544742575 9.9407880604267138 12.875561594963079 7.3640179634094229 9.2072149813175184 7.3795594274997702 7.3689808249473598 7.3638731539249411 7.7183072865009299 8.1307125091552717
leaf_count=21 27 35 20 25 20 20 20 21 22
internal_value=0 0.00219643 -0.00668985 0.00739334 0.0132888 0.00380149 -0.00340713 -0.0134603 0.0218461
internal_weight=85.0593 77.349 27.9579 49.3911 32.0865 16.5762 17.3047 20.5939 15.5103
internal_count=231 210 76 134 87 45 47 56 42
is_linear=0
shrinkage=0.03


Tree=5
num_leaves=8
num_cat=0
split_feature=2 6 28 20 4 36 34
split_gain=10.5927 4.98131 3.78431 4.86851 3.33079 2.07537 1.50156
threshold=-0.41713285702244396 -1.2854150212306268 1.0000000180025095e-35 -0.79461411852286556 -0.49166807466745072 -0.10300341710507339 0.7127347656630999
decision_type=2 2 2 2 2 2 2
left_child=4 -2 3 -3 -1 -4 -6
right_child=1 2 5 -5 6 -7 -8
leaf_value=-0.0224979029202018 0.030772848135956172 -0.0061253863143278069 -0.014091815602127989 0.022323073002131263 0.0065360911332795237 0.0051720936306848073 -0.010745660183431106
leaf_weight=15.39465180039406 6.5847954452037802 7.1393057107925424 9.7211027443408984 13.724986374378204 7.1161630153655988 7.4504705071449271 7.7394537925720215
leaf_count=48 20 22 30 42 22 23 24
internal_value=0 0.00919129 0.00427754 0.0125624 -0.0133247 -0.00566814 -0.00226026
internal_weight=74.8709 44.6207 38.0359 20.8643 30.2503 17.1716 14.8556
internal_count=231 137 117 64 94 53 46
is_linear=0
shrinkage=0.03


Tree=6
num_leaves=9
num_cat=0
split_feature=13 30 26 24 32 20 12 25
split_gain=7.17595 2.63243 3.65221 2.97672 2.91014 1.36607 1.2341 0.351594
threshold=-0.81319292910299856 1.2601275151218281 0.82211097128534505 0.26252055134185115 -0.86802664087961767 0.22703260529224761 -0.2434738025779026 -1.0000000180025095e-35
decision_type=2 2 2 2 2 2 2 2
left_child=-1 2 3 4 7 6 -6 -2
right_child=1 -3 -4 -5 5 -7 -8 -9
leaf_value=0.022091351252834915 -0.0032449506605357419 -0.020548668254434157 0.01646840359411322 -0.017768282503532195 0 -0.0042853964621730935 0.01739072429305983 -0.016288404738532991
leaf_weight=9.5704371035099012 5.6003022193908691 6.3215898871421805 6.8921492099761954 10.574485808610914 5.634956240653989 5.9120384752750388 8.7831670641899215 5.868647605180735
leaf_count=33 20 23 24 38 20 21 31 21
internal_value=0 -0.00430027 -0.00155159 -0.00508217 -7.29802e-05 0.00644216 0.0112072 -0.0114939
internal_weight=65.1578 55.5873 49.2657 42.3736 31.7991 20.3302 14.4181 11.4689
internal_count=231 198 175 151 113 72 51 41
is_linear=0
shrinkage=0.03


Tree=7
num_leaves=9
num_cat=0
split_feature=33 11 29 24 25 1 20 29
split_gain=3.90823 3.21482 3.61198 2.16631 2.1167 1.95995 1.74108 0.858804
threshold=-1.3378016781522395 0.066307946642351581 -0.12303401912951875 0.7150746361177297 -1.0000000180025095e-35 -0.19916658819362418 -0.45406521058449451 1.0000000180025095e-35
decision_type=2 2 2 2 2 2 2 2
left_child=-1 3 -3 4 7 -6 -4 -2
right_child=1 2 6 -5 5 -7 -8 -9
leaf_value=-0.018520941372673193 0.015212957002857736 -0.0045442244335845913 0.0034997736935882388 -0.0147114649840068 0.002546012206932317 -0.013315347016426855 0.023619129357499588 0.0004638366727340807
leaf_weight=7.684933364391326 7.7369919121265358 9.2049368917942065 7.3838824927806881 8.8090003132820112 13.998900026082991 10.994787096977239 11.859854906797407 7.3649841248989105
leaf_count=21 21 25 20 24 38 30 32 20
internal_value=0 0.0021566 0.00995016 -0.00241919 0.000570296 -0.00456381 0.0169998 0.00907325
internal_weight=85.0383 77.3533 28.4487 48.9047 40.0957 24.9937 19.2437 15.102
internal_count=231 210 77 133 109 68 52 41
is_linear=0
shrinkage=0.03


Tree=8
num_leaves=9
num_cat=0
split_feature=2 0 28 20 4 11 17 4
split_gain=10.0849 4.6846 3.65969 4.62328 3.25796 2.19542 1.97406 0.00116727
threshold=-0.41713285702244396 -0.85195136923262604 1.0000000180025095e-35 -0.79461411852286556 -0.49166807466745072 1.3133103467045875 0.44575582875595449 -0.43708292291651091
decision_type=2 2 2 2 2 2 2 2
left_child=4 -2 3 -3 -1 -6 -4 -5
right_child=1 2 6 7 5 -7 -8 -9
leaf_value=-0.022204201230747889 0.029715962027954377 -0.0059910530972384123 -0.013899688417872711 0.026931229357364868 0.0093383622448796871 -0.011735877082567462 0.0048768787756743471 0.012463722248669686
leaf_weight=15.225113719701769 6.6812283992767325 7.1150400042533883 9.6669088602066058 6.5972040593624115 6.4810786545276633 8.3341222405433637 7.4947176575660697 7.2470469176769257
leaf_count=48 20 22 30 20 20 26 23 22
internal_value=0 0.00892481 0.00414238 0.0122655 -0.0130706 -0.002138 -0.0056453 0.0217077
internal_weight=74.8425 44.8021 38.1209 20.9593 30.0403 14.8152 17.1616 13.8443
internal_count=231 137 117 64 94 46 53 42
is_linear=0
shrinkage=0.03


Tree=9
num_leaves=9
num_cat=0
split_feature=11 30 12 7 24 2 24 21
split_gain=6.94181 2.67105 3.09972 2.93761 4.55922 1.91087 2.22215 0.425013
threshold=1.3133103467045875 1.2601275151218281 -0.63356435474014483 -0.54060198339955445 0.26252055134185115 -0.23414391627116085 -0.4486358675916719 -1.0000000180025095e-35
decision_type=2 2 2 2 2 2 2 2
left_child=1 2 -1 4 -4 7 -7 -5
right_child=-2 -3 3 5 -6 6 -8 -9
leaf_value=-0.016181779260274351 0.023798794747450183 -0.020357738997100316 0.023140886419520106 -0.0031703275567542045 -0.0076350593825581618 -0.0063925075346363764 0.014843581187873166 -0.016910745594607222
leaf_weight=8.6668582260608655 7.976309895515441 6.2377575039863578 9.9820702373981423 5.5839164555072784 5.6333237290382376 8.1606111526489205 6.5250129997730371 6.3883180916309321
leaf_count=31 27 23 35 20 20 29 23 23
internal_value=0 -0.00387353 -0.001216 0.00216458 0.0119917 -0.00371091 0.00317346 -0.012014
internal_weight=65.1542 57.1779 50.9401 42.2733 15.6154 26.6579 14.6856 11.9722
internal_count=231 204 181 150 55 95 52 43
is_linear=0
shrinkage=0.03


Tree=10
num_leaves=10
num_cat=0
split_feature=33 4 29 28 11 32 16 31 35
split_gain=3.76792 3.80782 3.4903 2.98868 2.40073 2.64164 2.39346 1.96892 0.660292
threshold=-1.3378016781522395 -0.24603489178822111 -0.12303401912951875 1.0000000180025095e-35 0.066307946642351581 -0.17981919871127208 0.59166889846557869 -0.3298152434390938 -0.79717766957780656
decision_type=2 2 2 2 2 2 2 2 2
left_child=-1 2 7 -3 5 -4 -5 -2 -6
right_child=1 3 4 6 8 -7 -8 -9 -10
leaf_value=-0.018217120489023499 0.0071502571084676161 -0.019832794581629426 0.013780728958891573 -0.0078192500152782923 0.0096953700400800747 -0.0082493735100915028 0.012072091169200586 -0.011564871480764689 0.027179034255003898
leaf_weight=7.6582267284393302 7.3686692416667965 8.4256309270858782 9.2155276536941511 11.73600870370865 7.4103645384311667 7.3582467734813717 7.7292413711547843 9.922590643167494 8.1839666664600355
leaf_count=21 20 23 25 32 20 20 21 27 22
internal_value=0 0.0021124 0.0070938 -0.00642827 0.0127772 0.00379516 9.16079e-05 -0.00333599 0.0208016
internal_weight=85.0085 77.3502 49.4594 27.8909 32.1681 16.5738 19.4653 17.2913 15.5943
internal_count=231 210 134 76 87 45 53 47 42
is_linear=0
shrinkage=0.03


Tree=11
num_leaves=9
num_cat=0
split_feature=2 0 12 4 4 11 21 2
split_gain=9.60662 4.40829 3.31281 3.69448 3.21505 2.13865 1.30737 0.479006
threshold=-0.41713285702244396 -0.85195136923262604 0.12242977752529803 -0.43708292291651091 -0.49166807466745072 1.3133103467045875 1.0000000180025095e-35 0.041163769363652486
decision_type=2 2 2 2 2 2 2 2
left_child=4 -2 3 -3 -1 -6 -4 -5
right_child=1 2 6 7 5 -7 -8 -9
leaf_value=-0.021939463361044111 0.028732357004414216 0.022347793743778759 0.0014068133094994777 -0.0046783984792715515 0.0093323777250642996 -0.011497860910424781 -0.015656792077572406 0.0053246504587870728
leaf_weight=15.066234916448595 6.7694869041442862 10.804118692874907 6.5362640023231489 7.8161959350109118 6.4811483919620505 8.2755117118358594 6.5191170573234558 6.5135070979595184
leaf_count=48 20 33 20 24 20 26 20 20
internal_value=0 0.00868315 0.00402644 0.0102897 -0.0128139 -0.00196316 -0.00743698 0
internal_weight=74.7816 44.9587 38.1892 25.1338 29.8229 14.7567 13.0554 14.3297
internal_count=231 137 117 77 94 46 40 44
is_linear=0
shrinkage=0.03


Tree=12
num_leaves=8
num_cat=0
split_feature=8 16 26 27 16 26 36
split_gain=6.54297 5.39516 2.75615 1.71233 1.25181 0.713586 1.37351
threshold=-0.58181814496832429 0.84267994629946052 0.82211097128534505 -0.94407530491072655 1.0936909941333426 -0.38212260111107005 -0.55024874314967431
decision_type=2 2 2 2 2 2 2
left_child=1 -1 3 -2 5 6 -5
right_child=2 -3 -4 4 -6 -7 -8
leaf_value=0.028010898291400594 0.0041656174767798933 -0.0051560723718877917 0.009349398637468271 -0.014354448109094564 0 -0.01842347327675806 0.0032972132580189151
leaf_weight=9.9750284552574175 6.427275449037551 6.0817321240901938 7.7160677313804618 7.2082233428955078 6.6615118682384482 15.443283230066301 5.6329592168331128
leaf_count=34 23 21 27 26 24 56 20
internal_value=0 0.0157395 -0.00551616 -0.00865862 -0.0112563 -0.0138877 -0.00665795
internal_weight=65.1461 16.0568 49.0893 41.3733 34.946 28.2845 12.8412
internal_count=231 55 176 149 126 102 46
is_linear=0
shrinkage=0.03


Tree=13
num_leaves=9
num_cat=0
split_feature=33 11 24 25 24 0 7 28
split_gain=3.64526 2.88161 2.05819 2.01065 1.97277 4.24754 1.87172 0.840935
threshold=-1.3378016781522395 0.066307946642351581 0.7150746361177297 1.0000000180025095e-35 0.26252055134185115 0.039409649385179303 -0.12584239309302137 -0.22532317556635265
decision_type=2 2 2 2 2 2 2 2
left_child=-1 2 3 7 5 -3 -5 -2
right_child=1 4 -4 6 -6 -7 -8 -9
leaf_value=-0.017941246042803467 0.00041222542788909872 0.016233329474783623 -0.014269649159613653 0.0025696416835012457 0.01726174333128187 -0.012746037599937428 -0.012940796350694929 0.014997131876967877
leaf_weight=7.6322692930698386 7.3661051094532013 7.4144496619701403 8.7682708203792554 13.993242830038069 13.35914361476898 7.7339701056480408 10.950877368450167 7.7463973462581617
leaf_count=21 20 20 24 38 36 21 30 21
internal_value=0 0.00208032 -0.00225559 0.000650007 0.00944793 0.00126226 -0.0043606 0.00892847
internal_weight=84.9647 77.3325 48.8249 40.0566 28.5076 15.1484 24.9441 15.1125
internal_count=231 210 133 109 77 41 68 41
is_linear=0
shrinkage=0.03


Tree=14
num_leaves=9
num_cat=0
split_feature=8 0 28 20 36 27 26 41
split_gain=9.15708 4.17499 3.51018 4.41038 1.99464 1.93706 2.21479 0.73259
threshold=-0.2956563128707152 -0.85195136923262604 1.0000000180025095e-35 -0.79461411852286556 -0.10300341710507339 -0.54258512132496883 -0.020852529392145675 397.00000000000006
decision_type=2 2 2 2 2 2 2 2
left_child=5 -2 3 -3 -4 6 -1 -7
right_child=1 2 4 -5 -6 7 -8 -9
leaf_value=-0.014544517428872229 0.02785613603078143 -0.0059969848676032144 -0.013966936132092262 0.020991974029000774 0.0049064690588189741 -0.0070981831970015809 0.0074992618938444222 -0.024274611007349432
leaf_weight=6.2786093652248383 6.8467406034469596 7.1153099834918985 9.6842909455299395 13.97916904091835 7.4882848858833304 6.3234592378139522 6.9741496443748492 10.033867985010145
leaf_count=20 20 22 30 42 23 20 22 32
internal_value=0 0.00844537 0.00390179 0.0118291 -0.00568264 -0.0125714 -0.00295445 -0.0191245
internal_weight=74.7239 45.1138 38.2671 21.0945 17.1726 29.6101 13.2528 16.3573
internal_count=231 137 117 64 53 94 42 52
is_linear=0
shrinkage=0.03


Tree=15
num_leaves=9
num_cat=0
split_feature=11 35 12 15 17 36 1 15
split_gain=6.27431 2.53726 3.08299 3.04986 3.5342 2.77311 0.82873 0.690866
threshold=1.3133103467045875 1.0255563969687789 -0.63356435474014483 0.94978504355419424 0.44575582875595449 -0.55024874314967431 -0.50128945302604599 -0.5243494137427126
decision_type=2 2 2 2 2 2 2 2
left_child=1 2 -1 4 5 -4 -7 -6
right_child=-2 -3 3 -5 7 6 -8 -9
leaf_value=-0.015869937853411679 0.022335351126726022 -0.018119898327917525 0 -0.011170778429007216 0.0011475559931832253 0.030765546363519622 0.010076614118942751 -0.011608384996648222
leaf_weight=8.5277252495288831 8.1822565197944623 7.8291229903697959 6.9819135665893546 9.2343256771564466 6.184190958738327 5.8253741264343226 6.7619756162166649 5.5745737254619616
leaf_count=31 27 29 25 33 22 20 24 20
internal_value=0 -0.00373901 -0.000857628 0.00260927 0.0071787 0.0146644 0.0223336 -0.00507637
internal_weight=65.1015 56.9192 49.0901 40.5624 31.328 19.5693 12.5873 11.7588
internal_count=231 204 175 144 111 69 44 42
is_linear=0
shrinkage=0.03


Tree=16
num_leaves=8
num_cat=0
split_feature=4 25 26 10 36 10 30
split_gain=2.88965 4.29318 2.81763 2.31603 3.74292 1.45308 0.942859
threshold=-0.24603489178822111 -0.75821665775788893 0.70168761404570346 0.47821588756276795 -0.43843741163852401 0.75163480665826088 0.75465418151098829
decision_type=2 2 2 2 2 2 2
left_child=1 -1 6 -3 -5 -6 -2
right_child=2 3 -4 4 5 -7 -8
leaf_value=-0.0099870917334303044 -0.018003252750823241 0.018116321094286195 0.0049187695554695869 0.015463809337662218 -0.01390463134491959 0.0027979513852389756 -0.0032756418491555173
leaf_weight=12.828581273555754 12.797085046768194 14.407480448484419 10.245650649070738 11.092914611101149 8.1122866868972796 7.4037688076496115 8.0284281373023969
leaf_count=35 35 39 28 30 22 20 22
internal_value=0 0.00417518 -0.00708699 0.00894187 0.00305922 -0.006038 -0.0131959
internal_weight=84.9162 53.845 31.0712 41.0165 26.609 15.5161 20.8255
internal_count=231 146 85 111 72 42 57
is_linear=0
shrinkage=0.03


Tree=17
num_leaves=9
num_cat=0
split_feature=2 0 28 20 4 11 36 10
split_gain=8.71732 3.97772 3.36213 4.20821 3.14433 2.0803 1.93419 0.0271687
threshold=-0.41713285702244396 -0.85195136923262604 1.0000000180025095e-35 -0.79461411852286556 -0.49166807466745072 1.3133103467045875 -0.10300341710507339 0.47821588756276795
decision_type=2 2 2 2 2 2 2 2
left_child=4 -2 3 -3 -1 -6 -4 -5
right_child=1 2 6 7 5 -7 -8 -9
leaf_value=-0.021460962119227361 0.027053416433207224 -0.0059408850546758905 -0.01382330157972466 0.011585508840854493 0.0094844377376203538 -0.011127703014746634 0.0047608756192052118 0.025394946513743844
leaf_weight=14.766568034887316 6.9156721830368033 7.1048980653285989 9.6428590714931506 7.3537192642688751 6.4602524340152732 8.1818099021911603 7.5092908740043631 6.7408437132835388
leaf_count=48 20 22 30 22 20 26 23 20
internal_value=0 0.00819512 0.0037537 0.0114862 -0.0123375 -0.00162543 -0.00563683 0.0203821
internal_weight=74.6759 45.2673 38.3516 21.1995 29.4086 14.6421 17.1521 14.0946
internal_count=231 137 117 64 94 46 53 42
is_linear=0
shrinkage=0.03


Tree=18
num_leaves=9
num_cat=0
split_feature=11 35 12 15 17 1 16 16
split_gain=5.95457 2.46091 2.98499 2.95047 3.38526 2.12345 0.921535 0.688257
threshold=1.3133103467045875 1.0255563969687789 -0.63356435474014483 0.94978504355419424 0.44575582875595449 -0.51189025530086785 1.0000000180025095e-35 0.84267994629946052
decision_type=2 2 2 2 2 2 2 2
left_child=1 2 -1 4 5 -4 -7 -6
right_child=-2 -3 3 -5 7 6 -8 -9
leaf_value=-0.01568733401648648 0.021621407006660435 -0.017919450229220996 0.024668210552676047 -0.011040704853164194 0.0012154216106321763 -0.0034103564338651502 0.01161394495725278 -0.011528113097907371
leaf_weight=8.4463347494602186 8.2836693525314313 7.7319643795490256 8.4238572716712916 9.1842095553874952 6.1703061759471911 5.6275524199008977 5.6444372236728668 5.5540445744991302
leaf_count=31 27 29 29 33 22 20 20 20
internal_value=0 -0.0036709 -0.000841104 0.00255349 0.00703137 0.0143175 0.00412368 -0.00499058
internal_weight=65.0664 56.7827 49.0507 40.6044 31.4202 19.6958 11.272 11.7244
internal_count=231 204 175 144 111 69 40 42
is_linear=0
shrinkage=0.03


Tree=19
num_leaves=10
num_cat=0
split_feature=33 4 29 28 16 11 0 31 35
split_gain=3.48752 3.3628 3.28785 2.83378 2.22976 2.15231 2.5237 1.84156 0.633789
threshold=-1.3378016781522395 -0.24603489178822111 -0.12303401912951875 1.0000000180025095e-35 0.59166889846557869 0.066307946642351581 -0.29225956684470172 -0.3298152434390938 -0.79717766957780656
decision_type=2 2 2 2 2 2 2 2 2
left_child=-1 2 7 -3 -5 6 -4 -2 -7
right_child=1 3 5 4 -6 8 -8 -9 -10
leaf_value=-0.017590666730645577 0.0067094436064194058 -0.019134096963683758 0.013420624443266365 -0.0073560077186691341 0.011843480899715474 0.0090859776171510875 -0.0081092748380615677 -0.011377890977043318 0.025977542358355296
leaf_weight=7.5958099067211142 7.3885675370693233 8.3539645373821276 9.2336346507072431 11.677847594022753 7.7374573349952689 7.4307629764080039 7.3431300222873714 9.899222403764723 8.2192341089248639
leaf_count=21 20 23 25 32 21 20 20 27 22
internal_value=0 0.00202867 0.00670212 -0.00601585 0.000309214 0.0122148 0.00366994 -0.00340976 0.0198033
internal_weight=84.8796 77.2838 49.5146 27.7693 19.4153 32.2268 16.5768 17.2878 15.65
internal_count=231 210 134 76 53 87 45 47 42
is_linear=0
shrinkage=0.03


Tree=20
num_leaves=9
num_cat=0
split_feature=2 0 28 20 4 11 17 35
split_gain=8.33214 3.77065 3.25025 4.01788 3.09197 1.9987 1.89508 0.100762
threshold=-0.41713285702244396 -0.85195136923262604 1.0000000180025095e-35 -0.79461411852286556 -0.49166807466745072 1.3133103467045875 0.44575582875595449 -0.33402393135695269
decision_type=2 2 2 2 2 2 2 2
left_child=4 -2 3 -3 -1 -6 -4 -5
right_child=1 2 6 7 5 -7 -8 -9
leaf_value=-0.021216730540997871 0.026271987093458394 -0.0058244576012421601 -0.013715244973113728 0.011035430795494882 0.0093410186314576305 -0.010881262765573909 0.0046827199821002086 0.02508922283224169
leaf_weight=14.611611336469652 6.9812935888767234 7.0832602083683023 9.6097295284271258 7.4187146127223969 6.4775919020175925 8.1197174787521345 7.5203190743923178 6.7690445482730865
leaf_count=48 20 22 30 22 20 26 23 20
internal_value=0 0.00798979 0.00365303 0.0112377 -0.0121135 -0.00150061 -0.00558952 0.0198808
internal_weight=74.5913 45.3824 38.4011 21.271 29.2089 14.5973 17.13 14.1878
internal_count=231 137 117 64 94 46 53 42
is_linear=0
shrinkage=0.03


Tree=21
num_leaves=8
num_cat=0
split_feature=8 27 27 23 36 36 24
split_gain=5.57734 3.04996 2.47479 2.11085 1.16062 1.83215 1.14904
threshold=-0.58181814496832429 -0.54258512132496883 -0.94407530491072655 0.72309971827458674 -0.10300341710507339 -0.55024874314967431 -0.83653936882813906
decision_type=2 2 2 2 2 2 2
left_child=1 -1 -2 4 5 6 -4
right_child=2 -3 3 -5 -6 -7 -8
leaf_value=0 0.0086784728984112755 0.024941493574838092 0 0.0052722294589581022 -0.018598821090833322 0.006559901663673832 -0.016849863214277849
leaf_weight=7.6602184176445034 7.9171033203601828 8.8132941424846631 5.7653326988220188 7.0490047484636298 12.228447198867796 5.8526658117771175 9.7406844645738602
leaf_count=26 28 29 21 25 45 21 36
internal_value=0 0.0142909 -0.00519128 -0.00824865 -0.0113614 -0.00600672 -0.011263
internal_weight=65.0268 16.4735 48.5532 40.6361 33.5871 21.3587 15.506
internal_count=231 55 176 148 123 78 57
is_linear=0
shrinkage=0.03


Tree=22
num_leaves=10
num_cat=0
split_feature=33 4 26 29 11 32 31 33 35
split_gain=3.36145 3.2033 3.80413 3.14699 2.05774 2.49597 1.78751 1.11093 0.618209
threshold=-1.3378016781522395 -0.24603489178822111 0.70168761404570346 -0.12303401912951875 0.066307946642351581 -0.17981919871127208 -0.3298152434390938 0.73486597109066298 -0.79717766957780656
decision_type=2 2 2 2 2 2 2 2 2
left_child=-1 3 7 6 5 -5 -2 -3 -6
right_child=1 2 -4 4 8 -7 -8 -9 -10
leaf_value=-0.01730138492524504 0.0066120536338466675 -0.017526085150037923 0.010773035317761236 0.013275903184656698 0.0088232394271738363 -0.0081319184593306691 -0.01120887662949244 -0.0019141060333605112 0.025430434200988564
leaf_weight=7.5650818943977347 7.3916794955730465 12.724649488925939 7.3492965400218955 9.2390634119510633 7.4385964572429648 7.3434657752513912 9.8818171322345716 7.6457941234111777 8.2293969392776471
leaf_count=21 20 35 20 25 20 20 27 21 22
internal_value=0 0.00198983 -0.00586845 0.0065491 0.011939 0.00357563 -0.00334435 -0.0124738 0.0193552
internal_weight=84.8088 77.2438 27.7197 49.524 32.2505 16.5825 17.2735 20.3704 15.668
internal_count=231 210 76 134 87 45 47 56 42
is_linear=0
shrinkage=0.03


Tree=23
num_leaves=9
num_cat=0
split_feature=0 17 30 25 36 27 28 41
split_gain=7.62495 5.15031 3.12453 2.2129 1.84673 1.2331 1.13112 0.866549
threshold=-0.084966306701026076 0.44575582875595449 -0.88813415272424023 1.0000000180025095e-35 -0.43843741163852401 0.17117520504971118 -0.22532317556635265 488.50000000000006
decision_type=2 2 2 2 2 2 2 2
left_child=1 3 -2 6 -5 -3 -1 -4
right_child=2 5 7 4 -6 -7 -8 -9
leaf_value=0 0.0024017592286505354 0.0067886446550848648 -0.0065692262060565486 0.014683005608940116 -0.0044792341362020725 0.024565327244609775 -0.016503103508901121 -0.024243333535787046
leaf_weight=7.1861043870449066 7.4779965281486538 8.5725378096103686 6.220706760883334 8.6931087970733625 6.5046992599964133 11.172509104013441 7.1079490482807177 11.553702980279921
leaf_count=22 24 26 20 26 20 33 22 38
internal_value=0 0.00687382 -0.0129193 -0.000997908 0.00645657 0.018154 -0.00916406 -0.0193616
internal_weight=74.4893 49.2369 25.2524 29.4919 15.1978 19.745 14.2941 17.7744
internal_count=231 149 82 90 46 59 44 58
is_linear=0
shrinkage=0.03


Tree=24
num_leaves=9
num_cat=0
split_feature=11 30 23 24 3 34 4 33
split_gain=5.3117 2.44478 1.97212 2.47309 2.60716 1.52931 1.46306 0.729061
threshold=1.3133103467045875 1.2601275151218281 1.0407593726418058 0.26252055134185115 -0.10099599338868549 -0.42241478779190311 -0.24603489178822111 0.27427316014779546
decision_type=2 2 2 2 2 2 2 2
left_child=1 2 3 4 5 6 -1 -5
right_child=-2 -3 -4 7 -6 -7 -8 -9
leaf_value=-0.0049103193267035451 0.020167233221246247 -0.01965701041267745 0.013048888267759568 -0.0034665373101571942 0.015431996579124389 -0.012924766054706103 0.011615453609991996 -0.020418082242347566
leaf_weight=10.409401804208752 8.4890759289264661 5.9165189117193213 6.0788442790508261 5.6375754177570325 7.0240006744861665 8.5367979705333692 6.4429895281791696 6.4327045977115631
leaf_count=38 27 23 21 20 24 31 23 24
internal_value=0 -0.00351857 -0.00100296 -0.0034167 0.000872862 -0.00356801 0.00151383 -0.0142011
internal_weight=64.9679 56.4788 50.5623 44.4835 32.4132 25.3892 16.8524 12.0703
internal_count=231 204 181 160 116 92 61 44
is_linear=0
shrinkage=0.03


Tree=25
num_leaves=9
num_cat=0
split_feature=33 8 29 24 13 9 26 28
split_gain=3.24827 2.41328 2.46664 1.98847 1.50388 2.40245 2.71653 1.01735
threshold=-1.3378016781522395 -0.32432828361927452 -0.12303401912951875 0.7150746361177297 -0.033562793026694328 0.20274882517501944 -0.74339267282999433 -0.43171341814044101
decision_type=2 2 2 2 2 2 2 2
left_child=-1 2 -2 4 -3 -6 -7 -4
right_child=1 3 7 -5 5 6 -8 -9
leaf_value=-0.017033584997749394 -0.003393918794255114 -0.0090049395490278683 0.0050177798888487186 -0.013810077949098002 0.015229632529095998 -0.011196892087197978 0.008569547910756049 0.020868529880187434
leaf_weight=7.5347594320774069 8.816636651754381 8.8075553476810402 8.9116237461566943 8.715616434812544 9.9845712482929283 11.291450440883635 10.60691097378731 10.068853855133055
leaf_count=21 24 24 24 24 27 31 29 27
internal_value=0 0.00195912 0.00882866 -0.00193425 0.000867806 0.00405693 -0.0014306 0.0146319
internal_weight=84.738 77.2032 27.7971 49.4061 40.6905 31.8829 21.8984 18.9805
internal_count=231 210 75 135 111 87 60 51
is_linear=0
shrinkage=0.03


Tree=26
num_leaves=9
num_cat=0
split_feature=2 0 28 20 4 11 36 10
split_gain=7.567 3.46847 3.13978 3.78988 3.04823 1.93623 1.86927 0.0887278
threshold=-0.41713285702244396 -0.85195136923262604 1.0000000180025095e-35 -0.79461411852286556 -0.49166807466745072 1.3133103467045875 -0.10300341710507339 0.47821588756276795
decision_type=2 2 2 2 2 2 2 2
left_child=4 -2 3 -3 -1 -6 -4 -5
right_child=1 2 6 7 5 -7 -8 -9
leaf_value=-0.020798905254647657 0.024959017332877139 -0.0057629002841019213 -0.013755797987234378 0.010630215004150231 0.0094929941574822957 -0.010488550241450128 0.0045037353848417696 0.024153103701682353
leaf_weight=14.328175216913225 7.0864567458629599 7.070212960243226 9.6157779991626757 7.463894248008728 6.4536533653736106 8.0157178044319135 7.5409255027770987 6.8528392910957336
leaf_count=48 20 22 30 22 20 26 23 20
internal_value=0 0.00754861 0.00338274 0.0108204 -0.011668 -0.00114608 -0.00569171 0.0191591
internal_weight=74.4277 45.6301 38.5437 21.3869 28.7975 14.4694 17.1567 14.3167
internal_count=231 137 117 64 94 46 53 42
is_linear=0
shrinkage=0.03


Tree=27
num_leaves=8
num_cat=0
split_feature=25 1 12 1 1 29 31
split_gain=5.10645 3.18529 2.09572 2.3206 1.40455 2.6879 1.23883
threshold=-1.1237430186804751 0.81851043018926994 -0.63356435474014483 -0.58609587122462059 -0.27337220411737723 1.0000000180025095e-35 -0.3298152434390938
decision_type=2 2 2 2 2 2 2
left_child=-1 2 -2 -4 6 -6 -5
right_child=1 -3 3 4 5 -7 -8
leaf_value=0.018564973694847262 -0.014026680877578614 -0.020611615177450318 0.01284745779699515 -0.016696171758921047 -0.0069942416930112352 0.017723274279142293 -0.00034049493438544488
leaf_weight=9.602359935641287 7.2191399633884421 7.0232128798961631 11.330559283494944 6.4581140279769889 6.8303039073944181 5.9091322720050812 10.542275160551069
leaf_count=32 27 27 39 24 24 20 38
internal_value=0 -0.00367978 -0.000549934 0.00208877 -0.00223818 0.00470875 -0.00772797
internal_weight=64.9151 55.3127 48.2895 41.0704 29.7398 12.7394 17.0004
internal_count=231 199 172 145 106 44 62
is_linear=0
shrinkage=0.03


Tree=28
num_leaves=8
num_cat=0
split_feature=4 25 26 10 36 10 11
split_gain=2.39601 3.85081 2.6593 2.26551 3.53003 1.34054 0.981526
threshold=-0.24603489178822111 -0.75821665775788893 0.70168761404570346 0.47821588756276795 -0.43843741163852401 0.75163480665826088 -0.69242607204456386
decision_type=2 2 2 2 2 2 2
left_child=1 -1 6 -3 -5 -6 -2
right_child=2 3 -4 4 5 -7 -8
leaf_value=-0.0096543813974397652 -0.0058652851159388467 0.017334463784142381 0.0051514802269373838 0.014568948965571087 -0.013852598233497767 0.002204279416766178 -0.020861542574465396
leaf_weight=12.748640209436415 13.377103835344316 14.454211741685866 10.20815336704254 11.123839169740675 8.0835408866405505 7.4011738002300254 7.2661151289939907
leaf_count=35 37 39 28 30 22 20 20
internal_value=0 0.00379263 -0.00648562 0.00830156 0.00251809 -0.0063078 -0.0124703
internal_weight=84.6628 53.8114 30.8514 41.0628 26.6086 15.4847 20.6432
internal_count=231 146 85 111 72 42 57
is_linear=0
shrinkage=0.03


Tree=29
num_leaves=9
num_cat=0
split_feature=8 0 12 4 4 11 21 24
split_gain=7.20802 3.30253 3.08107 3.39148 3.00893 1.87514 1.22792 0.712868
threshold=-0.2956563128707152 -0.85195136923262604 0.12242977752529803 -0.43708292291651091 -0.49166807466745072 1.3133103467045875 1.0000000180025095e-35 -0.4486358675916719
decision_type=2 2 2 2 2 2 2 2
left_child=4 -2 3 -3 -1 -6 -4 -5
right_child=1 2 6 7 5 -7 -8 -9
leaf_value=-0.02056822729449136 0.024281536243088576 0.020718986326823438 0.00082686091054218539 0.005510611403927371 0.0094389330632378785 -0.010255399003988848 -0.015699152111981411 -0.0065786076649284172
leaf_weight=14.16854912042618 7.1378000378608695 11.029316067695616 6.5961155891418439 7.244870871305463 6.4587185084819776 7.9540345966815948 6.5180065333843231 7.2021766602993056
leaf_count=48 20 33 20 22 20 26 20 22
internal_value=0 0.00734927 0.00327645 0.00928725 -0.0114392 -0.000994993 -0.00774467 -0.000191799
internal_weight=74.3096 45.7283 38.5905 25.4764 28.5813 14.4128 13.1141 14.447
internal_count=231 137 117 77 94 46 40 44
is_linear=0
shrinkage=0.03


Tree=30
num_leaves=9
num_cat=0
split_feature=11 30 12 10 24 2 24 21
split_gain=4.88243 2.31583 2.67917 2.34507 4.15539 1.79724 2.10069 0.411872
threshold=1.3133103467045875 1.2601275151218281 -0.63356435474014483 0.55388282292157343 0.26252055134185115 -0.23414391627116085 -0.4486358675916719 -1.0000000180025095e-35
decision_type=2 2 2 2 2 2 2 2
left_child=1 2 -1 5 -5 7 -7 -4
right_child=-2 -3 3 4 -6 6 -8 -9
leaf_value=-0.015263181472420681 0.019157004231436389 -0.019323868750293165 -0.0028040120082649072 0.021184396181091282 -0.0079034260978074044 -0.0060129653244490652 0.01467300201280901 -0.016315576077933502
leaf_weight=8.2489418983459455 8.6300261020660383 5.7572938352823249 5.5003535151481628 10.310848236083983 5.6800139248371115 8.0415154993534017 6.5401723831892129 6.164169758558268
leaf_count=31 27 23 20 35 20 29 23 23
internal_value=0 -0.00342297 -0.000989009 0.00208942 0.0107175 -0.00324634 0.00339521 -0.0114455
internal_weight=64.8733 56.2433 50.486 42.2371 15.9909 26.2462 14.5817 11.6645
internal_count=231 204 181 150 55 95 52 43
is_linear=0
shrinkage=0.03


Tree=31
num_leaves=8
num_cat=0
split_feature=4 25 26 10 36 10 11
split_gain=2.30176 3.67581 2.5792 2.16092 3.40004 1.28705 0.963394
threshold=-0.24603489178822111 -0.75821665775788893 0.70168761404570346 0.47821588756276795 -0.43843741163852401 0.75163480665826088 -0.69242607204456386
decision_type=2 2 2 2 2 2 2
left_child=1 -1 6 -3 -5 -6 -2
right_child=2 3 -4 4 5 -7 -8
leaf_value=-0.0094320368109043658 -0.0057293452483036418 0.016934305444064428 0.0050866542453189001 0.014281241975857947 -0.013610777382489685 0.0021217568752883689 -0.020587714872883772
leaf_weight=12.719502091407774 13.354484975337984 14.480335116386412 10.212417453527449 11.135307312011717 8.0630331039428729 7.4010395705699912 7.2396457195282009
leaf_count=35 37 39 28 30 22 20 20
internal_value=0 0.00371923 -0.00635966 0.00812099 0.00246174 -0.00620573 -0.0122673
internal_weight=84.6058 53.7992 30.8065 41.0797 26.5994 15.4641 20.5941
internal_count=231 146 85 111 72 42 57
is_linear=0
shrinkage=0.03


Tree=32
num_leaves=8
num_cat=0
split_feature=2 0 28 22 4 11 36
split_gain=6.90457 3.12479 3.006 3.27962 2.93923 1.80955 1.80053
threshold=-0.41713285702244396 -0.85195136923262604 1.0000000180025095e-35 -0.27161456274539125 -0.49166807466745072 1.3133103467045875 -0.10300341710507339
decision_type=2 2 2 2 2 2 2
left_child=4 -2 3 -3 -1 -6 -4
right_child=1 2 6 -5 5 -7 -8
leaf_value=-0.020332310735257621 0.023594667579381477 -0.00034000052638782289 -0.01362163334304449 0.021789262842003016 0.009277448629436167 -0.010078988698864007 0.0042938848974234034
leaf_weight=14.005659341812136 7.1876261830329886 11.469745337963104 9.5757670402526873 10.010996371507645 6.4778090715408307 7.9082935154438019 7.5690113604068747
leaf_count=48 20 35 30 29 20 26 23
internal_value=0 0.00717474 0.00320189 0.0104612 -0.0112432 -0.000932411 -0.00568142
internal_weight=74.2049 45.8131 38.6255 21.4807 28.3918 14.3861 17.1448
internal_count=231 137 117 64 94 46 53
is_linear=0
shrinkage=0.03


Tree=33
num_leaves=8
num_cat=0
split_feature=25 10 12 20 9 38 5
split_gain=4.73232 3.30527 1.99877 2.09251 1.7459 1.50374 1.62843
threshold=-1.1237430186804751 -1.150689713034114 -0.63356435474014483 -0.79461411852286556 -0.58686717641544106 1.0000000180025095e-35 -0.35521542928218314
decision_type=2 2 2 2 2 2 2
left_child=-1 -2 -3 -4 -5 6 -6
right_child=1 2 3 4 5 -7 -8
leaf_value=0.017713588981323306 -0.020655830171699006 -0.013664578197782161 0.014054609611514097 0.01095524252081404 -0.0091266192920678568 -0.01289617734337091 0.0090064287420781874
leaf_weight=9.7395923435688001 7.1726352274417868 7.0807827264070502 8.7549140155315381 6.3413214385509411 6.3227349966764388 10.719338342547415 8.6891455352306508
leaf_count=32 28 27 30 21 23 39 31
internal_value=0 -0.00359788 -0.000373024 0.00219296 -0.00134951 -0.0050387 0.000870445
internal_weight=64.8205 55.0809 47.9082 40.8275 32.0725 25.7312 15.0119
internal_count=231 199 171 144 114 93 54
is_linear=0
shrinkage=0.03


Tree=34
num_leaves=10
num_cat=0
split_feature=33 5 20 26 24 30 26 1 10
split_gain=3.07088 2.23086 2.66425 3.27005 1.75684 1.6345 1.61716 3.35834 3.06656
threshold=-1.3378016781522395 -0.35521542928218314 -0.79461411852286556 -0.26169924387142868 0.7150746361177297 0.059628347796083787 -0.74339267282999433 -0.11436016999505007 -1.0000000180025095e-35
decision_type=2 2 2 2 2 2 2 2 2
left_child=-1 2 -2 -4 6 -5 7 -3 -8
right_child=1 4 3 5 -6 -7 8 -9 -10
leaf_value=-0.016613555258416259 -0.0058587650076115487 0.006377581997573753 -0.0025634910890209289 0.027234620290064824 -0.014299444422481994 0.0064671432622414324 0.018312822489616111 -0.019805322067708596 -0.0034312299271044094
leaf_weight=7.4799230694770804 8.4654194116592389 7.3954432308673859 8.1428916454315203 9.3096132576465624 7.5833869874477378 8.1012643575668317 8.3891332745552045 7.1650241911411232 12.496970027685171
leaf_count=21 23 20 22 25 21 22 23 20 34
internal_value=0 0.00190563 0.00752787 0.0122633 -0.00250839 0.0191683 0.000329907 -0.00677951 0.00567634
internal_weight=84.5291 77.0491 34.0192 25.5538 43.03 17.4109 35.4466 14.5605 20.8861
internal_count=231 210 92 69 118 47 97 40 57
is_linear=0
shrinkage=0.03


Tree=35
num_leaves=9
num_cat=0
split_feature=2 0 12 4 4 32 21 24
split_gain=6.6235 2.96552 2.91325 3.23362 2.87965 1.42486 1.17667 0.685884
threshold=-0.41713285702244396 -0.85195136923262604 0.12242977752529803 -0.43708292291651091 -0.49166807466745072 0.96719320490263716 -1.0000000180025095e-35 -0.4486358675916719
decision_type=2 2 2 2 2 2 2 2
left_child=4 -2 3 -3 -1 -6 -4 -5
right_child=1 2 6 7 5 -7 -8 -9
leaf_value=-0.020113180216671349 0.022968779505566552 0.020066493604728574 0.00075626350694266533 0.0052842985833078653 0.0066847731291436235 -0.010509447798392036 -0.015436223160160342 -0.0065576706228937468
leaf_weight=13.850316107273104 7.2308749556541434 11.120824754238127 6.5979555249214172 7.2689302861690495 7.9656985104083997 6.3866662085056305 6.463167876005171 7.1923146545887038
leaf_count=48 20 33 20 22 25 21 20 22
internal_value=0 0.00701507 0.00313366 0.00895766 -0.0110546 -0.00085845 -0.0076091 -0.000292188
internal_weight=74.0767 45.8741 38.6432 25.5821 28.2027 14.3524 13.0611 14.4612
internal_count=231 137 117 77 94 46 40 44
is_linear=0
shrinkage=0.03


Tree=36
num_leaves=8
num_cat=0
split_feature=25 10 12 1 10 29 31
split_gain=4.52325 3.2114 1.93611 2.02701 1.61054 1.6898 1.26758
threshold=-1.1237430186804751 -1.150689713034114 -0.63356435474014483 -0.58609587122462059 0.12639243107444573 -0.12303401912951875 -0.3298152434390938
decision_type=2 2 2 2 2 2 2
left_child=-1 -2 -3 -4 5 -5 -6
right_child=1 2 3 4 6 -7 -8
leaf_value=0.017242241894121706 -0.020472909221786878 -0.013508097331085763 0.012096957081959505 -0.0046267392367429242 -0.016710828746969567 0.015217495883147417 -0.0002623666361859978
leaf_weight=9.8175540566444379 7.0645448267459861 7.0203139036893836 11.489834576845164 5.952021062374115 6.6029196828603736 6.299066394567495 10.50910444557667
leaf_count=32 28 27 39 21 25 21 38
internal_value=0 -0.00353753 -0.000370835 0.00214351 -0.00195553 0.00568709 -0.00776688
internal_weight=64.7554 54.9378 47.8733 40.8529 29.3631 12.2511 17.112
internal_count=231 199 171 144 105 42 63
is_linear=0
shrinkage=0.03


Tree=37
num_leaves=9
num_cat=0
split_feature=33 4 26 29 37 33 37 1
split_gain=2.95251 2.63626 3.46146 2.88482 1.98928 1.10828 1.06587 0.484851
threshold=-1.3378016781522395 -0.24603489178822111 0.70168761404570346 -0.12303401912951875 1.0000000180025095e-35 0.73486597109066298 1.0000000180025095e-35 -0.4800878484764024
decision_type=2 2 2 2 2 2 2 2
left_child=-1 3 5 6 7 -3 -2 -5
right_child=1 2 -4 4 -6 -7 -8 -9
leaf_value=-0.016327295284541129 -0.0099504231163935006 -0.016703623572309492 0.010526566482587842 0.0096382971717245119 0.0010350726279608528 -0.0012510563380778992 0.0036632731478963183 0.023172613883136031
leaf_weight=7.4427402615547171 9.1552416384220141 12.58185544610024 7.3511693477630606 11.510989248752592 12.527950614690779 7.5735885202884665 8.0951062142848951 8.2018379271030444
leaf_count=21 25 35 20 31 34 21 22 22
internal_value=0 0.0018659 -0.00528835 0.00599842 0.0111657 -0.0116631 -0.00345992 0.0167927
internal_weight=84.4405 76.9977 27.5066 49.4911 32.2408 20.1554 17.2503 19.7128
internal_count=231 210 76 134 87 56 47 53
is_linear=0
shrinkage=0.03


Tree=38
num_leaves=9
num_cat=0
split_feature=2 6 28 20 4 36 11 35
split_gain=6.32133 2.82699 2.88354 3.47725 2.82509 1.73321 1.71617 0.0951038
threshold=-0.41713285702244396 -1.2854150212306268 1.0000000180025095e-35 -0.79461411852286556 -0.49166807466745072 -0.10300341710507339 1.3133103467045875 -0.33402393135695269
decision_type=2 2 2 2 2 2 2 2
left_child=4 -2 3 -3 -1 -4 -6 -5
right_child=1 2 5 7 6 -7 -8 -9
leaf_value=-0.019888674408910137 0.022371559024534277 -0.0057466408746524433 -0.013485673031469992 0.0099174083381662875 0.0091203997086548982 0.0040889432212531654 -0.0097641460070690949 0.022829499129600989
leaf_weight=13.687202125787737 7.2689487636089316 7.0595969557762155 9.5325051248073596 7.534920334815979 6.4950331747531873 7.5947583615779868 7.8224050104618073 6.9634720087051392
leaf_count=48 20 22 30 22 20 23 26 20
internal_value=0 0.00683213 0.00303689 0.0101323 -0.0108512 -0.00566872 -0.000765448 0.0180531
internal_weight=73.9588 45.9542 38.6853 21.558 28.0046 17.1273 14.3174 14.4984
internal_count=231 137 117 64 94 53 46 42
is_linear=0
shrinkage=0.03


Tree=39
num_leaves=9
num_cat=0
split_feature=11 30 12 36 32 15 36 30
split_gain=4.34525 2.14619 2.48127 2.21315 3.7752 3.07387 2.38177 1.7443
threshold=1.3133103467045875 1.2601275151218281 -0.63356435474014483 -0.55024874314967431 0.73779072417985503 0.94978504355419424 -1.1492380191022651 -0.2562924857106908
decision_type=2 2 2 2 2 2 2 2
left_child=1 2 -1 6 5 7 -4 -5
right_child=-2 -3 3 4 -6 -7 -8 -9
leaf_value=-0.014871445264507102 0.017852512335029967 -0.018879239110993637 0.0063064595346851758 0.027868051576280219 -0.012039108944387731 -0.0043272061126591928 -0.015998668445445424 0.0059535125356738388
leaf_weight=8.0650796294212324 8.8073322474956495 5.5357449352741233 5.8851010948419562 8.2997033894062042 5.7921042442321768 5.902613401412963 8.6971915811300224 7.7166763395071145
leaf_count=31 27 23 21 28 21 21 32 27
internal_value=0 -0.00330167 -0.000977025 0.00195417 0.00692022 0.0126366 -0.00687512 0.0190662
internal_weight=64.7015 55.8942 50.3585 42.2934 27.7111 21.919 14.5823 16.0164
internal_count=231 204 181 150 97 76 53 55
is_linear=0
shrinkage=0.03


Tree=40
num_leaves=9
num_cat=0
split_feature=33 4 26 29 37 36 31 33
split_gain=2.8524 2.52088 3.36025 2.76829 1.89697 1.67467 1.65938 1.07582
threshold=-1.3378016781522395 -0.24603489178822111 0.70168761404570346 -0.12303401912951875 1.0000000180025095e-35 -0.24276758149401098 -0.3298152434390938 0.73486597109066298
decision_type=2 2 2 2 2 2 2 2
left_child=-1 3 7 6 5 -5 -2 -3
right_child=1 2 -4 4 -6 -7 -8 -9
leaf_value=-0.016074264087107461 0.0061888731154948074 -0.016441057501709832 0.0104002639648214 0.0047088713275449112 0.001026898867953789 0.023854194358757307 -0.010982928263120971 -0.001197933457652839
leaf_weight=7.4081454575061789 7.3977518081665066 12.532976984977727 7.3557661175727835 8.9119429588317853 12.520841121673582 10.815892457962038 9.8366311192512494 7.5645255446434012
leaf_count=21 20 35 20 24 34 29 27 21
internal_value=0 0.00183966 -0.00516257 0.00587979 0.01094 0.0164319 -0.00338641 -0.0114632
internal_weight=84.3445 76.9363 27.4533 49.4831 32.2487 19.7278 17.2344 20.0975
internal_count=231 210 76 134 87 53 47 56
is_linear=0
shrinkage=0.03


Tree=41
num_leaves=8
num_cat=0
split_feature=2 4 17 10 36 21 32
split_gain=6.05403 2.76174 2.74839 2.70989 3.36191 1.84215 1.34883
threshold=-0.41713285702244396 -0.49166807466745072 0.44575582875595449 0.47821588756276795 -0.43843741163852401 -0.3694415172497974 0.96719320490263716
decision_type=2 2 2 2 2 2 2
left_child=1 -1 3 4 -2 -4 -3
right_child=2 6 5 -5 -6 -7 -8
leaf_value=-0.019666675379220948 0.005447573198003609 0.0065884253679326932 0.02359878605052726 0.012594110514137604 -0.018446786518493765 0.0037682868920336683 -0.010185491298792246
leaf_weight=13.524495661258699 9.4495303928852099 7.9782910048961622 9.4383887350559252 9.1196938157081586 8.6578028202056903 9.3338249921798688 6.3108888268470764
leaf_count=48 28 25 27 27 27 28 21
internal_value=0 -0.0106637 0.00667322 0.00020939 -0.00620841 0.0150431 -0.000703692
internal_weight=73.8129 27.8137 45.9992 27.227 18.1073 18.7722 14.2892
internal_count=231 94 137 82 55 55 46
is_linear=0
shrinkage=0.03


Tree=42
num_leaves=10
num_cat=0
split_feature=23 24 9 14 9 11 23 32 33
split_gain=4.24813 3.46785 5.66593 1.62429 1.6414 1.19755 0.476642 0.395551 0.0821907
threshold=1.0407593726418058 0.26252055134185115 -0.45192165487363817 -0.53815117254829281 0.080865259470510362 -1.0000000180025095e-35 1.3584190270090251 -0.86802664087961767 0.27427316014779546
decision_type=2 2 2 2 2 2 2 2 2
left_child=1 2 -1 7 5 -5 -2 -4 -3
right_child=6 8 3 4 -6 -7 -8 -9 -10
leaf_value=0.020702459034859816 0.020530875709867877 -0.00854068804226258 -0.019308828870678484 -0.014928832152028415 0.010975313594457458 0.0023227815460735639 0.0055550185731669402 -0.0050105176394809429 -0.020228951722923442
leaf_weight=8.3618049919605202 6.0228948444128019 7.5683845132589322 5.2563644349575043 5.4075270891189549 6.6048508435487738 5.8626222014427336 6.5588418692350388 6.3179954439401573 6.6643902808427811
leaf_count=27 20 27 20 21 24 21 21 24 26
internal_value=0 -0.0039433 0.000800476 -0.00538609 0.000151418 -0.00626614 0.0145734 -0.0134331 -0.0158019
internal_weight=64.6257 52.0439 37.8112 29.4494 17.875 11.2701 12.5817 11.5744 14.2328
internal_count=231 190 137 110 66 42 41 44 53
is_linear=0
shrinkage=0.03


Tree=43
num_leaves=9
num_cat=0
split_feature=33 11 29 24 25 35 1 29
split_gain=2.74076 1.95175 2.70555 1.84091 1.82534 1.70616 1.4128 0.869037
threshold=-1.3378016781522395 0.066307946642351581 -0.12303401912951875 0.7150746361177297 1.0000000180025095e-35 -0.85693944225146501 -0.19916658819362418 1.0000000180025095e-35
decision_type=2 2 2 2 2 2 2 2
left_child=-1 3 -3 4 7 -4 -6 -2
right_child=1 2 5 -5 6 -7 -8 -9
leaf_value=-0.015789618298192601 0.01501144262153253 -0.0046003349505505239 0.0012875209049738486 -0.013235371384915899 0.002111467668086806 0.02042856850365124 -0.01140799240738748 0.0002377751633188242
leaf_weight=7.3677253127098075 7.7133008539676648 9.1614285409450549 7.437625020742419 8.6316820979118329 13.976389318704603 11.885574340820311 10.711058139801027 7.3451738059520721
leaf_count=21 21 25 20 24 38 32 30 20
internal_value=0 0.00180693 0.00786768 -0.00177062 0.000964516 0.0139727 -0.00384252 0.00884188
internal_weight=84.23 76.8622 28.4846 48.3776 39.7459 19.3232 24.6874 15.0585
internal_count=231 210 77 133 109 52 68 41
is_linear=0
shrinkage=0.03


Tree=44
num_leaves=8
num_cat=0
split_feature=2 4 17 35 41 21 11
split_gain=5.7802 2.71192 2.61211 2.85905 2.3132 1.73898 1.65646
threshold=-0.41713285702244396 -0.49166807466745072 0.44575582875595449 0.084308477358656903 488.50000000000006 -0.3694415172497974 1.3133103467045875
decision_type=2 2 2 2 2 2 2
left_child=1 -1 3 4 -2 -4 -3
right_child=2 6 5 -5 -6 -7 -8
leaf_value=-0.019455166927209607 -0.0028512836502725407 0.0090640681821043314 0.022917725795603978 -0.0095612937706591513 0.018893852439147971 0.0036596175972594576 -0.009525189413729894
leaf_weight=13.366086274385454 6.9590716063976306 6.49822089076042 9.5044974088668841 12.483530849218367 7.7691659331321716 9.3503695428371412 7.7540949881076813
leaf_count=48 21 20 27 38 23 28 26
internal_value=0 -0.0104701 0.0065007 0.000184955 0.00893572 0.0146356 -0.000612646
internal_weight=73.685 27.6184 46.0666 27.2118 14.7282 18.8549 14.2523
internal_count=231 94 137 82 44 55 46
is_linear=0
shrinkage=0.03


Tree=45
num_leaves=8
num_cat=0
split_feature=25 10 12 20 32 15 36
split_gain=4.12113 3.06902 1.78285 1.89129 2.00807 1.28661 1.71411
threshold=-1.1237430186804751 -1.150689713034114 -0.63356435474014483 -0.79461411852286556 -0.86802664087961767 0.45840689112189187 0.12061924591722738
decision_type=2 2 2 2 2 2 2
left_child=-1 -2 -3 -4 -5 6 -6
right_child=1 2 3 4 5 -7 -8
leaf_value=0.016305317431095069 -0.020204074415163278 -0.013107576022007109 0.013218366367395632 -0.014035006688844326 0.016039223137767109 -0.0048850741923786986 -0.0026853880331084608
leaf_weight=9.9540779292583448 6.8770129531621924 6.8627658188343039 8.8862530589103645 7.073635756969451 8.4005135744810193 10.092096045613287 6.4079561680555335
leaf_count=32 28 27 30 26 30 36 22
internal_value=-3.21517e-06 -0.00343982 -0.000360093 0.00202761 -0.00135623 0.00261102 0.00806701
internal_weight=64.5543 54.6002 47.7232 40.8605 31.9742 24.9006 14.8085
internal_count=231 199 171 144 114 88 52
is_linear=0
shrinkage=0.03


Tree=46
num_leaves=9
num_cat=0
split_feature=33 4 29 31 37 31 36 5
split_gain=2.65571 2.34549 2.58418 2.09081 1.79149 1.59777 1.56897 0.847618
threshold=-1.3378016781522395 -0.24603489178822111 -0.12303401912951875 0.43636010429028138 1.0000000180025095e-35 -0.3298152434390938 -0.24276758149401098 1.1775634778943591
decision_type=2 2 2 2 2 2 2 2
left_child=-1 2 5 7 6 -2 -4 -3
right_child=1 3 4 -5 -6 -7 -8 -9
leaf_value=-0.015569395794056433 0.0061063358017380042 -0.015639300790641155 0.0045321563475516002 0.0073015840656690282 0.00092489423194491672 -0.010750874007974264 0.023093566277280632 -0.0023941863752725834
leaf_weight=7.3353635072708121 7.395999729633334 10.049532562494283 8.9070798158645612 7.3160194158554068 12.502087026834486 9.8055647015571576 10.813796043395998 10.006807357072828
leaf_count=21 20 28 24 20 34 27 29 28
internal_value=0 0.00178115 0.00568024 -0.00498072 0.010571 -0.00327367 0.0159058 -0.00993564
internal_weight=84.1323 76.7969 49.4245 27.3724 32.223 17.2016 19.7209 20.0563
internal_count=231 210 134 76 87 47 53 56
is_linear=0
shrinkage=0.03


Tree=47
num_leaves=9
num_cat=0
split_feature=2 4 0 28 20 36 11 37
split_gain=5.49378 2.6694 2.54999 2.72543 3.27228 1.6904 1.61287 0.0783528
threshold=-0.41713285702244396 -0.49166807466745072 -0.85195136923262604 1.0000000180025095e-35 -0.79461411852286556 -0.10300341710507339 1.3133103467045875 1.0000000180025095e-35
decision_type=2 2 2 2 2 2 2 2
left_child=1 -1 -2 4 -4 -5 -3 -6
right_child=2 6 3 5 7 -7 -8 -9
leaf_value=-0.019240906464891339 0.020995753097425383 0.0090282472142468387 -0.0057904875023926062 -0.013475275117295299 0.021310057397656384 0.0038784280893647003 -0.0093421901436676318 0.0090076121291173417
leaf_weight=13.201165705919268 7.3461244702339163 6.5001426041126233 7.0600762963294992 9.5173916816711444 7.6995944976806641 7.6086580753326407 7.7045015394687653 6.9227639436721802
leaf_count=48 20 20 22 30 22 23 26 20
internal_value=0 -0.0102618 0.00631506 0.00270937 0.00959114 -0.0057519 -0.000494308 0.0172377
internal_weight=73.5604 27.4058 46.1546 38.8085 21.6824 17.126 14.2046 14.6224
internal_count=231 94 137 117 64 53 46 42
is_linear=0
shrinkage=0.03


Tree=48
num_leaves=10
num_cat=0
split_feature=23 24 9 14 6 14 15 23 33
split_gain=3.96877 3.38757 5.33945 1.59249 1.55472 1.16017 0.825843 0.492927 0.0753127
threshold=1.0407593726418058 0.26252055134185115 -0.45192165487363817 -0.53815117254829281 -0.23416930255612409 -1.0000000180025095e-35 -0.5243494137427126 1.3584190270090251 0.27427316014779546
decision_type=2 2 2 2 2 2 2 2 2
left_child=1 2 -1 6 -5 -6 -4 -2 -3
right_child=7 8 3 4 5 -7 -8 -9 -10
leaf_value=0.020029839621628125 0.019920878070526667 -0.0084576146103520471 -0.0023315597160364836 0.01072750111652401 -0.014666379768670643 0.0023630855425930595 -0.019943376081437356 0.0051180534280381431 -0.020044324329014651
leaf_weight=8.4453708231449074 6.083806246519087 7.5347987711429578 5.4622593820095062 6.6403766721487036 5.3186403214931461 5.849911004304901 5.9911953508853859 6.6097724139690399 6.5575524866580963
leaf_count=27 20 27 21 24 21 21 23 21 26
internal_value=-1.63285e-05 -0.00385853 0.000822825 -0.00523181 0.000242872 -0.00604933 -0.01325 0.013991 -0.0156436
internal_weight=64.4937 51.8001 37.7078 29.2624 17.8089 11.1686 11.4535 12.6936 14.0924
internal_count=231 190 137 110 66 42 44 41 53
is_linear=0
shrinkage=0.03


Tree=49
num_leaves=8
num_cat=0
split_feature=4 25 10 36 1 21 35
split_gain=1.79523 3.11104 2.04911 3.28189 2.00191 1.22408 0.703599
threshold=-0.24603489178822111 -0.75821665775788893 0.47821588756276795 -0.43843741163852401 0.57999237900577938 0.33295346616339611 0.39805778389536406
decision_type=2 2 2 2 2 2 2
left_child=1 -1 -3 -4 6 -5 -2
right_child=4 2 3 5 -6 -7 -8
leaf_value=-0.0088545908884751293 -0.017387277242608593 0.015910403880182524 0.013505563991551591 -0.013858350014621984 0.0023285915443771875 0.0015377532620029699 -0.0031495924379380327
leaf_weight=12.556692183017729 9.3412501811981254 14.489686965942381 11.131862610578535 8.0185278058052081 13.940521270036696 7.3548196852207175 7.1850523054599753
leaf_count=35 26 39 30 22 39 20 20
internal_value=0 0.00331039 0.00735872 0.00186772 -0.00562769 -0.00665514 -0.0123072
internal_weight=84.0184 53.5516 40.9949 26.5052 30.4668 15.3733 16.5263
internal_count=231 146 111 72 85 42 46
is_linear=0
shrinkage=0.03


Tree=50
num_leaves=8
num_cat=0
split_feature=2 4 17 35 10 21 32
split_gain=5.27342 2.61055 2.4718 2.74413 1.93783 1.63114 1.27472
threshold=-0.41713285702244396 -0.49166807466745072 0.44575582875595449 0.084308477358656903 0.47821588756276795 1.0000000180025095e-35 0.96719320490263716
decision_type=2 2 2 2 2 2 2
left_child=1 -1 3 4 -2 -4 -3
right_child=2 6 5 -5 -6 -7 -8
leaf_value=-0.019037973123388719 -0.0023070294022685713 0.0065978658480803851 0.020959651335621964 -0.009537670704284797 0.017557315722736756 0.0021816055451481684 -0.0097839191839135288
leaf_weight=13.045197382569315 6.8774006962776202 7.9686130583286268 10.946967512369158 12.436624616384504 7.9123274981975555 8.0022765100002271 6.2112379372119904
leaf_count=48 21 25 31 38 23 24 21
internal_value=0 -0.0100917 0.00617967 3.49978e-05 0.00858997 0.0140648 -0.000444742
internal_weight=73.4006 27.225 46.1756 27.2264 14.7897 18.9492 14.1799
internal_count=231 94 137 82 44 55 46
is_linear=0
shrinkage=0.03


Tree=51
num_leaves=8
num_cat=0
split_feature=25 10 12 20 32 15 36
split_gain=3.82468 2.94944 1.70517 1.79706 1.92579 1.24511 1.69504
threshold=-1.1237430186804751 -1.150689713034114 -0.63356435474014483 -0.79461411852286556 -0.86802664087961767 0.45840689112189187 0.12061924591722738
decision_type=2 2 2 2 2 2 2
left_child=-1 -2 -3 -4 -5 6 -6
right_child=1 2 3 4 5 -7 -8
leaf_value=0.015590372395947866 -0.019971231009731496 -0.012901302736517784 0.012836069934680191 -0.013830593934387438 0.015796202081281407 -0.0048606145784179516 -0.002792844831907778
leaf_weight=10.064510896801947 6.7226136326789847 6.775962382555007 8.94286504387855 6.996015951037406 8.4369645118713468 10.063039898872374 6.4133640825748435
leaf_count=32 28 27 30 26 30 36 22
internal_value=-2.2589e-05 -0.00336224 -0.000357601 0.00196453 -0.00134223 0.0025238 0.00788152
internal_weight=64.4153 54.3508 47.6282 40.8522 31.9094 24.9134 14.8503
internal_count=231 199 171 144 114 88 52
is_linear=0
shrinkage=0.03


Tree=52
num_leaves=8
num_cat=0
split_feature=4 26 26 41 10 36 30
split_gain=1.72337 2.92899 2.33384 2.19847 2.41023 2.91519 0.974464
threshold=-0.24603489178822111 0.70168761404570346 0.70168761404570346 428.50000000000006 0.47821588756276795 -0.43843741163852401 0.75465418151098829
decision_type=2 2 2 2 2 2 2
left_child=1 3 6 -1 -5 -6 -2
right_child=2 -3 -4 4 5 -7 -8
leaf_value=0.015965168618233626 -0.016055708476656921 -0.0098952101280157592 0.0053383932376645177 0.013564837452051332 0.0070851511181943168 -0.01409263931949296 -0.0015412353260861079
leaf_weight=13.996986448764799 12.446129620075231 10.40692028403282 10.145781964063643 8.8729891777038592 9.6221902072429657 10.604944914579391 7.8337652981281272
leaf_count=38 35 29 28 24 26 29 22
internal_value=0 0.0032454 -0.0055169 0.00677918 0.00159868 -0.00394844 -0.0112168
internal_weight=83.9297 53.504 30.4257 43.0971 29.1001 20.2271 20.2799
internal_count=231 146 85 117 79 55 57
is_linear=0
shrinkage=0.03


Tree=53
num_leaves=9
num_cat=0
split_feature=2 4 0 12 32 14 32 21
split_gain=5.07441 2.56012 2.4081 2.6957 3.15413 2.01222 1.24274 1.04781
threshold=-0.41713285702244396 -0.49166807466745072 -0.85195136923262604 0.12242977752529803 1.0000000180025095e-35 -0.4165508619535066 0.96719320490263716 -1.0000000180025095e-35
decision_type=2 2 2 2 2 2 2 2
left_child=1 -1 -2 4 5 -4 -3 -5
right_child=2 6 3 7 -6 -7 -8 -9
leaf_value=-0.018854483344269046 0.020285510364909089 0.006539426428772188 0.01129407786665342 9.8771642165910718e-05 0.021651833968096452 -0.0077515553989110407 -0.0096525150489880467 -0.015197325545971684
leaf_weight=12.903512030839922 7.3799479603767386 7.9771681129932386 7.1896774172782907 6.6472190320491791 8.4065926671028119 10.194732457399372 6.1805452108383179 6.4015744626522046
leaf_count=48 20 25 21 20 25 31 21 20
internal_value=0 -0.00993417 0.00605287 0.00254606 0.00813402 7.8876e-05 -0.000393502 -0.00778608
internal_weight=73.281 27.0612 46.2197 38.8398 25.791 17.3844 14.1577 13.0488
internal_count=231 94 137 117 77 52 46 40
is_linear=0
shrinkage=0.03


Tree=54
num_leaves=8
num_cat=0
split_feature=23 24 11 24 34 14 29
split_gain=3.73512 3.66598 4.48889 2.38075 1.90716 1.19302 1.02812
threshold=0.72309971827458674 0.26252055134185115 1.0000000180025095e-35 1.1029781373541971 -0.42241478779190311 -0.53815117254829281 1.0000000180025095e-35
decision_type=2 2 2 2 2 2 2
left_child=1 2 4 -2 5 -1 -4
right_child=3 -3 6 -5 -6 -7 -8
leaf_value=-0.0087418086246424578 0.019342591271899627 -0.018047493168031687 0.021058040686012816 -0.0016365469294941826 -0.019836471475850607 0.0062624080111522047 0.0029098743168600913
leaf_weight=8.0577950626611674 10.477043107151987 11.68942093849182 6.4789214134216291 7.0108086615800849 6.2709025889635113 7.8014989942312249 6.5692893862724304
leaf_count=31 34 45 21 23 25 29 23
internal_value=-3.41068e-05 -0.00454816 0.000328562 0.0111513 -0.00759409 -0.00111195 0.0135756
internal_weight=64.3557 46.8678 35.1784 17.4879 22.1302 15.8593 13.0482
internal_count=231 174 129 57 85 60 44
is_linear=0
shrinkage=0.03


Tree=55
num_leaves=7
num_cat=0
split_feature=16 12 32 21 17 34
split_gain=2.07331 3.90769 2.702 1.93859 1.6534 1.5997
threshold=0.84267994629946052 0.19726704840365128 1.0000000180025095e-35 0.33295346616339611 0.44575582875595449 -0.63525532906471627
decision_type=2 2 2 2 2 2
left_child=2 -2 4 -4 5 -1
right_child=1 -3 3 -5 -6 -7
leaf_value=0.016792688109777739 -0.003143055590875278 0.019287582746361828 -0.01760222221152288 -0.0012143541581499581 -0.0051424310948914777 0
leaf_weight=8.4037261605262774 14.175686836242678 11.042237550020216 12.953313797712328 13.785206466913221 12.604384779930117 10.871326595544813
leaf_count=23 39 30 36 38 35 30
internal_value=0 0.00698557 -0.00305803 -0.00987913 0.0026702 0.00807028
internal_weight=83.8359 25.2179 58.618 26.7385 31.8794 19.2751
internal_count=231 69 162 74 88 53
is_linear=0
shrinkage=0.03


Tree=56
num_leaves=9
num_cat=0
split_feature=0 30 0 28 20 15 41 33
split_gain=4.85598 3.13049 2.45312 2.16647 3.331 1.69367 1.05994 0.858933
threshold=-0.084966306701026076 -0.88813415272424023 -0.85195136923262604 1.0000000180025095e-35 -0.79461411852286556 1.0000000180025095e-35 397.00000000000006 0.27427316014779546
decision_type=2 2 2 2 2 2 2 2
left_child=2 -2 -1 4 -4 -5 -3 -6
right_child=1 6 3 5 7 -7 -8 -9
leaf_value=0.019772625718633936 0.0046265371305167042 -0.0040616450599953334 -0.007150737521363657 -0.015806632076282592 0.0051434564898048393 0.0015233724168855173 -0.022810413814935392 0.021103922764055344
leaf_weight=7.4026397466659537 7.0400954186916378 5.5769948661327389 7.6371152400970486 6.713046312332156 7.785078406333926 11.306292504072188 10.753793746232985 8.9273969531059247
leaf_count=20 24 19 24 21 23 35 39 26
internal_value=0 -0.0108057 0.00534791 0.00210097 0.00783298 -0.00534403 -0.0176245 0.0150346
internal_weight=73.1425 23.3709 49.7716 42.3689 24.3496 18.0193 16.3308 16.7125
internal_count=231 82 149 129 73 56 58 49
is_linear=0
shrinkage=0.03


Tree=57
num_leaves=9
num_cat=0
split_feature=23 24 3 35 12 35 23 33
split_gain=3.57523 3.25139 4.82896 1.95155 2.12427 1.1346 0.494744 0.062832
threshold=1.0407593726418058 0.26252055134185115 -0.10099599338868549 -0.64777323789366015 0.018475206636934829 0.29347468171646179 1.3584190270090251 0.27427316014779546
decision_type=2 2 2 2 2 2 2 2
left_child=1 2 3 -1 5 -5 -2 -3
right_child=6 7 -4 4 -6 -7 -8 -9
leaf_value=0.0072654182445740728 0.01894453933821769 -0.0083292164515145362 0.017964176636469001 -0.0086735322724497705 -0.019283308528508788 0.0077981755726146233 0.0045540872809799295 -0.019732772683888507
leaf_weight=6.6532966941595069 6.1845991462469083 7.4853251427412015 9.4499849081039446 6.2950382232666033 9.4611065834760648 5.6864206194877625 6.6801672726869583 6.3764925450086594
leaf_count=25 20 27 30 24 36 22 21 26
internal_value=-3.68352e-05 -0.00372833 0.000845381 -0.00532841 -0.00971713 -0.000413126 0.0131457 -0.0153801
internal_weight=64.2724 51.4077 37.5458 28.0959 21.4426 11.9815 12.8648 13.8618
internal_count=231 190 137 107 82 46 41 53
is_linear=0
shrinkage=0.03


Tree=58
num_leaves=9
num_cat=0
split_feature=33 4 26 29 27 31 33 25
split_gain=2.52573 2.05218 3.07767 2.35435 1.67142 1.44181 1.02743 0.926384
threshold=-1.3378016781522395 -0.24603489178822111 0.70168761404570346 -0.12303401912951875 -0.94407530491072655 -0.3298152434390938 0.73486597109066298 -1.0000000180025095e-35
decision_type=2 2 2 2 2 2 2 2
left_child=-1 3 6 5 -5 -2 -3 -6
right_child=1 2 -4 4 7 -7 -8 -9
leaf_value=-0.015223734565307689 0.00572926802231539 -0.015575576700790445 0.010261154716093153 0 0.021794262811283452 -0.010294620251359394 -0.00072737835679316824 0.0069942057180470835
leaf_weight=7.2717866003513327 7.395474165678027 12.358088046312337 7.3459384739398947 11.049295574426649 9.2409179508686048 9.7327376008033735 7.5032441616058341 11.867851406335832
leaf_count=21 20 35 20 30 25 27 21 32
internal_value=0 0.00175487 -0.00458514 0.00540491 0.0100769 -0.00314964 -0.0106921 0.0147548
internal_weight=83.7653 76.4935 27.2073 49.2863 32.1581 17.1282 19.8613 21.1088
internal_count=231 210 76 134 87 47 56 57
is_linear=0
shrinkage=0.03


Tree=59
num_leaves=9
num_cat=0
split_feature=0 17 30 35 34 21 41 28
split_gain=4.65524 4.02964 3.0474 1.99578 2.60665 1.77889 1.04732 0.400594
threshold=-0.084966306701026076 0.44575582875595449 -0.88813415272424023 0.084308477358656903 -0.2095742465190901 1.0000000180025095e-35 397.00000000000006 0.60023779473000038
decision_type=2 2 2 2 2 2 2 2
left_child=1 3 -2 4 -1 -3 -4 -5
right_child=2 5 6 7 -6 -7 -8 -9
leaf_value=-0.0045858808181906659 0.0045505695054226195 0.022115499524095483 -0.0039511216717555532 -0.015149663766198945 0.017472803535779319 0.0030373730845804641 -0.022613239354044943 -0.0027776197785297128
leaf_weight=9.8438344895839709 7.0537005364894894 11.661774367094042 5.5577526390552547 6.2535330057144147 6.7418813705444363 8.6474441289901716 10.604722321033476 6.6516236662864685
leaf_count=30 24 33 19 20 20 26 39 20
internal_value=0 0.00521992 -0.0106282 -0.00174626 0.00475443 0.015035 -0.0174162 -0.0101426
internal_weight=73.0163 49.8001 23.2162 29.4909 16.5857 20.3092 16.1625 12.9052
internal_count=231 149 82 90 50 59 58 40
is_linear=0
shrinkage=0.03


Tree=60
num_leaves=8
num_cat=0
split_feature=25 10 12 20 32 32 38
split_gain=3.48212 2.79436 1.63217 1.67244 1.82583 1.02264 1.71697
threshold=-1.1237430186804751 -1.150689713034114 -0.63356435474014483 -0.79461411852286556 -0.86802664087961767 0.73779072417985503 -1.0000000180025095e-35
decision_type=2 2 2 2 2 2 2
left_child=-1 -2 -3 -4 -5 6 -6
right_child=1 2 3 4 5 -7 -8
leaf_value=0.014758930978632548 -0.019661613810077454 -0.012697870745913185 0.012354606067296098 -0.013548442927605941 0.013580277417024477 -0.0064342107076893907 -0.003411395131612168
leaf_weight=10.184291899204252 6.5131663829088202 6.6907584071159354 9.0080434381961769 6.8918547928333274 10.332471787929537 6.4843901097774497 8.0706543475389569
leaf_count=32 28 27 30 26 36 23 29
internal_value=-3.5286e-05 -0.00325754 -0.000351448 0.00191054 -0.00129302 0.00245062 0.00613165
internal_weight=64.1756 53.9913 47.4782 40.7874 31.7794 24.8875 18.4031
internal_count=231 199 171 144 114 88 65
is_linear=0
shrinkage=0.03


Tree=61
num_leaves=9
num_cat=0
split_feature=33 4 26 29 37 36 30 0
split_gain=2.44601 1.96358 2.97019 2.26434 1.63564 1.50797 1.06093 0.975974
threshold=-1.3378016781522395 -0.24603489178822111 0.70168761404570346 -0.12303401912951875 1.0000000180025095e-35 -0.24276758149401098 0.62828584810827837 -0.29225956684470172
decision_type=2 2 2 2 2 2 2 2
left_child=-1 3 6 7 5 -5 -3 -2
right_child=1 2 -4 4 -6 -7 -8 -9
leaf_value=-0.015006520070925707 0.0042580600653271249 -0.016218853590825637 0.010091668614853236 0.003935412720380848 0.00066417522202262135 0.021999903806734191 -0.0014953879651483982 -0.0088965417524617691
leaf_weight=7.2366386055946341 7.2712552547454861 10.957102090120321 7.3514976203441611 8.8923603296279889 12.464814513921736 10.794163703918459 8.8449205160140973 9.8306670486927015
leaf_count=21 20 31 20 24 34 29 25 27
internal_value=0 0.00173291 -0.00447356 0.00530387 0.00988501 0.0149797 -0.0104924 -0.00308867
internal_weight=83.6434 76.4068 27.1535 49.2533 32.1513 19.6865 19.802 17.1019
internal_count=231 210 76 134 87 53 56 47
is_linear=0
shrinkage=0.03


Tree=62
num_leaves=8
num_cat=0
split_feature=2 4 25 12 15 11 2
split_gain=4.53212 2.53761 2.13772 3.8634 2.59923 1.49891 1.03053
threshold=-0.41713285702244396 -0.49166807466745072 1.0000000180025095e-35 -0.33532910515749081 -0.5243494137427126 1.3133103467045875 0.041163769363652486
decision_type=2 2 2 2 2 2 2
left_child=1 -1 3 -2 -4 -3 -6
right_child=2 5 4 -5 6 -7 -8
leaf_value=-0.018486198822583389 0.01386860365018169 0.0090995668442526226 -0.00072049699605468312 -0.011520128989141832 0.0082428899868237215 -0.008733095149759066 0.026128507424003525
leaf_weight=12.606130689382555 7.2553721666336086 6.4759010970592481 9.8565235435962695 12.389106750488279 9.6096816062927264 7.5288495719432831 7.1742781400680533
leaf_count=48 21 20 29 38 29 26 20
internal_value=0 -0.00949957 0.00568087 -0.0015408 0.0110176 -1.75789e-05 0.0177326
internal_weight=72.8958 26.6109 46.285 19.6445 26.6405 14.0048 16.784
internal_count=231 94 137 59 78 46 49
is_linear=0
shrinkage=0.03


Tree=63
num_leaves=10
num_cat=0
split_feature=23 24 9 14 0 11 15 23 21
split_gain=3.35465 3.16153 4.46516 1.50851 1.47677 1.0754 0.832167 0.501981 0.0692185
threshold=1.0407593726418058 0.26252055134185115 -0.45192165487363817 -0.53815117254829281 -0.33371821887343694 -1.0000000180025095e-35 -0.5243494137427126 1.3584190270090251 -0.3694415172497974
decision_type=2 2 2 2 2 2 2 2 2
left_child=1 2 -1 6 -5 -6 -4 -2 -3
right_child=7 8 3 4 5 -7 -8 -9 -10
leaf_value=0.018133136334400862 0.018420037276884092 -0.0067215765201082264 -0.0018695970007654259 0.010670926432610242 -0.014176285186908723 0.0023044365790902029 -0.019531302636565384 0.0042035303851260773 -0.01828297446852797
leaf_weight=8.6790055930614418 6.231758773326872 5.4321211874485007 5.3501903265714645 6.6372809559106818 5.1483439207077 5.843919724226013 5.7814927101135201 6.7167030572891235 8.2795993536710721
leaf_count=27 20 21 21 24 21 21 23 21 32
internal_value=-5.14667e-05 -0.00365294 0.000849 -0.0048087 0.000496985 -0.00570955 -0.0127476 0.0126628 -0.0152116
internal_weight=64.1004 51.152 37.4402 28.7612 17.6295 10.9923 11.1317 12.9485 13.7117
internal_count=231 190 137 110 66 42 44 41 53
is_linear=0
shrinkage=0.03


Tree=64
num_leaves=7
num_cat=0
split_feature=16 12 32 22 30 11
split_gain=1.94236 3.6537 2.65657 2.25934 3.74515 1.83185
threshold=0.84267994629946052 0.19726704840365128 1.0000000180025095e-35 -0.58956877217538461 0.31236501460150351 0.030877030536432905
decision_type=2 2 2 2 2 2
left_child=2 -2 3 -1 -5 -4
right_child=1 -3 5 4 -6 -7
leaf_value=-0.0097180686671662023 -0.0030253453773333603 0.018674017167409226 -0.0172618957144909 0.018593547753990691 -0.0037798942272825034 -0.0012583784494926971
leaf_weight=7.8863100111484554 14.119402736425402 11.041376590728758 12.885750412940981 11.723010748624803 12.158687114715574 13.706351846456526
leaf_count=22 39 30 36 32 34 38
internal_value=0 0.00678689 -0.00294759 0.00273589 0.00741614 -0.00973443
internal_weight=83.5209 25.1608 58.3601 31.768 23.8817 26.5921
internal_count=231 69 162 88 66 74
is_linear=0
shrinkage=0.03


Tree=65
num_leaves=8
num_cat=0
split_feature=2 30 17 10 36 21 10
split_gain=4.35369 2.34522 2.14786 2.41124 2.98684 1.4131 0.562434
threshold=-0.41713285702244396 -0.88813415272424023 0.44575582875595449 0.47821588756276795 -0.43843741163852401 -0.3694415172497974 0.51581326323640775
decision_type=2 2 2 2 2 2 2
left_child=1 -1 3 4 -2 -4 -3
right_child=2 6 5 -5 -6 -7 -8
leaf_value=0.0040070155782173803 0.0046330159882034573 -0.0064489182961439268 0.020246575614161065 0.011437962994485087 -0.017972755635797397 0.0029907123510839566 -0.01965489564047784
leaf_weight=7.2436800301075008 9.5004828870296496 9.1140019744634646 9.6884036958217639 9.2360122203826887 8.4609660208225268 9.4208365976810438 10.081697851419447
leaf_count=25 28 31 27 27 27 28 38
internal_value=0 -0.00934344 0.00556251 0 -0.00627192 0.0128674 -0.0145966
internal_weight=72.7461 26.4394 46.3067 27.1975 17.9614 19.1092 19.1957
internal_count=231 94 137 82 55 55 69
is_linear=0
shrinkage=0.03


Tree=66
num_leaves=9
num_cat=0
split_feature=25 10 37 6 7 40 7 36
split_gain=3.2488 2.70174 1.56879 1.6836 2.19842 1.58751 1.72443 0.178357
threshold=-1.1237430186804751 -1.150689713034114 1.0000000180025095e-35 0.37511695381034943 -0.45321256119807452 354.00000000000006 -0.54060198339955445 -0.10300341710507339
decision_type=2 2 2 2 2 2 2 2
left_child=-1 -2 5 4 -4 -3 -7 -8
right_child=1 2 3 -5 -6 6 7 -9
leaf_value=0.014172267939088354 -0.01946465410915213 0.0069831921398462839 -0.0099275783436197761 0.016508232611339432 0.011139128082447852 0.0019417950700411626 -0.0075727302543043195 -0.020079439932944546
leaf_weight=10.268128484487532 6.3822927922010413 5.6237168312072781 8.4387698322534561 6.4511231184005728 6.5558266788721093 7.0033657401800182 7.285944491624833 5.9986585527658436
leaf_count=32 28 20 31 20 24 26 27 23
internal_value=-4.82912e-05 -0.00318511 -0.000338094 0.0053311 -0.000177818 -0.00528404 -0.00920649 -0.0150902
internal_weight=64.0078 53.7397 47.3574 21.4457 14.9946 25.9117 20.288 13.2846
internal_count=231 199 171 75 55 96 76 50
is_linear=0
shrinkage=0.03


Tree=67
num_leaves=10
num_cat=0
split_feature=33 26 20 5 12 30 1 35 33
split_gain=2.36031 1.68008 2.25955 2.90433 1.78678 1.51511 1.08605 0.885441 1.00276
threshold=-1.3378016781522395 -0.38212260111107005 -0.79461411852286556 -0.35521542928218314 -0.36543151260972401 1.0000000180025095e-35 -0.24687019843032251 -0.33402393135695269 0.73486597109066298
decision_type=2 2 2 2 2 2 2 2 2
left_child=-1 4 -3 5 -2 -4 -5 -6 -9
right_child=1 2 3 6 7 -7 -8 8 -10
leaf_value=-0.01477282492316467 0.0074088080605867711 -0.0065626349055857448 0.024672111850501242 -0.0060861626272547464 -0.015811782881826261 0.0054482531716749487 0.0072363543570687456 -0.0099519618601686781 0.0042849756831625811
leaf_weight=7.1922842860221854 7.7013259232044247 9.769268333911894 9.2471664845943433 10.060431152582167 7.3196597099304261 8.7635312676429731 8.9884817600250297 7.135316580533976 7.2495470345020294
leaf_count=21 21 27 25 28 20 24 25 20 20
internal_value=0 0.00171001 0.00522787 0.00862595 -0.0036799 0.0167638 0 -0.00809761 -0.00267215
internal_weight=83.427 76.2347 46.8289 37.0596 29.4058 18.0107 19.0489 21.7045 14.3849
internal_count=231 210 129 102 81 49 53 60 40
is_linear=0
shrinkage=0.03


Tree=68
num_leaves=8
num_cat=0
split_feature=2 4 17 35 41 11 21
split_gain=4.13776 2.47508 2.0718 2.55569 2.05423 1.46805 1.35148
threshold=-0.41713285702244396 -0.49166807466745072 0.44575582875595449 0.084308477358656903 488.50000000000006 1.3133103467045875 -0.3694415172497974
decision_type=2 2 2 2 2 2 2
left_child=1 -1 3 4 -2 -3 -4
right_child=2 5 6 -5 -6 -7 -8
leaf_value=-0.01814177460867827 -0.0030637926148445464 0.0091913809301933762 0.019775251878725496 -0.0095229677596445784 0.017298497530843084 -0.0085070720850877416 0.0029025170479951711
leaf_weight=12.333266392350199 6.9586217701435107 6.4601147472858411 9.719608277082445 12.331989973783491 7.9077261090278625 7.4644850790500641 9.4319819808006269
leaf_count=48 21 20 27 38 23 26 28
internal_value=0 -0.00915262 0.00540656 0 0.00799348 0 0.0125705
internal_weight=72.6078 26.2579 46.3499 27.1983 14.8663 13.9246 19.1516
internal_count=231 94 137 82 44 46 55
is_linear=0
shrinkage=0.03


Tree=69
num_leaves=9
num_cat=0
split_feature=23 24 3 27 12 23 22 21
split_gain=3.15956 3.07608 4.18499 1.66626 1.42913 0.478603 0.387417 0.0694299
threshold=1.0407593726418058 0.26252055134185115 -0.10099599338868549 -0.75926236326013974 -0.27273664953565013 1.3584190270090251 -1.0000000180025095e-35 -0.3694415172497974
decision_type=2 2 2 2 2 2 2 2
left_child=1 2 3 -1 -5 -2 -6 -3
right_child=5 7 -4 4 6 -7 -8 -9
leaf_value=0.0064712965575050817 0.01782551959550497 -0.0065967827063257807 0.016621169323210665 0.0018291804634427747 -0.020048762508895542 0.003996989313490411 -0.0067349967925143537 -0.01810425655690517
leaf_weight=6.7938323467969886 6.2873651683330518 5.3936817198991767 9.6192288994789141 6.2405950129032126 6.0248171836137763 6.7328405976295471 8.6448442190885562 8.1737279742956144
leaf_count=25 20 21 30 25 23 21 34 32
internal_value=-5.25104e-05 -0.0035723 0.000861766 -0.00497732 -0.00914893 0.0122395 -0.0139266 -0.0150399
internal_weight=63.9109 50.8907 37.3233 27.7041 20.9103 13.0202 14.6697 13.5674
internal_count=231 190 137 107 82 41 57 53
is_linear=0
shrinkage=0.03


Tree=70
num_leaves=9
num_cat=0
split_feature=33 4 26 29 37 36 31 30
split_gain=2.28277 1.8557 2.80094 2.12739 1.5479 1.37087 1.36308 1.05364
threshold=-1.3378016781522395 -0.24603489178822111 0.70168761404570346 -0.12303401912951875 1.0000000180025095e-35 -0.24276758149401098 -0.3298152434390938 0.62828584810827837
decision_type=2 2 2 2 2 2 2 2
left_child=-1 3 7 6 5 -5 -2 -3
right_child=1 2 -4 4 -6 -7 -8 -9
leaf_value=-0.014559203133229448 0.0056376522208938795 -0.015942637868421185 0.0097599721245904512 0.0039332658420710388 0.00061323583113145419 0.021293562122013641 -0.0099637665937141063 -0.0012913978961081993
leaf_weight=7.1549194157123557 7.3803013265132931 10.894947707653051 7.3588627576827994 8.8658684194087964 12.422409534454344 10.760634213685991 9.6710054576396924 8.8070031702518445
leaf_count=21 20 31 20 24 34 29 27 25
internal_value=0 0.00168275 -0.00435759 0.00516086 0.00960931 0.0145715 -0.00297775 -0.0102311
internal_weight=83.316 76.161 27.0608 49.1002 32.0489 19.6265 17.0513 19.702
internal_count=231 210 76 134 87 53 47 56
is_linear=0
shrinkage=0.03


Tree=71
num_leaves=9
num_cat=0
split_feature=9 17 30 35 34 21 41 28
split_gain=3.95943 3.5514 2.93173 1.84655 2.4518 1.57323 1.04837 0.379408
threshold=-0.35846265045316911 0.44575582875595449 -0.88813415272424023 0.084308477358656903 -0.2095742465190901 1.0000000180025095e-35 397.00000000000006 0.60023779473000038
decision_type=2 2 2 2 2 2 2 2
left_child=2 3 -1 4 -2 -3 -4 -5
right_child=1 5 6 7 -6 -7 -8 -9
leaf_value=0.0048735573325055992 -0.004628801320927663 0.020547408524425607 -0.0034273546382008486 -0.014844062313782044 0.016722051236057744 0.0026689133186410829 -0.022088873952622726 -0.0027044024402492978
leaf_weight=6.9829227030277279 9.8221996426582354 11.786407649517061 5.4455747902393332 6.1531879752874357 6.7979748845100429 8.6908602416515333 10.169929563999174 6.6159212291240692
leaf_count=24 30 33 19 20 20 26 39 20
internal_value=0 0.00476959 -0.00996905 -0.0017871 0.00443434 0.0139326 -0.0168023 -0.00992025
internal_weight=72.465 49.8666 22.5984 29.3893 16.6202 20.4773 15.6155 12.7691
internal_count=231 149 82 90 50 59 58 40
is_linear=0
shrinkage=0.03


Tree=72
num_leaves=8
num_cat=0
split_feature=25 1 17 36 3 16 1
split_gain=3.0421 2.35025 1.47863 1.97534 1.76868 1.49425 1.35608
threshold=-1.1237430186804751 0.81851043018926994 1.0000000180025095e-35 -0.43843741163852401 -0.43223527600571998 -0.66338634070383062 -0.4906886507512242
decision_type=2 2 2 2 2 2 2
left_child=-1 2 -2 4 -4 -5 -7
right_child=1 -3 3 5 -6 6 -8
leaf_value=0.013652129286420608 0.0093057915584258723 -0.018827367628447302 0.0014417599894808522 0.011629721994003459 -0.018825616215061805 0.0061177454931074966 -0.0097099621911304994
leaf_weight=10.334115043282507 9.1253686100244504 5.933016598224639 5.0228177458047858 7.7388417273759798 8.9426674991846031 6.6557757705450049 10.051764175295842
leaf_count=32 32 27 18 27 35 23 37
internal_value=-5.38737e-05 -0.00311221 -0.000512568 -0.00325749 -0.0117155 0.00174101 -0.0030906
internal_weight=63.8044 53.4703 47.5372 38.4119 13.9655 24.4464 16.7075
internal_count=231 199 172 140 53 87 60
is_linear=0
shrinkage=0.03


Tree=73
num_leaves=9
num_cat=0
split_feature=33 4 26 29 27 0 33 25
split_gain=2.20911 1.78205 2.70259 2.03875 1.49937 1.00773 0.9723 0.947065
threshold=-1.3378016781522395 -0.24603489178822111 0.70168761404570346 -0.12303401912951875 -0.94407530491072655 -0.29225956684470172 0.73486597109066298 -1.0000000180025095e-35
decision_type=2 2 2 2 2 2 2 2
left_child=-1 3 6 5 -5 -2 -3 -6
right_child=1 2 -4 4 7 -7 -8 -9
leaf_value=-0.014348768628906716 0.0045735705366065664 -0.014826526909765176 0.0095885113303392326 0 0.020879114312339707 -0.0088298404405822758 -0.00039543814023397012 0.0062081680964627163
leaf_weight=7.1173221170902243 7.2363288998603847 12.188059210777288 7.3631412684917441 11.003595530986784 9.2081017494201642 9.7849849164485914 7.4569014608860007 11.809222131967546
leaf_count=21 20 35 20 30 25 27 21 32
internal_value=0 0.00166117 -0.00426208 0.00507156 0.00942744 -0.00289874 -0.0100491 0.0138649
internal_weight=83.1677 76.0503 27.0081 49.0422 32.0209 17.0213 19.645 21.0173
internal_count=231 210 76 134 87 47 56 57
is_linear=0
shrinkage=0.03


Tree=74
num_leaves=9
num_cat=0
split_feature=2 4 0 12 4 23 21 24
split_gain=3.79959 2.42408 2.0208 2.48741 2.86736 1.08157 0.931362 0.602484
threshold=-0.41713285702244396 -0.49166807466745072 -0.85195136923262604 0.12242977752529803 -0.43708292291651091 0.72309971827458674 -1.0000000180025095e-35 -0.4486358675916719
decision_type=2 2 2 2 2 2 2 2
left_child=1 -1 -2 4 -4 -3 -5 -6
right_child=2 5 3 6 7 -7 -8 -9
leaf_value=-0.017847219716634128 0.018130327372383667 0.0076166759748784642 0.017674060995875353 0 0.0038907402712352731 -0.0075927594789395193 -0.014998952858317816 -0.007071314632673611
leaf_weight=12.088707879185678 7.437420815229415 6.896467059850691 11.374003201723097 6.67278653383255 7.4035649299621555 6.9354622066020966 6.3371210396289808 7.1848723292350813
leaf_count=48 20 22 33 20 22 24 20 22
internal_value=0 -0.00884793 0.00515465 0.00194996 0.00731049 0 -0.00798381 -0.00129111
internal_weight=72.3304 25.9206 46.4098 38.9723 25.9624 13.8319 13.0099 14.5884
internal_count=231 94 137 117 77 46 40 44
is_linear=0
shrinkage=0.03


Tree=75
num_leaves=10
num_cat=0
split_feature=23 24 9 14 0 14 15 23 33
split_gain=2.96188 2.97499 3.91689 1.46068 1.3722 1.01147 0.833421 0.473664 0.078834
threshold=1.0407593726418058 0.26252055134185115 -0.45192165487363817 -0.53815117254829281 -0.33371821887343694 -1.0000000180025095e-35 -0.5243494137427126 1.3584190270090251 0.27427316014779546
decision_type=2 2 2 2 2 2 2 2 2
left_child=1 2 -1 6 -5 -6 -4 -2 -3
right_child=7 8 3 4 5 -7 -8 -9 -10
leaf_value=0.016902743202782872 0.017297069117175556 -0.0078399128201307976 -0.0015753696212518215 0.010440761092621906 -0.013727254574472627 0.0023413536446593645 -0.019258320679167867 0.0037122564401940363 -0.019249518863272648
leaf_weight=8.8099960684776253 6.3355512320995313 7.3121613562107068 5.2747523784637451 6.667560100555419 4.9958742707967732 5.8227365761995467 5.6371515095233864 6.7551877796649933 6.0891556590795517
leaf_count=27 20 27 21 24 21 21 23 21 26
internal_value=-5.52401e-05 -0.00348841 0.000862742 -0.00451106 0.000697884 -0.00535981 -0.0124173 0.0118005 -0.0148426
internal_weight=63.7001 50.6094 37.2081 28.3981 17.4862 10.8186 10.9119 13.0907 13.4013
internal_count=231 190 137 110 66 42 44 41 53
is_linear=0
shrinkage=0.03


Tree=76
num_leaves=9
num_cat=0
split_feature=33 26 20 5 21 30 7 28
split_gain=2.13349 1.58337 2.14991 2.62263 1.54637 1.37938 1.05951 0.349615
threshold=-1.3378016781522395 -0.38212260111107005 -0.79461411852286556 -0.35521542928218314 1.0000000180025095e-35 1.0000000180025095e-35 -0.18677208277647453 -1.0000000180025095e-35
decision_type=2 2 2 2 2 2 2 2
left_child=-1 4 -3 5 7 -4 -5 -2
right_child=1 2 3 6 -6 -7 -8 -9
leaf_value=-0.014129207380891261 -0.014507896170613651 -0.0064537259741067931 0.023719331578464713 -0.0058835617133582057 0.0031902497616651516 0.0052600573882637704 0.007284457468836718 -0.003510971984811023
leaf_weight=7.0782676041126242 7.1877667307853708 9.721985310316084 9.1996592283248884 10.012460500001906 13.931419372558592 8.7322221398353559 8.9657266736030632 8.2030813694000244
leaf_count=21 20 27 25 28 38 24 25 23
internal_value=0 0.00163725 0.00506295 0.00838618 -0.00359735 0.016139 0.000122221 -0.00983423
internal_weight=83.0326 75.9543 46.6321 36.9101 29.3223 17.9319 18.9782 15.3908
internal_count=231 210 129 102 81 49 53 43
is_linear=0
shrinkage=0.03


Tree=77
num_leaves=9
num_cat=0
split_feature=0 17 30 35 23 34 21 41
split_gain=3.65907 3.35429 2.88832 1.80249 2.55351 2.36031 1.46159 1.03646
threshold=-0.084966306701026076 0.44575582875595449 -0.88813415272424023 0.084308477358656903 -0.22987924482707042 -0.2095742465190901 1.0000000180025095e-35 397.00000000000006
decision_type=2 2 2 2 2 2 2 2
left_child=1 3 -2 5 -5 -1 -3 -4
right_child=2 6 7 4 -6 -7 -8 -9
leaf_value=-0.0045871714438128043 0.0050488250918528993 0.019808343722241377 -0.0032541059239772083 0.0023410295106892193 -0.02199133172714433 0.016348335257740376 0.00256107775760918 -0.021845545102897278
leaf_weight=9.7968755066394824 6.9451995939016369 11.837128251791002 5.4062499403953543 6.6822218298912048 6.0261800736188871 6.8229076266288784 8.6964916884899122 9.960464805364607
leaf_count=30 24 33 19 20 20 20 26 39
internal_value=0 0.0045596 -0.00966724 -0.00182012 -0.00987837 0.00431821 0.0134477 -0.0165316
internal_weight=72.1737 49.8618 22.3119 29.3282 12.7084 16.6198 20.5336 15.3667
internal_count=231 149 82 90 40 50 59 58
is_linear=0
shrinkage=0.03


Tree=78
num_leaves=8
num_cat=0
split_feature=23 24 11 24 34 32 29
split_gain=2.85355 3.28388 3.56794 2.06118 1.91027 2.19584 0.851554
threshold=0.72309971827458674 0.26252055134185115 1.0000000180025095e-35 1.1029781373541971 -0.42241478779190311 -0.86802664087961767 1.0000000180025095e-35
decision_type=2 2 2 2 2 2 2
left_child=1 2 4 -2 5 -1 -4
right_child=3 -3 6 -5 -6 -7 -8
leaf_value=-0.010995582748820716 0.017067447621660809 -0.017282773721841758 0.018738927310799344 -0.002208827156953645 -0.019303246042635922 0.0096874602025569644 0.00235239022414365
leaf_weight=7.7110960632562611 10.789649412035944 11.054279386997221 6.6874530017375928 7.0539301335811606 5.9665891826152828 7.7144610583782205 6.6077763140201569
leaf_count=31 34 45 21 23 25 29 23
internal_value=-5.78209e-05 -0.00411971 0.000451834 0.0095566 -0.00682094 -0.000355477 0.0120645
internal_weight=63.5852 45.7417 34.6874 17.8436 21.3921 15.4256 13.2952
internal_count=231 174 129 57 85 60 44
is_linear=0
shrinkage=0.03


Tree=79
num_leaves=11
num_cat=0
split_feature=33 26 20 2 12 24 30 35 33 8
split_gain=2.06259 1.52272 2.07179 2.41702 1.71226 1.644 1.21762 0.876741 0.95691 0.435053
threshold=-1.3378016781522395 -0.38212260111107005 -0.79461411852286556 -0.41713285702244396 -0.36543151260972401 0.7150746361177297 1.0000000180025095e-35 -0.33402393135695269 0.73486597109066298 0.016866812751140041
decision_type=2 2 2 2 2 2 2 2 2 2
left_child=-1 4 -3 6 -2 9 -4 -6 -9 -5
right_child=1 2 3 5 7 -7 -8 8 -10 -11
leaf_value=-0.013920163311588086 0.0073326855730581481 -0.0063325379317841048 0.024223196199410879 0.00057341958265747341 -0.015531258734989985 -0.0091861765837409452 0.0051306020465274214 -0.0096342572592610348 0.0042977870418542353 0.011637267110008051
leaf_weight=7.0391883850097647 7.6840766072273281 9.7041876316070539 8.0674903094768471 7.2661186158657127 7.2911194264888826 7.0716711282730094 7.2652865648269644 7.0843182206153816 7.235837310552597 7.1965944468975067
leaf_count=21 21 27 22 20 20 20 20 20 20 20
internal_value=5.56335e-07 0.00161457 0.00497731 0.00824186 -0.00351845 0.00119345 0.0167962 -0.00786179 -0.00247525 0.00703084
internal_weight=82.9059 75.8667 46.5713 36.8672 29.2954 21.5344 15.3328 21.6113 14.3202 14.4627
internal_count=231 210 129 102 81 60 42 60 40 40
is_linear=0
shrinkage=0.03


Tree=80
num_leaves=8
num_cat=0
split_feature=0 25 15 27 28 2 41
split_gain=3.48981 2.06787 2.23299 1.99758 1.45907 1.13288 0.966693
threshold=-0.084966306701026076 1.0000000180025095e-35 -0.5243494137427126 -0.75926236326013974 -0.22532317556635265 0.041163769363652486 397.00000000000006
decision_type=2 2 2 2 2 2 2
left_child=1 4 -3 -2 -1 -4 -5
right_child=3 2 5 6 -6 -7 -8
leaf_value=0.0055706991641373167 0.001608083569294611 -0.001388770109626876 0.0071074013932100367 -0.0031806229186243013 -0.0091030327468110822 0.024132496583125378 -0.021573255245985124
leaf_weight=9.4702187180519122 8.151232451200487 9.8978658914566058 11.482629776000978 5.3913932144641867 11.766719087958334 7.2543500363826743 8.6021943241357786
leaf_count=29 30 29 35 19 36 20 33
internal_value=0 0.00443926 0.00954735 -0.00948775 -0.00235984 0.0152956 -0.0158683
internal_weight=72.0166 49.8718 28.6348 22.1448 21.2369 18.737 13.9936
internal_count=231 149 84 82 65 55 52
is_linear=0
shrinkage=0.03


end of trees

feature_importances:
Column_4=41
Column_11=37
Column_33=34
Column_24=29
Column_36=29
Column_0=27
Column_2=26
Column_26=26
Column_12=24
Column_10=23
Column_25=23
Column_30=23
Column_29=21
Column_20=20
Column_21=20
Column_28=20
Column_35=20
Column_32=19
Column_1=18
Column_23=18
Column_17=16
Column_15=12
Column_31=10
Column_41=10
Column_16=9
Column_27=9
Column_34=9
Column_9=8
Column_14=8
Column_37=8
Column_8=6
Column_5=5
Column_7=5
Column_22=5
Column_3=4
Column_6=4
Column_13=2
Column_38=2
Column_40=1

parameters:
[boosting: gbdt]
[objective: multiclass]
[metric: multi_logloss]
[tree_learner: serial]
[device_type: cpu]
[data_sample_strategy: bagging]
[data: ]
[valid: ]
[num_iterations: 900]
[learning_rate: 0.03]
[num_leaves: 96]
[num_threads: 2]
[seed: 42]
[deterministic: 0]
[force_col_wise: 1]
[force_row_wise: 0]
[histogram_pool_size: -1]
[max_depth: 10]
[min_data_in_leaf: 20]
[min_sum_hessian_in_leaf: 0.001]
[bagging_fraction: 0.85]
[pos_bagging_fraction: 1]
[neg_bagging_fraction: 1]
[bagging_freq: 0]
[bagging_seed: 400]
[bagging_by_query: 0]
[feature_fraction: 0.8]
[feature_fraction_bynode: 1]
[feature_fraction_seed: 30056]
[extra_trees: 0]
[extra_seed: 12879]
[early_stopping_round: 0]
[early_stopping_min_delta: 0]
[first_metric_only: 0]
[max_delta_step: 0]
[lambda_l1: 0.2]
[lambda_l2: 1.5]
[linear_lambda: 0]
[min_gain_to_split: 0]
[drop_rate: 0.1]
[max_drop: 50]
[skip_drop: 0.5]
[xgboost_dart_mode: 0]
[uniform_drop: 0]
[drop_seed: 17869]
[top_rate: 0.2]
[other_rate: 0.1]
[min_data_per_group: 100]
[max_cat_threshold: 32]
[cat_l2: 10]
[cat_smooth: 10]
[max_cat_to_onehot: 4]
[top_k: 20]
[monotone_constraints: ]
[monotone_constraints_method: basic]
[monotone_penalty: 0]
[feature_contri: ]
[forcedsplits_filename: ]
[refit_decay_rate: 0.9]
[cegb_tradeoff: 1]
[cegb_penalty_split: 0]
[cegb_penalty_feature_lazy: ]
[cegb_penalty_feature_coupled: ]
[path_smooth: 0]
[interaction_constraints: ]
[verbosity: -1]
[saved_feature_importance_type: 0]
[use_quantized_grad: 0]
[num_grad_quant_bins: 4]
[quant_train_renew_leaf: 0]
[stochastic_rounding: 1]
[linear_tree: 0]
[max_bin: 255]
[max_bin_by_feature: ]
[min_data_in_bin: 3]
[bin_construct_sample_cnt: 200000]
[data_random_seed: 175]
[is_enable_sparse: 1]
[enable_bundle: 1]
[use_missing: 1]
[zero_as_missing: 0]
[feature_pre_filter: 1]
[pre_partition: 0]
[two_round: 0]
[header: 0]
[label_column: ]
[weight_column: ]
[group_column: ]
[ignore_column: ]
[categorical_feature: ]
[forcedbins_filename: ]
[precise_float_parser: 0]
[parser_config_file: ]
[objective_seed: 16083]
[num_class: 3]
[is_unbalance: 0]
[scale_pos_weight: 1]
[sigmoid: 1]
[boost_from_average: 1]
[reg_sqrt: 0]
[alpha: 0.9]
[fair_c: 1]
[poisson_max_delta_step: 0.7]
[tweedie_variance_power: 1.5]
[lambdarank_truncation_level: 30]
[lambdarank_norm: 1]
[label_gain: ]
[lambdarank_position_bias_regularization: 0]
[eval_at: ]
[multi_error_top_k: 1]
[auc_mu_weights: ]
[num_machines: 1]
[local_listen_port: 12400]
[time_out: 120]
[machine_list_filename: ]
[machines: ]
[gpu_platform_id: -1]
[gpu_device_id: -1]
[gpu_device_id_list: ]
[gpu_use_dp: 0]
[num_gpu: 1]

end of parameters

pandas_categorical:null
