tree
version=v4
num_class=1
num_tree_per_iteration=1
label_index=0
max_feature_idx=42
objective=binary sigmoid:1
feature_names=Column_0 Column_1 Column_2 Column_3 Column_4 Column_5 Column_6 Column_7 Column_8 Column_9 Column_10 Column_11 Column_12 Column_13 Column_14 Column_15 Column_16 Column_17 Column_18 Column_19 Column_20 Column_21 Column_22 Column_23 Column_24 Column_25 Column_26 Column_27 Column_28 Column_29 Column_30 Column_31 Column_32 Column_33 Column_34 Column_35 Column_36 Column_37 Column_38 Column_39 Column_40 Column_41 Column_42
feature_infos=[-1.2826470805327894:9.1113817096787457] [-1.0032525137027997:13.935141400336011] [-1.2408736107507248:11.317238508677372] [-1.2547613038134038:9.457368476897944] [-0.99273988378213085:13.862661431538701] [-1.2366783981043661:10.960797378274417] [-2.1769698480277975:5.099637293239625] [-1.3401975123558407:9.1330309234242719] [-2.4524818588160016:4.8273536840878588] [-2.9159353696097838:3.2532677390777121] [-6.1911068111395018:1.6555759897174824] [-2.2077809036457818:4.1197292976255211] [-1.188798695933222:2.7732008863214093] [-2.9084725082522422:3.3502915891907157] [-2.1959302852525058:4.2355063565267521] [-1.7150705675038671:1.686545485300045] [-1.5347026580788319:1.4031247213227116] [-3.8831813039516825:0.89997552493134525] [-1.9540168418367958:0.51176631571916065] [-2.132041119598469:2.3783085213793189] [-2.3424545318131833:4.4237226594253238] [-2.1733731625589692:5.4476840486576972] [-4.3550040192351016:3.6953590995209926] [-2.1872080567554728:2.3357612051189238] [-2.3407448404038522:4.8892965302665985] [-2.2682167424833013:3.1512653643656283] [-2.7647459285020819:4.0715285355517361] [-2.721964382566203:3.0377409814298582] [-2.1841202140381606:5.1747387117248707] [-2.8893252512044598:4.6046011048148525] [-3.2038349841563933:4.6164356694671609] [-2.5530490327613045:2.9794987605591876] [-2.3471554402424495:4.9166455909696918] [-2.9380619171822002:3.6939622364416014] [-3.5324106063684262:4.1563002404019862] [-3.2656917469556772:3.6292975210713982] [-3.0334307762612567:3.5728169605611768] [-1.7317697096044555:2.508754681983457] [-1.1565358849772907:3.7298026193111746] [-1.2647935869202116:3.6441286340801216] [3:820] [3:820] none
tree_sizes=3510 3179 3357 3530 3380 3292 3496 2986 3219 3823 3492 3506 2463 3425 3303 3302 3534

Tree=0
num_leaves=33
num_cat=0
split_feature=27 40 28 34 26 34 33 17 28 15 15 23 26 32 15 35 32 15 31 39 35 25 16 36 26 33 31 16 34 33 34 30
split_gain=12.6052 7.94912 4.86704 4.9678 10.9155 7.81959 7.36811 11.8399 9.79361 8.30437 7.63021 6.13311 3.92408 4.05831 3.85036 3.77656 3.68022 6.61606 3.67602 3.30494 2.96501 2.92371 2.59099 2.48405 2.43331 3.28453 2.31775 2.26357 1.84693 0.903365 0.73808 0.624161
threshold=-1.2820380415671877 793.00000000000011 1.5872949854153928 0.25280088742623891 0.32107240596665543 0.60766446496948856 1.0000000180025095e-35 0.5013791225244264 0.2790533986130761 0.33762877470539027 -0.95263938325471431 0.67733914243164539 -0.9607290560434355 0.10437740779164839 -0.13155964637101142 -0.79498725924597491 1.1939475624734699 -0.36615385690921221 0.59477988412794103 1.1896675235799552 -0.90990374704642629 0.29098314130647135 0.46836146424040237 -1.0000000180025095e-35 -0.67588428670785949 -0.30475820912569074 -0.54988517655905722 -0.59993940099652254 -0.22035054929809436 -0.72738719930759943 -1.0352224681011124 0.83135797570906544
decision_type=2 2 2 2 2 2 2 2 2 2 2 2 2 2 2 2 2 2 2 2 2 2 2 2 2 2 2 2 2 2 2 2
left_child=20 2 3 6 18 -6 7 8 23 10 12 -7 -8 -14 21 -11 17 -13 -5 28 24 -12 -18 -2 -1 -26 -4 -9 30 -28 -17 -10
right_child=1 -3 26 4 5 11 9 27 31 15 14 16 13 -15 -16 19 22 -19 -20 -21 -22 -23 -24 -25 25 -27 29 -29 -30 -31 -32 -33
leaf_value=0.44744503152018117 0.42883767254647492 0.50564958407607763 0.4734817712651152 0.48303735853433261 0.50066851689008773 0.44589199777817318 0.49611898065362775 0.4680071578267731 0.4811873621873598 0.46693427865448189 0.46866577693871236 0.46421770088972486 0.45516652113043338 0.48734787039748184 0.47174964716930418 0.48497817352468969 0.47479227108065603 0.49989496962124014 0.51427433293572988 0.47161649159681457 0.43681882037169278 0.43612684462071966 0.4517149444057495 0.45751998089911261 0.45705749090177222 0.48497817352468969 0.4811873621873598 0.49021630933005444 0.47637136786095691 0.50310070554672603 0.50430919735625657 0.4680071578267731
leaf_weight=4.9657053798437181 11.350183725357057 6.6209405064582816 4.7292432188987759 8.0397134721279127 6.1480161845684043 7.5667891502380362 7.0938648283481625 5.2021675407886496 4.7292432188987714 6.1480161845684043 4.7292432188987741 7.330326989293094 6.1480161845684034 4.9657053798437119 9.2220242768526077 6.1480161845684114 8.2761756330728513 8.5126377940177971 7.8032513111829749 5.6750918626785269 5.9115540236234656 8.2761756330728513 6.6209405064582816 7.8032513111829784 5.91155402362347 6.1480161845683998 4.7292432188987741 9.222024276852606 4.7292432188987759 7.0938648283481571 12.532494530081747 5.2021675407886505
leaf_count=21 48 28 20 34 26 32 30 22 20 26 20 31 26 21 39 26 35 36 33 24 25 35 28 33 25 26 20 39 20 30 53 22
internal_value=0.474094 0.476531 0.475285 0.473827 0.48071 0.473001 0.470255 0.460624 0.449953 0.475869 0.466799 0.467575 0.480702 0.469887 0.455461 0.486314 0.474094 0.483615 0.500913 0.490757 0.453732 0.445761 0.463793 0.43818 0.462471 0.471364 0.490139 0.482011 0.495508 0.496571 0.499526 0.474094
internal_weight=225.585 202.648 196.027 179.475 60.2979 44.4549 119.177 43.509 29.0848 75.6679 40.435 38.3069 18.2076 11.1137 22.2274 35.2329 30.7401 15.843 15.843 29.0848 22.9368 13.0054 14.8971 19.1534 17.0253 12.0596 16.5524 14.4242 23.4098 11.8231 18.6805 9.93141
internal_count=954 857 829 759 255 188 504 184 123 320 171 162 77 47 94 149 130 67 67 123 97 55 63 81 72 51 70 61 99 50 79 42
is_linear=0
shrinkage=1


Tree=1
num_leaves=29
num_cat=0
split_feature=27 22 40 21 29 34 26 34 23 41 34 1 25 41 37 35 19 27 9 19 23 1 24 33 21 19 36 29
split_gain=11.9843 7.75808 8.09092 4.46761 4.52271 3.98762 6.9675 6.27698 7.16313 5.99752 6.55695 6.54385 5.53954 6.4413 5.26925 4.81502 7.26854 3.90974 5.30353 3.86584 3.19827 3.00175 2.93431 5.02427 2.10752 1.81342 0.781375 0.583016
threshold=-1.2820380415671877 1.5423550096211078 793.00000000000011 -1.1854583388827347 -1.2968659005503558 0.25280088742623891 0.32107240596665543 0.60766446496948856 0.67733914243164539 352.00000000000006 -0.45692626766026112 -0.25633281800085916 -0.31118153723229885 491.50000000000006 -0.45961239212808169 0.23926113095808618 -0.47824625123994674 -1.0000000180025095e-35 -0.59743626487597357 0.72451365302079684 -0.22725470994323427 0.51322080787386759 -0.46093408402953512 -0.30475820912569074 1.0000000180025095e-35 1.0252036290859829 -0.47066225766634734 -1.1095177416498729
decision_type=2 2 2 2 2 2 2 2 2 2 2 2 2 2 2 2 2 2 2 2 2 2 2 2 2 2 2 2
left_child=22 2 3 4 -2 9 20 -8 -9 10 24 14 13 -13 -11 16 -10 18 -16 21 -7 -14 -1 -24 -5 -6 -21 -3
right_child=1 27 -4 5 25 6 7 8 15 11 -12 12 19 -15 17 -17 -18 -19 -20 26 -22 -23 23 -25 -26 -27 -28 -29
leaf_value=-0.034062383100951318 -0.027956131955292059 0.028123579328611883 0.030465130724652404 0.011923904800903969 0.011987721084747299 0.0038917677290803421 0.027448408880484634 -0.029022602112047352 0.016584137167728268 -0.029846669801013199 -0.034613221268383954 0.0089698081854833935 0.020986140403230689 -0.027077811639005939 0.0098053141170888446 0.018950660807735067 -0.019391545313816219 0.016628953831430211 -0.023742360339742669 -0.010538025004013242 0.034573717957404763 0 -0.02763626300999621 0.0041067013708194385 -0.010314582869605802 -0.010479498022833806 0.0038372504117528796 0.010262773237853436
leaf_weight=7.6078273206949261 8.7584206610918063 8.2566011995077115 6.3362790495157233 4.7295021116733578 4.7327403873205167 5.6562176644802085 5.1690943986177436 6.6582240015268317 6.606111302971839 7.3522951900959042 8.2923599332571012 8.0411548614501935 27.407706826925278 6.8814255744218817 5.9188207238912627 9.2243087291717512 11.823512941598898 5.666391804814336 8.5244491100311262 5.2028848826885223 8.6877989917993528 7.3247892111539832 6.4178663045167932 8.9980703145265544 8.2774696797132474 5.2055354565382004 4.958074674010275 6.8397401422262183
leaf_count=32 37 35 27 20 20 24 22 28 28 31 35 34 116 29 25 39 50 24 36 22 37 31 27 38 35 22 21 29
internal_value=0 0.00238116 0.0006026 -0.000651047 -0.0139795 0.000960688 0.00754927 0.000624316 -0.00422959 -0.00230934 -0.0160319 0.00118621 0.00677818 -0.00824282 -0.010507 0.00272012 -0.00591735 -0.00157756 -0.00998918 0.0120056 0.0243676 0.0166379 -0.0198152 -0.0100324 -0.00141798 0 -0.00341772 0.0220518
internal_weight=225.556 202.532 187.436 181.099 18.6967 162.403 53.8253 39.4813 34.3122 108.577 21.2993 87.278 59.816 14.9226 27.462 27.6539 18.4296 20.1097 14.4433 44.8935 14.344 34.7325 23.0238 15.4159 13.007 9.93828 10.161 15.0963
internal_count=954 857 793 766 79 687 228 167 145 459 90 369 253 63 116 117 78 85 61 190 61 147 97 65 55 42 43 64
is_linear=0
shrinkage=0.03


Tree=2
num_leaves=31
num_cat=0
split_feature=27 22 40 21 29 34 26 34 41 26 7 25 41 37 38 17 35 7 34 22 19 7 35 12 26 31 19 26 28 27
split_gain=11.3628 7.41699 7.75396 4.22625 4.261 3.81715 6.65867 6.01049 5.6576 6.2607 6.1783 5.25398 6.09949 4.98028 4.04442 4.06219 3.80095 5.0203 6.3711 4.02159 3.67504 2.86143 2.82003 3.93477 2.37261 1.79617 1.73152 1.64087 1.20922 0.566176
threshold=-1.2820380415671877 1.5423550096211078 793.00000000000011 -1.1854583388827347 -1.2968659005503558 0.25280088742623891 0.32107240596665543 0.60766446496948856 352.00000000000006 -0.86578079959824361 -0.25790767394688563 -0.31118153723229885 491.50000000000006 -0.45961239212808169 -1.0000000180025095e-35 0.5013791225244264 0.58401059435943992 -0.25790767394688563 1.6131112680086965 0.13822190751248628 0.72451365302079684 0.71129595370476884 -1.8292356494500364 -0.37433429906279686 -0.29609126092709215 0.59477988412794103 1.0252036290859829 -0.20114300448190006 0.66743761969501392 1.7258080929640889
decision_type=2 2 2 2 2 2 2 2 2 2 2 2 2 2 2 2 2 2 2 2 2 2 2 2 2 2 2 2 2 2
left_child=22 2 3 4 -2 8 25 -8 9 -5 13 12 -12 -10 15 -15 17 19 -19 -9 21 -13 -1 27 -11 -7 -6 -24 -22 -3
right_child=1 29 -4 5 26 6 7 16 10 24 11 20 -14 14 -16 -17 -18 18 -20 -21 28 -23 23 -25 -26 -27 -28 -29 -30 -31
leaf_value=0 -0.02709280253921445 0.026761145432816876 0.02991593236808749 0.0039697858465438871 0.011739962827231585 0.0096006270133856646 0.026956205543843027 0.018273280077978887 -0.028942810210606545 -0.042918616126062271 0.0087587527361104572 0.020487894376891053 -0.026280718886646157 -0.021854942826963205 0.015748059430069333 0.0086485359927158043 0.014701748696990121 -0.034155576866787676 0.0021429686211855421 -0.012319234872085444 -0.012545671229261732 0 -0.047112433233134535 -0.00099754176312670919 -0.012836027585268474 0.034440255242891474 -0.010216126497662903 -0.01728166367079299 0.0054417688571144519 0.008915024162268248
leaf_weight=5.4669258445501354 8.813328832387926 9.1610078215599042 6.2873024493455878 8.2901700139045733 4.7194987386465055 7.5210987329483014 5.1335026174783698 7.0712057799100858 7.4005346596241024 4.7651260644197455 8.024274602532385 27.270581528544426 6.9222927540540686 8.774644151329996 6.3780168443918202 4.9664570093154916 6.1390887051820746 9.0351854413747805 6.6289081126451483 5.4640021622180939 4.9734401255846006 7.3247892111539832 4.7851700037717855 5.2315237522125217 8.3138605654239637 6.7415238171815872 5.2180199176073074 7.625356525182724 5.1956310272216797 5.8620490431785575
leaf_count=23 37 39 27 35 20 32 22 30 31 20 34 116 29 37 27 21 26 38 28 23 21 31 20 22 35 29 22 32 22 25
internal_value=0 0.0023228 0.000585974 -0.000636909 -0.0135813 0.000932297 0.00738647 0.000623343 -0.00226382 -0.0155667 0.00113547 0.00658248 -0.00802132 -0.0102058 -0.00150621 -0.0106703 -0.00410941 -0.00894238 -0.0195999 0.0046193 0.0116903 0.0162243 -0.0192576 -0.0246852 -0.0274958 0.0238823 0 -0.0330549 -0.00332311 0.0216022
internal_weight=225.505 202.396 187.372 181.085 18.7508 162.334 53.7345 39.4719 108.6 21.3692 87.2307 59.711 14.9466 27.5197 20.1191 13.7411 34.3384 28.1993 15.6641 12.5352 44.7644 34.5954 23.109 17.6421 13.079 14.2626 9.93752 12.4105 10.1691 15.0231
internal_count=954 857 793 766 79 687 228 167 459 90 369 253 63 116 85 58 145 119 66 53 190 147 97 74 55 61 42 52 43 64
is_linear=0
shrinkage=0.03


Tree=3
num_leaves=32
num_cat=0
split_feature=27 22 40 16 22 16 27 35 33 35 29 25 40 33 40 28 35 24 15 29 31 33 15 35 34 23 19 13 29 24 23
split_gain=10.8105 7.08972 7.43415 3.7969 5.10849 7.12467 5.61544 5.00499 4.57835 4.11323 4.24989 3.85616 3.65006 4.22843 3.91979 3.6384 2.82111 2.96742 2.49095 2.22147 4.11674 1.84343 1.62276 1.2409 1.16899 2.37086 1.27071 1.01716 0.617749 0.575366 1.06269
threshold=-1.2820380415671877 1.5423550096211078 793.00000000000011 1.0025118968588651 0.13822190751248628 1.0000000180025095e-35 1.0000000180025095e-35 -0.23955756821046079 0.67053946052486846 -0.79498725924597491 -0.36012510604794196 0.59206548057585628 754.00000000000011 1.450777596245316 180.00000000000003 -1.0000000180025095e-35 -0.90990374704642629 -0.46093408402953512 -0.48345096217831263 -0.9221695827493902 -0.35910766644455766 -0.10969867519557898 0.22033166943628982 -0.48215904245585778 0.13451302824515543 1.2804017106815651 0.72451365302079684 -0.58166198791540047 -1.1095177416498729 -0.171732429202717 0.37580785830668556
decision_type=2 2 2 2 2 2 2 2 2 2 2 2 2 2 2 2 2 2 2 2 2 2 2 2 2 2 2 2 2 2 2
left_child=16 2 3 4 5 9 7 11 19 27 -11 -7 13 14 -6 -9 17 -1 -8 -5 -21 -19 -10 -22 26 -26 -16 -2 -3 -12 -31
right_child=1 28 -4 8 12 6 18 15 22 10 29 -13 -14 -15 24 -17 -18 21 -20 20 23 -23 -24 -25 25 -27 -28 -29 -30 30 -32
leaf_value=-0.02539510673479169 -0.014693799851336113 0.027239522211246283 0.029384192358320425 -0.0013859190770184953 0.0070368499486733712 -0.014664601971194405 -0.0043973265402605854 -0.043614887143466938 -0.019535707274535404 -0.0022245522684670505 0.026019453008981432 0.013524835065518692 0.011322350548053025 0.0097522257030585296 -0.011089602373578289 -0.0057561544328077916 -0.035021105185576128 -0.011693664268092306 0.020883589017618633 -0.003792241118912046 0.0091414366479551264 0.0097426012393927713 0.0022100944053210342 0.030186440047181098 -0.002608076426010813 -0.023965327676307973 -0.02919890988909455 0.0022960140160916739 0.009510005150863296 0.0011195508638864927 0.019112891708815218
leaf_weight=5.7681866139173552 4.742427185177803 8.1645517796277982 6.2369530946016303 6.3984466046094921 5.4369563311338416 9.0007311403751356 5.4263780564069748 5.6998341828584671 4.7416015714406949 9.225158333778376 12.899734646081919 5.8950841873884192 5.4338305145502082 5.9142815917730323 10.16158363223076 4.7102456688880938 6.0063637644052497 5.4933099597692525 5.6671890169382078 5.4561307430267361 6.5989536643028321 5.9145503938198054 4.7248886078596115 11.061937540769572 14.415256798267366 6.4101271182298651 13.108142510056494 4.7261781394481641 6.7838595360517493 5.8789792656898587 7.3079929500818253
leaf_count=24 20 35 27 27 23 38 23 24 20 39 55 25 23 25 43 20 25 23 24 23 28 25 20 47 61 27 55 20 29 25 31
internal_value=0 0.00226417 0.000568054 -0.000625102 -0.00293843 0.00192879 -0.00766554 -0.0152854 0.00745354 0.0098528 0.0144905 -0.00292585 -0.00941507 -0.0117974 -0.0146991 -0.0298711 -0.0187582 -0.0103939 0.00899023 0.0132163 0.0173399 -0.000274283 -0.00931716 0.0239674 -0.0176541 -0.0106192 -0.0226835 -0.00651218 0.0211593 0.0204186 0.0124333
internal_weight=225.41 202.227 187.279 181.042 142.06 81.1799 36.3995 25.3059 38.982 44.7805 35.3119 14.8958 60.8802 55.4463 49.5321 10.4101 23.1824 17.176 11.0936 29.5155 23.117 11.4079 9.46649 17.6609 44.0951 20.8254 23.2697 9.46861 14.9484 26.0867 13.187
internal_count=954 857 793 766 601 344 154 107 165 190 150 63 257 234 209 44 97 72 47 125 98 48 40 75 186 88 98 40 64 111 56
is_linear=0
shrinkage=0.03


Tree=4
num_leaves=31
num_cat=0
split_feature=27 22 40 21 29 35 3 28 28 15 17 15 16 33 34 22 2 26 34 40 24 29 29 34 19 22 28 30 27 4
split_gain=10.2782 6.77977 7.12851 3.85522 3.99144 3.64573 5.55579 6.46585 4.92721 5.34487 3.86245 5.95707 4.48566 4.10991 4.02849 3.75512 3.23813 3.06524 5.06091 2.7136 4.08242 2.64215 4.74315 2.20016 1.63703 1.60747 1.59821 0.981195 0.593873 0.128224
threshold=-1.2820380415671877 1.5423550096211078 793.00000000000011 -1.1854583388827347 -1.2968659005503558 0.78830657267135329 -0.64379309772760573 0.11552320026278666 1.0000000180025095e-35 0.45492587997449069 0.5013791225244264 0.68952009051269159 1.0000000180025095e-35 1.0000000180025095e-35 0.19365695783569706 0.41904852793421038 -0.25468180886480057 -0.86578079959824361 1.0000000180025095e-35 759.50000000000011 0.40667088045091909 -0.81808727224912192 -0.36012510604794196 -1.1075094931562186 1.0252036290859829 -0.23621358638314616 -1.3562485848898191 -0.11074285996200224 1.7258080929640889 0.75539572554602785
decision_type=2 2 2 2 2 2 2 2 2 2 2 2 2 2 2 2 2 2 2 2 2 2 2 2 2 2 2 2 2 2
left_child=19 2 3 4 -2 6 7 23 10 17 11 16 25 -13 -14 27 -8 -10 -19 20 26 -7 -23 -5 -6 -12 -1 -11 -3 -9
right_child=1 28 -4 5 24 21 8 29 9 15 12 13 14 -15 -16 -17 -18 18 -20 -21 -22 22 -24 -25 -26 -27 -28 -29 -30 -31
leaf_value=-0.01326735365329209 -0.025969143358196167 0.025892590579944502 0.028868845871679229 0.014398774499208298 0.011589257121094909 0.023303449625431513 0.012057874108960054 -0.035929379167050406 0.018110112412579434 0.013936300350391697 0.026747206375576132 -0.038138620488108857 0.0080583353260275156 -0.0049077890356304553 -0.023507795292241101 0 -0.0083676365624937316 -0.01963698578537338 0.0053547876777838245 0 -0.0019910124598313318 -0.0150590165890244 0.016282661087186106 -0.0097700224130757001 -0.0097388683127473275 0.0022197626644337651 -0.043328168910329368 0.037800815560026207 0.0082103346958589726 -0.014661468772730623
leaf_weight=5.278268918395046 8.8805049508810061 9.0592135041952115 6.1854011714458457 5.1939547657966614 4.7104229182004911 8.7311307042837161 9.6789611876010841 5.6724000722169858 6.1002847552299491 6.8384858369827279 6.3409887701272964 7.1513693779706937 6.3718571960926038 7.0636250674724579 5.2187763154506683 5.445607215166091 17.010039150714881 9.5072260349988955 19.79001185297966 5.4875041246414176 6.213665395975112 6.1416220217943183 8.4609559774398786 5.2357502132654208 5.2394854575395584 4.7232728749513644 6.2705729752779025 6.3012388944625863 5.8140376359224311 5.2179979383945465
leaf_count=22 37 39 27 22 20 37 41 24 26 29 27 30 27 30 22 23 72 40 84 23 26 26 36 22 22 20 26 27 25 22
internal_value=0 0.00220916 0.000552666 -0.000611279 -0.0129478 0.000889818 -0.000953799 -0.0145319 0.00161072 0.00819683 -0.0039509 -0.00938757 0.00559014 -0.0240522 -0.00676129 0.0205766 -0.000499868 0.000962036 -0.00312188 -0.018265 -0.0235677 0.0114979 0.00255335 0.00206009 2.9627e-05 0.0182692 -0.0331535 0.028491 0.0207324 -0.029232
internal_weight=225.335 202.085 187.211 181.026 18.8304 162.196 138.862 21.3201 117.542 53.9829 63.5589 40.904 22.6549 14.215 11.5906 18.5853 26.689 35.3975 29.2972 23.25 17.7625 23.3337 14.6026 10.4297 9.94991 11.0643 11.5488 13.1397 14.8733 10.8904
internal_count=954 857 793 766 79 687 588 90 498 229 269 173 96 60 49 79 113 150 124 97 74 99 62 44 42 47 48 56 64 46
is_linear=0
shrinkage=0.03


Tree=5
num_leaves=30
num_cat=0
split_feature=27 40 22 21 29 34 26 34 23 41 34 7 25 41 37 35 19 38 17 19 23 7 35 24 30 33 19 28 29
split_gain=9.77708 6.48748 6.92476 3.6506 3.76624 3.52289 6.31622 5.68184 6.57848 5.29973 5.94222 5.76642 5.00245 5.63235 4.66463 4.3869 6.61257 3.82936 3.7845 3.35592 2.99675 2.70932 2.60993 2.76744 2.19607 1.7355 1.56341 1.13514 0.847211
threshold=-1.2820380415671877 793.00000000000011 1.5423550096211078 -1.1854583388827347 -1.2968659005503558 0.25280088742623891 0.32107240596665543 0.60766446496948856 0.67733914243164539 352.00000000000006 -0.45692626766026112 -0.25790767394688563 -0.31118153723229885 491.50000000000006 -0.45961239212808169 0.23926113095808618 -0.47824625123994674 -1.0000000180025095e-35 0.5013791225244264 0.72451365302079684 -0.22725470994323427 0.71129595370476884 -0.90990374704642629 -0.46093408402953512 -1.0000000180025095e-35 -0.10969867519557898 1.0252036290859829 0.66743761969501392 -1.1095177416498729
decision_type=2 2 2 2 2 2 2 2 2 2 2 2 2 2 2 2 2 2 2 2 2 2 2 2 2 2 2 2 2
left_child=22 2 3 4 -2 9 20 -8 -9 10 24 14 13 -13 -11 16 -10 18 -16 21 -7 -14 23 -1 -5 -25 -6 -21 -4
right_child=1 -3 28 5 26 6 7 8 15 11 -12 12 19 -15 17 -17 -18 -19 -20 27 -22 -23 -24 25 -26 -27 -28 -29 -30
leaf_value=-0.024183714094549429 -0.025192727839791099 0.028909415806006551 0.026403296705339856 -0.011052387746354437 0.011350099536255374 0.0034592865710617242 0.026242614417349958 -0.027725439842448248 0.015961070258415779 -0.027906866697337121 -0.032599038500300638 0.0083334722583318956 0.019901963643204099 -0.025312359173082007 -0.021053589049625697 0.018186927548068298 -0.018369211310203973 0.015419359212847367 0.0083681010823974562 -0.01188927291566782 0.033216351602051754 0 -0.033339065130926299 -0.011107308122913301 0.011286919853099748 0.0096909187526392892 -0.0094960431596488939 0.005513695126166054 0.0076986437538402747
leaf_weight=5.8150720894336745 8.92509973049164 6.3630295246839514 8.0693477690219861 7.6006643027067184 4.697194039821623 5.6292956620454779 5.0770781189203253 6.7182144969701758 6.5558715462684622 7.4503430724144009 8.4037565141916257 7.9878324866294843 27.093719497323036 6.9688457399606705 8.8243320882320422 9.1452178210020048 11.907545298337942 6.3526605814695332 4.9496215283870706 5.0013294070959073 8.5131150335073453 7.3214072883129111 6.0692079514265052 5.5191038995981252 5.4323210120201129 5.910885483026501 5.2504494190216064 5.1973117142915726 6.4974519610404959
leaf_count=24 37 28 35 32 20 24 22 28 28 31 35 34 116 29 37 39 50 27 21 21 37 31 25 23 23 25 22 22 28
internal_value=0 0.00215831 0.00104407 -0.000594381 -0.0125855 0.000867344 0.00708323 0.0005047 -0.00407391 -0.00219815 -0.0150498 0.0010966 0.00637456 -0.00785699 -0.00983893 0.00260741 -0.00559552 -0.00140152 -0.0103047 0.0113761 0.0232229 0.0157306 -0.0177882 -0.00976527 -0.00112431 -1.12189e-05 2.0634e-05 -0.00293787 0.0199313
internal_weight=225.247 201.933 195.57 181.003 18.8727 162.13 53.5463 39.4039 34.3268 108.584 21.4367 87.1474 59.5704 14.9567 27.577 27.6086 18.4634 20.1266 13.774 44.6138 14.1424 34.4151 23.3143 17.2451 13.033 11.43 9.94764 10.1986 14.5668
internal_count=954 857 829 766 79 687 228 167 145 459 90 369 253 63 116 117 78 85 58 190 61 147 97 72 55 48 42 43 63
is_linear=0
shrinkage=0.03


Tree=6
num_leaves=32
num_cat=0
split_feature=27 40 22 15 15 27 26 15 29 22 32 32 16 25 27 33 27 36 3 33 24 16 35 12 35 13 37 13 29 3 15
split_gain=9.30014 6.22752 6.62094 3.61279 8.62788 7.19638 7.04419 5.37001 4.66993 11.3553 8.20169 5.71716 5.71684 4.31604 6.53922 7.67057 4.25489 4.14386 4.31666 3.14632 3.78719 2.54592 2.49533 3.60714 2.24054 2.15663 1.89142 1.70141 0.811551 0.65085 0.102821
threshold=-1.2820380415671877 793.00000000000011 1.5423550096211078 -0.36615385690921221 -0.95263938325471431 0.44587356763163066 -0.9607290560434355 -1.5391249096002162 -0.5608552762984591 0.13822190751248628 1.0000000180025095e-35 1.1939475624734699 -1.1340898336149847 -0.61226387650168379 1.0000000180025095e-35 -1.0000000180025095e-35 -0.51407732636771286 1.0000000180025095e-35 0.22555813824469712 -0.30475820912569074 0.40667088045091909 0.46836146424040237 -1.8292356494500364 -0.37433429906279686 -0.79498725924597491 -0.059896078045727726 -0.45961239212808169 0.99797972568291182 -1.1095177416498729 -0.64379309772760573 -0.71804517271651347
decision_type=2 2 2 2 2 2 2 2 2 2 2 2 2 2 2 2 2 2 2 2 2 2 2 2 2 2 2 2 2 2 2
left_child=22 2 3 4 6 16 -2 -8 12 10 13 24 -5 -10 15 -15 -6 29 -19 21 -21 -9 -1 26 -12 -14 -24 -27 -4 -11 -7
right_child=1 -3 28 8 5 30 7 19 9 17 11 -13 25 14 -16 -17 -18 18 -20 20 -22 -23 23 -25 -26 27 -28 -29 -30 -31 -32
leaf_value=0 0.026059141055521925 0.028414622185479251 0.025901442839747865 -0.011621034211475031 -0.019530077413785634 -0.018371950273811267 -0.026580564859387052 0.02681003115920717 0.015547650968783756 -0.037145719798996134 0.0053896516076592646 -0.0058763457221618484 0.0052928238736334949 -0.037890858088618702 0.013337555278084339 -0.00091796832540343718 0.0087889338119828096 0.011625065185830497 -0.02071748983117818 -0.017037280873543576 0.011217937864437354 0 -0.01160821438689251 -4.0986301498172969e-05 0.029895651680709585 0.037861997602977468 -0.040634071814863434 0.012309651165643948 0.0075238628349166359 -0.014196261081876806 -0.043087793420571292
leaf_weight=5.492946624755862 7.6780761629343024 6.306593030691146 8.0089066177606565 5.491167455911639 7.3507414162158993 5.2397523075342178 5.7121993899345389 4.9356242567300797 6.3439640700817064 6.2059671878814697 5.8891555666923585 6.3519449532032004 8.5387566983699852 8.1501217186450976 6.7928388416767111 11.48153761029244 8.7303424179554003 6.3500984758138639 5.4677740633487701 9.4930864721536619 5.42464204132557 6.8452670276165009 5.8228432685136831 5.2707751989364597 16.113922327756882 6.0960643142461732 6.7827615141868591 8.04870957136154 6.4839900583028784 6.1847269982099551 5.9982988983392698
leaf_count=23 33 28 35 23 31 22 24 21 27 26 25 27 36 34 29 49 37 27 23 40 23 29 24 22 69 26 28 34 28 26 25
internal_value=0 0.00210677 0.00101725 -0.000581421 -0.00603579 -0.0185935 0.00273955 -0.00351622 0.00264206 -0.00084275 0.00599228 0.0174263 0.0129077 -0.0040564 -0.00956013 -0.0181513 -0.0043764 -0.0176764 -0.00353637 0.00235709 -0.00631099 0.013258 -0.0173291 -0.0223904 0.0243545 0.0194462 -0.0303119 0.0262799 0.0195315 -0.0288926 -0.0355555
internal_weight=225.084 201.714 195.408 180.915 67.408 27.3191 40.0889 32.4108 113.507 85.3321 61.1235 28.355 28.1747 32.7685 26.4245 19.6317 16.0811 24.2086 11.8179 26.6986 14.9177 11.7809 23.3693 17.8764 22.0031 22.6835 12.6056 14.1448 14.4929 12.3907 11.2381
internal_count=954 857 829 766 285 115 170 137 481 362 260 121 119 139 112 83 68 102 50 113 63 50 97 74 94 96 52 60 63 52 47
is_linear=0
shrinkage=0.03


Tree=7
num_leaves=27
num_cat=0
split_feature=27 40 22 16 41 38 23 37 32 0 32 24 23 32 24 19 33 40 24 2 16 20 39 15 28 29
split_gain=8.83721 5.98151 6.33418 3.53486 5.28115 5.19789 4.59798 4.09944 5.00395 6.29217 3.64376 6.24697 3.62746 3.54322 2.68243 2.53683 2.64483 2.48701 3.78989 2.31381 2.31202 2.56457 1.66413 2.06117 1.44575 0.777795
threshold=-1.2820380415671877 793.00000000000011 1.5423550096211078 1.0025118968588651 352.00000000000006 -0.6679020345484441 -1.7349111305680329 1.0000000180025095e-35 1.1939475624734699 0.19039203145578795 -0.80359772110986938 -0.46093408402953512 -0.8303172781931536 0.64916248513255914 0.69587253527773718 -0.77893622730513246 0.2804203926646448 759.50000000000011 0.40667088045091909 0.40353336165997905 1.0000000180025095e-35 -0.43027402124577913 1.0000000180025095e-35 1.0000000180025095e-35 -1.3562485848898191 -1.1095177416498729
decision_type=2 2 2 2 2 2 2 2 2 2 2 2 2 2 2 2 2 2 2 2 2 2 2 2 2 2
left_child=17 2 3 6 -5 -6 -2 10 9 15 20 12 -12 19 -15 -9 -17 18 24 -13 21 -8 23 -7 -1 -4
right_child=1 -3 25 4 5 22 7 8 -10 -11 11 13 -14 14 -16 16 -18 -19 -20 -21 -22 -23 -24 -25 -26 -27
leaf_value=-0.012313868179888271 0.019442193317073475 0.027934034120596477 0.025413341445460168 -0.011244493206806948 -0.005092826994079363 0.0095057251703346782 0.0040763369266569351 0.017282424812514713 -0.017932028187440972 0.026819273588570527 -0.0026456241190144182 -0.017560071362300419 0.025331905761514679 0.015285084274164619 -0.0063917340137171026 -0.010729706547681267 0.007614415311853303 0 -0.0013177041639609308 0.0030506160611759579 -0.034992870376517431 -0.019564620169939553 0.005521697084561448 0.036182098019063746 -0.040670386916770884 0.0073529899507070711
leaf_weight=5.3152597099542653 6.3575447201728812 6.2493173480033866 7.9475901573896408 9.0290053933858854 8.706145256757738 6.6172200590372103 5.6503678262233743 4.9152427315711966 7.1157803684473029 9.3283463269472104 6.8260015100240707 30.100234687328339 7.2410319894552213 6.3287914097309139 13.256496235728262 16.618149027228363 9.9151213169097883 5.5054053813219062 6.2444315850734702 4.7595267146825782 4.9945929497480384 8.5871620029211044 6.5899759083986273 7.9109186977148056 6.3604589402675646 6.4706892669200879
leaf_count=22 27 28 35 38 37 28 24 21 30 40 29 127 31 27 56 70 42 23 26 20 21 36 28 34 26 28
internal_value=0 0.00205242 0.000986974 -0.000573083 0.00723525 0.0132919 -0.00280475 -0.00409251 0.00282022 0.00709126 -0.00791684 -0.0043573 0.0124237 -0.00901711 0.000917423 0.000102827 -0.00362009 -0.0168754 -0.0219265 -0.0145712 -0.0190752 -0.0103068 0.0209716 0.0264327 -0.0310883 0.0191417
internal_weight=224.941 201.515 195.266 180.848 38.8533 29.8243 141.994 135.637 47.8926 40.7769 87.7442 68.5121 14.067 54.445 19.5853 31.4485 26.5333 23.4256 17.9202 34.8598 19.2321 14.2375 21.1181 14.5281 11.6757 14.4183
internal_count=954 857 829 766 165 127 601 574 203 173 371 290 60 230 83 133 112 97 74 147 81 60 90 62 48 63
is_linear=0
shrinkage=0.03


Tree=8
num_leaves=29
num_cat=0
split_feature=27 40 22 16 23 33 22 16 27 13 21 35 40 40 33 39 35 24 29 31 15 33 34 15 15 35 29 32
split_gain=8.42224 5.73687 6.04614 3.35229 4.38107 4.33115 3.94839 6.22524 5.54603 4.68926 3.68738 3.46473 3.07083 2.92961 3.03715 2.77899 2.45046 2.59578 2.10833 3.76087 2.02314 1.59509 1.5747 1.46692 1.20775 1.1322 0.745791 0.731332
threshold=-1.2820380415671877 793.00000000000011 1.5423550096211078 1.0025118968588651 -1.7349111305680329 0.67053946052486846 0.13822190751248628 1.0000000180025095e-35 1.0000000180025095e-35 -0.61442506548346976 1.0000000180025095e-35 -0.79498725924597491 754.00000000000011 180.00000000000003 1.1690249361240432 -1.0000000180025095e-35 -0.90990374704642629 -0.46093408402953512 -0.9221695827493902 -0.35910766644455766 -0.48345096217831263 -0.10969867519557898 0.13451302824515543 0.22033166943628982 0.22033166943628982 -0.48215904245585778 -1.1095177416498729 -0.80359772110986938
decision_type=2 2 2 2 2 2 2 2 2 2 2 2 2 2 2 2 2 2 2 2 2 2 2 2 2 2 2 2
left_child=16 2 3 4 -2 18 7 10 9 -9 15 -12 13 -8 22 -6 17 -1 -5 -20 -10 -19 -15 -7 -11 -21 -4 -13
right_child=1 -3 26 5 6 23 12 8 20 24 11 27 -14 14 -16 -17 -18 21 19 25 -22 -23 -24 -25 -26 -27 -28 -29
leaf_value=-0.022672283001771393 0.019043509745180761 0.027466836335906967 0.024938241161181013 -0.0014807161312007612 0.0072522723768881072 -0.018871139852067953 0.0067604700571940179 0.0034177433634306241 -0.0037594427492366462 -0.029942440191403595 -0.0045837615909819105 0.0066128914783259926 0.0096825979572331706 -0.023106624795053425 0.0044529546466477565 -0.016894214679296828 -0.031366075020647088 -0.010088490326453677 -0.0033963935664322871 0.0088452760396850062 0.019182641572816628 0.0098323844352078277 -0.0096528395305983828 0.0018049281548803975 -0.008504995632242985 0.029170289133534366 0.0071859370746140318 0.022849472865491605
leaf_weight=5.8651882261037871 6.3277795910835257 6.1913416385650626 7.8855505138635635 6.3820724487304714 7.7344744652509689 4.7633810341358167 5.4149218648672095 6.8512630462646511 5.453247457742691 11.430236712098123 5.9161804020404771 6.1117175817489615 5.1698879003524771 21.117461264133453 5.6810691952705374 6.3687619119882566 6.1311358362436286 5.559570580720905 5.4675303697586086 6.5690811127424302 5.3723247051238996 5.9173140525817836 20.948874339461327 4.7008005827665329 5.9267384111881247 10.902761593461031 6.4575534760951978 16.232214614748965
leaf_count=24 27 28 35 27 33 20 23 29 23 48 25 26 22 88 24 27 25 23 23 28 23 25 88 20 25 47 28 70
internal_value=0 0.00202015 0.000979149 -0.000541051 -0.00271308 0.00707013 -0.00396817 0.000423993 -0.00865214 -0.0164066 0.0081058 0.0141637 -0.00976066 -0.011975 -0.0143628 -0.00384315 -0.016443 -0.00877165 0.0127129 0.0167558 0.00808798 0 -0.0171074 -0.00921228 -0.0241994 0.0231483 0.0187616 0.0193553
internal_weight=224.85 201.377 195.186 180.843 142.057 38.7856 135.729 77.3972 35.0338 24.2082 42.3633 28.2601 58.3322 53.1623 47.7474 14.1032 23.4732 17.3421 29.3214 22.9394 10.8256 11.4769 42.0663 9.46418 17.357 17.4718 14.3431 22.3439
internal_count=954 857 829 766 601 165 574 329 148 102 181 121 245 223 200 60 97 72 125 98 46 48 176 40 73 75 63 96
is_linear=0
shrinkage=0.03


Tree=9
num_leaves=35
num_cat=0
split_feature=30 40 22 24 23 34 34 22 24 39 33 28 17 20 15 22 29 12 22 30 30 19 40 28 16 12 30 38 12 29 35 16 33 29
split_gain=7.38474 5.66779 5.82252 4.92784 9.68033 3.48653 7.30528 5.13336 5.10752 4.36356 5.40553 10.5411 8.97049 5.52447 6.72611 7.76614 4.82578 3.45264 3.33705 3.14681 3.05782 2.89698 2.64234 2.28756 2.24846 2.22434 3.5621 1.64621 1.47602 1.33833 1.31168 1.14559 1.02539 0.715405
threshold=-1.1612269776129271 793.00000000000011 1.5423550096211078 -0.75013573885635298 0.67733914243164539 0.25280088742623891 0.60766446496948856 0.32543965446030237 0.98507419010455521 1.1896675235799552 1.0000000180025095e-35 0.48346614655093811 0.5013791225244264 -0.43027402124577913 -0.13155964637101142 0.13822190751248611 -0.5608552762984591 -0.49107908131235767 0.13822190751248628 1.0000000180025095e-35 -0.28582354623715628 -1.0796262033703183 491.50000000000006 -0.25241974602536493 -0.59993940099652254 -0.56269371541533408 0.064337826313151783 -1.0000000180025095e-35 -0.36374693382142004 -0.36012510604794196 0.46088578600181368 1.0000000180025095e-35 0.67053946052486846 -1.1095177416498729
decision_type=2 2 2 2 2 2 2 2 2 2 2 2 2 2 2 2 2 2 2 2 2 2 2 2 2 2 2 2 2 2 2 2 2 2
left_child=3 2 5 -1 21 9 29 17 24 10 11 12 25 19 15 -15 -16 -8 -18 31 27 -5 -17 -11 -9 -2 -27 -19 -22 -7 -13 -12 -25 -4
right_child=1 -3 33 4 -6 6 7 8 -10 23 13 30 -14 14 16 22 18 20 -20 -21 28 -23 -24 32 -26 26 -28 -29 -30 -31 -32 -33 -34 -35
leaf_value=-0.038364167719859579 -0.046833396738563605 0.027280826721717048 0.024475452396971385 -0.0040288188901720905 -0.035488645083324229 0.0071924006305322131 0.024997964242172828 -0.011833935022441795 -0.029822119079898093 -0.030489149543149068 0.035498483826830123 0 0.0051902804613872047 -0.037920330528745133 0.027448680916678216 0.0097383955559906272 0.010071635192639639 -0.019012612693545469 -0.013458015077119329 -0.00086139421962766352 -0.00058974288191881931 0.021121641966447533 -0.015384301550853002 -0.014236045797224955 0.012500139215995267 -0.0057280111853700594 -0.036704444987549018 0.0017698500463517062 0.019243827780220379 0.030099564128860765 0.020412409380123626 0.012785620907369616 0.0027747121140791549 0.0070226144374305188
leaf_weight=4.8957848846912411 5.3310156166553524 6.1564023047685614 7.8229282945394516 8.1160720437765139 5.5540889054536811 5.5857841521501532 5.8170330822467795 4.992730364203454 7.2183425128459922 6.0157818645238885 4.8860055357217744 4.971012130379675 8.5274728685617465 6.4568688869476309 6.5759418010711661 8.0822097212076169 10.927309527993218 5.6696375906467438 8.1221403926610929 5.8928844183683387 4.7200705558061609 5.6564846187829962 4.7083026170730582 4.7531677037477458 5.6546790748834619 9.3568626493215543 5.0917702168226233 5.2256252765655535 6.5037058144807824 8.4878338426351529 6.6021413058042526 9.1530510038137418 4.7431102991104126 6.444586828351019
leaf_count=20 22 28 35 34 23 24 25 21 30 25 21 21 36 27 28 34 47 24 34 25 20 24 20 20 24 39 21 22 28 37 28 39 20 28
internal_value=0 0.00193272 0.00089629 -0.0151344 -0.00662251 -0.000597256 0.0051983 -0.00068803 -0.0127751 -0.00356207 -0.00119269 -0.00972921 -0.0193917 0.00407138 -0.00173765 -0.0146487 0.00801251 0.00709519 0 0.0166355 0.000844382 0.00696775 0 -0.0176844 0.00054332 -0.0298903 -0.0194459 -0.00955286 0.0113452 0.0229615 0.0129588 0.0237401 -0.00597453 0.0183906
internal_weight=224.719 200.496 194.34 24.2224 19.3266 180.072 59.8754 45.8018 17.8658 120.197 104.685 39.8803 28.3071 64.8047 44.8728 19.2474 25.6254 27.9361 19.0494 19.9319 22.119 13.7726 12.7905 15.5121 10.6474 19.7796 14.4486 10.8953 11.2238 14.0736 11.5732 14.0391 9.49628 14.2675
internal_count=954 853 825 101 81 762 255 194 75 507 442 167 118 275 190 81 109 119 81 85 94 58 54 65 45 82 60 46 48 61 49 60 40 63
is_linear=0
shrinkage=0.03


Tree=10
num_leaves=32
num_cat=0
split_feature=27 16 41 25 34 17 15 24 33 28 16 35 16 21 27 33 24 41 35 34 16 41 35 36 27 25 17 0 5 16 36
split_gain=7.68789 4.0866 5.93383 4.67944 4.17898 6.06993 8.73882 5.30429 4.42562 9.21444 7.55752 4.2579 3.98146 4.72998 3.89732 3.69066 3.3916 2.77801 2.73791 2.69317 5.8249 2.79926 2.28673 2.47965 2.13533 4.69294 1.76817 1.76302 0.978419 0.834344 0.537885
threshold=-1.2820380415671877 1.0025118968588651 352.00000000000006 0.89314781984524139 0.13451302824515543 0.5013791225244264 0.57222298524359128 0.40667088045091909 1.0000000180025095e-35 0.48346614655093811 -1.1340898336149847 0.46088578600181368 0.46836146424040237 -1.0000000180025095e-35 0.44587356763163066 0.67053946052486846 0.98507419010455521 491.50000000000006 -0.33532130804417004 -0.6343580564318857 1.0000000180025095e-35 519.50000000000011 -0.90990374704642629 -0.17777442696978604 -0.39674999487890422 -0.31118153723229885 1.0000000180025095e-35 -0.33979170885171123 -0.34819320216310573 1.0000000180025095e-35 0.55444514977161641
decision_type=2 2 2 2 2 2 2 2 2 2 2 2 2 2 2 2 2 2 2 2 2 2 2 2 2 2 2 2 2 2 2
left_child=22 3 -3 4 5 8 -7 14 9 29 -10 12 13 -9 18 24 -13 26 -6 21 -21 27 23 -1 25 -4 -12 -5 -8 -2 -26
right_child=1 2 15 19 7 6 28 11 10 -11 17 16 -14 -15 -16 -17 -18 -19 -20 20 -22 -23 -24 -25 30 -27 -28 -29 -30 -31 -32
leaf_value=-0.019180006457081688 -0.021280649877514591 -0.0097793324840689429 -0.01040453536823395 0.0063674240928234399 0.004564918731552005 -0.014490936559952608 0.0073560117846071848 -0.020179685565742941 -0.028340802267242955 0.0037946268816821116 0 0.024847035931125267 -0.032092790009005744 0.010875037301906688 -0.0032434146330529317 -0.0016479508039179112 -0.0043977467269072645 -0.0077667612813972298 0.028591365463018974 0.018572525362489763 -0.020385387252047742 0 -0.030042269731761034 0.0018061310672304284 0.031745420016750452 0.02559477261905985 0.022012476307675385 0.034110673053584568 0.030156074053007759 -0.045628474327908751 0.010803999218521888
leaf_weight=7.9894987791776702 9.8501442521810585 9.2672203034162504 5.1876475065946579 4.6816186904907253 8.6045856624841708 8.9970912039279956 4.8858503848314285 6.7267731279134777 6.674525365233424 7.7060070037841788 4.9116618782281893 4.6161516010761243 5.5268923193216315 7.9107707589864757 9.1033735722303373 7.689882978796958 7.069259986281395 7.0911768823862067 10.784553378820421 5.3251003175973874 5.4667883813381195 5.6043606102466574 6.1678985506296149 9.3887217342853546 11.470958411693578 4.8348062038421613 7.2445085793733597 6.6772706955671337 6.1010824739932996 6.3196252882480612 4.651234343647956
leaf_count=33 41 39 22 20 37 38 21 28 28 33 21 20 23 34 39 33 30 30 47 23 23 24 25 39 50 21 31 29 26 26 20
internal_value=0 0.0019397 0.00996243 -0.000286043 -0.0027318 -0.00768273 0.00577548 0.00294404 -0.0132115 -0.0222024 -0.00394997 -0.00524443 -0.0133483 -0.00357373 0.0121019 0.0157251 0.00821232 0.00565648 0.0193095 0.0105274 -0.000753451 0.0175074 -0.0156792 -0.00828162 0.0208642 0.00751195 0.0139192 0.0252194 0.0225991 -0.0342017 0.0274782
internal_weight=224.527 200.981 43.1017 157.879 130.124 69.7817 19.984 60.3424 49.7976 23.8758 25.9219 31.8498 20.1644 14.6375 28.4925 33.8345 11.6854 19.2473 19.3891 27.7551 10.7919 16.9632 23.5461 17.3782 26.1446 10.0225 12.1562 11.3589 10.9869 16.1698 16.1222
internal_count=954 857 185 672 553 295 85 258 210 100 110 135 85 62 123 146 50 82 84 119 46 73 97 72 113 43 52 49 47 67 70
is_linear=0
shrinkage=0.03


Tree=11
num_leaves=32
num_cat=0
split_feature=35 40 22 25 12 12 40 32 12 21 12 30 20 33 12 0 26 16 32 38 20 23 34 33 41 30 30 20 14 16 29
split_gain=6.78189 7.49379 6.97436 5.58084 4.3459 4.64054 5.06111 6.35403 4.3642 4.10081 3.8218 6.24776 6.31654 4.67296 4.66393 4.76629 6.58281 4.6012 4.35268 4.07097 3.60035 3.20665 2.85103 2.69182 2.54198 2.29006 2.27464 2.17199 1.90723 1.5035 0.446502
threshold=-0.48215904245585778 770.50000000000011 1.5423550096211078 -1.5907814791271846 2.213860434981763 -0.32219394489763326 364.00000000000006 0.10437740779164839 -0.55768822426228659 0.22584855208331461 -0.65149334381699553 0.35613897010507556 -0.43027402124577913 1.0000000180025095e-35 -0.48398686952157394 -0.42033991497543116 0.46349479063444299 -0.59993940099652254 -0.25881264376895879 1.0000000180025095e-35 -0.72445563825614878 1.0000000180025095e-35 0.13451302824515543 -1.0849963448461377 364.00000000000006 0.68684693306925582 -0.40254400375392591 -0.72445563825614878 0.27110383301970076 0.46836146424040237 -1.1095177416498729
decision_type=2 2 2 2 2 2 2 2 2 2 2 2 2 2 2 2 2 2 2 2 2 2 2 2 2 2 2 2 2 2 2
left_child=4 2 3 -2 5 6 8 20 22 -10 13 14 -13 -5 26 18 28 19 -16 21 -8 -14 27 -18 25 -19 -12 -1 -17 -7 -4
right_child=1 -3 30 10 -6 29 7 -9 9 -11 11 12 17 -15 15 16 23 24 -20 -21 -22 -23 -24 -25 -26 -27 -28 -29 -30 -31 -32
leaf_value=0.0025933253577291051 0.023652622881587457 0.027885297891020715 0.026662515363804824 -0.032460296325115004 -0.03113372799445743 0.02092532712243279 -0.021700697699069182 0.020793386543388838 -0.0051365883769431209 -0.032716307884441194 0.0038800940441996385 -0.030494448628359452 0.0097200164908260202 0.0031417215810790843 -0.023760140995875083 0.010734617674266216 -0.022974473438083336 -0.014836336498526071 0.0072214553229958201 -0.030763521993169191 0.0063253529867878869 -0.017099195476129883 0.013872117939522826 0.001829661687226087 0.019166269744864142 0.007779642461279151 0.033121611935932861 -0.022669169360719207 0.033425772769069523 0 0.009448286179461295
leaf_weight=4.7128121256828299 6.5488531887531272 9.2410214692354185 7.5123516172170639 6.2108647972345334 4.9498945921659461 5.6484557241201383 7.6998572051525116 8.8979770541191083 9.0523027777671867 13.26423543691635 4.9277607798576355 7.8973286598920813 7.3475392013788241 4.9075950086116791 8.8227865546941739 17.325734883546847 4.7814939171075812 5.1977605819702175 5.4337307512760082 6.0044209212064734 6.0557762235403079 5.7514900416135788 5.141631841659545 9.0024100691080076 7.289906993508338 8.4677355438470823 6.01689112186431 4.7886578440666154 4.5096659660339347 4.7522473484277725 6.1916158646345121
leaf_count=20 28 41 34 26 21 24 32 38 38 55 21 33 31 21 37 74 20 22 23 25 26 24 22 38 31 36 26 20 20 20 27
internal_value=0 0.00368808 0.00177182 -0.000484514 -0.00727898 -0.00489092 -0.00820098 0.00266456 -0.014861 -0.0228091 -0.00212832 -0.00025573 -0.0082655 -0.0177649 0.00601053 0.00172586 0.00764741 -0.00279637 -0.0120077 -0.0130492 -0.00956043 -0.00219168 -0.00138222 -0.00779239 0.0065305 -0.00104347 0.0224925 -0.0109482 0.0175255 0.0122194 0.020979
internal_weight=224.353 149.389 140.148 126.444 74.9638 70.014 59.6133 22.6536 36.9596 22.3165 119.895 108.777 47.9562 11.1185 60.8205 49.8758 35.6193 40.0589 14.2565 19.1035 13.7556 13.099 14.6431 13.7839 20.9554 13.6655 10.9447 9.50147 21.8354 10.4007 13.704
internal_count=954 638 597 536 316 295 251 96 155 93 508 461 202 47 259 212 152 169 60 80 58 55 62 58 89 58 47 40 94 44 61
is_linear=0
shrinkage=0.03


Tree=12
num_leaves=22
num_cat=0
split_feature=27 40 22 35 16 41 23 38 37 35 19 31 26 34 1 25 35 30 36 27 27
split_gain=7.07513 5.10185 5.16216 3.09085 3.45412 5.4241 4.93297 4.87287 3.96746 4.19371 4.04289 3.69456 5.40512 3.3687 3.7607 3.27511 2.19547 2.40267 1.73403 1.59899 0.799575
threshold=-1.2820380415671877 793.00000000000011 1.5423550096211078 1.7331754723639528 1.0025118968588651 352.00000000000006 -1.7349111305680329 -0.6679020345484441 1.0000000180025095e-35 1.0376283093612215 -0.77893622730513246 0.59477988412794103 0.46349479063444299 0.8442401833316554 0.28688150614600688 0.89314781984524139 -1.8292356494500364 -1.1612269776129271 0.27602091565266346 -0.39674999487890422 1.7258080929640889
decision_type=2 2 2 2 2 2 2 2 2 2 2 2 2 2 2 2 2 2 2 2 2
left_child=16 2 3 4 6 -6 -2 -7 9 11 18 15 -13 14 -12 -8 -1 -18 -10 -9 -4
right_child=1 -3 20 -5 5 7 8 19 10 -11 13 12 -14 -15 -16 -17 17 -19 -20 -21 -22
leaf_value=0.00051940308503372354 0.021564806232582012 0.026157436265229025 0.023007768405954542 -0.020829561120097241 -0.010558748895258348 -0.0037673613089209256 -0.01682461296725871 0.0080707739751002504 0.0033756064744604698 0.010490884502081872 0.0098102051201161122 0.025196839799254526 -0.0077500898708410416 -0.016610376149057252 -0.013717030225965774 0.00025788706574178001 -0.026676809217833011 -0.0019667699183234977 0.030022342971641705 0.028570587762159899 0.0051107434209777874
leaf_weight=5.5273262560367611 6.0432694852352133 6.0154399871826163 8.4989105015993101 4.9959346354007712 9.0657753348350507 8.4271799772977847 45.289940387010574 7.9251917898654964 4.9080240577459318 9.186177581548689 22.09130643308163 4.8061122149229076 13.806459859013556 8.1046636849641782 6.6754520237445822 11.949678912758825 12.225575327873234 5.8549027144908878 4.8148017376661301 12.407448604702948 5.5731014013290396
leaf_count=23 26 28 38 21 38 36 190 34 21 39 94 21 58 34 28 51 50 24 21 54 25
internal_value=0 0.00187145 0.00089564 -0.000497775 0.00021872 0.00809783 -0.00196685 0.014409 -0.00332306 -0.00715728 0.00355493 -0.00953414 0.00170379 -0.00104881 0.00374314 -0.0132407 -0.0150141 -0.0197452 0.0193549 0.0219585 0.0174802
internal_weight=224.193 200.585 194.569 180.497 175.501 37.8256 137.676 28.7598 131.633 85.0384 46.5942 75.8522 18.6126 36.8714 28.7668 57.2396 23.6078 18.0805 9.72283 20.3326 14.072
internal_count=954 857 829 766 745 162 583 124 557 359 198 320 79 156 122 241 97 74 42 88 63
is_linear=0
shrinkage=0.03


Tree=13
num_leaves=31
num_cat=0
split_feature=27 40 22 21 35 3 28 28 15 25 34 9 15 17 15 16 34 25 27 21 37 35 24 34 34 16 22 35 27 7
split_gain=6.71024 4.89685 4.92512 3.17355 3.25857 4.81553 5.85173 4.3639 4.87663 4.19129 5.4929 3.21175 3.21094 3.20291 5.42587 4.08057 3.52999 3.42692 2.67657 2.65441 3.39274 2.15772 2.28555 2.1182 1.86441 1.81324 1.43674 1.20858 0.764332 0.118987
threshold=-1.2820380415671877 793.00000000000011 1.5423550096211078 -1.1854583388827347 0.78830657267135329 -0.64379309772760573 0.11552320026278666 1.0000000180025095e-35 0.45492587997449069 1.0000000180025095e-35 -0.45692626766026095 -1.1956334487946199 -0.36615385690921221 0.5013791225244264 0.68952009051269159 1.0000000180025095e-35 0.19365695783569706 0.29098314130647135 -0.13009696876797558 -0.62093558249631509 1.2365973645070834 -0.90990374704642629 -0.46093408402953512 0.371088746607322 -1.1075094931562186 -0.59993940099652254 -0.42343133333096217 0.78830657267135329 1.7258080929640889 0.90444892925718345
decision_type=2 2 2 2 2 2 2 2 2 2 2 2 2 2 2 2 2 2 2 2 2 2 2 2 2 2 2 2 2 2
left_child=21 2 3 12 5 6 24 13 19 25 -11 -10 27 14 18 26 -17 -16 -7 -9 -21 22 -1 -24 -5 -6 -15 -2 -4 -8
right_child=1 -3 28 4 9 7 29 8 11 10 -12 -13 -14 15 17 16 -18 -19 -20 20 -22 -23 23 -25 -26 -27 -28 -29 -30 -31
leaf_value=-0.020490814918715704 -0.0067161789180113967 0.025736306625127634 0.022567016040120767 0.01372991076555756 0.0085733043252202382 -0.0062689245496964268 -0.03361877789084522 -0.014998896292907305 -0.00055260954953279256 0.016256560791897998 -0.021175001883791796 0.026471472002434385 0.0011871495321191074 0.026859576236136988 -0.034548236695207561 0.0073094554621846884 -0.022239368659187731 -0.0039660106656969323 0.013316487754745547 0.0095807179065975894 -0.015005947067219368 -0.028448681068441825 0.010761091322523154 -0.012306627417008782 -0.0084989733125529227 0.034845843424546059 0.0036403448901224191 -0.031200023471968416 0.0049966323838348953 -0.013627576792265948
leaf_weight=5.9228629916906401 4.9997175633907336 5.9559055119752875 8.435220539569853 5.1455770134925842 7.2603500187397003 19.132165104150772 5.7554808855056745 5.9775887429714194 4.7007345706224468 5.6258552372455597 5.4368458688259107 13.612895771861075 8.8180121183395368 5.29204460978508 7.7036307603120786 6.3053054660558683 5.2586674690246582 6.5860781818628311 7.5141548514366177 24.541813328862194 4.7085949778556815 6.202004373073577 6.6962904036045074 4.8297546058893204 5.2752055674791354 4.8213606029748934 5.6222867667675036 5.1095423549413681 5.5637651830911627 5.2560766786336899
leaf_count=24 21 28 38 22 31 81 24 25 20 24 23 59 37 23 32 27 22 28 32 105 20 25 28 20 22 21 24 21 25 22
internal_value=0 0.00184407 0.000890272 -0.000467391 0.000899056 -0.000841792 -0.0134451 0.00155815 0.00779068 0.0109693 -0.00199367 0.0197154 -0.0116326 -0.00367007 -0.00860927 0.00505053 -0.00667913 -0.0225488 -0.000117408 0.000876112 0.00488883 -0.0145883 -0.00748314 0.000330346 0.00232039 0.02219 0.0172671 -0.0220403 0.0171304 -0.0273339
internal_weight=224.066 200.415 194.459 180.46 161.533 138.388 21.4323 116.956 53.5416 23.1444 11.0627 18.3136 18.9273 63.4143 40.936 22.4783 11.564 14.2897 26.6463 35.228 29.2504 23.6509 17.4489 11.526 10.4208 12.0817 10.9143 10.1093 13.999 11.0116
internal_count=954 857 829 766 687 588 90 498 229 99 47 79 79 269 173 96 49 60 113 150 125 97 72 48 44 52 47 42 63 46
is_linear=0
shrinkage=0.03


Tree=14
num_leaves=30
num_cat=0
split_feature=27 40 22 21 29 31 25 19 24 16 39 38 28 36 15 27 22 36 23 20 31 33 40 24 27 28 19 15 29
split_gain=6.38814 4.71135 4.71437 3.01961 3.23347 3.06091 8.37432 9.39382 6.05513 6.39398 4.46924 5.06646 4.18286 4.34692 3.9295 3.12244 4.11168 4.06589 2.53045 6.25846 2.36254 2.31644 2.09928 3.38299 1.78938 1.48368 1.40095 1.32579 0.752723
threshold=-1.2820380415671877 793.00000000000011 1.5423550096211078 -1.1854583388827347 -1.2968659005503558 -0.1921773450943704 -0.31118153723229885 -0.47824625123994674 -0.46093408402953512 1.2695871131680962 1.1896675235799552 1.0000000180025095e-35 -0.62036269231351626 0.44054432672295391 0.92411430105089243 -1.0000000180025095e-35 0.23183078098639434 0.44054432672295391 -0.52878599406819393 0.15808921277496082 -0.74066268667355695 0.67053946052486846 759.50000000000011 0.40667088045091909 -0.39674999487890422 -1.3562485848898191 1.0252036290859829 0.45492587997449069 -1.1095177416498729
decision_type=2 2 2 2 2 2 2 2 2 2 2 2 2 2 2 2 2 2 2 2 2 2 2 2 2 2 2 2 2
left_child=22 2 3 4 -2 6 7 -5 24 12 11 18 13 -10 21 17 -17 -14 19 -8 -9 -13 23 25 -7 -1 -6 -20 -4
right_child=1 -3 28 5 26 8 10 20 9 -11 -12 14 15 -15 -16 16 -18 -19 27 -21 -22 -23 -24 -25 -26 -27 -28 -29 -30
leaf_value=-0.0099089382127153999 -0.022958116689772098 0.025325328896852545 0.022905345095448067 -0.050109274151180723 0.011041175287984355 0.0042003856590025253 0.018760129338622922 0.0095748166555465128 0.025331601346696948 0.024723116686609977 -0.016380749083950107 -0.027550305664219715 -0.026705020697438443 -0.0049536124595589426 0.010598668455449642 0.013297486698056587 -0.0092610139789119292 -0.0012518341875755472 0.032749673488420776 -0.011494531248309249 -0.015037393502324324 -0.00096642105982801762 0.00085651086821518692 0 0.027624051005682451 -0.036666719287683398 -0.0086798372927783755 0.0071667231110492642 0.0057100022084921138
leaf_weight=5.3887724131345784 9.0177336186170596 5.8962297439575186 7.591643288731575 5.0985507965087917 4.6670305132865888 5.6481247544288626 12.377882361412047 4.9776295423507699 7.2212500572204501 7.3273463994264594 8.5841857194900495 5.9644763320684451 10.721043989062304 7.0276886820793152 6.0815377235412589 11.142490997910516 15.587797597050665 11.765346542000769 5.5949260145425814 9.4822552651166898 5.9776603281497929 5.8762374818325043 5.53506115078926 6.2972878515720359 10.089280679821966 6.450530558824541 5.2695672363042831 4.8622894734144211 6.3342535942792875
leaf_count=22 37 28 35 21 20 24 53 21 31 32 36 25 45 30 26 48 66 50 24 40 25 25 23 26 44 26 22 21 28
internal_value=0 0.00179254 0.000859169 -0.000466098 -0.0113489 0.000867786 -0.00349071 -0.0217087 0.00470271 0.000716718 0.00179794 0.00540486 -0.0024694 0.0109646 -0.00681811 -0.00668629 0.00013684 -0.0145486 0.0123625 0.00548434 -0.00356655 -0.0163992 -0.0142359 -0.018861 0.0206625 -0.0274212 0.000291391 0.0237474 0.0167887
internal_weight=223.856 200.184 194.288 180.362 18.9543 161.408 74.8776 16.0538 86.5304 70.793 58.8238 50.2396 63.4656 14.2489 17.9223 49.2167 26.7303 22.4864 32.3174 21.8601 10.9553 11.8407 23.6717 18.1366 15.7374 11.8393 9.9366 10.4572 13.9259
internal_count=954 857 829 766 79 687 317 67 370 302 250 214 270 61 76 209 114 95 138 93 46 50 97 74 68 48 42 45 63
is_linear=0
shrinkage=0.03


Tree=15
num_leaves=30
num_cat=0
split_feature=35 40 22 25 12 12 40 24 12 21 39 33 13 13 12 16 12 22 25 26 41 36 37 26 16 15 28 29 37
split_gain=6.01111 6.80194 5.94732 5.22018 4.28038 4.27134 4.62375 6.82888 3.91521 3.78755 3.75271 3.55874 4.27762 4.27693 3.95318 3.5887 3.35745 4.6269 4.04688 2.97489 2.56468 2.5503 2.25422 2.19371 1.42805 1.40031 0.603948 0.50179 0.178977
threshold=-0.48215904245585778 770.50000000000011 1.5423550096211078 -1.5907814791271846 2.213860434981763 -0.32219394489763326 364.00000000000006 -0.75013573885635298 -0.55768822426228659 0.22584855208331461 1.0000000180025095e-35 1.1690249361240432 -0.53379265270192933 -0.9041897444008774 -0.32881778284295388 1.0025118968588651 -0.6384011340741792 0.13822190751248628 -0.31118153723229885 0.46349479063444299 364.00000000000006 -0.089532580541976298 -0.45961239212808169 -0.9607290560434355 0.46836146424040237 -0.13155964637101142 -0.80433416545759207 -1.1095177416498729 -0.45961239212808169
decision_type=2 2 2 2 2 2 2 2 2 2 2 2 2 2 2 2 2 2 2 2 2 2 2 2 2 2 2 2 2
left_child=4 2 3 -2 5 6 8 -8 21 -10 26 12 13 19 23 16 -14 18 -18 -5 25 -1 -19 -13 -7 -17 -9 -4 -11
right_child=1 -3 27 11 -6 24 7 10 9 28 -12 14 15 -15 -16 20 17 22 -20 -21 -22 -23 -24 -25 -26 -27 -28 -29 -30
leaf_value=-0.011577412639040854 0.023055473809012128 0.026788273998859437 0.025354613683869397 0.013982508792578858 -0.030449013519607451 0.02048754121969425 -0.020832470536564576 0.0083370652935041475 -0.0045772703928275175 -0.016833561162115023 -0.0051573750883397726 0.031605798245199462 -0.030255686541816887 0.024639164659560134 -0.0094782590085853609 -0.012602660312987126 -0.012572603509033487 -0.027969300310324397 0.0089022838359603881 -0.012798087330563097 0.018162757899852344 0.011329279823979018 -0.0090091563029713016 0.0036911063218484233 0 0.0064527973437827147 0.029035788573812487 0.0082901009979513083 -0.037845669146415878
leaf_weight=8.3246224969625455 6.4872892349958411 9.0388646721839887 7.3091328889131546 4.5224597901105907 4.9642000943422309 5.6081813573837263 6.1641730368137386 4.7509321421384847 9.0808300524950081 6.3539191037416414 5.6929198354482642 5.3220141083002082 5.5710632503032604 6.9464818984270087 4.7483689486980429 5.8927871733903894 11.13979083299637 8.4461684077978081 19.426949873566635 8.1277670562267286 6.2365238070487967 6.3034850209951356 22.937579080462463 5.626617267727851 4.7471407800912857 4.8118219822645196 5.9692825675010663 6.0936647951602918 7.0016336590051678
leaf_count=35 28 41 34 20 21 24 26 20 38 26 24 23 23 30 20 25 47 35 83 34 27 27 96 24 20 21 26 27 29
internal_value=0 0.00350065 0.00168214 -0.000382611 -0.00683259 -0.00447012 -0.00764609 0.00275075 -0.0139954 -0.0214899 0.0129455 -0.00197125 -0.00405197 0.00801577 0.0106238 -0.00701269 -0.0100969 -0.00751715 0.000666815 -0.00233268 0.0047761 -0.00119889 -0.0153373 0.0199155 0.0119689 -0.00380511 0.022503 0.0196141 -0.0309621
internal_weight=223.647 148.685 139.646 126.244 74.9613 69.9971 59.6418 22.5773 37.0645 22.4364 16.4131 119.756 104.059 19.5967 15.697 84.4627 67.5216 61.9505 30.5667 12.6502 16.9411 14.6281 31.3837 10.9486 10.3553 10.7046 10.7202 13.4028 13.3556
internal_count=954 638 597 536 316 295 251 96 155 93 70 508 441 84 67 357 284 261 130 54 73 62 131 47 44 46 46 61 55
is_linear=0
shrinkage=0.03


Tree=16
num_leaves=32
num_cat=0
split_feature=27 40 22 15 15 19 26 15 29 22 32 32 36 6 25 27 7 40 21 5 26 34 19 35 25 36 26 22 38 27 12
split_gain=5.94519 4.42696 4.27684 2.92238 8.02625 6.16033 6.04863 4.50247 4.32386 9.49487 7.03092 4.89385 3.71176 3.83411 3.6683 5.84076 5.40145 3.61675 3.0754 3.06588 2.03278 6.49814 2.11432 1.9995 1.89415 3.37891 1.98418 1.55308 1.4803 0.822867 0.556026
threshold=-1.2820380415671877 793.00000000000011 1.5423550096211078 -0.36615385690921221 -0.95263938325471431 0.42382367695561102 -0.9607290560434355 -1.5391249096002162 -0.5608552762984591 0.13822190751248628 1.0000000180025095e-35 1.1939475624734699 1.0000000180025095e-35 0.53604928708256294 -0.61226387650168379 1.0000000180025095e-35 -0.11701958986268128 639.50000000000011 1.0000000180025095e-35 -0.2933484369815465 -0.67588428670785949 -0.22035054929809436 -1.0796262033703183 -0.79498725924597491 -0.31118153723229885 0.098841857576965869 0.74833955997001922 0.13822190751248628 -0.6679020345484441 1.7258080929640889 -0.38857502848264169
decision_type=2 2 2 2 2 2 2 2 2 2 2 2 2 2 2 2 2 2 2 2 2 2 2 2 2 2 2 2 2 2 2
left_child=20 2 3 4 6 18 -2 -8 17 10 14 23 30 -14 -10 16 -16 19 27 -5 -1 -22 -23 -12 26 -26 -9 -6 -21 -4 -11
right_child=1 -3 29 8 5 -7 7 24 9 12 11 -13 13 -15 15 -17 -18 -19 -20 28 21 22 -24 -25 25 -27 -28 -29 -30 -31 -32
leaf_value=-0.025980291092859622 0.024931126961364569 0.024704720984654351 0.021639889671466829 0.00090443636898130753 0.015747466222687381 -0.035055189143752517 -0.023609978127985456 0.0047717384377552905 0.014420787490945932 -0.01403736034843645 0.0047789639018809386 -0.0052742920440737584 0.011433809567725189 -0.018998702071910668 -0.031020537491661213 0.012847165837910865 -1.7650156982612411e-05 -0.0069833721248028476 -0.018076045813425062 0.0064726677355498377 0.01741354390013735 -0.028545893377105787 -0.0014701360241417445 0.028046927936066762 -0.0027145146098952939 0.025009069414585611 -0.015977283108195236 -0.0049446637230836253 0.031237808551501087 0.0039961730402462564 -0.03538750319592586
leaf_weight=7.1527365744113949 7.5439608246088019 5.8009879589080802 8.2878470420837385 7.57780189812184 4.6437626630067879 9.6714599281549436 5.8044119179248801 7.6027623265981674 6.2086021751165346 6.9686944484710693 5.8316567242145583 6.3683187067508689 6.3258530199527723 5.5250583291053772 9.8872293084859866 6.7288176119327536 9.8050735890865379 5.6118754148483267 7.8620291203260413 4.6772830635309246 5.3189329802990022 6.3550324290990865 4.8683632165193469 15.647043064236641 7.3248409628868103 5.8126557916402817 5.9381740093231201 5.2307340651750565 10.050062403082842 5.477367863059043 5.5524551570415515
leaf_count=29 33 28 38 32 20 40 24 32 27 29 25 27 27 23 41 29 42 24 33 20 22 26 20 69 31 25 25 22 43 25 23
internal_value=0 0.00173908 0.000837227 -0.000418498 -0.00532152 -0.0174131 0.00314353 -0.00261706 0.0024924 -0.000863141 0.0054521 0.0161672 -0.0161732 -0.00284532 -0.0038253 -0.00887216 -0.0169608 0.0124189 -0.00549793 0.0176849 -0.013719 -0.00636556 -0.0188308 0.0227149 0.0027511 0.0104477 -0.00461446 0.00505231 0.0250677 0.0160948 -0.0267059
internal_weight=223.462 199.767 193.966 180.201 67.4348 27.408 40.0268 32.4828 112.766 84.8488 60.4767 27.847 24.3721 11.8509 32.6297 26.4211 19.6923 27.917 17.7365 22.3051 23.6951 16.5423 11.2234 21.4787 26.6784 13.1375 13.5409 9.8745 14.7273 13.7652 12.5211
internal_count=954 857 829 766 285 115 170 137 481 362 260 121 102 50 139 112 83 119 75 95 97 68 46 94 113 56 57 42 63 63 52
is_linear=0
shrinkage=0.03


end of trees

feature_importances:
Column_27=32
Column_35=30
Column_22=29
Column_34=29
Column_15=27
Column_40=27
Column_16=26
Column_29=24
Column_33=23
Column_24=18
Column_26=18
Column_19=17
Column_25=17
Column_28=17
Column_12=16
Column_23=14
Column_21=13
Column_41=13
Column_32=12
Column_30=11
Column_36=11
Column_37=9
Column_17=8
Column_31=8
Column_38=8
Column_7=7
Column_13=6
Column_20=6
Column_39=6
Column_3=4
Column_0=3
Column_1=3
Column_2=2
Column_5=2
Column_9=2
Column_4=1
Column_6=1
Column_14=1

parameters:
[boosting: gbdt]
[objective: binary]
[metric: binary_logloss]
[tree_learner: serial]
[device_type: cpu]
[data_sample_strategy: bagging]
[data: ]
[valid: ]
[num_iterations: 900]
[learning_rate: 0.03]
[num_leaves: 96]
[num_threads: 2]
[seed: 42]
[deterministic: 0]
[force_col_wise: 1]
[force_row_wise: 0]
[histogram_pool_size: -1]
[max_depth: 10]
[min_data_in_leaf: 20]
[min_sum_hessian_in_leaf: 0.001]
[bagging_fraction: 0.85]
[pos_bagging_fraction: 1]
[neg_bagging_fraction: 1]
[bagging_freq: 0]
[bagging_seed: 400]
[bagging_by_query: 0]
[feature_fraction: 0.8]
[feature_fraction_bynode: 1]
[feature_fraction_seed: 30056]
[extra_trees: 0]
[extra_seed: 12879]
[early_stopping_round: 0]
[early_stopping_min_delta: 0]
[first_metric_only: 0]
[max_delta_step: 0]
[lambda_l1: 0.2]
[lambda_l2: 1.5]
[linear_lambda: 0]
[min_gain_to_split: 0]
[drop_rate: 0.1]
[max_drop: 50]
[skip_drop: 0.5]
[xgboost_dart_mode: 0]
[uniform_drop: 0]
[drop_seed: 17869]
[top_rate: 0.2]
[other_rate: 0.1]
[min_data_per_group: 100]
[max_cat_threshold: 32]
[cat_l2: 10]
[cat_smooth: 10]
[max_cat_to_onehot: 4]
[top_k: 20]
[monotone_constraints: ]
[monotone_constraints_method: basic]
[monotone_penalty: 0]
[feature_contri: ]
[forcedsplits_filename: ]
[refit_decay_rate: 0.9]
[cegb_tradeoff: 1]
[cegb_penalty_split: 0]
[cegb_penalty_feature_lazy: ]
[cegb_penalty_feature_coupled: ]
[path_smooth: 0]
[interaction_constraints: ]
[verbosity: -1]
[saved_feature_importance_type: 0]
[use_quantized_grad: 0]
[num_grad_quant_bins: 4]
[quant_train_renew_leaf: 0]
[stochastic_rounding: 1]
[linear_tree: 0]
[max_bin: 255]
[max_bin_by_feature: ]
[min_data_in_bin: 3]
[bin_construct_sample_cnt: 200000]
[data_random_seed: 175]
[is_enable_sparse: 1]
[enable_bundle: 1]
[use_missing: 1]
[zero_as_missing: 0]
[feature_pre_filter: 1]
[pre_partition: 0]
[two_round: 0]
[header: 0]
[label_column: ]
[weight_column: ]
[group_column: ]
[ignore_column: ]
[categorical_feature: ]
[forcedbins_filename: ]
[precise_float_parser: 0]
[parser_config_file: ]
[objective_seed: 16083]
[num_class: 1]
[is_unbalance: 0]
[scale_pos_weight: 1]
[sigmoid: 1]
[boost_from_average: 1]
[reg_sqrt: 0]
[alpha: 0.9]
[fair_c: 1]
[poisson_max_delta_step: 0.7]
[tweedie_variance_power: 1.5]
[lambdarank_truncation_level: 30]
[lambdarank_norm: 1]
[label_gain: ]
[lambdarank_position_bias_regularization: 0]
[eval_at: ]
[multi_error_top_k: 1]
[auc_mu_weights: ]
[num_machines: 1]
[local_listen_port: 12400]
[time_out: 120]
[machine_list_filename: ]
[machines: ]
[gpu_platform_id: -1]
[gpu_device_id: -1]
[gpu_device_id_list: ]
[gpu_use_dp: 0]
[num_gpu: 1]

end of parameters

pandas_categorical:null
