tree
version=v4
num_class=3
num_tree_per_iteration=3
label_index=0
max_feature_idx=62
objective=multiclass num_class:3
feature_names=Column_0 Column_1 Column_2 Column_3 Column_4 Column_5 Column_6 Column_7 Column_8 Column_9 Column_10 Column_11 Column_12 Column_13 Column_14 Column_15 Column_16 Column_17 Column_18 Column_19 Column_20 Column_21 Column_22 Column_23 Column_24 Column_25 Column_26 Column_27 Column_28 Column_29 Column_30 Column_31 Column_32 Column_33 Column_34 Column_35 Column_36 Column_37 Column_38 Column_39 Column_40 Column_41 Column_42 Column_43 Column_44 Column_45 Column_46 Column_47 Column_48 Column_49 Column_50 Column_51 Column_52 Column_53 Column_54 Column_55 Column_56 Column_57 Column_58 Column_59 Column_60 Column_61 Column_62
feature_infos=[-1.2240897214758006:4.2753614876078556] [-1.2655365438553061:6.1321312124038281] [-1.0833522074888957:5.0613213155126981] [-1.1882238636086291:4.1374680791955676] [-1.2076923989279:6.1820763155779739] [-1.0891613349814573:5.0242829685813248] [-1.8215565190517644:2.9983048702411752] [-1.5786841352563317:4.9184396135286672] [-1.7588214526219283:3.1003678845622553] [-2.0536680883290446:2.5355250018441136] [-3.9818478853828059:1.9266331157406809] [-1.8468353760938823:2.5373802933643805] [-2.3818651970794571:8.4345982871793836] [-2.0502962166412537:2.5110000561722647] [-1.8489773488593801:2.529366897195835] [-2.0502962166412537:2.5110000561722647] [-4.0050920462445756:1.9064314032203704] [-1.8489773488593801:2.529366897195835] [-4.3909662996198282:0.87738242635159969] [-1.5937749696463466:1.2538766973624462] [-1.5305523670703769:1.3192066059158927] [-3.6482272358155705:0.90643838918620967] [-2.2812456318101835:0.43835700375960401] [-2.0808505069404681:2.8974696985414501] [-1.9216666641657958:4.0845815242658245] [-2.3383929152407887:2.8211579041937309] [-2.9724698031006525:3.518273373286902] [-2.1305281141259189:2.8104550774388275] [-2.3598375415772419:4.0893801731850719] [-2.1399691531696012:3.9942550794396392] [-4.1160995275672816:3.1260495433213764] [-2.0065379209875021:2.9494058850633507] [-2.2106322669119569:3.3987519218923148] [-2.7466121208740231:3.0595944925006116] [-2.4356950002712647:3.1939944503928048] [-2.6637963013202475:3.6096245555010951] [-3.0523395823492279:3.1957200228507623] [-2.5471259668907367:5.2399833084669991] [-5.270444680053938:2.6537609904300683] [-2.0316871844020525:3.0836111296279642] [-3.2472473531340236:4.3833818498388419] [-2.5586380037338756:2.3972457371714948] [-3.0568971802562683:3.096128214490153] [-1.7208252190442233:2.8618575745290733] [-2.3359605814796973:3.3408568623208899] [-2.1610793624622184:3.4321438487590377] [-2.0454196754662672:3.4677847481594828] [-2.7185230921247459:2.8164139207457244] [-2.6385135848157679:2.1942176607131101] [-1.0119430208216744:3.9736682126142826] [-1.0334230115432756:4.0125829841421528] [-11.344265554605903:6.4501507030416532] [-4.4348730470231237:4.8311159996781115] [-4.299259263124128:3.0398599656436862] [-2.1506817096870074:3.1276628766284702] [-2.4843949676655082:3.2983120181318655] [-1.0811798054391764:2.3425562451182156] [-1.1061256734917202:2.8615699576762208] [-1.1293472811053136:3.0270882328900295] [-2.6616556354105647:2.2225092327874938] [45:798] [45:798] none
tree_sizes=1146 1388 1329 1173 1375 1176 1269 1301 1190 1395 1388 1167

Tree=0
num_leaves=10
num_cat=0
split_feature=5 13 3 19 59 14 44 31 38
split_gain=11.1646 4.68283 3.50934 3.13758 2.37747 2.00899 2.43955 1.48077 0.645081
threshold=0.34332469186812442 -0.55976274016307148 -0.20215291515426823 0.74536747111087609 1.0000000180025095e-35 -0.31463726214301185 -0.63291534833952101 0.98767812850155456 -0.48859643062393349
decision_type=2 2 2 2 2 2 2 2 2
left_child=1 3 5 -1 -4 6 -3 -2 -7
right_child=7 2 4 -5 -6 8 -8 -9 -10
leaf_value=-1.1842241966791232 -1.1367479541198062 -1.1506333358633143 -1.140891769700487 -1.1631508098056809 -1.1631508098056809 -1.182609349848204 -1.1708456432194907 -1.1545847398994575 -1.1671154115755924
leaf_weight=19.658203125000004 9.9902343750000018 8.0566406250000018 7.4121093749999982 9.3457031249999982 7.412109375 6.767578125 10.634765624999998 12.246093749999998 6.4453125000000018
leaf_count=61 31 25 23 29 23 21 33 38 20
internal_value=-1.16315 -1.16868 -1.16285 -1.17783 -1.15134 -1.1683 -1.16215 -1.14516 -1.17663
internal_weight=97.9688 75.7324 46.7285 29.0039 14.8242 31.9043 18.6914 22.2363 13.2129
internal_count=304 235 145 90 46 99 58 69 41
is_linear=0
shrinkage=1


Tree=1
num_leaves=12
num_cat=0
split_feature=37 45 34 1 6 2 19 44 26 13 12
split_gain=3.59074 4.89164 4.09502 2.79354 3.86849 3.94435 4.32858 3.31194 2.21437 1.63823 0.437919
threshold=-0.79327252649485025 -0.63235789435229861 0.31049497566242762 -0.6367347845732797 -0.11819048592918423 0.62299730849973023 -0.88186205289414832 -0.63291534833952101 -0.28664504045752676 -0.55976274016307148 -0.20011633993463637
decision_type=2 2 2 2 2 2 2 2 2 2 2
left_child=1 -1 -3 8 5 7 -7 -5 -2 -6 -9
right_child=3 2 -4 4 9 6 -8 10 -10 -11 -12
leaf_value=-0.80044045001731245 -0.83044327906682081 -0.84204532780188213 -0.81471658796799484 -0.83158478303457495 -0.83279283146579297 -0.82291386730211502 -0.84961718704585409 -0.80624585550636763 -0.81165408926704108 -0.85148110750336969 -0.81989659998105746
leaf_weight=8.4902343750000018 8.8593750000000018 7.3828125000000027 9.5976562499999982 12.181640625000002 10.705078125000002 8.8593750000000018 10.335937499999998 7.3828124999999991 10.705078124999998 9.5976562499999982 8.1210937499999982
leaf_count=23 24 20 26 33 29 24 28 20 29 26 22
internal_value=-0.826679 -0.817099 -0.826679 -0.829606 -0.832542 -0.827523 -0.837623 -0.820524 -0.820109 -0.843001 -0.811814
internal_weight=112.219 25.4707 16.9805 86.748 67.1836 46.8809 19.1953 27.6855 19.5645 20.3027 15.5039
internal_count=304 69 46 235 182 127 52 75 53 55 42
is_linear=0
shrinkage=1


Tree=2
num_leaves=12
num_cat=0
split_feature=2 54 41 31 5 37 38 27 20 12 39
split_gain=11.7689 4.22141 2.52669 2.82441 2.46713 3.45365 1.87071 1.79355 2.04035 0.435028 0.384981
threshold=-0.52288900210433376 -0.96726694443645977 -0.41108838267488185 0.16168749415974576 -0.040175504296330621 1.0000000180025095e-35 -0.83015701986893387 -0.31883427721884522 0.41246511451117063 -0.63554709651522989 -0.22261826846460778
decision_type=2 2 2 2 2 2 2 2 2 2 2
left_child=1 -1 -3 -4 5 10 -7 9 -9 -6 -2
right_child=4 2 3 -5 7 6 -8 8 -10 -11 -12
leaf_value=-1.3888543611198905 -1.4030748489247686 -1.3823414199434201 -1.347982434514386 -1.3787154137514694 -1.3938733084883117 -1.3883649493551846 -1.3682518079284012 -1.4005361193616488 -1.3797489065744359 -1.4095056287255243 -1.3896627821725223
leaf_weight=7.8750000000000027 6.1875 6.4687500000000062 8.7187499999999947 5.6249999999999991 5.6250000000000027 6.46875 7.3124999999999982 7.0312499999999982 6.75 11.812500000000002 5.6250000000000018
leaf_count=28 22 23 31 20 20 23 26 25 24 42 20
internal_value=-1.38629 -1.37109 -1.36438 -1.3578 -1.39417 -1.3869 -1.37736 -1.39964 -1.39032 -1.40578 -1.39824
internal_weight=85.5 28.6875 20.8125 14.3437 56.8125 25.5938 13.7812 31.2188 13.7812 17.4375 11.8125
internal_count=304 102 74 51 202 91 49 111 49 62 42
is_linear=0
shrinkage=1


Tree=3
num_leaves=10
num_cat=0
split_feature=2 13 52 53 45 41 19 2 33
split_gain=10.2998 5.0684 4.92984 3.16042 5.88279 3.42664 3.05279 1.58942 0.61822
threshold=0.70468425341407925 -0.55976274016307148 0.48768363403690718 1.0000000180025095e-35 -0.011603910927554932 -1.0718728814622642 0.74536747111087609 -0.32320980342481376 -0.47623645795189029
decision_type=2 2 2 2 2 2 2 2 2
left_child=1 6 -2 5 -5 -3 -1 -7 -9
right_child=2 3 -4 4 -6 7 -8 8 -10
leaf_value=-0.020744027428566323 0.032565172500135665 0.013171724272348979 0.00060390680444161215 0.025096472985569027 -0.0073938716557022518 0.00015317867910308791 0 -0.003957447158131496 -0.018125575960523544
leaf_weight=19.437452882528309 9.7720950245857257 6.4725247621536246 7.7968631088733664 9.6987721025943774 7.7180261313915244 10.019570112228395 9.3296361267566663 6.4438132345676449 11.263641715049742
leaf_count=61 30 20 24 30 24 31 29 20 35
internal_value=0 -0.00462213 0.0198591 0.000957966 0.010937 -0.00420199 -0.0143839 -0.00893081 -0.0139938
internal_weight=97.9524 80.3834 17.569 51.6163 17.4168 34.1995 28.7671 27.727 17.7075
internal_count=304 250 54 160 54 106 90 86 55
is_linear=0
shrinkage=0.03


Tree=4
num_leaves=12
num_cat=0
split_feature=37 45 20 32 38 48 48 29 18 33 33
split_gain=3.43778 4.68251 4.02571 3.97432 2.55928 2.60668 3.16218 3.54618 2.95024 2.41655 1.85785
threshold=-0.79327252649485025 -0.63235789435229861 -0.88287987320986094 1.0000000180025095e-35 0.37669039546340038 0.70103381049246483 -0.56666383532575626 0.92714296313501932 0.55584947434078147 0.26814900530126806 -0.84842918957846936
decision_type=2 2 2 2 2 2 2 2 2 2 2
left_child=1 -1 9 -3 5 6 -4 8 -8 -2 -7
right_child=2 3 4 -5 -6 10 7 -9 -10 -11 -12
leaf_value=0.02563213928747423 0.014552437787138732 -0.015168790707771369 -0.013686625166846695 0.011757955734311966 -0.019790401798437145 0 0.025354184938972638 -0.0084930029571559616 0.0013817067897659396 -0.004469950202015298 -0.019187535642081577
leaf_weight=8.5209921300411242 14.400173008441927 7.3699433207511929 8.1130692362785322 9.6102111935615522 9.9553889930248243 7.7447355985641506 8.1277528703212791 8.4825157523155195 10.33596098423004 8.1220871210098249 11.423776119947432
leaf_count=23 39 20 22 26 27 21 22 23 28 22 31
internal_value=0 0.00936799 -0.00286578 0 -0.00671638 -0.00374044 0.0010423 0.00617573 0.0133471 0.00759196 -0.0122192
internal_weight=112.207 25.5011 86.7055 16.9802 64.1832 54.2278 35.0593 26.9462 18.4637 22.5223 19.1685
internal_count=304 69 235 46 174 147 95 73 50 61 52
is_linear=0
shrinkage=0.03


Tree=5
num_leaves=10
num_cat=0
split_feature=2 54 41 5 42 37 55 34 46
split_gain=11.2117 4.00102 2.41065 2.38532 3.62343 3.00181 2.02603 1.67916 0.70961
threshold=-0.52288900210433376 -0.96726694443645977 -0.41108838267488185 -0.040175504296330621 0.19053288919323183 -1.0000000180025095e-35 -0.034558130673384292 0.24184022626408527 -0.89690674578174556
decision_type=2 2 2 2 2 2 2 2 2
left_child=1 -1 -3 4 5 -2 8 -4 -5
right_child=3 2 7 6 -6 -7 -8 -9 -10
leaf_value=-0.0025556201704923977 -0.021347298723124981 0.0037296268410655069 0.035831788609946597 -0.0056131805813514233 0.014165201099123314 0.0018969969858434856 0 0.01002887546752235 -0.020728408298281768
leaf_weight=7.8737744390964535 7.2644793093204543 6.509208530187613 8.6064266860485024 6.4167702496051851 8.1506609320640546 10.170997887849808 7.8496029973030081 5.9503598511219016 16.709823191165924
leaf_count=28 26 23 30 23 29 36 28 21 60
internal_value=0 0.0147427 0.0212143 -0.00773567 -0.000600106 -0.00839472 -0.0131449 0.0275802 -0.0173755
internal_weight=85.5021 28.9398 21.066 56.5623 25.5861 17.4355 30.9762 14.5568 23.1266
internal_count=304 102 74 202 91 62 111 51 83
is_linear=0
shrinkage=0.03


Tree=6
num_leaves=11
num_cat=0
split_feature=5 15 39 57 19 26 34 5 14 19
split_gain=10.0122 4.28038 3.28245 3.92522 2.95503 2.41845 3.25079 2.311 1.6961 1.65517
threshold=0.34332469186812442 -0.55976274016307148 -0.59690838900338916 -0.61016371959572757 0.74536747111087609 0.3848111502032549 1.3403162166375624 -0.32216094265254736 -0.31463726214301185 0.74536747111087609
decision_type=2 2 2 2 2 2 2 2 2 2
left_child=1 4 3 -3 -1 -2 -7 -4 9 -9
right_child=5 2 7 -5 -6 6 -8 8 -10 -11
leaf_value=-0.020436703941385328 0.0023230930634128692 -0.0043721506151256908 0.0053308019473196789 0.022500058339787184 0 0.035337824484776063 0.0050999507539303823 -0.012845075800406948 -0.022590153343485374 0.0060122698886672906
leaf_weight=19.22310167551041 8.1855673789978045 7.7597122490406063 10.024868428707125 9.0835921764373762 9.3278207778930646 7.8734997510910016 6.5447275340557098 7.0911298990249652 6.3770155608654013 6.4231613874435425
leaf_count=61 25 24 31 28 29 24 20 22 20 20
internal_value=0 -0.00528636 0.000257418 0.0104478 -0.014125 0.0168757 0.0237631 -0.00551384 -0.0112504 -0.00377757
internal_weight=97.9142 75.3104 46.7595 16.8433 28.5509 22.6038 14.4182 29.9162 19.8913 13.5143
internal_count=304 235 145 52 90 69 44 93 62 42
is_linear=0
shrinkage=0.03


Tree=7
num_leaves=11
num_cat=0
split_feature=37 45 20 30 34 30 43 57 19 55
split_gain=3.3008 4.49876 3.88082 3.95081 3.83326 2.83169 2.41446 2.36366 1.75856 0.906095
threshold=-0.79327252649485025 -0.63235789435229861 -0.88287987320986094 0.46349473784760536 0.31049497566242762 1.0000000180025095e-35 1.0000000180025095e-35 -0.61016371959572757 1.0000000180025095e-35 -0.50568625215911767
decision_type=2 2 2 2 2 2 2 2 2 2
left_child=1 -1 6 5 -3 7 -2 -4 -9 -10
right_child=2 4 3 -5 -6 -7 -8 8 9 -11
leaf_value=0.02508141936069927 0.01485006877746578 -0.014940186705104219 0.0030870605009823654 -0.022444798822004588 0.011509303940433088 0.008276713647264379 -0.0039016071877849903 -0.00047184057808196317 -0.022630844937154372 -0.006191162428949893
leaf_weight=8.5457814335823077 13.674980491399767 7.3540742099285152 12.917047232389445 10.288286238908766 9.6247185766696912 13.279924213886259 8.8668978512287122 9.5957059562206322 10.305726766586302 7.7342024147510555
leaf_count=23 37 20 35 28 26 36 24 26 28 21
internal_value=0 0.00916642 -0.00281783 -0.00660353 0 -0.00294119 0.00744126 -0.00692163 -0.0117238 -0.0169061
internal_weight=112.187 25.5246 86.6628 64.1209 16.9788 53.8326 22.5419 40.5527 27.6356 18.0399
internal_count=304 69 235 174 46 146 61 110 75 49
is_linear=0
shrinkage=0.03


Tree=8
num_leaves=10
num_cat=0
split_feature=2 54 52 61 41 32 34 14 16
split_gain=10.6409 3.78515 2.56205 2.36803 2.2945 2.04143 1.54217 1.08265 2.72062
threshold=-0.52288900210433376 -0.96726694443645977 -0.6705649968007471 584.00000000000011 -0.41108838267488185 1.2952328510907132 0.24184022626408527 -0.44116157185206861 0.38359433872984255
decision_type=2 2 2 2 2 2 2 2 2
left_child=1 -1 -2 5 -3 7 -6 -4 -9
right_child=2 4 3 -5 6 -7 -8 8 -10
leaf_value=-0.0025523308745588362 0.0061894085789487721 0.0035082679482260587 -0.021100894575259863 0.0053775740470910225 0.034504887076046827 0.00044645671591548892 0.0097530173905370238 0.0062226656571110345 -0.017179623665286983
leaf_weight=7.8726213574409512 8.679268926382063 6.5492384731769624 18.250964343547817 6.1346980631351462 8.7815771996974892 7.5286353230476371 5.9909311532974234 5.9143816828727749 9.7701115608215314
leaf_count=28 31 23 66 22 30 27 21 21 35
internal_value=0 0.0142743 -0.00758335 -0.0103293 0.0205095 -0.0128994 0.0266599 -0.0159231 -0.00823295
internal_weight=85.4724 29.1944 56.2781 47.5988 21.3217 41.4641 14.7725 33.9355 15.6845
internal_count=304 102 202 171 74 149 51 122 56
is_linear=0
shrinkage=0.03


Tree=9
num_leaves=12
num_cat=0
split_feature=5 13 39 57 26 34 2 17 30 26 24
split_gain=9.5267 4.0777 3.17493 3.73333 2.29876 3.04078 2.25145 1.64831 1.32807 1.15511 0.52114
threshold=0.34332469186812442 -0.55976274016307148 -0.59690838900338916 -0.61016371959572757 0.3848111502032549 1.3403162166375624 -0.32320980342481376 -0.31463726214301185 -0.44177389601347705 -1.1819199613385682 -0.49913419848462243
decision_type=2 2 2 2 2 2 2 2 2 2 2
left_child=1 9 3 -3 -2 -6 -4 8 -8 -1 -11
right_child=4 2 6 -5 5 -7 7 -9 -10 10 -12
leaf_value=-0.0017556821873761649 0.0022033418058356432 -0.0042739399219267164 0.0052112860157185956 0.02189036781927832 0.034163536879661796 0.0049618794148954285 -0.01221050724798972 -0.022389904171274753 0.0046333322991223636 -0.0074863851282573786 -0.021145290361767443
leaf_weight=6.9841272234916714 8.2049490809440631 7.740583777427676 10.047500282526018 9.167026609182356 7.9924507737159711 6.5623520016670227 6.767925530672076 6.3216105103492728 6.7463167607784262 7.8976637125015303 13.436407417058941
leaf_count=22 25 24 31 28 24 20 21 20 21 25 43
internal_value=0 -0.00517913 0.000213622 0.0102138 0.0163927 0.0230648 -0.00547091 -0.011149 -0.00377959 -0.0138534 -0.0171756
internal_weight=97.8689 75.1092 46.791 16.9076 22.7598 14.5548 29.8834 19.8359 13.5142 28.3182 21.3341
internal_count=304 235 145 52 69 44 93 62 42 90 68
is_linear=0
shrinkage=0.03


Tree=10
num_leaves=12
num_cat=0
split_feature=37 45 31 61 38 12 19 47 30 23 46
split_gain=3.17599 4.32227 3.44802 3.01705 2.63663 2.5707 3.38634 3.01837 2.0872 1.57465 1.20049
threshold=-0.79327252649485025 -0.63235789435229861 0.16168749415974576 177.50000000000003 0.37669039546340038 0.14008998371523809 -0.88186205289414832 0.2992356663460804 -0.069016223247149303 -0.25546643159709814 -0.51512171894362402
decision_type=2 2 2 2 2 2 2 2 2 2 2
left_child=1 -1 -3 -2 5 8 -7 -8 9 -5 -11
right_child=3 2 -4 4 -6 6 7 -9 -10 10 -12
leaf_value=0.02455445156009067 0.013736810073013687 -0.013207034171184658 0.01173831759699237 -0.020069597328732296 -0.015817595731463314 0.017077133205293037 0.0084616444674822742 -0.015689447116872229 0.0021317499227403317 0.0036140275771813792 -0.011818524578923297
leaf_weight=8.5663786232471484 7.3774882256984702 8.07681652903557 8.8983755409717542 10.302313089370726 13.96628165245056 10.73014345765114 7.7503989934921247 7.7164368033409119 14.033939093351366 7.3753838241100267 7.3679573237895992
leaf_count=23 20 22 24 28 38 29 21 21 38 20 20
internal_value=0 0.00897701 0 -0.00277627 -0.00461458 -0.00182631 0.005146 -0.0035556 -0.00666551 -0.0116628 -0.00410816
internal_weight=112.162 25.5416 16.9752 86.6203 79.2429 65.2766 26.197 15.4668 39.0796 25.0457 14.7433
internal_count=304 69 46 235 215 177 71 42 106 68 40
is_linear=0
shrinkage=0.03


Tree=11
num_leaves=10
num_cat=0
split_feature=2 26 36 29 52 61 32 5 16
split_gain=10.1095 3.05918 3.62859 2.58566 2.46499 2.30291 1.99657 1.57915 2.52595
threshold=-0.52288900210433376 -0.95810123111830814 0.18326271320076715 -0.68712657176214942 -0.6705649968007471 584.00000000000011 1.2952328510907132 -0.040175504296330621 0.4356573734467869
decision_type=2 2 2 2 2 2 2 2 2
left_child=1 -1 -3 -4 -2 6 7 8 -6
right_child=4 2 3 -5 5 -7 -8 -9 -10
leaf_value=0 0.0060404273105457273 0.00034357841328081889 0.0093246931007479848 0.0398940372868061 0.0072983183217259634 0.0053139901650405422 0.000482313077881651 -0.021248914879312769 -0.015929354596476288
leaf_weight=9.9802771508693713 8.7115343213081342 6.3403727710247066 6.0527756214141872 7.0539368391036943 5.6662476956844285 6.1451590061187735 7.5199787318706504 19.387786149978641 8.5584948658943159
leaf_count=35 31 22 21 24 20 22 27 71 31
internal_value=0 0.0138417 0.0203547 0.028595 -0.00742936 -0.0101438 -0.0126996 -0.0157142 -0.00648175
internal_weight=85.4166 29.4274 19.4471 13.1067 55.9892 47.2777 41.1325 33.6125 14.2247
internal_count=304 102 67 45 202 171 149 122 51
is_linear=0
shrinkage=0.03


end of trees

feature_importances:
Column_2=8
Column_5=7
Column_19=7
Column_34=6
Column_37=6
Column_26=5
Column_45=5
Column_13=4
Column_30=4
Column_38=4
Column_41=4
Column_12=3
Column_14=3
Column_20=3
Column_31=3
Column_32=3
Column_33=3
Column_39=3
Column_52=3
Column_54=3
Column_57=3
Column_61=3
Column_16=2
Column_29=2
Column_44=2
Column_46=2
Column_48=2
Column_55=2
Column_1=1
Column_3=1
Column_6=1
Column_15=1
Column_17=1
Column_18=1
Column_23=1
Column_24=1
Column_27=1
Column_36=1
Column_42=1
Column_43=1
Column_47=1
Column_53=1
Column_59=1

parameters:
[boosting: gbdt]
[objective: multiclass]
[metric: multi_logloss]
[tree_learner: serial]
[device_type: cpu]
[data_sample_strategy: bagging]
[data: ]
[valid: ]
[num_iterations: 1800]
[learning_rate: 0.03]
[num_leaves: 96]
[num_threads: 2]
[seed: 42]
[deterministic: 0]
[force_col_wise: 1]
[force_row_wise: 0]
[histogram_pool_size: -1]
[max_depth: 10]
[min_data_in_leaf: 20]
[min_sum_hessian_in_leaf: 0.001]
[bagging_fraction: 0.85]
[pos_bagging_fraction: 1]
[neg_bagging_fraction: 1]
[bagging_freq: 0]
[bagging_seed: 400]
[bagging_by_query: 0]
[feature_fraction: 0.8]
[feature_fraction_bynode: 1]
[feature_fraction_seed: 30056]
[extra_trees: 0]
[extra_seed: 12879]
[early_stopping_round: 0]
[early_stopping_min_delta: 0]
[first_metric_only: 0]
[max_delta_step: 0]
[lambda_l1: 0.2]
[lambda_l2: 1.5]
[linear_lambda: 0]
[min_gain_to_split: 0]
[drop_rate: 0.1]
[max_drop: 50]
[skip_drop: 0.5]
[xgboost_dart_mode: 0]
[uniform_drop: 0]
[drop_seed: 17869]
[top_rate: 0.2]
[other_rate: 0.1]
[min_data_per_group: 100]
[max_cat_threshold: 32]
[cat_l2: 10]
[cat_smooth: 10]
[max_cat_to_onehot: 4]
[top_k: 20]
[monotone_constraints: ]
[monotone_constraints_method: basic]
[monotone_penalty: 0]
[feature_contri: ]
[forcedsplits_filename: ]
[refit_decay_rate: 0.9]
[cegb_tradeoff: 1]
[cegb_penalty_split: 0]
[cegb_penalty_feature_lazy: ]
[cegb_penalty_feature_coupled: ]
[path_smooth: 0]
[interaction_constraints: ]
[verbosity: -1]
[saved_feature_importance_type: 0]
[use_quantized_grad: 0]
[num_grad_quant_bins: 4]
[quant_train_renew_leaf: 0]
[stochastic_rounding: 1]
[linear_tree: 0]
[max_bin: 255]
[max_bin_by_feature: ]
[min_data_in_bin: 3]
[bin_construct_sample_cnt: 200000]
[data_random_seed: 175]
[is_enable_sparse: 1]
[enable_bundle: 1]
[use_missing: 1]
[zero_as_missing: 0]
[feature_pre_filter: 1]
[pre_partition: 0]
[two_round: 0]
[header: 0]
[label_column: ]
[weight_column: ]
[group_column: ]
[ignore_column: ]
[categorical_feature: ]
[forcedbins_filename: ]
[precise_float_parser: 0]
[parser_config_file: ]
[objective_seed: 16083]
[num_class: 3]
[is_unbalance: 0]
[scale_pos_weight: 1]
[sigmoid: 1]
[boost_from_average: 1]
[reg_sqrt: 0]
[alpha: 0.9]
[fair_c: 1]
[poisson_max_delta_step: 0.7]
[tweedie_variance_power: 1.5]
[lambdarank_truncation_level: 30]
[lambdarank_norm: 1]
[label_gain: ]
[lambdarank_position_bias_regularization: 0]
[eval_at: ]
[multi_error_top_k: 1]
[auc_mu_weights: ]
[num_machines: 1]
[local_listen_port: 12400]
[time_out: 120]
[machine_list_filename: ]
[machines: ]
[gpu_platform_id: -1]
[gpu_device_id: -1]
[gpu_device_id_list: ]
[gpu_use_dp: 0]
[num_gpu: 1]

end of parameters

pandas_categorical:null
