tree
version=v4
num_class=1
num_tree_per_iteration=1
label_index=0
max_feature_idx=62
objective=binary sigmoid:1
feature_names=Column_0 Column_1 Column_2 Column_3 Column_4 Column_5 Column_6 Column_7 Column_8 Column_9 Column_10 Column_11 Column_12 Column_13 Column_14 Column_15 Column_16 Column_17 Column_18 Column_19 Column_20 Column_21 Column_22 Column_23 Column_24 Column_25 Column_26 Column_27 Column_28 Column_29 Column_30 Column_31 Column_32 Column_33 Column_34 Column_35 Column_36 Column_37 Column_38 Column_39 Column_40 Column_41 Column_42 Column_43 Column_44 Column_45 Column_46 Column_47 Column_48 Column_49 Column_50 Column_51 Column_52 Column_53 Column_54 Column_55 Column_56 Column_57 Column_58 Column_59 Column_60 Column_61 Column_62
feature_infos=[-2.0700461833499473:7.4017124400180876] [-1.5528013243307062:11.750247767724858] [-1.7080941483879901:8.6049984122526038] [-2.0466672441679838:7.3179796363890954] [-1.7840001319073129:12.113257873505578] [-1.7431383244540588:7.7409871725441155] [-2.9658422728195952:4.9445272549420745] [-1.8018325706261462:9.5076307567153684] [-2.7217712185614551:5.0239941104100811] [-3.2882926984693803:4.0324569713385223] [-7.7687763284693663:2.0527691275857576] [-2.9844671694030516:4.0145057311671364] [-1.56599409597317:2.6237636902104229] [-3.2683837886170739:4.1773782268961606] [-2.9640060405829458:4.3003068010059584] [-3.2683837886170739:4.1773782268961606] [-8.0982782326321363:2.2954283912374436] [-2.9640060405829458:4.3003068010059584] [-8.0660417290787922:0.83302175509385734] [-1.7397937745213596:1.6708631760528123] [-1.4741955045429413:1.369394876257898] [-2.1946368689745972:1.1378486639416858] [-1.5039829571894594:0.66490115145235562] [-2.1496146656708199:2.6318195357096537] [-2.3537601910921291:3.459910103874861] [-2.3600412829040027:4.1679608891774436] [-3.1541902170794285:3.168587195645181] [-2.2397600322405022:2.5666627650976461] [-2.4560968709034356:3.8531121230413534] [-2.2832213953843254:4.4433523686090082] [-3.724378026821582:3.3960236411138758] [-2.8897875198492433:3.029452118787475] [-2.6633009642264138:4.1206406258424497] [-2.4544866274589383:3.5146793985133513] [-2.7547223387497199:4.0018462354379745] [-2.9693389518259092:3.4889264650685141] [-2.4910502755357133:3.911403036192675] [-2.5902759457729685:4.0644371435668818] [-3.4265773869844063:3.1948864775886716] [-3.748554444465201:3.0894775096393463] [-3.7880827460012405:4.4333132726366937] [-2.6960073680362329:2.2334310648176734] [-3.0554413404206016:5.8760432595071936] [-1.8851912871056973:3.1559706840350361] [-3.34764638883376:3.206550447630983] [-2.5608248228656438:3.139272896410104] [-3.3742891170648845:3.1511002136442379] [-2.9427611620673217:2.9340813749576697] [-2.9592660455778619:2.5053166662746817] [-1.1670755148041112:4.8501569067319119] [-1.1368293113627839:4.7454557242157982] [-10.606984556628975:8.6284246926320254] [-4.7639976568475086:4.8540508133737115] [-4.3109171321831283:5.3969627698747367] [-2.6638920974883105:2.9883497762284983] [-2.7617965482241313:3.2018375931035572] [-1.2029725417801185:2.9915601496718294] [-1.1622524132653345:3.8281881543029952] [-1.2453808786008089:2.9853857472859895] [-2.6789249531298092:2.7197800177744904] [64:815] [64:815] [0:1]
tree_sizes=5137 4994 5005 5319 5092 5398 5100

Tree=0
num_leaves=47
num_cat=0
split_feature=19 46 12 28 36 31 42 55 23 16 35 18 40 54 32 47 36 19 46 36 9 47 14 45 46 47 50 45 23 58 32 46 58 4 23 24 26 4 50 42 55 47 47 27 55 13
split_gain=7.66763 8.55536 7.11999 8.32932 5.48235 8.30995 5.25021 7.57236 6.3774 6.59781 5.00353 4.95781 4.69495 4.78161 4.50275 8.51504 4.35907 4.11261 6.4822 6.42774 8.07972 6.31433 6.04697 9.0133 7.28825 8.59835 5.93292 4.82457 4.02307 5.40901 3.80706 4.28123 3.63688 3.39625 3.34032 3.3353 3.19115 2.96889 2.73261 1.42758 1.32164 0.928561 0.914221 0.895965 0.660447 0.217116
threshold=0.31836128185960638 0.92994640921414329 0.22562509992634308 0.32737768524867733 1.5720450953688412 -0.24726982402927966 1.0000000180025095e-35 -0.28596278620954185 -0.7151844052566777 0.23372220163380411 1.443809083051947 0.58644992322915501 -1.2531523069212105 0.19419942812415086 1.0920952731331359 -0.16366388482806535 -1.3829333561981072 -1.4457716236097926 -0.38657221393369856 -0.64418874330637022 -1.0000000180025095e-35 -0.16366388482806535 -0.53319969755768837 -0.24265796494067823 -0.90581385120817937 0.38816519884292294 -0.62973577381290602 -0.21761410161203334 -1.0339466853487091 0.87000243434259039 -0.60389012438407996 -0.11323097738605541 -1.0000000180025095e-35 1.2733966292835233 1.0000000180025095e-35 1.0000000180025095e-35 -0.4791690040036321 0.39985469751471303 -0.22406094377300381 -0.37599596044226297 1.0000000180025095e-35 0.28515357265913727 0.37515777952322138 0.16345136642857194 -1.0000000180025095e-35 0.36683084318853731
decision_type=2 2 2 2 2 2 2 2 2 2 2 2 2 2 2 2 2 2 2 2 2 2 2 2 2 2 2 2 2 2 2 2 2 2 2 2 2 2 2 2 2 2 2 2 2 2
left_child=4 2 3 6 10 -6 8 33 11 -10 12 -2 13 -1 15 28 -14 34 22 20 -20 30 23 -19 25 -24 -26 -27 -3 36 32 -32 -21 45 43 42 -30 40 -33 -28 -5 -17 -23 -18 -41 -8
right_child=1 14 -4 37 5 -7 7 -9 9 -11 -12 -13 16 -15 -16 41 17 18 19 21 -22 35 24 -25 26 27 39 -29 29 -31 31 38 -34 -35 -36 -37 -38 -39 -40 44 -42 -43 -44 -45 -46 -47
leaf_value=-0.10256486779070248 -0.074166607379288332 -0.052595211807673709 -0.084765381965495865 -0.05498567883764819 -0.034797976697298491 -0.077699532241357505 -0.051585158733159595 -0.077699532241357505 -0.065239647840076576 -0.10121668515802984 -0.099086664009998618 -0.041246808633953372 -0.05177074523777838 -0.070297422253037714 -0.051585158733159581 -0.083071193438345223 -0.10309053165291196 -0.055056374268307146 -0.078605509480411659 -0.069526062648610457 -0.038551659323092277 -0.087031992899792882 -0.095364156551703383 -0.098747403325944158 -0.07368612587513744 -0.040630196423463744 -0.059605354317402715 -0.075607949806810848 -0.10000336796722485 -0.05807589517839748 -0.087031992899792909 -0.071997936389124509 -0.1013466545285801 -0.064653402280943822 -0.069526062648610457 -0.10636044054007454 -0.072637766882123783 -0.058511296385211908 -0.049953388476095706 -0.027306339742867995 -0.026450450116104494 -0.10857391440280065 -0.069526062648610457 -0.079897733927105724 -0.053222463103999071 -0.027290611445710912
leaf_weight=8.2400383651256579 6.9915477037429827 7.9903402328491167 6.9915477037429801 4.9939626455307033 6.4921514391899109 6.9915477037429792 5.4933589100837761 6.9915477037429801 7.9903402328491193 7.7406421005725861 5.9927551746368399 6.7418495714664459 7.4909439682960501 7.9903402328491202 5.4933589100837699 5.992755174636839 5.9927551746368426 6.2424533069133759 8.9891327619552595 6.2424533069133759 6.49215143918991 5.2436607778072446 6.9915477037429801 7.9903402328491193 5.2436607778072348 5.9927551746368417 4.9939626455307033 5.4933589100837681 6.2424533069133714 8.7394346296787244 5.2436607778072313 7.7406421005725852 5.4933589100837619 5.9927551746368399 7.2412458360195151 9.9879252910613996 9.4885290265083402 9.2388308942317945 9.9879252910614102 7.9903402328491229 9.9879252910613996 4.9939626455307007 5.2436607778072357 5.4933589100837708 5.2436607778072393 6.4921514391899109
leaf_count=33 28 32 28 20 26 28 22 28 32 31 24 27 30 32 22 24 24 25 36 25 26 21 28 32 21 24 20 22 25 35 21 31 22 24 29 40 38 37 40 32 40 20 21 22 21 26
internal_value=-0.0695261 -0.0640888 -0.0584208 -0.0557628 -0.073415 -0.056035 -0.0627747 -0.0530498 -0.0712214 -0.0838121 -0.0748889 -0.0572066 -0.0737452 -0.0884269 -0.073924 -0.0773865 -0.0719812 -0.0732325 -0.0711561 -0.0771682 -0.0609097 -0.0819425 -0.0636962 -0.0796507 -0.0579823 -0.0718 -0.0473811 -0.056591 -0.0694742 -0.0754143 -0.0735735 -0.0665858 -0.0864878 -0.0432645 -0.085836 -0.0946115 -0.0855531 -0.0415502 -0.0593325 -0.0397688 -0.0334092 -0.098442 -0.0797125 -0.0949396 -0.0344626 -0.0347466
internal_weight=323.359 134.587 85.6465 78.6549 188.772 13.4837 54.4342 24.9698 29.4644 15.731 175.288 13.7334 169.295 16.2304 48.9408 43.4475 153.065 145.574 126.847 70.6646 15.4813 55.1833 56.1821 14.2328 41.9493 18.4777 23.4716 11.4861 32.4608 24.4704 34.708 22.9722 11.7358 17.9783 18.7274 20.4752 15.731 24.2207 17.7286 18.228 14.9819 10.9867 10.4873 11.4861 13.234 11.9855
internal_count=1295 539 343 315 756 54 218 100 118 63 702 55 678 65 196 174 613 583 508 283 62 221 225 57 168 74 94 46 130 98 139 92 47 72 75 82 63 97 71 73 60 44 42 46 53 48
is_linear=0
shrinkage=1


Tree=1
num_leaves=46
num_cat=0
split_feature=19 46 28 42 37 46 32 36 31 25 35 40 54 32 47 32 28 43 12 4 43 19 14 49 40 60 29 54 56 25 33 19 36 46 61 19 46 46 47 35 40 34 36 31 19
split_gain=7.29585 8.15421 7.00616 5.89029 7.20618 6.27347 5.69266 5.2175 7.9063 4.92003 4.77021 4.4634 4.54487 4.23351 5.59456 4.50626 4.25627 4.15553 5.17718 3.6973 3.57126 8.06082 6.38752 6.15143 4.57977 3.34639 3.02505 2.99905 2.75558 4.72797 4.18814 4.97224 3.42928 3.75108 3.46708 4.40043 3.99605 4.37042 2.42736 2.24676 1.863 1.669 1.48464 0.866951 0.259647
threshold=0.31836128185960638 0.94361891030272538 0.32737768524867733 1.0000000180025095e-35 0.14290978734875581 0.26391059349943286 -0.60389012438407996 1.5720450953688412 -0.24726982402927966 1.0852931968056498 1.443809083051947 -1.2531523069212105 0.19419942812415086 0.80943104021359991 -0.16366388482806535 0.12296076026615513 1.0000000180025095e-35 -0.37284269576347717 2.0497502585376508 0.39985469751471303 -0.70892016050619266 -0.97533618215128637 -0.02228041033461987 -0.23336703560024538 -0.56803597203471634 763.50000000000011 1.0800654866123414 -0.72305254600144608 1.0000000180025095e-35 -0.72804073988364093 -0.58912224434259763 -0.38729188032815337 -0.64418874330637022 -0.6643199264966807 203.00000000000003 -1.2105539028805394 0.56778832814333435 -0.32499376743125991 0.78169605783273066 -0.27839502811989952 -0.72789645017489824 1.0000000180025095e-35 -0.64418874330637022 0.5983358386331088 -0.85772732178665978
decision_type=2 2 2 2 2 2 2 2 2 2 2 2 2 2 2 2 2 2 2 2 2 2 2 2 2 2 2 2 2 2 2 2 2 2 2 2 2 2 2 2 2 2 2 2 2
left_child=7 2 3 5 -5 6 -2 10 -9 13 11 12 -1 14 15 16 -3 18 20 40 21 24 42 39 -13 28 43 -7 32 -30 -31 -32 33 -19 35 -34 37 -37 -21 -22 -4 -36 -23 -6 -25
right_child=1 9 19 4 26 27 -8 8 -10 -11 -12 17 -14 -15 -16 -17 -18 25 -20 38 23 22 -24 44 -26 -27 -28 -29 29 30 31 -33 34 -35 41 36 -38 -39 -40 -41 -42 -43 -44 -45 -46
leaf_value=-0.032239557488172005 0.0027597136149129422 0.0045645225079189366 0.0095865745065594147 -0.0058630103330128761 0.043159543712821533 0.023258622477301271 -0.028870964852270791 0.033856443193707571 -0.0079735827252466873 0.013645172050148582 -0.028880481110567988 0.0027667843858850405 -0.00075189429111324887 0.0090369085973872176 -0.031943389204721673 0.01625246983179144 -0.023708800133645055 -0.015768029945416567 -0.020123087669469682 -0.0069023498949833803 -0.012929951796652151 0.03708861084893008 -0.0094513600948441922 0.03688679359150001 -0.028939985800662395 0.011082698468699853 0.0044834382382726657 -0.0031401722170582356 -0.017400005014071369 0.026301203064463805 0.013195744355765295 -0.017515363748495657 0.00917879874916489 0.014092511476968701 -0.034016197366698121 -0.0016361740066417039 0.0053273341543421731 -0.035757580609932955 0.018931730563968078 0.010752403554362057 0.037047703509899929 -0.0092627336058885203 0.010483690030115045 0.017080455218479354 0.014360798092016881
leaf_weight=8.2283413857221621 8.2382619082927722 6.9909168630838456 4.9958790093660381 9.4881253540515917 5.4962444156408328 6.4932968318462372 9.9851563572883624 6.4980326294898987 6.9894456863403303 9.239945709705351 5.9852968454360953 6.2421362847089767 7.9901247024536124 7.7419007867574683 9.2288832813501376 5.2438364773988715 9.9862601906061155 4.991778090596199 5.7404593825340262 4.9952536821365339 5.2421525716781616 4.9971063733100909 5.9914773553609839 5.9921238869428635 7.9861439466476423 7.4903047680854788 5.9950590133666983 6.2397842556238157 8.9847523570060748 5.494310781359677 8.4887023866176623 7.4892100840806899 7.7403809577226594 7.493333622813223 9.9840263873338682 5.9929177314043001 4.9932184666395178 8.2346043288707857 4.9954883754253387 6.2404527366161364 12.493822559714319 5.989168480038642 6.2425452768802643 6.7436633706092834 4.9944021403789538
leaf_count=33 33 28 20 38 22 26 40 26 28 37 24 25 32 31 37 21 40 20 23 20 21 20 24 24 32 30 24 25 36 22 34 30 31 30 40 24 20 33 20 25 50 24 25 27 20
internal_value=0 0.00529843 0.0107881 0.00456694 0.0143017 -0.00422424 -0.0151451 -0.0037992 0.0131506 -0.00437827 -0.00523824 -0.00412069 -0.0184425 -0.00912133 -0.0139813 -0.00472005 -0.0123162 -0.00239978 0.00366532 0.0229414 0.00678178 0 0.013418 0.0155065 -0.0157111 -0.00633579 0.0247461 0.0109329 -0.00808791 -0.000566915 0.00689171 -0.00112376 -0.011992 0.00131398 -0.01591 -0.00825472 -0.0157212 -0.0232933 0.00627795 0 0.0308963 -0.0266702 0.0257573 0.0326611 0.0300824
internal_weight=323.319 134.592 86.16 58.6796 27.7231 30.9565 18.2234 188.727 13.4875 48.4317 175.239 169.254 16.2185 39.1918 31.4499 22.221 16.9772 153.036 59.669 27.4804 53.9285 31.4594 17.2311 22.4691 14.2283 93.3667 18.235 12.7331 85.8764 30.457 21.4722 15.9779 55.4194 12.4851 42.9343 26.9611 19.2207 14.2275 9.99074 11.4826 17.4897 15.9732 11.2397 12.2399 10.9865
internal_count=1295 539 345 235 111 124 73 756 54 194 702 678 65 157 126 89 68 613 239 110 216 126 69 90 57 374 73 51 344 122 86 64 222 50 172 108 77 57 40 46 70 64 45 49 44
is_linear=0
shrinkage=0.03


Tree=2
num_leaves=46
num_cat=0
split_feature=19 16 44 36 47 25 60 45 30 32 34 2 34 38 28 38 44 45 40 47 45 45 47 53 19 19 12 47 27 11 47 50 45 13 45 42 38 45 38 38 45 45 29 40 29
split_gain=6.94671 5.14332 6.1418 5.69343 5.07748 5.96909 7.34658 8.43171 6.23232 5.37598 6.98716 5.87683 4.9715 6.35623 6.12355 6.02605 7.33806 5.96162 4.58036 5.90203 4.98381 4.57859 4.39101 3.89638 5.41011 5.39225 6.16237 4.65361 3.8298 3.70397 6.20779 3.63169 3.26924 3.13582 3.11822 3.0948 3.19761 3.08073 2.70127 1.75753 6.35232 1.50421 0.600227 0.193703 0.110889
threshold=0.31836128185960638 0.25464634266129788 -1.5200338094349373 -0.64418874330637022 1.0356482261213755 0.72262640946779177 349.00000000000006 0.55710437344935271 -0.16417719285385288 -1.0884573808175702 -0.26122679351378469 -0.79637675050067136 0.86486796885083106 -0.19659501402192925 0.32737768524867733 1.1761474944871237 0.30757876996388495 -0.050316578496271969 -0.56803597203471634 0.15993823839476157 1.2951043717326702 -1.521018199143457 -0.45525585306841493 0.84639406578511267 -1.2105539028805394 0.083143561130353066 1.8062926426666446 -0.26223550270773227 -0.47740500654984791 1.4261826387685863 -0.20611704359637606 -1.0000000180025095e-35 0.28368411829636636 -0.58314491693174564 -0.60888917224136352 1.0000000180025095e-35 -0.35809413267005302 -0.58582685570094817 -0.60034281064223871 -0.31195152734201764 -0.68250941842216661 -0.48351733894676413 0.37200509040251661 0.66517343076097379 1.0000000180025095e-35
decision_type=2 2 2 2 2 2 2 2 2 2 2 2 2 2 2 2 2 2 2 2 2 2 2 2 2 2 2 2 2 2 2 2 2 2 2 2 2 2 2 2 2 2 2 2 2
left_child=1 2 3 -1 5 9 7 8 -7 -2 29 -12 15 38 -15 16 23 21 42 31 -21 -18 33 24 27 26 39 -4 -29 30 -11 -20 -24 43 -17 -6 -37 -23 -14 40 -26 -41 -13 -3 -34
right_child=4 22 12 -5 35 6 -8 -9 -10 10 11 18 13 14 -16 34 17 -19 19 20 -22 37 32 -25 25 -27 -28 28 -30 -31 -32 -33 44 -35 -36 36 -38 -39 -40 41 -42 -43 -44 -45 -46
leaf_value=-0.037573109628242035 0.017312081595623394 -0.0037597623772543352 -0.020513262860162015 0.001086937161538131 0 -0.0036827393039437321 0.03418082655973164 -0.024361733017801139 0.02931143154261066 0.0067535238799126315 0.022649239814948971 -0.026285932876588473 -0.0052271434580831878 -0.033267749777142593 -8.3920157920040254e-05 0.029737136386017111 0.0054652984437378585 0.01345961986611301 -0.023363146645891907 0.030362960464418449 -0.002519732762027176 -0.033760898313293215 -0.003442724314686299 -0.012847369223984844 -0.0084362732998523853 -0.010022284212338084 -0.0017929263403649914 -0.0077172654424093167 0.020936209080537966 -0.038608302413097623 -0.026577858621134317 0.0043111342684928949 -0.04045326507765875 0.014618067002086808 0.0012647162045528316 0.033990141218851903 0.0057589646425262658 -0.0070880152827076061 0.020484059844518569 0.045458050015482969 0.029410635604779571 0.014447555393928131 -0.0068788984930644127 -0.015570023212572883 -0.016987217737538026
leaf_weight=6.2330981194972992 9.4889861494302732 5.2389694601297361 7.4826720803976086 5.4892640858888608 6.739342704415324 8.9904737472534197 8.7439444661140424 5.7409829944372168 8.992677643895151 8.9876309931278264 7.9935612380504599 5.240685626864428 6.4918466359376907 10.975789293646814 8.9814620316028577 9.241970166563986 4.9916554540395799 5.4932124316692343 7.239893332123752 7.4946767091751081 6.7326763272285461 11.226116627454763 5.7377296090126064 7.2373088002204886 5.2402624040841976 5.4879160076379767 8.7335671931505185 6.9844323098659524 6.7412862181663487 4.9891604483127585 8.2329567074775696 6.990704149007807 5.7357952594757062 4.9922955483198193 5.9867811501026145 9.7429890334606206 7.2433070242404911 7.9882207214832261 5.2442184686660784 6.4949405491352081 8.9899874031543749 4.9929935783147865 4.9928232133388519 4.9895292073488235 5.2374143451452255
leaf_count=25 38 21 30 22 27 36 35 23 36 36 32 21 26 44 36 37 20 22 29 30 27 45 23 29 21 22 35 28 27 20 33 28 23 20 24 39 29 32 21 26 36 20 20 20 21
internal_value=0 -0.0036989 -0.00136405 -0.0209463 0.00517929 0.00231831 0.0128552 0.00319213 0.0134948 -0.00213058 -0.00520551 0.00136863 0.000376281 -0.00980759 -0.0196633 0.00336785 0.000459612 -0.0115802 -0.00355983 0.00262949 0.0156645 -0.0179499 -0.0144041 0.00591058 0.00848094 0.0148291 0.0192077 -0.00339959 0.00663776 -0.0184898 -0.00971405 -0.0102721 -0.0243853 -0.00188234 0.0200197 0.0173759 0.0237204 -0.0242778 0.00682789 0.0262654 0.0156167 0.0356671 -0.0194186 -0.011287 -0.0331239
internal_weight=323.238 188.661 156.729 11.7224 134.577 110.852 32.4681 23.7241 17.9832 78.3838 68.8948 46.685 145.007 31.6933 19.9573 113.313 98.0846 29.6992 38.6915 28.458 14.2274 24.206 31.9317 68.3854 61.1481 39.9397 34.4518 21.2084 13.7257 22.2097 17.2206 14.2306 16.7109 15.2208 15.2288 23.7256 16.9863 19.2143 11.7361 25.7182 14.2302 11.4879 10.2335 10.2285 10.9732
internal_count=1295 756 628 47 539 444 130 95 72 314 276 187 581 127 80 454 393 119 155 114 57 97 128 274 245 160 138 85 55 89 69 57 67 61 61 95 68 77 47 103 57 46 41 41 44
is_linear=0
shrinkage=0.03


Tree=3
num_leaves=49
num_cat=0
split_feature=45 52 7 48 47 40 46 27 35 40 46 16 36 54 43 46 13 45 35 37 6 16 16 28 46 57 33 61 16 30 46 45 50 45 26 30 29 36 45 26 58 55 46 49 35 45 57 38
split_gain=5.64926 6.26398 10.599 8.00206 9.95121 7.00426 6.66573 7.29905 6.56517 6.40082 5.4705 5.43823 5.39063 4.74003 5.8544 4.63592 9.10004 5.9914 4.55032 5.16835 5.36706 9.00941 7.62777 4.34129 4.32581 9.27635 4.66228 4.24365 3.98367 3.75011 3.38638 3.23851 4.69697 2.81075 2.68311 2.19304 2.19063 1.69318 1.66451 1.64139 1.4636 1.4249 1.35363 1.22633 1.09556 0.951923 0.575154 0.0599473
threshold=2.2349889913247929 1.0000000180025095e-35 0.062904907906948096 -1.172871285363269 0.37515777952322138 -0.84208250598931389 -0.92500179099401703 -0.79783319303905764 1.443809083051947 -1.1161290399439117 -0.23051395613488176 0.78942987393579722 -0.39794053900912457 0.17009700405661762 -1.1290169914345871 0.92994640921414329 -0.52082123285007975 0.2890125879892369 1.228533569155466 -1.2831001603669261 -0.91178558056330983 0.17164510891773804 -1.9148148510621286 1.0000000180025095e-35 -0.36570260018954764 1.0000000180025095e-35 -0.43367521241623602 154.50000000000003 -0.57681381902219442 0.57241608313947057 -0.53091857004984389 -0.9521486155666935 -0.22406094377300381 0.58723316804151182 0.85834160253426617 0.20411944514280875 -1.0000000180025095e-35 -1.0000000180025095e-35 -1.0000000180025095e-35 0.37197410924775776 0.87000243434259039 -0.33330182568174987 0.50026324532541333 1.0000000180025095e-35 0.3674315135695429 0.24672537349957765 1.0000000180025095e-35 0.85314925719087575
decision_type=2 2 2 2 2 2 2 2 2 2 2 2 2 2 2 2 2 2 2 2 2 2 2 2 2 2 2 2 2 2 2 2 2 2 2 2 2 2 2 2 2 2 2 2 2 2 2 2
left_child=1 2 3 35 6 -6 -5 -8 9 13 29 12 -12 43 -15 18 17 -17 19 -11 22 34 -21 -13 25 27 33 37 -24 -9 -4 -28 -33 -26 45 -1 -7 41 -10 -27 -32 -23 -34 -3 -18 -22 -14 -37
right_child=-2 8 30 4 5 36 7 10 38 15 11 23 46 14 -16 16 44 -19 -20 20 21 24 28 -25 26 39 31 -29 -30 -31 40 32 42 -35 -36 47 -38 -39 -40 -41 -42 -43 -44 -45 -46 -47 -48 -49
leaf_value=0.00053334277319921626 0.027692404195504148 -0.01280027346348543 0.0022201130056679059 -0.035222159018947478 -0.0071799089707068713 0.0096336557077696099 0.017655270810989023 -0.010107211293138022 -0.0085736768065410411 -0.021755723463221861 0 -0.018697885128765707 -0.020512183014705202 0.019272865761744997 -0.017434161270185055 -0.015568213473063476 -0.03535597590170822 0.02199626793746098 0.023294586926621865 0.016418860208424119 0.038888284499376431 0.00071166307189053743 -0.030017331399177824 0.013398801579489731 -0.033165899673739833 0.011484758783900411 -0.015983491069499652 -0.016495479485409303 -0.0010298361160294086 0.018204483166124549 0.032460205259952406 -0.0087661735495381931 0.02901634411360695 -0.0020219194137006133 0.0030004911750604593 0.013258838549197679 0.037169419435152125 -0.0031809742348828805 -0.033859707529423078 0.041611361320303505 0.0098082261818066823 0.023605330262749871 0.0047510048847175549 -0.03936423166733765 -0.01257758005701828 0.014344007030489977 -0.045628668695714379 0.032155997980134458
leaf_weight=4.9921998381614676 4.9965247958898535 5.982286289334299 7.741724535822871 6.9708502590656272 8.7239554822444934 7.2370131015777588 8.2388777434825879 6.7363143712282127 6.4834753721952438 6.981334760785102 5.2408078759908667 5.4876186549663526 7.4801336526870816 4.991532936692237 8.2350189834833127 4.9880451709032076 6.9746326059102994 7.7403059601783752 7.2374542206525794 5.9935999065637615 6.9963952898979205 4.9910446852445567 10.479313626885418 6.7385324686765671 5.9860277473926526 5.24315597116947 5.7357252836227444 9.4803436249494535 7.4866118431091282 6.9911793619394302 13.490414828062059 7.7329607456922558 5.2442602515220624 4.9900833964347839 5.2398109883069983 5.4931526482105237 6.2440299987792951 7.2435203641653141 6.2345489561557752 4.9959708005189896 6.2443666309118262 4.9930188655853271 4.9955644756555557 5.4787691235542297 7.2331013530492783 6.2411118149757385 6.4804453700780869 4.9945649206638336
leaf_count=20 20 24 31 28 35 29 33 27 26 28 21 22 30 20 33 20 28 31 29 24 28 20 42 27 24 21 23 38 30 28 54 31 21 20 21 22 25 29 25 20 25 20 20 22 29 25 26 20
internal_value=0 -0.000565839 0.00459468 -5.44781e-05 -0.00390683 0.0125966 -0.0102328 -0.00598769 -0.0039691 -0.00236028 -0.0108591 -0.0175525 -0.02694 -0.0160801 -0.00262189 -6.8919e-06 -0.0110151 0.00676431 0.00235882 0.00078833 0.00248448 0.00588297 -0.00965475 -0.00103942 0.000810335 0.00787317 -0.00656187 -0.00159706 -0.0192563 0.00429036 0.0205362 0.000950645 0.00747795 -0.0214332 0.0237105 0.0186705 0.0252326 0.00694571 -0.0236557 0.0301342 0.0267745 0.014271 0.019809 -0.0290477 -0.02645 0.0303612 -0.035855 0.0256563
internal_weight=323.152 318.155 125.526 98.0497 82.5698 22.205 60.3648 53.3939 192.629 179.911 45.155 31.4275 19.2014 24.6876 13.2266 155.223 26.9361 12.7284 128.287 121.05 114.069 90.109 23.9595 12.2262 71.6317 36.9471 34.6846 26.7079 17.9659 13.7275 27.4765 23.7085 17.9728 10.9761 18.4773 15.4799 13.481 17.2276 12.718 10.2391 19.7348 9.98406 10.2398 11.4611 14.2077 13.2375 13.9606 10.4877
internal_count=1295 1275 503 393 331 89 242 214 772 721 181 126 77 99 53 622 108 51 514 485 457 361 96 49 287 148 139 107 72 55 110 95 72 44 74 62 54 69 51 41 79 40 41 46 57 53 56 42
is_linear=0
shrinkage=0.03


Tree=4
num_leaves=47
num_cat=0
split_feature=19 46 12 28 60 53 28 16 44 54 46 36 36 46 47 34 3 36 57 16 46 6 32 48 34 40 31 23 58 34 60 31 36 47 37 47 47 53 60 23 61 47 33 44 19 50
split_gain=6.42795 7.34493 6.6751 7.87891 5.65217 5.72528 5.16993 4.80229 5.78117 5.49652 8.57537 6.17242 6.2116 7.02172 10.1184 5.34201 6.35115 5.31059 5.11597 4.49865 4.10887 4.09442 4.09381 7.89859 3.88832 3.64687 3.55252 3.48612 5.00732 3.18421 3.15113 2.92614 2.88757 3.52671 3.33554 2.88779 2.81096 2.68241 2.43351 2.35055 2.20713 2.07599 5.14868 2.01178 2.21343 0.923762
threshold=0.31836128185960638 0.94361891030272538 0.22562509992634308 0.32737768524867733 134.50000000000003 1.0000000180025095e-35 -1.1571420780324493 0.25464634266129788 -1.5200338094349373 1.5262055127174545 -0.55998065891859805 1.5720450953688412 -0.64418874330637022 -0.6643199264966807 0.45669732790244372 -0.74383883452719146 -0.76343634317114528 -0.64418874330637022 1.0000000180025095e-35 0.70393116485238549 -0.53091857004984389 0.051568444906752678 1.0920952731331359 -0.13637415239386239 -1.2264508755405978 0.39112689680637608 -0.24726982402927966 -1.0339466853487091 0.87000243434259039 -0.26122679351378469 151.00000000000003 0.38693442296751174 0.83330048247710398 -0.3906616965527801 0.3805781119680362 -0.73474291823987947 -0.45525585306841493 -0.36709092197212045 497.50000000000006 -0.3964221251646462 174.00000000000003 0.035670852518129091 1.0000000180025095e-35 -1.0000000180025095e-35 -0.97533618215128637 -0.22406094377300381
decision_type=2 2 2 2 2 2 2 2 2 2 2 2 2 2 2 2 2 2 2 2 2 2 2 2 2 2 2 2 2 2 2 2 2 2 2 2 2 2 2 2 2 2 2 2 2 2
left_child=7 2 3 4 5 6 -2 8 17 11 -11 12 13 14 -10 24 31 -1 36 39 -6 32 23 27 -14 -15 -13 -3 29 -29 -20 -17 33 35 43 -18 -9 -22 41 -8 -16 -5 -43 -35 -45 -26
right_child=1 22 -4 38 20 -7 19 18 9 10 -12 26 15 25 40 16 21 -19 30 -21 37 -23 -24 -25 45 -27 -28 28 -30 -31 -32 -33 -34 34 -36 -37 -38 -39 -40 -41 -42 42 -44 44 -46 -47
leaf_value=-0.036412472953218554 -0.017244441182368155 0.015667754816796418 -0.01528776764833977 0.045057346630696632 -0.0044048970630398551 -0.02128335001548393 0.0060534282725554223 -0.0073361149056080481 -0.02646072834573357 0.0088897019068748702 -0.034591273599744704 0.035016077289208511 0 0.033331661424113534 0.00084824109123350221 -0.0028066761374207477 0.0029698836377104456 0.00093645487434171446 -0.011712941618839573 -0.008096011637546828 0.03519263877202311 -0.015717513772487021 0.017058142060519914 -0.028409168830402124 -0.038047362344536907 0.0024318989724718574 0.00095137221736546853 -0.024822140491481518 0.011082950432451694 0.0011095093721680471 0.015568779544496135 -0.033570778111389019 0.023217466248141725 0.026540529367865742 -0.0055692127070755739 -0.022304534145207434 -0.032358882186697156 0.0090413823800705364 0.0072366119400633887 0.033240071473607559 0.026382471705107921 0.034586090704884102 -0.0031689356305289336 -0.0047565361287406878 0.018716167297473711 -0.012973926741617866
leaf_weight=6.2119586616754532 5.2374939769506446 7.9964176714420274 6.9885904341936103 7.2468318939209047 5.2421820014715221 8.4803769290447217 6.7403709441423425 8.7272148579359072 7.4669189006090191 5.9886280447244644 7.9739245474338514 6.24666728079319 6.732788726687434 10.738843217492105 6.4907601773738843 6.2328613698482425 8.2299236059188825 5.4890198111534101 6.477380231022833 5.2349417954683295 8.2462535500526464 6.4801757633686057 5.4970136135816565 10.443850219249724 4.9809335619211206 5.7410742491483679 4.990650072693823 9.7176444977521843 8.7406136244535428 5.9878041744232275 5.7379073053598404 4.9829776883125305 7.2383699715137473 8.2420292794704384 7.7317537665367118 5.4796999096870342 10.95048573613167 8.9889578521251643 6.4940284341573706 6.4979107975959822 5.4887344539165497 5.748229116201399 4.9958834499120712 6.4862067848443905 4.993908315897019 5.9814272373914692
leaf_count=25 21 32 28 29 21 34 27 35 30 24 32 25 27 43 26 25 33 22 26 21 33 26 22 42 20 23 20 39 35 24 23 20 29 33 31 22 44 36 26 26 22 23 20 26 20 24
internal_value=0 0.0049786 0.0101895 0.0127558 0.00595956 -0.00200031 0.00551445 -0.003564 -0.00130623 0.000380585 -0.0165007 0.00239224 0.000226329 0.0104589 -0.00162859 -0.00419732 -5.87409e-05 -0.0203217 -0.013915 0.0130779 0.0170216 0.00417458 -0.00420608 -0.00755118 -0.0181312 0.0240018 0.0222522 0 -0.00557472 -0.015352 0.000965842 -0.0192942 0.00735042 0.00370146 0.00983285 -0.00794117 -0.0228501 0.0236897 0.0264792 0.0218298 0.0146265 0.0320257 0.0183029 0.0161206 0.00597486 -0.0280562
internal_weight=323.039 134.525 86.1421 79.1535 54.6685 32.1911 23.7107 188.513 156.62 144.919 13.9626 130.957 119.719 35.9263 19.4464 83.7931 66.0979 11.701 31.893 18.4732 22.4774 54.8821 48.3833 42.8863 17.6951 16.4799 11.2373 32.4425 24.4461 15.7054 12.2153 11.2158 48.4019 41.1635 27.4539 13.7096 19.6777 17.2352 24.485 13.2383 11.9795 17.9909 10.7441 19.7221 11.4801 10.9624
internal_count=1295 539 345 317 219 129 95 756 628 581 56 525 480 144 78 336 265 47 128 74 90 220 194 172 71 66 45 130 98 63 49 45 194 165 110 55 79 69 98 53 48 72 43 79 46 44
is_linear=0
shrinkage=0.03


Tree=5
num_leaves=50
num_cat=0
split_feature=19 52 39 40 45 47 54 45 16 44 44 56 20 36 57 40 45 45 36 45 45 27 19 34 29 53 31 45 53 37 16 23 36 27 34 36 23 54 55 16 12 58 47 58 12 23 45 12 47
split_gain=6.13052 5.90381 6.77477 5.49081 4.85828 7.22556 5.31734 4.7015 4.62921 5.00801 6.01079 8.35527 5.92794 5.08245 4.69373 4.50304 6.30573 6.75863 4.49686 4.43088 6.42307 5.86757 5.41183 4.11425 4.09803 4.09434 3.29781 7.2446 4.28645 3.13095 4.42137 2.9225 2.60509 2.59974 2.58146 2.53497 2.48561 2.29635 2.27978 2.07735 1.88213 1.82368 1.36098 1.29648 1.18013 0.967527 0.590101 0.497618 0.0227951
threshold=0.31836128185960638 1.0000000180025095e-35 1.0760569898196739 -1.1161290399439117 1.0538330177994977 -1.2340767341577787 0.87976756133628065 -1.7748435976866876 0.25464634266129788 -1.5200338094349373 1.0000000180025095e-35 0.89429380394585556 -1.3449413963247212 -0.64418874330637022 1.0000000180025095e-35 -0.97910577296661272 0.5482220829224117 0.89092846195808739 1.0000000180025095e-35 0.63368038141006855 0.023359004777683087 -1.0000000180025095e-35 -1.4457716236097926 0.46269126800632537 0.68178151374431495 -0.36709092197212045 1.00939414687177 -0.050316578496271969 0.84639406578511267 0.3805781119680362 0.29746241594668055 1.0000000180025095e-35 0.83330048247710398 -0.47740500654984791 -0.341662133682686 1.0000000180025095e-35 0.24110243501941692 -1.0171814991766219 0.73143267452582206 0.61628936300179105 0.62680822396869418 -1.0000000180025095e-35 0.57796561637348154 1.0000000180025095e-35 -0.28878893202970346 -1.0339466853487091 0.090726486482665625 -0.29658433382959842 -0.3906616965527801
decision_type=2 2 2 2 2 2 2 2 2 2 2 2 2 2 2 2 2 2 2 2 2 2 2 2 2 2 2 2 2 2 2 2 2 2 2 2 2 2 2 2 2 2 2 2 2 2 2 2 2
left_child=7 15 3 25 5 -5 42 -1 9 13 12 26 -11 -9 34 41 18 -18 37 20 22 -22 33 24 43 -3 27 28 32 38 -31 -19 36 -14 -10 -4 45 -17 47 -16 -25 -2 -6 -24 -20 -12 -28 -7 -36
right_child=1 2 35 4 6 29 -8 8 14 10 11 -13 19 -15 39 16 17 31 44 -21 21 -23 23 40 -26 -27 46 -29 -30 30 -32 -33 -34 -35 48 -37 -38 -39 -40 -41 -42 -43 -44 -45 -46 -47 -48 -49 -50
leaf_value=0.018981611004932879 0.010518083158799908 -0.002523301463507321 0.02746006906306573 -0.018384277473902564 -0.032477350622006941 0.031675205334507024 0.0094086349182505129 -0.035621635486263473 -0.0054184464868538076 -0.021385850237082421 -0.01123960276982891 0.018540638951580746 -0.017874049037453821 0.00091436513468277241 0.011782701932418854 -0.011069893116536505 -0.027309487398075673 0.020320114779742934 0.031838186893278705 0.027604042338198447 0.0028195683856850561 -0.033893111894003042 0.014214981065763703 0.011421487077673875 0.0013223961381077754 -0.036469413251870031 -0.010388642970010581 0.015920362370238687 0.0059271211375654309 0.016592974701852194 -0.017456015322548979 -0.0071739412943512366 0 0.006624475134184989 -0.015271155212785473 0.0022234107629172353 -0.004425016451579407 0.013665486188594787 0.00089046710239791148 -0.010580430533950053 -0.011206226372917773 0.041076902430709064 -0.0080156991921480451 0.038350784025759165 0.0085429693527124383 -0.033227062301459047 -0.032186452210198939 0.011234892530687296 -0.036008437123934631
leaf_weight=6.4889126121997824 5.2460519224405289 6.7288850694894791 7.7427243143320066 6.9772324115037874 5.9697141498327273 7.9896190315484983 5.4850685298442832 6.1929571330547333 6.7216197848320034 5.234837442636489 5.7291536480188379 8.4797196537256223 6.2260764986276627 5.4892138093709928 5.7306061089038831 5.4921377301216125 6.4846203327178982 5.9866883456706983 10.4911792576313 7.7399479001760474 8.7299182713031751 4.9811382591724387 6.9879052639007702 5.2409805059432966 6.4801857620477668 5.9769061505794507 4.979134261608122 8.4844104498624784 7.7288703173398963 5.494356155395506 5.2391369193792343 4.9881515204906464 6.738272324204444 6.2366947829723269 4.9844568222761181 7.237207368016243 6.9815018326044074 4.9913297891616839 4.9865184128284445 6.2339103221893311 4.9863334745168686 4.995643734931944 5.7333199083805084 9.4873808324336988 4.9957134127616873 11.443676635622985 5.9713889807462692 5.2347765713930237 7.6937877982854834
leaf_count=26 21 27 31 28 24 32 22 25 27 21 23 34 25 22 23 22 26 24 42 31 35 20 28 21 26 24 20 34 31 22 21 20 27 25 20 29 28 20 20 25 20 20 23 38 20 46 24 21 31
internal_value=0 0.00486449 -0.000224432 -0.00451162 0 0.00616213 -0.0125672 -0.00348018 -0.00446279 -0.0021656 -0.000439092 -0.0069064 0.00544823 -0.0198484 -0.0147047 0.0124318 0.00748064 -0.00593219 0.0165478 0.00805115 0.00478536 -0.0121505 0.0102246 0.0164026 0.0230862 -0.0210789 -0.0110973 -0.00701826 -0.0126138 0.0128905 0 0.00798285 -0.0174973 -0.00579002 -0.0232838 0.0169438 -0.0218623 0.00044269 0.0199903 0 0 0.0292783 -0.0232202 0.030488 0.0260948 -0.0277051 -0.0252027 0.0259603 -0.0307569
internal_weight=322.87 134.467 80.7955 65.8155 53.1097 35.9216 17.1881 188.403 181.914 150.55 138.868 66.5361 72.3314 11.6822 31.3644 53.6715 43.4298 17.4595 25.9704 67.0966 59.3566 13.7111 45.6456 33.1828 22.9555 12.7058 58.0564 47.1059 38.6215 28.9444 10.7335 10.9748 30.8926 12.4628 19.3999 14.9799 24.1543 10.4835 18.2109 11.9645 10.2273 10.2417 11.703 16.4753 15.4869 17.1728 10.9505 13.2244 12.6782
internal_count=1295 539 324 264 213 144 69 756 730 604 557 267 290 47 126 215 174 70 104 269 238 55 183 133 92 51 233 189 155 116 43 44 124 50 78 60 97 42 73 48 41 41 47 66 62 69 44 53 51
is_linear=0
shrinkage=0.03


Tree=6
num_leaves=47
num_cat=0
split_feature=19 46 12 28 60 53 28 45 12 34 25 46 0 5 28 56 46 45 45 45 18 14 45 44 37 50 56 24 36 1 55 55 27 48 29 4 53 42 46 58 54 55 40 40 29 45
split_gain=5.8439 6.77281 6.3164 6.94224 5.17634 5.5276 5.17139 4.47939 4.27278 4.15774 5.12851 3.84819 3.83605 3.76711 4.17939 3.71615 4.1641 4.63978 7.20026 5.53447 5.44241 6.15962 6.66923 5.43732 8.97942 5.59064 4.90906 3.90941 3.57778 3.18886 4.18051 4.72404 7.85018 5.1223 2.85332 2.66816 2.53264 2.37476 2.26102 2.14903 1.9454 1.0363 0.315854 0.301351 0.233166 0.0545645
threshold=0.31836128185960638 0.92994640921414329 0.22562509992634308 0.32737768524867733 134.50000000000003 1.0000000180025095e-35 -1.1571420780324493 -1.7748435976866876 -0.33922214476760504 1.1866093295264359 1.0852931968056498 -0.53091857004984389 -0.45509152267108782 -0.94519507350469312 0.32737768524867733 -0.7835192726349236 0.94361891030272538 -1.2818826448053522 -0.44678530321822951 -0.54797970092803927 0.4663666387134498 -0.56544597396865537 0.71032635155870427 -0.19659021745647992 -0.57009518650908508 -0.22406094377300381 0.89429380394585556 -0.35531102719722618 0.34080407388261236 -0.61399755957603452 -1.0634006619052727 0.09321925026666035 -0.47740500654984791 -0.773632168927888 -1.0000000180025095e-35 0.39985469751471303 -0.36709092197212045 0.13437458812503958 1.4661690114627819 -0.822304216012129 -0.5076053346504289 1.0000000180025095e-35 -0.33135941998301821 0.20140237329934654 1.0000000180025095e-35 -0.013756625948939651
decision_type=2 2 2 2 2 2 2 2 2 2 2 2 2 2 2 2 2 2 2 2 2 2 2 2 2 2 2 2 2 2 2 2 2 2 2 2 2 2 2 2 2 2 2 2 2 2
left_child=7 2 3 4 5 6 -2 -1 12 10 13 -6 -8 14 -3 29 17 -17 19 23 21 22 27 40 25 -25 28 -20 34 -9 -31 32 37 -33 42 41 -13 -32 43 -35 -19 -5 -23 -15 -30 -29
right_child=1 9 -4 35 11 -7 8 15 -10 -11 -12 36 -14 38 -16 16 -18 18 20 -21 -22 26 -24 24 -26 -27 -28 45 44 30 31 33 -34 39 -36 -37 -38 -39 -40 -41 -42 -43 -44 -45 -46 -47
leaf_value=0.018514774977166786 -0.01707510135503057 0.01689714533941301 -0.014978306591760941 0.013308507690640049 -0.0042497407900430233 -0.020715370938337977 0.015264623438220246 -0.028946922237444793 0.028974611282444343 0.018374324743062696 0.011355310898362867 0.034098282850078647 -0.016223527436755297 -0.032936025797701898 -0.014522038436599688 -0.018984170879986103 -0.020653365984975344 0.00272901647095902 0 0.035948934309401562 -0.023878552985669557 -0.021535962001785945 0.011572335275940199 0.03060838338196498 -0.026874507349406353 -0.0079991637016413788 0.026938460861991399 -0.015226665315262808 0.019407236822212362 -0.027021921958355889 -0.02182538449591705 0.0054465880308324317 0.024233114138738007 -0.0077972133431838744 0.0060615530740385139 0.0094387383635676659 0.0086846587880733961 0.0024278975787595182 -0.0061449579567887918 -0.031479867249880854 0.027638859013829207 0.039221696278777349 -0.0059521319216575552 -0.012959520715799236 0.005351176606158848 -0.036713544235689295
leaf_weight=6.4907401204109183 5.2342150360345867 5.9840728193521446 6.9833180904388419 4.993367180228236 5.2388947606086758 8.4673620462417585 5.9952439069747969 6.2157200723886481 7.2398263514041892 4.9926384538412085 8.9868526160716993 8.2436798363924062 4.9847591966390619 7.4600230753421837 6.2272961288690567 8.7082987278699857 7.7056037336587897 5.2364842444658271 5.2268643975257936 5.9933353066444388 8.7016380131244642 5.2322406619787181 6.4816405326127997 5.4838089346885699 7.4613181203603736 5.225153312087059 7.4863331168889991 4.9841294586658513 4.9843762218952161 6.9384765923023215 5.4690360873937625 8.7280263006687182 9.9828831851482374 8.7268242835998553 7.7217802107334288 9.2432663440704328 8.9857893586158717 6.2331265509128571 9.714519724249838 8.2052438557147962 8.4833285510540026 9.9800482839345914 4.9812025725841522 5.4659967571496964 4.9883110523223877 6.2168768495321149
leaf_count=26 21 24 28 20 21 34 24 25 29 20 36 33 20 30 25 35 31 21 21 24 35 21 26 22 30 21 30 20 20 28 22 35 40 35 31 37 36 25 39 33 34 40 20 22 20 25
internal_value=0 0.00474534 0.00979065 0.0123053 0.00589811 -0.0017661 0.0056685 -0.00340372 0.0133084 -0.00400691 -0.00721174 0.0164663 0.000256924 -0.0124355 0.000601207 -0.0043641 -0.00123747 0.000279429 0.00218028 0.012412 -0.00366202 -2.11991e-05 -0.0118087 0.00639256 -0.00411095 0.012611 0.00761577 -0.0215649 0.00111875 -0.0103547 -0.0073971 -0.00365673 0.00625142 -0.0121337 -0.00656869 0.0252788 0.0229215 -0.00964438 -0.0193159 -0.0212272 0.0197316 0.032943 -0.0161833 -0.0271304 0.0145183 -0.0305523
internal_weight=322.714 134.421 85.5898 78.6065 54.3898 31.9214 23.454 188.293 18.2198 48.8314 43.8388 22.4684 10.98 34.8519 12.2114 181.802 121.303 113.597 104.889 37.8834 67.0054 58.3038 22.9095 31.8901 18.1703 10.709 35.3942 16.4279 27.9079 60.4993 54.2836 47.3451 21.685 25.6601 17.9352 24.2167 17.2295 11.7022 22.6405 16.9321 13.7198 14.9734 10.2134 12.926 9.97269 11.201
internal_count=1295 539 343 315 218 128 94 756 73 196 176 90 44 140 49 730 487 456 421 152 269 234 92 128 73 43 142 66 112 243 218 190 87 103 72 97 69 47 91 68 55 60 41 52 40 45
is_linear=0
shrinkage=0.03


end of trees

feature_importances:
Column_45=31
Column_46=23
Column_47=21
Column_36=18
Column_19=15
Column_40=13
Column_16=11
Column_28=10
Column_12=9
Column_34=9
Column_23=8
Column_54=8
Column_55=8
Column_29=7
Column_32=7
Column_44=7
Column_53=7
Column_58=7
Column_27=6
Column_31=6
Column_35=6
Column_38=6
Column_50=6
Column_60=6
Column_37=5
Column_42=5
Column_4=4
Column_25=4
Column_56=4
Column_57=4
Column_13=3
Column_14=3
Column_26=3
Column_30=3
Column_33=3
Column_43=3
Column_48=3
Column_61=3
Column_6=2
Column_18=2
Column_24=2
Column_49=2
Column_52=2
Column_0=1
Column_1=1
Column_2=1
Column_3=1
Column_5=1
Column_7=1
Column_9=1
Column_11=1
Column_20=1
Column_39=1

parameters:
[boosting: gbdt]
[objective: binary]
[metric: binary_logloss]
[tree_learner: serial]
[device_type: cpu]
[data_sample_strategy: bagging]
[data: ]
[valid: ]
[num_iterations: 1400]
[learning_rate: 0.03]
[num_leaves: 160]
[num_threads: 2]
[seed: 42]
[deterministic: 0]
[force_col_wise: 1]
[force_row_wise: 0]
[histogram_pool_size: -1]
[max_depth: 14]
[min_data_in_leaf: 20]
[min_sum_hessian_in_leaf: 0.001]
[bagging_fraction: 0.85]
[pos_bagging_fraction: 1]
[neg_bagging_fraction: 1]
[bagging_freq: 0]
[bagging_seed: 400]
[bagging_by_query: 0]
[feature_fraction: 0.8]
[feature_fraction_bynode: 1]
[feature_fraction_seed: 30056]
[extra_trees: 0]
[extra_seed: 12879]
[early_stopping_round: 0]
[early_stopping_min_delta: 0]
[first_metric_only: 0]
[max_delta_step: 0]
[lambda_l1: 0.2]
[lambda_l2: 1.5]
[linear_lambda: 0]
[min_gain_to_split: 0]
[drop_rate: 0.1]
[max_drop: 50]
[skip_drop: 0.5]
[xgboost_dart_mode: 0]
[uniform_drop: 0]
[drop_seed: 17869]
[top_rate: 0.2]
[other_rate: 0.1]
[min_data_per_group: 100]
[max_cat_threshold: 32]
[cat_l2: 10]
[cat_smooth: 10]
[max_cat_to_onehot: 4]
[top_k: 20]
[monotone_constraints: ]
[monotone_constraints_method: basic]
[monotone_penalty: 0]
[feature_contri: ]
[forcedsplits_filename: ]
[refit_decay_rate: 0.9]
[cegb_tradeoff: 1]
[cegb_penalty_split: 0]
[cegb_penalty_feature_lazy: ]
[cegb_penalty_feature_coupled: ]
[path_smooth: 0]
[interaction_constraints: ]
[verbosity: -1]
[saved_feature_importance_type: 0]
[use_quantized_grad: 0]
[num_grad_quant_bins: 4]
[quant_train_renew_leaf: 0]
[stochastic_rounding: 1]
[linear_tree: 0]
[max_bin: 255]
[max_bin_by_feature: ]
[min_data_in_bin: 3]
[bin_construct_sample_cnt: 200000]
[data_random_seed: 175]
[is_enable_sparse: 1]
[enable_bundle: 1]
[use_missing: 1]
[zero_as_missing: 0]
[feature_pre_filter: 1]
[pre_partition: 0]
[two_round: 0]
[header: 0]
[label_column: ]
[weight_column: ]
[group_column: ]
[ignore_column: ]
[categorical_feature: ]
[forcedbins_filename: ]
[precise_float_parser: 0]
[parser_config_file: ]
[objective_seed: 16083]
[num_class: 1]
[is_unbalance: 0]
[scale_pos_weight: 1]
[sigmoid: 1]
[boost_from_average: 1]
[reg_sqrt: 0]
[alpha: 0.9]
[fair_c: 1]
[poisson_max_delta_step: 0.7]
[tweedie_variance_power: 1.5]
[lambdarank_truncation_level: 30]
[lambdarank_norm: 1]
[label_gain: ]
[lambdarank_position_bias_regularization: 0]
[eval_at: ]
[multi_error_top_k: 1]
[auc_mu_weights: ]
[num_machines: 1]
[local_listen_port: 12400]
[time_out: 120]
[machine_list_filename: ]
[machines: ]
[gpu_platform_id: -1]
[gpu_device_id: -1]
[gpu_device_id_list: ]
[gpu_use_dp: 0]
[num_gpu: 1]

end of parameters

pandas_categorical:null
