tree
version=v4
num_class=1
num_tree_per_iteration=1
label_index=0
max_feature_idx=42
objective=binary sigmoid:1
feature_names=Column_0 Column_1 Column_2 Column_3 Column_4 Column_5 Column_6 Column_7 Column_8 Column_9 Column_10 Column_11 Column_12 Column_13 Column_14 Column_15 Column_16 Column_17 Column_18 Column_19 Column_20 Column_21 Column_22 Column_23 Column_24 Column_25 Column_26 Column_27 Column_28 Column_29 Column_30 Column_31 Column_32 Column_33 Column_34 Column_35 Column_36 Column_37 Column_38 Column_39 Column_40 Column_41 Column_42
feature_infos=[-0.87133410305804349:8.8620510268679062] [-0.72466767855874226:7.6109249472238307] [-1.020225855299042:6.4551185627030785] [-0.87089273591965222:8.8594050211889908] [-0.720213170577227:7.5645903962325907] [-1.0107810126221921:6.3753726267542543] [-1.7811146752359741:5.1787700624254569] [-0.97292733679360011:5.8920919957382134] [-2.3117716015561536:3.8199198819709177] [-2.8846615218693685:2.8271672489056181] [-4.6144433706731007:1.2411331962100731] [-1.9605368804219754:4.0477861164557885] [-1.1361107854396564:4.6160014463494816] [-2.8581097525507357:2.9426500199289429] [-1.9518269803136647:4.1394156372940234] [-1.62473083778122:1.7918253502194608] [-1.5503982665764438:1.3931644801076064] [-3.9900207969993913:0.89015151232121148] [-1.9770019184021552:0.50581640346014589] [-2.2694377972739095:1.9829517596306929] [-2.0387861165885597:4.0083316730153085] [-2.1232065855120004:3.984920822217922] [-2.6426481730189857:3.6048038236087754] [-1.4969023373275778:3.1596272607567069] [-1.8798267716530077:4.78028458305094] [-2.2823785731589425:4.0911728437616519] [-3.2970537502190824:3.5210294295546465] [-2.7669392780051996:2.4153766471337792] [-2.24970671272203:4.1223019828758165] [-2.6883860484722168:3.5011804659513759] [-2.859367039171298:3.6104279782579378] [-1.8289707361915017:3.8582530873857688] [-2.2174047872968732:5.6398466700516723] [-2.9938495047942797:3.7460637752112227] [-2.8645554657527028:4.7425521273924751] [-2.0919609583331393:2.7261922603604649] [-2.0968453881706517:4.4180393682519457] [-1.7877086272387142:2.2366354581280783] [-1.0519955935293668:4.1562236733288138] [-1.1774182321851392:2.759535773667559] [3:820] [3:820] none
tree_sizes=3089 2999 2980 3093 3087 3063 3012 3203 2689 3201 2874 2779 2802 3307 3189 3331 3046 3093 2351 3015 2473 3212 2595

Tree=0
num_leaves=29
num_cat=0
split_feature=30 13 34 13 37 35 37 25 26 16 25 34 17 17 37 16 13 21 40 33 35 27 35 35 35 33 2 1
split_gain=11.7099 12.4928 9.84847 6.81042 7.19323 6.00768 5.2002 6.22985 4.52501 4.10302 4.09655 7.42319 5.41371 3.86172 3.80594 3.21148 3.14551 3.14015 3.57603 3.02502 2.96674 2.30047 2.17252 2.02454 1.68541 1.21516 0.819764 0.636146
threshold=1.0404816241124362 -1.3242633192828961 -0.86398496236062605 0.074590720295033844 -0.58040540162867638 -0.84601664943658983 -1.3852742187020348 -0.41187978775833317 1.3430306360158164 0.72417294677032229 -1.3124903140623301 -0.098334522790819542 1.0000000180025095e-35 0.48347048654449465 -0.58040540162867638 -0.61381011990424594 -0.23137880839285421 1.0835603035462091 364.00000000000006 0.376107135208472 -0.06306675139887892 0.21289237894971325 -0.7753336725304073 0.52414567212940399 1.1904059219018792 0.376107135208472 0.020774924853337727 -0.36064496262266782
decision_type=2 2 2 2 2 2 2 2 2 2 2 2 2 2 2 2 2 2 2 2 2 2 2 2 2 2 2 2
left_child=1 8 17 4 6 13 20 -8 -1 23 -7 15 -13 27 -2 -12 -14 18 -3 -17 -4 22 -20 26 -16 -26 -5 -6
right_child=14 2 3 9 5 10 7 -9 -10 -11 11 12 16 -15 24 19 -18 -19 21 -21 -22 -23 -24 -25 25 -27 -28 -29
leaf_value=0.39554834077222556 0.36422214957411531 0.3566426338720729 0.37841683278202742 0.34654684674092578 0.35616711067204027 0.34759236049485792 0.36422214957411531 0.32603792418000543 0.36455836078463666 0.36367671405577068 0.37236467156699027 0.35942912080179007 0.36885751052382326 0.33404499474347077 0.370645099961187 0.33439888554356051 0.39552972780991641 0.35423089048739825 0.36894978980223325 0.36422214957411531 0.34967138787088842 0.36664687026125098 0.39656513405403132 0.3566426338720729 0.40291514296935949 0.37661800544013835 0.32145641799066055 0.36894978980223325
leaf_weight=10.401219308376314 7.0147758126258877 4.8377764225006166 4.8377764225006104 6.5309981703758302 5.8053317070007333 5.3215540647506705 5.3215540647506741 12.094441056251524 7.2566646337509146 6.2891093492507926 6.0472205281257656 6.7728869915008572 6.7728869915008572 6.7728869915008536 5.0796652436256435 5.3215540647506696 14.99710690975189 5.07966524362564 4.8377764225006166 4.8377764225006104 5.0796652436256426 7.0147758126258841 9.4336640238761849 4.8377764225006095 7.7404422760009748 5.3215540647506714 8.2242199182510358 4.8377764225006112
leaf_count=43 29 20 20 27 24 22 22 50 30 26 25 28 28 28 21 22 62 21 20 20 21 29 39 20 32 22 34 20
internal_value=0.364222 0.36134 0.358481 0.354589 0.358583 0.364036 0.346038 0.33681 0.384149 0.341284 0.369258 0.37242 0.38137 0.349497 0.382717 0.356879 0.388323 0.373104 0.377334 0.347285 0.364222 0.382489 0.388924 0.33493 0.389493 0.394994 0.329537 0.362338
internal_weight=194.721 169.564 151.906 120.703 94.8204 67.487 27.3334 17.416 17.6579 25.8821 50.071 44.7494 28.5429 17.416 25.1564 16.2066 21.77 31.2037 26.124 10.1593 9.91744 21.2862 14.2714 19.593 18.1417 13.062 14.7552 10.6431
internal_count=805 701 628 499 392 279 113 72 73 107 207 185 118 72 104 67 90 129 108 42 41 88 59 81 75 54 61 44
is_linear=0
shrinkage=1


Tree=1
num_leaves=27
num_cat=0
split_feature=19 41 27 36 17 16 27 35 11 35 25 15 35 35 34 34 26 20 22 21 40 23 27 20 25 22
split_gain=11.125 13.7226 6.88584 6.71173 6.26637 5.41178 5.15973 4.36717 4.08146 3.95709 3.74292 3.43524 3.55742 4.20039 2.76018 5.14949 3.64275 3.06117 2.60875 3.59237 3.34101 2.39709 2.3414 2.52648 1.78462 1.23122
threshold=0.70723489255931238 793.00000000000011 -1.4281743306776298 -0.89641754879278401 0.48347048654449465 -0.88140673323915963 -0.26215324752135982 -0.45454170041773434 1.3392249908603244 -0.65027917492716181 -0.23868545577679526 -1.3083830425959715 1.0787351832394489 0.32840819761997636 -0.32885293470430982 -1.0780377734231525 0.96424823713949814 -1.0000000180025095e-35 -0.41141531708049989 0.47274756277321667 416.50000000000006 1.0000000180025095e-35 -1.4281743306776298 -0.32981804561355338 -1.0000000180025095e-35 -0.12135504580849683
decision_type=2 2 2 2 2 2 2 2 2 2 2 2 2 2 2 2 2 2 2 2 2 2 2 2 2 2
left_child=1 4 -3 6 9 24 -4 8 21 22 25 -7 13 -13 15 -11 17 -16 19 -12 -20 -6 -1 -24 -2 -5
right_child=5 2 3 10 7 11 -8 -9 -10 14 18 12 -14 -15 16 -17 -18 -19 20 -21 -22 -23 23 -25 -26 -27
leaf_value=1.7133401990608271e-05 0.0048277123586688469 0.013448609909238875 -0.013537283752639771 -0.038496869614182243 -0.0072362122635647678 -0.0027409267588752845 0.020039887771628122 0.0075281746395134842 0.0022207185289728022 0.011735963498061934 0.013827273156614566 0.025622968341203905 0.033301347761041551 -0.0039703156823936913 0.0019349118648185908 -0.022039697365418772 -0.0080318731564604073 0.031896526839444182 -0.0042213621001370638 -0.016108690743294782 -0.031288702899122375 -0.040135636094120818 0.034650414317980459 0.008269411907158148 -0.014831433907795359 -0.016323831532538607
leaf_weight=4.8383162915706661 9.4271773248910886 6.2950463593006125 7.502817839384079 12.35518901050091 4.8496439009904879 4.8413361161947241 6.0450919568538648 9.4242225587367994 5.7867361009120932 6.0276767313480377 5.5679199546575529 6.5280808955431002 13.740358248353003 7.984619140625 6.2963227182626751 7.2670107483863848 5.3133106082677832 6.0411852598190299 8.4739989638328641 5.8108646720647812 9.2015452533960325 4.8546005934476852 9.1844889223575628 7.4924261122941944 5.0689291507005683 8.4699138700962013
leaf_count=20 39 26 31 51 20 20 25 39 24 25 23 27 57 33 26 30 22 25 35 24 38 20 38 31 21 35
internal_value=0 -0.00409698 -0.0136326 -0.0166614 0.00451522 0.0123754 0.00155032 -0.00744163 -0.0167625 0.0103541 -0.0216255 0.0188525 0.0227059 0.0101199 0.00295947 -0.00668333 0.0104904 0.0189068 -0.013189 -0.00109004 -0.0199703 -0.0273997 0.0198431 0.0247888 -0.00241767 -0.0314502
internal_weight=194.689 147.098 69.7224 63.4273 77.3759 47.5905 13.5479 24.9152 15.491 52.4607 49.8794 33.0944 28.2531 14.5127 30.9455 13.2947 17.6508 12.3375 29.0543 11.3788 17.6755 9.70424 21.5152 16.6769 14.4961 20.8251
internal_count=805 608 288 262 320 197 56 103 64 217 206 137 117 60 128 55 73 51 120 47 73 40 89 69 60 86
is_linear=0
shrinkage=0.03


Tree=2
num_leaves=27
num_cat=0
split_feature=30 14 34 24 0 37 24 27 40 35 34 25 17 17 37 37 33 41 24 34 19 29 34 28 14 29
split_gain=10.7549 11.6246 9.08002 6.29156 5.9866 5.35416 5.21841 4.64425 4.50944 3.89622 6.24144 7.96136 6.15365 4.49093 3.54144 3.44539 3.38674 3.25873 3.24591 3.15997 2.78171 2.61215 2.4022 2.23001 1.86323 1.72782
threshold=1.0404816241124362 1.3022414293836586 -0.86398496236062605 1.2837261218313676 -0.41333358149902782 -0.58040540162867638 -0.96406146038121487 0.21289237894971325 364.00000000000006 -0.84601664943658983 -0.098334522790819542 -1.3124903140623301 1.0000000180025095e-35 0.48347048654449465 -0.58040540162867638 -1.3852742187020348 -1.0000000180025095e-35 754.00000000000011 -0.82530914049154924 0.036134550825383117 1.0000000180025095e-35 0.30968523195171099 -0.098334522790819542 -0.18159862730869422 0.15000479118561513 -0.85085848950271259
decision_type=2 2 2 2 2 2 2 2 2 2 2 2 2 2 2 2 2 2 2 2 2 2 2 2 2 2
left_child=1 2 6 -3 7 15 -1 -4 -8 13 17 -12 -13 22 -2 19 20 -11 -10 -6 -17 -20 -7 -19 -14 -16
right_child=14 3 4 -5 5 9 8 -9 18 10 11 12 24 -15 25 16 -18 23 21 -21 -22 -23 -24 -25 -26 -27
leaf_value=-0.010596063774104563 0 0.031779226783881134 -0.039205739629448927 -0.0031394277480134704 0.0124544673035884 0.01237967592391377 -0.0075174615179668565 -0.0040499246938217734 0.03537041464294656 0.0025361364823334137 -0.020398706799383867 -0.0068867978422283583 0.027244660515605919 -0.028970113125777665 0.029881816000832288 0.0017882911038817539 -0.037596706005571454 -0.0025040393467676519 0.020863148579181083 -0.016883013203493818 -0.023765122423851696 -0.0056613714028055078 -0.01197336991645072 -0.030795946474955187 0.0053893169295518338 0.0056269977662555199
leaf_weight=7.9680496752262142 7.0126980692148235 11.05963207781315 8.52446201443672 6.510709896683692 5.3231107443571108 5.3203403502702722 4.8396996110677746 6.3037983626127234 7.9458283334970536 8.2380087524652481 5.3434598743915549 7.5022621303796795 17.581279426813129 7.5562042444944373 12.958151578903202 6.8086626380682027 8.0358798801898921 4.8490448147058487 5.3046638965606636 4.8424985259771347 5.8309818059206009 5.0702723115682602 6.2939330637454995 6.3097453564405441 6.2774099856615058 5.0445261150598499
leaf_count=33 29 46 35 27 22 22 20 26 33 34 22 31 73 31 54 28 33 20 22 20 24 21 26 26 26 21
internal_value=0 -0.0027609 -0.00551207 0.0192963 -0.00924017 -0.00645606 0.00854744 -0.0263728 0.0156207 -0.00193785 0.00202207 0.00927075 0.015209 -0.0131224 0.0177722 -0.0166965 -0.0233537 -0.0110883 0.0221421 -0.00138032 -0.0108463 0.00831752 -0.000220069 -0.0207292 0.0223899 0.0243485
internal_weight=194.655 169.64 152.07 17.5703 120.941 106.113 31.1285 14.8283 23.1605 75.2717 56.1012 36.7044 31.361 19.1705 25.0154 30.8411 20.6755 19.3968 18.3208 10.1656 12.6396 10.3749 11.6143 11.1588 23.8587 18.0027
internal_count=805 701 628 73 499 438 129 61 96 311 232 152 130 79 104 127 85 80 76 42 52 43 48 46 99 75
is_linear=0
shrinkage=0.03


Tree=3
num_leaves=28
num_cat=0
split_feature=19 13 25 13 24 30 30 12 19 23 23 34 16 29 22 33 15 35 35 13 33 14 32 29 13 28 33
split_gain=10.2516 9.67311 7.44882 9.10268 6.57626 5.95072 5.92186 7.79762 5.91151 5.54906 5.40039 5.19396 5.13882 4.18622 3.90884 5.12496 3.20921 3.27092 4.0565 3.11521 5.81438 3.27215 2.83349 2.47969 1.86729 1.03452 0.408185
threshold=0.70723489255931238 -1.3242633192828961 -0.23868545577679526 0.069890883241552473 1.2837261218313676 0.3755304695433202 -0.16361911524244946 0.87610190188408399 -1.5607062044564757 0.21049184863665973 0.21049184863665973 -0.32885293470430982 -0.88140673323915963 1.2768049998303976 0.39182851105735506 0.7404267719655262 -1.3083830425959715 1.0787351832394489 0.32840819761997636 -0.2338076463376266 -0.76745172461228173 0.7248484748068954 -1.0000000180025095e-35 0.50310918552744821 0.040116953107092131 1.8585620515450019 0.1939473168299447
decision_type=2 2 2 2 2 2 2 2 2 2 2 2 2 2 2 2 2 2 2 2 2 2 2 2 2 2 2
left_child=1 4 3 5 -1 11 8 10 -4 13 14 -3 24 22 15 -8 -14 18 -18 21 -21 -13 26 -22 -2 -19 -10
right_child=12 2 6 -5 -6 -7 7 -9 9 -11 -12 19 16 -15 -16 -17 17 25 -20 20 23 -23 -24 -25 -26 -27 -28
leaf_value=0.030031836060203702 -0.010638803608220856 0.01137587044168383 -0.017235334121238663 -0.038202853568087822 -0.0064684039746250423 0.015033874442445732 -0.029739420329336897 -0.03371455422959125 0.012523486714823213 -0.011326012295507259 0.019000892984932426 -0.040992233340802042 -0.0025983732216296102 -0.0053290054164216545 0.010800167624961282 0.0022374486772729321 0.025141899800472753 0.038873718388825293 -0.0039578189061514422 -0.028866936015121265 -0.0072701898000729114 -0.0076818084132949304 0.002010764181152239 0.019147362789922646 0.0092221009633161773 0.012573386756882602 0.030712505582819936
leaf_weight=10.275689169764521 8.9344247430562955 5.0940579324960664 6.547745168209075 10.961795195937155 6.0333491861820212 6.7422861754894248 8.985767558217054 7.78057537972927 6.0621573626995149 6.8014501184225074 6.7620239853858939 7.0509519577026332 4.8456927537918082 5.5812035501003256 5.0697934776544562 7.002174884080886 6.497462987899782 8.8342041075229627 7.9832812249660492 5.3519290387630436 4.8459765911102384 5.8180241286754608 6.295648559927943 4.8443618267774582 5.5502268671989432 4.7628173530101767 13.251003906130789
leaf_count=43 37 21 27 45 25 28 37 32 25 28 28 29 20 23 21 29 27 37 33 22 20 24 26 20 23 20 55
internal_value=0 -0.00394351 -0.00673335 -0.0155593 0.0167846 -0.00800688 -0.000891857 -0.00985887 0.00623287 0.0109305 -0.00159881 -0.0133364 0.0118903 0.0162644 -0.00930335 -0.0164009 0.0182295 0.0219764 0.00985801 -0.0184008 -0.00740242 -0.0287243 0.0212263 0.00619654 -0.00250189 0.0322232 0.0266055
internal_weight=194.566 147.158 130.849 50.7094 16.309 39.7476 80.1395 35.6003 44.5392 37.9915 27.8198 33.0053 47.4081 31.19 21.0577 15.9879 32.9235 28.0778 14.4807 27.9112 15.0423 12.869 25.6088 9.69034 14.4847 13.597 19.3132
internal_count=805 608 540 209 68 164 331 147 184 157 115 136 197 129 87 66 137 117 60 115 62 53 106 40 60 57 80
is_linear=0
shrinkage=0.03


Tree=4
num_leaves=28
num_cat=0
split_feature=30 14 34 24 41 24 41 13 40 29 35 23 14 13 19 24 37 29 35 16 26 33 40 29 15 16 22
split_gain=9.9598 10.6052 8.96109 8.19429 4.89561 4.67524 4.41057 4.37992 4.17603 4.03301 3.56281 5.66357 5.02477 3.49944 4.15741 3.33232 3.26435 2.8619 2.76747 2.35091 2.19377 3.53969 2.04877 1.67486 1.41811 1.1971 1.17749
threshold=1.0404816241124362 0.80863685163144028 -0.86398496236062605 1.2837261218313676 793.00000000000011 -0.96406146038121487 770.50000000000011 -0.2338076463376266 364.00000000000006 0.69653313910318548 0.52414567212940399 0.21049184863665973 -0.078269259067359501 0.074590720295033844 0.42374225543233873 -0.82530914049154924 -0.58040540162867638 0.30968523195171099 0.98182594340880114 -0.61381011990424594 -0.45618575864669525 1.0000000180025095e-35 519.50000000000011 -0.85085848950271259 -0.92876568837367379 1.0000000180025095e-35 -1.1254098309808154
decision_type=2 2 2 2 2 2 2 2 2 2 2 2 2 2 2 2 2 2 2 2 2 2 2 2 2 2 2
left_child=1 2 5 26 6 -1 10 -6 -7 13 11 20 -13 19 -15 -10 -2 -17 -12 24 -4 -22 -21 -18 -9 -11 -3
right_child=16 3 4 -5 7 8 -8 9 15 25 18 12 -14 14 -16 17 23 -19 -20 22 21 -23 -24 -25 -26 -27 -28
leaf_value=-0.010133079707632709 0 0.0088701993413583431 0.0098027930960723382 -0.0088988573848682844 -0.034820901147609676 -0.0074598388322675438 0.018846058127901022 -0.0070045144331298201 0.034375776501547127 0.012877815404826179 0.020856953778585405 -0.039143759416486866 -0.00049285814904322946 -0.037764144064160621 -0.0062121473590783793 0.02028191861954309 0.028951974011049795 -0.007711848631702648 -0.0059280864409581198 -0.023513402740020783 0.0055442763076320855 -0.024044825723579154 -0.0012501055122409175 0.0051686474204743378 0.012514135134682365 -0.0048340767496957773 0.0295173367989611
leaf_weight=7.9905921369791058 7.0168709158897427 6.2504033744335201 8.4808876663446391 8.7081800699233991 8.3012665510177595 4.8410515189170864 5.7918898016214362 4.8559534847736359 7.8611057400703492 5.3380560725927335 5.302554249763487 7.5415115356445312 5.0900373160839063 9.5680717229843157 7.5320232212543479 5.2737376093864388 12.836282774806026 4.8316477537155151 5.5523400902748108 8.2559065371751803 6.2810555994510686 5.3642020970582962 7.2759775519371024 5.0219365209341023 5.3232473284006101 5.0982789695262909 12.903147935867311
leaf_count=33 29 26 35 36 34 20 24 20 33 22 22 31 21 39 31 22 54 20 23 34 26 22 30 21 22 21 54
internal_value=0 -0.00266794 -0.0060423 0.013727 -0.010017 0.00789144 -0.0027058 -0.0155865 0.0146888 -0.0116064 -0.00623242 -0.0111284 -0.025699 -0.0156074 -0.0258109 0.0210799 0.0171371 0.00711357 0.00761428 -0.00755202 -0.000558012 -0.00881749 -0.014465 0.0234925 0.00298536 0.00420252 0.0242036
internal_weight=194.488 169.613 141.751 27.8617 110.953 30.7981 49.4045 61.5488 22.8075 53.2475 43.6126 32.7577 12.6315 42.8112 17.1001 17.9665 24.8751 10.1054 10.8549 25.7111 20.1261 11.6453 15.5319 17.8582 10.1792 10.4363 19.1536
internal_count=805 701 585 116 457 128 204 253 95 219 180 135 52 176 70 75 104 42 45 106 83 48 64 75 42 43 80
is_linear=0
shrinkage=0.03


Tree=5
num_leaves=28
num_cat=0
split_feature=30 13 34 24 13 37 35 37 25 24 20 40 20 35 34 25 17 16 17 30 19 24 33 35 29 2 20
split_gain=9.47578 10.2002 7.94518 5.5062 5.49701 6.37119 5.16782 4.64065 5.58744 4.59443 4.45911 4.11026 4.04346 4.46176 3.62953 6.7654 4.95679 3.36657 3.30529 3.10133 4.33323 2.94084 2.71709 2.71502 2.37133 1.51525 1.46972
threshold=1.0404816241124362 -1.3242633192828961 -0.86398496236062605 1.2837261218313676 0.074590720295033844 -0.58040540162867638 -0.84601664943658983 -1.3852742187020348 -0.41187978775833317 -0.96406146038121487 0.45893644868260347 364.00000000000006 1.7735272725095315 1.0787351832394489 -0.098334522790819542 -1.3124903140623301 1.0000000180025095e-35 -0.61381011990424594 0.48347048654449465 -0.48710886611391124 0.42374225543233873 -0.82530914049154924 0.376107135208472 -0.06306675139887892 0.30968523195171099 -0.41069250376245114 -0.69133052216595858
decision_type=2 2 2 2 2 2 2 2 2 2 2 2 2 2 2 2 2 2 2 2 2 2 2 2 2 2 2
left_child=1 3 9 -1 5 7 18 23 -9 -3 19 -11 13 -2 17 -16 -17 -8 26 -6 -21 -13 -19 -4 -23 -18 -7
right_child=12 2 4 -5 10 6 14 8 -10 11 -12 21 -14 -15 15 16 25 22 -20 20 -22 24 -24 -25 -26 -27 -28
leaf_value=0.030012823536014675 0.00045628639083024461 -0.0098622978700582727 0.01392480085807968 -0.0027049507836237364 -0.0043718312178442804 -0.011497818071943075 0.0094096429199496175 0 -0.035567899138075294 -0.0072815763251680475 0.0029432903023058222 0.033730938756122535 -0.0007675279115501335 0.033829172298648548 -0.017212582968255639 -0.0045610459421460301 0.0062835338159604589 -0.028108733527541035 -0.027519091834975522 -0.043411152366408953 -0.0068893663830725885 0.019873868240587442 3.473298475214374e-05 -0.013569271960622305 -0.0054071632959568306 0.027799729400682406 0.0080632183671543109
leaf_weight=10.855856865644457 5.5382656306028428 8.004651606082918 4.8226736783981323 6.5314740389585486 5.6126206219196382 5.3453117460012445 6.2826114892959621 5.3351081013679531 12.2484123557806 4.8474042266607311 5.1147721260786048 7.8006358891725602 7.6254653483629218 11.621647492051123 5.1393436938524237 6.7813655287027386 5.7819192558527019 5.374994292855261 6.8710747808217993 10.094431981444357 5.3544373363256446 5.2516905963420815 4.8371968269348145 5.1126229166984576 5.0792683809995651 15.798000976443289 5.3220579028129587
leaf_count=46 23 33 20 27 23 22 26 22 50 20 21 33 32 49 21 28 24 22 28 41 22 22 20 21 21 66 22
internal_value=0 -0.00260319 -0.00516883 0.0181661 -0.00864413 -0.00504085 0 -0.0167972 -0.0254537 0.0080154 -0.0205294 0.0147109 0.0167432 0.0242823 0.00494778 0.0105308 0.0163712 -0.00599038 -0.0133447 -0.0263123 -0.032837 0.0210032 -0.0159686 0 0.00782752 0.0230779 -0.00145458
internal_weight=194.385 169.6 152.213 17.3873 121.229 95.0527 67.5339 27.5188 17.5835 30.9837 26.1763 22.979 24.7854 17.1599 49.9954 33.5006 28.3613 16.4948 17.5384 21.0615 15.4489 18.1316 10.2122 9.9353 10.331 21.5799 10.6674
internal_count=805 701 628 73 499 392 279 113 72 129 107 96 104 72 207 139 118 68 72 86 63 76 42 41 43 90 44
is_linear=0
shrinkage=0.03


Tree=6
num_leaves=27
num_cat=0
split_feature=30 14 34 24 20 3 20 35 24 20 35 40 15 24 29 34 33 29 24 34 30 35 24 12 16 16
split_gain=9.01716 9.70887 8.09489 7.59669 4.95504 6.87552 5.14425 5.90147 4.24066 3.8715 4.27316 3.82906 3.66066 3.08676 2.63566 2.57642 6.53009 2.4589 2.2508 2.24044 2.05571 5.01206 3.163 1.77185 1.13045 1.08647
threshold=1.0404816241124362 0.80863685163144028 -0.86398496236062605 1.2837261218313676 0.19601828391721779 -0.4095424112291563 0.62326030166096957 -0.06306675139887892 -0.96406146038121487 1.7735272725095315 1.0787351832394489 364.00000000000006 1.3489384369601136 -0.82530914049154924 0.30968523195171099 0.016924683165925412 -0.76745172461228173 0.30968523195171099 1.0000000180025095e-35 0.016924683165925412 -0.2175340737210264 -0.45454170041773434 -0.3813017168446195 -0.62534280071880066 0.45657633343540865 -1.0000000180025095e-35
decision_type=2 2 2 2 2 2 2 2 2 2 2 2 2 2 2 2 2 2 2 2 2 2 2 2 2 2
left_child=1 2 8 23 5 -4 7 -6 -1 10 -2 -10 15 -13 -15 20 25 24 -8 -9 21 22 -7 -3 -18 -17
right_child=9 3 4 -5 6 12 18 19 11 -11 -12 13 -14 14 -16 16 17 -19 -20 -21 -22 -23 -24 -25 -26 -27
leaf_value=-0.0095994566319670804 0.00044554627589030193 0.0075980403095678656 -0.035551878374684577 -0.0085262194349170484 -0.012914977248874407 -0.0038738237280912416 -0.00056220513656141601 0.00072975409001710368 -0.0071078358295759451 -0.00074818225652075669 0.033163655291720863 0.0331101925863274 0.0092099353376821451 0.019476030877697524 -0.0073978523800401347 -0.0074949156830609381 -0.01120087709344875 0.017575377609453099 -0.023647858661807891 0.026734880039144138 -0.029710823174328198 0.010424983798362684 -0.034408101005274028 0.030054566365415744 0.0054287726593927107 -0.029426585452460553
leaf_weight=8.0179760009050387 5.5377839803695741 6.8886533379554775 10.093011349439619 8.7284371554851514 6.0875349491834649 6.8053028285503414 7.9860380291938764 4.8588581383228311 4.8534869104623821 7.6267183274030677 11.53069983422756 7.7375513613224092 6.8050025254487982 5.2291809171438164 4.8430384248495102 5.8213041722774506 5.8324929922819191 7.2506950199604026 7.0369618833065033 9.6053918749093992 9.5573031157255155 5.5955469608306911 5.8790001869201651 12.098614260554315 5.5635115057229996 6.3540654331445676
leaf_count=33 23 29 41 36 25 28 33 20 20 32 49 33 28 22 20 24 24 30 29 40 39 23 24 51 23 26
internal_value=-4.01413e-06 -0.00254482 -0.00576685 0.0131856 -0.00953485 -0.0138113 -9.88566e-05 0.00923049 0.00750323 0.0163562 0.0237651 0.0140225 -0.0096486 0.0201965 0.00675176 -0.0121112 -0.00544452 0.00546058 -0.0129041 0.0192644 -0.0186324 -0.010723 -0.0205911 0.0233529 -0.00292991 -0.0213516
internal_weight=194.224 169.529 141.813 27.7157 111.132 75.5572 35.5748 20.5518 30.6812 24.6952 17.0685 22.6633 65.4642 17.8098 10.0722 58.6592 30.8221 18.6467 15.023 14.4643 27.8372 18.2798 12.6843 18.9873 11.396 12.1754
internal_count=805 701 585 116 457 310 147 85 128 104 72 95 269 75 42 241 127 77 62 60 114 75 52 80 47 50
is_linear=0
shrinkage=0.03


Tree=7
num_leaves=29
num_cat=0
split_feature=19 41 27 36 16 40 16 22 36 28 15 24 13 24 41 41 41 2 30 20 22 24 33 36 28 25 21 1
split_gain=8.82604 11.3303 6.10973 5.76463 4.81001 4.6176 3.65203 3.38054 3.27873 3.0878 2.96669 2.71925 5.86366 3.94388 4.68855 7.01088 4.23959 2.67394 2.58335 3.02412 2.79391 2.42982 2.36418 2.09984 2.24315 1.85431 0.694702 0.151677
threshold=0.70723489255931238 793.00000000000011 -1.4281743306776298 -0.78180383548534949 -0.88140673323915963 694.50000000000011 -1.4165999599089867 -0.14366737436788177 -0.56119398129961084 0.51708653668229765 -1.3083830425959715 1.9497372573017622 -1.3242633192828961 -0.82530914049154924 336.50000000000006 416.50000000000006 639.50000000000011 -0.47061853551464411 0.84279344302432058 1.7735272725095315 0.6595764537699732 -0.96406146038121487 0.376107135208472 1.0000000180025095e-35 -0.48902009946473085 -1.0000000180025095e-35 0.090989599790096284 0.0086534448487118158
decision_type=2 2 2 2 2 2 2 2 2 2 2 2 2 2 2 2 2 2 2 2 2 2 2 2 2 2 2 2
left_child=1 6 -3 5 25 7 -1 -4 -5 22 -6 12 27 21 26 -16 -17 -18 20 -20 -12 -14 23 24 -10 -2 -15 -8
right_child=4 2 3 8 10 -7 11 -9 9 -11 18 -13 13 14 15 16 17 -19 19 -21 -22 -23 -24 -25 -26 -27 -28 -29
leaf_value=-0.015961117531353722 0.0045978337888718714 0.01318885242482274 -0.004066018114948426 -0.040072980253196361 -0.0026976413102657638 -0.020373073442817427 0.03137957926118104 0.025540993472741764 -0.00033032012035146257 0.0022261971161524636 0.020041565888075465 -0.011809778996274703 0.0023364662049136908 -0.023165155891156052 0.030978970669182791 -0.018528963439508515 -0.0090951697445610102 0.013553329222255649 0.036915539024912736 0.0059672924715626543 -0.0060762167612431498 0.029654234055226145 -0.0032172373801381267 -0.032396480271413695 -0.023561270871881781 -0.015475685754598246 -0.004776592050953289 0.011981809968300382
leaf_weight=5.8060123622417441 9.39985243976116 6.2733033001422873 5.783158838748931 6.097572222352027 4.8375267535448065 4.8585898131132117 6.7883831709623319 5.3048881292343131 7.8215975314378676 6.2906407564878455 6.2191191166639346 5.3309655189514151 6.310066431760788 5.8370043635368329 5.7738177180290249 8.030114948749544 5.5946929901838294 12.033159390091898 10.776076182723044 5.2215775549411765 5.5417641550302505 5.678931772708891 8.0102834552526456 12.734803602099417 6.8659593909978947 5.0382716953754416 5.0928798317909241 4.7239428609609604
leaf_count=24 39 26 24 25 20 20 29 22 32 26 26 22 26 24 24 33 23 50 46 22 23 24 33 52 28 21 21 20
internal_value=-1.10188e-05 -0.00367033 -0.0122992 -0.015144 0.0110652 0.00015167 0.00418725 0.0109779 -0.0202158 -0.015885 0.0172485 0.00620838 0.00798634 0.00342563 -0.00090763 0.00490845 -0.00212428 0.00590197 0.0208898 0.0285345 0.0079871 0.0175798 -0.0192227 -0.0232813 -0.0127377 -0.00282772 -0.01669 0.0261798
internal_weight=194.075 147.041 70.0408 63.7675 47.0342 15.9466 77 11.088 47.8209 41.7233 32.5961 71.194 65.863 54.3507 42.3617 31.4318 25.658 17.6279 27.7585 15.9977 11.7609 11.989 35.4326 27.4224 14.6876 14.4381 10.9299 11.5123
internal_count=805 608 288 262 197 66 320 46 196 171 137 296 274 225 175 130 106 73 117 68 49 50 145 112 60 60 45 49
is_linear=0
shrinkage=0.03


Tree=8
num_leaves=24
num_cat=0
split_feature=19 13 34 0 24 12 16 21 16 16 30 15 35 27 14 31 20 34 29 30 40 15 13
split_gain=8.38762 7.72567 5.44873 6.22279 5.43508 4.63484 4.59676 4.03727 3.82395 5.73946 5.69141 4.04626 3.5836 4.40693 3.34399 2.8977 2.8878 2.76311 2.61712 2.60104 1.77917 1.77413 1.73644
threshold=0.70723489255931238 -1.3242633192828961 -0.86398496236062605 -0.38536408399924055 1.2837261218313676 0.87610190188408399 -0.88140673323915963 0.77815393315971282 -1.4165999599089867 -0.88140673323915963 -0.64885374154964193 1.3489384369601136 0.52414567212940399 -1.4281743306776298 -1.0722417840078844 0.16155760206054295 1.0000000180025095e-35 0.40112203635507593 -0.65743453592697532 0.84279344302432058 793.00000000000011 0.71624284658961701 0.040116953107092131
decision_type=2 2 2 2 2 2 2 2 2 2 2 2 2 2 2 2 2 2 2 2 2 2 2
left_child=1 4 5 14 -1 7 22 21 -5 10 -10 12 13 -11 -4 19 -14 -17 -15 -8 -12 -3 -2
right_child=6 2 3 8 -6 -7 15 -9 9 11 20 -13 16 18 -16 17 -18 -19 -20 -21 -22 -23 -24
leaf_value=0.027448210535581878 -0.010574353111695045 0.028056214395953204 -0.0037388320491136473 -0.026777889487238266 -0.0058048735258615872 -0.013612274738427424 0.0049936956681832104 -0.0066156251253466063 -0.010767933403734133 0.0097657935881297758 0.0048012044030045862 0.011058229875329159 -0.011091093705387878 -0.00016292077692909473 -0.035751122710809095 -0.0091824889748859211 0.016079422703022008 0.015825530261612007 -0.020695443211573121 0.030848206689808602 0.030212056570360819 0.0032455950796454534 0.0085934537498415769
leaf_weight=9.9624696522951144 8.930817708373068 9.2718546390533501 5.1182771772146216 5.8588428050279608 6.0618061423301688 6.5280305445194236 6.2426863461732891 5.5165000706911078 6.3319381475448635 4.8422768265008846 5.3496671319007856 7.2685828953981391 4.8655092716217023 7.318949893116943 9.6290706992149335 5.7419063001871091 6.2168172150850296 7.1338029652833939 35.158006206154838 13.352232754230497 6.9715424329042435 4.7630349248647681 5.5143217742443076
leaf_count=43 37 39 21 24 25 27 26 23 26 20 22 30 20 30 39 24 26 30 144 57 29 20 23
internal_value=-1.21159e-05 -0.00357705 -0.00605273 -0.00910356 0.0151064 0.00583212 0.0108011 0.0131168 -0.00582737 -0.00385922 0.0101471 -0.00806469 -0.0107622 -0.0143008 -0.026381 0.0168665 0.00377367 0.0044614 -0.0174203 0.0238365 0.0213317 0.0211488 -0.00276084
internal_weight=193.949 147.033 131.009 104.929 16.0243 26.0794 46.9158 19.5514 90.1821 84.3233 18.6531 65.6701 58.4016 47.3192 14.7473 32.4706 11.0823 12.8757 42.477 19.5949 12.3212 14.0349 14.4451
internal_count=805 608 540 431 68 109 197 82 371 347 77 270 240 194 60 137 46 54 174 83 51 59 60
is_linear=0
shrinkage=0.03


Tree=9
num_leaves=29
num_cat=0
split_feature=19 41 17 16 36 36 35 19 22 35 7 29 30 15 35 35 34 34 26 20 33 30 15 33 25 20 28 26
split_gain=7.95642 10.436 5.80281 4.37751 4.23787 5.75578 3.88602 3.83918 3.59792 3.53986 3.47948 3.3791 2.95 2.8481 2.75113 4.00206 2.57239 4.1203 3.45648 2.59521 2.15878 1.91038 3.11906 3.14377 1.77107 1.71777 1.0735 0.558154
threshold=0.70723489255931238 793.00000000000011 0.48347048654449465 -0.88140673323915963 -0.78180383548534949 -0.56119398129961084 -0.45454170041773434 -0.99372093020252872 -0.14366737436788177 -0.65027917492716181 -0.56111022831626145 0.50310918552744821 -1.5114930772068733 -1.3083830425959715 1.0787351832394489 0.32840819761997636 -0.32885293470430982 -1.0780377734231525 0.96424823713949814 -1.0000000180025095e-35 0.7404267719655262 0.15987063562901235 1.2223993188860141 -1.0000000180025095e-35 -1.0000000180025095e-35 -0.32981804561355338 1.8585620515450019 1.0000000180025095e-35
decision_type=2 2 2 2 2 2 2 2 2 2 2 2 2 2 2 2 2 2 2 2 2 2 2 2 2 2 2 2
left_child=1 2 9 24 8 -6 11 27 20 12 -9 -4 -1 -5 15 -15 17 -11 19 -18 -3 22 23 -12 -2 -14 -16 -7
right_child=3 4 6 13 5 7 -8 10 -10 16 21 -13 25 14 26 -17 18 -19 -20 -21 -22 -23 -24 -25 -26 -27 -28 -29
leaf_value=0 0.0045770321962168726 -0.021569924160652221 -0.03032719413844439 -0.002984137610538349 -0.039144379506392601 0.010699660111046195 0.0067740403292935562 -0.03650540218966071 0.015142961279547725 0.010106286428264149 -0.020259300591363515 -0.0022634349867891039 0.033273809299774672 0.024234605988321622 0.036280247639414794 -0.0047216425681193708 0.0024415836276779827 -0.020161096980164609 -0.0079812078916349626 0.030422898660955763 0.0026656898088463473 -0.020594844359755626 0.011933964963225343 0.0062167079573088313 -0.015022702947160075 0.0095121950655622008 0.010745695984989943 -0.0015646523330203621
leaf_weight=5.2631923407316235 9.3970278501510602 5.1281618773937243 6.5915809571743038 4.8254665285348883 7.0983778685331336 4.8701969683170301 9.3305568844079954 4.9369680583476976 7.4622402787208548 5.9193923771381378 10.07483449578285 8.8710686564445478 8.8300550282001495 6.4282207340002078 8.5056659877300245 7.9290833473205566 6.3116080909967449 7.3289061188697833 5.2981667816638938 5.9377796351909629 5.2674643695354462 9.7444077730178815 5.8438125699758521 4.8772056400776007 5.0555784106254569 7.1624548137187931 4.6582607626914969 4.865133211016655
leaf_count=22 39 21 27 20 29 20 39 20 31 25 41 37 37 27 37 33 26 30 22 25 22 40 24 20 21 30 20 20
internal_value=-1.44662e-06 -0.00347173 0.00408153 0.010545 -0.0117396 -0.0159475 -0.00743548 -0.0110371 0.000557183 0.00973396 -0.0155169 -0.0162044 0.018773 0.0164838 0.0200818 0.00893068 0.00272716 -0.00657825 0.0100325 0.0182809 -0.00999771 -0.0103866 -0.00427039 -0.011479 -0.00267081 0.0247031 0.0296771 0.00464603
internal_weight=193.813 147.014 76.8448 46.7993 70.1688 52.3109 24.7932 45.2126 17.8579 52.0516 35.4772 15.4626 21.2557 32.3467 27.5212 14.3573 30.7959 13.2483 17.5476 12.2494 10.3956 30.5403 20.7959 14.952 14.4526 15.9925 13.1639 9.73533
internal_count=805 608 320 197 288 214 103 185 74 217 145 64 89 137 117 60 128 55 73 51 43 125 85 61 60 67 57 40
is_linear=0
shrinkage=0.03


Tree=10
num_leaves=26
num_cat=0
split_feature=19 41 27 17 36 16 27 35 35 29 36 28 31 34 34 34 35 36 27 20 33 36 28 25 36
split_gain=7.57456 9.91029 5.61414 5.53311 5.07797 4.19074 4.08433 3.69297 3.37345 3.19423 2.93166 2.89011 2.75185 2.60159 2.44802 3.91539 2.96489 2.28795 2.08787 2.47401 2.08641 2.00212 2.09583 1.68552 0.601363
threshold=0.70723489255931238 793.00000000000011 -1.4281743306776298 0.48347048654449465 -0.78180383548534949 -0.88140673323915963 -0.26215324752135982 -0.45454170041773434 -0.65027917492716181 0.50310918552744821 -0.56119398129961084 0.51708653668229765 0.16155760206054295 0.40112203635507593 -0.32885293470430982 -1.0780377734231525 -1.0000000180025095e-35 -1.1971708265694356 -1.4281743306776298 -0.32981804561355338 0.376107135208472 1.0000000180025095e-35 -0.48902009946473085 -1.0000000180025095e-35 -0.23286447174974192
decision_type=2 2 2 2 2 2 2 2 2 2 2 2 2 2 2 2 2 2 2 2 2 2 2 2 2
left_child=1 3 -3 8 6 23 -4 9 18 -5 -6 20 17 -14 15 -10 -16 -7 -1 -20 21 22 -12 -2 -19
right_child=5 2 4 7 10 12 -8 -9 14 -11 11 -13 13 -15 16 -17 -18 24 19 -21 -22 -23 -24 -25 -26
leaf_value=0 0.0044619667379479384 0.012982023515317393 -0.012018845996185929 -0.029489262785580478 -0.037575712280408194 0.0023192238185418398 0.015998584467228311 0.0066066989366397816 0.0098825845680065982 -0.002204548994628876 0 0.0026085757161765518 -0.0091122842264168037 0.015177305771278673 -0.002710458990238869 -0.019613440352976883 0.020232818971158282 0.034516216405461611 0.032846708323538608 0.0069821508106356726 -0.0029577700816952402 -0.030626159536854883 -0.022104086774375278 -0.014643282277761464 0.013163427453778622
leaf_weight=4.8064483255147961 9.388983875513075 6.260207086801528 8.9737583845853788 6.6177245974540737 6.1645032018423072 4.7146030515432349 6.9529682844877234 9.3180704116821271 5.9059411138296127 8.8747942298650724 7.8418218791484771 6.3033649474382392 5.7427655011415464 7.0825227200984955 8.1982069164514577 7.3491099923849124 9.3134685754775965 8.8355682343244517 8.9891233295202291 7.3834080249071095 8.0174811035394651 12.822423309087752 6.9042350500822147 5.0696247667074195 5.8452935963869139
leaf_count=20 39 26 37 27 25 20 29 39 25 37 32 26 24 30 34 30 39 38 38 31 33 52 28 21 25
internal_value=-2.30276e-07 -0.00338417 -0.0114335 0.0039832 -0.0141568 0.0103051 0.000192408 -0.00725129 0.00951426 -0.0157868 -0.0188955 -0.0148042 0.0161357 0.00406703 0.00266927 -0.00639589 0.00980978 0.0229642 0.0183592 0.0230834 -0.0180311 -0.0218295 -0.0116896 -0.00260766 0.0283937
internal_weight=193.676 146.997 70.2408 76.7563 63.9806 46.6794 15.9267 24.8106 51.9457 15.4925 48.0538 41.8893 32.2208 12.8253 30.7667 13.2551 17.5117 19.3955 21.179 16.3725 35.586 27.5685 14.7461 14.4586 14.6809
internal_count=805 608 288 320 262 197 66 103 217 64 196 171 137 54 128 55 73 83 89 69 145 112 60 60 63
is_linear=0
shrinkage=0.03


Tree=11
num_leaves=25
num_cat=0
split_feature=30 11 34 16 0 4 20 37 19 26 16 20 35 20 33 19 39 19 33 34 2 29 26 34
split_gain=7.42431 8.49614 6.39282 4.84141 4.44732 5.74845 4.93318 4.2507 4.63524 4.02518 4.0158 3.63722 3.8272 3.5792 3.5646 7.04504 4.56855 3.28052 3.16029 2.96349 2.51887 2.28831 1.35799 0.691437
threshold=1.0404816241124362 1.3392249908603244 -0.86398496236062605 -1.4165999599089867 -0.41333358149902782 -0.54193258749397766 1.0000000180025095e-35 -0.58040540162867638 -0.21411617810335173 1.3430306360158164 -1.0000000180025095e-35 1.7735272725095315 1.0787351832394489 0.19601828391721779 -0.76745172461228173 1.0000000180025095e-35 -0.68529898145355184 -0.71022829307555524 -1.0000000180025095e-35 0.016924683165925412 0.06238071261271743 -0.31894261716943523 0.20668343938686148 -1.3085561853366434
decision_type=2 2 2 2 2 2 2 2 2 2 2 2 2 2 2 2 2 2 2 2 2 2 2 2
left_child=1 2 13 -4 6 10 -5 8 18 -3 -6 12 -2 17 15 -9 19 23 -7 -16 -19 -18 -10 -1
right_child=11 9 3 4 5 7 -8 14 22 -11 -12 -13 -14 -15 16 -17 21 20 -20 -21 -22 -23 -24 -25
leaf_value=-0.0080805077177108636 0.00021802477679248367 0.028854025813893361 -0.029335857537538378 -0.035936413160531949 0.00027260502144168023 0.015694670634929214 -0.00044929571237217937 -0.023960684365119882 -0.02956336517497157 0 -0.030372912567888655 -0.0014989121813981674 0.031332140699743376 -0.011123661426283247 -0.013698634521667677 0.013602355764547333 0.002148853722843022 0.0060201498125782389 -0.012129720608360159 0.010003932241502046 0.03225484962877205 0.020770852413018362 -0.0072027875923820518 0.005744710781513492
leaf_weight=4.8014926910400391 5.5157121270895066 9.2334868609905261 7.3598300814628592 7.1852436512708646 5.3321230262517938 6.5765158534049988 6.5879086405038834 8.8022133558988482 7.3511681854724795 7.1704473793506613 9.3424785435199702 7.5704438984394065 11.212484031915663 5.9804858267307273 10.00113114714622 6.4635159522294989 9.9186417162418312 7.8610763996839523 5.1411475986242312 6.4613848626613608 7.0457664728164673 19.256519272923498 6.3195323944091797 5.0343752503395116
leaf_count=20 23 40 30 29 22 27 27 36 30 30 38 32 49 25 41 27 41 33 21 27 30 80 26 21
internal_value=0 -0.00229505 -0.00457654 -0.00766726 -0.00586511 -0.00345487 -0.0210664 -0.000302446 -0.0103312 0.0172273 -0.0198741 0.0149715 0.0222643 0.00730548 0.00392987 -0.00790455 0.00814132 0.0123698 0.00304161 -0.00400304 0.020601 0.0150502 -0.0213565 -0.000651134
internal_weight=193.525 169.226 152.823 122.099 114.74 100.966 13.7732 86.2918 25.3884 16.4039 14.6746 24.2986 16.7282 30.7232 60.9034 15.2657 45.6377 24.7427 11.7177 16.4625 14.9068 29.1752 13.6707 9.83587
internal_count=805 701 631 502 472 416 56 356 104 70 60 104 72 129 252 63 189 104 48 68 63 121 56 41
is_linear=0
shrinkage=0.03


Tree=12
num_leaves=25
num_cat=0
split_feature=30 13 34 24 16 3 1 28 24 37 19 16 40 33 19 25 31 33 37 24 30 29 29 26
split_gain=7.06923 8.03005 6.13144 4.6217 4.54733 4.19098 5.40203 4.75799 4.12128 4.02451 4.39521 3.80058 3.66616 3.3871 6.68519 4.25049 3.5388 3.01488 2.87428 2.59562 2.52237 2.11118 1.62417 1.27448
threshold=1.0404816241124362 -1.3242633192828961 -0.86398496236062605 1.2837261218313676 -1.4165999599089867 -0.4095424112291563 -0.5452941663583577 0.1817176579666214 -0.96406146038121487 -0.58040540162867638 -0.21411617810335173 -1.0000000180025095e-35 364.00000000000006 -0.76745172461228173 1.0000000180025095e-35 0.35017527296043366 -0.28078202866213359 -1.0000000180025095e-35 -0.58040540162867638 -0.82530914049154924 0.15987063562901235 0.30968523195171099 -0.85085848950271259 0.20668343938686148
decision_type=2 2 2 2 2 2 2 2 2 2 2 2 2 2 2 2 2 2 2 2 2 2 2 2
left_child=1 3 8 -1 -4 7 11 -6 -3 10 17 -7 -10 14 -11 20 -17 -8 -2 -14 -15 -21 -20 -12
right_child=18 2 4 -5 5 6 9 -9 12 13 23 -13 19 15 -16 16 -18 -19 22 21 -22 -23 -24 -25
leaf_value=0.027513004549548307 -0.00087986595968620981 -0.0097253686404584136 -0.028522611635306082 -0.0025530876663060688 -0.032048369278456716 0.00026623118608611258 0.015342457936413758 0.0021718871640944181 -0.0070951135120344549 -0.023284472223835926 -0.028740616989753054 -0.029504323411873895 0.031762863002009957 0.020370544309201221 0.01330114892116881 -0.017697763073356677 0.0077852751025338351 -0.011833564635757163 0.026147596285783878 0.018698473229508083 0.00018076943758444299 -0.005182533084943485 0.0032914520374988645 -0.0070216229882230424
leaf_weight=10.48748102784157 6.9326323121786144 8.0001029670238513 7.3849586844444266 6.5333704054355612 8.9141009449958784 5.3318956792354593 6.5603476017713547 4.8766849339008322 4.8441734910011318 8.8292448967695147 7.3772884011268527 9.3726719915866816 7.57268954813481 19.770121335983294 6.4458248466253272 7.2883076220750835 9.4127267003059369 5.149135962128641 12.359310016036037 5.1754402965307182 8.4025243222713453 5.0795675069093704 4.9068541824817631 6.3266953229904175
leaf_count=46 29 33 30 27 36 22 27 20 20 36 30 38 33 82 27 30 39 21 54 22 35 21 21 26
internal_value=-4.54686e-06 -0.00224421 -0.00450637 0.0163762 -0.00754609 -0.00578338 -0.00342359 -0.0205291 0.00713328 -0.000338097 -0.0100735 -0.0193138 0.0135647 0.0038229 -0.0076794 0.00798943 -0.00354786 0.0029511 0.0146332 0.0196038 0.0148647 0.00720729 0.0207541 -0.0207903
internal_weight=193.334 169.135 152.115 17.0209 121.443 114.058 100.267 13.7908 30.672 85.5622 25.4135 14.7046 22.6719 60.1487 15.2751 44.8737 16.701 11.7095 24.1988 17.8277 28.1726 10.255 17.2662 13.704
internal_count=805 701 628 73 499 469 413 56 129 353 104 60 96 249 63 186 69 48 104 76 117 43 75 56
is_linear=0
shrinkage=0.03


Tree=13
num_leaves=30
num_cat=0
split_feature=19 41 17 27 25 16 35 40 25 15 35 26 30 15 35 35 2 23 33 27 34 34 26 35 13 22 22 38 28
split_gain=6.83658 9.24284 5.39168 5.17073 4.1727 3.95061 3.49414 3.41021 4.63576 5.81482 3.17797 3.12495 2.79776 2.63265 2.48425 3.82704 2.42007 3.07069 2.39256 2.39234 2.30484 3.5402 3.22229 2.22584 1.62401 1.28737 2.29634 2.02127 1.09409
threshold=0.70723489255931238 793.00000000000011 0.48347048654449465 -1.4281743306776298 -0.23868545577679526 -0.88140673323915963 -0.45454170041773434 639.50000000000011 0.35017527296043366 0.083547256219120444 -0.65027917492716181 -0.2667945592085364 -1.5114930772068733 -1.3083830425959715 1.0787351832394489 0.32840819761997636 -0.76870773917340929 1.0000000180025095e-35 0.1939473168299447 -0.78038484003525754 -0.32885293470430982 -1.0780377734231525 0.96424823713949814 1.0000000180025095e-35 0.040116953107092131 -0.12135504580849683 0.30257919681981549 -1.0000000180025095e-35 1.8585620515450019
decision_type=2 2 2 2 2 2 2 2 2 2 2 2 2 2 2 2 2 2 2 2 2 2 2 2 2 2 2 2 2
left_child=1 2 10 -3 25 24 16 8 11 -10 12 -6 -1 -7 15 -15 -4 -18 -9 -14 21 -12 23 -22 -2 27 -27 -5 -16
right_child=5 3 6 4 7 13 -8 18 9 -11 20 -13 19 14 28 -17 17 -19 -20 -21 22 -23 -24 -25 -26 26 -28 -29 -30
leaf_value=-8.0714898485123528e-05 -0.010247208213713735 0.012474044982572373 0.00044998960288028365 -0.036684048537090411 0.028978631145831012 -0.0031232955541889876 0.0063157441904640836 -0.031781446484674396 -0.027302297424538591 0.006876461829673588 0.0094390692078390268 -0.0014899978270369357 0.034232053973722788 0.023479193531159372 0.034876123348696199 -0.0048887781512198603 -0.0031933025100822771 -0.036551785972631104 -0.0058078780094807303 0.0081501620730260686 0 -0.018611031044250291 -0.0076930901114106755 0.026623250481794959 0.0082956272392901171 0.0026523246087372435 -0.022595404880083415 -0.0082533523905208832 0.0097176924272438479
leaf_weight=5.2369682788848904 8.9451165348291379 6.2271763831377021 5.1415962278842917 9.6685095727443677 4.8362374752759933 4.8125701397657421 9.277703180909155 5.1958570927381507 7.1372827440500242 7.9011824429035187 5.8701136410236359 4.8689317554235476 8.2022247612476349 6.3601897060871142 8.2743841558694822 7.9121534377336502 5.1358994394540805 5.1965576410293579 9.1626592725515348 7.6153280735015842 4.8202097266912478 7.3751956969499606 5.3012400716543189 7.3432573974132538 5.4905939102172843 4.8967580497264844 5.377165287733078 4.9341648221015957 4.5901113897562018
leaf_count=22 37 26 22 39 20 20 39 21 29 33 25 20 35 27 37 33 21 21 38 32 20 30 22 31 23 20 22 20 20
internal_value=-1.19932e-05 -0.00322615 0.0039022 -0.010998 -0.0136077 0.0098121 -0.00719585 -0.00684142 0 -0.00998707 0.0093747 0.0150043 0.0179953 0.0155128 0.0190179 0.00840313 -0.0154926 -0.0229844 -0.0177023 0.0238151 0.00271544 -0.00607715 0.00965341 0.0176673 -0.00270097 -0.0230218 -0.0112474 -0.0291138 0.0282693
internal_weight=193.107 146.722 76.5163 70.2059 63.9787 46.3851 24.7518 39.1022 24.7436 15.0385 51.7645 9.70517 21.0545 31.9494 27.1368 14.2723 15.4741 10.3325 14.3585 15.8176 30.71 13.2453 17.4647 12.1635 14.4357 24.8766 10.2739 14.6027 12.8645
internal_count=805 608 320 288 262 197 103 161 102 62 217 40 89 137 117 60 64 42 59 67 128 55 73 51 60 101 42 59 57
is_linear=0
shrinkage=0.03


Tree=14
num_leaves=29
num_cat=0
split_feature=19 41 17 27 36 40 16 22 16 36 31 26 28 24 8 36 27 32 33 29 33 36 28 25 8 21 29 36
split_gain=6.52238 8.7801 5.14511 4.92268 4.58144 4.12681 3.7732 2.95776 2.91246 2.69316 2.59324 2.67882 2.57791 2.28956 2.21288 2.19806 2.00967 2.39691 3.45138 2.43424 1.83262 1.92105 1.86654 1.61568 1.60836 0.748718 0.997368 0.574007
threshold=0.70723489255931238 793.00000000000011 0.48347048654449465 -1.4281743306776298 -0.78180383548534949 694.50000000000011 -0.88140673323915963 -0.14366737436788177 -1.1490033465740732 -0.56119398129961084 0.16155760206054295 0.11198783966778199 0.51708653668229765 1.0000000180025095e-35 -1.187652537907802 -1.1971708265694356 0.37124092110673762 -0.69506231743559244 -0.76745172461228173 0.50310918552744821 0.376107135208472 1.0000000180025095e-35 -0.48902009946473085 -1.0000000180025095e-35 -0.08581646352681499 0.090989599790096284 1.08338104625466 -0.23286447174974192
decision_type=2 2 2 2 2 2 2 2 2 2 2 2 2 2 2 2 2 2 2 2 2 2 2 2 2 2 2 2
left_child=1 2 16 -3 5 7 23 -5 -4 -6 15 -12 20 -10 -15 -8 17 -1 19 -19 21 22 -11 -2 25 -20 -27 -17
right_child=6 3 8 4 9 -7 10 -9 13 12 11 -13 -14 14 -16 27 -18 18 24 -21 -22 -23 -24 -25 -26 26 -28 -29
leaf_value=-0.0023691530307633373 0.0043156546933839895 0.012197454314247867 -0.023915481021207437 -0.0033898763801480133 -0.03558212790511301 -0.0189986429065526 0.0017528361623511222 0.024376764734529856 0.013259744394594845 0 -0.011095570912570997 0.013909911742733668 0.0025634009408271792 0.005264258879402889 -0.016572762650004052 0.033238285724691501 -0.0036163690166940016 0.012844152323324679 0.011740588853393659 -0.012363497120318121 -0.0027130404874895014 -0.028963558454732037 -0.020467025412458463 -0.01438724661159769 0.0033113435088414486 0.038642159453411769 0.013410540409472088 0.012446225531548259
leaf_weight=7.8404175192117682 9.3694756627082807 6.2115851938724509 5.3313714414835003 5.7903036028146735 6.1958676129579535 4.8667497783899298 4.6749588251113918 5.2256122529506674 5.4967412501573589 7.8452221304178176 5.017202213406561 7.718289703130722 6.2899778485298148 5.8542225956916836 8.0726710408925957 8.6336963176727295 7.9456482827663413 5.4867331534624082 7.6319791972637203 5.2920061945915222 8.0147005617618543 12.873889252543448 6.9204144030809482 5.0727493464946738 5.2525888383388546 6.3505324870347959 5.8470111787319183 5.7737759202718744
leaf_count=33 39 26 22 24 25 20 20 22 23 32 21 33 26 25 33 38 33 23 32 22 33 52 28 21 22 27 25 25
internal_value=-1.11081e-05 -0.0031498 0.00380491 -0.0107202 -0.0132637 0.00036104 0.0095988 0.0106453 -0.00702844 -0.0177548 0.0151899 0.00350627 -0.0138456 -0.000724352 -0.00738522 0.0218721 0.00916218 0.0116612 0.0148613 0 -0.0168885 -0.0204419 -0.0106573 -0.00261286 0.0206704 0.0244311 0.0297783 0.0272424
internal_weight=192.896 146.636 76.4019 70.2343 64.0227 15.8827 46.2601 11.0159 24.755 48.1401 31.8179 12.7355 41.9442 19.4236 13.9269 19.0824 51.6469 43.7013 35.8609 10.7787 35.6542 27.6395 14.7656 14.4422 25.0821 19.8295 12.1975 14.4075
internal_count=805 608 320 288 262 66 197 46 103 196 137 54 171 81 58 83 217 184 151 45 145 112 60 60 106 84 52 63
is_linear=0
shrinkage=0.03


Tree=15
num_leaves=30
num_cat=0
split_feature=19 41 17 16 36 36 35 19 1 22 35 29 15 35 35 0 33 29 29 29 33 28 35 26 33 13 28 26 15
split_gain=6.20416 8.34908 4.9023 3.61163 3.39375 4.97212 3.34215 3.30128 3.20606 3.19255 3.06738 2.75605 2.50283 2.41341 3.65883 2.32095 2.66067 1.94867 1.96397 2.6488 1.8858 1.67784 2.67107 1.59958 1.63171 1.54827 1.06484 0.528955 0.313087
threshold=0.70723489255931238 793.00000000000011 0.48347048654449465 -0.88140673323915963 -0.78180383548534949 -0.56119398129961084 -0.45454170041773434 -0.99372093020252872 -0.46615879332877647 -0.14366737436788177 -0.65027917492716181 0.50310918552744821 -1.3083830425959715 1.0787351832394489 0.32840819761997636 -0.21754709900051741 0.50622129119313419 -0.65743453592697532 0.11626127837597348 0.69653313910318548 0.7404267719655262 -0.48902009946473085 0.32840819761997636 0.30137903910594099 0.1939473168299447 -1.0000000180025095e-35 1.8585620515450019 1.0000000180025095e-35 -0.16953097992907812
decision_type=2 2 2 2 2 2 2 2 2 2 2 2 2 2 2 2 2 2 2 2 2 2 2 2 2 2 2 2 2
left_child=1 2 10 25 9 -6 11 27 -9 20 23 -4 -5 14 -14 16 21 -12 28 -20 -3 -10 -23 24 -1 -2 -15 -7 -19
right_child=3 4 6 12 5 7 -8 8 15 -11 17 -13 13 26 -16 -17 -18 18 19 -21 -22 22 -24 -25 -26 -27 -28 -29 -30
leaf_value=0.0076598210730305059 -0.0099209029376630172 -0.020138664186447299 -0.02765679008303925 -0.0032414009489733454 -0.035620767772588185 0.010715510062625357 0.0063506642548279814 -0.033766448964555343 -0.0041640746471634845 0.014396355670722586 0.015699298298749338 -0.0022069285300764041 0.022743697163584351 0.034037269900493806 -0.0050327487359610118 0.0072678509948125624 0.0052605498295429662 -0.0027155217233256856 0.015089135862347645 -0.0081365663836514609 0.0024688445046072388 -0.03543872187498872 -0.0060722873568698063 0.0058141254708926953 0.033979339368854944 0.0081804410442830756 0.0092813392659766934 -0.0012235927488201349 -0.01607425173844507
leaf_weight=5.4285268783569354 8.963295251131056 5.1435998082160967 6.6501190811395672 4.8060156404972103 7.1667549014091483 4.8585183769464475 9.2763113379478437 4.9703723490238145 7.899315774440768 7.3825303316116324 6.1722920387983349 8.8405652195215207 6.3022399693727511 8.1263221651315671 7.9026639312505722 5.099236920475966 4.8365086764097205 4.8032156974077225 8.5440972745418531 6.2596216648817053 5.249980702996254 6.456346660852434 6.3370354026556015 9.2385867983102781 6.2683092504739761 5.4837473481893531 4.5597277730703345 4.853832334280014 4.8387072235345858
leaf_count=23 37 21 27 20 29 20 39 20 32 31 26 37 27 37 33 21 20 20 36 26 22 26 26 39 27 23 20 20 20
internal_value=-5.31645e-06 -0.00306565 0.00372064 0.00938022 -0.0104452 -0.0141953 -0.00684472 -0.00964548 -0.0137977 0.000557555 0.00895951 -0.0149627 0.0148684 0.0183166 0.00790393 -0.00894519 -0.0126292 0.00242429 -0.00141012 0.00505529 -0.00934358 -0.0171539 -0.023476 0.0174487 0.0244781 -0.00255064 0.0274845 0.00484825 -0.0112195
internal_weight=192.718 146.574 76.3204 46.144 70.254 52.4779 24.767 45.3112 35.5988 17.7761 51.5534 15.4907 31.697 26.891 14.2049 30.6284 25.5292 30.6179 24.4456 14.8037 10.3936 20.6927 12.7934 20.9354 11.6968 14.447 12.686 9.71235 9.64192
internal_count=805 608 320 197 288 214 103 185 145 74 217 64 137 117 60 125 104 128 102 62 43 84 52 89 50 60 57 40 40
is_linear=0
shrinkage=0.03


Tree=16
num_leaves=28
num_cat=0
split_feature=30 11 34 6 20 37 23 25 24 26 40 20 35 15 35 25 34 40 25 17 14 21 24 19 15 15 29
split_gain=6.1634 7.37263 5.42293 4.10369 4.36605 4.1027 3.93447 4.02163 3.91447 3.68634 3.46973 3.462 3.46969 2.9093 4.34348 4.94041 4.05677 3.58464 8.56791 3.43386 3.08226 2.59482 2.32328 2.64175 1.85214 1.35878 0.413521
threshold=1.0404816241124362 1.3392249908603244 -0.86398496236062605 -0.52715518943809703 0.19601828391721779 -0.58040540162867638 -0.41037876444124477 -1.0353793828918694 -0.96406146038121487 1.3430306360158164 364.00000000000006 1.7735272725095315 1.0787351832394489 1.4754775550342127 -0.35667296316302061 -0.23868545577679526 -0.27122333172593721 694.50000000000011 -1.0353793828918694 0.48347048654449465 0.7248484748068954 0.47274756277321667 0.28470941862577503 -0.21411617810335173 -0.29607009800317735 0.21008637429321975 -0.39953593115932573
decision_type=2 2 2 2 2 2 2 2 2 2 2 2 2 2 2 2 2 2 2 2 2 2 2 2 2 2 2
left_child=1 2 8 4 -4 6 -5 -8 -1 -3 -10 12 -2 14 15 20 -16 -18 -19 25 24 26 23 -9 -7 -17 -12
right_child=11 9 3 5 -6 13 7 22 10 -11 21 -13 -14 -15 16 19 17 18 -20 -21 -22 -23 -24 -25 -26 -27 -28
leaf_value=-0.0096333341884280287 2.0663538580943415e-05 0.027502022890013394 -0.031121853655569996 0.0053140365628791854 0.0012819182879480913 -0.0090664326620143454 0.0030539040386737605 0 -0.006981362358322858 0 0.011851877742062124 -0.0022262537286092759 0.029795515522833622 0.017510972951515862 -0.012710537351305312 0 -0.0066673440644003917 -0.011587989357407893 0.026873115431653317 -0.014522496568458859 -0.00089487804127263949 0.0021808822431959793 -0.041398250053570396 -0.025583663176111961 -0.038527680687125559 0.021408416793294947 0.033551440874401581
leaf_weight=7.993282929062846 5.4936899393796983 9.0291009545326251 10.172931611537932 6.5835376232862499 4.8313810527324668 4.8835645020008078 5.0915307253599194 6.5993229001760545 4.8353459239006069 7.1510226577520362 4.8543494045734468 7.5069853961467734 10.884442880749701 5.517151176929473 8.2898963093757576 5.1323444545268995 7.784095346927649 6.2686428278684607 15.394193574786188 5.6658788174390784 5.5623022466897956 6.5804848074913016 5.1822462677955619 7.6417173147201494 6.6511137038469341 4.6957313567399979 6.2262900620698884
leaf_count=33 23 40 41 27 20 20 21 27 20 30 21 32 49 23 34 21 32 26 65 23 23 28 21 31 27 20 27
internal_value=-6.36469e-06 -0.0020946 -0.00421558 -0.00705899 -0.0211561 -0.00476054 -0.0136753 -0.0190179 0.00676718 0.0162107 0.0130824 0.0137519 0.0209835 -0.000833367 -0.00269163 -0.0105299 0.00406867 0.00937335 0.0154548 0.00148666 -0.020984 0.0190052 -0.0248947 -0.0151353 -0.0289934 0.0119465 0.0270685
internal_weight=192.503 168.617 152.437 121.948 15.0043 106.943 31.0984 24.5148 30.4898 16.1801 22.4965 23.8851 16.3781 75.8449 70.3278 32.5909 37.7368 29.4469 21.6628 15.494 17.097 17.6611 19.4233 14.241 11.5347 9.82808 11.0806
internal_count=805 701 631 502 61 441 127 100 129 70 96 104 72 314 291 134 157 123 91 64 70 76 79 58 47 41 48
is_linear=0
shrinkage=0.03


Tree=17
num_leaves=28
num_cat=0
split_feature=30 11 34 0 20 37 23 25 24 20 40 24 15 19 33 33 15 24 20 39 21 34 24 19 36 27 32
split_gain=5.87125 7.02578 5.17621 3.86677 4.14321 3.88755 3.74502 3.82983 3.73769 3.35424 3.33197 3.32359 2.78619 4.12348 5.19002 4.01819 3.70873 3.7944 3.47171 3.3891 2.4974 2.32871 2.20366 2.49934 1.74523 1.55536 0.916338
threshold=1.0404816241124362 1.3392249908603244 -0.86398496236062605 -0.41333358149902782 0.19601828391721779 -0.58040540162867638 -0.41037876444124477 -1.0353793828918694 -0.96406146038121487 1.5106091077441457 364.00000000000006 1.2837261218313676 1.4754775550342127 1.0000000180025095e-35 -0.76745172461228173 -0.35253213830563651 -0.29607009800317735 -0.3813017168446195 0.45893644868260347 -0.68529898145355184 0.47274756277321667 1.0000000180025095e-35 0.28470941862577503 -0.21411617810335173 -0.56119398129961084 0.60156607333513679 0.43441757955826082
decision_type=2 2 2 2 2 2 2 2 2 2 2 2 2 2 2 2 2 2 2 2 2 2 2 2 2 2 2
left_child=1 2 8 4 -4 6 -5 -8 -1 24 -10 -3 13 14 26 25 19 -18 -17 -16 -12 -11 23 -9 -2 -15 -7
right_child=9 11 3 5 -6 12 7 22 10 21 20 -13 -14 15 16 18 17 -19 -20 -21 -22 -23 -24 -25 -26 -27 -28
leaf_value=-0.0093773837232854207 0.004839336404577013 0.025585857645022182 -0.030282033607024899 0.0051873493880678512 0.0012527591157118806 -0.010492808931256691 0.0029842363790389763 0 -0.0068154456600650328 0.015314254761401084 0.026589396354386171 -0.00060152336361282168 0.01714446331880019 0.026451512976867243 -0.0044511553937417511 0.0082048990809340527 0.0095915469533081766 -0.016870180338114566 -0.018626086040874117 0.023963831803015655 0.0021284714704902521 -0.0089072129262491116 -0.040334160240243798 -0.024893785226179275 0.031418410760559699 0.002447308572068221 -0.033190826827138177
leaf_weight=8.0058580935001391 4.5565042197704315 9.8291171640157717 10.182843133807181 6.5787007510662106 4.8304515182971945 6.1261480599641782 5.0891354382038143 6.5993229001760545 4.8408975601196316 4.6100552380084974 11.007900461554529 6.273867353796958 5.4983943402767173 6.9345195740461367 6.0664305835962296 8.1246844232082349 5.4903656393289522 14.873062074184427 6.2953413575887671 6.213167846202845 6.5772309601306906 6.9919534623622894 5.1987028568983069 7.6591801643371538 7.6242342591285723 4.7167850285768509 5.4364931881427765
leaf_count=33 20 44 41 27 20 25 21 27 20 20 48 26 23 29 25 34 23 61 26 26 28 30 21 31 34 20 22
internal_value=-1.29435e-05 -0.00205013 -0.00411846 -0.00689567 -0.0205804 -0.00466022 -0.013333 -0.0185399 0.00662077 0.0134443 0.0128126 0.0158603 -0.000830553 -0.00264939 -0.00818844 0.00645936 -0.00152331 -0.0092926 -0.00378311 0.0105342 0.0186412 0.000910647 -0.0242666 -0.0147459 0.0235352 0.0185776 -0.0242101
internal_weight=192.231 168.449 152.346 121.914 15.0133 106.9 31.125 24.5463 30.4319 23.7827 22.426 16.103 75.7754 70.277 44.2057 26.0713 32.643 20.3634 14.42 12.2796 17.5851 11.602 19.4572 14.2585 12.1807 11.6513 11.5626
internal_count=805 701 631 502 61 441 127 100 129 104 96 70 314 291 182 109 135 84 60 51 76 50 79 58 54 49 47
is_linear=0
shrinkage=0.03


Tree=18
num_leaves=21
num_cat=0
split_feature=11 35 34 3 22 20 28 16 12 33 22 26 34 27 23 25 27 33 22 29
split_gain=5.17367 6.33407 5.14591 7.79894 4.29587 4.49639 3.91307 3.88941 3.8523 3.5213 3.74925 3.49923 3.48628 2.91417 3.1341 4.75131 4.0685 2.56292 1.04252 0.705101
threshold=1.3392249908603244 0.81775188389354536 -0.86398496236062605 -0.4095424112291563 0.30257919681981549 1.7735272725095315 1.1279369943429933 -1.4165999599089867 0.87610190188408399 0.9225865903440531 -1.482407087930973 1.3430306360158164 -1.5390745972501334 -1.4281743306776298 -0.41037876444124477 0.62728620413089431 0.60156607333513679 1.0000000180025095e-35 -0.14366737436788177 -1.2377063966541872
decision_type=2 2 2 2 2 2 2 2 2 2 2 2 2 2 2 2 2 2 2 2
left_child=1 2 8 17 -3 6 19 -5 12 10 -9 -2 -1 -12 15 -15 -16 -4 -14 -6
right_child=11 4 3 7 5 -7 -8 9 -10 -11 13 -13 18 14 16 -17 -18 -19 -20 -21
leaf_value=-0.0053507961394168961 0.026627250224029456 -0.010162331970179194 -0.039517503066717308 -0.024964678805426594 -0.00062358165234211978 -0.0052564251373501932 0.033723043985810296 -0.022938475473848776 -0.011140311940842635 -0.023255871067503604 0.020100057928741845 0 0.0091142527614104137 0.019451874230967867 -0.00080910117402469971 -0.0089352395581589663 -0.022908038812370302 -0.0086034477902307265 0.028185777685398389 0.012259979010096525
leaf_weight=5.8462297469377562 8.8881521075963992 6.7699271440505973 6.929868817329405 6.1598254442214957 4.7826237529516238 7.0241058915853491 9.7741501033306104 4.8985982090234748 6.7380613535642615 5.337258666753768 5.0519459694623938 7.1330465525388709 8.7257038652896899 12.678339466452593 50.102586224675186 7.0216959714889517 7.4878806471824637 5.6837829500436783 6.9845881909131977 7.9626145362854039
leaf_count=25 40 28 28 25 21 30 44 20 28 22 21 30 37 53 206 29 31 23 30 34
internal_value=-9.0097e-06 -0.00157519 -0.00451288 -0.00742778 0.00929417 0.0142215 0.0204956 -0.00430281 0.00655359 -0.00248815 -0.000778379 0.015512 0.0127095 0.000855175 -0.000685293 0.00913451 -0.00429251 -0.0284074 0.0196594 0.00744766
internal_weight=191.981 175.96 139.646 111.352 36.3134 29.5435 22.5194 98.7381 28.2946 92.5783 87.241 16.0212 21.5565 82.3424 77.2905 19.7 57.5905 12.6137 15.7103 12.7452
internal_count=805 735 578 458 157 129 99 407 120 382 360 70 92 340 319 82 237 51 67 55
is_linear=0
shrinkage=0.03


Tree=19
num_leaves=27
num_cat=0
split_feature=19 11 25 13 30 36 36 19 23 32 13 14 35 15 24 35 16 21 15 35 35 23 32 25 28 22
split_gain=5.54074 5.27111 5.11526 6.66536 5.09684 9.01228 5.69151 5.40428 5.38366 4.82217 4.07161 7.53778 3.9601 3.74049 3.5465 3.43582 3.28601 3.01841 2.36316 2.18589 3.51825 2.04827 1.99827 1.60245 1.01788 0.687022
threshold=0.70723489255931238 1.3392249908603244 -0.23868545577679526 0.069890883241552473 -0.16361911524244946 0.45481780809486544 -0.89641754879278401 -1.5607062044564757 0.21049184863665973 0.99097289112044973 -0.2338076463376266 0.7248484748068954 0.71988314663883168 -0.6756874522254751 1.2837261218313676 -1.2374915984554449 -0.88140673323915963 0.090989599790096284 -1.3083830425959715 1.0787351832394489 0.32840819761997636 1.0000000180025095e-35 -1.0000000180025095e-35 -1.0000000180025095e-35 1.8585620515450019 -1.0138481881838912
decision_type=2 2 2 2 2 2 2 2 2 2 2 2 2 2 2 2 2 2 2 2 2 2 2 2 2 2
left_child=1 2 3 9 7 6 -6 -4 15 10 11 -1 21 17 -3 -9 23 -12 -18 20 -20 -8 25 -2 -21 -17
right_child=16 14 4 -5 5 -7 12 8 -10 -11 13 -13 -14 -15 -16 22 18 -19 19 24 -22 -23 -24 -25 -26 -27
leaf_value=-0.029055785817295867 0.0044318127740541058 0.023632285244211782 -0.015941083360083569 -0.031390526238801036 0.0060873318111257487 0.020319423849938578 -0.035942851712560647 -0.0042738400105149415 -0.010283662015304482 -0.026877634267726391 -0.014627162025159459 0.012431178968838538 0.00016901893457330704 0.024424420514743448 -0.0039584615006789062 0.010320157064170032 -0.0033690222048138527 0.01078615288428952 0.02225164114728289 0.032914787387713584 -0.0050443545045807175 -0.0087762375496395015 0.0038642233545174653 -0.014202662102605127 0.0087191796123746255 0.029442545067424372
leaf_weight=8.1527493298053688 9.3567816466093046 9.042357996106146 6.5619677305221549 11.112777456641195 7.1200370192527798 6.3936425000429145 11.787299752235418 5.0721364319324485 7.2480197995901099 6.3775681108236304 6.561562761664387 5.2946114987134925 4.7920250892639151 6.2198181748390278 5.7944285571575156 5.7238865941762951 4.7885011136531856 7.2070759385824203 6.2406219542026538 7.8876814097166044 7.8831803947687149 5.3773270845413199 6.4658663570880952 5.0711711198091498 4.5135789066553116 13.71605610847473
leaf_count=33 39 41 27 45 30 27 48 21 30 26 27 22 20 26 24 24 20 30 27 37 33 22 27 21 20 58
internal_value=-2.14506e-05 -0.0029154 -0.00490147 -0.0121906 -6.41308e-05 -0.00843946 -0.015646 0.00649773 0.0109571 -0.00574108 -0.000556822 -0.0127115 -0.0228881 0.00765761 0.0131155 0.0163571 0.00888916 -0.00117901 0.0141756 0.0175677 0.00761079 -0.0291429 0.0206282 -0.00246189 0.0264312 0.0252413
internal_weight=191.763 146.021 131.184 50.9262 80.2583 35.4703 29.0767 44.7879 38.226 39.8134 33.4358 13.4474 21.9567 19.9885 14.8368 30.9779 45.7415 13.7686 31.3136 26.5251 14.1238 17.1646 25.9058 14.428 12.4013 19.4399
internal_count=805 608 543 209 334 147 120 187 160 164 138 55 90 83 65 130 197 57 137 117 60 70 109 60 57 82
is_linear=0
shrinkage=0.03


Tree=20
num_leaves=22
num_cat=0
split_feature=30 11 34 36 30 23 23 31 37 38 13 1 24 20 40 24 24 34 29 36 13
split_gain=5.30994 6.11919 4.57682 3.49887 5.18144 4.57626 4.56268 3.58767 3.63921 4.94177 3.87401 4.38847 3.41575 3.18433 3.15945 3.01806 2.51818 2.21553 1.97907 1.67739 1.59551
threshold=1.0404816241124362 1.3392249908603244 -0.86398496236062605 0.78056204591599576 -0.16361911524244946 1.1029933549361479 0.8313624617145644 0.54070585696569429 -1.3852742187020348 1.5521140398997237 0.45284067517773846 -0.51891570868183068 -0.96406146038121487 1.5106091077441457 364.00000000000006 1.2837261218313676 -0.82530914049154924 1.0000000180025095e-35 0.30968523195171099 -0.56119398129961084 1.1176832409648894
decision_type=2 2 2 2 2 2 2 2 2 2 2 2 2 2 2 2 2 2 2 2 2
left_child=1 2 12 5 -5 7 -6 8 -4 10 11 -10 -1 19 -14 -3 -16 -15 -18 -2 -12
right_child=13 15 3 4 6 -7 -8 -9 9 -11 20 -13 14 17 16 -17 18 -19 -20 -21 -22
leaf_value=-0.009001365727055885 0.0044711808410579984 0.024307235746207211 0.0093712735513271656 -0.014272810931570134 0.028008222673726092 0.012052307891053724 -0.0042607160063422014 -0.0270280597074933 -0.024785321197448501 0.012237966577350047 -0.034984439357909042 -0.0041699563524247515 -0.0068429506395488908 0.014802990030434093 0.03002450146140722 -0.00069225134960562565 0.017264932108989713 -0.0088865801051752295 -0.0059350332392227954 0.030549134749143669 -0.0081884175990719604
leaf_weight=8.0137615948915499 4.5238965302705765 9.5993616729974729 8.0215877741575223 7.0595341175794628 7.8199905604124051 7.268026962876319 5.7432000786066055 9.7493171691894513 10.839124932885154 6.522896319627761 7.8962155580520612 46.014034301042571 4.8325664252042797 4.5681336224079114 7.3194931298494401 6.2666762024164191 5.0651116073131508 6.9810946732759476 5.0298043042421341 7.4816739857196826 4.8712596893310547
leaf_count=33 20 44 33 29 33 30 24 40 44 27 32 190 20 20 33 26 22 30 21 34 20
internal_value=-1.65269e-05 -0.00195338 -0.00387705 -0.00648638 0.00433972 -0.00878253 0.0148823 -0.0106219 -0.0082115 -0.0102864 -0.0126947 -0.00873921 0.00624741 0.0128428 0.0122146 0.0148807 0.0179436 0.000648206 0.00591566 0.0227548 -0.0271171
internal_weight=191.487 167.932 152.066 121.805 20.6227 101.182 13.5632 93.9144 84.1651 76.1435 69.6206 56.8532 30.2607 23.5548 22.247 15.866 17.4144 11.5492 10.0949 12.0056 12.7675
internal_count=805 701 631 502 86 416 57 386 346 313 286 234 129 104 96 70 76 50 43 54 52
is_linear=0
shrinkage=0.03


Tree=21
num_leaves=29
num_cat=0
split_feature=19 41 17 27 36 40 35 37 35 22 30 15 36 29 27 29 29 29 30 22 36 30 22 21 9 38 15 30
split_gain=5.16371 7.16824 4.71093 4.34615 3.79455 3.66427 3.08619 2.88272 2.86937 2.66994 2.59367 2.49004 2.36468 2.32026 2.31615 1.7465 1.72074 2.40162 1.68367 2.09665 2.20174 2.32303 2.09984 1.43735 1.39604 1.3862 0.302271 0.0793407
threshold=0.70723489255931238 793.00000000000011 0.48347048654449465 -1.4281743306776298 -0.78180383548534949 694.50000000000011 -0.45454170041773434 -0.58040540162867638 -0.65027917492716181 -0.14366737436788177 -1.5114930772068733 -0.92876568837367379 -0.56119398129961084 0.50310918552744821 -0.78038484003525754 -0.65743453592697532 0.11626127837597348 0.69653313910318548 -0.91842853394252666 -0.58991394555557874 1.0000000180025095e-35 -0.16361911524244946 0.21332988258227595 -1.4360422521423841 1.3543665729437804 -0.5311736668435485 -0.16953097992907812 0.48336038650047425
decision_type=2 2 2 2 2 2 2 2 2 2 2 2 2 2 2 2 2 2 2 2 2 2 2 2 2 2 2 2
left_child=1 2 8 -3 5 9 13 25 10 -5 -1 -9 -6 -4 -12 -10 26 -18 -14 -20 21 -21 -23 -13 27 -2 -17 -25
right_child=7 3 6 4 12 -7 -8 11 15 -11 14 23 18 -15 -16 16 17 -19 19 20 -22 22 -24 24 -26 -27 -28 -29
leaf_value=-0.00042529090491830683 -0.010816770570797543 0.011885300824448847 -0.026368906019121435 -0.0031541029532154469 -0.032777021961447321 -0.01787368713286033 0.0058637833041745181 0 0.014967865369976845 0.023302411449102427 0.032928786325008987 0.0020960834455796976 -0.025932086497129397 -0.0026735513543703665 0.0073087499228276917 -0.0022900023782288243 0.01441388522818941 -0.0077343259280727994 0.0036896801461239661 0.0098585733597838891 -0.022240557545203755 -0.021582908603315947 0.0019920324698066948 0.0058159757823420142 0.034927143132971364 0.0059232946825638587 -0.015180159750463587 0.016670875515689621
leaf_weight=5.1800112873315838 6.9328542798757553 6.1752808392047873 6.6390995681285885 5.7713774442672721 6.1983967274427405 4.8394754379987708 9.1851787120103818 8.7175091058015841 6.1017288416624096 5.1401593685150138 8.0015323311090469 4.9215795993804958 6.4153136759996405 8.7362512052059156 7.5163133740425083 4.799113541841507 8.4496336132287961 6.2577243447303763 7.8158079683780626 5.1475544422864905 11.302373215556143 6.3677330315113156 4.8309431076049805 5.8734925538301486 5.5001826286315909 7.6452639251947385 4.8386585414409655 5.9477181136608124
leaf_count=22 29 26 27 24 25 20 39 38 26 22 35 22 26 37 32 20 36 26 32 21 46 26 20 25 25 32 20 26
internal_value=-8.19652e-06 -0.00280386 0.00351203 -0.00964838 -0.0120486 0.000376051 -0.00688132 0.00861367 0.00867092 0.0101355 0.0169355 0.0136234 -0.0161283 -0.0146952 0.0226099 0.00233347 -0.00128592 0.00477636 -0.0124778 -0.00892808 -0.0127071 -0.00446378 -0.0119065 0.0186582 0.0225031 -0.00193096 -0.0104731 0.0129901
internal_weight=191.248 145.71 75.7052 70.0044 63.8291 15.751 24.5605 45.5386 51.1447 10.9115 20.6979 30.9605 48.0781 15.3754 15.5178 30.4469 24.3451 14.7074 41.8797 35.4644 27.6486 16.3462 11.1987 22.243 17.3214 14.5781 9.63777 11.8212
internal_count=805 608 320 288 262 66 103 197 217 46 89 136 196 64 67 128 102 62 171 145 113 67 46 98 76 61 40 51
is_linear=0
shrinkage=0.03


Tree=22
num_leaves=23
num_cat=0
split_feature=11 35 22 15 31 6 41 41 25 26 26 36 26 27 14 15 32 15 26 31 29 15
split_gain=4.4485 5.43284 3.91706 4.19276 3.82093 6.08692 3.95454 9.36891 4.25204 4.12401 3.71126 3.33838 3.24069 3.00774 3.56681 2.63001 3.00046 2.33098 2.01751 1.95189 1.91546 0.59077
threshold=1.3392249908603244 0.81775188389354536 0.30257919681981549 -1.3083830425959715 -1.0435922081736879 -0.53707396419428832 416.50000000000006 336.50000000000006 -1.0000000180025095e-35 -0.92966375724209305 -0.45618575864669547 -0.56119398129961084 1.3430306360158164 0.60156607333513679 -0.0076333519828501294 0.71624284658961701 -1.1370327119114481 -0.16953097992907812 -0.5508813583657749 1.0000000180025095e-35 0.30968523195171099 0.083547256219120444
decision_type=2 2 2 2 2 2 2 2 2 2 2 2 2 2 2 2 2 2 2 2 2 2
left_child=1 4 -3 -4 15 18 7 8 -7 -8 17 -12 -2 14 -13 16 -1 -11 -6 21 -18 -5
right_child=12 2 3 19 5 6 9 -9 -10 10 11 13 -14 -15 -16 -17 20 -19 -20 -21 -22 -23
leaf_value=-0.0043752263891986528 0.025382931710885528 -0.0098657804057118437 -0.0066770315815009177 0.031615372362051038 -0.0071114619755571979 -0.023342600054613308 -0.027893919054437683 0.028226191067043254 0.008543420138365029 -0.0020787669239337768 -0.024095323571264021 0.0049958886152773945 -0.0001856303985101989 -0.02054641119775447 -0.011634254053120425 -0.0086076902809247378 0.027188092961349566 0.021891727255015463 -0.035110616484923585 0.0048867086121888673 0.0023082028941724575 0.012240575951892462
leaf_weight=6.2180294245481535 8.6601960062980634 6.7626227140426627 6.1415085941553142 8.2981338202953356 5.366355836391449 6.807910144329071 6.3413060158491126 9.0223415344953519 5.4310387223958987 6.329521507024765 8.0949384272098452 29.334123283624642 7.0995302051305762 7.2639911472797385 17.001222595572493 6.6758510470390311 7.8897900134325027 5.4732440412044436 6.8959316462278348 7.9988542199134818 5.1897788792848587 6.7370875030755988
leaf_count=26 40 28 26 38 22 28 26 38 23 26 33 121 30 30 70 28 34 23 28 35 22 30
internal_value=-3.99676e-06 -0.00145423 0.00866699 0.0134307 -0.00417186 -0.00656557 -0.0038842 0.00713018 -0.00936851 -0.00696855 -0.00456132 -0.00757135 0.0145019 -0.00437887 -0.00115404 0.00584523 0.0113938 0.00980102 -0.0254039 0.0191169 0.0189808 0.0251946
internal_weight=191.033 175.274 35.9382 29.1756 139.335 113.362 101.1 21.2613 12.2389 79.8383 73.497 61.6943 15.7597 53.5993 46.3353 25.9734 19.2976 11.8028 12.2623 23.0341 13.0796 15.0352
internal_count=805 735 157 129 578 468 418 89 51 329 303 254 70 221 191 110 82 49 50 103 56 68
is_linear=0
shrinkage=0.03


end of trees

feature_importances:
Column_35=49
Column_34=36
Column_24=33
Column_29=30
Column_30=27
Column_33=27
Column_36=27
Column_15=26
Column_16=26
Column_19=26
Column_20=23
Column_25=23
Column_13=21
Column_27=20
Column_22=19
Column_26=19
Column_40=17
Column_37=16
Column_41=16
Column_28=15
Column_17=14
Column_23=12
Column_14=10
Column_21=9
Column_11=8
Column_31=7
Column_32=6
Column_0=5
Column_1=5
Column_2=5
Column_12=4
Column_3=3
Column_38=3
Column_6=2
Column_8=2
Column_39=2
Column_4=1
Column_7=1
Column_9=1

parameters:
[boosting: gbdt]
[objective: binary]
[metric: binary_logloss]
[tree_learner: serial]
[device_type: cpu]
[data_sample_strategy: bagging]
[data: ]
[valid: ]
[num_iterations: 350]
[learning_rate: 0.03]
[num_leaves: 96]
[num_threads: 2]
[seed: 42]
[deterministic: 0]
[force_col_wise: 1]
[force_row_wise: 0]
[histogram_pool_size: -1]
[max_depth: 10]
[min_data_in_leaf: 20]
[min_sum_hessian_in_leaf: 0.001]
[bagging_fraction: 0.85]
[pos_bagging_fraction: 1]
[neg_bagging_fraction: 1]
[bagging_freq: 0]
[bagging_seed: 400]
[bagging_by_query: 0]
[feature_fraction: 0.8]
[feature_fraction_bynode: 1]
[feature_fraction_seed: 30056]
[extra_trees: 0]
[extra_seed: 12879]
[early_stopping_round: 0]
[early_stopping_min_delta: 0]
[first_metric_only: 0]
[max_delta_step: 0]
[lambda_l1: 0.2]
[lambda_l2: 1.5]
[linear_lambda: 0]
[min_gain_to_split: 0]
[drop_rate: 0.1]
[max_drop: 50]
[skip_drop: 0.5]
[xgboost_dart_mode: 0]
[uniform_drop: 0]
[drop_seed: 17869]
[top_rate: 0.2]
[other_rate: 0.1]
[min_data_per_group: 100]
[max_cat_threshold: 32]
[cat_l2: 10]
[cat_smooth: 10]
[max_cat_to_onehot: 4]
[top_k: 20]
[monotone_constraints: ]
[monotone_constraints_method: basic]
[monotone_penalty: 0]
[feature_contri: ]
[forcedsplits_filename: ]
[refit_decay_rate: 0.9]
[cegb_tradeoff: 1]
[cegb_penalty_split: 0]
[cegb_penalty_feature_lazy: ]
[cegb_penalty_feature_coupled: ]
[path_smooth: 0]
[interaction_constraints: ]
[verbosity: -1]
[saved_feature_importance_type: 0]
[use_quantized_grad: 0]
[num_grad_quant_bins: 4]
[quant_train_renew_leaf: 0]
[stochastic_rounding: 1]
[linear_tree: 0]
[max_bin: 255]
[max_bin_by_feature: ]
[min_data_in_bin: 3]
[bin_construct_sample_cnt: 200000]
[data_random_seed: 175]
[is_enable_sparse: 1]
[enable_bundle: 1]
[use_missing: 1]
[zero_as_missing: 0]
[feature_pre_filter: 1]
[pre_partition: 0]
[two_round: 0]
[header: 0]
[label_column: ]
[weight_column: ]
[group_column: ]
[ignore_column: ]
[categorical_feature: ]
[forcedbins_filename: ]
[precise_float_parser: 0]
[parser_config_file: ]
[objective_seed: 16083]
[num_class: 1]
[is_unbalance: 0]
[scale_pos_weight: 1]
[sigmoid: 1]
[boost_from_average: 1]
[reg_sqrt: 0]
[alpha: 0.9]
[fair_c: 1]
[poisson_max_delta_step: 0.7]
[tweedie_variance_power: 1.5]
[lambdarank_truncation_level: 30]
[lambdarank_norm: 1]
[label_gain: ]
[lambdarank_position_bias_regularization: 0]
[eval_at: ]
[multi_error_top_k: 1]
[auc_mu_weights: ]
[num_machines: 1]
[local_listen_port: 12400]
[time_out: 120]
[machine_list_filename: ]
[machines: ]
[gpu_platform_id: -1]
[gpu_device_id: -1]
[gpu_device_id_list: ]
[gpu_use_dp: 0]
[num_gpu: 1]

end of parameters

pandas_categorical:null
