tree
version=v4
num_class=1
num_tree_per_iteration=1
label_index=0
max_feature_idx=42
objective=binary sigmoid:1
feature_names=Column_0 Column_1 Column_2 Column_3 Column_4 Column_5 Column_6 Column_7 Column_8 Column_9 Column_10 Column_11 Column_12 Column_13 Column_14 Column_15 Column_16 Column_17 Column_18 Column_19 Column_20 Column_21 Column_22 Column_23 Column_24 Column_25 Column_26 Column_27 Column_28 Column_29 Column_30 Column_31 Column_32 Column_33 Column_34 Column_35 Column_36 Column_37 Column_38 Column_39 Column_40 Column_41 Column_42
feature_infos=[-1.0383398142861873:8.7809550524025788] [-0.79611527907877966:8.3861909079220531] [-0.98442372893484298:10.141178105914936] [-1.0100844171433476:8.6071669724782502] [-0.92394478616294595:8.3072806400814923] [-0.99709810462546022:10.280261849307747] [-2.1297444255510984:5.074179792325852] [-1.0494978337294023:6.4350558833596416] [-2.2960071429413889:5.0476939276954944] [-2.7896402098341984:3.476539058035911] [-5.0695607491554879:1.3355870539351824] [-2.3375480680059617:3.9029000311044744] [-1.1457487669255231:2.8451543475805745] [-2.8077929374700084:3.5287676569904276] [-2.3304094397930464:3.9487601576906268] [-1.7423472310860475:1.6448063871942862] [-1.5300452079784916:1.344147038936218] [-3.2576950931776234:1.079232029333784] [-2.079979756986527:0.48077390976574236] [-2.2227486194241988:2.3184793809606417] [-1.8062260014056519:5.164951040091327] [-2.3400961780440563:3.7278823157868342] [-2.6262103520142057:4.0122240581144339] [-1.8343975375099209:2.8510094485638255] [-1.9962944972739016:4.4440798865164206] [-2.4003789557987845:3.9626962631354186] [-3.2546770653963253:4.1055802537873847] [-2.2588650097809007:2.9018275364808899] [-2.3219797871693282:5.0864171207020918] [-2.7268433453190428:4.3429670569241186] [-2.6104329472435688:4.6195450101662026] [-2.326442139247427:3.5336654110818544] [-2.1045884804863393:4.4989219064946253] [-3.1725926795132069:3.6316811924036396] [-2.6073696590317805:4.1394211235073453] [-2.5498374587125427:3.4478014784778104] [-2.847396169073138:4.1973305267366063] [-1.7616615028903093:2.5467035065949326] [-1.1192840630535721:3.0336599215851621] [-1.4495670838850199:3.0836896803042264] [7:701] [7:701] none
tree_sizes=3821 4116 3865

Tree=0
num_leaves=35
num_cat=0
split_feature=36 16 15 6 35 39 40 32 33 15 31 29 39 23 34 28 27 1 26 36 36 0 33 25 26 15 35 15 39 29 2 28 0 11
split_gain=11.7285 8.13843 6.48608 5.977 9.22142 9.04539 8.06546 6.77828 9.04449 6.22526 5.88023 5.71826 5.50989 5.49374 5.39231 4.67674 4.19349 3.93245 3.35523 7.0097 3.54774 3.19758 2.9504 2.90694 8.13663 4.03295 2.87809 2.34068 2.16822 2.08798 1.7344 0.736207 0.566544 0.327311
threshold=0.93914442992459957 -0.87681969731605747 0.6165633245020421 1.0000000180025095e-35 0.23604808311847944 -0.99624140746609513 430.00000000000006 -0.62449132478370906 1.1863952696835229 1.1004424128278043 0.066435110470362921 1.0000000180025095e-35 1.0000000180025095e-35 1.0000000180025095e-35 0.15881456180926101 -0.37727559885308054 -0.6342025415132998 -0.40914666119803028 0.31721251597223971 -0.08821154654765509 -0.44044788133814206 0.056021655960353217 0.2561234512573915 0.62208177319496227 -0.8734173444839487 -0.83507394047524375 -0.2238300503791045 -1.1979832567195652 1.0000000180025095e-35 0.20940855561259256 -0.27806807287333729 -0.2152169164933932 0.1529457797342014 -0.31938415460003022
decision_type=2 2 2 2 2 2 2 2 2 2 2 2 2 2 2 2 2 2 2 2 2 2 2 2 2 2 2 2 2 2 2 2 2 2
left_child=1 2 18 4 7 -6 14 8 15 10 17 -4 26 -8 22 28 -13 -5 19 20 29 -12 -7 25 -25 27 -2 -9 -3 -1 -14 -20 -11 -27
right_child=12 3 11 9 5 6 13 23 -10 32 21 16 30 -15 -16 -17 -18 -19 31 -21 -22 -23 -24 24 -26 33 -28 -29 -30 -31 -32 -33 -34 -35
leaf_value=-0.0099705872746407992 0.034016251693184896 -0.012846242310210563 0.004461350017585991 -0.0067327361794578336 0.037798427235736939 0.021936262112591053 0.0056370046072472552 0.038414883624402547 0.048442707624626657 -0.011786127911562787 0.015868781290736506 0.018243547693077313 0.054266566029470428 0.04087394910230778 -0.022902636761660027 0.024160914105690823 0.049502468833170957 0.022098948444970935 0.02248939437190673 -0.02384313207955711 0.027615705927962489 0.042661436889952518 -0.0022112722183439161 0.043253432487755372 0.0045281528748315324 0.038685456787868819 0.0099352861064657405 0.013524105416206821 0.015614805050723478 0.014814698988515868 0.030587402988623447 0.0090793235838529489 0.0090793235838529524 0.05785986623065327
leaf_weight=6.4993653893470782 7.2492921650409698 6.2493897974491155 9.2490969002246874 7.4992677569389325 9.4990724921226484 7.4992677569389361 5.7494386136531812 5.249487429857254 5.4994630217552176 6.9993165731430036 5.4994630217552176 7.2492921650409698 10.748950451612471 7.2492921650409698 7.249292165040969 9.4990724921226501 5.7494386136531812 6.9993165731430089 5.9994142055511475 9.4990724921226519 4.9995118379592887 8.4991701245307905 7.9992189407348633 9.4990724921226519 7.249292165040969 8.999121308326723 7.4992677569389325 5.2494874298572558 4.9995118379592896 7.2492921650409698 7.2492921650409725 5.2494874298572523 5.249487429857254 9.9990236759185773
leaf_count=26 29 25 37 30 38 30 23 21 22 28 22 29 43 29 29 38 23 28 24 38 20 34 32 38 29 36 30 21 20 29 29 21 21 40
internal_value=0.0197635 0.0172398 0.00813217 0.0208263 0.0242854 0.0138629 0.00687112 0.0308594 0.0188782 0.0111672 0.0194002 0.0208503 0.0361032 0.0250255 -0.00343402 0.00936693 0.0333021 0.00647501 0.00104419 -0.00429753 0.00839868 0.0323904 0.00898666 0.0375993 0.0262884 0.0432015 0.0216255 0.0262453 -0.00264393 0.000932182 0.0466032 0.0161812 -0.00542145 0.0511193
internal_weight=252.975 220.228 61.744 158.485 117.739 45.2456 35.7465 72.4929 26.2474 40.746 28.4972 22.2478 32.7468 12.9987 22.7478 20.748 12.9987 14.4986 39.4961 28.2472 18.7482 13.9986 15.4985 46.2455 16.7484 29.4971 14.7486 10.499 11.2489 13.7487 17.9982 11.2489 12.2488 18.9981
internal_count=1012 881 247 634 471 181 143 290 105 163 114 89 131 52 91 83 52 58 158 113 75 56 62 185 67 118 59 42 45 55 72 45 49 76
is_linear=0
shrinkage=1


Tree=1
num_leaves=38
num_cat=0
split_feature=26 31 32 41 6 25 26 29 29 27 17 23 16 34 29 6 27 21 20 27 16 17 15 20 31 15 27 29 40 26 22 36 15 25 40 2 20
split_gain=11.2671 7.88488 7.68355 8.52528 6.73088 6.14143 6.07236 6.03213 5.4649 5.45597 4.56694 7.69639 7.81584 6.34561 5.81855 5.0684 4.35623 3.96757 3.87452 3.73495 3.61664 3.57464 5.22904 3.32793 3.11152 2.95656 3.28069 2.04629 1.76875 1.62101 1.5877 1.28198 1.16989 0.428729 0.263505 0.20981 0.17977
threshold=0.31721251597223971 0.24549395228597987 1.0000000180025095e-35 313.00000000000006 -0.15696324895597985 1.0000000180025095e-35 1.8325596110982978 -0.33223014455926236 1.0000000180025095e-35 -0.4567184063244023 -0.72782093837930228 -0.84525606267213005 -0.87681969731605747 -1.1905435946985641 1.0000000180025095e-35 1.0000000180025095e-35 1.0000000180025095e-35 1.0508329802732062 -1.0000000180025095e-35 -0.6342025415132998 -0.61552949305108384 -0.72782093837930228 0.6165633245020421 0.37226682406215422 0.066435110470362921 -1.0770134846381245 1.0860283072406307 1.0000000180025095e-35 479.00000000000006 -0.22398287514420967 0.17437916475881401 1.0000000180025095e-35 -0.71410416839380331 0.62208177319496227 366.00000000000006 -0.15600661389387036 -0.20866459606259424
decision_type=2 2 2 2 2 2 2 2 2 2 2 2 2 2 2 2 2 2 2 2 2 2 2 2 2 2 2 2 2 2 2 2 2 2 2 2 2
left_child=2 8 3 5 -3 -1 21 -4 30 20 14 13 28 27 -5 25 -8 36 33 -16 -9 -6 34 24 -11 -14 29 -12 -13 -27 -2 -22 -7 -15 -23 -20 -10
right_child=1 4 7 10 6 32 16 9 17 23 11 12 15 18 19 -17 -18 -19 35 -21 31 22 -24 -25 -26 26 -28 -29 -30 -31 -32 -33 -34 -35 -36 -37 -38
leaf_value=-0.005226603541745427 -0.026511428166166234 -0.0067848697301467033 -0.032469399234993028 -0.035539355545950793 0.00081569069581522607 0.036676980351999129 0.016570651692752795 -0.036967595286497443 0.0076239319433963988 -0.0018441047111585264 -0.0075487626499139227 -0.023387248473479755 0 -0.038273885038394455 -0.017857418790711978 -0.0053978368506073593 -0.018137840253487428 -0.010501851844962651 -0.0086498299637180216 0.013936518448200198 0.0032694190319805003 0.017031891438288947 0.0071667187777747984 -0.01143638619647034 0.027512441467803451 0.038724038175481312 0.00099960085634264698 0.013401706494495264 0 0.014761434894967 -0.0055153681358333451 -0.015268755918521608 0.012158063526820863 -0.014888584185403989 0.039830172029616452 0 0.022679550310211655
leaf_weight=6.748330011963847 5.7487801313400295 9.2482201308011991 11.748098373413084 7.2492469698190716 5.2488634139299384 6.7476884573698053 4.9976468831300718 5.249145284295083 4.99828673899174 5.2489237934350985 5.9990162253379804 5.9992576688528043 5.4987197071313849 6.9994188696146011 4.9995504617691049 8.9989926517009717 4.9987803250551224 5.249282404780387 4.9990122467279434 5.2481742352247212 4.9990508705377579 4.9989462345838609 8.996693089604376 5.9988345950841895 5.2485655099153519 8.9974002093076724 5.249028503894805 7.7484754770994186 4.9991622865200043 8.7471610456705147 9.4978905916213971 5.2486139535903931 6.248580634593961 5.2491386830806732 17.494156584143639 4.9991248846054077 5.9985618293285361
leaf_count=27 23 37 47 29 21 27 20 21 20 21 24 24 22 28 20 36 20 21 20 21 20 20 36 24 21 36 21 31 20 35 38 21 25 21 70 20 24
internal_value=0 0.00861722 -0.00460022 -0.000617535 0.0152537 0.0166441 0.0198146 -0.0151629 -0.00315543 -0.00745915 -0.00421038 -0.001125 0.00652537 -0.01144 -0.0175271 0.0130624 -0.000365644 0.00838079 -0.0208985 -0.0013636 -0.0194916 0.0252614 0.0289319 0.00419331 0.0139382 0.0190712 0.0235372 0.00402276 -0.0141711 0.0292947 -0.0154558 -0.00645191 0.0277801 -0.0314063 0.036395 -0.00508598 0.0180531
internal_weight=252.943 87.4761 165.467 121.725 55.9833 19.7446 46.7351 43.7412 31.4928 31.9931 101.981 84.4839 48.4897 35.9942 17.497 37.4913 9.99643 16.2461 22.2467 10.2477 15.4968 36.7387 31.4898 16.4963 10.4975 28.4923 22.9936 13.7475 10.9984 17.7446 15.2467 10.2477 12.9963 12.2486 22.4931 9.99814 10.9968
internal_count=1012 350 662 487 224 79 187 175 126 128 408 338 194 144 70 150 40 65 89 41 62 147 126 66 42 114 92 55 44 71 61 41 52 49 90 40 44
is_linear=0
shrinkage=0.03


Tree=2
num_leaves=35
num_cat=0
split_feature=26 31 32 41 0 25 26 29 29 27 17 29 27 21 27 17 12 33 14 2 37 40 4 40 24 12 34 27 28 28 30 28 27 30
split_gain=10.6958 7.4815 7.29184 8.12654 6.39087 5.85739 5.76207 5.6969 5.20847 5.20109 4.33499 5.53101 4.15797 3.78875 3.56439 3.38174 4.54548 3.31437 3.27666 7.30784 3.69277 5.20349 4.43434 3.90021 3.97932 3.24983 2.60859 1.96698 6.75355 1.84149 1.74399 1.02906 0.758475 0.711303
threshold=0.31721251597223971 0.24549395228597987 1.0000000180025095e-35 313.00000000000006 -0.23827522895296763 1.0000000180025095e-35 1.8325596110982978 -0.33223014455926236 1.0000000180025095e-35 -0.4567184063244023 -0.72782093837930228 1.0000000180025095e-35 1.0000000180025095e-35 1.0508329802732062 -0.6342025415132998 -0.72782093837930228 -0.40894020333804398 0.54849459419131841 -0.083667735995655149 -0.42013960709533982 -0.46915200004473662 614.50000000000011 -0.28035935151632646 376.50000000000006 -0.38620090132632107 -0.41307399952089069 1.0000000180025095e-35 0.32148126334999472 0.72369449717781098 -1.0000000180025095e-35 -0.32728201332469387 1.0000000180025095e-35 -0.31564127322553509 -0.41788324086115713
decision_type=2 2 2 2 2 2 2 2 2 2 2 2 2 2 2 2 2 2 2 2 2 2 2 2 2 2 2 2 2 2 2 2 2 2
left_child=2 8 3 5 -3 -1 15 -4 25 17 11 -5 -8 29 -13 -6 -17 -9 20 -20 23 22 -22 -12 -25 -2 -11 30 -29 -10 -24 -7 -21 -18
right_child=1 4 7 10 6 31 12 9 13 26 18 14 -14 -15 -16 16 33 -19 19 32 21 -23 27 24 -26 -27 -28 28 -30 -31 -32 -33 -34 -35
leaf_value=-0.0050981244256112996 0.00092135625376680197 -0.0066095193460617109 -0.031611549926540597 -0.034660496783716833 0.00079666462200085315 0.034595372184584167 0.016193576635045698 -0.029842334309548659 0.0026114835184189761 -0.0086704049021124417 0.023702307977377386 -0.017444739061172988 -0.01771718915982742 -0.010256530681119157 0.013614232769358321 0.0079176142229645547 0.017867763417544522 -0.0014249812536704109 0.0099008986964304255 -0.029233924535150637 0.011363623586994914 0.020177021837856988 -0.0054680692235029808 -0.01253741945888223 0.016976044444741895 -0.025320301591444012 0.013428182702727633 0.017264629817584604 -0.023267487493526161 0.028030304622730328 -0.028948583415964107 0.010848218277114435 -0.0084886775711307018 0.040319224144120584
leaf_weight=6.7486418336629894 6.2489765137433997 9.2485574036836606 11.745629668235777 7.2481087893247631 5.2488150000572196 7.4929628223180753 4.9955572485923749 8.7473715394735354 5.4976508915424374 6.7488504350185421 10.494492202997209 4.9997665137052545 4.9995400011539459 5.2494666725397101 5.2467696666717503 9.2426821589469856 6.7435807138681403 6.7485133409500113 8.2488104701042193 8.4975268095731717 6.7465647906064978 5.4984726011753073 6.2476339489221564 7.9970873892307281 5.7473070770502073 8.9986263662576693 9.7451957613229734 5.7477190345525724 5.9989939332008362 5.4963015168905249 8.2473973929882067 5.4958689957857132 4.9985165148973456 15.482560217380533
leaf_count=27 25 37 47 29 21 30 20 35 22 27 42 20 20 21 21 37 27 27 33 34 27 22 25 32 23 36 39 23 24 22 33 22 20 62
internal_value=0 0.00838549 -0.00449393 -0.000612128 0.0148524 0.0162428 0.0192995 -0.0147847 -0.00307757 -0.00728809 -0.00412091 -0.0170968 -0.000345128 0.00818087 -0.00132249 0.0246078 0.0281804 -0.0190375 -0.00111227 -0.0107942 0.00232441 -0.00332541 -0.00812393 0.0111993 0 -0.0150881 0.00408367 -0.0136939 -0.00327278 0.0176392 -0.020665 0.0271249 -0.0235683 0.0353205
internal_weight=252.891 87.4523 165.438 121.703 55.9613 19.7375 46.7127 43.7356 31.491 31.9899 101.965 17.4946 9.9951 16.2434 10.2465 36.7176 31.4688 15.4959 84.4705 21.7449 62.7257 38.4868 32.9883 24.2389 13.7444 15.2476 16.494 26.2417 11.7467 10.994 14.495 12.9888 13.496 22.2261
internal_count=1012 350 662 487 224 79 187 175 126 128 408 70 40 65 41 147 126 62 338 87 251 154 132 97 55 61 66 105 47 44 58 52 54 89
is_linear=0
shrinkage=0.03


end of trees

feature_importances:
Column_27=10
Column_29=9
Column_15=7
Column_26=7
Column_28=5
Column_40=5
Column_17=4
Column_25=4
Column_31=4
Column_36=4
Column_0=3
Column_2=3
Column_6=3
Column_16=3
Column_20=3
Column_32=3
Column_33=3
Column_34=3
Column_39=3
Column_12=2
Column_21=2
Column_23=2
Column_30=2
Column_35=2
Column_41=2
Column_1=1
Column_4=1
Column_11=1
Column_14=1
Column_22=1
Column_24=1
Column_37=1

parameters:
[boosting: gbdt]
[objective: binary]
[metric: binary_logloss]
[tree_learner: serial]
[device_type: cpu]
[data_sample_strategy: bagging]
[data: ]
[valid: ]
[num_iterations: 350]
[learning_rate: 0.03]
[num_leaves: 96]
[num_threads: 2]
[seed: 42]
[deterministic: 0]
[force_col_wise: 1]
[force_row_wise: 0]
[histogram_pool_size: -1]
[max_depth: 10]
[min_data_in_leaf: 20]
[min_sum_hessian_in_leaf: 0.001]
[bagging_fraction: 0.85]
[pos_bagging_fraction: 1]
[neg_bagging_fraction: 1]
[bagging_freq: 0]
[bagging_seed: 400]
[bagging_by_query: 0]
[feature_fraction: 0.8]
[feature_fraction_bynode: 1]
[feature_fraction_seed: 30056]
[extra_trees: 0]
[extra_seed: 12879]
[early_stopping_round: 0]
[early_stopping_min_delta: 0]
[first_metric_only: 0]
[max_delta_step: 0]
[lambda_l1: 0.2]
[lambda_l2: 1.5]
[linear_lambda: 0]
[min_gain_to_split: 0]
[drop_rate: 0.1]
[max_drop: 50]
[skip_drop: 0.5]
[xgboost_dart_mode: 0]
[uniform_drop: 0]
[drop_seed: 17869]
[top_rate: 0.2]
[other_rate: 0.1]
[min_data_per_group: 100]
[max_cat_threshold: 32]
[cat_l2: 10]
[cat_smooth: 10]
[max_cat_to_onehot: 4]
[top_k: 20]
[monotone_constraints: ]
[monotone_constraints_method: basic]
[monotone_penalty: 0]
[feature_contri: ]
[forcedsplits_filename: ]
[refit_decay_rate: 0.9]
[cegb_tradeoff: 1]
[cegb_penalty_split: 0]
[cegb_penalty_feature_lazy: ]
[cegb_penalty_feature_coupled: ]
[path_smooth: 0]
[interaction_constraints: ]
[verbosity: -1]
[saved_feature_importance_type: 0]
[use_quantized_grad: 0]
[num_grad_quant_bins: 4]
[quant_train_renew_leaf: 0]
[stochastic_rounding: 1]
[linear_tree: 0]
[max_bin: 255]
[max_bin_by_feature: ]
[min_data_in_bin: 3]
[bin_construct_sample_cnt: 200000]
[data_random_seed: 175]
[is_enable_sparse: 1]
[enable_bundle: 1]
[use_missing: 1]
[zero_as_missing: 0]
[feature_pre_filter: 1]
[pre_partition: 0]
[two_round: 0]
[header: 0]
[label_column: ]
[weight_column: ]
[group_column: ]
[ignore_column: ]
[categorical_feature: ]
[forcedbins_filename: ]
[precise_float_parser: 0]
[parser_config_file: ]
[objective_seed: 16083]
[num_class: 1]
[is_unbalance: 0]
[scale_pos_weight: 1]
[sigmoid: 1]
[boost_from_average: 1]
[reg_sqrt: 0]
[alpha: 0.9]
[fair_c: 1]
[poisson_max_delta_step: 0.7]
[tweedie_variance_power: 1.5]
[lambdarank_truncation_level: 30]
[lambdarank_norm: 1]
[label_gain: ]
[lambdarank_position_bias_regularization: 0]
[eval_at: ]
[multi_error_top_k: 1]
[auc_mu_weights: ]
[num_machines: 1]
[local_listen_port: 12400]
[time_out: 120]
[machine_list_filename: ]
[machines: ]
[gpu_platform_id: -1]
[gpu_device_id: -1]
[gpu_device_id_list: ]
[gpu_use_dp: 0]
[num_gpu: 1]

end of parameters

pandas_categorical:null
