tree
version=v4
num_class=1
num_tree_per_iteration=1
label_index=0
max_feature_idx=62
objective=binary sigmoid:1
feature_names=Column_0 Column_1 Column_2 Column_3 Column_4 Column_5 Column_6 Column_7 Column_8 Column_9 Column_10 Column_11 Column_12 Column_13 Column_14 Column_15 Column_16 Column_17 Column_18 Column_19 Column_20 Column_21 Column_22 Column_23 Column_24 Column_25 Column_26 Column_27 Column_28 Column_29 Column_30 Column_31 Column_32 Column_33 Column_34 Column_35 Column_36 Column_37 Column_38 Column_39 Column_40 Column_41 Column_42 Column_43 Column_44 Column_45 Column_46 Column_47 Column_48 Column_49 Column_50 Column_51 Column_52 Column_53 Column_54 Column_55 Column_56 Column_57 Column_58 Column_59 Column_60 Column_61 Column_62
feature_infos=[-1.4432941197455691:6.0269326937432055] [-1.3659292426996448:6.8169276346131502] [-1.4117592629307123:6.0827421022336008] [-1.4373578478500859:5.950563090713441] [-1.5241125718540867:6.8107228328230294] [-1.4173580182221737:6.0092904661389248] [-2.1606535251199421:3.9200501646249384] [-1.5917663489986487:5.8164158297138524] [-2.3526246843396024:3.6552699444386509] [-2.5474124475580546:3.0258183942269778] [-4.9681303129703078:1.8243009569671857] [-2.1991184508108104:3.652693003858019] [-1.3774567731636158:2.1762631842085756] [-2.6029680830967106:2.9412453003723211] [-2.193665256336244:3.4230184843086611] [-2.6029680830967106:2.9412453003723211] [-5.4212280225052174:1.869840576772652] [-2.193665256336244:3.4230184843086611] [-5.4623664899510977:0.81549845971092039] [-1.7321813770866559:1.8206625925657229] [-1.4536498149897743:1.4717174206274579] [-2.0401406529091086:1.172267244101981] [-1.4516912231626242:0.68885172276609574] [-2.2400691107683555:2.7526289781397804] [-2.3425606318839671:4.2832385932462023] [-2.4075141211127793:3.7407153429832305] [-4.0055256261298506:3.8999030924034361] [-2.1895264284868303:2.5936687288989821] [-2.3310331384328262:3.7137883494252564] [-2.0376544486445209:3.4102799557866601] [-2.864384283952528:3.6100078185920146] [-2.724807098597072:2.7681107073859423] [-3.030852752340194:3.6676788989408347] [-3.2551573843681005:2.86811364423912] [-2.8592704946392868:3.5572132872900153] [-2.8678282023882082:3.4206252627222784] [-3.0121937651648718:3.9224112366130139] [-2.7660032373753243:2.9341291294190075] [-2.9646367490992973:3.6342187818352469] [-3.0304778773630328:3.077678670960363] [-2.781834308692301:4.1847633098482353] [-2.4842009762851283:2.2153948026746533] [-2.8452663989004598:3.1539780142193399] [-1.9198675563291654:2.5418584196751408] [-2.9744923848298876:3.3801802934475704] [-2.5294259836089541:2.9366938485866751] [-2.3686955585631444:2.9487478619752507] [-3.3657711195215247:3.2866116725418819] [-3.2568365682481217:2.6024301267859546] [-0.90755893579996638:4.7567275997507279] [-0.89728047505561681:4.8651342105667306] [-7.2856587272733426:8.9228253682171914] [-4.8843492223832605:4.3814836030151918] [-5.6654686769851645:4.6082954872595465] [-2.5404155718164332:2.7063997257024166] [-2.6432900552073852:3.1377776825051433] [-1.104351474315505:3.4154089498342928] [-0.98051207191755518:3.4423353922696962] [-1.1565957040493684:3.2703376704826574] [-3.0755828893363812:3.1814831731108151] [2:815] [2:815] [0:2]
tree_sizes=3470 3415 3395 3640 3071 3248 3206 3394 3393 3415 3526 3530 3429

Tree=0
num_leaves=32
num_cat=0
split_feature=42 54 39 29 56 19 32 39 12 61 37 2 4 24 32 12 29 42 12 26 19 12 26 0 36 13 16 37 45 40 32
split_gain=8.8866 9.2835 8.00683 6.3569 6.03563 5.57316 5.69891 5.03846 5.488 4.92872 4.84093 4.72316 8.315 4.26051 5.62787 4.24206 4.22568 4.08079 3.70573 3.57123 3.84016 3.53956 7.03737 4.91343 3.47533 2.66052 2.10836 1.31164 0.570928 0.454584 0.402171
threshold=0.49806251882776192 -0.75505451804835333 -0.83950868068181439 0.56524754458371029 1.1555287377593941 1.3531831228746205 0.35258925519461143 -0.60713315982168514 -1.0942109517782477 539.50000000000011 -0.16376889601269459 -0.29788577824563844 1.0000000180025095e-35 1.5224889161086319 1.0000000180025095e-35 0.123032399534897 -0.40327412731516649 1.5291826523327277 0.068607987980813398 -1.0728665853836312 1.0000000180025095e-35 0.12544607109140121 0.32970947758195179 -0.76148770422873635 -0.35392851448334878 -0.17087098970675271 -1.1395241628412134 -0.41160073804723069 0.34664587204712599 0.49063325685897757 0.67726298319037592
decision_type=2 2 2 2 2 2 2 2 2 2 2 2 2 2 2 2 2 2 2 2 2 2 2 2 2 2 2 2 2 2 2
left_child=1 3 16 11 5 6 7 -4 28 15 -6 19 -13 14 27 -10 -3 -15 -8 20 -1 26 -23 -24 -20 -5 -16 -2 -9 -21 -28
right_child=13 2 4 25 10 -7 18 8 9 -11 -12 12 -14 17 21 -17 -18 -19 24 29 -22 22 23 -25 -26 -27 30 -29 -30 -31 -32
leaf_value=0.042095791767252928 0.054682021419247974 0.044110990755073097 0.055188869323293865 0.025334387535173759 0.043120832313400553 0.06187034893345817 0.064599098110506042 0.0025809864300543467 0.049353850862736859 0.061843582998643891 0.077296991546927929 0.024020111342339698 0.071078802926425294 0.028307936324796744 0.057225973034753193 0.022536495050678368 0.011115614240367624 0.060073637109657546 0.057225973034753193 0.065183231173927478 0.070289741921350596 0.079037985050265547 0.061843582998643891 0.025334387535173749 0.026936451255676768 0.052608363070862488 0.093121765765878106 0.035984967200855963 0.029558076465409568 0.088749444661966007 0.069313804068996787
leaf_weight=6.4959277212619764 5.2467108517885208 6.7457710951566723 6.9956144690513602 5.2467108517885208 5.2467108517885208 9.494048207998274 9.4940482079982775 5.496554225683207 8.9943614602089017 4.9968674778938285 7.2454578429460508 5.4965542256832141 4.9968674778938293 5.4965542256832105 4.9968674778938285 13.741385564208029 9.494048207998274 5.9962409734725952 4.9968674778938293 5.4965542256832105 7.994987964630127 6.7457710951566723 4.9968674778938302 5.2467108517885181 5.746397599577902 4.9968674778938276 6.4959277212619799 4.9968674778938276 6.7457710951566696 6.2460843473672867 6.9956144690513611
leaf_count=26 21 27 28 21 21 38 38 22 36 20 29 22 20 22 20 55 38 24 20 22 32 27 20 21 23 20 26 20 27 25 28
internal_value=0.0500701 0.0462818 0.0413503 0.0571551 0.0451851 0.0419595 0.0388633 0.0332643 0.0292365 0.038074 0.063308 0.0629879 0.0467542 0.0599999 0.064053 0.032197 0.0228204 0.0445847 0.0518453 0.0695258 0.0577134 0.0695598 0.0581001 0.0428837 0.0406654 0.0377745 0.0783973 0.0454383 0.0131479 0.0811329 0.0843378
internal_weight=209.619 152.404 105.434 46.9706 89.1941 76.7019 67.2079 46.9706 39.9749 27.7326 12.4922 36.727 10.4934 57.2141 45.7213 22.7357 16.2398 11.4928 20.2373 26.2336 14.4909 35.4778 16.9893 10.2436 10.7433 10.2436 18.4884 10.2436 12.2423 11.7426 13.4915
internal_count=839 610 422 188 357 307 269 188 160 111 50 147 42 229 183 91 65 46 81 105 58 142 68 41 43 41 74 41 49 47 54
is_linear=0
shrinkage=1


Tree=1
num_leaves=31
num_cat=0
split_feature=42 54 42 61 56 29 54 47 46 43 61 12 55 24 32 42 60 19 12 33 19 12 26 0 49 12 58 0 46 37
split_gain=8.45589 8.82854 6.50149 7.6064 7.52517 6.05686 4.62645 6.27836 4.28147 5.42286 6.5378 6.04307 4.07991 4.06104 5.36712 3.8903 3.78865 3.6856 6.54447 3.56925 3.5342 3.37645 6.7021 4.6885 3.55082 3.23058 3.11224 1.86777 1.63718 0.852118
threshold=0.49806251882776192 -0.75505451804835333 -0.47056548537387249 192.50000000000003 1.1555287377593941 0.56524754458371029 -1.2887290040115242 -0.43242223703545851 0.80677662778782222 -0.71863363971262129 345.50000000000006 0.12474463158732357 0.14519478614111367 1.5224889161086319 1.0000000180025095e-35 1.5291826523327277 258.50000000000006 1.0000000180025095e-35 0.23001865132835611 0.74537968765528373 1.0000000180025095e-35 0.12544607109140121 0.32970947758195179 -0.76148770422873635 -0.40181906655436866 -1.1099516436501016 -0.71390236659616579 -0.026322525758412558 -0.46043187010376191 -0.16376889601269459
decision_type=2 2 2 2 2 2 2 2 2 2 2 2 2 2 2 2 2 2 2 2 2 2 2 2 2 2 2 2 2 2
left_child=1 5 19 -4 8 6 7 20 9 10 28 25 -13 14 16 -15 -2 18 -8 26 -1 24 -23 -24 -16 -11 -3 -7 -5 -28
right_child=13 2 3 4 -6 27 17 -9 -10 11 -12 12 -14 15 21 -17 -18 -19 -20 -21 -22 22 23 -25 -26 -27 29 -29 -30 -31
leaf_value=-0.0024839002108954095 -0.020145459051650362 -0.0054885308641288962 -0.02579291817712806 -0.0091837791758742678 0.023305827587007957 0.00016675555317685554 -0.014112027827018446 -0.021880540530550604 -0.021391333463050659 0.00019182687800742407 -0.036878886153723471 0.0081781468805293515 -0.021441505133904078 -0.021241985156847894 0.04039478721465424 0.0097657104683997829 0.011839257695346654 0.036203180295492729 0.027698302372382619 -0.0018916553793607823 0.026551244442983485 0.028278901111696991 0.011504829054363433 -0.024149671716251781 0.011205673061828212 0.030159513692426417 -0.015805089279816338 -0.022773186693370792 0.012020828106435734 -0.037839568518105764
leaf_weight=6.2446319758892077 5.2473479658365232 7.2461926490068462 9.7455959469079954 4.9974834471940985 9.7406463027000409 5.2466347068548203 4.9962358176708275 5.4952732920646623 8.4961143583059293 5.2462068647146145 4.9975000470876685 7.4953304976224882 6.2472697645425797 5.4988981783390027 8.9867319613695127 5.994590163230896 4.9971112608909607 8.240386024117468 5.4937658905982971 9.244917616248129 6.2417228519916534 6.7394689768552807 4.9952223896980295 5.2491576075553867 9.4867047220468539 9.2430238723755043 7.2462084889411953 4.9990649372339231 4.9975885152816693 10.496151536703108
leaf_count=25 21 29 39 20 39 21 20 22 34 21 20 30 25 22 36 24 20 33 22 37 25 27 20 21 38 37 29 20 20 42
internal_value=0 -0.00368942 -0.0084986 -0.00308568 0.000948318 0.00691426 0.012612 0.00109103 -0.00368778 0.000258581 -0.0134112 0.00803013 -0.00567803 0.00969371 0.0136532 -0.00534733 -0.0045134 0.0224748 0.00801004 -0.0189876 0.0128922 0.0190345 0.0078306 -0.0070045 0.0276729 0.0207201 -0.0246207 -0.0119941 0.00108176 -0.0310858
internal_weight=209.593 152.398 105.44 71.2068 61.4612 46.9577 36.712 17.9816 51.7205 43.2244 14.9926 28.2318 13.7426 57.1952 45.7017 11.4935 10.2445 18.7304 10.49 34.2335 12.4864 35.4573 16.9838 10.2444 18.4734 14.4892 24.9886 10.2457 9.99507 17.7424
internal_count=839 610 422 285 246 188 147 72 207 173 60 113 55 229 183 46 41 75 42 137 50 142 68 41 74 58 100 41 40 71
is_linear=0
shrinkage=0.03


Tree=2
num_leaves=31
num_cat=0
split_feature=42 43 25 56 16 53 4 12 45 45 25 56 24 32 20 60 28 12 26 3 40 25 14 20 28 16 47 19 32 55
split_gain=8.04242 6.15193 6.67643 6.14601 8.0883 8.00021 6.6938 6.69305 5.80311 7.74382 4.74926 4.12334 3.86462 5.10825 3.96258 3.61545 3.36623 3.20524 6.38483 4.47487 3.13977 2.63501 2.36884 2.22012 2.09238 2.01199 1.92053 1.89425 0.471481 0.433471
threshold=0.49806251882776192 -1.1476457527899582 1.3899217243582862 1.0000000180025095e-35 0.24786281467636742 0.32756041882425035 0.49013931760954993 0.093150584863457481 0.44990935153606004 0.12254105965422912 0.30494005422369591 -0.65237543190052505 1.5224889161086319 1.0000000180025095e-35 0.54091875474924767 258.50000000000006 0.33579987091632779 0.12544607109140121 0.32970947758195179 -0.7630634764732559 0.65563162150862186 1.7515822810698163 0.08087454210280734 -1.0000000180025095e-35 0.33579987091632779 -1.1395241628412134 -0.3124992717558352 0.60521597136885663 0.67726298319037592 -1.192724681869781
decision_type=2 2 2 2 2 2 2 2 2 2 2 2 2 2 2 2 2 2 2 2 2 2 2 2 2 2 2 2 2 2
left_child=1 11 3 4 5 6 -3 10 9 20 27 -1 13 15 -14 -2 -9 25 -19 -20 23 -4 29 -6 -7 -15 -25 -5 -27 -13
right_child=12 2 21 7 8 24 -8 16 -10 -11 -12 22 14 17 -16 -17 -18 18 19 -21 -22 -23 -24 26 -26 28 -28 -29 -30 -31
leaf_value=0.00036017914548648947 -0.019670133153189589 0.029865742761184075 0.031661166823869193 0.0095230989764040971 -0.030351026427755206 -0.0003454446096805905 -0.0034932144010975728 0.0046320085730245202 -0.03560931570300991 0.017045748361696495 -0.0023331767353813957 -0.039875154930168598 -0.020196023020033253 0.0065017353905068307 0.011099317554879591 0.011568919505355105 -0.021183494685758426 0.027615131828772715 0.011242801260692442 -0.023583205160131838 0 0.0043485867166329619 -0.0045214050884569016 -0.019850528058982641 -0.027563221060433612 0.041475476478575711 0.0026380866382288187 0.03360112068998139 0.018107149439740441 -0.015463078846844319
leaf_weight=7.7465253323316601 5.2491410672664625 10.238611057400709 5.4906208068132383 7.7432305663824144 11.493351593613625 4.9940742254257184 8.9919609874486905 7.4914806038141233 9.4969296008348447 6.4957729130983344 8.240849629044531 5.9981574714183843 5.9960060119628888 4.9920354187488547 5.4966152012348175 4.9955406188964844 7.7466895580291748 6.7306023985147503 4.993281066417695 5.2499981224536869 7.7420250922441474 7.9920248687267303 4.9961829334497443 5.2460942566394806 4.9971393048763275 6.4767313301563281 5.4975157678127324 8.4862898588180524 6.983130931854248 5.2476245015859586
leaf_count=31 21 41 22 31 46 20 36 30 38 26 33 24 24 20 22 20 31 27 20 21 31 32 20 21 20 26 22 34 28 21
internal_value=0 -0.00360384 -0.000871265 -0.00333132 -0.00835001 0.00373046 0.014854 0.00598466 -0.0160306 -0.00956963 0.0154348 -0.0170811 0.00945086 0.0133166 -0.0052131 -0.00439434 -0.00885572 0.0185713 0.00763809 -0.00682807 -0.0160646 0.0179279 -0.0250649 -0.0214777 -0.0163016 0.0269976 -0.00893964 0.0242293 0.032784 -0.0321149
internal_weight=209.536 152.373 128.385 114.902 75.1935 29.2218 19.2306 39.7085 45.9717 36.4748 24.4704 23.9885 57.1631 45.6705 11.4926 10.2447 15.2382 35.4258 16.9739 10.2433 29.979 13.4826 16.242 22.237 9.99121 18.4519 10.7436 16.2295 13.4599 11.2458
internal_count=839 610 514 460 301 117 77 159 184 146 98 96 229 183 46 41 61 142 68 41 120 54 65 89 40 74 43 65 54 45
is_linear=0
shrinkage=0.03


Tree=3
num_leaves=33
num_cat=0
split_feature=30 38 46 37 46 61 45 35 16 41 54 49 16 41 32 35 34 61 32 46 46 46 36 26 41 10 13 7 41 49 9 2
split_gain=7.82989 8.3727 6.15834 7.30225 5.94378 5.28493 5.03099 4.72648 4.71284 4.14517 8.12116 7.76257 5.5009 5.31153 5.76218 5.46465 4.09411 4.08563 3.94001 4.76446 3.72211 3.69485 3.51447 3.38041 3.29073 2.99053 2.86003 2.42769 2.25568 0.886085 0.641893 0.566137
threshold=-1.3057343333399525 -1.3738412193204337 0.42883646097644962 -0.90726442211630298 -1.5074856559987133 763.50000000000011 0.44990935153606004 -0.45725437409585501 -0.0034345632770816496 0.49220968372273355 -0.10297487477904463 -0.40181906655436866 0.74783336857559213 1.1188224542507046 0.35258925519461143 -1.0000000180025095e-35 0.43123400891420177 330.50000000000006 -0.75813665636984484 -0.30762571381173476 -0.1796432013980285 -1.1538073635672201 -1.0000000180025095e-35 0.32970947758195163 -0.56519936654321723 0.066231967847180995 -0.15106488154364564 -0.32436060038957693 0.49220968372273355 -0.40181906655436866 -0.91916630211485428 -0.64234954374073361
decision_type=2 2 2 2 2 2 2 2 2 2 2 2 2 2 2 2 2 2 2 2 2 2 2 2 2 2 2 2 2 2 2 2
left_child=1 21 4 6 -2 9 8 -5 -4 10 11 18 16 25 -15 -16 20 24 -6 -20 29 -1 -18 -3 -9 -11 31 -28 -26 -12 -10 -13
right_child=2 23 3 7 5 -7 -8 17 30 13 12 26 -14 14 15 -17 22 -19 19 -21 -22 -23 -24 -25 28 -27 27 -29 -30 -31 -32 -33
leaf_value=-0.013519711007650891 -0.020193768611795171 -0.04732292367092264 -0.0040868237164318096 0.0090010065868425249 -0.016049390789344479 -0.019097085819325177 -0.0098270108255302212 -0.039300743134763914 0.011476957270070681 0.012345434827770799 -0.013555513106308318 0.016098361178822164 0.018009450012292937 -0.019061990841348256 -0.0025420746674269033 0.03149369268329015 0.013410240205704253 -0.000581691114818475 0.025684565738955917 -0.0076515883646861562 -0.00012001069483674914 0.018082616951173597 -0.015376361765097123 -0.0094869998506503378 0.00061290463714807274 0.039916585919209324 -0.004389485270234833 0.019979748502210706 -0.022926291744654496 -0.040887917262036846 0.034998375191141629 0.040346532626807485
leaf_weight=4.9958325326442719 5.99218526482582 5.7456748187541944 5.9945884197950408 5.2430486232042304 7.9933657050132778 4.9910848885774604 9.7392102330923063 8.7469054013490695 4.9916780740022686 9.7318708002567309 4.9955471456050855 5.7394603043794614 5.2442851662635794 4.9904370605945614 7.7379327118396768 6.7302443981170628 7.2415865361690521 8.4891618937253934 5.9898544251918802 6.4940592199563953 5.4953346401453045 5.2451031506061572 5.2461133897304517 4.9917727559804916 5.7459584325552004 8.7298539429903013 4.9966067224740982 7.2382658571004868 6.4906090199947357 4.9983312487602234 5.2363373041152927 7.2353002130985278
leaf_count=20 24 23 24 21 32 20 39 35 20 39 20 23 21 20 31 27 29 34 24 26 22 21 21 20 23 35 20 29 26 20 21 29
internal_value=0 -0.0167417 0.00198228 -0.00574794 0.00572264 0.00727622 0.00594238 -0.0145401 0.0157785 0.00868144 0.00450529 0.0125861 -0.00649852 0.0167173 0.00477115 0.0143859 -0.0119788 -0.0191548 -0.000962645 0.0089536 -0.021578 0.00239737 0.000535906 -0.0335424 -0.0258619 0.0277032 0.0232521 0.0101982 -0.0125762 -0.0312996 0.0269667 0.0328145
internal_weight=209.468 20.9784 188.489 60.6775 127.812 121.82 25.9618 34.7157 16.2226 116.828 78.9081 45.6869 33.2212 37.9203 19.4586 14.4682 27.9769 29.4726 20.4773 12.4839 15.4892 10.2409 12.4877 10.7374 20.9835 18.4617 25.2096 12.2349 12.2366 9.99388 10.228 12.9748
internal_count=839 84 755 243 512 488 104 139 65 468 316 183 133 152 78 58 112 118 82 50 62 41 50 43 84 74 101 49 49 40 41 52
is_linear=0
shrinkage=0.03


Tree=4
num_leaves=28
num_cat=0
split_feature=42 54 39 30 23 59 16 33 41 44 55 45 30 29 24 32 42 17 60 12 33 49 11 32 43 54 36
split_gain=7.50182 8.211 7.32728 6.95461 6.27132 6.12288 5.52816 5.39675 6.05987 5.74398 6.05552 5.77057 5.37219 4.00386 3.6723 4.77022 3.70114 3.5753 3.44178 3.08551 4.72899 3.40286 2.58277 2.54591 2.11691 0.866347 0.379842
threshold=0.49806251882776192 -0.75505451804835333 -0.83950868068181439 -0.46646128301010475 -1.4911643974321349 0.99151005125429659 0.56008426902351072 0.74537968765528373 -0.7610158573332082 -1.3416945438835961 0.72786884649402839 -0.27797863473705614 -0.86611511650050843 -0.40327412731516649 1.5224889161086319 1.0000000180025095e-35 1.5291826523327277 0.5897850138005325 258.50000000000006 0.12544607109140121 -0.6833835523530678 -0.40181906655436866 -0.11818830829676624 -1.2366032028899183 -1.0000000180025095e-35 -1.2887290040115242 -0.12277501442408603
decision_type=2 2 2 2 2 2 2 2 2 2 2 2 2 2 2 2 2 2 2 2 2 2 2 2 2 2 2
left_child=1 3 13 4 -1 7 23 8 -4 -10 11 -11 -13 -3 15 18 -16 -8 -2 21 -21 -17 -6 -5 -7 -25 -9
right_child=14 2 5 6 22 24 17 26 9 10 -12 12 -14 -15 16 19 -18 -19 -20 20 -22 -23 -24 25 -26 -27 -28
leaf_value=-0.032063742172985174 -0.019119976861116265 -0.0052591799625040913 -0.028744996891521619 0.0024772669497540997 -0.0087792423486234457 0 -0.018417478869963224 0.0026991946100119518 -0.029584100646692899 0.022959692515587778 -0.02167416620533132 0.018069266127533287 -0.0097684880578556843 -0.037212841295519591 -0.020666513063653542 0.038680180085511197 0.0095723857175054761 0.012680185111248694 0.01135548308698122 -0.0086821492161518604 0.020578397939478688 0.01028163582520693 0.016650536034412498 0.011367746508172873 0.024923202044053638 0.034570655315535576 0.016693430187667779
leaf_weight=4.9947126954793957 5.2495599240064603 6.7462729811668423 12.24406188726425 4.9923975914716747 5.4953930228948602 5.7403930127620697 4.9916887432336789 4.9947797805070877 6.4956682622432629 8.735960289835921 9.493811219930647 6.7391674220561901 23.724348291754747 9.4959990233182889 5.4992692470550519 8.9481414556503278 5.9918516278266907 5.2371469885110855 4.9931528568267822 7.7376573830842998 9.2129888236522657 9.4684757143259066 5.7386972904205296 4.9906763583421734 5.9829160124063474 10.470220580697058 4.9952308684587461
leaf_count=20 21 27 49 20 22 23 20 20 26 35 38 27 95 38 22 36 24 21 20 31 37 38 23 20 24 42 20
internal_value=0 -0.003486 -0.00812591 0.00674275 -0.00841178 -0.00445696 0.0149634 -0.0076081 -0.010712 -0.00595072 -0.0018886 0.00337809 -0.00286352 -0.0258457 0.00912797 0.0129027 -0.00515241 -0.00239856 -0.00419993 0.0179879 0.00727635 0.026255 0.004171 0.0234901 0.0144024 0.0291024 0.0114846
internal_weight=209.401 152.3 105.389 46.9109 16.2288 89.1463 30.6821 77.423 67.433 55.189 48.6933 39.1995 30.4635 16.2423 57.1011 45.61 11.4911 10.2288 10.2427 35.3673 16.9506 18.4166 11.2341 20.4533 11.7233 15.4609 9.99001
internal_count=839 610 422 188 65 357 123 310 270 221 195 157 122 65 229 183 46 41 41 142 68 74 45 82 47 62 40
is_linear=0
shrinkage=0.03


Tree=5
num_leaves=30
num_cat=0
split_feature=30 57 54 34 23 40 12 45 12 16 16 14 44 16 52 47 30 35 53 5 54 16 34 54 34 23 12 34 24
split_gain=7.31361 7.37986 5.13538 10.7844 6.60456 5.34523 5.19057 6.97133 5.34666 5.02398 8.13496 4.5904 4.76233 4.4602 4.33193 7.05583 4.21792 3.26377 3.25241 3.11456 2.76131 2.6878 4.89001 2.67759 2.51778 2.48479 2.08345 1.57631 0.614594
threshold=-1.3057343333399525 1.0000000180025095e-35 -0.75505451804835333 -0.22686689179649588 -1.4911643974321349 -1.0126851766155591 0.12474463158732357 0.44990935153606004 0.19552029154418124 0.36809852102855362 -1.1656557040263207 -0.18250996879424217 0.82065935358581654 0.6293656127877818 1.0000000180025095e-35 0.066008372198654422 -0.22666898291586265 1.0000000180025095e-35 0.32756041882425035 -0.5464494975045705 0.29792338267871527 0.3954790606896128 -0.63817995474068179 0.60585692283448889 0.26670878373652734 0.58912647294625498 -1.0687485999333659 0.26670878373652723 -0.31801086864974865
decision_type=2 2 2 2 2 2 2 2 2 2 2 2 2 2 2 2 2 2 2 2 2 2 2 2 2 2 2 2 2
left_child=1 -1 4 13 16 20 7 17 24 10 -9 -6 26 21 -10 -16 -2 -7 -17 -15 -5 22 -4 -11 -8 -12 -13 -19 -3
right_child=2 28 3 5 11 6 8 9 14 23 25 12 -14 19 15 18 -18 27 -20 -21 -22 -23 -24 -25 -26 -27 -28 -29 -30
leaf_value=0.0045474624178241906 -0.023993129501092697 -0.038347795760128332 0.0057220865615513865 0.035411753156266067 0 0.0032671678975984002 -0.0057287277521782939 -0.018006095147059174 0.018748023536842476 -0.031125173450188094 0.0035744375092215735 0.013453876042756698 0 -0.01323863066714122 -0.024465443259415843 0.018034898571486862 0.006644269422693359 0.0096289503036400634 -0.0073022814589454388 0.013896158102136942 0.0062886002124782851 -0.03415358442305759 -0.02619782081218202 -0.00046556481545316524 -0.036450376830414917 0.032308986311549735 0.04118314010442143 0.034354323330443186 -0.015231807737756418
leaf_weight=8.4867307841777819 5.2431641966104499 5.9939793199300766 6.9935612976551038 5.2373548895120603 8.7301727235317248 9.4738773256540316 5.7438597530126554 6.2388627529144314 6.9785078763961819 4.9959155619144422 5.7313633263111132 6.7302645742893281 5.2325197905302039 6.2448994964361191 9.4869862794876116 8.2371605634689313 8.477801635861395 5.9837979376316062 6.9883113503456107 5.9867805540561658 7.7385560721158981 9.2386102527379972 7.4929051548242604 4.9872548878192902 4.9965539127588272 5.969078928232193 9.9626264423131925 9.2099395394325239 6.4885933697223646
leaf_count=34 21 24 28 21 35 38 23 25 28 20 23 27 21 25 38 33 34 24 28 24 31 37 30 20 20 24 40 37 26
internal_value=0 -0.016184 0.00191619 -0.000822473 0.0106674 0.00389615 0.00122189 0.00747753 -0.00638545 -0.0026302 0.00657532 0.018189 0.0251098 -0.0147437 0 -0.00591996 -0.00587968 0.0186432 0.00643478 0 0.0209092 -0.0219526 -0.0113217 -0.0183927 -0.0232263 0.0206937 0.0323641 0.0267162 -0.029684
internal_weight=209.3 20.9693 188.331 143.954 44.3765 107.997 95.0215 52.5901 42.4314 27.9225 17.9393 30.6556 21.9254 35.9568 31.691 24.7125 13.721 24.6676 15.2255 12.2317 12.9759 23.7251 14.4865 9.98317 10.7404 11.7004 16.6929 15.1937 12.4826
internal_count=839 84 755 577 178 433 381 211 170 112 72 123 88 144 127 99 55 99 61 49 52 95 58 40 43 47 67 61 50
is_linear=0
shrinkage=0.03


Tree=6
num_leaves=29
num_cat=0
split_feature=46 42 54 29 45 54 44 46 12 38 44 44 45 55 24 19 32 53 45 34 32 45 12 45 38 46 34 54
split_gain=7.05439 7.02386 7.84941 7.68939 6.47717 4.72909 4.5316 5.65112 8.11086 5.79748 6.67012 5.15946 4.63016 4.91612 4.41304 4.35004 4.33636 3.77867 3.64559 3.24535 3.14112 2.79408 5.1854 2.3018 2.23578 2.1224 2.12069 0.215094
threshold=-1.2849152611817207 0.49806251882776192 -0.75505451804835333 1.0495083805331487 -0.95412667506044035 -1.307793085932395 -1.3416945438835961 0.83200388402080094 0.12474463158732357 0.099117604548883839 -0.4591011163450604 0.82065935358581654 0.40107118370455924 -0.47029761573478446 1.5224889161086319 0.60521597136885663 1.0000000180025095e-35 1.0000000180025095e-35 -1.2536215330839686 -0.39139211697417003 -0.75813665636984484 0.43290207614043164 0.068607987980813398 -0.55149764272385404 -0.45078702302899459 0.059011857300595501 1.6651731977467599 -0.072482202564166667
decision_type=2 2 2 2 2 2 2 2 2 2 2 2 2 2 2 2 2 2 2 2 2 2 2 2 2 2 2 2
left_child=15 2 3 5 19 18 -6 8 12 10 -10 -9 13 -8 16 17 -3 -1 -2 -4 -7 -18 -23 -20 -14 -11 -16 -15
right_child=1 14 4 -5 6 20 7 11 9 25 -12 -13 24 27 26 -17 21 -19 23 -21 -22 22 -24 -25 -26 -27 -28 -29
leaf_value=0.0068475284809187843 0.01813372662478617 -0.0015171577095183723 -0.0359352057284337 -0.019239768983927139 -0.022282577520132681 0.0064295401395625829 -0.00036477254080330873 -0.026734470349670067 -0.012549296738772302 -0.033890500003402331 0.02215154866190111 0.0058619503820762043 0.010937377065649855 0.016216337633719786 -0.016638275973986573 -0.03702055207784568 0.029525057505159664 -0.02292549667938075 -0.020196852713314197 -0.0051157347625447281 0.033042769882742226 0.027152162921710573 -0.0041993649673045617 0.0041524674352220814 -0.013005635178300043 -0.0052709261340518898 0.0070366745813949406 0.037748033111115381
leaf_weight=7.7381210625171679 6.228767171502116 9.7377375215291959 7.7382369041442871 5.993526726961135 8.2408879697322828 7.9707233011722574 5.4842259734869012 10.49271208047867 9.2401469051837939 5.7462128251790983 7.7361530065536526 5.7417952716350547 5.4875054806470871 5.7368643879890433 5.4940099716186506 5.2410003691911689 15.391030207276346 4.9938638210296631 5.2382035851478586 6.23738746345043 11.436431348323822 6.9472211748361614 9.4705851972103101 5.7400552630424473 5.488367944955824 5.2454696744680405 4.9926735758781433 7.9706717878580138
leaf_count=31 25 39 31 24 33 32 22 42 37 23 31 23 22 23 22 21 62 20 21 25 46 28 38 23 22 21 20 32
internal_value=0 0.00173464 -0.00176237 0.00871274 -0.00650706 0.0140229 -0.00302808 -0.000417065 0.00393263 -0.00737474 0.00345382 -0.0153468 0.0144578 0.0228258 0.0109888 -0.0172122 0.0153078 -0.00559421 0.00182418 -0.0243971 0.0236449 0.020475 0.00989467 -0.00801606 -0.000678364 -0.0229859 -0.00539611 0.0316195
internal_weight=209.201 191.228 139.194 42.6077 96.5866 36.6142 82.611 74.3701 58.1356 27.968 16.9763 16.2345 30.1676 19.1918 52.0333 17.973 41.5466 12.732 17.207 13.9756 19.4072 31.8088 16.4178 10.9783 10.9759 10.9917 10.4867 13.7075
internal_count=839 767 558 171 387 147 331 298 233 112 68 65 121 77 209 72 167 51 69 56 78 128 66 44 44 44 42 55
is_linear=0
shrinkage=0.03


Tree=7
num_leaves=31
num_cat=0
split_feature=46 2 29 25 16 0 19 12 12 23 12 10 31 11 25 12 43 16 12 55 45 19 20 50 57 49 47 26 35 30
split_gain=6.72557 5.95725 7.39796 7.78952 6.71611 6.36544 6.24374 4.43739 5.04645 5.82271 5.72638 4.19366 4.03917 5.64377 6.88167 8.25882 4.47301 4.28461 3.96516 3.60569 3.11618 3.27714 3.06994 2.8918 2.72189 2.13244 1.38707 0.7705 0.539108 0.119463
threshold=-1.2849152611817207 0.41035747791250105 0.56524754458371029 -0.19234321125465792 -1.1395241628412134 -0.026322525758412558 1.0000000180025095e-35 -1.2098955907855509 -1.1334447454493297 0.25627993368571245 0.12474463158732357 -0.33356009132969427 0.68080194111239678 0.20876311662716127 0.30494005422369591 1.0051592296549858 0.25379381659600936 0.32777410203679896 -1.0878531863684506 0.90183986869555033 0.43707000660416845 -0.70372654376623034 -0.78879362507676698 -0.17697863935282329 1.0000000180025095e-35 -0.60411501425260761 1.2223327170059315 -0.81785275575352534 1.0000000180025095e-35 -1.0659420332457104
decision_type=2 2 2 2 2 2 2 2 2 2 2 2 2 2 2 2 2 2 2 2 2 2 2 2 2 2 2 2 2 2
left_child=11 2 6 29 22 -5 12 27 -9 24 -11 -1 13 17 19 -16 -14 -2 -6 -15 -20 -22 -3 -19 -10 -26 -24 -8 -27 -4
right_child=1 4 3 5 18 -7 7 8 9 10 -12 -13 16 14 15 -17 -18 23 20 -21 21 -23 26 -25 25 28 -28 -29 -30 -31
leaf_value=-0.00021531914116286693 -0.0010846059910637374 0.011560088198599983 -0.016062996591785887 0.015129865557550356 -0.00037268883557953669 -0.021452412645976728 0.010485923480525496 -0.016616776140726569 0 0.0096376847955247959 -0.025737774881507639 -0.029065576747769023 0.02748695025834523 0.023566901631764996 -0.030657902195384706 0.0099841428813289435 -0.0048287737042121259 -0.039535104388463145 0.042134271757754832 -0.0030842939762797043 -0.0029037770410908128 0.024652093868553458 -0.022457188900527631 -0.0076462865051220418 0.0037048590419044049 0.012751438461765881 -0.00011387395405503685 0.034276832915980666 0.034739856679847796 -0.03763971663783703
leaf_weight=8.4845400452613848 8.4720593988895434 5.7314557135105124 5.4853724241256714 8.974828898906706 5.9825740009546307 5.7382178455591193 4.9776294976472855 6.7285333871841422 6.2232270836830166 7.9570749849081022 5.7471975684165955 9.4874518811702711 5.4808629155158979 9.9505459815263801 8.7334325462579709 6.7179556787013999 7.2368638217449188 7.73936627805233 6.7175499945879009 6.4863134771585456 5.2324962615966824 8.7061303704976982 4.994372218847273 5.4894315004348737 5.2155697494745263 5.2275791764259347 4.9916029274463654 5.2201897054910642 8.2022301554679853 6.7355190664529818
leaf_count=34 34 23 22 36 24 23 20 27 25 32 23 38 22 40 35 27 29 31 27 26 21 35 20 22 21 21 20 21 33 27
internal_value=0 0.00168152 -0.00113593 -0.0149463 0.0114127 0 0.00201386 0.0093445 0.00475111 0.00911066 -0.00587877 -0.0168194 -0.00410443 -0.00776928 0.000225691 -0.0133137 0.0101067 -0.0190311 0.0202392 0.0133369 0.0261008 0.014642 -0.0036584 -0.0288362 0.0174629 0.0228202 -0.0132844 0.0260109 0.0287238 -0.0312071
internal_weight=209.068 191.096 148.74 26.9339 42.3562 14.713 121.806 55.4992 45.3014 38.5729 13.7043 17.972 66.3068 53.5891 31.8882 15.4514 12.7177 21.7009 26.6388 16.4369 20.6562 13.9386 15.7174 13.2288 24.8686 18.6454 9.98598 10.1978 13.4298 12.2209
internal_count=839 767 597 108 170 59 489 223 182 155 55 72 266 215 128 62 51 87 107 66 83 56 63 53 100 75 40 41 54 49
is_linear=0
shrinkage=0.03


Tree=8
num_leaves=31
num_cat=0
split_feature=42 54 39 30 59 23 16 44 46 12 38 44 12 34 45 51 45 46 20 43 46 38 20 47 54 32 14 16 16 54
split_gain=6.57646 7.03532 6.62576 5.96629 5.6811 5.67927 5.09399 4.85479 6.34587 5.28266 6.00717 5.82783 5.69416 3.70081 4.8456 3.5366 3.40035 3.34919 3.47768 4.80634 3.04833 2.72768 2.60713 2.35678 2.32258 2.32081 2.26494 1.92964 1.91917 0.765842
threshold=0.49806251882776192 -0.75505451804835333 -0.83950868068181439 -0.46646128301010475 0.99151005125429659 -1.4911643974321349 0.56008426902351072 -1.3416945438835961 0.83200388402080094 0.12474463158732357 0.099117604548883839 -0.4591011163450604 -1.0525719223251102 -0.062341666618821533 0.81756507011698243 -0.21600077072959895 -0.66076837087863149 -1.2724777391925224 1.0000000180025095e-35 0.56840269951938993 -0.12350853726091339 0.72758003606645982 0.54091875474924767 -1.0319903208848611 0.044236368477634118 -1.2366032028899183 -0.12974090260167506 0.4367607722177676 -0.81872531958615358 -1.2887290040115242
decision_type=2 2 2 2 2 2 2 2 2 2 2 2 2 2 2 2 2 2 2 2 2 2 2 2 2 2 2 2 2 2
left_child=1 3 21 5 7 -1 25 -4 9 12 11 -11 13 -9 -15 -2 -8 -17 19 20 -19 -3 -6 -10 -14 -5 -7 28 -20 -27
right_child=15 2 4 6 22 26 16 8 23 10 -12 -13 24 14 -16 17 -18 18 27 -21 -22 -23 -24 -25 -26 29 -28 -29 -30 -31
leaf_value=-0.030360986542939353 -0.01128057089919092 -0.031930804820780041 -0.025781092167424455 0.0020465249439156584 0 -0.00798448099553495 0.011983378915097775 -0.018843476394569705 -0.0031311336595371323 -0.012747124673195068 -0.026734261348370276 0.021100077876737015 0.0044909225787789437 0.024410596686375574 -0.010928278831015254 -0.0094561160493109898 -0.01835584113798934 0.024382631157388354 0.0064410388474551621 -0.012800309914608541 -0.00090166967447131042 -0.0031963929176916802 0.026681860978884503 -0.030073013223612569 0.032765241665793941 0.010632241533290853 0.015827653512189521 0.0041980773277396806 0.032443217289931922 0.0326005967614117
leaf_weight=4.9873862415552166 5.7191381305456153 11.220296844840052 9.4868602454662305 4.9870032668113735 6.2268976420164091 5.4956452399492273 5.2225347459316254 5.9872917383909217 5.4945169091224662 8.7389620393514615 8.9882585704326612 6.7257932722568539 5.2326443642377871 5.7290497422218341 5.2402490228414536 4.9891122281551352 4.9850544780492765 8.701415553689003 4.9797404557466534 7.7104933410882941 6.4711114913225183 4.9933639317750922 5.4752058833837509 8.2343504279851896 7.4566262364387512 4.9811568558216122 5.7188032120466206 5.9523993432521811 12.416366606950762 10.404705181717871
leaf_count=20 23 45 38 20 25 22 21 24 22 35 36 27 21 23 21 20 20 35 20 31 26 20 22 33 30 20 23 24 50 42
internal_value=0 -0.00328015 -0.00757784 0.00619776 -0.00408611 -0.00782763 0.0138341 -0.0071284 -0.0039316 0.000756724 -0.00914531 0.0021838 0.00916402 -0.00207408 0.00776356 0.00854502 -0.00277426 0.0111305 0.0137051 0.00457912 0.014128 -0.0244402 0.0140857 -0.0210549 0.023236 0.0220495 0.0041213 0.0215914 0.0264196 0.02742
internal_weight=208.952 152.013 105.23 46.7823 89.0167 16.2018 30.5805 77.3146 67.8277 54.0989 24.453 15.4648 29.6459 16.9566 10.9693 56.9398 10.2076 51.2206 46.2315 22.883 15.1725 16.2137 11.7021 13.7289 12.6893 20.3729 11.2144 23.3485 17.3961 15.3859
internal_count=839 610 422 188 357 65 123 310 272 217 98 62 119 68 44 229 41 206 186 92 61 65 47 55 51 82 45 94 70 62
is_linear=0
shrinkage=0.03


Tree=9
num_leaves=31
num_cat=0
split_feature=46 42 54 39 29 43 46 44 42 19 20 54 39 16 28 61 46 49 15 44 24 54 29 37 25 46 26 48 39 54
split_gain=6.35242 6.81491 7.43579 6.05564 5.82198 4.95592 6.31968 4.92664 3.96349 4.33272 5.63991 3.87467 6.42335 6.01183 3.74296 3.64609 4.87341 7.78725 3.59724 3.57507 4.79452 3.42699 3.31521 2.65275 3.30098 2.23873 1.92474 1.36073 1.3575 0.428164
threshold=-1.4374531931033736 0.49806251882776192 -0.75505451804835333 -0.83950868068181439 1.0495083805331487 -1.5337566545595618 0.42883646097644962 -1.3416945438835961 -0.47056548537387249 0.60521597136885663 -0.52285114911156405 -1.307793085932395 -1.2821287204153935 0.71834214503193017 -0.37535559824344661 198.00000000000003 -0.12350853726091339 -0.19952311885612961 0.1764803939346998 -0.19432308808349966 0.78628900220527964 -0.32082610016942287 -0.40327412731516649 -0.16376889601269459 -0.41838105919936419 0.41490962930948122 -0.18031818167826036 -0.66588758122431757 0.88670947427914493 -1.0291961285606863
decision_type=2 2 2 2 2 2 2 2 2 2 2 2 2 2 2 2 2 2 2 2 2 2 2 2 2 2 2 2 2 2
left_child=26 2 4 22 11 -5 7 -7 18 10 -10 12 -2 29 -11 -3 19 25 -9 -17 -21 -8 -4 24 -23 -18 -1 -14 -27 -13
right_child=1 15 3 5 -6 6 21 8 9 14 -12 13 27 -15 -16 16 17 -19 -20 20 -22 23 -24 -25 -26 28 -28 -29 -30 -31
leaf_value=-0.0036711852557587128 0.019792038593538758 0.03070730490406617 -0.004371354524270378 -0.025323390412672203 -0.016028597416351539 -0.017095222501367132 -0.031626479177941848 0.0067516264565367651 -0.012473241836808308 0.0033768025554209045 0.016746772407175928 0.037815476011103404 -0.00020727965984346716 -0.0054277361852139803 0.035859100373919865 0.028376166907470402 0.00089966551026100761 0.017858860393613424 -0.022298180481439521 0.019503566202915337 -0.014247695913264314 -0.011517847890085482 -0.033679976294966454 -0.019151684652045566 0.017281208762963293 -0.030479556218157278 -0.030655573528688921 -0.022407403593535404 -0.0058214874312967589 0.017106497481398926
leaf_weight=4.988025963306427 8.2086831629276293 5.6938329041004172 6.7418327629566184 6.7368645370006552 6.2376340627670279 6.4896792918443671 5.485279098153117 7.7285682559013278 9.226314216852181 5.7216195315122595 11.697556972503676 7.1713118553161621 4.9825618267059326 4.9778915494680396 8.9275806546211225 10.420661091804506 4.9665405601263055 9.2073547840118408 4.9919041246175766 6.6901185065507871 5.4749069511890411 5.4876152127981221 8.960581496357916 6.2328299731016132 5.735150620341301 5.7345082312822324 5.9873456656932813 4.9905534535646421 4.9684772044420242 7.920747250318529
leaf_count=20 33 23 27 27 25 26 22 31 37 23 47 29 20 20 36 42 20 37 20 27 22 22 36 25 23 23 24 20 20 32
internal_value=0 0.00127825 -0.00207753 -0.00661883 0.0078987 -0.00317066 -0.000731691 0.00473496 0.00821561 0.0132585 0.00362224 0.012409 0.0016957 0.0210434 0.0250359 0.0103264 0.00689304 -0.00208978 -0.00537604 0.0165502 0.00397805 -0.0135211 -0.0229235 -0.0054626 0.00302999 -0.0146971 -0.0207888 -0.0133164 -0.0216472 0.0298375
internal_weight=208.785 197.809 144.653 100.163 44.4894 84.461 77.7241 54.7832 48.2935 35.5731 20.9239 38.2517 18.1818 20.07 14.6492 53.1564 47.4626 24.8769 12.7205 22.5857 12.165 22.9409 15.7024 17.4556 11.2228 15.6695 10.9754 9.97312 10.703 15.0921
internal_count=839 795 581 402 179 339 312 220 194 143 84 154 73 81 59 214 191 100 51 91 49 92 63 70 45 63 44 40 43 61
is_linear=0
shrinkage=0.03


Tree=10
num_leaves=32
num_cat=0
split_feature=30 38 42 19 55 49 47 55 46 27 26 34 40 50 34 11 29 41 12 56 28 49 46 46 26 43 44 32 45 18 29
split_gain=6.16197 8.11083 5.09123 4.84877 6.42058 8.19139 8.0279 6.38406 6.09694 6.00831 9.34811 4.73157 4.37736 4.52975 4.03191 5.74678 4.6232 4.39199 4.1455 3.44929 3.6193 3.34866 3.23331 3.17661 2.98781 2.66434 3.58162 2.42856 2.33078 2.24859 2.16434
threshold=-1.3057343333399525 -1.3738412193204337 0.49806251882776192 1.0000000180025095e-35 -0.084621280814285341 -0.60411501425260761 -0.13869944620928218 0.55795440127896367 -0.49598621753803129 -0.43568820411203241 -0.43533201130836641 -1.0494930176848674 1.0000000180025095e-35 1.0000000180025095e-35 0.84254707185838773 -0.6906248503416238 -0.40327412731516649 1.1188224542507046 0.073709575283398374 1.0000000180025095e-35 0.33579987091632779 -0.40181906655436866 -1.1538073635672201 -0.47701600334937905 0.32970947758195163 0.25379381659600936 -0.19432308808349966 0.19879643667030206 -0.70236707016907129 0.63790034989782296 -0.76646975427724506
decision_type=2 2 2 2 2 2 2 2 2 2 2 2 2 2 2 2 2 2 2 2 2 2 2 2 2 2 2 2 2 2 2
left_child=1 22 3 4 8 6 -6 -7 -2 11 12 -5 -11 -14 17 25 -17 30 -19 20 -12 -10 -1 -21 -3 26 -16 -23 -13 -9 -4
right_child=2 24 14 9 5 7 -8 29 21 10 19 28 13 -15 15 16 -18 18 -20 23 -22 27 -24 -25 -26 -27 -28 -29 -30 -31 -32
leaf_value=-0.011252713139731668 -0.021276371384216196 -0.044492455584561157 0.008647179642064521 -0.03040666914585001 0.025295459198781182 -0.03857578008428738 -0.017990126187691659 -0.018089056369497925 -0.00136875244064461 0.038866750023868968 0.0014214317895642743 -0.012573479625930303 -0.0098021726880880237 0.024303773535267956 0.015815058606874662 0.0038931491248059089 -0.032205357479809668 0.019321310533960422 -0.013655968078116271 0.022158277631491495 -0.026375618582845112 0.031588595160704759 0.018309422309037503 -0.0039324642030194312 -0.0088072589810219253 0.025275493097514656 -0.01460696589874449 0.0026534501801951786 0.0089514650806409822 0.0025399802457092093 0.037328825728983529
leaf_weight=4.9833313077688217 4.9830201566219356 5.7244352996349317 5.4412753731012335 4.9781297743320492 6.7144515961408615 11.953688666224481 5.7261290550231916 8.71946729719639 9.2239418327808433 9.1650560796260852 8.4647230654954928 6.2126867324113855 4.9726810008287412 6.1986746788024902 5.9574856013059643 5.225262776017189 4.9787172079086286 5.1857022643089277 5.4690522849559784 6.4418066143989563 5.9853190779685965 6.7121222615241951 5.2309652268886584 7.4589185267686826 4.9779637008905411 6.2167681008577338 4.9786570072174099 4.9791147261857986 9.4621864706277812 7.4622595012187949 8.4122135937213915
leaf_count=20 20 23 22 20 27 48 23 35 37 37 34 25 20 25 24 21 20 21 22 26 24 27 21 30 20 25 20 20 38 30 34
internal_value=-8.3275e-06 -0.0149086 0.00172562 -0.00130704 -0.00705129 -0.0143382 0.00514967 -0.0229821 0.00430641 0.0041478 0.00987617 -0.00883971 0.0246458 0.00928555 0.0095929 0.00124356 -0.0150775 0.0180728 0.00230423 -0.00122341 -0.0111138 0.0116851 0.00378042 0.00874934 -0.031509 0.0117061 0.00139167 0.0214234 0 -0.00882813 0.0283997
internal_weight=208.596 20.9167 187.68 135.814 66.4742 40.576 12.4406 28.1354 25.8982 69.3402 48.6872 20.653 20.3364 11.1714 51.8651 27.3569 10.204 24.5082 10.6548 28.3508 14.45 20.9152 10.2143 13.9007 10.7024 17.1529 10.9361 11.6912 15.6749 16.1817 13.8535
internal_count=839 84 755 546 267 163 50 113 104 279 196 83 82 45 209 110 41 99 43 114 58 84 41 56 43 69 44 47 63 65 56
is_linear=0
shrinkage=0.03


Tree=11
num_leaves=32
num_cat=0
split_feature=46 2 43 59 30 30 43 14 46 52 49 38 48 55 28 46 58 1 46 48 12 27 12 23 43 46 55 38 25 34 40
split_gain=5.97648 5.8519 5.56851 7.0492 6.81656 5.34589 4.10432 3.99933 4.8398 4.76643 7.43284 5.77896 4.64581 3.81133 3.78156 4.52981 3.66962 3.60137 3.58267 3.52176 3.13431 2.97752 2.91776 6.60109 5.84676 2.11132 2.10897 1.97056 1.89016 0.709264 0.59153
threshold=-1.4374531931033736 0.41035747791250105 0.25379381659600936 1.0000000180025095e-35 -0.22666898291586265 -1.3057343333399525 -1.5337566545595618 -0.50012120772953172 -0.79782893425852597 1.0000000180025095e-35 -0.40181906655436866 0.51809255889393446 -0.22271449921920741 -0.41411351399980895 0.57285169396958613 -0.37859239667865069 -0.71390236659616579 -0.10809144568027906 -0.24674482956094204 -0.37573265281080237 -1.0963176691264749 0.12235123091631225 0.060129705362399165 -0.40941314483537239 0.99741481259672726 0.16736298268624389 0.42670698993684292 -1.1690298019062237 1.0000000180025095e-35 0.34897139632536461 0.39896749872028631
decision_type=2 2 2 2 2 2 2 2 2 2 2 2 2 2 2 2 2 2 2 2 2 2 2 2 2 2 2 2 2 2 2
left_child=28 5 3 4 -3 27 -5 17 13 10 11 21 19 -9 15 -14 -12 -7 29 22 -18 -10 24 -24 -11 -17 -4 -2 -1 -8 -22
right_child=1 2 26 6 -6 7 18 8 9 12 16 -13 14 -15 -16 25 20 -19 -20 -21 30 -23 23 -25 -26 -27 -28 -29 -30 -31 -32
leaf_value=-0.031346554639859921 -0.0045658248716127755 0.0062905262775681675 0.039033465743243942 -0.0086980204613321104 -0.036170668455102542 -0.025581599553731273 0.010943934113244614 4.8782444696756891e-05 -0.0039769614740061618 -0.011500194952741561 -0.00030735280223497229 0.012802420840387187 -0.0096144723096267364 0.032656680139717419 -0.012966120019107002 0.031041855888534829 0.0050202707541111575 0.0029307228109787904 0 -0.028604532649302638 0.014128945358796444 -0.032168771520815882 0.0049200938542150992 -0.02905565157074487 0.022689579306880744 0.0044149535087184581 0.0088998213577581482 -0.031328571485347692 -0.0047805787941798492 0.033422464649433402 0.038638531941706515
leaf_weight=5.2343143969774228 5.724013164639473 5.9657155871391296 5.7053575813770276 4.9791798591613761 4.9933231920003873 8.2168121933937055 4.9695999324321747 6.2079422324895859 8.9270975291728991 9.1941749006509692 7.4657530635595348 7.9373152256011954 4.9622012823820159 6.1913429498672468 6.2090162932872763 6.7041381746530604 7.1799423694610658 5.7069043517112723 6.2157182842493102 7.4659429341554633 4.9489122480153984 5.2326789796352378 8.1902320981025607 9.9663453549146741 6.2185303270816794 5.7215882837772369 5.4488888084888458 5.4625316709279996 5.7295785546302795 7.9229512810707092 7.4189433455467224
leaf_count=21 23 24 23 20 20 33 20 25 36 37 30 32 20 25 25 27 29 23 25 30 20 21 33 40 25 23 22 22 23 32 30
internal_value=-1.11203e-05 0.00122303 0.0104055 0.00386517 -0.0146002 -0.00161718 0.0128642 2.88367e-05 0.00181392 -0.000173697 0.00670455 -0.00581553 -0.00552437 0.0185297 0.00472041 0.0118819 0.0169236 -0.0143578 0.0189981 -0.0115153 0.0233424 -0.0168617 -0.0064826 -0.0142184 0.00272843 0.0210082 0.0275871 -0.0202663 -0.0201911 0.0272183 0.0318529
internal_weight=208.417 197.453 46.2007 35.0465 10.959 151.252 24.0874 140.066 126.142 113.743 49.1106 22.0971 64.6322 12.3993 23.5969 17.3879 27.0136 13.9237 19.1083 41.0352 19.5478 14.1598 33.5693 18.1566 15.4127 12.4257 11.1542 11.1865 10.9639 12.8926 12.3679
internal_count=839 795 186 141 44 609 97 564 508 458 198 89 260 50 95 70 109 56 77 165 79 57 135 73 62 50 45 45 44 52 50
is_linear=0
shrinkage=0.03


Tree=12
num_leaves=31
num_cat=0
split_feature=46 42 34 2 14 27 30 19 56 30 46 37 54 12 53 45 45 44 27 59 26 45 18 38 16 50 56 26 11 45
split_gain=5.78459 5.55668 11.0299 6.48684 6.3002 4.53371 4.71826 4.08005 4.05384 3.98056 4.86333 3.87738 3.82095 3.53085 3.49661 3.49028 4.44655 3.43363 3.42142 3.15964 3.1236 2.8216 2.71373 3.02187 2.17207 3.29138 1.98688 1.93678 2.48313 1.84232
threshold=-1.2849152611817207 -0.47056548537387249 -0.63817995474068179 -0.84194537047620921 1.0445688060937128 1.1587101816832386 0.37281176731974347 0.60521597136885663 -1.0000000180025095e-35 -1.3057343333399525 0.42298815770713566 -0.90726442211630298 -0.1403180806960595 0.1444737574488297 1.0000000180025095e-35 -1.2536215330839686 -0.74352761436823078 -0.4591011163450604 -0.75456788127108643 -1.0000000180025095e-35 -1.0728665853836312 0.099840972700642169 0.7199682646186969 -0.55553076161525727 0.34496239974506054 -0.17697863935282329 -0.65237543190052505 0.64847676461958448 -0.074512784805901414 0.47026214756150914
decision_type=2 2 2 2 2 2 2 2 2 2 2 2 2 2 2 2 2 2 2 2 2 2 2 2 2 2 2 2 2 2
left_child=7 2 3 -2 5 6 9 14 -7 21 12 29 24 18 -1 -5 -17 -15 -14 -6 -18 -3 23 -4 -11 -26 -12 28 -13 -8
right_child=1 4 22 15 19 8 11 -9 -10 10 26 27 13 17 -16 16 20 -19 -20 -21 -22 -23 -24 -25 25 -27 -28 -29 -30 -31
leaf_value=0.0073753096408581166 0.025974609513808432 -0.021093355165125734 -0.0057715889558377894 0.016236572975141313 0.0036812769805801438 0.0061393564292330817 0.018179721532989038 -0.034778610825821357 0.039003111535620624 0.03893130175541016 0.0054052191306342588 0.0097962459957546596 -0.0034489104635624015 -0.019348553934340366 -0.021264446023498591 -0.02816650522478336 -0.012218850148867724 0.0090752085169483396 0.022509993293020242 -0.022487462275582348 0.01352797225029807 0.0068754765319380545 -0.0003027374231431488 -0.032389399521162536 -0.0024744974719060437 0.02803289127673942 -0.016083260663996374 -0.024377166901680875 -0.015488802735176404 -0.0038791206350638572
leaf_weight=7.7208379209041613 8.43265153467655 4.9716283828020078 6.967188209295279 5.1978597939014426 5.7001526802778253 8.4188222438096982 5.680945962667467 5.2251181602478018 5.9273165166378012 7.4238476157188371 6.9504925310611725 4.9380310773849514 5.209501788020126 5.2274219542741776 4.9863911122083664 5.4671007543802288 6.7200770974159258 7.2130887955427152 15.804017394781129 8.954510942101475 7.2002193778753281 4.9745466560125351 5.7115675806999198 13.680288329720495 5.2079876214265832 4.94823285937309 5.4746320694684965 6.9643940180540076 5.9712338447570792 4.979323223233223
leaf_count=31 34 20 28 21 23 34 23 21 24 30 28 20 21 21 20 22 27 29 64 36 29 20 23 55 21 20 22 28 24 20
internal_value=-9.50588e-06 0.0015422 -0.00592947 0.00543963 0.00500443 0.007398 0.00491876 -0.0156344 0.0225029 0.00892285 0.0117052 -0.00511343 0.0157395 0.00884819 -0.00449933 -0.00246239 -0.00856892 -0.00323466 0.016007 -0.0125406 0.000729975 -0.00751279 -0.0199121 -0.0246777 0.0268123 0.013569 -0.00434453 -0.0133681 -0.00375944 0.00817527
internal_weight=208.249 190.317 59.377 33.0179 130.94 116.285 101.939 17.9323 14.3461 73.4054 63.4592 28.5339 51.0341 33.454 12.7072 24.5853 19.3874 12.4405 21.0135 14.6547 13.9203 9.94618 26.359 20.6475 17.5801 10.1562 12.4251 17.8737 10.9093 10.6603
internal_count=839 767 239 133 528 469 411 72 58 296 256 115 206 135 51 99 78 50 85 59 56 40 106 83 71 41 50 72 44 43
is_linear=0
shrinkage=0.03


end of trees

feature_importances:
Column_46=28
Column_12=27
Column_54=20
Column_45=19
Column_16=17
Column_32=14
Column_42=14
Column_30=12
Column_34=12
Column_19=11
Column_26=11
Column_44=11
Column_29=10
Column_43=10
Column_38=9
Column_49=9
Column_55=9
Column_24=7
Column_25=7
Column_39=7
Column_56=7
Column_20=6
Column_23=6
Column_37=6
Column_41=6
Column_47=6
Column_61=6
Column_2=5
Column_14=5
Column_28=5
Column_40=5
Column_0=4
Column_11=4
Column_27=4
Column_35=4
Column_53=4
Column_59=4
Column_33=3
Column_36=3
Column_48=3
Column_50=3
Column_60=3
Column_4=2
Column_10=2
Column_13=2
Column_18=2
Column_52=2
Column_57=2
Column_58=2
Column_1=1
Column_3=1
Column_5=1
Column_7=1
Column_9=1
Column_15=1
Column_17=1
Column_31=1
Column_51=1

parameters:
[boosting: gbdt]
[objective: binary]
[metric: binary_logloss]
[tree_learner: serial]
[device_type: cpu]
[data_sample_strategy: bagging]
[data: ]
[valid: ]
[num_iterations: 1400]
[learning_rate: 0.03]
[num_leaves: 96]
[num_threads: 2]
[seed: 42]
[deterministic: 0]
[force_col_wise: 1]
[force_row_wise: 0]
[histogram_pool_size: -1]
[max_depth: 10]
[min_data_in_leaf: 20]
[min_sum_hessian_in_leaf: 0.001]
[bagging_fraction: 0.85]
[pos_bagging_fraction: 1]
[neg_bagging_fraction: 1]
[bagging_freq: 0]
[bagging_seed: 400]
[bagging_by_query: 0]
[feature_fraction: 0.8]
[feature_fraction_bynode: 1]
[feature_fraction_seed: 30056]
[extra_trees: 0]
[extra_seed: 12879]
[early_stopping_round: 0]
[early_stopping_min_delta: 0]
[first_metric_only: 0]
[max_delta_step: 0]
[lambda_l1: 0.2]
[lambda_l2: 1.5]
[linear_lambda: 0]
[min_gain_to_split: 0]
[drop_rate: 0.1]
[max_drop: 50]
[skip_drop: 0.5]
[xgboost_dart_mode: 0]
[uniform_drop: 0]
[drop_seed: 17869]
[top_rate: 0.2]
[other_rate: 0.1]
[min_data_per_group: 100]
[max_cat_threshold: 32]
[cat_l2: 10]
[cat_smooth: 10]
[max_cat_to_onehot: 4]
[top_k: 20]
[monotone_constraints: ]
[monotone_constraints_method: basic]
[monotone_penalty: 0]
[feature_contri: ]
[forcedsplits_filename: ]
[refit_decay_rate: 0.9]
[cegb_tradeoff: 1]
[cegb_penalty_split: 0]
[cegb_penalty_feature_lazy: ]
[cegb_penalty_feature_coupled: ]
[path_smooth: 0]
[interaction_constraints: ]
[verbosity: -1]
[saved_feature_importance_type: 0]
[use_quantized_grad: 0]
[num_grad_quant_bins: 4]
[quant_train_renew_leaf: 0]
[stochastic_rounding: 1]
[linear_tree: 0]
[max_bin: 255]
[max_bin_by_feature: ]
[min_data_in_bin: 3]
[bin_construct_sample_cnt: 200000]
[data_random_seed: 175]
[is_enable_sparse: 1]
[enable_bundle: 1]
[use_missing: 1]
[zero_as_missing: 0]
[feature_pre_filter: 1]
[pre_partition: 0]
[two_round: 0]
[header: 0]
[label_column: ]
[weight_column: ]
[group_column: ]
[ignore_column: ]
[categorical_feature: ]
[forcedbins_filename: ]
[precise_float_parser: 0]
[parser_config_file: ]
[objective_seed: 16083]
[num_class: 1]
[is_unbalance: 0]
[scale_pos_weight: 1]
[sigmoid: 1]
[boost_from_average: 1]
[reg_sqrt: 0]
[alpha: 0.9]
[fair_c: 1]
[poisson_max_delta_step: 0.7]
[tweedie_variance_power: 1.5]
[lambdarank_truncation_level: 30]
[lambdarank_norm: 1]
[label_gain: ]
[lambdarank_position_bias_regularization: 0]
[eval_at: ]
[multi_error_top_k: 1]
[auc_mu_weights: ]
[num_machines: 1]
[local_listen_port: 12400]
[time_out: 120]
[machine_list_filename: ]
[machines: ]
[gpu_platform_id: -1]
[gpu_device_id: -1]
[gpu_device_id_list: ]
[gpu_use_dp: 0]
[num_gpu: 1]

end of parameters

pandas_categorical:null
