tree
version=v4
num_class=1
num_tree_per_iteration=1
label_index=0
max_feature_idx=62
objective=binary sigmoid:1
feature_names=Column_0 Column_1 Column_2 Column_3 Column_4 Column_5 Column_6 Column_7 Column_8 Column_9 Column_10 Column_11 Column_12 Column_13 Column_14 Column_15 Column_16 Column_17 Column_18 Column_19 Column_20 Column_21 Column_22 Column_23 Column_24 Column_25 Column_26 Column_27 Column_28 Column_29 Column_30 Column_31 Column_32 Column_33 Column_34 Column_35 Column_36 Column_37 Column_38 Column_39 Column_40 Column_41 Column_42 Column_43 Column_44 Column_45 Column_46 Column_47 Column_48 Column_49 Column_50 Column_51 Column_52 Column_53 Column_54 Column_55 Column_56 Column_57 Column_58 Column_59 Column_60 Column_61 Column_62
feature_infos=[-1.4432941197455691:6.0269326937432055] [-1.3659292426996448:6.8169276346131502] [-1.4117592629307123:6.0827421022336008] [-1.4373578478500859:5.950563090713441] [-1.5241125718540867:6.8107228328230294] [-1.4173580182221737:6.0092904661389248] [-2.1606535251199421:3.9200501646249384] [-1.5917663489986487:5.8164158297138524] [-2.3526246843396024:3.6552699444386509] [-2.5474124475580546:3.0258183942269778] [-4.9681303129703078:1.8243009569671857] [-2.1991184508108104:3.652693003858019] [-1.3774567731636158:2.1762631842085756] [-2.6029680830967106:2.9412453003723211] [-2.193665256336244:3.4230184843086611] [-2.6029680830967106:2.9412453003723211] [-5.4212280225052174:1.869840576772652] [-2.193665256336244:3.4230184843086611] [-5.4623664899510977:0.81549845971092039] [-1.7321813770866559:1.8206625925657229] [-1.4536498149897743:1.4717174206274579] [-2.0401406529091086:1.172267244101981] [-1.4516912231626242:0.68885172276609574] [-2.2400691107683555:2.7526289781397804] [-2.3425606318839671:4.2832385932462023] [-2.4075141211127793:3.7407153429832305] [-4.0055256261298506:3.8999030924034361] [-2.1895264284868303:2.5936687288989821] [-2.3310331384328262:3.7137883494252564] [-2.0376544486445209:3.4102799557866601] [-2.864384283952528:3.6100078185920146] [-2.724807098597072:2.7681107073859423] [-3.030852752340194:3.6676788989408347] [-3.2551573843681005:2.86811364423912] [-2.8592704946392868:3.5572132872900153] [-2.8678282023882082:3.4206252627222784] [-3.0121937651648718:3.9224112366130139] [-2.7660032373753243:2.9341291294190075] [-2.9646367490992973:3.6342187818352469] [-3.0304778773630328:3.077678670960363] [-2.781834308692301:4.1847633098482353] [-2.4842009762851283:2.2153948026746533] [-2.8452663989004598:3.1539780142193399] [-1.9198675563291654:2.5418584196751408] [-2.9744923848298876:3.3801802934475704] [-2.5294259836089541:2.9366938485866751] [-2.3686955585631444:2.9487478619752507] [-3.3657711195215247:3.2866116725418819] [-3.2568365682481217:2.6024301267859546] [-0.90755893579996638:4.7567275997507279] [-0.89728047505561681:4.8651342105667306] [-7.2856587272733426:8.9228253682171914] [-4.8843492223832605:4.3814836030151918] [-5.6654686769851645:4.6082954872595465] [-2.5404155718164332:2.7063997257024166] [-2.6432900552073852:3.1377776825051433] [-1.104351474315505:3.4154089498342928] [-0.98051207191755518:3.4423353922696962] [-1.1565957040493684:3.2703376704826574] [-3.0755828893363812:3.1814831731108151] [2:815] [2:815] [0:2]
tree_sizes=2992 3412 3170 3305 3606 3728 3266 3302 3211 3314 3086 3202 3436 3329 3319 3439 3427 3317 3321 2963 3190 3326 3305 3321 3085 3308

Tree=0
num_leaves=28
num_cat=0
split_feature=29 39 61 47 31 20 12 37 47 20 32 37 20 46 42 13 12 45 61 29 58 12 37 53 32 0 16
split_gain=10.9818 11.6114 6.02434 8.49501 8.86947 8.30825 9.6627 6.60978 6.25689 6.17465 7.28646 6.01465 5.81875 4.88748 4.8433 4.56314 4.54664 4.3326 3.39398 3.01481 3.00318 2.99857 2.35217 1.75447 1.44147 0.858796 0.418555
threshold=1.0495083805331487 0.35556542659884977 357.50000000000006 -0.55904491881687923 0.2413685166337555 0.54091875474924767 0.17118993910342239 -0.41160073804723069 -0.90574828818053743 -0.78879362507676698 -0.75813665636984484 1.2922431759402055 -0.52285114911156405 0.75540736223571592 0.49806251882776192 1.1710769391493738 0.039079983441406264 -0.81201293483123871 677.50000000000011 -0.76646975427724506 1.0000000180025095e-35 -1.142164650486148 -0.16376889601269459 0.32756041882425035 0.35258925519461143 -0.57769640961115554 0.33252982010557169
decision_type=2 2 2 2 2 2 2 2 2 2 2 2 2 2 2 2 2 2 2 2 2 2 2 2 2 2 2
left_child=2 11 5 8 20 6 9 16 -4 13 -11 -2 -12 21 19 17 -7 -9 22 -8 -5 -1 -6 -21 -3 -19 -23
right_child=1 24 3 4 18 7 14 15 -10 10 12 -13 -14 -15 -16 -17 -18 25 -20 23 -22 26 -24 -25 -26 -27 -28
leaf_value=0.1493941253929679 0.10214990687531 0.14322574000906554 0.14106646452972965 0.10853665463155573 0.1493941253929679 0.12779708406133233 0.14308711067829097 0.14995823493618454 0.17482807593915545 0.1650921529660857 0.11345549911835459 0.13695188237668179 0.14707833886193966 0.14398547942043069 0.14948969191526537 0.14322574000906554 0.15834140792944684 0.16143999378184265 0.16273912687830172 0.1315632596129877 0.13733574316583855 0.16262010991889533 0.12468882621355451 0.10151768396916575 0.16288361846251653 0.18318455166868991 0.18439477816055247
leaf_weight=5.9682834148407027 10.444495975971227 4.9735695123672468 9.6984605491161364 10.941852927207949 5.9682834148406991 6.4656403660774222 5.4709264636039778 7.2116757929325095 7.4603542685508719 6.7143188416957882 7.2116757929325148 9.4497820734977704 8.9524251222610438 8.7037466466426832 7.7090327441692343 4.9735695123672476 8.2063896954059583 6.7143188416957882 6.2169618904590598 6.4656403660774231 6.7143188416957846 6.9629973173141479 4.9735695123672494 4.9735695123672485 5.4709264636039734 16.412779390811924 7.2116757929325104
leaf_count=24 42 20 39 44 24 26 22 29 30 27 29 38 36 35 31 20 33 27 25 26 27 28 20 20 22 66 29
internal_value=0.145668 0.129429 0.148544 0.140115 0.131716 0.152083 0.145722 0.161397 0.156588 0.15313 0.141799 0.11663 0.130955 0.162062 0.130853 0.168192 0.144843 0.172395 0.146941 0.122411 0.117665 0.169725 0.137471 0.114432 0.153889 0.17846 0.176727
internal_weight=208.641 30.3388 178.302 51.9738 34.815 126.329 76.3443 49.9844 17.1588 51.7251 22.8784 19.8943 16.1641 28.8467 24.6192 35.3123 14.672 30.3388 17.1588 16.9101 17.6562 20.143 10.9419 11.4392 10.4445 23.1271 14.1747
internal_count=839 122 717 209 140 508 307 201 69 208 92 80 65 116 99 142 59 122 69 68 71 81 44 46 42 93 57
is_linear=0
shrinkage=1


Tree=1
num_leaves=31
num_cat=0
split_feature=29 34 61 47 31 12 42 47 60 46 12 41 28 55 40 33 0 37 61 22 27 38 38 58 27 43 54 24 12 12
split_gain=10.3971 6.7033 5.70508 8.06188 8.39864 7.42521 6.56133 5.96409 5.31925 4.97424 5.23098 6.4506 4.92046 4.18273 4.16628 7.04587 3.93131 3.42691 3.30227 3.34647 3.28377 3.0845 5.22895 2.81839 1.86048 1.79629 1.71616 1.62943 1.28052 0.538234
threshold=1.0495083805331487 0.34897139632536461 357.50000000000006 -0.55904491881687923 0.2413685166337555 0.18128221900936989 0.49806251882776192 -0.90574828818053743 301.50000000000006 -1.1538073635672201 -1.1224066664718981 1.1188224542507046 0.33579987091632779 -0.13730240358677701 0.27063543732611844 0.29633981222408717 -0.70220018983596821 1.2922431759402055 502.00000000000006 -1.0000000180025095e-35 -0.43568820411203241 -0.29367141514960088 0.17767540848858099 1.0000000180025095e-35 0.83983050452418428 -0.71863363971262129 0.013191303394252419 -0.68611082560142456 -1.1213022006506044 0.10570908941169214
decision_type=2 2 2 2 2 2 2 2 2 2 2 2 2 2 2 2 2 2 2 2 2 2 2 2 2 2 2 2 2 2
left_child=2 12 5 7 23 9 8 -4 13 28 20 14 17 -7 25 24 -8 -2 -6 -20 -11 -22 -23 -5 -16 -12 -10 -27 -1 -3
right_child=1 29 3 4 18 6 16 -9 26 10 11 -13 -14 -15 15 -17 -18 -19 19 -21 21 22 -24 -25 -26 27 -28 -29 -30 -31
leaf_value=0.0022660704198743673 -0.047919668726481665 0.0096185861673344225 -0.0044809131029983334 -0.036075869210826526 -0.016168609549292692 0.020079899777910186 -0.0048340094384059272 0.028487543083489584 -0.030485373919518579 -0.014857252085466999 0.011457138021326476 -0.0046997771432627771 -0.00012090123777662277 -0.010641172319968493 0.037208852564029296 -0.0098886364601486216 0.026515867940587322 -0.01427020973368995 -0.0071915246601730546 0.021390437044835228 0.023651066191547655 -0.021114462208471449 0.014467974180363115 -0.0081241959438918994 0.009108861983843421 0.015488464702967851 -0.0066346285881967075 0.043000027557756858 -0.016348165550165245 -0.0023101895085084136
leaf_weight=5.2196447104215622 6.9798910170793587 4.9730657935142499 9.7016545236110705 10.967667877674105 4.9759900271892574 5.2185915708541861 5.2207788079977036 7.4429816007614127 9.452236667275427 5.9658767431974438 5.9617805182933798 7.7071682065725318 5.7262245416641226 8.2089324742555636 4.9693090468645114 7.4550006389617911 6.7094962596893293 7.7121545374393463 4.9714672565460214 7.2086054086685154 5.9646262079477372 4.9710801094770378 7.2076246589422226 6.7182717472314826 6.2125712633132935 5.9618669301271465 5.9690041840076438 12.910314589738848 4.9729636311531049 4.9750407189130783
leaf_count=21 28 20 39 44 20 21 21 30 38 24 24 31 23 33 20 30 27 31 20 29 24 20 29 27 25 24 24 52 20 20
internal_value=0 -0.0157967 0.00279637 -0.0054022 -0.0135798 0.00624286 -0.00408357 0.0106502 -0.011791 0.0112236 0.0138932 0.0192082 -0.0251245 0.00171457 0.0235958 0.0110452 0.0133425 -0.0335852 0.00123463 0.00977635 0.00191229 0.00844534 -0.000340068 -0.027236 0.0249938 0.031621 -0.0230147 0.0363838 -0.00723482 0.00360786
internal_weight=208.612 30.3664 178.246 51.9866 34.842 126.259 40.779 17.1446 28.8488 85.4798 75.2872 51.178 20.4183 13.4275 43.4708 18.6369 11.9303 14.692 17.1561 12.1801 24.1092 18.1433 12.1787 17.6859 11.1819 24.834 15.4212 18.8722 10.1926 9.94811
internal_count=839 122 717 209 140 508 164 69 116 344 303 206 82 54 175 75 48 59 69 49 97 73 49 71 45 100 62 76 41 40
is_linear=0
shrinkage=0.03


Tree=2
num_leaves=29
num_cat=0
split_feature=29 34 61 20 12 25 47 37 2 47 36 28 42 12 13 1 45 30 34 37 34 29 37 14 13 53 45 45
split_gain=9.8888 6.37388 5.42365 7.88135 8.86948 10.1109 7.66057 6.20274 5.77894 5.68714 4.90343 4.66278 4.39412 4.34067 4.29498 4.42502 7.03408 4.21492 4.48926 3.24112 3.08777 2.88522 2.76739 2.39169 2.30902 1.66151 1.56651 1.5615
threshold=1.0495083805331487 0.34897139632536461 357.50000000000006 0.54091875474924767 0.17118993910342239 0.66660061093522616 -0.55904491881687923 -0.41160073804723069 -0.17233356465396837 -0.90574828818053743 0.33953198569443965 0.33579987091632779 0.49806251882776192 0.039079983441406264 1.1710769391493738 0.057777274805790639 -0.81201293483123871 -0.46646128301010475 1.0070722970360626 1.2922431759402055 -0.88496779250719337 -0.76646975427724506 -0.16376889601269459 -0.35241670951323084 0.74622974695292543 0.32756041882425035 0.54364297542062501 -0.41699199814275528
decision_type=2 2 2 2 2 2 2 2 2 2 2 2 2 2 2 2 2 2 2 2 2 2 2 2 2 2 2 2
left_child=2 11 3 4 5 17 9 13 10 -4 27 19 21 -5 15 16 -9 -1 24 -2 -7 -6 -10 -18 -19 -23 -3 -8
right_child=1 26 6 7 12 20 8 14 22 -11 -12 -13 -14 -15 -16 -17 23 18 -20 -21 -22 25 -24 -25 -26 -27 -28 -29
leaf_value=-0.0033945332434495135 -0.046659067202556907 -0.0067701622334242284 -0.0043632950656044556 -0.017492432733785739 -0.0022200496904543486 0 -0.010982731279410693 -0.011801016095843955 0.012613008282528265 0.027839321067561037 0.0011812418022433665 -0.00011802637355193014 0.0034332003205790637 0.012349503570966541 -0.002410838812284976 0.043401336007366759 0.0044167975638291978 0.028616730412186209 -0.0046812248923399601 -0.013900631975643079 -0.029690493836933469 -0.013526777097894124 -0.0107686075448133 0.032045350734938229 0.0058605091122415579 -0.042667225064227474 0.013925611023220728 -0.03846005767728651
leaf_weight=8.9446489214897138 6.9937065690755897 4.9775577783584577 9.7046677619218844 6.4719225019216529 5.4764505624771163 4.965397447347641 4.9816906303167334 4.9716325998306301 7.4615286588668823 7.4230237305164328 4.9837107956409445 5.7262683957815161 7.6993673592805854 8.1971289515495283 4.9736153632402411 8.6777559667825681 4.9633622467517879 19.847166344523433 5.2225686162710181 7.7194491028785706 5.7176270037889463 6.4750367552042007 7.7152206599712354 11.63948839902878 6.9514351040124884 4.990501657128334 4.9677666127681732 9.7168394178152102
leaf_count=36 28 20 39 26 22 20 20 20 30 30 20 23 31 33 20 35 20 80 21 31 23 26 31 47 28 20 20 39
internal_value=0 -0.0154025 0.00272656 0.00608916 0 0.00700948 -0.00526504 0.01517 -0.0132328 0.0103889 -0.0233652 -0.024491 -0.0143341 -0.000846901 0.0217655 0.0258553 0.0161752 0.0138345 0.0187626 -0.0327182 -0.0171505 -0.0223564 0.000467522 0.0251677 0.0235494 -0.0301421 0.00351353 -0.0313971
internal_weight=208.557 30.3847 178.172 126.185 76.2902 51.6488 51.9867 49.8949 34.859 17.1277 19.6822 20.4394 24.6414 14.6691 35.2259 30.2522 21.5745 40.9658 32.0212 14.7132 10.683 16.942 15.1767 16.6029 26.7986 11.4655 9.94532 14.6985
internal_count=839 122 717 508 307 208 209 201 140 69 79 82 99 59 142 122 87 165 129 59 43 68 61 67 108 46 40 59
is_linear=0
shrinkage=0.03


Tree=3
num_leaves=30
num_cat=0
split_feature=29 34 61 23 59 41 45 62 47 40 55 30 54 34 43 55 28 14 49 4 49 37 18 55 16 28 57 35 45
split_gain=9.38682 6.06414 5.12343 7.60592 8.00347 7.4813 6.6291 5.28134 6.01341 5.49476 5.6301 4.91538 8.56411 6.21741 6.00517 5.704 4.42294 4.25784 3.72484 3.2653 4.00134 3.07372 3.03108 2.62299 1.99947 2.09137 1.87584 1.74677 1.49724
threshold=1.0495083805331487 0.34897139632536461 357.50000000000006 -1.075106223356457 1.0000000180025095e-35 0.17890329845874817 -0.41699199814275528 1.5000000000000002 -0.64298889067590514 0.39896749872028631 -0.57764330674102438 0.13301946722550098 0.29792338267871527 0.84254707185838773 0.56840269951938993 1.1384951133109731 0.33579987091632779 0.73278542517962997 -0.19952311885612961 1.0000000180025095e-35 1.0000000180025095e-35 1.2922431759402055 0.41375253943563389 0.79780711363673473 0.75451319635708025 -1.2050369789298501 1.0000000180025095e-35 0.80043631892624234 0.54364297542062501
decision_type=2 2 2 2 2 2 2 2 2 2 2 2 2 2 2 2 2 2 2 2 2 2 2 2 2 2 2 2 2
left_child=2 16 7 -4 26 6 -6 11 22 10 -10 12 17 -14 23 -16 21 24 -12 20 -7 -2 -9 -13 25 -1 -5 -11 -3
right_child=1 28 3 4 5 19 -8 8 9 27 18 14 13 -15 15 -17 -18 -19 -20 -21 -22 -23 -24 -25 -26 -27 -28 -29 -30
leaf_value=0.0055824335567304555 -0.045475080149518399 -0.0066118358514358645 0.018970373203821674 0.018399756680934395 -0.0044434742863284941 -0.011554927881622256 -0.049164899876068459 -0.034073086551129353 0.018132398635057834 0.03225135237107446 0.00014352220029581776 0.031533590406127542 -0.029736851042650069 0.0052712153445156175 -0.016313871223968518 0.019027941470149082 -0.0001152186207913223 -0.0068434046346340094 -0.027500658662401156 -0.020805325331670781 0.021120258008011431 -0.013541973225409943 -0.0041712828750475077 0.0053840725221247047 0.0016648285569402978 0.030904917209698273 -0.0013162916193078229 0.0049297374084542201 0.013617029127270482
leaf_weight=5.7064560651779237 6.9994670450687462 4.9797311723232252 8.2023361772298795 5.7135811150073996 5.2220350950956336 4.9719934463500959 8.2325645685195941 4.9814412295818311 5.7088912278413799 4.9618062824010831 8.1961627751588821 19.066362187266353 8.1934130191802961 7.446334019303321 6.6967206597328168 6.7032677233219147 5.7263111174106589 6.4578182250261298 6.9626889377832422 4.9741230309009543 5.4596380591392517 7.7258082777261734 7.7150052785873413 5.7020716965198508 5.7113288491964331 10.899845674633982 9.2091207355260831 4.9702425599098206 4.9620129466056824
leaf_count=23 28 20 33 23 21 20 33 20 23 20 33 77 33 30 27 27 23 26 28 20 22 31 31 23 23 44 37 20 20
internal_value=0 -0.0150229 0.0026386 -0.0051261 -0.0102517 -0.0191981 -0.0343954 0.00590981 -0.00239144 0.00469586 -0.00396211 0.010318 0.00317758 -0.0137163 0.0180415 0.00109873 -0.0238836 0.0127824 -0.0135266 -0.00369639 0.00554877 -0.0318916 -0.0186864 0.0263932 0.0187866 0.023718 0.0068583 0.0215446 0.00342172
internal_weight=208.459 30.3933 178.065 51.9854 43.7831 28.8604 13.4546 126.08 43.4962 30.7998 20.8677 82.5836 44.4152 15.6397 38.1684 13.4 20.4516 28.7754 15.1589 15.4058 10.4316 14.7253 12.6964 24.7684 22.3176 16.6063 14.9227 9.93205 9.94174
internal_count=839 122 717 209 176 116 54 508 175 124 84 333 179 63 154 54 82 116 61 62 42 59 51 100 90 67 60 40 40
is_linear=0
shrinkage=0.03


Tree=4
num_leaves=33
num_cat=0
split_feature=29 39 37 61 23 59 41 12 45 61 18 16 33 46 28 46 28 41 12 55 53 39 28 43 5 55 36 59 12 32 54 18
split_gain=8.92512 10.1777 5.18775 4.86599 7.23432 7.61537 7.08917 6.52563 6.26888 6.14269 6.58068 7.35499 4.55777 4.54881 5.06723 6.30968 5.04712 4.34647 4.37135 4.03694 3.18077 3.05292 3.01328 2.84019 2.63365 2.56583 2.36246 1.99602 1.9815 1.21372 1.18835 0.245348
threshold=1.0495083805331487 0.35556542659884977 1.2922431759402055 357.50000000000006 -1.075106223356457 1.0000000180025095e-35 0.17890329845874817 0.18128221900936989 -0.41699199814275528 223.00000000000003 0.39492158146088713 0.47438402742152364 -0.6833835523530678 -1.1538073635672201 1.4025330746559896 0.54152028444363753 0.33579987091632779 1.1188224542507046 -1.1146011723457609 -0.29207830153215891 -1.0000000180025095e-35 -0.44115064492159323 1.0000000180025095e-35 1.0000000180025095e-35 -0.45074526445868007 -1.0000000180025095e-35 0.33953198569443965 1.0000000180025095e-35 -1.0920621625759479 0.35258925519461143 0.094441537373349024 0.63371019148654228
decision_type=2 2 2 2 2 2 2 2 2 2 2 2 2 2 2 2 2 2 2 2 2 2 2 2 2 2 2 2 2 2 2 2
left_child=3 2 -2 7 -5 28 8 13 -7 10 12 21 -9 30 15 17 22 18 19 -15 -8 -12 24 25 -17 -20 -22 -14 -6 -3 -1 -30
right_child=1 29 -4 4 5 6 20 9 -10 -11 11 -13 27 14 -16 16 -18 -19 23 -21 26 -23 -24 -25 -26 -27 -28 -29 31 -31 -32 -33
leaf_value=0.001983089282497851 -0.040037909774937618 -0.001610629585769929 -0.0077814111359827192 0.018511886500506249 -0.0067406477182194941 -0.0043389279900869788 -0.020499227842868218 0 -0.047862386293213245 0.023026952206471909 0.00059409875648843823 -0.017462780254877217 -0.010584065273997899 -0.0089576917989937031 -0.011861300622950256 0.013755924406828886 0.023787378966924157 -0.0010978512213255564 0.02571262212490192 0.021809077575398926 -0.0067190603041305383 0.033100887629435527 -0.022682166996509236 0.040927505013510813 -0.011926852806621245 0 0.018340749492449293 -0.040329383382221161 0.018805961653107262 0.01642910546586375 -0.015941407567490504 0.0049186952501393214
leaf_weight=5.2112176269292814 10.486444160342222 4.9817637056112272 9.4703940004110319 8.1906472444534284 4.9765853285789481 5.223543867468833 4.9777237921953175 6.9581514745950708 8.2435311526060122 4.9621708840131751 4.9701187014579782 6.4680047184228888 5.4739847332239151 5.7150200605392456 5.456245243549346 6.4440535604953801 5.2014262527227393 6.2088872641324988 9.8918218165636009 6.6772054135799355 5.4679093807935715 5.2078703492879876 5.2186617851257315 14.313550144433973 4.9674433618783969 4.9436644017696478 4.9605127274990082 6.7232780307531357 4.9706916213035566 5.4544738531112671 4.9770682454109192 4.9677174836397171
leaf_count=21 42 20 38 33 20 21 20 28 33 20 20 26 22 23 22 26 21 25 40 27 22 21 21 58 20 20 20 27 20 22 20 20
internal_value=-5.1634e-06 -0.0146571 -0.0266245 0.00256523 -0.00500013 -0.00999804 -0.0187217 0.00575559 -0.0335083 -0.00391483 -0.0085857 0.00477994 -0.0199945 0.0104378 0.0130024 0.0152457 0.00142113 0.0212087 0.0246042 0.00775307 -0.00361499 0.0198562 -0.00663272 0.0308423 0.00202467 0.0178799 0.00550558 -0.0300391 0.00669168 0.00819488 -0.00718195 0.0139443
internal_weight=208.362 30.3931 19.9568 177.969 51.9789 43.7882 28.8732 125.99 13.4671 40.7636 35.8014 16.646 19.1554 85.2263 75.038 69.5817 21.8316 47.7501 41.5413 12.3922 15.4061 10.178 16.6302 29.149 11.4115 14.8355 10.4284 12.1973 14.915 10.4362 10.1883 9.93841
internal_count=839 122 80 717 209 176 116 508 54 164 144 67 77 344 303 281 88 193 168 50 62 41 67 118 46 60 42 49 60 42 41 40
is_linear=0
shrinkage=0.03


Tree=5
num_leaves=34
num_cat=0
split_feature=29 39 28 20 40 56 53 33 37 29 37 12 19 12 18 37 36 49 23 55 49 5 28 44 37 37 36 39 44 32 55 18 49
split_gain=8.45485 9.66314 5.206 4.60149 5.13764 10.0578 7.3531 7.40514 5.97215 6.55931 5.11115 6.86744 4.20941 4.06418 4.03007 3.29244 4.31357 3.13107 3.1076 3.10485 3.07366 3.05894 3.6899 2.79176 2.04524 1.89095 1.79594 1.75564 1.62131 1.16177 1.05342 0.546182 0.2454
threshold=1.0495083805331487 0.35556542659884977 0.33579987091632779 0.54091875474924767 1.0000000180025095e-35 -0.65237543190052505 0.32756041882425035 1.0311323356569539 -0.65943258008176675 0.32311712660899095 -0.41160073804723069 -0.10941148420815487 -0.14275118013690746 0.10064464825533466 0.64250624679976354 0.5443220812288373 -0.35392851448334878 -0.40181906655436866 -1.0000000180025095e-35 0.42670698993684292 1.0000000180025095e-35 -0.33909032590514127 -0.37535559824344661 0.60001099670118274 1.2922431759402055 0.33189478805637768 0.33953198569443965 0.041707580242311658 1.0000000180025095e-35 0.35258925519461143 0.74003810691229244 0.35128757521341253 -0.60411501425260761
decision_type=2 2 2 2 2 2 2 2 2 2 2 2 2 2 2 2 2 2 2 2 2 2 2 2 2 2 2 2 2 2 2 2 2
left_child=3 2 24 4 5 27 7 28 -7 21 11 -5 15 26 25 16 -12 -13 -11 -18 32 -10 -23 -19 -2 -14 -8 -1 -6 -3 -30 -27 -15
right_child=1 29 -4 10 6 8 13 -9 9 18 12 17 14 20 -16 -17 19 23 -20 -21 -22 22 -24 -25 -26 31 -28 -29 30 -31 -32 -33 -34
leaf_value=-0.040182386083331051 -0.045175643654081249 -0.0015733840066315436 0 -0.024673384222404178 0.0080645048599402407 -0.02140868521689258 -0.0034321921719407808 -0.013591304271930137 -0.0025113146114949165 0.0040315081709953399 0.02796518745188914 0.021893227474753887 0.039320510764898883 -0.011108773671836122 0.00071189756876614569 -0.011868248825624785 -0.016239947751662463 -0.016670016767713822 -0.023271874142687474 0.013104036344536728 0.001936864730982222 0.0053578078456441736 0.037012222512906146 0.010839235065788315 -0.015735006058560763 0.0042282465962122893 0.018103248557587007 -0.011287488644495131 0.034169461023440852 0.016062311037826259 0.010613010658349055 0.021364560940387432 -0.030654324363941207
leaf_weight=6.7194537520408613 7.7386711984872871 4.9821997731924039 5.2371662259101859 7.2170622348785427 7.9392857402563157 7.9540865719318381 5.9443498551845568 5.2198373675346366 4.9648250639438656 5.9647848159074783 6.1879912167787596 6.4547461718320909 8.6269567757844978 4.9746251702308646 6.6891919970512381 6.7061020731925955 4.9666195511817932 4.965497404336924 6.2238461822271329 4.9486602544784546 5.2064550369977942 7.4417540431022644 6.6883735805749911 5.2089262306690216 6.9846486300230026 4.9546846747398359 4.9555052816867828 5.4661307632923126 9.8995290994644147 5.4460408687591553 5.2030394524335852 4.9216204583644867 5.2255380898714057
leaf_count=27 31 20 21 29 32 32 24 21 20 24 25 26 35 20 27 27 20 20 25 20 21 30 27 21 28 20 20 22 40 22 21 20 21
internal_value=-9.71852e-06 -0.0142715 -0.02593 0.00249282 -0.00143787 -0.00816688 0.00484517 0.0151687 -0.000277647 0.00564578 0.00828406 -0.00276115 0.0138097 -0.00624989 0.021973 0.00374711 0.0110481 0.00767243 -0.0104944 -0.00127146 -0.0156804 0.0162536 0.0228391 -0.00248923 -0.0343252 0.0287295 0.00688034 -0.0303171 0.0223609 0.00799535 0.0281074 0.0149862 -0.024281
internal_weight=208.228 30.3887 19.9605 177.839 105.991 51.4233 54.5682 28.2617 39.2377 31.2836 71.8481 23.8462 48.0018 26.3065 25.1925 22.8094 16.1033 16.6292 12.1886 9.91528 15.4066 19.095 14.1301 10.1744 14.7233 18.5033 10.8999 12.1856 23.0419 10.4282 15.1026 9.87631 10.2002
internal_count=839 122 80 717 427 207 220 114 158 126 290 96 194 106 102 92 65 67 49 40 62 77 57 41 59 75 44 49 93 42 61 40 41
is_linear=0
shrinkage=0.03


Tree=6
num_leaves=30
num_cat=0
split_feature=29 42 5 46 12 54 45 18 18 53 37 60 36 45 46 36 37 46 19 18 18 4 32 37 37 53 30 18 40
split_gain=8.03933 5.46832 5.2433 4.261 5.19632 4.00234 6.49677 4.9748 6.77697 3.82771 3.46105 3.15707 4.25532 7.84886 6.18497 7.15482 5.49291 4.94426 4.7374 3.62435 5.28696 4.66455 3.96894 3.99975 5.06426 3.48357 2.04601 1.11173 0.704049
threshold=1.0495083805331487 -0.22059696816054744 0.043726606278420559 -1.5487830244604275 0.27011387481758181 0.63607386415374567 0.38347042265593501 0.68883794584715885 0.73166946493594109 -1.0000000180025095e-35 -1.0000000180025095e-35 532.50000000000011 0.57068548575370281 -1.1121865834975904 0.17889925962460887 -0.58508201454261155 0.5443220812288373 1.2244138817282766 -0.51673475588978934 0.48664208274999987 0.74354896656125413 -0.27388726115251938 1.1557295297104495 1.0000000180025095e-35 -0.41160073804723069 1.0000000180025095e-35 0.61260406741398576 -1.1220123092413108 0.14230337593195055
decision_type=2 2 2 2 2 2 2 2 2 2 2 2 2 2 2 2 2 2 2 2 2 2 2 2 2 2 2 2 2
left_child=3 9 -3 -1 11 7 -7 10 -9 -2 28 12 14 -14 19 -16 18 -17 -15 22 21 -21 23 24 -5 -13 -27 -4 -6
right_child=1 2 27 4 5 6 -8 8 -10 -11 -12 25 13 16 15 17 -18 -19 -20 20 -22 -23 -24 -25 -26 26 -28 -29 -30
leaf_value=-0.020067713117845845 -0.039796914729735205 -0.019934821896343154 0 0.021968428150718342 -0.011339113214093366 0.027897912240963677 -0.0096922470347330369 0.027884952961144044 -0.015489666715028008 -0.0060535236045864979 -0.0011086881954597029 0.0010262451035818164 -0.016911737692434883 0.001526023078460924 0.0097633352082692904 -0.034221249446297904 -0.0033656226542298612 0 0.036536877249688363 -0.023465251109860162 0.019614775426131298 0.007388833702959524 -0.0072547793532430965 0.031443641051848444 -0.014184924537143402 0.032397281521528536 0.005731010654037051 0.01960832813985447 -0.031352741651610255
leaf_weight=5.7267581373453131 7.4772370606660843 6.7326313257217434 4.9545467942953136 5.6947701424360293 6.2218379080295554 6.1902399212121946 7.4527325183153152 4.9589504152536374 4.9748612344264984 6.2317369133234042 8.6943467408418673 9.6418702155351657 4.9586766511201885 5.1973099410533985 7.680594444274905 10.207640841603277 5.9433900862932196 5.4560326784849158 13.347164422273632 9.6813068389892578 5.1958979666233054 5.9518802165985116 5.4549583643674842 10.123084977269171 5.1992450803518331 9.3786233812570554 5.1933128684759131 4.9760611504316286 9.2108800560235959
leaf_count=23 30 27 20 23 25 25 30 20 20 25 35 39 20 21 31 41 24 22 54 39 21 24 22 41 21 38 21 20 37
internal_value=-1.03291e-05 -0.0139215 -0.0015216 0.00242999 0.0033806 -0.00485923 0.00804132 -0.0103165 0.00645577 -0.0269624 -0.0174299 0.00661067 0.00404981 0.0133265 0 -0.0121981 0.0203032 -0.0232285 0.0278725 0.00618985 -0.002865 -0.0117498 0.0133006 0.0190301 0.00460137 0.0161093 0.0246888 0.0114149 -0.0253577
internal_weight=208.109 30.3722 16.6632 177.736 172.01 47.7038 13.643 34.0609 9.93381 13.709 24.1271 124.306 100.092 29.4465 70.6454 23.3443 24.4879 15.6637 18.5445 47.3011 20.8291 15.6332 26.4721 21.0171 10.894 24.2138 14.5719 9.93061 15.4327
internal_count=839 122 67 717 694 192 55 137 40 55 97 502 404 119 285 94 99 63 75 191 84 63 107 85 44 98 59 40 62
is_linear=0
shrinkage=0.03


Tree=7
num_leaves=30
num_cat=0
split_feature=29 39 61 20 12 25 23 59 41 31 43 45 14 9 2 49 57 39 39 18 43 16 33 25 12 38 32 33 45
split_gain=7.63875 8.9667 4.48755 7.17512 7.54108 9.21813 6.70981 7.20267 6.51977 5.8968 6.96506 5.83363 5.00913 4.82182 4.75691 3.587 3.49332 3.49281 3.64109 3.33934 3.05099 2.89611 2.79405 2.91911 1.8625 1.40288 1.123 0.482642 0.20711
threshold=1.0495083805331487 0.35556542659884977 357.50000000000006 0.54091875474924767 0.17118993910342239 0.66660061093522616 -1.075106223356457 1.0000000180025095e-35 0.17890329845874817 -0.50017538717395116 -0.71863363971262129 -0.41699199814275528 0.63584931963889335 0.51672620522934387 -0.8290682203642431 1.0000000180025095e-35 1.0000000180025095e-35 0.88670947427914493 0.041707580242311658 0.58831791916191356 -1.0000000180025095e-35 0.48219967400765446 -0.6833835523530678 0.30494005422369591 -1.0920621625759479 -1.0000000180025095e-35 0.35258925519461143 0.54127065336837632 -0.3658906235767615
decision_type=2 2 2 2 2 2 2 2 2 2 2 2 2 2 2 2 2 2 2 2 2 2 2 2 2 2 2 2 2
left_child=2 16 3 4 5 9 -4 24 11 27 -11 -9 13 21 -14 -15 -2 18 -12 -7 -10 -5 -6 -24 -8 -26 -3 -1 -23
right_child=1 26 6 12 22 19 7 8 20 10 17 -13 14 15 -16 -17 -18 -19 -20 -21 -22 28 23 -25 25 -27 -28 -29 -30
leaf_value=0.035910637146284091 -0.0066434940678383224 -0.0015355164247374971 0.017774777758612116 0.037895644602815408 0.00019735083146467367 -0.031069649944965513 -0.0064806470568602326 -0.0041935730991035109 -0.018404117852327293 -0.019236304371164078 0.0037874612991889915 -0.046236369182106003 0.015155826633449927 0.019538065767943806 -0.018140759078282685 -0.0069905082066610748 -0.034392355999703236 -0.0037150028984352956 0.033619144856343847 0 0.0063684869020713035 0.0041071670460543219 -0.031249154855559836 -0.004737184158191526 0.00024470840385817488 0.022828525397769264 0.015795462421848795 0.013022542193630556 0.016763792177259741
leaf_weight=6.8817615658044797 7.9790919870138231 4.9811075776815397 8.1648402363061887 12.021594196558 8.1929818689823168 5.2218709886074048 4.9777296632528296 5.2229024618864051 5.965774089097974 6.7083918005228034 7.9028977155685478 8.2414338588714617 5.9492312371730804 6.9305775016546241 6.4500788003206235 8.4152557551860792 11.968592196702955 6.934111848473548 7.3777352720499039 5.4557044208049774 9.4285401701927185 4.9514687806367874 8.4774037748575228 7.9671564549207678 4.9670533388853064 4.9551550745964041 5.4384122043848038 4.9442559480667114 4.9189716428518278
leaf_count=28 32 20 33 49 33 21 20 21 24 27 32 33 24 28 26 34 48 28 30 22 38 20 34 32 20 20 22 20 20
internal_value=-1.20358e-05 -0.0135734 0.00236721 0.00543764 -0.000321294 0.00611788 -0.00489765 -0.00970954 -0.0181959 0.0126809 0.00456373 -0.0323838 0.0141305 0.019462 -0.00182176 0.00530722 -0.0248134 0.012766 0.0202659 -0.016913 -0.0036582 0.0281512 -0.0135713 -0.0202085 0.00652224 0.0135652 0.00785632 0.0293347 0.0123217
internal_weight=207.992 30.3672 177.625 125.701 76.0643 51.4267 51.9234 43.7586 28.8587 40.7492 28.9231 13.4643 49.6372 37.2379 12.3993 15.3458 19.9477 22.2147 15.2806 10.6776 15.3943 21.892 24.6375 16.4446 14.8999 9.92221 10.4195 11.826 9.87044
internal_count=839 122 717 508 307 208 209 176 116 165 117 54 201 151 50 62 80 90 62 43 62 89 99 66 60 40 42 48 40
is_linear=0
shrinkage=0.03


Tree=8
num_leaves=29
num_cat=0
split_feature=46 27 19 16 54 46 54 18 42 21 20 19 36 18 30 31 40 12 19 12 28 12 54 42 19 12 24 38
split_gain=7.36528 4.20353 5.22375 5.04361 9.31151 6.72242 6.40821 5.72497 5.16497 4.99713 6.00188 4.47015 4.22619 7.23277 4.75186 9.50058 5.35879 4.0749 3.56377 3.47644 4.24418 4.18559 4.7765 3.31903 2.31866 1.86176 1.48862 1.45155
threshold=-1.5487830244604275 -1.7643535256080913 0.60521597136885663 0.49248340322201062 0.57768889149566693 1.2244138817282766 -0.69932927067132089 0.74694475352595779 -0.22059696816054744 -1.2370386786563361 0.54091875474924767 1.0000000180025095e-35 0.33953198569443965 0.68438346484819401 -0.46646128301010475 -0.50017538717395116 -0.49935693103888829 1.1301123309274563 0.2312323956159745 0.23001865132835611 0.33579987091632779 1.0955570029749764 0.57768889149566693 0.27934006626610258 1.3531831228746205 0.081522123627972801 -0.31801086864974865 -0.21511361120990394
decision_type=2 2 2 2 2 2 2 2 2 2 2 2 2 2 2 2 2 2 2 2 2 2 2 2 2 2 2 2
left_child=-1 -2 3 6 5 7 8 27 11 10 25 17 14 26 24 -16 -17 -3 19 20 23 -21 -23 -11 -4 -8 -14 -5
right_child=1 2 12 4 -6 -7 9 -9 -10 18 -12 -13 13 -15 15 16 -18 -19 -20 21 -22 22 -24 -25 -26 -27 -28 -29
leaf_value=-0.025885149535953871 -0.021659511534417437 -0.022546217304229992 -0.01791433992254866 -0.013553062925612418 0.018285157354931855 0.010302394214369239 -0.008381454496833713 -0.00030814121572736089 0.033124402052547589 -0.0083161896790467805 0.010686151472641469 0.023558674163215679 0.010228727401149012 -0.0077557337784540086 0.034910193154366845 0.014840135669466696 -0.016625432541633282 0.010467242805966807 -0.015415209125881365 -0.016712086487196475 0.031880123369419783 -0.0063828893594651661 0.024638009544078299 0.017286661129647347 0.003557981183216377 -0.032692776775012401 0.036106910979688787 -0.039247000249808123
leaf_weight=7.9739695042371741 5.4674514830112448 5.4677296280860919 9.1772968471050245 5.9661682993173661 6.6786543726921073 5.1897739917039862 7.1894561350345629 7.1939085870981208 7.9083278626203528 7.9353982657194155 5.1994340270757666 5.1866621226072303 5.1855686753988293 5.438331499695777 8.0946056693792361 7.4189627021551159 9.1398863792419416 4.966366246342659 6.7040805518627158 8.948006749153139 6.6437179595232001 8.7010370194911939 6.4232746064662924 7.1777902543544769 6.4410521239042273 7.9710227102041245 10.32667802274227 11.69801437854767
leaf_count=32 22 22 37 24 27 21 29 29 32 32 21 21 21 22 33 30 37 20 27 36 27 35 26 29 26 32 42 47
internal_value=-6.9561e-06 0.00118099 0.00201505 -0.00129448 -0.0105524 -0.0177169 0.00227816 -0.0240477 0.0154126 -0.00210612 -0.0142212 0.00397868 0.00916723 0.0196698 0.00304973 0.0111043 -0.00213381 -0.0069893 0.00274261 0.00592995 0.0142395 -0.00174041 0.00746507 0.00394527 -0.00917277 -0.0233165 0.0294735 -0.0326219
internal_weight=207.813 199.839 194.371 133.149 36.7265 30.0479 96.4223 24.8581 23.5291 72.8932 20.3599 15.6208 61.2224 20.9506 40.2718 24.6535 16.5588 10.4341 52.5333 45.8292 21.7569 24.0723 15.1243 15.1132 15.6183 15.1605 15.5122 17.6642
internal_count=839 807 785 537 148 121 389 100 95 294 82 63 248 85 163 100 67 42 212 185 88 97 61 61 63 61 63 71
is_linear=0
shrinkage=0.03


Tree=9
num_leaves=30
num_cat=0
split_feature=29 39 37 61 20 23 58 55 41 37 20 36 32 44 1 15 1 45 49 60 45 25 20 49 54 14 1 54 32
split_gain=7.1185 8.373 4.83716 4.30689 6.7882 6.27619 6.41462 9.41418 5.4512 5.35146 4.71794 5.78172 4.5449 4.20101 3.84144 3.82084 3.95224 6.38376 3.79285 4.37351 3.74581 3.40864 3.88019 2.38953 2.37534 2.10272 1.92594 1.22034 1.03174
threshold=1.0495083805331487 0.35556542659884977 1.2922431759402055 357.50000000000006 0.54091875474924767 -1.075106223356457 1.0568709832166447 -0.43076969339297727 0.17890329845874817 -0.41160073804723069 -0.78879362507676698 1.2641459859314914 -0.51890338310980799 -0.4591011163450604 -0.46747367340009804 1.1710769391493738 0.057777274805790639 -0.81201293483123871 -0.60411501425260761 476.50000000000006 -0.20643138244375098 -0.78004161591089405 -0.52285114911156405 -0.19952311885612961 0.23421577060094792 -0.35241670951323084 -0.32924973966170612 0.030296035116043788 0.35258925519461143
decision_type=2 2 2 2 2 2 2 2 2 2 2 2 2 2 2 2 2 2 2 2 2 2 2 2 2 2 2 2 2
left_child=3 2 -2 4 10 -5 7 -7 20 14 11 13 23 26 -6 16 17 -11 -15 27 -9 -14 -23 -12 -10 -19 -1 -20 -3
right_child=1 28 -4 5 9 6 -8 8 24 15 12 -13 21 18 -16 -17 -18 25 19 -21 -22 22 -24 -25 -26 -27 -28 -29 -30
leaf_value=-0.01341036220018333 -0.036894916317578984 -0.0013649830564858667 -0.0061018129154637116 0.017132927446403785 0.015048705140967653 -0.038186873340484949 0.013999174519786287 -0.00049694738744834291 -0.0062836228783475804 -0.011808306565420824 0.014055000764110422 -0.018113919544714405 0.0012541795502367884 0.032572470471864838 -0.013255147613323496 -0.0027115323729452424 0.040531648328648001 0.0039054633446084608 0.0049635624359528506 -0.010950179745400636 -0.033429579992220487 -0.040672650596314079 -0.0077036100337242877 -0.0092505099682318112 0.015720600902439659 0.02987794495163679 0.0080613075297082636 0.027333310747049689 0.015231349563413453
leaf_weight=6.453015998005867 10.440089643001562 4.9810301065444929 9.4884075373411161 8.139253228902815 5.9415017962455741 9.4738659411668724 7.1866014003753653 6.1973436325788498 5.9626382589340201 4.9617742896080044 7.9197221696376801 5.9588782489299765 5.6966707557439813 8.3375940471887571 8.6885796338319761 4.9630859196186057 8.5212875008583051 4.9443866163492229 5.6785413771867805 5.9487111419439307 5.7347764074802452 5.9863410890102378 8.1717312186956406 5.2014111876487714 9.1596478223800641 11.498992875218393 5.4502973109483701 5.1642923057079315 5.4219870269298553
leaf_count=26 42 20 38 33 24 38 29 25 24 20 32 24 23 34 35 20 35 20 23 24 23 24 33 21 37 47 22 21 22
internal_value=-4.79051e-07 -0.0131 -0.023967 0.00229753 0.00530916 -0.00482251 -0.00947585 -0.0146221 -0.00458763 0.0137758 -0.000292297 0.00608938 -0.0086892 0.0106932 -0.00105803 0.0199481 0.0238471 0.0147237 0.0173741 0.00744735 -0.0187372 -0.017325 -0.0245877 0.00440477 0.00689939 0.023382 -0.00332935 0.018131 0.00761023
internal_weight=207.672 30.3315 19.9285 177.341 125.487 51.8541 43.7149 36.5283 27.0544 49.5196 75.9672 42.9913 32.9759 37.0325 14.6301 34.8895 29.9264 21.4052 25.1291 16.7915 11.9321 19.8547 14.1581 13.1211 15.1223 16.4434 11.9033 10.8428 10.403
internal_count=839 122 80 717 508 209 176 147 109 201 307 174 133 150 59 142 122 87 102 68 48 80 57 53 61 67 48 44 42
is_linear=0
shrinkage=0.03


Tree=10
num_leaves=28
num_cat=0
split_feature=46 29 34 19 45 45 44 40 35 45 39 14 47 47 59 31 42 34 20 43 20 28 50 47 32 60 38
split_gain=6.81704 5.07943 5.59406 4.52947 3.92911 10.3731 4.28 7.05378 4.52504 3.83999 4.55426 3.31695 3.89528 5.03055 5.93099 4.02747 5.79543 3.85211 3.77701 4.04954 4.84902 3.21467 3.21354 3.17752 3.89225 2.7601 2.18256
threshold=-1.5487830244604275 1.0495083805331487 0.34897139632536461 1.0000000180025095e-35 -0.05974209185885828 0.28240209127393073 -0.72387914460662117 0.14230337593195055 -0.45725437409585501 -0.3436779311520704 -1.116797117338439 -0.087403670492526397 -0.40991792847859448 -0.75345504460729529 0.3658034450095769 0.46108522887307629 -0.22059696816054744 -0.47365472956300742 0.80686123071445059 -0.71863363971262129 -0.78879362507676698 0.33579987091632779 -0.38277916383933569 0.26130101957218826 0.35258925519461143 258.50000000000006 -1.3738412193204337
decision_type=2 2 2 2 2 2 2 2 2 2 2 2 2 2 2 2 2 2 2 2 2 2 2 2 2 2 2
left_child=-1 3 21 4 9 22 -7 8 -8 10 -2 18 13 14 17 16 -14 -13 19 -5 -21 26 -6 24 -9 -12 -3
right_child=1 2 -4 11 5 6 7 23 -10 -11 25 12 15 -15 -16 -17 -18 -19 -20 20 -22 -23 -24 -25 -26 -27 -28
leaf_value=-0.024905326212927105 -0.02185248416790191 -0.0085875053460933038 0.0083096178991909023 -0.0085345230960357388 0.0051338105489830204 0.015267057639898635 -0.00044921386833468937 0.0062269160115440538 -0.031889568171769508 -0.024264123181137628 0.020253354305133451 0.02418848955581988 0.0041195365230096547 0.028107324780645662 -0.0224401708105662 0.012236334694949948 -0.031568804792030274 -0.0055779256297747081 0.030616700490219813 0.030843823089954286 -0.00011775531726899111 0 0.032546118679741373 0.016648309506855665 -0.02299876168252251 -0.004070677562710367 -0.03629078864221625
leaf_weight=7.970001518726348 5.4876878708601025 6.2327691167593029 8.6588761359453184 7.6734647750854501 7.9065959751606014 6.6806293427944174 6.6842577457428005 8.8963950872421282 11.443679988384245 9.6813013106584531 6.1816128045320529 7.4044530689716375 6.667823553085328 7.8488347828388205 5.2117238640785208 5.4101613759994498 7.2019818574190149 5.6792290806770342 9.2644440084695798 7.8270567953586569 8.1276865005493164 5.731434077024459 9.3586899191141111 7.895180568099021 5.2047299593687049 7.6848350614309311 7.4340142309665707
leaf_count=32 22 25 35 31 32 27 27 36 46 39 25 30 27 32 21 22 29 23 38 32 33 23 38 32 21 31 30
internal_value=-3.23981e-06 0.0011403 -0.0103166 0.0031234 -0.0012971 0.00279243 -0.00452542 -0.0083964 -0.0215226 -0.0102115 -0.00165475 0.00837942 0.00279152 0.0101829 0.000642969 -0.00695422 -0.0152939 0.0116116 0.0154634 0.00781024 0.0160729 -0.0189177 0.0217263 0.00284942 -0.00534981 0.00730097 -0.0261511
internal_weight=207.45 199.48 28.0571 171.422 93.1056 64.0702 46.8049 40.1242 18.1279 29.0354 19.3541 78.3169 45.4242 26.1442 18.2954 19.28 13.8698 13.0837 32.8927 23.6282 15.9547 19.3982 17.2653 21.9963 14.1011 13.8664 13.6668
internal_count=839 807 113 694 376 259 189 162 73 117 78 318 184 106 74 78 56 53 134 96 65 78 70 89 57 56 55
is_linear=0
shrinkage=0.03


Tree=11
num_leaves=29
num_cat=0
split_feature=46 43 46 12 36 40 12 48 48 48 34 37 30 23 5 15 33 46 25 43 12 0 28 32 12 49 12 55
split_gain=6.47667 3.84509 5.24686 5.88391 4.89909 8.41144 4.87313 3.77838 6.5007 4.16512 6.89397 5.04491 8.00378 5.93407 4.5519 4.20069 4.51068 4.07496 3.81482 3.65235 3.58532 3.45735 3.38081 3.30329 2.92059 2.43786 1.02574 0.0330007
threshold=-1.5487830244604275 0.25379381659600936 0.67821625400232366 0.17118993910342239 0.76331340246975532 1.5539560512677963 -1.093176134168407 1.203781481250519 1.5604528012456966 0.68886877850109463 0.18444617114769002 -0.41160073804723069 -1.3057343333399525 1.0000000180025095e-35 -0.51454808648927375 -0.28464726494175757 0.74537968765528373 -0.83789199292748973 1.0000000180025095e-35 -0.37542394925075157 0.10064464825533466 -0.15675505742250237 1.0000000180025095e-35 0.19879643667030206 -1.2098955907855509 -0.40181906655436866 0.12474463158732357 0.070181850006797983
decision_type=2 2 2 2 2 2 2 2 2 2 2 2 2 2 2 2 2 2 2 2 2 2 2 2 2 2 2 2
left_child=-1 7 3 6 22 -6 24 9 -9 10 11 14 -13 15 -2 16 -14 -11 20 -15 -12 -5 -4 -7 -3 -17 -19 -8
right_child=1 2 4 21 5 23 27 8 -10 17 18 12 13 19 -16 25 -18 26 -20 -21 -22 -23 -24 -25 -26 -27 -28 -29
leaf_value=-0.02427774254340238 -0.033836268949839661 0.016913440696259347 0.0016339864226593414 -0.01373426998309467 0.035457144486273774 0.0082114264286105281 0.015517547852050268 0.028367684088439961 -0.0086244351144691995 0.0019685318077175646 0.017835749713502821 -0.023857593994291451 -0.015174376310397367 -0.023557404019711601 -0.0011558062469861356 0.0040454574014928699 0.016597149349568366 -0.012550161926358548 0.027814643161108581 0.0055794684682830085 -0.008381749553170819 0.012513015902652646 -0.024095670681265148 -0.021221418755458903 -0.011574443076208744 0.031663636372312814 -0.035034872848327937 0.033255551051468893
leaf_weight=7.96952299773693 8.2077148854732496 4.8944151401519775 6.9092879146337536 8.4503180831670743 5.1465101689100257 5.4469288885593397 6.1393648833036449 7.6336807757616025 6.6787450462579727 6.9229837954044369 6.6385722011327806 9.6637156307697278 6.9377398192882485 7.1782018542289734 7.1763373613357535 5.4213864654302517 6.1841659098863602 7.9138521105051023 7.6173280626535407 5.6602650284767133 9.418556332588194 6.6902573704719535 9.4429161846637708 5.2130576223134995 4.9595546871423739 8.8513458222150927 5.47575943171978 12.426267012953756
leaf_count=32 33 20 28 34 21 22 25 31 27 28 27 39 28 29 29 22 25 32 31 23 38 27 38 21 20 36 22 51
internal_value=-4.45608e-06 0.0011104 0.00638696 0.0130244 -0.00260516 0.0086817 0.0207575 -0.00211245 0.0115456 -0.00408773 -0.0011147 -0.00620038 -0.00123676 0.00471505 -0.0204039 0.0125026 0 -0.0158605 0.0122043 -0.0110532 0.00271348 -0.00169318 -0.0136642 -0.00653096 0.002412 0.0229359 -0.0247515 0.0292874
internal_weight=207.269 199.299 75.7189 43.5602 32.1587 15.8065 28.4196 123.58 14.3124 109.268 88.9553 65.2809 49.8968 40.2331 15.3841 27.3946 13.1219 20.3126 23.6745 12.8385 16.0571 15.1406 16.3522 10.66 9.85397 14.2727 13.3896 18.5656
internal_count=839 807 307 177 130 64 116 500 58 442 360 264 202 163 62 111 53 82 96 52 65 61 66 43 40 58 54 76
is_linear=0
shrinkage=0.03


Tree=12
num_leaves=31
num_cat=0
split_feature=46 27 19 50 16 28 23 33 30 46 36 18 30 31 40 12 54 26 41 40 46 12 12 30 39 45 19 13 24 38
split_gain=6.1566 3.74165 4.50071 5.12406 5.46805 7.06091 5.18422 5.693 4.77177 3.96115 3.84059 6.73819 4.2256 8.89995 5.0308 3.68106 3.47054 4.98794 4.71028 4.20738 3.46016 3.28287 3.05867 2.7976 2.78419 2.52852 2.23304 1.60703 1.34532 0.475748
threshold=-1.5487830244604275 -1.7643535256080913 0.60521597136885663 -0.38277916383933569 0.49248340322201062 1.0000000180025095e-35 1.0000000180025095e-35 0.74537968765528373 -0.22666898291586265 0.62407202490184366 0.33953198569443965 0.68438346484819401 -0.46646128301010475 -0.50017538717395116 -0.49935693103888829 1.7154179701678449 0.78738911537936207 0.32970947758195179 1.4321288395146901 0.39896749872028631 0.71264839100332666 0.95701213668133778 0.068607987980813398 -0.94604588319858951 0.22277941467877582 0.38347042265593501 1.3531831228746205 -0.56696388746761639 -0.31801086864974865 -0.29367141514960088
decision_type=2 2 2 2 2 2 2 2 2 2 2 2 2 2 2 2 2 2 2 2 2 2 2 2 2 2 2 2 2 2
left_child=-1 -2 3 15 6 -6 7 21 23 25 12 28 26 -14 -15 16 17 19 -18 22 -21 -5 29 -8 -19 -10 -4 -7 -12 -3
right_child=1 2 10 4 5 27 8 -9 9 -11 11 -13 13 14 -16 -17 18 24 -20 20 -22 -23 -24 -25 -26 -27 -28 -29 -30 -31
leaf_value=-0.023671919078820911 -0.020482877177175181 -0.0099609059008918394 -0.017408889877274531 0.041231818258780244 0.010745225755015689 -0.0061300616708713776 0.0011871337692665987 -0.0023845953103294316 0.013158463522440374 0.027424263500608431 0.0097040109562962149 -0.0078088242464339251 0.033518893516705166 0.014058772375438403 -0.016466592820893491 0.014406770783467067 0.018167283061784559 -0.0426384909127039 -0.01349227754390561 0.022711339909789262 -0.0057466596941316709 0.0074642010681051398 -0.00032781766038000409 -0.024969594217343571 -0.0086253558530326874 -0.012703727164980586 0.0036654326447132595 -0.032532990826827424 0.03448913499903402 -0.028989384000882346
leaf_weight=7.9667045623064032 5.4526597857475272 5.429732874035829 9.1618656665086728 8.549598380923273 8.4009600430727023 4.9568619579076767 6.4342736601829529 5.9220386296510688 4.9279968738555926 6.3857753723859778 5.1621023863554027 5.4259102046489707 8.0066291838884371 7.3861117213964489 9.1151711195707303 4.9456944912672034 7.4129787236452085 5.7213426232337934 6.4659339934587479 4.9283917099237424 7.927930012345314 5.2091510146856299 9.1644536256790143 5.6939484179019946 5.2028744071722031 5.7049410492181778 6.4165055751800528 5.9699936658143979 10.206629604101179 7.4320537745952686
leaf_count=32 22 22 37 35 34 20 26 24 20 26 21 22 33 30 37 20 30 23 26 20 32 21 37 23 21 23 26 24 42 30
internal_value=-2.0068e-06 0.00108502 0.00187575 -0.00119461 0.0044452 -0.00846052 0.00977288 0.0210919 0.00127594 0.0113029 0.00853638 0.0185837 0.00269776 0.0103347 -0.00243693 -0.00719859 -0.00939623 -0.0133038 0.00315016 -0.00691647 0.00597773 0.0308309 -0.0145989 -0.0120493 -0.0299191 -7.80555e-05 -0.00881781 -0.0232241 0.0281231 -0.0232535
internal_weight=207.087 199.121 193.668 132.787 68.1555 19.3278 48.8277 19.6808 29.1469 17.0187 60.8809 20.7946 40.0863 24.5079 16.5013 64.6314 59.6857 45.8068 13.8789 34.8826 12.8563 13.7587 22.0262 12.1282 10.9242 10.6329 15.5784 10.9269 15.3687 12.8618
internal_count=839 807 785 537 276 78 198 80 118 69 248 85 163 100 67 261 241 185 56 141 52 56 89 49 44 43 63 44 63 52
is_linear=0
shrinkage=0.03


Tree=13
num_leaves=30
num_cat=0
split_feature=29 39 37 61 20 23 59 54 37 13 3 49 20 56 23 42 13 1 45 19 1 0 43 37 25 17 59 57 32
split_gain=6.19826 7.53992 4.5844 3.98599 6.20305 5.68995 6.33412 5.62098 4.90973 4.31503 7.00943 3.8628 3.8192 5.45172 5.14853 5.06331 3.54714 3.66792 5.96195 3.51084 3.50229 2.27062 2.25694 2.06283 1.98489 1.96938 1.74715 1.67482 0.936506
threshold=1.0495083805331487 0.35556542659884977 1.2922431759402055 357.50000000000006 0.54091875474924767 -1.075106223356457 1.0000000180025095e-35 1.1535997539149558 -0.41160073804723069 -1.1013393057336269 0.11058749165846259 -1.0000000180025095e-35 -0.78879362507676698 1.1555287377593941 -0.7422596840959147 0.49806251882776192 1.1710769391493738 0.057777274805790639 -0.81201293483123871 0.41822418349241552 -0.46747367340009804 -0.82077521862150438 0.25379381659600936 -0.16376889601269459 -0.41838105919936419 -0.35241670951323084 -1.0000000180025095e-35 1.0000000180025095e-35 0.35258925519461143
decision_type=2 2 2 2 2 2 2 2 2 2 2 2 2 2 2 2 2 2 2 2 2 2 2 2 2 2 2 2 2
left_child=3 2 -2 4 9 -5 27 11 20 26 12 -8 13 15 -14 19 17 18 -10 -11 -6 -16 -13 -12 -23 -20 -1 -7 -3
right_child=1 28 -4 5 8 6 7 -9 16 10 23 22 14 -15 21 -17 -18 -19 25 -21 -22 24 -24 -25 -26 -27 -28 -29 -30
leaf_value=-0.0020008393658777833 -0.035218932673460608 -0.0011476943231481626 -0.0053335069900145278 0.016239001507352351 0.014368463972811728 0.017061395815440666 -0.033904956911648278 0.0078848939020340347 -0.011505257585012514 -0.021707260868901436 0.029170955349285318 -0.019620398591931088 0.012921754666960928 0.027753952062464129 -0.00060247006364711863 0.016492720873551293 -0.002677443817545499 0.03908726335659727 0.0036506015470239876 0.0051950185700514644 -0.012683996616597413 -0.0095538608888006537 0.0047317419369713983 0.0034587064815929007 -0.035997840698155599 0.028824321600628405 -0.027839301478769576 -0.0015786030642824848 0.014651278822972288
leaf_weight=4.9539172798395157 10.36402796208859 4.9786138832569105 9.4820722192525846 8.0878272205591184 5.9150087386369696 5.6655874550342551 12.6491626650095 5.4371895194053641 4.9581835418939617 9.6912786662578565 8.0987228602170926 5.2213732302188891 4.9200659394264248 5.597739413380622 5.6897927224636122 7.1345990002155295 4.9578832387924185 8.3946350663900358 4.9329501837492016 5.8710271269083014 8.6836767345666868 7.4272820800542867 5.4410879909992218 5.4264832437038413 5.9738579243421555 11.405785977840425 4.968572184443472 9.1679842919111234 5.4008248299360275
leaf_count=20 42 20 38 33 24 23 51 22 20 39 33 21 20 23 23 29 20 35 20 24 35 30 22 22 24 47 20 37 22
internal_value=-7.92934e-06 -0.0122532 -0.0225995 0.00213888 0.00504372 -0.00471973 -0.00915315 -0.0171266 0.0131634 -0.000310409 0.0025102 -0.0233261 -0.00250804 0.0047243 -0.0110425 -0.00207594 0.0191053 0.0228888 0.0140888 -0.011642 -0.00103284 -0.0180013 -0.00764916 0.0206294 -0.0241816 0.0225063 -0.0174212 0.00608651 0.00738002
internal_weight=206.897 30.2255 19.8461 176.672 125.001 51.6702 43.5824 28.7488 49.2481 75.7533 65.8308 23.3116 52.3056 28.2946 24.011 22.6969 34.6494 29.6916 21.2969 15.5623 14.5987 19.0909 10.6625 13.5252 13.4011 16.3387 9.92249 14.8336 10.3794
internal_count=839 122 80 717 508 209 176 116 201 307 267 94 212 115 97 92 142 122 87 63 59 77 43 55 54 67 40 60 42
is_linear=0
shrinkage=0.03


Tree=14
num_leaves=30
num_cat=0
split_feature=29 39 37 61 20 44 16 37 32 44 14 34 18 56 1 37 30 37 37 27 0 1 45 31 16 46 14 46 32
split_gain=5.88875 7.17486 4.36686 3.77336 5.9027 5.50229 5.50891 4.67446 4.29407 3.90463 4.89342 3.78048 5.26824 4.7157 3.33262 3.0202 2.89538 4.75634 2.84273 3.41154 2.83953 3.70638 5.53388 2.81151 2.59454 1.97201 1.83819 1.34577 0.897202
threshold=1.0495083805331487 0.35556542659884977 1.2922431759402055 357.50000000000006 0.54091875474924767 0.60001099670118274 0.48219967400765446 -0.41160073804723069 1.1557295297104495 0.82065935358581654 0.61717391914813347 0.59575923409187648 0.63714093423312879 1.0000000180025095e-35 -0.46747367340009804 -0.16376889601269459 0.37281176731974347 0.5443220812288373 -1.0000000180025095e-35 -0.43568820411203241 -0.90377773877137979 0.057777274805790639 -0.81201293483123871 -0.50017538717395116 0.8839717471418711 0.39835268033003329 -0.34633870506528225 -0.015250320478779994 0.35258925519461143
decision_type=2 2 2 2 2 2 2 2 2 2 2 2 2 2 2 2 2 2 2 2 2 2 2 2 2 2 2 2 2
left_child=3 2 -2 4 8 6 16 14 11 -7 -11 12 18 15 -6 -14 17 -5 19 -1 -9 22 -22 -20 -8 -21 -24 -13 -3
right_child=1 28 -4 5 7 9 24 20 -10 10 -12 27 13 -15 -16 -17 -18 -19 23 25 21 -23 26 -25 -26 -27 -28 -29 -30
leaf_value=-0.031351961031107697 -0.034400049081926239 -0.00112119085253906 -0.0051951951217638782 0.019222716878486298 0.014042060455307721 0.025572619266170667 -0.036352887865996754 -0.00057597925002089809 -0.018064798292368352 -0.021296108646425137 0.011887347271026322 0.027067277144170829 0.011355605343779974 0.028677607060393021 -0.012352221284967725 -0.015054829434684702 -0.016474386224121805 -0.013828500095850174 0.017076968165456397 0.0044524428418469195 -0.011233794083380247 0.03835348889630058 0.0033843516196418151 -0.0079132054279475589 -0.0066217178382905343 -0.014181715010443293 0.027781191653330584 0.0039554845939831643 0.014329493740592924
leaf_weight=5.7138047963380805 10.32865315675736 4.9788671731948835 9.4824074357748014 8.3931933939456957 5.9059308618307105 5.6591305583715465 7.4509758055210096 5.2045899778604463 9.1609497070312482 5.2046168744564048 8.3341519534587842 5.1394275277853012 7.3693121224641809 6.8477196246385565 8.6896054744720441 5.4468462169170389 5.9436908066272727 4.9485298544168463 5.652088388800621 8.0839924067258853 4.9618478715419796 8.3282810151576978 4.9242467582225826 7.6574680507183093 5.6951634436845779 9.1788722127675992 11.110444396734243 5.4396191984415037 5.3902878165245056
leaf_count=23 42 20 38 34 24 23 30 21 37 21 34 21 30 28 35 22 24 20 23 33 20 35 20 31 23 37 46 22 22
internal_value=-2.06964e-06 -0.0119473 -0.0220525 0.00209088 0.00492049 -0.00458259 -0.0119849 0.0128534 -0.000300169 0.00759485 -0.00132193 0.00240217 -0.000761408 0.0111287 -0.000985971 0 -0.00104062 0.00640091 -0.00754953 -0.013684 0.0186673 0.0221391 0.0133124 0.00294884 -0.0258797 -0.00547744 0.0215615 0.0176472 0.00720104
internal_weight=206.625 30.1802 19.8111 176.444 124.815 51.6295 32.4316 49.1249 75.6901 19.1979 13.5388 66.5292 55.9501 19.6639 14.5955 12.8162 19.2854 13.3417 36.2862 22.9767 34.5294 29.3248 20.9965 13.3096 13.1461 17.2629 16.0347 10.579 10.3692
internal_count=839 122 80 717 508 209 131 201 307 78 55 270 227 80 59 52 78 54 147 93 142 121 86 54 53 70 66 43 42
is_linear=0
shrinkage=0.03


Tree=15
num_leaves=31
num_cat=0
split_feature=46 29 42 12 61 44 16 28 46 38 25 37 11 5 18 38 37 57 34 46 47 16 53 12 40 44 61 46 55 25
split_gain=5.6656 4.1556 4.99795 3.86729 3.56973 6.36337 4.77363 3.82643 3.79608 5.56283 5.50215 4.75026 7.32062 3.40981 3.17154 4.79742 4.47444 5.7492 4.11378 4.09593 3.16121 3.15043 3.02375 2.99052 2.77868 2.83058 2.59126 1.75173 1.19542 0.729453
threshold=-1.5487830244604275 1.0495083805331487 -0.22059696816054744 0.27011387481758181 357.50000000000006 0.60001099670118274 0.48219967400765446 1.4025330746559896 0.54152028444363753 0.099117604548883839 0.66660061093522616 1.0000000180025095e-35 -0.033985977850195984 0.043726606278420559 0.68883794584715885 0.72758003606645982 -0.90726442211630298 0.67805572715266438 -0.22686689179649608 0.16736298268624389 0.11319012529296768 0.8839717471418711 -1.0000000180025095e-35 0.037285500144185878 1.0406278056911253 1.0000000180025095e-35 514.00000000000011 -0.86216379488061945 -0.0038330893141520776 -0.78004161591089405
decision_type=2 2 2 2 2 2 2 2 2 2 2 2 2 2 2 2 2 2 2 2 2 2 2 2 2 2 2 2 2 2
left_child=-1 3 22 4 7 6 28 8 9 11 24 12 27 -4 16 -16 -5 18 -18 -20 -13 -8 -3 -22 25 -10 -7 -2 -6 -11
right_child=1 2 13 14 5 26 21 -9 10 29 -12 20 -14 -15 15 -17 17 -19 19 -21 23 -23 -24 -25 -26 -27 -28 -29 -30 -31
leaf_value=-0.022744128207640359 -0.0021085343854412176 -0.034294905915007043 -0.013221939350638767 -0.026939886308208233 0.010503270209851942 -0.0035238141446528796 -0.037874881310789359 -0.011139532588115704 0.014251637718019832 0.01206423847402067 -0.023554789774326023 0.00046886003747540389 0.018626957578418778 0.013177736413632467 -0.0089353550335195455 0.025477723751696019 -0.011353543335217408 -0.026430027722857029 0.02368448807782738 -0.0066414707718589544 0.032376062316204525 -0.0046438149902896875 -0.0040412019967030225 0.0022821948540336541 0.022507363104308169 -0.011729461598151879 0.020916211606270357 -0.027038270366101003 -0.007144887225809222 0.034529784125754137
leaf_weight=7.9379697144031516 5.1376374065876016 6.6485181152820587 5.9358943551778784 7.7060043662786475 5.688556045293808 4.9305002987384787 5.7171898335218412 6.4057908207178107 5.1685169935226494 5.0939566493034354 4.9708541333675376 8.0461992323398608 6.8574315309524527 9.1313517242670041 5.9376587420701963 5.6579089909791946 7.8963022232055691 5.4687032103538504 9.8525181412696856 4.9587723314762107 10.440700590610502 5.4466495215892792 6.1885397583246249 4.874241277575492 6.1280772536993018 7.1721853315830231 9.3061376512050611 5.9032232165336618 4.9349225312471408 10.821377158164976
leaf_count=32 21 27 24 31 23 20 23 26 21 21 20 33 28 37 24 23 32 22 40 20 43 22 25 20 25 29 38 24 20 45
internal_value=-2.18526e-06 0.0010414 -0.00934365 0.00284235 0.00565204 -0.00209783 -0.0121131 0.00890924 0.0107498 0.0148297 0.000264058 0.00825838 -0.00301534 0.0021597 -0.00426685 0.00839285 -0.00869102 -0.00238849 0.00443256 0.0134865 0.0167979 -0.0246062 -0.0220773 0.024213 0.00826316 -4.93311e-05 0.0125417 -0.0175559 0.00194058 0.0293423
internal_weight=206.364 198.426 27.9043 170.522 123.044 36.024 21.7873 87.0202 80.6144 57.1748 23.4396 41.2594 17.8983 15.0672 47.4779 11.5956 35.8823 28.1763 22.7076 14.8113 23.3611 11.1638 12.8371 15.3149 18.4688 12.3407 14.2366 11.0409 10.6235 15.9153
internal_count=839 807 113 694 502 146 88 356 330 235 95 169 73 61 192 47 145 114 92 60 96 45 52 63 75 50 58 45 43 66
is_linear=0
shrinkage=0.03


Tree=16
num_leaves=31
num_cat=0
split_feature=55 19 0 50 61 47 18 47 38 13 16 28 30 38 12 16 12 45 54 38 1 33 56 54 54 54 41 55 13 10
split_gain=5.02057 5.56495 4.91904 4.55826 5.03694 4.81659 5.72474 5.35022 5.19647 4.52997 5.82218 7.35222 4.57428 4.08646 3.97731 3.9054 8.73909 6.80366 5.41206 3.47217 3.28838 2.50658 2.46789 2.20825 2.06632 2.00246 1.9119 1.88025 1.3927 1.08449
threshold=-1.4194870634514836 0.60521597136885663 -0.84449022437861176 -0.38277916383933569 200.50000000000003 -0.57591594074255015 0.40285535898665542 0.83763095785719532 0.72758003606645982 1.5420545619536721 0.49248340322201062 1.0000000180025095e-35 -0.22666898291586265 -0.6079026309083887 0.94913577623720291 -0.39332090920598634 0.077220831270805007 -1.0272418659867681 -0.61180512684323596 1.1596479577347931 0.80418651699310661 0.54127065336837632 1.0000000180025095e-35 0.86603431461507585 0.030296035116043788 0.57768889149566693 0.17890329845874817 1.0000000180025095e-35 -0.56696388746761639 0.34841520368642481
decision_type=2 2 2 2 2 2 2 2 2 2 2 2 2 2 2 2 2 2 2 2 2 2 2 2 2 2 2 2 2 2
left_child=2 3 -1 4 5 8 7 -7 -2 10 12 -12 13 -5 21 20 17 -17 -18 23 -3 -14 -19 29 -20 -26 -16 -8 -13 -6
right_child=1 15 -4 9 19 6 27 -9 -10 -11 11 28 14 -15 26 16 18 22 24 -21 -22 -23 -24 -25 25 -27 -28 -29 -30 -31
leaf_value=0.0054363753075581372 -0.027791712476162678 0.034766314911951202 -0.027198241417438276 0.011804997398651092 -0.012388780496245019 -0.019699304766548475 0.032581695302847664 0.014228996252865896 0.0045868777266189383 -0.020636740826672075 0.011802502434378966 -0.0062936038867455416 0.034519730850147007 -0.016247072566718201 -0.0081118502706431748 -0.0083789735369038231 0.013680286745334955 0.0064952766224929005 -0.029252814603439408 0.001851889858781285 0.0018238497170069664 0.0059900935524080856 0.033049378661196498 -0.0045658898270631316 0.0047789279289047028 -0.017998627294104629 0.013876020341907524 0.0058645211388922928 -0.031401493130843686 -0.038155066074305272
leaf_weight=5.4551831036806098 8.4322650432586652 6.98053430020809 9.8557633906602842 8.5693936645984632 5.2115147560834938 8.422109782695772 5.3896134793758375 5.6787860989570609 6.9376842975616446 4.9510771036148062 8.6080743074417132 4.9408422857522964 11.684366390109071 7.1734382659196809 5.1917756944894773 6.1493965536355963 5.8295387178659466 6.084053307771689 6.147270709276202 5.1764488965272895 4.871351033449173 5.1376935541629782 11.89367890357971 5.2028564959764472 5.6151022613048536 5.1741978526115417 5.8848738372325897 5.8528649210929871 5.9636718928813917 7.6456362009048462
leaf_count=22 34 29 40 35 21 34 22 23 28 20 35 20 48 29 21 25 24 25 25 21 20 21 49 21 23 21 24 24 24 31
internal_value=-1.65103e-05 0.00132927 -0.0157663 -0.00205983 -0.00775232 -0.00106714 0.00671617 -0.00559659 -0.0137127 0.00325101 0.00565186 -0.00740537 0.0116749 -0.000930753 0.0186767 0.00890891 0.00451016 0.016694 -0.00838857 -0.0184481 0.0234017 0.0273376 0.0255632 -0.0242691 -0.0168051 -0.0065198 0.00335463 0.0214712 -0.0226455 -0.0305144
internal_weight=206.111 190.8 15.3109 132.055 63.9498 40.7133 25.3434 14.1009 15.3699 68.1052 63.1541 19.5126 43.6415 15.7428 27.8987 58.7451 46.8932 24.1271 22.7661 23.2365 11.8519 16.8221 17.9777 18.06 16.9366 10.7893 11.0766 11.2425 10.9045 12.8572
internal_count=839 777 62 536 259 165 103 57 62 277 257 79 178 64 114 241 192 99 93 94 49 69 74 73 69 44 45 46 44 52
is_linear=0
shrinkage=0.03


Tree=17
num_leaves=30
num_cat=0
split_feature=46 29 15 28 32 46 46 20 40 53 61 33 43 56 36 57 24 40 32 59 59 46 44 5 45 45 55 32 36
split_gain=5.27359 3.87488 4.5485 3.71035 4.42743 3.38379 3.98859 3.33472 5.91055 5.99161 5.66155 5.03332 4.53698 4.52037 4.38268 3.6676 3.36316 3.10496 3.64267 2.70177 2.38494 1.85164 1.63474 1.86888 1.59307 1.99197 1.57194 1.00976 0.955467
threshold=-1.5487830244604275 1.0495083805331487 -0.17087098970675271 0.33579987091632779 -0.38599600907645421 -0.87979660662160419 -1.0783254913295155 0.54091875474924767 1.0000000180025095e-35 0.32756041882425035 369.00000000000006 1.0311323356569539 1.0000000180025095e-35 -0.65237543190052505 0.33953198569443965 0.67805572715266438 0.41818904525360351 -0.62768899243305587 -0.51890338310980799 0.3658034450095769 0.3658034450095769 -0.23959829613226655 -1.0000000180025095e-35 -0.64215373055046088 -0.34676009173294242 0.55782812834392448 0.74003810691229244 -1.0000000180025095e-35 -0.35392851448334878
decision_type=2 2 2 2 2 2 2 2 2 2 2 2 2 2 2 2 2 2 2 2 2 2 2 2 2 2 2 2 2
left_child=-1 5 -3 4 -4 6 19 8 13 11 15 12 -10 -7 28 20 22 -15 -19 -2 24 -20 -11 -24 -9 -26 -14 -22 -12
right_child=1 2 3 -5 -6 7 -8 10 9 16 14 -13 26 17 -16 -17 -18 18 21 -21 27 -23 23 -25 25 -27 -28 -29 -30
leaf_value=-0.021985537133760349 0.014481355322624921 -0.026655585853734346 -0.026879678260526122 0.016105519970171841 0.0041471631199848126 -0.028157967708198655 0.029128411212588624 0.0072620604348978711 0 -0.010645882410828571 -0.0051290409613458151 -0.010920693384618662 0.035672431307791852 0.012195255740089525 0.0075683234816610635 -0.0044568344901674958 -0.019670089530130535 0.0064879578296010735 -0.002181151745214938 -0.0089691926529821952 -0.0049516023821206531 -0.027185728502798795 -0.0026054839143615678 0.018759153658382415 0.036715596851140862 0.010549601997813438 0.0093998870703969443 0.011285840523612128 -0.026501670260431865
leaf_weight=7.916269212961196 7.3906973004341143 7.6256873905658749 5.6675526946783092 6.1620775759220114 8.3867618739604932 9.6593965440988523 7.5025192350149146 7.3278316706418982 7.4016939699649873 4.939041525125508 4.9392157346010208 4.9569483250379553 9.1902811974287015 5.8938162028789511 9.3068776130676252 8.0133766680955869 9.1465171277523023 6.3701104074716595 4.9345966726541537 7.1387787014245987 4.8655887544155121 7.6926856487989426 6.4155541360378292 5.3507483154535267 8.6399911195039767 6.8392954468727103 5.1481078863143912 5.6019292622804624 5.4497546851634997
leaf_count=32 30 31 23 25 34 39 31 30 30 20 20 20 38 24 38 33 37 26 20 29 20 31 26 22 36 28 21 23 22
internal_value=-1.87947e-05 0.000988302 -0.00904872 -0.00074864 -0.00936457 0.00273071 0.0133221 0.000997016 -0.00270947 0.00353166 0.00632475 0.0132269 0.0193404 -0.0121202 -0.00638885 0.0125412 -0.00643747 -0.00442247 -0.0103859 0.00282395 0.0168229 -0.019108 0.00150182 0.00768039 0.0220668 0.0274612 0.0284019 0.00356226 -0.0187743
internal_weight=205.874 197.957 27.8421 20.2164 14.0543 170.115 22.032 148.083 87.0995 52.5489 60.9839 26.697 21.7401 34.5506 19.6958 41.288 25.8519 24.8912 18.9974 14.5295 33.2746 12.6273 16.7053 11.7663 22.8071 15.4793 14.3384 10.4675 10.389
internal_count=839 807 113 82 57 694 90 604 354 214 250 109 89 140 80 170 105 101 77 59 137 51 68 48 94 64 59 43 42
is_linear=0
shrinkage=0.03


Tree=18
num_leaves=30
num_cat=0
split_feature=46 29 42 12 61 44 16 20 25 31 55 18 45 60 18 16 31 46 5 16 53 28 14 33 42 45 1 13 33
split_gain=5.01596 3.68758 4.64045 3.49276 3.24353 5.73936 4.43352 3.83806 4.92441 4.62022 5.91355 4.49197 4.48393 3.6689 3.04162 4.32267 3.9227 7.74947 3.03784 2.97143 2.86235 2.82414 2.69334 2.58887 2.53162 2.38007 1.15809 0.996954 0.77113
threshold=-1.5487830244604275 1.0495083805331487 -0.22059696816054744 0.27011387481758181 357.50000000000006 0.60001099670118274 0.48219967400765446 0.80686123071445059 0.66660061093522616 -0.50017538717395116 -0.40346881182168093 0.56015414029902211 -0.33167943022063712 301.50000000000006 0.68883794584715885 0.47438402742152364 0.2413685166337555 0.16736298268624389 0.043726606278420559 0.8839717471418711 -1.0000000180025095e-35 -0.73093333282333373 0.60547531076049832 1.0311323356569539 1.0000000180025095e-35 0.67574763146254235 0.11306684830114742 -0.21813680730798782 0.54127065336837632
decision_type=2 2 2 2 2 2 2 2 2 2 2 2 2 2 2 2 2 2 2 2 2 2 2 2 2 2 2 2 2
left_child=-1 3 20 4 7 6 26 8 9 28 -11 25 -12 -14 16 -16 23 -18 -4 -8 -3 -10 -13 27 -7 -9 -6 -5 -2
right_child=1 2 18 14 5 24 19 11 21 10 12 22 13 -15 15 -17 17 -19 -20 -21 -22 -23 -24 -25 -26 -27 -28 -29 -30
leaf_value=-0.021455637052693002 0.030388173810883694 -0.03304652390870727 -0.012291902385121879 -0.0080197411155581884 0.011043506771112339 0.021653120613956817 -0.036517017126357569 0.035596557845959789 0.0053729807043511194 -0.017525775646682042 -0.011067240797866373 0.015258094004090826 0.030359618922483397 0.0047328194912055963 0.026350576352391245 -0.0065867947043281531 0.019005274489298674 -0.019939706992246273 0.012646617899922221 -0.0042776450491788017 -0.0036353064956090283 -0.019842039343021228 -0.012014468052529774 0.00042326662615346772 -0.0018342159781234702 0.0063159258173757097 -0.0063093409429713834 -0.028801917411283583 0.0089581426573453696
leaf_weight=7.9056324809789649 6.9591448158025724 6.6087295264005661 5.915779009461402 5.6706313937902424 5.161505192518236 8.0259814262390119 5.6986697614192945 10.012480378150942 5.1517311185598365 8.1236184388399071 5.9178055375814393 5.0154194384813291 7.9828592240810528 13.652150034904478 4.8919924944639188 6.6739273220300674 9.3302661627531034 6.4510705620050421 9.1065725833177549 5.4420544654130936 6.1713322103023547 8.8726729005575162 4.9400714486837387 5.1892385482788077 6.1442713141441336 4.8591583371162406 5.444608211517334 9.1692370176315343 5.1379083395004272
leaf_count=32 29 27 24 23 21 33 23 42 21 33 24 21 33 56 20 27 38 26 37 22 25 36 20 21 25 20 22 37 21
internal_value=-1.94461e-05 0.00096263 -0.00883442 0.00266392 0.0053428 -0.00204647 -0.0115637 0.00845737 0.00412807 0.00875468 0.0027666 0.0181565 0.00955204 0.0158033 -0.00409374 0.00831114 -0.00843409 0.00238929 0.00223838 -0.0236197 -0.0211381 -0.0105689 0.0014001 -0.016813 0.0118853 0.0278511 0.00196186 -0.022693 0.0237199
internal_weight=205.627 197.721 27.8024 169.918 122.542 35.9171 21.7468 86.625 61.7979 47.7735 35.6764 24.8271 27.5528 21.635 47.3764 11.5659 35.8104 15.7813 15.0224 11.1407 12.7801 14.0244 9.95549 20.0291 14.1703 14.8716 10.6061 14.8399 12.0971
internal_count=839 807 113 694 502 146 88 356 253 196 146 103 113 89 192 47 145 64 61 45 52 57 41 81 58 62 43 60 50
is_linear=0
shrinkage=0.03


Tree=19
num_leaves=27
num_cat=0
split_feature=46 60 44 60 46 52 59 50 52 60 46 48 34 48 12 20 59 47 61 23 16 18 54 56 31 35
split_gain=4.77064 3.25766 5.47968 5.60318 8.54614 5.93702 4.56257 4.3489 4.07041 4.67086 4.05936 5.65162 7.87682 5.92609 4.67929 4.46694 4.37887 5.69586 4.20481 3.54892 2.49561 2.08172 1.20346 1.13456 0.80424 0.484568
threshold=-1.5487830244604275 532.50000000000011 -1.3416945438835961 301.50000000000006 0.15954297586972724 1.6017337553956568 -0.8856097674798622 1.0000000180025095e-35 1.0000000180025095e-35 672.00000000000011 -0.87979660662160419 -0.4584002212227995 -0.88496779250719337 -0.78205139141564128 0.94913577623720291 0.54091875474924767 0.3658034450095769 -1.1748961590149984 357.50000000000006 1.0000000180025095e-35 0.40415431244192229 0.37698252697922119 0.013191303394252419 1.0000000180025095e-35 0.46108522887307629 -0.87648460510322079
decision_type=2 2 2 2 2 2 2 2 2 2 2 2 2 2 2 2 2 2 2 2 2 2 2 2 2 2
left_child=-1 2 19 5 7 10 -3 22 23 -10 21 13 -13 16 18 -16 17 -12 -14 -2 -15 -4 -5 -8 -11 -21
right_child=1 6 3 4 -6 -7 8 -9 9 24 11 12 14 20 15 -17 -18 -19 -20 25 -22 -23 -24 -25 -26 -27
leaf_value=-0.020942096797233984 0 -0.014016527663156754 0.02775798665810892 0.0015718771156350954 -0.031004124906038374 0.031144233848580467 0.0092009882225424656 -0.013457364673846766 0.018625812604921702 0 0.019976019440762795 -0.031952393592368587 0.013632154295063426 0.0044238462134266656 -0.028545382908231481 0.0022781333529366104 -0.020413338594008967 -0.0084409306312019459 -0.0061121242385032727 -0.034281922628490231 0.032396745138406569 0.0010868693205353431 0.023463987489861036 0.03407938247059919 -0.015850932355654046 -0.011963233123290647
leaf_weight=7.8934742957353583 7.335837751626971 5.1624929159879676 6.3749002218246442 4.8827729821205192 9.8974624276161176 5.3597412705421439 4.9123834222555178 7.3199843615293494 8.9818861335515994 5.8557799309492093 11.520890250802042 7.3751928359270087 19.56408853828907 5.5522784143686286 7.6521153301000577 6.873052641749382 5.6857049763202658 10.809827551245691 16.299401044845581 4.9385572969913492 8.4973820447921735 4.8833684325218201 4.7965151816606522 6.7521988302469254 4.9585158228874207 5.2094284892082188
leaf_count=32 30 21 26 20 40 22 20 30 37 24 47 30 81 23 31 28 23 44 66 20 35 20 20 28 20 21
internal_value=-2.26037e-05 0.000935119 -0.000892168 0.00106373 -0.0108565 0.00397094 0.00883628 0.00211254 0.0132355 0.00394544 0.00220913 0.000110462 -0.00586196 0.0083688 -0.00111429 -0.0147378 0 0.00630275 0.00461297 -0.0160611 0.0232211 0.0181474 0.0146498 0.0263001 -0.0085438 -0.0263559
internal_weight=205.345 197.452 160.829 143.345 26.8967 116.448 36.6233 16.9993 31.4608 19.7962 111.088 99.8299 57.7639 42.0661 50.3887 14.5252 28.0164 22.3307 35.8635 17.4838 14.0497 11.2583 9.67929 11.6646 10.8143 10.148
internal_count=839 807 657 586 110 476 150 70 129 81 454 408 236 172 206 59 114 91 147 71 58 46 40 48 44 41
is_linear=0
shrinkage=0.03


Tree=20
num_leaves=29
num_cat=0
split_feature=29 39 37 20 39 60 43 32 46 14 34 55 47 4 24 7 12 12 29 33 14 37 12 47 58 46 12 32
split_gain=4.67258 6.00564 4.20512 2.9758 4.22356 4.21723 3.34004 4.12768 5.9941 4.70879 3.49138 4.45671 3.80746 3.06788 3.28201 3.93628 2.82647 3.59637 3.06547 2.36918 2.06161 2.81237 1.98518 1.75229 1.61351 1.30017 1.15422 0.784904
threshold=1.0495083805331487 0.35556542659884977 1.2922431759402055 0.54091875474924767 -1.5034387402821834 198.00000000000003 1.0000000180025095e-35 1.1557295297104495 0.96019186746355678 0.69315987233064746 0.50174481970463392 -0.25478850807758519 -0.40991792847859448 -0.42669257690493295 -1.1769107682036593 0.79649112603910133 -1.1334447454493297 0.14618846542279679 -0.40327412731516649 -0.25475458035056259 0.089259101491844239 -0.41160073804723069 -0.011465550409397644 -0.75345504460729529 -0.71390236659616579 -0.72841145357611414 -0.10941148420815487 0.35258925519461143
decision_type=2 2 2 2 2 2 2 2 2 2 2 2 2 2 2 2 2 2 2 2 2 2 2 2 2 2 2 2
left_child=3 2 -2 4 -1 -5 10 8 16 -10 12 -12 -6 20 -15 23 -8 19 -19 -18 -7 -22 -14 -16 -25 -24 -26 -3
right_child=1 27 -4 5 6 13 7 -9 9 -11 11 -13 22 14 15 -17 17 18 -20 -21 21 -23 25 24 26 -27 -28 -29
leaf_value=0.022239297218972498 -0.032210972050919537 -0.00095444616579837174 -0.0037638561416631655 0.024864602436738076 0.0025067112121810774 -0.020500327002751426 -0.0043657199571790302 -0.019387671657880141 -0.026928289234827197 0.0035623256531914158 0.019898752905428477 -0.011898913676784707 -0.0065932544888642136 -0.011651956583177477 0 -0.0073850461772885009 0.035432790486438943 0.01731559775696493 -0.009161495021897656 0.0092428253945861863 -0.011756174966468165 0.013843948494275914 -0.0091410306832611192 0.0054811067251879812 0.0096478246239115918 -0.034283267420850576 0.029800693471650357 0.013476181919782377
leaf_weight=4.8980613350868216 10.158210784196859 4.9661628454923612 9.4490216970443708 8.4192227423191053 7.863612741231921 4.919133827090266 6.8396725654602006 5.6933724433183661 6.4413996636867514 9.3346074223518354 6.14310422539711 6.6479393839836103 8.5705161541700381 5.3804993629455558 5.3884834349155417 7.3666131049394599 7.889274880290027 5.607348158955574 7.1660578995943052 7.969930440187464 6.6610067039728174 5.8216006308793995 4.9283158481121072 8.7778931111097354 7.2104618400335339 8.6724533438682521 10.551112189888956 5.350976288318634
leaf_count=20 42 20 38 35 32 20 28 23 26 38 25 27 35 22 22 30 33 23 29 33 27 24 20 36 30 35 44 22
internal_value=-2.36982e-05 -0.0107108 -0.0200279 0.00184354 -0.00132095 0.00655485 -0.00284916 0.00182691 0.00478178 -0.00979693 -0.00905328 0.00343828 -0.0144739 0.00344914 0.00761151 0.0107277 0.0115622 0.0155941 0.00263945 0.0245528 -0.0066754 0 -0.0205271 0.0152302 0.0182422 -0.0273831 0.0233194 0.00678281
internal_weight=205.086 29.9244 19.6072 175.162 104.666 70.496 99.7676 56.9417 51.2483 15.776 42.8259 12.791 30.0349 62.0768 44.6751 39.2946 35.4723 28.6326 12.7734 15.8592 17.4017 12.4826 22.1713 31.928 26.5395 13.6008 17.7616 10.3171
internal_count=839 122 80 717 427 290 407 233 210 64 174 52 122 255 184 162 146 118 52 66 71 51 90 132 110 55 74 42
is_linear=0
shrinkage=0.03


Tree=21
num_leaves=30
num_cat=0
split_feature=46 29 42 46 46 50 19 36 18 58 28 13 37 43 34 47 47 9 46 43 53 5 33 55 19 50 42 37 6
split_gain=4.53682 3.24376 4.27068 2.98667 3.82871 2.82249 5.33998 5.53091 4.13179 3.74502 3.57839 4.54379 4.22326 4.7884 3.52198 3.38158 3.55754 3.29276 3.18093 2.97459 2.76446 2.72627 2.53594 2.07334 1.99964 1.79139 1.34908 1.20326 0.150448
threshold=-1.5487830244604275 1.0495083805331487 -0.22059696816054744 -0.87979660662160419 -1.0783254913295155 -0.38277916383933569 0.60521597136885663 -0.12277501442408603 0.18953357296106113 1.0000000180025095e-35 1.0000000180025095e-35 -0.46063697689555039 -0.41160073804723069 1.340624503058597 0.43123400891420177 -0.22883547967048379 0.19270787416823446 -0.65469980000469474 0.93704393284113985 -0.37542394925075157 -1.0000000180025095e-35 0.043726606278420559 0.54127065336837632 -0.43076969339297727 -0.70372654376623034 -0.58857968832584806 -0.75178006723886293 -0.16376889601269459 -0.62716654227477842
decision_type=2 2 2 2 2 2 2 2 2 2 2 2 2 2 2 2 2 2 2 2 2 2 2 2 2 2 2 2 2
left_child=-1 3 20 4 23 6 8 -8 24 18 11 26 13 17 22 -14 -17 -12 19 -10 -3 -4 -13 -2 -5 -11 -7 -9 -26
right_child=1 2 21 5 -6 10 7 27 9 25 12 14 15 -15 -16 16 -18 -19 -20 -21 -22 -23 -24 -25 28 -27 -28 -29 -30
leaf_value=-0.020449050359990489 -0.0071452645821723278 -0.031868305841839362 -0.011467438251073336 -0.0059401441737088646 0.028035615536044275 0.0078352575912808819 -0.0083261092859477723 0.030955560086935778 -0.0030062501718619975 -0.0017712731324017739 -0.035536541372653524 -0.01552991230031101 0.020936271083665317 0.0089570725757814364 0.017594949456749966 -0.016638634406571311 0.01193133788348714 -0.005113218749224783 -0.0083281624682232259 0.022304276223941821 -0.0030676468379069238 0.012187240431783141 0.0081536061869729691 0.013469882388600061 -0.033868008011913371 -0.025561306580530706 0.03298025292519835 0.006945042709259378 -0.013138754191205399
leaf_weight=7.8717678338289252 7.8776642233133325 6.553882047533989 5.88848853111267 8.8956723213195819 7.4237613081932059 4.8824331164360046 7.5497743338346508 5.9246344417333612 5.6211263388395301 6.4173089861869812 5.4471954107284555 8.3268273323774356 8.6604426652193087 6.3469922393560401 7.5354533344507209 6.0988239198923093 6.51873479783535 8.0959577709436417 8.3630979508161527 9.4780029803514498 6.1519783884286898 9.0726092457771284 5.3482962846755973 6.5932183116674432 5.1989515572786331 5.1932821124792081 7.5081536024808866 5.0364199578762028 4.9423831701278669
leaf_count=32 32 27 24 36 31 20 31 25 23 26 22 34 36 26 31 25 27 33 34 39 25 37 22 27 21 21 31 21 20
internal_value=-2.45196e-05 0.000909969 -0.00829751 0.00250958 0.0124897 0.000875855 -0.00325419 0.00998859 -0.00803963 -0.00152588 0.00495099 0.0120026 -0.000883504 -0.0105497 0.00273912 0.0079885 -0.00175383 -0.020072 0.00518011 0.0131 -0.0201422 0.002316 -0.0059816 0.00225465 -0.0187601 -0.014577 0.02542 0.0225687 -0.0272757
internal_weight=204.823 196.952 27.667 169.285 21.8946 147.39 72.6207 18.5108 54.1098 35.0728 74.7693 33.6012 41.1681 19.8901 21.2106 21.278 12.6176 13.5432 23.4622 15.0991 12.7059 14.9611 13.6751 14.4709 19.037 11.6106 12.3906 10.9611 10.1413
internal_count=839 807 113 694 90 604 297 77 220 143 307 138 169 81 87 88 52 55 96 62 52 61 56 59 77 47 51 46 41
is_linear=0
shrinkage=0.03


Tree=22
num_leaves=30
num_cat=0
split_feature=43 46 19 30 41 38 46 16 16 56 21 32 54 25 18 41 23 54 57 27 40 30 54 33 33 37 54 42 40
split_gain=4.35261 4.52397 3.80325 7.03205 4.66123 4.94533 4.52824 3.34376 6.82639 3.30593 3.27904 3.53612 4.17042 6.95925 3.14695 3.13885 2.98215 2.80962 5.54325 2.74464 4.24254 2.99695 2.43452 2.01141 1.87376 1.68581 2.20751 0.701659 0.503657
threshold=-1.5337566545595618 -0.9038959042814011 0.60521597136885663 -1.3057343333399525 -0.56519936654321723 -0.55553076161525727 1.250588398994964 -0.42909788460904935 0.16098115074931818 1.0000000180025095e-35 -1.772439994824851 1.6341960762305228 0.78738911537936207 1.0000000180025095e-35 0.45549151087252854 1.0000000180025095e-35 -1.0000000180025095e-35 -0.52115657373052315 0.67805572715266438 0.12235123091631225 0.39896749872028631 -0.58635743305722587 0.16474416933836203 0.54127065336837632 0.74537968765528373 0.33189478805637768 1.2449788577677492 0.77927710069275269 1.0000000180025095e-35
decision_type=2 2 2 2 2 2 2 2 2 2 2 2 2 2 2 2 2 2 2 2 2 2 2 2 2 2 2 2 2
left_child=1 -1 4 -4 5 23 9 27 -9 24 -6 12 13 15 -10 -12 -17 -16 22 21 -21 -15 -19 -2 -7 26 -14 -5 -18
right_child=2 -3 3 7 10 6 -8 8 14 -11 11 -13 25 19 17 16 28 18 -20 20 -22 -23 -24 -25 -26 -27 -28 -29 -30
leaf_value=-0.029423098488968829 0.018681163773821091 0.00095645214122028839 -0.022500341906605763 0.031733001935296004 -0.018351828567797782 -0.034530387969070035 0.0031152876123264335 -0.015606978189455958 0.028282316803121335 0 0.0076689164400994027 -0.013328996123373122 0.034193084982293981 0.0033786200968886457 0.019083850025593433 6.2111310939059293e-05 -0.029870701320448785 -0.0032487102187430984 -0.019406639540192002 -0.015647073139703791 0.016014429555134786 0.02967700461637807 0.021608975189816349 -0.0043052176627016644 -0.0085166774828156194 0.0026228579887297818 0.0082517917707920375 0.0094291906340264221 -0.011113490354187521
leaf_weight=7.3868307322263718 4.8426515161991102 7.8541292250156385 4.8693061619997016 6.1644161343574506 4.9455689787864676 12.058078140020379 7.549068182706832 8.5176518410444242 7.3670925348997107 5.149474322795867 5.85083840787411 8.114330440759657 6.3239506930112865 8.0111308991909009 8.9533749967813439 7.0463051646947923 6.4169944971799797 4.8735825568437665 6.8831398785114279 6.1137214899063093 6.1198770850896835 8.5716143101453834 6.9709591418504715 5.8216028213500977 5.4030809402465811 6.8884878605604163 8.0969038456678373 4.7780077010393143 6.6342271566390991
leaf_count=30 20 32 20 26 20 49 31 35 31 21 24 33 26 33 37 29 26 20 28 25 25 35 29 24 22 28 33 20 27
internal_value=-3.13975e-05 -0.0147262 0.00122651 0.00743594 -0.0016174 -0.00984891 -0.0159133 0.0107483 0.00638137 -0.0223139 0.00218709 0.00376378 0.00588679 0.00124311 0.0123105 -0.00961741 -0.0151108 0.00661884 -1.70929e-05 0.0112126 0 0.0186382 0.0117159 0.00665614 -0.0281078 0.0166913 0.0221544 0.0247871 -0.0228768
internal_weight=204.576 15.241 189.335 59.3775 129.958 40.824 30.1597 54.5082 43.5658 22.6106 89.134 84.1884 76.0741 54.7647 35.0481 25.9484 20.0975 27.6811 18.7277 28.8163 12.2336 16.5827 11.8445 10.6643 17.4612 21.3093 14.4209 10.9424 13.0512
internal_count=839 62 777 246 531 167 123 226 180 92 364 344 311 224 145 106 82 114 77 118 50 68 49 44 71 87 59 46 53
is_linear=0
shrinkage=0.03


Tree=23
num_leaves=30
num_cat=0
split_feature=46 60 59 60 47 47 14 54 47 37 49 29 57 14 43 55 1 46 38 60 55 35 54 25 37 12 23 2 47
split_gain=4.22036 3.10267 4.23404 4.19513 3.95055 3.88166 3.48126 3.1615 4.35629 4.43797 3.77067 4.15577 5.41509 5.9803 4.28862 4.27743 5.39738 3.8004 4.37494 3.38348 3.20379 2.56696 2.29037 3.07435 1.87826 1.46904 0.552162 0.32934 0.154163
threshold=-1.5487830244604275 532.50000000000011 -0.8856097674798622 369.00000000000006 0.44459774575935651 -0.071442918026847782 -0.57388787081229375 0.93361907896812801 1.5753158250271324 0.33189478805637768 -0.40181906655436866 1.0000000180025095e-35 1.0000000180025095e-35 -0.066218875991933837 -0.37542394925075157 0.81123656497981977 -0.19102580592331422 -0.86216379488061945 0.72758003606645982 223.00000000000003 -0.40346881182168093 1.0100514344299254 0.094441537373349024 -0.41838105919936419 -0.41160073804723069 0.11892691083724723 -0.7422596840959147 -0.43631514194927484 -0.1000425124425577
decision_type=2 2 2 2 2 2 2 2 2 2 2 2 2 2 2 2 2 2 2 2 2 2 2 2 2 2 2 2 2
left_child=-1 3 -3 7 25 -5 -7 10 9 24 17 15 13 -13 -14 20 -17 -2 19 22 -12 -20 27 -24 -9 28 -22 -19 -4
right_child=1 2 4 5 -6 6 -8 8 -10 -11 11 12 14 -15 -16 16 -18 18 21 -21 26 -23 23 -25 -26 -27 -28 -29 -30
leaf_value=-0.019755616051972336 0.01294316868596437 -0.013405445451192906 0.013722152738759803 -0.032210616676739773 -0.0027971064780899619 -0.015592873231655809 0.013371071103464287 0.011004764726644281 -0.010094044322878091 -0.0011551248399885906 -0.0014755087454772883 0.02976004789172065 -0.026461818733432434 -0.0099897992057377157 0.00094593118160232748 -0.023198531322437731 0.015397810337541 -0.016132816753128602 0.01637333915006383 0.0053192988375057324 0.011510873485393459 -0.0061619649028471458 0.0077294493125013315 -0.019179047566940718 0.038813468644517873 0.0064786720306576244 0.029291035793497597 -0.034049734159029871 0.031095191405379845
leaf_weight=7.843633458018302 6.1209333986043921 5.1554559469223014 6.7890906035900125 5.4298471659421947 9.2349552214145643 7.0724460333585748 5.0341501533985111 6.8216579407453573 5.9253817051649085 7.3395184725522986 5.1330666691064826 5.6242228746414185 9.4669868350029009 5.1420610696077365 8.718771353363989 5.148338794708252 4.8386585563421232 9.3388611674308759 6.085863083600997 4.8654229044914237 6.9920904636383083 9.593719080090521 5.349996879696846 7.0971624702215177 5.5209216624498385 8.0890189558267576 10.100280106067659 7.3219356089830461 7.1810557246208235
leaf_count=32 25 21 28 22 38 29 21 28 24 30 21 23 39 21 36 21 20 38 25 20 29 39 22 29 23 33 42 30 30
internal_value=-2.53484e-05 0.000875468 0.00860513 -0.000910933 0.0128615 -0.0141579 -0.00296183 0.000807552 0.0100681 0.0167063 -0.00127152 0.00376996 -0.00423209 0.011386 -0.0139461 0.0110083 -0.00440761 -0.00685896 -0.00972531 -0.0155983 0.0180291 0.00290151 -0.0193801 -0.00759572 0.0267352 0.0194322 0.0238558 -0.0264992 0.0251894
internal_weight=204.376 196.532 36.4496 160.082 31.2941 17.5364 12.1066 142.546 25.6075 19.6821 116.938 61.1645 28.952 10.7663 18.1858 32.2124 9.987 55.7739 49.653 33.9734 22.2254 15.6796 29.108 12.4472 12.3426 22.0592 17.0924 16.6608 13.9701
internal_count=839 807 150 657 129 72 50 585 105 81 480 252 119 44 75 133 41 228 203 139 92 64 119 51 51 91 71 68 58
is_linear=0
shrinkage=0.03


Tree=24
num_leaves=28
num_cat=0
split_feature=43 46 4 60 54 47 28 38 37 37 35 20 60 38 18 36 26 26 36 45 29 28 26 35 46 54 11
split_gain=4.05075 4.31202 3.48546 3.47713 3.22387 3.21994 3.86324 7.98116 5.22895 4.80969 4.49965 3.83021 8.00872 9.20474 5.22287 4.20358 3.53111 3.19976 3.02119 2.99142 2.87303 2.78114 3.06327 2.49521 2.37928 2.16462 0.281712
threshold=-1.5337566545595618 -0.9038959042814011 -0.89899991650330258 532.50000000000011 -0.54280071636696403 0.37987030295720331 0.33579987091632779 -0.6079026309083887 0.33189478805637768 -0.41160073804723069 0.17159097241519353 0.80686123071445059 301.50000000000006 -0.55553076161525727 0.64250624679976354 -0.35392851448334878 -1.0728665853836312 0.32970947758195163 0.33953198569443965 -0.60565973717729815 -1.0000000180025095e-35 -0.37535559824344661 -0.56283892612341935 0.17159097241519353 -1.2158274538739202 -0.34577655785174416 -0.54687368214107057
decision_type=2 2 2 2 2 2 2 2 2 2 2 2 2 2 2 2 2 2 2 2 2 2 2 2 2 2 2
left_child=1 -1 20 5 -5 11 7 24 9 -9 -8 12 13 19 25 -14 -15 -6 26 -4 -2 -18 -23 -16 -7 -13 -19
right_child=2 -3 3 4 17 6 10 8 -10 -11 -12 14 15 16 23 -17 21 18 -20 -21 -22 22 -24 -25 -26 -27 -28
leaf_value=-0.028572155515947731 0.0003601682114099674 0.0010713668929718371 -0.0028097996279875409 0.02573483792380284 -0.008490671871471801 0 -0.0017577754581142285 -0.018275425155898233 -0.032282423040030275 0.016062831180350658 0.030852631361379834 0.024499279915816578 -0.0032684909774112849 -0.011349073581741032 0.0062837561445095594 -0.040880451921280946 0.023569030159944403 0.026954397707210923 -0.0041132377457939141 -0.034806801863504697 -0.0282260034945244 0.018959871584814068 -0.0020083805043761074 -0.017346444792302122 0.024139786335737674 0.002815676132179762 0.0091605200448165499
leaf_weight=7.3741210699081421 5.4065545797348022 7.8469540923833829 4.88962022960186 8.160595774650572 9.0751874595880526 5.3923625946044913 5.3421382009983054 5.412038087844846 5.8727604597806922 6.3296254873275837 8.5723290592432004 9.5927830934524554 4.8846698403358459 8.3165785968303592 5.3940589725971213 6.8803033083677274 7.4601074755191723 5.3211507946252796 5.5402303338050833 6.8562464118003756 4.8799550980329496 7.0570451319217602 21.223518386483224 8.1111546009778959 9.4072259664535469 8.4239318817853945 5.1003853529691705
leaf_count=30 22 32 20 34 37 22 22 22 24 26 36 40 20 34 22 28 31 22 23 28 20 29 87 33 39 35 21
internal_value=-2.07199e-05 -0.0142059 0.00119367 0.00224784 0.0107843 0.000168005 0.0066125 0.000517037 -0.0124809 0 0.0189907 -0.00283908 -0.00686122 -0.00171776 0.00552085 -0.0278522 0.00461782 0.00450596 0.0123335 -0.0237665 -0.0145584 0.00880178 0.00371393 -0.00782387 0.0160802 0.0156639 0.0209975
internal_weight=204.124 15.2211 188.903 178.616 33.1975 145.418 46.3285 32.414 17.6144 11.7417 13.9145 99.09 67.5681 55.8031 31.5219 11.765 44.0572 25.037 15.9618 11.7459 10.2865 35.7407 28.2806 13.5052 14.7996 18.0167 10.4215
internal_count=839 62 777 735 137 598 191 133 72 48 58 407 277 229 130 48 181 103 66 48 42 147 116 55 61 75 43
is_linear=0
shrinkage=0.03


Tree=25
num_leaves=30
num_cat=0
split_feature=29 39 37 61 23 58 55 20 12 25 31 36 41 37 30 12 55 13 1 18 20 18 47 49 47 55 54 32 1
split_gain=3.96383 5.45336 4.01445 2.88194 4.90616 4.99982 7.00189 4.88313 5.16523 7.34286 4.93899 6.07313 4.40714 4.18733 4.16847 3.34562 3.14458 2.97042 3.23533 2.76249 2.2346 2.16582 2.47412 1.82044 1.73918 1.57137 1.03166 0.715482 0.0100843
threshold=1.0495083805331487 0.35556542659884977 1.2922431759402055 357.50000000000006 -1.075106223356457 1.0568709832166447 -0.43076969339297727 0.54091875474924767 0.18128221900936989 0.66660061093522616 -0.19806490784488559 -0.12277501442408603 0.17890329845874817 -0.41160073804723069 0.61260406741398576 0.039079983441406264 -0.47029761573478446 1.1710769391493738 0.057777274805790639 0.58831791916191356 0.80686123071445059 0.49258079670897031 0.45403967360300762 -1.0000000180025095e-35 -0.30337581971387573 -0.53439145032522617 -0.3349160677063156 0.35258925519461143 -0.27396016616634933
decision_type=2 2 2 2 2 2 2 2 2 2 2 2 2 2 2 2 2 2 2 2 2 2 2 2 2 2 2 2 2
left_child=3 2 28 7 -5 6 -6 8 9 10 26 16 23 15 -13 -9 -12 18 24 -11 -14 22 -10 -8 -15 -26 -1 -3 -2
right_child=1 27 -4 4 5 -7 12 13 21 19 11 14 20 17 -16 -17 -18 -19 -20 -21 -22 -23 -24 -25 25 -27 -28 -29 -30
leaf_value=0.028824424453467778 -0.037557855287067732 -0.00066088494629081267 -0.0030665334198231912 0.015410167997442615 -0.033350514424356228 0.012505907987958647 -0.027071101359710137 -0.016190217823083213 -0.029614286209342311 -0.028827175930802602 -0.026875550094957637 0.029827753096648792 0.014383642170120812 0.00080263689346167716 -0.0029160831259691009 0.010123403280379178 4.7732731770334882e-05 -0.0027547103993928262 0.036067537376890911 0 -0.0072756538355728843 -7.8437324661223423e-05 -0.0032427657488282883 -0.0025885434681767569 0.02956666833047502 0.0060849147990622316 0.0073388720998105277 0.013120539693039415 -0.01539235542345907
leaf_weight=10.070128813385962 5.2089504748582858 4.9497382491826993 9.4069764614105207 7.9645004123449317 9.341889023780821 7.0758236497640601 5.8639702796936035 6.4129812866449347 7.177805110812189 5.1866725087165815 4.9359297007322267 6.8646919876337069 9.5304792970418912 8.5219596326351184 5.0698280781507492 8.0404522418975812 8.8041130006313342 4.9307444542646399 8.0253280848264676 5.3866314589977264 5.4147494435310355 9.6196994483470899 6.6303373277187347 5.8619650602340716 5.471394181251525 6.9255423694849041 5.0525958091020575 5.3266829997301102 4.7986379861831701
leaf_count=42 22 20 38 33 38 29 24 26 29 21 20 29 39 35 21 33 36 20 35 22 22 39 27 24 23 29 21 22 20
internal_value=-2.5168e-05 -0.00990876 -0.0188563 0.00169567 -0.0041585 -0.00830684 -0.0128926 0.00419202 -0.000567569 0.00467026 0.0105315 0.00190857 -0.00411976 0.0114742 0.0166989 -0.00160035 -0.0109237 0.0170537 0.0205947 -0.0159473 0.00622364 -0.0118833 -0.0189018 -0.0169672 0.012375 0.0189531 0.0233169 0.00673441 -0.0308427
internal_weight=203.871 29.691 19.4146 174.18 51.0534 43.0889 36.0131 123.127 74.7984 51.3706 40.7973 25.6746 26.6712 48.3284 11.9345 14.4534 13.74 33.875 28.9442 10.5733 14.9452 23.4278 13.8081 11.7259 20.9189 12.3969 15.1227 10.2764 10.0076
internal_count=839 122 80 717 209 176 147 508 307 212 169 106 109 201 50 59 56 142 122 43 61 95 56 48 87 52 63 42 42
is_linear=0
shrinkage=0.03


end of trees

feature_importances:
Column_46=43
Column_12=42
Column_37=42
Column_18=25
Column_45=25
Column_47=25
Column_54=25
Column_29=24
Column_20=22
Column_55=22
Column_28=20
Column_32=20
Column_61=19
Column_16=18
Column_36=16
Column_39=16
Column_43=16
Column_33=15
Column_38=15
Column_19=14
Column_34=14
Column_40=14
Column_42=14
Column_60=14
Column_1=13
Column_23=13
Column_30=13
Column_14=12
Column_25=12
Column_49=12
Column_59=12
Column_13=11
Column_31=11
Column_41=11
Column_44=11
Column_53=10
Column_5=8
Column_56=7
Column_57=7
Column_0=6
Column_27=6
Column_35=6
Column_50=6
Column_58=6
Column_24=5
Column_48=5
Column_4=4
Column_26=4
Column_2=3
Column_15=3
Column_9=2
Column_11=2
Column_21=2
Column_52=2
Column_3=1
Column_6=1
Column_7=1
Column_10=1
Column_17=1
Column_22=1
Column_62=1

parameters:
[boosting: gbdt]
[objective: binary]
[metric: binary_logloss]
[tree_learner: serial]
[device_type: cpu]
[data_sample_strategy: bagging]
[data: ]
[valid: ]
[num_iterations: 1400]
[learning_rate: 0.03]
[num_leaves: 96]
[num_threads: 2]
[seed: 42]
[deterministic: 0]
[force_col_wise: 1]
[force_row_wise: 0]
[histogram_pool_size: -1]
[max_depth: 10]
[min_data_in_leaf: 20]
[min_sum_hessian_in_leaf: 0.001]
[bagging_fraction: 0.85]
[pos_bagging_fraction: 1]
[neg_bagging_fraction: 1]
[bagging_freq: 0]
[bagging_seed: 400]
[bagging_by_query: 0]
[feature_fraction: 0.8]
[feature_fraction_bynode: 1]
[feature_fraction_seed: 30056]
[extra_trees: 0]
[extra_seed: 12879]
[early_stopping_round: 0]
[early_stopping_min_delta: 0]
[first_metric_only: 0]
[max_delta_step: 0]
[lambda_l1: 0.2]
[lambda_l2: 1.5]
[linear_lambda: 0]
[min_gain_to_split: 0]
[drop_rate: 0.1]
[max_drop: 50]
[skip_drop: 0.5]
[xgboost_dart_mode: 0]
[uniform_drop: 0]
[drop_seed: 17869]
[top_rate: 0.2]
[other_rate: 0.1]
[min_data_per_group: 100]
[max_cat_threshold: 32]
[cat_l2: 10]
[cat_smooth: 10]
[max_cat_to_onehot: 4]
[top_k: 20]
[monotone_constraints: ]
[monotone_constraints_method: basic]
[monotone_penalty: 0]
[feature_contri: ]
[forcedsplits_filename: ]
[refit_decay_rate: 0.9]
[cegb_tradeoff: 1]
[cegb_penalty_split: 0]
[cegb_penalty_feature_lazy: ]
[cegb_penalty_feature_coupled: ]
[path_smooth: 0]
[interaction_constraints: ]
[verbosity: -1]
[saved_feature_importance_type: 0]
[use_quantized_grad: 0]
[num_grad_quant_bins: 4]
[quant_train_renew_leaf: 0]
[stochastic_rounding: 1]
[linear_tree: 0]
[max_bin: 255]
[max_bin_by_feature: ]
[min_data_in_bin: 3]
[bin_construct_sample_cnt: 200000]
[data_random_seed: 175]
[is_enable_sparse: 1]
[enable_bundle: 1]
[use_missing: 1]
[zero_as_missing: 0]
[feature_pre_filter: 1]
[pre_partition: 0]
[two_round: 0]
[header: 0]
[label_column: ]
[weight_column: ]
[group_column: ]
[ignore_column: ]
[categorical_feature: ]
[forcedbins_filename: ]
[precise_float_parser: 0]
[parser_config_file: ]
[objective_seed: 16083]
[num_class: 1]
[is_unbalance: 0]
[scale_pos_weight: 1]
[sigmoid: 1]
[boost_from_average: 1]
[reg_sqrt: 0]
[alpha: 0.9]
[fair_c: 1]
[poisson_max_delta_step: 0.7]
[tweedie_variance_power: 1.5]
[lambdarank_truncation_level: 30]
[lambdarank_norm: 1]
[label_gain: ]
[lambdarank_position_bias_regularization: 0]
[eval_at: ]
[multi_error_top_k: 1]
[auc_mu_weights: ]
[num_machines: 1]
[local_listen_port: 12400]
[time_out: 120]
[machine_list_filename: ]
[machines: ]
[gpu_platform_id: -1]
[gpu_device_id: -1]
[gpu_device_id_list: ]
[gpu_use_dp: 0]
[num_gpu: 1]

end of parameters

pandas_categorical:null
