tree
version=v4
num_class=1
num_tree_per_iteration=1
label_index=0
max_feature_idx=62
objective=binary sigmoid:1
feature_names=Column_0 Column_1 Column_2 Column_3 Column_4 Column_5 Column_6 Column_7 Column_8 Column_9 Column_10 Column_11 Column_12 Column_13 Column_14 Column_15 Column_16 Column_17 Column_18 Column_19 Column_20 Column_21 Column_22 Column_23 Column_24 Column_25 Column_26 Column_27 Column_28 Column_29 Column_30 Column_31 Column_32 Column_33 Column_34 Column_35 Column_36 Column_37 Column_38 Column_39 Column_40 Column_41 Column_42 Column_43 Column_44 Column_45 Column_46 Column_47 Column_48 Column_49 Column_50 Column_51 Column_52 Column_53 Column_54 Column_55 Column_56 Column_57 Column_58 Column_59 Column_60 Column_61 Column_62
feature_infos=[-2.4772240900572613:8.0496637267604925] [-2.1181508652822547:13.114457097418869] [-1.9897923413209924:10.508492508577467] [-2.4193085935393963:7.8232531008087598] [-1.7565125419745586:13.100050146520873] [-1.9710493013675308:10.302221529082706] [-3.6030975376594925:5.2837277249076493] [-2.4282971124992958:10.68388338611147] [-3.199621700953462:5.8622309386850464] [-3.4806397838061622:5.055880758762946] [-8.7363675735568869:2.7294614557306005] [-3.3813259997802683:4.8001648705486257] [-1.6391081470605493:2.6319710060501516] [-3.6158847710153927:4.7664730290710215] [-3.4418756296367463:4.6881511214427176] [-3.6158847710153927:4.7664730290710215] [-9.6719139010169606:2.6730728288720709] [-3.4418756296367463:4.6881511214427176] [-10.025912922363496:0.81632666116490549] [-1.7145719186621944:1.5988257330453501] [-1.4341425058595612:1.4529818162813617] [-2.1894537722961491:1.1347200045893973] [-1.614274559342741:0.61947330719698868] [-2.2584256557655222:2.7433243288228013] [-2.432798682026613:4.8921690035066341] [-2.390153322750038:3.8868791092918271] [-3.3808619795885226:3.6356078813142934] [-2.2356480855659262:2.6257398844268618] [-2.3747289613725595:4.2903785576502091] [-2.3751333697841459:5.0324308921221395] [-3.4967111358970318:3.746194895427962] [-2.9441166879204785:3.1337050532328612] [-2.5079200699188959:3.946030092137117] [-2.7507516173992257:5.0721635644808618] [-4.4035535057069044:3.3912300880882915] [-2.8421871164185837:3.4343823712679886] [-2.4311442878019807:4.099191281454476] [-3.1451944084766477:3.6428870477314987] [-3.1884666580112162:3.9305679813218211] [-3.7777906947590463:2.9160989650139761] [-3.6683614976715146:4.4472178640568458] [-2.5062412895364039:2.236643900451698] [-3.3243910361021065:3.5434364391160278] [-1.8564922303434206:3.0886561201362173] [-3.8792242072568541:3.15809121533893] [-3.169848548370537:3.55245008138473] [-2.662291539915639:3.5379255074752418] [-3.1871709999765008:3.5401853130113254] [-3.1693575793120856:2.8147660774071541] [-1.2031302875581824:5.1661511662601045] [-1.1971021646213413:5.0427116985874507] [-9.1079747520334813:9.5735374097745574] [-3.7752194899971103:4.563118679566907] [-3.2184302068811412:4.3429791197933003] [-2.7559290938939038:3.1168489575282661] [-2.6713577136730824:3.1677994733278148] [-1.1309577886373481:3.1644395126928524] [-1.1269353732484941:2.9637315922663952] [-1.2012788231876601:3.0676134586328359] [-2.8150480610832251:2.9188760507094882] [2:815] [2:815] [0:2]
tree_sizes=4698 4142 4343 3974 4696 3847 4620 4055 4698

Tree=0
num_leaves=43
num_cat=0
split_feature=18 18 2 20 36 0 54 35 7 24 20 36 43 28 41 37 32 42 55 47 54 53 36 53 32 39 45 40 16 26 47 29 26 53 20 55 29 26 47 32 26 47
split_gain=7.53131 10.394 9.08981 8.2573 6.79049 8.90394 6.6345 6.32269 5.49875 5.4764 6.18836 5.71966 6.33061 5.35193 4.9083 5.25538 6.05312 4.86861 4.58417 6.91634 4.21536 4.14657 3.80662 3.73873 5.36836 3.5613 3.11017 2.96098 2.92035 4.27153 3.5222 2.80577 3.05008 2.62147 2.51784 2.20108 1.95493 1.77576 1.63172 1.28324 1.16839 0.846812
threshold=0.67600316660548254 0.20864235592997482 -0.87290114941637864 0.53435135014561363 1.1031307318230794 0.53511880793707556 0.0059549310484513836 1.0000000180025095e-35 -0.19272486086471974 1.0000000180025095e-35 -1.3029095821258825 -1.3288013177779205 -1.4856061040574475 0.40239917155359395 0.81377834345526789 0.55861987814486114 -1.0880510342665728 -0.55084532495632121 0.4271294840255096 0.91164019312082012 -0.12648363013880279 -1.0000000180025095e-35 -0.79856039548786661 -0.38290170937822582 0.36869771659749861 -0.39985563496617821 0.47237363764277124 0.81775042728388481 -0.95340655965137755 1.1969567711224622 0.71161940814033475 0.40270322843071077 0.68355653739786548 -0.38290170937822582 1.0000000180025095e-35 -0.59255869519200555 1.1434596546213396 0.42685642053556733 -0.069482662874251103 0.36869771659749861 -0.47159398848247619 -0.85251661059468464
decision_type=2 2 2 2 2 2 2 2 2 2 2 2 2 2 2 2 2 2 2 2 2 2 2 2 2 2 2 2 2 2 2 2 2 2 2 2 2 2 2 2 2 2
left_child=1 3 -2 6 5 9 17 -4 -8 11 -11 -3 35 28 15 16 -14 -1 19 31 38 -16 -22 -24 -25 -9 27 -6 29 -10 -30 32 -12 -17 -7 -13 -33 -27 -5 -20 -19 -36
right_child=2 4 7 20 26 34 8 25 13 10 18 12 14 -15 21 33 -18 40 39 -21 22 -23 23 24 -26 37 -28 -29 30 -31 -32 36 -34 -35 41 -37 -38 -39 -40 -41 -42 -43
leaf_value=-0.091170371588982391 -0.046040265792618301 -0.064236466909788098 -0.063236381273923226 -0.074600132564360017 -0.070860285673193593 -0.12370847298961729 -0.11896922306136687 -0.074600132564360017 -0.11742031116363155 -0.071624670301213098 -0.067167797797084552 -0.11983810088733815 -0.075905951431846419 -0.067134994705856127 -0.086616761200458595 -0.059308965179207432 -0.10067850725966652 -0.077111652167791811 -0.12610307340038471 -0.11620006676107478 -0.044606556056028208 -0.052608357374947713 -0.055784682599170715 -0.062278409730541259 -0.095308574280186298 -0.11206137887579069 -0.064104068332808406 -0.096711233147969963 -0.098062718839467905 -0.083843693096048083 -0.068210308673499628 -0.10607424871401556 -0.093134070404461602 -0.084642993101463448 -0.086616761200458595 -0.090602476139457822 -0.083735627314993302 -0.086616761200458595 -0.095860321732146675 -0.10117123605477919 -0.0535160931203345 -0.1048207826122782
leaf_weight=6.7378568351268795 7.7360578477382651 8.7342588603496534 8.9838091135025042 4.9910050630569458 5.4901055693626422 8.2351583540439623 4.9910050630569449 4.9910050630569449 6.9874070882797259 5.9892060756683341 8.7342588603496569 5.2405553162097931 10.980211138725272 6.7378568351268759 4.9910050630569458 5.2405553162097922 29.446929872035987 5.240555316209794 5.9892060756683341 7.7360578477382651 6.9874070882797268 5.7396558225154859 7.7360578477382687 6.2387563288211814 8.7342588603496534 5.4901055693626386 9.4829096198081952 7.736057847738266 5.9892060756683367 4.9910050630569458 5.2405553162097931 5.9892060756683332 5.2405553162097922 9.233359366655348 4.9910050630569458 5.4901055693626386 5.4901055693626404 4.9910050630569458 4.991005063056944 8.7342588603496534 6.4883065819740269 5.7396558225154859
leaf_count=27 31 35 36 20 22 33 20 20 28 24 35 21 44 27 20 21 118 21 24 31 28 23 31 25 35 22 38 31 24 20 21 24 21 37 20 22 22 20 20 35 26 23
internal_value=-0.0848796 -0.0865184 -0.0714915 -0.0784693 -0.0907168 -0.0929458 -0.0861154 -0.0815529 -0.0937972 -0.0901083 -0.0974526 -0.0852497 -0.0880817 -0.0879851 -0.0844875 -0.0881426 -0.0937267 -0.0723047 -0.101107 -0.0939422 -0.0683623 -0.0671899 -0.0629313 -0.0709635 -0.0811054 -0.0928076 -0.0759204 -0.0852382 -0.0949909 -0.104427 -0.0842803 -0.0855885 -0.0771491 -0.0735549 -0.111541 -0.107907 -0.0960308 -0.10218 -0.0848796 -0.114557 -0.061529 -0.0980958
internal_weight=305.949 273.757 32.192 93.0822 180.674 157.965 53.4038 24.4559 34.937 138.999 53.9029 85.0966 76.3624 29.946 65.6317 54.9011 40.4271 18.4667 47.9136 33.1902 39.6785 10.7307 29.6965 22.7091 14.973 15.4721 22.7091 13.2262 23.2082 11.9784 11.2298 25.4541 13.9748 14.4739 18.9658 10.7307 11.4793 10.4811 9.98201 14.7235 11.7289 10.7307
internal_count=1226 1097 129 373 724 633 214 98 140 557 216 341 306 120 263 220 162 74 192 133 159 43 119 91 60 62 91 53 93 48 45 102 56 58 76 43 46 42 40 59 47 43
is_linear=0
shrinkage=1


Tree=1
num_leaves=38
num_cat=0
split_feature=38 56 5 24 60 12 49 54 48 28 41 12 34 33 61 40 36 37 41 32 9 0 25 41 32 0 38 56 34 54 31 53 40 54 43 54 47
split_gain=7.24529 10.7375 8.89 9.52125 7.57044 6.57338 6.00154 4.86659 5.37629 5.36628 5.46822 4.56343 6.51371 4.8041 4.2174 4.89623 4.31973 3.66943 6.64655 4.82062 5.80711 3.46359 3.46029 3.42612 2.9011 2.83809 2.79226 2.69128 2.3689 2.30358 2.06885 1.61796 1.43596 0.88441 0.693607 0.537216 0.4249
threshold=1.2609299915719328 1.0000000180025095e-35 0.42582311887732804 1.0000000180025095e-35 109.50000000000001 0.1905528410945013 1.1029888595139565 -0.37673972646587867 -0.10012145656253231 0.40239917155359395 1.0000000180025095e-35 0.099313869471309282 0.30115516340519599 -0.87824532386409848 642.00000000000011 0.69376240925747945 -1.3288013177779205 1.0000000180025095e-35 1.0000000180025095e-35 1.0000000180025095e-35 1.7373743529687531 -1.1178635765219103 -1.0978231161531831 1.1299706894544748 -0.41038626725069138 -0.85686635792312338 -0.20422486475544779 -0.70141805850432792 -0.61751576014923792 0.91095470184524896 -1.0000000180025095e-35 0.87733317840084779 -1.0000000180025095e-35 0.58890746550590301 1.0000000180025095e-35 0.13397057474914911 -0.37041134961318462
decision_type=2 2 2 2 2 2 2 2 2 2 2 2 2 2 2 2 2 2 2 2 2 2 2 2 2 2 2 2 2 2 2 2 2 2 2 2 2
left_child=2 31 3 4 -1 11 7 24 23 10 -10 12 14 22 15 16 -6 21 35 -20 -21 29 -14 34 -5 -23 -13 -7 -16 -4 -29 -2 33 -12 -9 -19 -26
right_child=1 -3 17 6 5 27 -8 8 9 -11 32 26 13 -15 28 -17 -18 18 19 20 -22 25 -24 -25 36 -27 -28 30 -30 -31 -32 -33 -34 -35 -36 -37 -38
leaf_value=0.030976724638600364 0.032245502442016578 -0.010946640684377857 -0.024788209136641516 -0.015548214258202129 0.0099445248002687867 0 0.011984809893933343 -0.015579830507162754 0.0032253506600846389 0.0092560380647294365 -0.038658357823794003 0 0.014673894625213976 0.029841945352022128 0.024012173780035857 0.012858225354377016 -0.013469815897235102 0.00087076898929194433 -0.0014352939727222663 0.043352167052187349 0.0093795984934234317 0.023872644731285076 -0.014408409945661074 -0.0055453517229806714 0.014770234708722151 -0.0027412072913918415 0.025315535051336331 -0.008395288024752345 -0.0014725476413779747 0.0009821982844577283 -0.036168059326792026 0.010027891544373833 -0.0073911797769341554 -0.015851867778454522 -0.040526788039130998 -0.011053575789502985 0.0011588408095513562
leaf_weight=5.4913863092660895 12.729285746812826 9.4824309796094877 4.9894129931926745 4.9897806942462912 6.743073508143417 5.7377495169639614 6.9867043346166602 4.990198537707335 8.2321204245090502 8.2343555986881238 6.7317682504653913 6.2388347238302222 6.239794373512269 7.9867896139621726 4.9918386489152908 7.7355420738458625 53.138851165771491 4.992096543312071 5.489337936043742 10.238379687070848 9.9828634709119779 4.9927580952644348 5.4905218482017526 5.487983986735343 4.9914658218622199 6.7381871193647367 9.2330107092857343 6.4869682192802438 5.4900055676698667 4.9909422248601913 5.7348901331424686 7.2360130995512 5.737900227308276 7.9795080125331879 12.968479603528975 4.9908957779407501 4.9892926961183539
leaf_count=22 51 38 20 20 27 23 28 20 33 33 27 25 25 32 20 31 213 20 22 41 40 20 22 22 20 27 37 26 22 20 23 29 23 32 52 20 20
internal_value=0 0.013772 -0.00153029 -0.00430614 0.000526352 -0.00103812 -0.0122707 -0.0147884 -0.0185045 -0.0104254 -0.016454 0.00165951 -0.000762253 0.0139489 -0.0047445 -0.00757043 -0.0105569 0.00880052 0.0145311 0.0222912 0.0286627 -0.000692284 0.000517797 -0.0295923 0.000151545 0.00955463 0.0160381 -0.0171791 0.0116501 -0.0129339 -0.0243935 0.0257362 -0.0243285 -0.0292694 -0.0356385 -0.00523335 0.00952903
internal_weight=305.911 29.4477 276.464 219.059 136.739 131.248 82.3196 75.3329 60.3623 36.9157 28.6813 113.288 97.8164 19.7171 78.0993 67.6175 59.8819 57.4049 35.6936 25.7106 20.2212 21.7113 11.7303 23.4467 14.9705 11.7309 15.4718 17.9596 10.4818 9.98036 12.2219 19.9653 20.4492 14.7113 17.9587 9.98299 9.98076
internal_count=1226 118 1108 878 548 526 330 302 242 148 115 454 392 79 313 271 240 230 143 103 81 87 47 94 60 47 62 72 42 40 49 80 82 59 72 40 40
is_linear=0
shrinkage=0.03


Tree=2
num_leaves=40
num_cat=0
split_feature=38 56 5 24 60 12 20 45 38 50 28 34 60 51 3 45 1 34 29 59 1 40 47 56 40 47 35 45 45 30 56 35 29 26 45 53 2 47 44
split_gain=6.8537 10.1801 8.41 9.08401 7.20188 6.29105 6.27106 5.43575 6.11268 5.95843 5.29111 4.8178 9.26235 4.64171 5.48718 5.08042 4.32125 7.04916 4.13796 3.95611 3.81796 4.12096 4.06317 3.57578 3.024 3.56995 2.96849 2.78129 4.32948 2.78185 2.5716 2.38507 2.33284 2.11605 1.69532 1.51402 1.29263 0.573814 0.0915099
threshold=1.2609299915719328 1.0000000180025095e-35 0.42582311887732804 1.0000000180025095e-35 109.50000000000001 0.1905528410945013 0.53435135014561363 -0.78350897843217016 -1.489606119079468 1.4924727764169312 -0.33816833056004703 -0.28345360612944376 301.50000000000006 1.0000000180025095e-35 -0.97709665248603483 1.276265775733546 -0.20129583641885837 0.30115516340519599 -0.70843141085523187 1.0000000180025095e-35 -0.71245717744909787 0.27671180316866056 -0.26239134726621538 1.0000000180025095e-35 0.81775042728388481 0.74828762573582697 -0.27925457561323325 -0.11694781741949782 0.11143491497318962 0.99888571113227431 -0.70141805850432792 0.19148813596325961 -1.0000000180025095e-35 0.17015630367326898 -0.63109119535519953 0.87733317840084779 1.5515699744741243 -0.76743550996323273 0.99751191892794377
decision_type=2 2 2 2 2 2 2 2 2 2 2 2 2 2 2 2 2 2 2 2 2 2 2 2 2 2 2 2 2 2 2 2 2 2 2 2 2 2 2
left_child=2 35 3 4 -1 16 13 10 -9 11 -5 12 -10 -4 15 36 20 18 23 -19 22 -22 -6 37 25 -20 32 -13 -29 -30 -7 -28 -8 -21 -32 38 -15 -18 -2
right_child=1 -3 6 7 5 30 26 8 9 -11 -12 27 -14 14 -16 -17 17 19 24 33 21 -23 -24 -25 -26 -27 31 28 29 -31 34 -33 -34 -35 -36 -37 -38 -39 -40
leaf_value=0.030224102525609128 0.015793113440173454 -0.010667641823325734 0.022241129686879468 -0.015523545005568566 0.016340335436035573 0 0.042927780928250274 0.012352124408876557 -0.023951986305507978 0.010135962609667497 0.01791363376786825 -0.039397850342914313 0.023915856086112911 -0.035807050802900864 0.012260145644561319 0.0032070050589050746 0.0057432939736069746 -0.0033069650415354437 -0.014784498925737695 0.037223807841708284 0.037882046866361062 0.0031006788359357745 -0.016013295458774213 -0.0097521274394666933 0.0093647947303042121 0.006873509267367039 -0.0061822627162497297 0.0017658695374494727 -0.028532957102801897 -0.0031229263884700125 -0.0060870109350997662 0.01896207114728253 0.012596551974268537 0.0084921862243425624 -0.032270472239474428 0.0097753889316499754 -0.009872916089999401 0.024171756503660831 0.037125322674802196
leaf_weight=5.4965513348579398 5.246443256735807 9.4778192490339261 5.4918089210987082 5.7348363995552054 5.2421345859766006 5.7377495169639614 5.4965831190347672 5.2383896559476844 6.728174760937689 4.9915369004011145 8.7297813296318036 10.710464715957633 4.991238921880722 5.4889515489339846 9.4855360090732592 8.2315451204776746 4.9894023835659018 6.2404881417751339 44.395127043128014 4.9959280192852003 6.2399512082338315 6.2386185824871063 5.7405286729335803 5.486864745616912 5.4929310530424109 6.7360699474811545 5.4928342998027784 6.4815889298915925 22.923849150538448 5.7361708879470816 4.9875098466873178 4.9940706193447113 7.2437494397163409 6.4908274114131927 7.2195972204208347 7.2389347851276389 5.4871730804443359 4.9900982826948157 7.4955468624830246
leaf_count=22 21 38 22 23 21 23 22 21 27 20 35 43 20 22 38 33 20 25 178 20 25 25 23 22 22 27 22 26 92 23 20 20 29 26 29 29 22 20 30
internal_value=0 0.0133994 -0.00148141 -0.00418276 0.000535932 -0.000989934 0.0085646 -0.0119657 -0.0154868 -0.0181461 0.00406789 -0.0208949 -0.00271098 6.05744e-05 -0.00488004 -0.0139093 0.00164718 -0.00133996 -0.00560436 0.0147741 0.0127167 0.0231211 0 0.0074271 -0.00936682 -0.0117027 0.020075 -0.0251827 -0.019251 -0.0240544 -0.0167885 0.00616585 0.0292471 0.0243065 -0.0238471 0.0250425 -0.0260688 0.0174352 0.0313517
internal_weight=305.857 29.4587 276.399 218.986 136.72 131.224 57.4123 82.266 67.8014 62.563 14.4646 57.5715 11.7194 34.185 28.6932 19.2077 113.279 89.8177 72.0905 17.7272 23.4612 12.4786 10.9827 15.4664 56.6241 51.1312 23.2272 45.8521 35.1416 28.66 17.9449 10.4869 12.7403 11.4868 12.2071 19.9809 10.9761 9.9795 12.742
internal_count=1226 118 1108 878 548 526 230 330 272 251 58 231 47 137 115 77 454 360 289 71 94 50 44 62 227 205 93 184 141 115 72 42 51 46 49 80 44 40 51
is_linear=0
shrinkage=0.03


Tree=3
num_leaves=36
num_cat=0
split_feature=18 18 2 7 35 61 41 34 25 23 46 46 32 47 61 47 47 28 43 28 23 34 49 47 59 56 16 61 59 49 6 45 18 45 47
split_gain=7.05023 9.17771 8.33329 6.62921 5.84204 5.02103 4.18984 4.79194 5.80992 6.77479 6.04261 5.66149 5.10598 7.24412 6.90413 5.04381 4.98036 4.55943 4.11307 5.46958 3.97263 3.86795 4.3208 3.55358 3.36608 4.98535 4.64337 3.52495 3.29846 3.23787 2.81265 2.79021 2.30571 2.28593 1.52235
threshold=0.67600316660548254 -0.4378878165390982 -0.87290114941637864 -1.2332249708031597 1.0000000180025095e-35 177.00000000000003 -2.0319527705375933 -0.22081695225073231 -1.0978231161531831 1.0000000180025095e-35 -0.48176740827654829 0.17685998554042301 -0.82989302778433227 0.33699681527829289 445.00000000000006 -0.50529205162973878 0.49017223697731876 -0.70845208161686735 1.0000000180025095e-35 -1.0000000180025095e-35 -0.75790066038902515 0.96927947144478432 1.0000000180025095e-35 0.38248653837892943 0.91200261158203844 1.0000000180025095e-35 -1.7804949249310822 301.50000000000006 0.91200261158203844 1.0000000180025095e-35 -1.2421609420934796 0.45149321012639226 0.72998812726905804 0.48278484982885383 1.038371605233408
decision_type=2 2 2 2 2 2 2 2 2 2 2 2 2 2 2 2 2 2 2 2 2 2 2 2 2 2 2 2 2 2 2 2 2 2 2
left_child=1 24 -2 -3 -4 20 -7 11 10 15 -9 12 13 17 16 -10 -14 -8 19 -13 -5 28 -23 -17 25 26 -1 -28 -11 -20 -27 -22 -6 -12 -26
right_child=2 3 4 5 32 6 7 8 9 21 33 18 14 -15 -16 23 -18 -19 29 -21 31 22 -24 -25 34 30 27 -29 -30 -31 -32 -33 -34 -35 -36
leaf_value=-0.0041945340185166394 0.037350857625731329 -0.028646564069924128 0.020921904951440241 0.0032789079096279413 -0.01595731470629946 -0.023827102788618024 0.017394016869830362 0.025184451824038299 0.023804033160864903 -0.022912974108894021 -0.016621830788089424 0.017255474972720453 0.0032425688326221331 -0.038608753926329106 -0.014535438900889982 -0.014757489374399364 0.03400989419287407 -0.011862667833301697 0.036523548700554333 -0.016983078714585095 -0.030118651495747169 0.012208982072379743 -0.01659768325972823 0.0080508642967868863 0.0051157833652188296 -0.020378178564452881 0.032258475674968749 0.0049364808930689391 0.0016700686420059699 0.0076263747962103667 0.0046035116018390736 -0.0018636286048816458 0.0056035900124338832 0.0073421875918080574 0.029323632133154205
leaf_weight=9.7320115715265256 7.7461528629064551 8.2149796038866025 8.9903701245784777 6.23551216721535 9.470562592148779 5.734729900956153 5.986528187990193 9.2310239672660845 6.4865264892578152 32.885394021868706 5.9785615205764753 7.9848588556051254 12.216921284794813 4.9881318509578696 7.7259990870952597 11.221050828695299 7.2345428168773642 11.721486151218414 8.2381538450717944 5.9848729372024554 11.960545420646669 8.2324572354555112 7.4724617898464194 10.226558342576025 4.9941680580377561 7.4797113388776779 8.9893249422311836 9.2383047193288785 4.981333762407302 7.9853311479091635 5.9916325211524946 4.9882659167051306 5.9828408062458029 5.2410981804132462 7.9875475913286209
leaf_count=39 31 33 36 25 38 23 24 37 26 132 24 32 49 20 31 45 29 47 33 24 48 33 30 41 20 30 36 37 20 32 24 20 24 21 32
internal_value=1.96326e-05 -0.00154749 0.012992 -0.00430923 0.0033283 -0.00313762 -0.00141829 -0.000490614 -0.00480313 -0.00841335 0.00890369 0.00491468 -0.00123964 -0.0114531 0.00723338 0.00328835 0.0165878 -0.00107358 0.0148473 0.0019748 -0.0158862 -0.0145473 -0.00140069 -0.00380527 0.00928583 0.00455996 0.011686 0.0201433 -0.0195863 0.0244879 -0.00951834 -0.0229557 -0.00749879 -0.00540997 0.0219195
internal_weight=305.76 273.57 32.1899 219.157 24.4438 210.942 187.758 182.023 101.956 81.5058 20.4507 80.0668 49.8736 22.6961 27.1775 27.9341 19.4515 17.708 30.1932 13.9697 23.1843 53.5716 15.7049 21.4476 54.4127 41.431 27.9596 18.2276 37.8667 16.2235 13.4713 16.9488 15.4534 11.2197 12.9817
internal_count=1226 1097 129 879 98 846 753 730 409 327 82 321 200 91 109 112 78 71 121 56 93 215 63 86 218 166 112 73 152 65 54 68 62 45 52
is_linear=0
shrinkage=0.03


Tree=4
num_leaves=43
num_cat=0
split_feature=18 18 8 36 3 49 60 51 32 33 24 12 33 46 46 29 28 36 55 49 52 40 50 55 41 36 51 53 46 46 30 32 32 37 58 34 55 61 42 37 54 33
split_gain=6.6947 8.7388 7.91229 5.89069 8.24028 5.94344 5.52042 5.30765 4.92154 4.91532 6.83533 6.329 6.11238 4.8202 4.41511 4.32736 4.06092 7.35329 5.76009 5.87937 3.64667 3.96383 3.53265 3.51355 3.32127 3.2474 2.87592 3.5744 5.2178 4.25624 7.71199 2.69057 2.50019 2.42672 2.07229 1.89525 1.84603 1.47724 1.39106 1.35172 0.649242 0.518572
threshold=0.67600316660548254 0.20864235592997482 -1.0279153738698692 1.1031307318230794 0.4587665933022344 -0.21479351024155155 183.50000000000003 1.0000000180025095e-35 1.0000000180025095e-35 0.86942721676868684 1.0000000180025095e-35 0.042337342062913098 -0.19165968290121868 -1.1063561488369633 0.23351256300166226 -0.33805319775991777 -0.70845208161686735 -1.3288013177779205 1.1495271647900551 0.66372806959545372 1.0000000180025095e-35 0.13482177184432501 -0.22885518584756329 0.59583050947136995 0.14186960820695321 -0.39041442240933799 1.0000000180025095e-35 -0.38290170937822582 -0.55395465741531325 -0.077678232100740097 -0.24989119082031089 0.11668632931721619 -0.57173502130209164 0.55861987814486114 -1.0000000180025095e-35 -0.86806237566408329 0.5627305836657035 514.00000000000011 0.17555950415328911 -0.84209534297745492 0.14363394040273428 -0.19165968290121868
decision_type=2 2 2 2 2 2 2 2 2 2 2 2 2 2 2 2 2 2 2 2 2 2 2 2 2 2 2 2 2 2 2 2 2 2 2 2 2 2 2 2 2 2
left_child=1 6 -2 4 9 -5 22 -8 -7 10 26 38 33 -11 -4 39 17 -9 19 20 21 25 -1 -16 -14 -18 -3 28 32 30 -29 -19 -28 -13 -30 -6 37 -22 -12 -15 -31 -37
right_child=2 3 14 5 35 8 7 16 -10 13 11 12 24 15 23 -17 18 31 -20 -21 36 -23 -24 -25 -26 -27 27 29 34 40 -32 -33 -34 -35 -36 41 -38 -39 -40 -41 -42 -43
leaf_value=0.005431562973792793 0.036407060986877564 -0.013253015858605308 0.019794749374227337 0.024212188560628921 -0.0069867415964368343 -0.024702620948600842 0.028901430878135095 0.017963121473483567 0.0093004165667740623 0.0078725175827662613 -0.0022774905562183557 -0.033369740768862725 0.013576716808396488 -0.015191052605816142 0.0077065741513299068 -0.032691407873423277 0.0097605135335258903 -0.02796528809961087 -0.012033213976775746 -0.010605440066558445 0.03506416575065751 0.023908112068374603 -0.024469624230493574 -0.017714052985325534 -0.01381514774660185 -0.020138536560606046 -0.0027186933442175988 0.021690842081651132 -0.0015616926240126598 0.031292608100645138 -0.009157022296431349 0 0.022142382693514057 -0.005627809963683594 -0.029205285709233295 -0.015659553257412431 0.0066294275887935012 0.009768116140710317 0.016270759658090085 0.0035082025817411611 0.0099691992181562671 -0.038775401557149689
leaf_weight=4.988132432103157 7.7474030554294577 5.9871370792388907 7.9864215701818493 9.9897669106721896 5.7305251061916378 4.9884669184684736 8.9915712773799878 6.2402277290821102 7.7352894693613052 5.2357610166072872 5.7224769145250303 14.416429921984671 5.9820644557476061 4.9841493964195251 7.9835520684719112 12.207180619239802 4.9926867187023154 7.731458976864813 7.7330645471811286 6.232306942343711 13.484356224536901 4.9884434193372718 6.7325468659400922 8.4715685695409757 6.9675746113061905 4.9880061894655219 6.2325336188077927 11.225632712244986 4.9863332659006119 7.4846242666244489 15.45051819086075 5.2404490560293198 5.4915421754121798 4.9802215844392768 4.986376151442526 5.9615399688482293 5.7420412302017203 4.9891570955514899 5.7297571152448654 5.7331150621175819 4.9910539090633392 7.2095986902713749
leaf_count=20 31 24 32 40 23 20 36 25 31 21 23 58 24 20 32 49 20 31 31 25 54 20 27 34 28 20 25 45 20 30 62 21 22 20 20 24 23 20 23 23 20 29
internal_value=3.0487e-05 -0.00149658 0.0126718 -0.00535224 -0.00743377 0.00841688 0.0058799 0.00871771 -0.00480816 -0.00470686 -0.00171349 -0.0107688 -0.0174021 -0.0155834 0.00324692 -0.0213406 0.00559249 -0.0057198 0.00983609 0.0139533 0.0182538 0.00533358 -0.0121179 -0.00543306 -0.000650461 -0.00533827 0.00423892 0.0063337 -0.00309436 0.0116274 0.00407484 -0.0182082 0.00966321 -0.0274492 -0.0179178 -0.025345 0.0252303 0.0297795 0.00734889 -0.00549434 0.0251768 -0.0313924
internal_weight=305.673 273.484 32.1889 180.41 157.696 22.7135 93.0744 81.3538 12.7238 138.794 110.634 43.7985 32.3463 28.1602 24.4415 22.9244 72.3622 19.2121 53.1501 45.417 39.1847 14.9691 11.7207 16.4551 12.9496 9.98069 66.8358 60.8486 21.6968 39.1518 26.6762 12.9719 11.7241 19.3967 9.97271 18.9017 24.2156 18.4735 11.4522 10.7173 12.4757 13.1711
internal_count=1226 1097 129 724 633 91 373 326 51 557 444 176 130 113 98 92 290 77 213 182 157 60 47 66 52 40 268 244 87 157 107 52 47 78 40 76 97 74 46 43 50 53
is_linear=0
shrinkage=0.03


Tree=5
num_leaves=35
num_cat=0
split_feature=18 18 2 1 35 20 45 44 31 0 23 24 20 21 45 12 29 51 13 47 9 35 39 32 33 54 45 39 30 53 55 36 32 39
split_gain=6.36988 8.3376 7.51943 6.18695 5.34418 5.12308 4.68193 6.68569 7.1878 5.90253 5.99589 5.70225 7.18936 7.01803 5.82376 5.52101 4.82495 4.11199 6.52557 3.93865 3.81611 3.67365 3.55247 3.98167 4.62374 3.38674 6.12239 3.28143 3.08156 2.71943 2.43233 1.66264 0.757153 0.693893
threshold=0.67600316660548254 -0.4378878165390982 -0.87290114941637864 -1.1213862502732881 1.0000000180025095e-35 0.53435135014561363 -1.1057647278489324 1.3061661041295134 0.20332671374821545 0.23062205290515714 -0.42445066141647031 1.0000000180025095e-35 -1.040443734658526 0.30367656036801083 -0.78350897843217016 0.2502980927916012 -0.33805319775991777 -0.95965561762784679 1.021486396192639 0.33699681527829289 -1.1345623572683838 -0.3664291518311022 -0.5180058864841629 -1.0880510342665728 0.86942721676868684 0.093315046519188274 1.276265775733546 -0.39985563496617821 -0.49964657121082773 -0.38290170937822582 -0.5244842322755382 -0.79856039548786661 0.11668632931721619 -1.1978540550548602
decision_type=2 2 2 2 2 2 2 2 2 2 2 2 2 2 2 2 2 2 2 2 2 2 2 2 2 2 2 2 2 2 2 2 2 2
left_child=1 5 -2 -3 -4 17 22 9 -9 11 -11 12 30 29 -13 21 -15 -1 -19 -7 -12 -16 23 24 -5 -20 -27 -6 -21 -14 -8 -25 -29 -33
right_child=2 3 4 6 27 19 7 8 -10 10 20 14 13 16 15 -17 -18 18 25 28 -22 -23 -24 31 -26 26 -28 32 -30 -31 -32 33 -34 -35
leaf_value=0.022569760137498958 0.035507466522576206 -0.027641566359504984 0.019992900639057811 0.015554191977757675 0.010218615931956321 0.00063424724290828431 -0.024117033438641383 0.0378172628114588 -0.001764388356920033 0.0049399347637482088 -0.0084125627620391941 0.017624611783799309 -0.019697369240092574 0.028474469511591827 -0.0018648096256756511 0.013626136888877049 0.0076056654119249934 0.021563999713776146 0.0073792490168251377 0.0089217945273523096 -0.039520710258639152 -0.020169563986281173 0.0079640110056979196 -0.0056974293446543974 -0.019303337605028115 -0.034441736947160836 0 -0.023793896076202244 0.039788568210362495 0.0029295677221781334 -0.00039369897690648978 -0.014281288607673319 -0.0048669933028041446 -0.035383311084843605
leaf_weight=4.9958544969558707 7.743426874279975 8.1875725835561735 8.996281713247301 5.7378441393375414 4.9902918785810462 7.4900235980749157 6.7293352931737891 6.4890335202217084 7.7211903929710388 7.4774284362792995 8.4598685950040853 5.9815907478332511 6.483811870217326 15.720406740903845 15.939946934580801 5.978405848145484 30.431829795241363 5.4939037412405041 5.240591078996661 6.7446764409542093 7.6988439261913273 30.084815055131912 5.2356505393981925 5.4871678650379208 4.9776892215013504 7.9679361134767559 8.7336634993553144 4.9754658788442594 7.7431737184524509 10.223684147000311 8.481378421187399 6.9748224914073971 5.476876974105835 8.4641284793615288
leaf_count=20 31 33 36 23 20 30 27 26 31 30 34 24 26 63 64 24 122 22 21 27 31 121 21 22 20 32 35 20 31 41 34 28 22 34
internal_value=2.86628e-05 -0.00146084 0.0123611 -0.0040961 0.00316667 0.00886256 -0.00296437 -0.000826962 0.0178135 -0.00267325 -0.0160321 -0.000159347 0.00505078 0.00957571 -0.00722559 -0.0106101 0.0155125 0.000898042 -0.00380624 0.0195517 -0.0256719 -0.0142152 -0.0124611 -0.0162293 -0.000529015 -0.0113878 -0.0177289 -0.00718372 0.0279794 -0.00642124 -0.0124709 -0.0234282 -0.0162339 -0.0283132
internal_weight=305.559 273.376 32.1823 218.966 24.4389 54.4098 210.779 173.902 14.2102 159.691 23.6361 136.055 78.0704 62.8597 57.9848 52.0032 46.1522 32.4319 27.4361 21.9779 16.1587 46.0248 36.8773 31.6417 10.7155 21.9422 16.7016 15.4426 14.4879 16.7075 15.2107 20.9261 10.4523 15.439
internal_count=1226 1097 129 879 98 218 846 698 57 641 95 546 313 252 233 209 185 130 110 88 65 185 148 127 43 88 67 62 58 67 61 84 42 62
is_linear=0
shrinkage=0.03


Tree=6
num_leaves=42
num_cat=0
split_feature=38 56 5 60 24 41 36 18 55 45 24 32 54 45 58 44 46 44 1 44 54 38 37 41 32 9 45 0 44 41 52 54 46 44 14 45 28 53 29 54 44
split_gain=6.22032 9.42754 7.10532 8.19057 6.15264 6.08755 5.82377 8.22978 5.94804 5.93774 5.90509 5.47026 7.96369 5.65799 5.42542 6.73679 4.85166 4.7462 4.96019 4.0786 4.64999 3.77465 3.47236 6.22423 4.28034 5.20199 3.26883 3.05906 2.96306 2.79785 7.35218 2.15794 1.68865 1.63589 1.61979 1.59768 1.3989 1.28259 0.566057 0.518471 0.107872
threshold=1.2609299915719328 1.0000000180025095e-35 0.42582311887732804 86.500000000000014 1.0000000180025095e-35 0.14186960820695321 -1.0497271481515764 0.67600316660548254 0.53317040737936949 0.31847238294859426 -1.2119707344377382 1.0000000180025095e-35 0.15758588977964669 -0.011476855418506094 1.0000000180025095e-35 -0.4222973329992758 -0.36059659448788167 -0.66922068116053135 -0.61022490924304995 0.31847271148449091 -0.45465163311637052 0.29015254075379088 1.0000000180025095e-35 1.0000000180025095e-35 1.0000000180025095e-35 1.7373743529687531 -0.54849134801604016 -1.1178635765219103 0.56539605964574657 1.3671149489538796 1.0353602232128998 0.91095470184524896 -0.64196006236281611 -1.0000000180025095e-35 1.0000000180025095e-35 1.4121868956620884 0.7726829226104146 0.87733317840084779 -0.33805319775991777 0.13397057474914911 0.99751191892794377
decision_type=2 2 2 2 2 2 2 2 2 2 2 2 2 2 2 2 2 2 2 2 2 2 2 2 2 2 2 2 2 2 2 2 2 2 2 2 2 2 2 2 2
left_child=2 37 3 -1 6 11 10 9 -9 14 -5 21 34 -14 15 26 -17 -11 -19 20 -16 -6 27 39 -25 -26 -8 31 -29 30 36 -4 -12 -20 -13 -27 -7 40 -21 -24 -2
right_child=1 -3 22 4 5 29 7 8 -10 17 32 12 13 -15 19 16 -18 18 33 38 -22 -23 23 24 25 35 -28 28 -30 -31 -32 -33 -34 -35 -36 -37 -38 -39 -40 -41 -42
leaf_value=0.025003203965266594 0.014913086679409175 -0.010351183865586229 -0.024286512026881892 -0.0092266071221781751 -0.027574184347391409 -0.033799399453000194 -0.028935472466259146 0.027369734328952972 -0.0075576053180681163 -0.014650650645529688 0.031905148317555726 0.0074996483211404686 -0.026622205141536948 0.0072481967578474377 0.0022203657144639179 -0.0090160698111159884 0.017208314000068184 -0.0060354972166199684 0.0070400466115713789 -0.017710876587768813 -0.02384367774682929 0.0017781211899433752 0.00042964418688435014 -0.001351901506719532 0.040873423791486167 0.018715906062454785 -0.00045726220756180975 0.019805569445196583 -0.0072965823543232958 -0.0032121497402494647 0.0068799193628060439 0.00068256280661023678 0.0070458258181178802 0.033408357857869754 0.033827260825753297 -0.0023714320310032409 -0.009760851889045739 0.0096080754941735274 -0.043307798827398082 -0.011295011763716186 0.035497985032419334
leaf_weight=6.9818756878375998 5.245520576834684 9.4612302929162961 4.9795505255460757 5.980936840176585 8.9516467899084073 20.59527578949929 8.4546203017234784 10.489345043897631 5.7250394821166983 6.2362727373838451 7.9931636154651651 5.7331965863704699 6.6990320831537238 8.2025305926799756 11.462333828210829 9.2126968055963498 13.963734567165377 6.7263630032539412 5.242143720388416 6.2202796638011932 10.450097277760507 5.471004754304885 4.9929784983396512 5.4804354608058956 10.238553926348688 4.9900437444448453 6.4733176976442328 6.7422203719615919 4.9927985966205597 8.7025415748357755 4.9710248559713355 4.9880793243646622 5.7384884059429142 6.2386590391397405 5.2354779988527298 4.9936931580305099 4.9709324836730948 7.2365156859159461 5.4730559289455396 4.9873296618461609 7.4926109164953232
leaf_count=28 21 38 20 24 36 83 34 42 23 25 32 23 27 33 46 37 56 27 21 25 42 22 20 22 41 20 26 27 20 35 20 20 23 25 21 20 20 29 22 20 30
internal_value=3.16807e-05 0.0128102 -0.00137153 -0.00385943 -0.00500915 -0.0115248 -0.000955485 -0.00367524 0.015103 -0.00708662 0.0134287 -0.00295892 0.00512011 -0.00865469 -0.0114061 -0.00323624 0.0066265 0.00528108 0.013008 -0.0199646 -0.0106846 -0.0169444 0.00786049 0.0134454 0.0209694 0.0269706 -0.0181208 -0.00133909 0.00830121 -0.0197404 -0.0238925 -0.0128132 0.0236272 0.0240356 0.023105 0.00871386 -0.0301471 0.024017 -0.033708 -0.00561699 0.0299067
internal_weight=305.417 29.4359 275.981 218.595 211.613 79.5327 132.081 112.368 16.2144 96.1536 19.7126 40.2929 25.8702 14.9016 71.7101 38.1044 23.1764 24.4434 18.2072 33.6058 21.9124 14.4227 57.3857 35.683 25.7027 20.2223 14.9279 21.7026 11.735 39.2398 30.5372 9.96763 13.7317 11.4808 10.9687 9.98374 25.5662 19.9746 11.6933 9.98031 12.7381
internal_count=1226 118 1108 878 850 320 530 451 65 386 79 162 104 60 288 153 93 98 73 135 88 58 230 143 103 81 60 87 47 158 123 40 55 46 44 40 103 80 47 40 51
is_linear=0
shrinkage=0.03


Tree=7
num_leaves=37
num_cat=0
split_feature=38 56 5 60 55 46 20 41 30 12 41 41 41 47 34 55 43 47 51 3 45 19 60 52 45 46 49 46 16 25 55 23 40 11 53 29
split_gain=5.92468 8.97384 6.73027 7.78813 5.95719 9.05605 5.47439 6.99547 5.46938 4.92288 6.4953 5.78712 4.65267 4.59884 4.18495 4.60126 4.39348 4.17657 4.02746 4.8784 4.60781 4.02347 5.21458 3.68572 3.4826 3.41585 2.79711 2.979 2.85576 3.70628 2.53381 1.90557 1.56782 1.29658 1.21801 1.11495
threshold=1.2609299915719328 1.0000000180025095e-35 0.42582311887732804 86.500000000000014 0.39412046707800469 0.36615301476247974 0.53435135014561363 1.0000000180025095e-35 0.99888571113227431 0.21614331407393284 0.14186960820695321 1.3671149489538796 -1.0833757325399731 0.22325013756088799 -0.28345360612944376 0.82281521096399024 0.94575850159504105 -0.16018111545471422 1.0000000180025095e-35 -0.97709665248603483 1.276265775733546 -1.2004240071903338 306.50000000000006 1.0000000180025095e-35 -1.3040178128677724 0.19643294110645138 0.22446727967695104 0.58188617720858282 0.68163866299775899 0.37912569138607899 1.3691417900989931 1.0000000180025095e-35 -0.10652388891295635 -1.5044679003895292 0.87733317840084779 -1.0000000180025095e-35
decision_type=2 2 2 2 2 2 2 2 2 2 2 2 2 2 2 2 2 2 2 2 2 2 2 2 2 2 2 2 2 2 2 2 2 2 2 2
left_child=2 34 3 -1 5 9 18 -8 14 10 12 13 17 -12 15 -6 31 -5 -4 20 33 22 -14 -15 -23 -10 27 -7 29 -29 -27 -16 -9 -20 -2 -11
right_child=1 -3 6 4 8 26 7 32 25 35 11 -13 21 23 16 -17 -18 -19 19 -21 -22 24 -24 -25 -26 30 -28 28 -30 -31 -32 -33 -34 -35 -36 -37
leaf_value=0.024379161225663953 0.029192062498273125 -0.010088268909479906 0.020388540108706707 0.0036515931811436221 -0.017544764054256663 0.020719282709262023 -0.0093074732118461172 0.035033398935145468 0.01471943749275092 -0.0087219629156410107 -0.035847200775019468 0.008702891796145501 -0.020663238442276508 -0.023044318331704887 -0.010362972349222104 0.012472017526540953 -0.0049752927732336959 -0.023763212216247283 -0.0091277985167770425 0.011274642048442826 0.0028850593309047599 -0.0065349620852068755 0.012977223960485923 0.00268776685417794 0.017051395937203218 -0.017248783768814991 0.029445211018291489 0.022432151203213013 -0.011291877748463726 -0.0063476721052000981 0.0055161619139504573 -0.038212846356041934 0.012166606966917048 -0.034642008207850544 0.0093669064045272515 -0.0315952495843001
leaf_weight=6.9841316044330588 12.733061179518705 9.4557445645332319 5.4933482408523551 8.7163909822702426 9.2020305246114713 8.2304488718509692 5.2444374710321453 9.9801719635725057 7.4743453711271313 5.9689687937498093 9.1781459152698535 6.9698234796524039 7.7143798321485502 7.4587512612342861 4.9722555726766648 6.4771991670131674 8.4441579729318601 8.4632357954978925 5.4722852706909189 9.4872731417417544 8.2310080826282483 5.7214470952749172 5.9831066578626633 9.9462725669145566 27.657391652464874 9.1975299268960935 5.2329092621803275 6.9804064929485339 8.9505463093519193 6.2250595241785049 5.9786594361066809 14.368349850177763 7.9890676289796803 5.4692409485578546 7.2387340813875189 5.9532887637615186
leaf_count=28 51 38 22 35 37 33 21 40 30 24 37 28 31 30 20 26 34 34 22 38 33 23 24 40 111 37 21 28 36 25 24 58 32 22 29 24
internal_value=3.4341e-05 0.0125074 -0.00133526 -0.00375823 -0.00488088 -0.00139661 0.00765001 0.0184054 -0.0122513 -0.00570114 -0.00323749 -0.013658 0.00230003 -0.0198861 -0.0183079 -0.00478909 -0.0250957 -0.0103563 0 -0.00487795 -0.0133992 0.00721943 -0.00574365 -0.00897557 0.0127293 0 0.011397 0.00686182 0.000473086 0.0091937 -0.00823125 -0.0326021 0.0268957 -0.0250026 0.0234423 -0.0228451
internal_weight=305.244 29.4275 275.816 218.449 211.465 145.351 57.3668 23.2137 66.1145 109.731 97.8089 33.553 64.256 26.5832 43.464 15.6792 27.7848 17.1796 34.1532 28.6598 19.1725 47.0763 13.6975 17.405 33.3788 22.6505 35.6194 30.3865 22.156 13.2055 15.1762 19.3406 17.9692 10.9415 19.9718 11.9223
internal_count=1226 118 1108 878 850 584 230 93 266 441 393 135 258 107 175 63 112 69 137 115 77 189 55 70 134 91 143 122 89 53 61 78 72 44 80 48
is_linear=0
shrinkage=0.03


Tree=8
num_leaves=43
num_cat=0
split_feature=18 18 2 7 35 61 20 12 23 56 42 34 46 54 39 42 36 28 54 7 13 56 42 35 43 44 51 13 47 47 46 54 45 32 39 30 47 26 12 32 37 46
split_gain=5.80535 7.36898 7.08963 5.7499 4.8324 4.774 4.50921 3.97284 4.7881 3.84729 6.43278 7.52664 8.25757 6.39537 8.79074 5.85213 6.72373 5.54976 5.03619 4.75292 4.4954 4.38944 4.21309 3.90758 3.73307 3.72785 3.71596 5.9522 3.58907 3.42059 3.28567 3.25629 5.6809 3.13294 3.06745 2.96199 1.88813 1.71758 1.39086 1.27141 0.999168 0.207226
threshold=0.67600316660548254 -0.4378878165390982 -0.87290114941637864 -1.2332249708031597 1.0000000180025095e-35 177.00000000000003 0.53435135014561363 -1.3529955902699953 -0.75790066038902515 -0.70141805850432792 -0.90304160573673831 -0.22081695225073231 -0.36059659448788167 0.042763369590975278 0.33616232530979057 -1.3432869567122594 -1.0000000180025095e-35 1.0000000180025095e-35 -0.17127168763836581 -0.24906712173832427 -0.033684564135663481 1.0000000180025095e-35 -0.28669811437100834 0.19148813596325961 0.94575850159504105 0.56539605964574657 -0.95965561762784679 1.021486396192639 0.33699681527829289 -0.097635897757644127 -0.20110083242953405 0.093315046519188274 1.276265775733546 0.36869771659749861 -0.39985563496617821 -0.49964657121082773 -0.76743550996323273 0.42685642053556733 0.26404472085403852 0.11668632931721619 0.55861987814486114 -0.69027920145063715
decision_type=2 2 2 2 2 2 2 2 2 2 2 2 2 2 2 2 2 2 2 2 2 2 2 2 2 2 2 2 2 2 2 2 2 2 2 2 2 2 2 2 2 2
left_child=1 6 -2 -3 -4 7 26 -5 -9 13 21 12 18 15 29 -7 30 -16 22 38 24 23 -12 41 -21 -18 -1 -28 -8 -15 -17 -29 -33 -22 -6 -30 -14 -36 -13 -10 -23 -11
right_child=2 3 4 5 34 9 28 8 39 10 11 19 36 14 17 16 25 -19 -20 20 33 40 -24 -25 -26 -27 27 31 35 -31 -32 32 -34 -35 37 -37 -38 -39 -40 -41 -42 -43
leaf_value=0.021441510166572288 0.034306159678083654 -0.026618253634399538 0.018901477255912232 0.0062233013259889768 0.0098549876054846979 -0.0072083981816862281 0.00032202303884661202 0.001049721726925953 -0.038862131953076924 -0.019477649247438337 0.0021498111423734591 -0.029148716955425501 0.0088518965373022476 -0.031836765914768562 -0.0081711101938007312 0.012070640415112285 -0.013973208282159835 0.027731806589616832 0.019637690644361581 -0.011646938231093208 0.024436113639764796 -0.036004003178463251 -0.029541628051626547 0.014352374839130896 0.010361684088103926 0.016969570154748034 0.020577831188103555 0.0074634278736689132 0.0079611178589513807 -0.00086564081391125207 0.04462223717316214 -0.033274963470951144 0 -0.00078136801543977864 -0.025403328914154571 0.037929928689650984 0.036196719629248107 -0.0007383324149332623 -0.006234006693618001 -0.012070310144956119 -0.011436477928861488 -0.0055755511147499628
leaf_weight=4.9920122772455207 7.7251751124858847 8.1490637809038144 8.993591248989107 4.978771939873698 4.9906442165374747 8.2110090255737287 7.4877270013093975 5.479358091950421 7.4377718716859782 4.9756585955619803 7.4667913615703609 7.4484502226114255 5.4810877442359915 8.434317469596861 5.9571564942598325 6.9762647897005063 5.4779693633317947 6.735467866063118 4.9790107458829906 32.030587837100029 6.7337719351053229 7.4532518535852414 5.2243437916040412 4.9863068461418143 7.2158157825469962 5.4821535646915436 5.491193205118182 5.2360706478357342 6.7410166412591943 5.4731446504592922 7.9898981004953402 7.9359787255525616 8.7313457727432233 8.4677225649356824 5.4559205621480924 7.7233745157718632 8.2339201122522336 4.9731781482696533 5.7105477899312973 5.2162232846021652 5.2164687365293503 4.9767653495073345
leaf_count=20 31 33 36 20 20 33 30 22 30 20 30 30 22 34 24 28 22 27 20 129 27 30 21 20 29 22 22 21 27 22 32 32 35 34 22 31 33 20 23 21 21 20
internal_value=2.94921e-05 -0.0013929 0.0118111 -0.00387382 0.00288758 -0.00278265 0.00831606 -0.0152267 -0.0214472 -0.00110688 -0.00409766 -0.000384092 0.0113727 0.00497919 -0.0057246 0.0133779 0.0201542 0.0113757 -0.00209379 -0.00605716 -0.00180177 -0.0165008 -0.0122169 -0.00420642 -0.00722071 0.0012022 0.000826712 -0.00364027 0.0183499 -0.0213087 0.032295 -0.0108979 -0.0171364 0.0112213 -0.00694559 0.0263994 0.027613 -0.0157164 -0.0212693 -0.0306915 -0.0285938 -0.0146905
internal_weight=305.076 272.938 32.1385 218.599 24.4133 210.45 54.3387 23.1121 18.1334 187.338 126.601 98.992 31.3852 60.7374 26.6001 34.1373 25.9263 12.6926 17.6701 67.6069 54.4479 27.6085 12.6911 14.9387 39.2464 10.9601 32.3866 27.3946 21.9521 13.9075 14.9662 21.9034 16.6673 15.2015 15.4197 14.4644 13.715 10.4291 13.159 12.654 12.6697 9.95242
internal_count=1226 1097 129 879 98 846 218 93 73 753 509 398 126 244 107 137 104 51 71 272 219 111 51 60 158 44 130 110 88 56 60 88 67 61 62 58 55 42 53 51 51 40
is_linear=0
shrinkage=0.03


end of trees

feature_importances:
Column_47=19
Column_45=18
Column_32=15
Column_54=15
Column_46=14
Column_41=13
Column_18=12
Column_36=10
Column_55=10
Column_56=10
Column_34=9
Column_44=9
Column_53=9
Column_12=8
Column_20=8
Column_28=8
Column_29=8
Column_35=8
Column_24=7
Column_38=7
Column_40=7
Column_60=7
Column_26=6
Column_37=6
Column_39=6
Column_49=6
Column_51=6
Column_61=6
Column_0=5
Column_2=5
Column_23=5
Column_30=5
Column_33=5
Column_42=5
Column_43=5
Column_1=4
Column_5=4
Column_7=4
Column_3=3
Column_9=3
Column_13=3
Column_16=3
Column_25=3
Column_52=3
Column_59=3
Column_31=2
Column_50=2
Column_58=2
Column_6=1
Column_8=1
Column_11=1
Column_14=1
Column_19=1
Column_21=1
Column_48=1

parameters:
[boosting: gbdt]
[objective: binary]
[metric: binary_logloss]
[tree_learner: serial]
[device_type: cpu]
[data_sample_strategy: bagging]
[data: ]
[valid: ]
[num_iterations: 1400]
[learning_rate: 0.03]
[num_leaves: 96]
[num_threads: 2]
[seed: 42]
[deterministic: 0]
[force_col_wise: 1]
[force_row_wise: 0]
[histogram_pool_size: -1]
[max_depth: 10]
[min_data_in_leaf: 20]
[min_sum_hessian_in_leaf: 0.001]
[bagging_fraction: 0.85]
[pos_bagging_fraction: 1]
[neg_bagging_fraction: 1]
[bagging_freq: 0]
[bagging_seed: 400]
[bagging_by_query: 0]
[feature_fraction: 0.8]
[feature_fraction_bynode: 1]
[feature_fraction_seed: 30056]
[extra_trees: 0]
[extra_seed: 12879]
[early_stopping_round: 0]
[early_stopping_min_delta: 0]
[first_metric_only: 0]
[max_delta_step: 0]
[lambda_l1: 0.2]
[lambda_l2: 1.5]
[linear_lambda: 0]
[min_gain_to_split: 0]
[drop_rate: 0.1]
[max_drop: 50]
[skip_drop: 0.5]
[xgboost_dart_mode: 0]
[uniform_drop: 0]
[drop_seed: 17869]
[top_rate: 0.2]
[other_rate: 0.1]
[min_data_per_group: 100]
[max_cat_threshold: 32]
[cat_l2: 10]
[cat_smooth: 10]
[max_cat_to_onehot: 4]
[top_k: 20]
[monotone_constraints: ]
[monotone_constraints_method: basic]
[monotone_penalty: 0]
[feature_contri: ]
[forcedsplits_filename: ]
[refit_decay_rate: 0.9]
[cegb_tradeoff: 1]
[cegb_penalty_split: 0]
[cegb_penalty_feature_lazy: ]
[cegb_penalty_feature_coupled: ]
[path_smooth: 0]
[interaction_constraints: ]
[verbosity: -1]
[saved_feature_importance_type: 0]
[use_quantized_grad: 0]
[num_grad_quant_bins: 4]
[quant_train_renew_leaf: 0]
[stochastic_rounding: 1]
[linear_tree: 0]
[max_bin: 255]
[max_bin_by_feature: ]
[min_data_in_bin: 3]
[bin_construct_sample_cnt: 200000]
[data_random_seed: 175]
[is_enable_sparse: 1]
[enable_bundle: 1]
[use_missing: 1]
[zero_as_missing: 0]
[feature_pre_filter: 1]
[pre_partition: 0]
[two_round: 0]
[header: 0]
[label_column: ]
[weight_column: ]
[group_column: ]
[ignore_column: ]
[categorical_feature: ]
[forcedbins_filename: ]
[precise_float_parser: 0]
[parser_config_file: ]
[objective_seed: 16083]
[num_class: 1]
[is_unbalance: 0]
[scale_pos_weight: 1]
[sigmoid: 1]
[boost_from_average: 1]
[reg_sqrt: 0]
[alpha: 0.9]
[fair_c: 1]
[poisson_max_delta_step: 0.7]
[tweedie_variance_power: 1.5]
[lambdarank_truncation_level: 30]
[lambdarank_norm: 1]
[label_gain: ]
[lambdarank_position_bias_regularization: 0]
[eval_at: ]
[multi_error_top_k: 1]
[auc_mu_weights: ]
[num_machines: 1]
[local_listen_port: 12400]
[time_out: 120]
[machine_list_filename: ]
[machines: ]
[gpu_platform_id: -1]
[gpu_device_id: -1]
[gpu_device_id_list: ]
[gpu_use_dp: 0]
[num_gpu: 1]

end of parameters

pandas_categorical:null
