tree
version=v4
num_class=1
num_tree_per_iteration=1
label_index=0
max_feature_idx=62
objective=binary sigmoid:1
feature_names=Column_0 Column_1 Column_2 Column_3 Column_4 Column_5 Column_6 Column_7 Column_8 Column_9 Column_10 Column_11 Column_12 Column_13 Column_14 Column_15 Column_16 Column_17 Column_18 Column_19 Column_20 Column_21 Column_22 Column_23 Column_24 Column_25 Column_26 Column_27 Column_28 Column_29 Column_30 Column_31 Column_32 Column_33 Column_34 Column_35 Column_36 Column_37 Column_38 Column_39 Column_40 Column_41 Column_42 Column_43 Column_44 Column_45 Column_46 Column_47 Column_48 Column_49 Column_50 Column_51 Column_52 Column_53 Column_54 Column_55 Column_56 Column_57 Column_58 Column_59 Column_60 Column_61 Column_62
feature_infos=[-0.76609054890329886:7.5764814017166424] [-1.3744099136993941:5.328969486179461] [-0.81170792634123623:4.8757956921421028] [-0.77015883544790842:6.722550120030796] [-1.3685318862605953:5.3603752101885993] [-0.80963589045181106:4.9011938926193679] [-1.236238450105378:3.2231562808565273] [-1.7714541395471206:3.7353511403193349] [-1.4265794547888913:2.4854654345878] [-1.6323052103200724:1.7617639935552756] [-2.6375294796280797:2.1903878565406241] [-1.3596996157617502:2.3223662078896483] [-1.425302593352322:3.8208744667355612] [-1.6229522257915054:1.8061814972601671] [-1.3500683097539867:2.3640748111926904] [-1.6229522257915054:1.8061814972601671] [-2.6589896628756238:2.1766698508377167] [-1.3500683097539867:2.3640748111926904] [-2.7880610502722214:1.9449057877712794] [-1.7048445248052739:1.7292050295915813] [-1.356201240747408:1.5395186410021828] [-2.7437074961750403:0.73310028359695534] [-1.8648947724510541:0.53622328442997713] [-2.3730668017255305:1.5333004940513149] [-2.1948432613111946:3.1575114618380038] [-1.7196739994557904:4.2748269641903462] [-3.1943674976540586:2.7059221754321268] [-2.5640992854288158:1.4447865942663936] [-2.2129640250616509:4.4426840397932121] [-1.7105031202174235:3.8369096273985854] [-2.5600763204824784:3.466141874704284] [-2.6868485341839929:1.6989213301687369] [-2.5133568927444907:3.2607161956350326] [-2.109942025766335:2.9587052511058634] [-2.7523602236734441:2.4530053251604071] [-2.5438579894131474:1.6642222201051755] [-2.139674460760836:3.3574311946023743] [-2.0510036657028197:4.3053552186192983] [-3.0341609278497392:2.8998880985565809] [-2.8916562491576023:1.81364284315163] [-2.2105023606211947:1.782274009961752] [-2.7729603341809934:1.1743845634507857] [-2.956243797397204:3.3152911793660325] [-1.9917835738610148:1.7489835101052267] [-3.8184988552321535:2.2850900680081225] [-1.8510316632626096:1.666316669174811] [-2.0876782701450391:1.6522321122647989] [-1.7170493486456802:1.6688652935528223] [-1.4962377029315421:1.2912036519562557] [-1.1139319211938981:3.7214467738647929] [-1.1050297366342334:3.7147223206278945] [-11.140882579576106:11.112144275415549] [-3.2354494402327107:5.3358395686460769] [-3.2179495508799327:5.4062872469981293] [-2.5970628769746615:1.6639036957845048] [-2.6255366248088388:1.6038241746527433] [-1.0213719266542525:1.9429546420836641] [-0.92410350538922936:3.9244395618477661] [-1.053488621169024:1.8536794317837473] [-1.5850393943177494:1.6425609852405709] [8:782] [8:782] none
tree_sizes=3369 3518 3397 3604 3689 3742 3141 3489 3819 3685 3613 3621 3529

Tree=0
num_leaves=31
num_cat=0
split_feature=30 61 33 12 16 47 53 44 55 61 31 40 46 44 42 54 46 27 12 12 10 43 42 46 46 1 54 42 56 12
split_gain=19.8206 8.85936 7.60653 8.89874 9.70669 8.1835 9.09717 7.05926 7.83656 7.18483 5.12244 6.06331 6.84908 4.96116 8.44618 6.02467 4.83442 4.82525 3.66768 4.88087 6.47439 5.78928 3.30306 3.03049 3.60361 2.33445 2.29757 1.67343 1.10251 0.778809
threshold=-0.64264325837759917 68.500000000000014 0.64475758122942539 -0.26289907052023737 1.1185547338249375 -0.71417162867071016 -0.40569842113708671 1.2678252474680771 1.1982416690204678 278.50000000000006 0.31009420645703922 -1.2641176499466897 -0.8539180005681769 0.34303904697712589 -1.3883600532063949 -1.0443823424278946 -1.0136474986221302 0.50937988900417819 -0.3742458183549407 -0.61711708365665985 -1.0000000180025095e-35 0.37736891265093825 0.68802652693819033 -1.0136474986221302 -1.1736089725951657 -0.28697281105237954 0.58377620737898717 -0.83748198092313775 0.46079135771470592 -0.31780204393010242
decision_type=2 2 2 2 2 2 2 2 2 2 2 2 2 2 2 2 2 2 2 2 2 2 2 2 2 2 2 2 2 2
left_child=1 -1 3 7 28 6 -4 8 9 22 16 29 23 -8 -15 -16 -3 -6 19 25 -21 26 -2 24 -13 -11 -22 -17 -5 -12
right_child=2 10 5 4 17 -7 13 -9 -10 18 11 12 -14 14 15 27 -18 -19 -20 20 21 -23 -24 -25 -26 -27 -28 -29 -30 -31
leaf_value=-0.28790167028592789 -0.29962208639000459 -0.29456852486776541 -0.33376649631675814 -0.33579930361950716 -0.31203390545333465 -0.33640938829638084 -0.2829847818356494 -0.26873504325602093 -0.32556282478065168 -0.29741182280683726 -0.34622198866786147 -0.29962208639000459 -0.33685175732768818 -0.28570660712921353 -0.33462712111864512 -0.31422123289392251 -0.32739574950786648 -0.27967165762648594 -0.26887552525245811 -0.32622693964917787 -0.27771622048737787 -0.31183612991498255 -0.32949878149199541 -0.29113712010968018 -0.33059286645135766 -0.26489747660109575 -0.304148858383331 -0.29304589600465752 -0.31474739039794331 -0.32317962980455878
leaf_weight=4.8830845952033988 5.1272388249635679 7.8129353523254395 7.3246268928050986 8.0570895820856112 7.0804726630449277 8.3012438118457776 9.5220149606466276 8.7895522713661176 6.1038557440042487 5.3713930547237396 15.137562245130541 5.1272388249635696 9.7661691904068046 9.522014960646624 8.7895522713661176 4.883084595203397 5.6155472844839078 6.8363184332847595 6.8363184332847657 5.3713930547237316 12.451865717768682 9.5220149606466276 5.1272388249635696 5.6155472844839105 5.3713930547237396 5.8597015142440707 5.1272388249635688 5.3713930547237512 5.6155472844839087 5.6155472844839052
leaf_count=20 21 32 30 33 29 34 39 36 25 22 62 21 40 39 36 20 23 28 28 22 51 39 21 23 22 24 21 22 23 23
internal_value=-0.308248 -0.322002 -0.302482 -0.297757 -0.312023 -0.311497 -0.306316 -0.292507 -0.296516 -0.293156 -0.3253 -0.329874 -0.318871 -0.300119 -0.307006 -0.318231 -0.308439 -0.295292 -0.288575 -0.292993 -0.299887 -0.293787 -0.314855 -0.306807 -0.31578 -0.276868 -0.284183 -0.303115 -0.329046 -0.341683
internal_weight=221.936 64.945 156.991 103.277 27.5894 53.7139 45.4127 75.6878 66.8983 60.7944 60.0619 46.6335 25.8803 38.0881 28.566 19.044 13.4285 13.9168 50.5399 43.7036 32.4725 27.1011 10.2545 16.1142 10.4986 11.2311 17.5791 10.2545 13.6726 20.7531
internal_count=909 266 643 423 113 220 186 310 274 249 246 191 106 156 117 78 55 57 207 179 133 111 42 66 43 46 72 42 56 85
is_linear=0
shrinkage=1


Tree=1
num_leaves=32
num_cat=0
split_feature=30 33 12 16 48 53 44 55 46 46 12 42 14 33 54 42 44 44 27 60 56 37 54 19 33 37 12 31 39 56 19
split_gain=18.8021 7.21732 8.43555 9.24564 7.8011 8.66486 6.63726 7.45217 5.77841 10.7994 5.61522 6.20623 5.49292 5.25932 4.75643 5.48569 8.60988 4.75004 4.57412 4.32523 3.96885 4.0877 3.95292 2.93746 2.98392 2.54696 2.38982 2.02705 1.51618 1.04839 0.875036
threshold=-0.64264325837759917 0.64475758122942539 -0.26289907052023737 1.1185547338249375 -0.78444601660121316 -0.40569842113708671 1.2678252474680771 1.1982416690204678 -1.3301259661864286 -0.8539180005681769 -0.3742458183549407 0.68802652693819033 -1.1995208181860417 -0.67749823012853982 -1.7839224159034011 -1.3883600532063949 0.34303904697712589 -0.81294370363656265 0.50937988900417819 645.50000000000011 0.46079135771470592 0.2504366200000161 -1.0443823424278946 1.0000000180025095e-35 -0.24898940237364373 0.2504366200000161 -0.39144085120773492 1.0410558505158278 0.66532580276663877 0.46079135771470592 1.0779197692749365
decision_type=2 2 2 2 2 2 2 2 2 2 2 2 2 2 2 2 2 2 2 2 2 2 2 2 2 2 2 2 2 2 2
left_child=8 2 6 29 5 -3 7 10 28 12 11 19 -10 27 -7 -16 -17 -15 -5 23 -13 -22 -18 24 -2 -11 -24 -14 -1 -4 -25
right_child=1 4 3 18 -6 14 -8 -9 9 25 -12 20 13 17 15 16 22 -19 -20 -21 21 -23 26 30 -26 -27 -28 -29 -30 -31 -32
leaf_value=-0.010573226947176752 -0.0051013310587956539 -0.024967987481031517 -0.026955383325503342 -0.0036936436194009649 -0.027551849824339687 -0.013630796277784921 0.038312013232250183 -0.016935006026417582 -0.016159035856524007 -0.0054312551039303264 0.038224040976082917 -0.018632066510861037 -0.015974857711739673 0.0042823975597154982 0.032336828513497742 0.030298842855422482 -0.021538068882371413 0.040222635422569229 0.027776969457032074 -0.0026261040334759067 0.023602899121268978 -0.0090900962747601476 -0.0077846471638450153 0.039937657265120663 0.019997833610739431 -0.034843029891820067 0.017550563632653102 0.0065551339519948531 -0.036065497817466277 -0.0063502762490664569 0.014501995108853536
leaf_weight=5.6092475503683081 5.3789442628622011 7.2949424386024466 8.0217321217060107 7.0763505399227125 8.2639754116535169 6.1138099879026404 8.8394445776939374 6.0872711241245261 9.2611670345067889 4.8642096221446982 6.8749942183494559 7.319817483425143 5.8512508571147865 8.3004893362522072 7.8394100666046098 6.6166476756334367 7.2939030826091757 5.1293122023344209 6.8648863434791565 6.8465787023305884 5.3808494359254819 5.3649909645318985 5.1310873031616202 8.0688946247100812 10.277808532118803 10.700318410992621 5.1310873031616238 5.3680247962474823 9.7262145876884443 5.6099114865064612 5.3928861320018759
leaf_count=23 22 30 33 29 34 25 36 25 38 20 28 30 24 34 32 27 30 21 28 28 22 22 21 33 42 44 21 22 40 23 22
internal_value=0 0.00561089 0.0102086 -0.00368517 -0.00317303 0.00187363 0.0153115 0.0114165 -0.0134126 -0.007795 0.0146852 0.0106304 0.00175976 0.00926242 0.0079116 0.0126309 0.00449037 0.0210732 0.0126074 0.0176335 -0.00328774 0.00767645 -0.00654096 0.0224883 0.0113331 -0.0272883 0.00499556 -0.00522155 -0.0288704 -0.0203423 0.0326244
internal_weight=221.9 157.09 103.405 27.5729 53.6849 45.4209 75.8325 66.993 64.8102 49.4748 60.9058 54.0308 33.9102 24.6491 38.1259 32.0121 24.1727 13.4298 13.9412 35.9651 18.0657 10.7458 17.5561 29.1185 15.6568 15.5645 10.2622 11.2193 15.3355 13.6316 13.4618
internal_count=909 643 423 113 220 186 310 274 266 203 249 221 139 101 156 131 99 55 57 147 74 44 72 119 64 64 42 46 63 56 55
is_linear=0
shrinkage=0.03


Tree=2
num_leaves=31
num_cat=0
split_feature=30 61 33 12 16 47 53 60 61 40 31 40 46 54 60 14 46 27 46 2 46 46 32 45 45 24 39 24 41 46
split_gain=17.8591 8.31425 6.8477 8.00012 8.80806 7.44016 8.25698 5.43788 5.86586 6.21468 4.79738 5.73996 6.29135 4.52746 5.26945 5.13317 4.4624 4.33828 3.4725 3.45244 2.84924 3.47141 2.62811 3.75281 3.08698 1.98023 3.08661 1.214 1.07632 0.764817
threshold=-0.64264325837759917 68.500000000000014 0.64475758122942539 -0.26289907052023737 1.1185547338249375 -0.71417162867071016 -0.40569842113708671 691.00000000000011 278.50000000000006 -1.0000000180025095e-35 0.31009420645703922 -1.2641176499466897 -0.8539180005681769 -1.7839224159034011 195.00000000000003 0.88274628858606563 -1.0136474986221302 0.50937988900417819 1.2707609278553724 -0.75728618758600363 -1.0136474986221302 -1.1736089725951657 1.3613500481417689 -0.78494170033200183 -1.1459338336342093 0.34752523218467474 0.90743709204022249 -0.72294571244516492 1.0000000180025095e-35 -1.2374981981263786
decision_type=2 2 2 2 2 2 2 2 2 2 2 2 2 2 2 2 2 2 2 2 2 2 2 2 2 2 2 2 2 2
left_child=1 -1 3 7 28 6 -4 8 9 -2 16 29 20 -8 -15 -16 -3 -6 22 -17 21 -13 23 24 -10 -25 -27 -26 -5 -12
right_child=2 10 5 4 17 -7 13 -9 18 -11 11 12 -14 14 15 19 -18 -19 -20 -21 -22 -23 -24 25 27 26 -28 -29 -30 -31
leaf_value=0.019869060901126803 -0.019426966712251588 0.013260341690225172 -0.024434564908033109 -0.0072308887145941959 -0.0036039495152732429 -0.026962637461311723 -0.013324702441657874 -0.010710038133116244 0.026135862471573641 0.020094482314733458 -0.03674945853001535 0.0085623511959849359 -0.027389214502608405 -0.0056280194654214589 0.040180988248324036 0.020013403104697625 -0.018317835921696928 0.027010320181232367 0.0015587190069142371 -0.0054404760923670572 0.016629356087075876 -0.021842415885606693 0.0011633405912377659 0.041140345729317893 0.010221030281442067 0.0050145424443568381 0.034082564492753285 -0.008020329716905375 -0.027629399547682783 -0.014227292061674541
leaf_weight=4.8960839807987204 6.5913375169038773 7.8303457498550415 7.2637881338596335 6.5429964512586611 7.0722828656434995 8.224605977535246 6.1012771129608145 5.6143537312746039 6.6295286118984249 4.8884759843349439 14.993981778621675 5.1288600564002991 9.6762466281652504 9.2926134467124921 6.3799835294485119 9.0441718548536283 5.579695910215376 6.8901247382164001 8.0995403826236707 7.3363668769598034 5.6307947188615808 5.3503146320581436 4.8929519653320304 15.220159053802499 4.9032948613166818 8.0867280662059766 5.8918382078409186 5.1379330605268381 7.0457394123077393 5.5856360644102052
leaf_count=20 27 32 30 27 29 34 25 23 27 20 62 21 40 38 26 37 23 28 33 30 23 22 20 62 20 33 24 21 29 23
internal_value=0 -0.0130906 0.00546242 0.00993649 -0.00359868 -0.00309723 0.00182043 0.0148981 0.0172065 -0.00175789 -0.0163084 -0.0207528 -0.0100562 0.00770533 0.0123039 0.0197678 0 0.0122701 0.0209563 0.00877774 0.00146007 -0.00725165 0.0238029 0.0259779 0.012365 0.0325707 0.0197697 0.000538059 -0.0199004 -0.0322902
internal_weight=221.822 64.672 157.15 103.507 27.5511 53.6428 45.4182 75.9561 70.3418 11.4798 59.7759 46.3658 25.7862 38.1544 32.0531 22.7605 13.41 13.9624 58.862 16.3805 16.11 10.4792 50.7624 45.8695 16.6708 29.1987 13.9786 10.0412 13.5887 20.5796
internal_count=909 266 643 423 113 220 186 310 287 47 246 191 106 156 131 93 55 57 240 67 66 43 207 187 68 119 57 41 56 85
is_linear=0
shrinkage=0.03


Tree=3
num_leaves=33
num_cat=0
split_feature=30 61 33 12 47 53 18 29 44 55 61 31 40 40 31 60 44 42 54 41 60 31 44 42 10 18 47 42 54 34 55 12
split_gain=16.9451 7.93227 6.49969 7.59047 7.09567 7.86685 7.04137 7.78384 6.22036 7.00125 6.37047 4.56873 5.49329 5.71999 4.73711 4.50091 4.40094 7.731 5.45368 3.79112 4.16676 3.39798 3.16192 3.06013 1.98658 1.92731 2.63747 1.57629 1.52915 0.957783 0.930544 0.818093
threshold=-0.64264325837759917 68.500000000000014 0.64475758122942539 -0.26289907052023737 -0.71417162867071016 -0.40569842113708671 0.88584397392231262 -0.87839120807502213 1.2678252474680771 1.1982416690204678 278.50000000000006 0.31009420645703922 -1.2641176499466897 -0.85348032617470282 1.0410558505158278 645.50000000000011 0.34303904697712589 -1.3883600532063949 -1.0443823424278946 -0.79928788536510387 240.50000000000003 -0.12848277997823385 -0.81294370363656265 0.68802652693819033 1.6140794041435866 -0.7977713866854883 0.77559101361383698 -0.83748198092313775 0.60218821083243179 0.97304845343313551 -0.16214261887438827 -0.31780204393010242
decision_type=2 2 2 2 2 2 2 2 2 2 2 2 2 2 2 2 2 2 2 2 2 2 2 2 2 2 2 2 2 2 2 2
left_child=1 -1 3 8 5 -4 30 -8 9 10 23 21 31 14 28 19 -7 -18 -19 -12 -21 -3 -22 -2 -9 -24 -27 -20 -14 -15 -5 -13
right_child=2 11 4 6 -6 16 7 24 -10 -11 15 12 13 29 -16 -17 17 18 27 20 22 -23 25 -25 -26 26 -28 -29 -30 -31 -32 -33
leaf_value=0.019371221148526473 0.0081110447071674491 -0.015553356414411499 -0.023916962865882765 -0.0065458006738895848 -0.02639218966111341 0.023564859057604103 0.033105491239151033 0.0061324005874579665 0.036676451149256759 -0.016736542697412676 0.040611744298846522 -0.036088748169161938 0.0018533416506810701 -0.0095233808806246562 0.022072030324856565 -9.138596377906302e-05 0.021321654221720162 -0.025428901845073165 -0.0061332986734497826 -0.0067670592217193848 0 0.011898181823220451 0.0049948666979696774 -0.02064739434949827 -0.016619894473831984 0.017946552727892851 0.047206279417247927 0.014377789993677068 -0.018520183023548256 -0.0342901647114814 -0.028065750243399419 -0.013615743695649673
leaf_weight=4.9095956385135642 5.1424912810325605 5.8303315937519073 7.2313137352466574 5.0841197967529297 8.1833503246307355 9.5974923819303495 5.6369220316410091 4.882161080837248 8.8979704529046995 6.0778299719095221 7.8847010582685391 14.903969153761865 4.8701756596565229 4.8372372686862999 5.1296992450952521 9.2952170819044095 9.5774455219507164 8.727169990539549 4.888002231717107 4.9070397764444413 5.64235138893127 7.5764712244272214 4.9166262149810747 5.1022722572088242 5.874660849571228 13.02859583497049 5.1785684823989859 5.3959505707025643 5.5855300575494766 5.3141164183616638 6.0491944849491137 5.5580282807350114
leaf_count=20 21 24 30 21 34 39 23 20 36 25 32 62 20 20 21 38 39 36 20 20 23 31 20 21 24 53 21 22 23 22 25 23
internal_value=0 -0.0127706 0.00531568 0.00967066 -0.00302696 0.00176432 -0.00351841 0.00854171 0.0144962 0.010734 0.0138981 -0.0159268 -0.0202772 -0.0098065 0.00157513 0.0181924 0.00749895 0.00100014 -0.00975552 0.022282 0.0162706 -1.19107e-06 0.0205393 -0.00650862 -0.00631714 0.0251813 0.0295328 0.00457987 -0.00948662 -0.0257489 -0.0206575 -0.0316045
internal_weight=221.717 64.5152 157.201 103.601 53.6007 45.4174 27.5271 16.3937 76.0737 67.1757 61.0979 59.6056 46.1988 25.7368 15.5854 50.8531 38.1861 28.5886 19.0111 41.5579 33.6732 13.4068 28.7661 10.2448 10.7568 23.1238 18.2072 10.284 10.4557 10.1514 11.1333 20.462
internal_count=909 266 643 423 220 186 113 67 310 274 249 246 191 106 64 207 156 117 78 169 137 55 117 42 44 94 74 42 43 42 46 85
is_linear=0
shrinkage=0.03


Tree=4
num_leaves=34
num_cat=0
split_feature=29 20 35 59 32 39 29 46 45 13 57 36 28 26 20 21 23 20 28 47 45 24 54 49 47 35 53 18 42 54 54 8 33
split_gain=16.0557 6.75633 4.69769 4.69569 4.51905 5.10299 5.80325 11.4012 7.61388 6.00121 8.43231 6.64835 6.18636 5.68763 4.99991 5.98819 4.99812 4.7485 4.47381 3.91991 5.86967 9.28648 3.8751 3.263 3.26205 2.76364 2.35267 2.81787 2.21798 1.97044 1.56825 0.724018 0.546571
threshold=0.69337573708284683 -0.6980830858043191 -0.86563552490286388 0.835660890350991 -1.5510113780145698 -1.4452124541143938 -0.87839120807502213 0.56715878127949726 0.67074380917880594 -1.1747133167053556 0.89410014482464406 0.37983229794730206 0.68821590064431548 -1.0739508963887101 -0.17158856184984816 0.44336630194928911 0.3613903053182615 0.88140048605909405 0.68821590064431548 1.1296136264886683 0.56368764819536199 -0.36612206423521848 0.29848612605598129 -0.12894737220046104 0.80609379233640766 0.38676929935854198 1.0000000180025095e-35 0.4238977424137555 0.17952369098441415 0.23111630178697309 0.58377620737898717 -1.1042641320687963 -0.94684663614590281
decision_type=2 2 2 2 2 2 2 2 2 2 2 2 2 2 2 2 2 2 2 2 2 2 2 2 2 2 2 2 2 2 2 2 2
left_child=4 3 30 28 31 18 7 8 22 12 14 16 -8 -9 19 17 -12 -16 -6 20 21 25 -7 -17 -4 -11 -15 -28 -2 -19 -3 -1 -22
right_child=1 2 24 -5 5 6 9 13 -10 10 11 -13 -14 26 15 23 -18 29 -20 -21 32 -23 -24 -25 -26 -27 27 -29 -30 -31 -32 -33 -34
leaf_value=0.0087035240174340323 0 -0.013392445997419717 -0.017080980065151533 -0.014411697867111269 -0.031058753329973644 -0.00078562109826299108 0.004808990832499904 -0.00086640994044080548 0.020176223974594419 0.038900896983580284 -0.00070989193461152992 0.0067366456039482893 -0.029956879768265783 0.047819926709987158 -0.0077050913002096946 -0.028665864703088271 -0.040790545197626663 0.0040856137533916443 0.0029315769158583496 -0.0058170317825100137 0.017288493057820261 -0.0143201229255397 -0.034490429136634776 0.0013203858785203234 0.01118154750335602 0.0054369060159195513 0.03230803512248534 0.0045957978995460483 0.025219915942406704 0.028699789999988668 -0.03596660734298894 0.030466404910147685 0.044199892657721687
leaf_weight=5.1176482141017914 5.343613877892496 7.7678531408309963 7.0337935686111432 8.9451942145824415 5.575898125767706 6.578046917915346 7.0904124677181271 5.3766486942768124 5.6425971239805213 5.157676622271536 4.8582370579242724 8.3192227929830533 9.0279953181743604 6.6403876543045071 7.8060573637485531 6.0736392587423325 6.5379290580749512 6.122287377715109 5.8375650942325592 4.8709923326969138 5.1301624774932861 7.8126363307237687 5.1060674041509628 4.8821870237588865 4.8702690899372101 4.8978213369846344 7.3901164531707746 7.0966963768005371 4.87199766933918 7.5596003979444504 14.448939159512518 5.1420350074768049 6.6366053968667966
leaf_count=21 22 32 29 37 23 27 29 22 23 21 20 34 37 27 32 25 27 25 24 20 21 32 21 20 20 20 30 29 20 31 60 21 27
internal_value=0 -0.0141213 -0.0218491 0 0.0045571 0.00314542 0.00472635 0.0136765 -0.00478478 0.000710327 0.00394884 -0.0125492 -0.0152156 0.0255695 0.0090634 0.000317241 -0.0262392 0.00954615 -0.0148882 0.0167644 0.0207702 0.00828246 -0.0182183 -0.0162717 -0.00511308 0.0259421 0.0321738 0.0208128 0.0132496 0.0195727 -0.029673 0.0226159 0.0362004
internal_weight=221.569 53.2817 34.1209 19.1608 168.287 158.027 146.614 43.8306 17.3267 102.783 86.6651 19.7154 16.1184 26.5038 66.9497 32.4438 11.3962 21.4879 11.4135 34.5059 29.6349 17.8681 11.6841 10.9558 11.9041 10.0555 21.1272 14.4868 10.2156 13.6819 22.2168 10.2597 11.7668
internal_count=909 220 141 79 689 647 600 179 71 421 355 81 66 108 274 133 47 88 47 141 121 73 48 45 49 41 86 59 42 56 92 42 48
is_linear=0
shrinkage=0.03


Tree=5
num_leaves=34
num_cat=0
split_feature=30 61 33 12 18 29 46 60 60 12 57 12 10 36 30 45 45 24 2 54 46 36 19 37 45 54 57 61 55 10 55 39 30
split_gain=15.4965 7.60399 6.01479 7.07346 6.68484 7.26276 6.01054 6.1157 9.94115 5.07413 4.50741 7.19642 9.2692 4.38309 8.4895 5.50586 4.95556 4.28337 4.05611 5.41697 6.61392 3.83135 3.72726 3.6721 3.27512 3.0833 2.5235 2.07886 1.98699 1.87523 0.898702 0.871103 0.448646
threshold=-0.64264325837759917 68.500000000000014 0.64475758122942539 -0.26289907052023737 0.88584397392231262 -0.87839120807502213 0.43553688691213999 195.00000000000003 335.50000000000006 -0.34476354776146184 0.89410014482464406 -0.61711708365665985 -1.0000000180025095e-35 1.0000000180025095e-35 -0.094805240633348317 -0.78133309632146142 -1.123862327169125 -0.9905634486026248 1.6104913668281569 0.58377620737898717 -0.75696138617512421 -0.53635197794656619 -0.34306625323410717 -0.84548732557276285 0.60214031292803749 0.41698619815364107 -1.0000000180025095e-35 533.00000000000011 -1.2007336433442029 1.6140794041435866 -0.16214261887438827 0.99021550199751474 0.81825812227373695
decision_type=2 2 2 2 2 2 2 2 2 2 2 2 2 2 2 2 2 2 2 2 2 2 2 2 2 2 2 2 2 2 2 2 2
left_child=1 -1 3 9 30 -6 -4 17 -9 10 11 -2 -13 14 -14 16 -15 -8 19 20 24 27 -10 -24 -3 -12 -25 31 -20 -7 -5 -21 -17
right_child=2 18 6 4 5 29 7 8 22 -11 25 12 13 15 -16 32 -18 -19 28 21 -22 -23 23 26 -26 -27 -28 -29 -30 -31 -32 -33 -34
leaf_value=0.019187518109501991 0.034012044568812197 -0.0047167731717579521 -0.023228592683122346 -0.0063436279945906443 0.031921380936033986 0.0059505878965753593 -0.031164701592152139 0.03777954134434746 0.019667265148614832 0.038742678533840502 0.011525115982432357 -0.020471852392402953 0.020110360657200434 0.02218974941423791 -0.025907075144049514 0.040310087263281801 -0.011609610114363237 0.00069357649179138399 -0.038276494182422273 -0.038039538565349994 -0.024354237792032683 0.0032235566835070698 0.0070257117709262712 -0.0016150195628436862 0.021232086660064434 -0.014134350944994644 -0.029967049469974638 -0.0052878608589135888 -0.008776241182542768 -0.016150404288209148 -0.027502587417615566 -0.015677530248981903 0.015947677138630191
leaf_weight=4.9135485142469397 12.317437693476675 6.0651910752058056 9.1547882258892042 5.0753420293331146 5.6667826920747784 4.8865015208721143 5.5775670558214188 6.6021779030561474 4.8909775465726879 5.7026255130767813 5.6522114425897589 6.8357142359018246 6.406614363193512 6.1675926595926285 5.1245881915092522 7.8900679796934181 6.3740365058183617 7.2976222634315473 8.1310034394264203 7.8981483578681964 5.0636440217494956 4.8180820941925075 8.7985565215349215 6.0961528867483157 9.2797361612319929 8.5523424744606 5.1054107248783076 5.557940185070037 4.8030844479799262 5.8546765148639679 6.0164051800966281 7.7046523839235306 5.1681624203920364
leaf_count=20 50 25 38 21 23 20 23 27 20 23 23 28 26 25 21 32 26 30 34 33 21 20 36 25 38 35 21 23 20 24 25 32 21
internal_value=0 -0.0122358 0.00508589 0.00927109 -0.00346335 0.00826426 -0.0029448 0.00173242 0.00890884 0.0139227 0.0110659 0.0148185 0.00836473 0.0144175 -0.000507922 0.021018 0.00517942 -0.014502 -0.0153462 -0.0103873 0.000974069 -0.019097 -0.000233596 -0.00641196 0.0111127 -0.00341641 -0.0170225 -0.0243209 -0.0297877 -0.00610869 -0.0202063 -0.0296915 0.0337167
internal_weight=221.449 64.235 157.214 103.691 27.4997 16.408 53.5233 44.3685 31.4933 76.1914 70.4888 56.2842 43.9668 37.1311 11.5312 25.5999 12.5416 12.8752 59.3215 46.3874 20.4086 25.9788 24.8911 20.0001 15.3449 14.2046 11.2016 21.1607 12.9341 10.7412 11.0917 15.6028 13.0582
internal_count=909 266 643 423 113 67 220 182 129 310 287 229 179 151 47 104 51 53 246 192 84 108 102 82 63 58 46 88 54 44 46 65 53
is_linear=0
shrinkage=0.03


Tree=6
num_leaves=29
num_cat=0
split_feature=30 61 33 12 16 47 53 44 55 61 31 60 57 44 38 20 30 29 31 2 55 9 16 44 44 43 56 16
split_gain=14.7694 7.26913 5.71293 6.71736 7.93427 6.61217 7.33032 5.78643 6.52628 5.75681 4.14697 4.13703 4.88102 4.06634 3.60635 3.17286 3.15256 3.12297 3.10777 2.88797 4.86258 3.29717 2.59726 2.0129 1.90623 3.04573 1.11983 0.894282
threshold=-0.64264325837759917 68.500000000000014 0.64475758122942539 -0.26289907052023737 1.1185547338249375 -0.71417162867071016 -0.40569842113708671 1.2678252474680771 1.1982416690204678 278.50000000000006 0.31009420645703922 645.50000000000011 0.89410014482464406 0.34303904697712589 -0.73215915036452883 -0.96133034778155468 0.27042010452948578 0.69337573708284683 -0.12848277997823385 -0.75728618758600363 0.92401188623310271 -1.2258506856038325 -1.160797038176884 1.0000000180025095e-35 -0.81294370363656265 0.37736891265093825 0.46079135771470592 0.11573773975901021
decision_type=2 2 2 2 2 2 2 2 2 2 2 2 2 2 2 2 2 2 2 2 2 2 2 2 2 2 2 2
left_child=1 -1 3 7 26 6 -4 8 9 23 18 12 24 -8 15 22 -6 -17 -3 20 -15 -21 -12 -2 -11 27 -5 -26
right_child=2 10 5 4 16 -7 13 -9 -10 11 14 -13 -14 19 -16 17 -18 -19 -20 21 -22 -23 -24 -25 25 -27 -28 -29
leaf_value=0.018711449162104821 -0.017376971912550554 -0.014811682605600658 -0.0231407863853197 -0.025653016809964107 -0.0058852924387724961 -0.025525608228447676 0.02267716268848232 0.034874127327368623 -0.016564126670277519 0.0051159901913592348 -0.01914113945888261 -0.00039404407554781949 0 -0.010519260015192513 0 -0.0079940759117260451 0.021065689989045958 -0.033752773612906205 0.01147466802437387 -0.023094305267374899 0.023111452542902675 0.003088105481523194 0.0077333237993449907 0.0059385072149074512 0.02519240865139304 0.010725938699289495 -0.0051174846630352494 0.049995031112813643
leaf_weight=4.9253851324319831 5.340276360511778 5.7933721840381622 7.1765999346971503 7.9273864626884478 4.876083016395568 8.1132946908473951 9.6277180761098844 8.9462580233812314 6.0678318142890921 4.90885514020919 5.0246302038431168 9.302964508533476 8.357835650444029 4.8713856637477848 7.7272956371307364 7.4629803001880708 9.108978867530821 20.731957882642746 7.5905417799949628 5.5961716622114137 8.5678749531507474 9.5269306004047465 4.8259940147399849 4.884990930557251 14.09906214475633 8.8856112211942655 5.5572710633277893 5.4674301594495764
leaf_count=20 22 24 30 33 20 34 39 36 25 20 21 38 34 20 32 31 37 87 31 23 35 39 20 20 57 36 23 22
internal_value=0 -0.011969 0.00495549 0.00903234 -0.00338271 -0.00287362 0.00173671 0.0135605 0.00994223 0.0129971 -0.0150219 0.0170686 0.02098 0.00726069 -0.0191963 -0.0228599 0.0116215 -0.0278849 0 0.000992341 0.0106873 -0.0074492 -0.00616423 -0.00639184 0.0259172 0.0288698 -0.0189498 0.0354741
internal_weight=221.293 64.0822 157.211 103.731 27.4697 53.48 45.3667 76.2611 67.3149 61.247 59.1568 51.0218 41.7188 38.1901 45.7729 38.0456 13.9851 28.1949 13.3839 28.5624 13.4393 15.1231 9.85062 10.2253 33.361 28.4521 13.4847 19.5665
internal_count=909 266 643 423 113 220 186 310 274 249 246 207 169 156 191 159 57 118 55 117 55 62 41 42 135 115 56 79
is_linear=0
shrinkage=0.03


Tree=7
num_leaves=32
num_cat=0
split_feature=30 61 33 12 47 53 18 29 12 12 1 57 54 42 11 31 40 46 46 20 33 34 55 18 55 46 46 10 49 55 12
split_gain=13.9934 6.93263 5.4339 6.38717 6.30465 6.98094 6.15914 6.86813 4.78661 4.25192 9.99935 4.43807 4.23006 5.01853 6.70679 3.94769 5.01792 5.80526 3.96423 3.92479 3.22474 4.36008 3.47308 3.09119 2.88562 2.67269 3.25702 1.82859 1.72493 0.874075 0.867883
threshold=-0.64264325837759917 68.500000000000014 0.64475758122942539 -0.26289907052023737 -0.71417162867071016 -0.40569842113708671 0.88584397392231262 -0.87839120807502213 -0.34476354776146184 -0.6203093455932861 -0.23483541571998892 0.89410014482464406 -1.7839224159034011 -1.3883600532063949 1.0784640115443924 0.31009420645703922 -1.2641176499466897 -0.8539180005681769 -1.0136474986221302 0.88140048605909405 -0.24898940237364373 -0.66000740502454291 0.50616215305020551 0.17630837551540557 0.71672172532579481 -1.0136474986221302 -1.1736089725951657 1.6140794041435866 -0.30803547201744957 -0.16214261887438827 -0.31780204393010242
decision_type=2 2 2 2 2 2 2 2 2 2 2 2 2 2 2 2 2 2 2 2 2 2 2 2 2 2 2 2 2 2 2
left_child=1 -1 3 8 5 -4 29 -8 9 11 19 -2 -7 -14 -15 18 30 25 -3 20 28 -22 -23 -16 -21 26 -18 -9 -11 -5 -17
right_child=2 15 4 6 -6 12 7 27 -10 10 -12 -13 13 14 23 16 17 -19 -20 24 21 22 -24 -25 -26 -27 -28 -29 -30 -31 -32
leaf_value=0.018250260641487003 0.031882211174033177 0.012558042256397546 -0.022659951107318145 -0.005915888924927482 -0.024998716927153723 -0.013253505662422073 0.030874012872506365 0.0058331148206038057 0.037246912438666194 -0.0044459539117152275 -0.021823610163578415 0 0.030247895208505224 0.023452360555771136 0.003024987842052438 -0.034134531599097143 0.0088929226400990252 -0.02560243933877341 -0.017258810994043593 0.0089728722043571924 0.0026298543103951814 0.010676417990057998 0.046736879029689891 -0.021610500685032064 -0.01739762767256239 0.016837138550748001 -0.020604496013085224 -0.015991219475871003 0.014730000594065205 -0.026647269146085551 -0.012171815642039811
leaf_weight=4.9360940456390372 12.126698315143587 7.8550215065479279 7.1413826346397391 5.056564599275589 8.0680695772171003 6.0921862423419944 5.6872400343418148 4.8874522000551206 5.7252907752990714 7.6063463538885117 8.2788390368223173 5.1521232724189749 7.90660840272903 8.3760606050491386 9.5325202345848066 14.58413350582123 5.113395944237709 9.509997516870504 5.5248875319957715 6.8811885118484479 6.6601410210132554 5.6721530854702085 6.9252790957689285 6.3065922111272803 5.1381088197231293 5.6205023527145395 5.2868765145540237 5.8468793481588364 6.1484232544898934 5.9621217995882052 5.4794403612613634
leaf_count=20 49 32 30 21 34 25 23 20 23 31 34 21 32 34 39 62 21 40 23 28 27 23 28 26 21 23 22 24 25 25 23
internal_value=0 -0.0116694 0.00482025 0.00879464 -0.00281865 0.0016728 -0.00331583 0.00790512 0.0132063 0.0104387 0.00577053 0.0229106 0.00705527 0.0115049 0.00374432 -0.0146634 -0.0187496 -0.00876859 0 0.0115125 0.0166891 0.0242709 0.0337894 -0.00745892 -0.00253593 0.002218 -0.00630471 -0.00606709 0.00433798 -0.0194616 -0.0296786
internal_weight=221.089 63.9103 157.178 103.755 53.4234 45.3554 27.4403 16.4216 76.3146 70.5893 53.3105 17.2788 38.214 32.1218 24.2152 58.9743 45.5943 25.5308 13.3799 45.0316 33.0123 19.2576 12.5974 15.8391 12.0193 16.0208 10.4003 10.7343 13.7548 11.0187 20.0636
internal_count=909 266 643 423 220 186 113 67 310 287 217 70 156 131 99 246 191 106 55 183 134 78 51 65 49 66 43 44 56 46 85
is_linear=0
shrinkage=0.03


Tree=8
num_leaves=35
num_cat=0
split_feature=29 36 45 32 39 29 46 45 13 4 24 12 28 26 45 45 28 54 55 53 47 46 44 45 55 53 25 30 37 26 28 46 2 11
split_gain=13.514 4.63571 5.54476 4.29706 4.60107 5.03014 10.2347 7.03341 5.56321 7.62086 7.20752 7.94394 5.86815 5.06431 4.46277 7.87537 4.15443 3.68459 3.62671 3.52221 4.44168 3.06576 4.57396 2.7112 2.60118 2.28933 4.87927 2.23362 1.83054 1.75478 1.09842 0.797644 0.591331 0.0113408
threshold=0.69337573708284683 -0.078259839999632055 -0.58235037069213191 -1.5510113780145698 -1.4452124541143938 -0.87839120807502213 0.56715878127949726 0.67074380917880594 -1.1747133167053556 -1.1629263916468697 -0.36612206423521848 -0.61157932147383287 0.68821590064431548 -1.0739508963887101 0.71338179232232934 0.56368764819536199 0.68821590064431548 0.29848612605598129 0.44830279268996825 -0.40569842113708671 1.0995967235702913 -0.83660535663086233 -0.81294370363656265 0.38677128960466439 -0.45634934347964401 1.0000000180025095e-35 0.21972337113560672 -1.3730939487032672 -0.4071177473436513 0.58550557416677917 -0.29306554481505559 0.59942762248062065 -0.75037549060121234 -1.2203066692530833
decision_type=2 2 2 2 2 2 2 2 2 2 2 2 2 2 2 2 2 2 2 2 2 2 2 2 2 2 2 2 2 2 2 2 2 2
left_child=3 21 -3 32 16 6 7 17 12 23 28 -12 -7 -8 15 18 -5 -6 24 20 -16 22 27 -10 -13 -15 -27 33 -11 -29 -21 -30 -1 -2
right_child=1 2 -4 4 5 8 13 -9 9 10 11 14 -14 25 19 -17 -18 -19 -20 30 -22 -23 -24 -25 -26 26 -28 29 31 -31 -32 -33 -34 -35
leaf_value=0.0085758934161543551 -0.032660743693682499 -0.015238180164741849 0.02424582628350563 -0.030052388289519283 -0.00079739097433460067 0.0046674061874381716 -0.0010145192414892723 0.019070741782571256 -0.030649585789329876 0.0076627821434871422 0.025420443360242101 9.0978143433774781e-05 -0.029233770301091592 0.045166032719819831 0.017099654380630595 0.027735016616136442 0.002760520155113716 -0.033767312463232113 0.010199619853218607 -0.0092381258827074608 -0.016542893464672446 -0.032502680502855229 0.0065476294441640564 -0.0015634296109152269 -0.026166952319761745 0 0.033938073157724902 0.0057981899009750329 0.015199606138230383 -0.015328479141974037 -0.033959708715565785 0.040068740653549956 0.029046721028188293 -0.0163604484442504
leaf_weight=5.1142058819532394 5.3989227563142732 4.8579394519329071 4.8857615888118726 5.5133275240659696 6.5647192448377627 7.0805709958076504 5.3722193390131023 5.6570158898830405 5.3356164842843992 7.5868793576955822 8.85383039712905 5.0879145413637126 8.9660770595073682 6.6941672414541271 5.1193017214536685 7.5797690153121939 5.8314608037471771 5.0642140805721283 6.3404094576835623 5.3493253141641617 6.043933629989624 8.7637704759836179 7.9877000749111202 6.0897801071405411 6.5332811921835177 7.1235751062631589 7.4305684715509415 5.0481044054031372 6.6022666394710452 5.9854805618524551 5.0661861449480039 4.953497588634491 5.164837494492529 9.7928332090377808
leaf_count=21 23 20 20 23 27 29 22 23 22 31 36 21 37 27 21 31 24 21 26 22 25 37 33 25 27 29 30 21 27 25 21 20 21 41
internal_value=0 -0.013028 0.00461989 0.00417724 0.00280046 0.00430253 0.0126229 -0.00487582 0.000553316 0.00367447 0.00726843 0.00152273 -0.0148127 0.0238529 -0.00348995 0.0047405 -0.014366 -0.0178298 -0.00604462 -0.0131667 -0.000443071 -0.0171849 -0.0118929 -0.0175913 -0.0155174 0.0300562 0.019162 -0.0177763 0.022447 -0.00564674 -0.0245278 0.0296984 0.0217602 -0.0249273
internal_weight=220.839 52.7205 9.7437 168.119 157.84 146.495 43.9065 17.2859 102.589 86.542 75.1166 55.974 16.0466 26.6205 47.1201 25.5414 11.3448 11.6289 17.9616 21.5787 11.1632 42.9768 34.213 11.4254 11.6212 21.2483 14.5541 26.2253 19.1426 11.0336 10.4155 11.5558 10.279 15.1918
internal_count=909 220 40 689 647 600 179 71 421 355 308 230 66 108 194 105 47 48 74 89 46 180 143 47 48 86 59 110 78 46 43 47 42 64
is_linear=0
shrinkage=0.03


Tree=9
num_leaves=34
num_cat=0
split_feature=29 20 17 32 39 29 46 13 57 36 28 26 20 21 43 58 47 20 28 49 59 46 35 54 56 53 25 61 54 54 41 46 2
split_gain=12.8793 6.17831 4.39645 4.09595 4.38647 4.77586 9.72998 5.28396 7.40687 6.06326 5.60911 4.81401 4.4228 5.50046 5.17407 5.99248 5.96868 4.43583 3.99106 3.10335 2.93612 6.66007 2.549 3.86158 2.83097 2.15683 4.61738 2.08801 1.93008 1.62328 1.11486 0.565543 0.554192
threshold=0.69337573708284683 -0.96133034778155468 -1.1556173159800258 -1.5510113780145698 -1.4452124541143938 -0.87839120807502213 0.56715878127949726 -1.1747133167053556 0.89410014482464406 0.37983229794730206 0.68821590064431548 -1.0739508963887101 -0.17158856184984816 0.44336630194928911 -1.1501109799686102 0.4000954053073616 -0.77674063718661368 0.88140048605909405 0.68821590064431548 -0.12894737220046104 1.0000000180025095e-35 -0.74004764539797574 -0.86563552490286388 0.10120220157874558 0.46079135771470592 1.0000000180025095e-35 0.21972337113560672 129.00000000000003 0.23111630178697309 0.46935112847991811 0.9112282369420005 -0.87383320712924628 -0.75037549060121234
decision_type=2 2 2 2 2 2 2 2 2 2 2 2 2 2 2 2 2 2 2 2 2 2 2 2 2 2 2 2 2 2 2 2 2
left_child=3 2 -2 32 18 6 20 10 12 29 -7 -8 14 17 -9 30 -17 -14 -5 -15 -6 -22 23 -3 -24 -13 -27 -25 -19 -10 31 -16 -1
right_child=1 22 -4 4 5 7 11 8 9 -11 -12 25 13 19 15 16 -18 28 -20 -21 21 -23 24 27 -26 26 -28 -29 -30 -31 -32 -33 -34
leaf_value=0.0083685867632870403 -0.012263155686547607 0 0.020189079315261923 -0.029487556730916447 -0.01984118559908982 0.0045494023019262203 -0.00099083990246438369 -0.010017618728401307 -0.007988877171388846 0.0064217589282856207 -0.028608529065490457 0.043951496286805947 -0.0077065362981690224 -0.027961927070181473 0.017274992421677241 0.020347255332122938 -0.019863169651422426 0.0035047688169496873 0.0026937209713752248 0.001317806459992536 -0.019175567923152625 0.021795287830356412 -0.016536404610945216 -0.0086012707813075441 0.0078909475552817986 0 0.033016838054437468 -0.03487877517023056 0.027630428245083317 -0.03488510198040308 0.01162516481655609 0.041903240147808038 0.028305540743502416
leaf_weight=5.1207248717546463 5.4651418179273605 5.3271253257989875 6.560313478112219 5.479609012603758 5.8159609586000469 7.0851383507251766 5.3714460283517864 4.8421331197023347 5.3059339374303836 8.3199462145566923 8.9206404238939268 6.7139050811529186 7.7767055332660702 6.0242951959371567 5.8902423530817014 5.4414321482181549 4.8491879403591138 6.1295748949050886 5.8339464664459229 4.8645627200603467 4.8290711939334878 6.6189652532339069 8.6772242635488528 5.4944180846214321 5.7823901772499076 7.1235751062631589 7.4502971619367599 15.270550504326819 7.5832686275243759 5.9618343710899353 5.6334629356861106 7.9087236672639953 5.180113345384596
leaf_count=21 23 22 27 23 24 29 22 20 22 34 37 27 32 25 24 22 20 25 24 20 20 27 36 23 24 29 30 65 31 25 23 32 21
internal_value=0 -0.0127382 0.0052727 0.00407553 0.00272874 0.00419486 0.0122997 0.000538063 0.00357873 -0.0119319 -0.0144559 0.0232343 0.00836686 0.000124466 0.0155951 0.0202406 0.000773844 0.0089703 -0.014052 -0.0158212 -0.00477327 0.00383005 -0.0182196 -0.0237508 -0.00656844 0.0292731 0.0186672 -0.0292431 0.0186497 -0.0251163 0.0294686 0.0345071 0.0212265
internal_weight=220.652 52.5772 12.0255 168.075 157.774 146.46 43.9232 102.537 86.5313 19.5877 16.0058 26.6592 66.9436 32.3784 34.5652 29.723 10.2906 21.4895 11.3136 10.8889 17.264 11.448 40.5517 26.0921 14.4596 21.2878 14.5739 20.765 13.7128 11.2678 19.4324 13.799 10.3008
internal_count=909 220 50 689 647 600 179 421 355 81 66 108 274 133 141 121 42 88 47 45 71 47 170 110 60 86 59 88 56 47 79 56 42
is_linear=0
shrinkage=0.03


Tree=10
num_leaves=33
num_cat=0
split_feature=30 61 22 47 29 55 45 46 54 43 39 47 50 53 31 40 46 46 46 45 61 55 46 46 57 44 38 45 30 12 46 43
split_gain=12.2538 6.5445 4.77334 6.4642 5.83552 7.74266 4.58972 4.37816 4.83281 4.20323 4.40178 5.82761 3.72583 5.32569 3.69868 4.64743 5.39928 3.72112 3.66474 3.31979 2.87718 2.64949 2.53892 3.10169 2.23965 3.25164 2.20868 2.0089 1.95631 0.883077 0.536157 0.0902505
threshold=-0.64264325837759917 68.500000000000014 1.0000000180025095e-35 -1.2508649780989198 -0.4161068124403548 -0.30837171677464098 -1.3085092850918665 0.41873389316828163 0.3722071364638232 1.4995990378408111 -1.4452124541143938 -1.2145760372182686 -0.30173772709054542 0.34423521346100566 0.31009420645703922 -1.2641176499466897 -0.8539180005681769 -1.0136474986221302 0.60744047113120347 -0.7022694095639942 386.00000000000006 0.8340361790952292 -1.0136474986221302 -1.1736089725951657 -1.0000000180025095e-35 -0.21183267331744471 0.4699973334333033 0.56368764819536199 0.81825812227373695 -0.31780204393010242 0.64850917491379223 -0.62016897640672608
decision_type=2 2 2 2 2 2 2 2 2 2 2 2 2 2 2 2 2 2 2 2 2 2 2 2 2 2 2 2 2 2 2 2
left_child=1 -1 3 -2 9 20 -7 8 -5 10 -4 -12 18 19 17 29 22 -3 27 -14 -6 -20 23 -17 30 -26 -27 -13 -9 -16 -8 -18
right_child=2 14 4 7 5 6 24 28 -10 -11 11 12 13 -15 15 16 31 -19 21 -21 -22 -23 -24 -25 25 26 -28 -29 -30 -31 -32 -33
leaf_value=0.018052186137295013 -0.013714908475281184 0.012391022131944318 -0.015096591977595509 -0.015709184255929279 -0.0020485212044834811 0.010596969104278103 -0.011729196894314642 0.0346357743974883 0.017121639481364387 0.027732628985485133 0.033328656530841674 -0.02549405182078502 0.00079052880920937158 -0.0060417158941255484 -0.0329263365690462 0.0087354389088594494 -0.030749392820537427 -0.016547452090420689 -0.0087774686824494807 0.032360952271190777 0.024223768001454375 0.015774329806170599 0.016504008822173965 -0.020071265295081218 -0.026007670674609011 0.0097351202418435572 -0.010806199943079919 -8.5775117806771701e-05 0.010349525336122585 -0.011316888287469875 -0.032313203664883383 -0.011591238932145637
leaf_weight=4.9392857551574698 5.3468827754259101 7.857747420668602 7.4659666866064063 5.0663863867521277 5.5812773704528791 5.3562419563531867 5.6182448863983101 12.08230133354664 8.8216640651226026 6.6526246964931479 5.4477030634880057 6.2908278703689557 4.8821474909782401 8.0390163362026197 14.338446304202082 5.1143958568572963 4.6951611638069153 5.4836191236972791 5.1302625834941855 8.8883053958416038 7.1068413406610489 8.1164863258600217 5.6283641457557687 5.25424425303936 5.5141037404537192 7.3198687732219758 8.4932930469512922 5.141326978802681 7.115224987268447 5.4255420416593507 7.5041429996490479 4.7040783911943489
leaf_count=20 22 32 31 21 23 22 23 49 36 27 22 26 20 33 62 21 20 23 21 36 29 33 23 22 23 30 35 21 29 23 31 20
internal_value=0 -0.0109606 0.00451223 0.0135044 0.00141476 -0.00589606 -0.0124035 0.0184808 0.00439115 0.00731543 0.0043036 0.00755021 0.003457 0.0121662 -0.0139002 -0.0178831 -0.0082744 0 -0.00426652 0.0227381 0.0132494 0.00593329 0.0022781 -0.00604842 -0.0164394 -0.00896067 -0.00093149 -0.0158666 0.0273268 -0.0284931 -0.0260179 -0.0246265
internal_weight=220.422 63.4409 156.981 38.4325 118.549 52.494 39.8059 33.0856 13.8881 66.0547 59.402 51.9361 46.4884 21.8095 58.5016 45.1602 25.3962 13.3414 24.6789 13.7705 12.6881 13.2467 15.997 10.3686 34.4497 21.3273 15.8132 11.4322 19.1975 19.764 13.1224 9.39924
internal_count=909 266 643 157 486 216 164 135 57 270 243 212 190 89 246 191 106 55 101 56 52 54 66 43 142 88 65 47 78 85 54 40
is_linear=0
shrinkage=0.03


Tree=11
num_leaves=33
num_cat=0
split_feature=29 19 60 60 55 18 36 45 46 29 23 24 19 55 47 31 37 32 40 47 13 19 52 31 12 33 35 49 39 40 36 43
split_gain=11.8389 4.42662 4.57813 11.0394 6.7958 4.38192 4.31338 5.23427 4.30461 7.78786 5.94652 6.64106 5.96734 8.0289 6.03352 5.6123 5.2052 4.09969 4.03252 3.1216 6.43746 3.32605 3.9974 2.46318 1.96823 1.96622 1.86083 2.42876 1.80628 1.70973 1.52831 0.95306
threshold=0.69337573708284683 -1.5272212719916431 195.00000000000003 289.50000000000006 0.98571258071143941 -0.82603781073473048 -0.078259839999632055 -0.58235037069213191 -1.137961078993851 -0.87839120807502213 0.88223927808850744 1.0000000180025095e-35 -0.57989725698561434 0.35736557057419466 -1.2145760372182686 -0.32949723209440057 -0.70849683237616545 0.6860198623663859 1.1467455911146398 1.1267282910628784 1.4486836090927746 -0.34306625323410717 1.0000000180025095e-35 1.0410558505158278 -0.4933390288046644 0.79167489360253251 0.38676929935854198 -0.30803547201744957 0.59810724430507867 0.17733448845292052 0.82701748022883326 0.83457377846903469
decision_type=2 2 2 2 2 2 2 2 2 2 2 2 2 2 2 2 2 2 2 2 2 2 2 2 2 2 2 2 2 2 2 2
left_child=1 31 4 -4 26 17 19 -8 -7 16 11 12 30 15 -15 -14 18 28 25 21 -21 22 -2 -12 -22 -10 -3 -28 -5 -13 -11 -1
right_child=6 2 3 5 -6 8 7 -9 9 10 23 29 13 14 -16 -17 -18 -19 -20 20 24 -23 -24 -25 -26 -27 27 -29 -30 -31 -32 -33
leaf_value=-0.022250308714882476 0.0013400485740944358 -0.0016975542186513932 0.041415096160836329 -0.0032930441349201707 0.012843010718207976 0.026308386056004752 -0.014642777119394022 0.02374053915729225 0.037671120995231129 0.0051254365011469041 0.0028731837651685016 -0.032559067811270936 0.026021352712310746 0.00330806566678323 -0.034595065744817292 -0.010395087054395071 -0.0023203114413054482 0.0061986341176127144 0.0024080348841332942 0.012195807001334762 -0.030026941517260344 -0.039652303135402286 -0.027759841047429356 0.029594107352936189 -0.0047143498462715707 0.0094339258446928132 -0.035094194218503516 -0.0047756956842055004 -0.029612234060786682 -0.0076859268596627629 0.02818958782348456 -0.0023385384446135875
leaf_weight=4.751102611422537 7.9205010682344419 6.0678358376026216 6.6840018779039374 5.1189720481634158 9.5485739856958372 8.8085802346467954 4.8320810049772263 4.8950728923082334 12.118741452693948 6.8660796433687121 7.3159892708063108 6.4709675908088666 6.8715911507606506 5.1286670714616678 8.9163508564233851 5.5493603348732083 8.3282219618558866 9.4631216973066312 6.6482334136962882 8.1659183055162448 6.2514395415782928 7.3002313375473049 6.5711895972490311 5.4189974814653397 6.3532141447067243 4.9040450453758231 5.7521973848342922 5.1215858310461 5.2722340077161789 6.5273566544055939 5.1839883029460907 5.0781642496585846
leaf_count=20 33 25 27 21 39 36 20 20 49 28 30 27 28 21 37 23 34 39 27 34 27 31 28 22 27 20 24 21 22 27 21 21
internal_value=0 0.00390032 0.00518371 0.00748581 -0.00582642 0.00515291 -0.0122546 0.00472989 0.00761814 0.00546878 -0.000542965 -0.00523992 0.00108541 -0.00671762 -0.0213847 0.00995344 0.0172023 -0.0072295 0.0240383 -0.0163012 -0.00682026 -0.024059 -0.0128461 0.0165853 -0.019552 0.031283 -0.0168629 -0.023609 -0.0192022 -0.0225698 0.0175127 -0.0141644
internal_weight=220.205 167.915 158.086 131.596 26.4902 124.911 52.2896 9.72715 105.057 96.2486 64.2493 51.5144 38.516 26.466 14.045 12.421 31.9992 19.8543 23.671 42.5625 20.7706 21.7919 14.4917 12.735 12.6047 17.0228 16.9416 10.8738 10.3912 12.9983 12.0501 9.82927
internal_count=909 689 648 539 109 512 220 40 430 394 264 212 158 109 58 51 130 82 96 180 88 92 61 52 54 69 70 45 43 54 49 41
is_linear=0
shrinkage=0.03


Tree=12
num_leaves=32
num_cat=0
split_feature=44 29 20 19 32 33 2 16 43 19 16 46 25 29 21 23 52 33 56 13 33 59 50 61 61 37 38 0 2 16 55
split_gain=11.5236 6.08628 4.87626 5.11619 3.66417 4.37163 5.05317 4.51271 3.7423 4.47735 3.16899 5.51211 4.65741 4.6111 7.94239 7.25472 5.86669 5.43375 4.03968 3.87437 3.18509 2.93374 1.97321 1.60103 1.70629 1.53258 0.928636 0.850454 0.49452 0.316076 0.0285555
threshold=-1.6914905941029661 0.69337573708284683 -0.6980830858043191 1.0779197692749365 -1.5510113780145698 1.0855095183487471 -0.75728618758600363 -0.45576036870690889 1.4995990378408111 -1.5272212719916431 -1.1400906685490282 -1.137961078993851 -0.48551203635217394 -0.87839120807502213 -1.0000000180025095e-35 -0.59349947809385639 0.51448950115175907 0.20400564411010372 -1.0000000180025095e-35 -0.14486926838206651 0.42438161266976454 0.835660890350991 -0.65875639799885122 195.00000000000003 554.50000000000011 -0.4071177473436513 0.44441953590568983 0.083117491948336716 -0.75037549060121234 0.14872373381229817 -0.85885629361556415
decision_type=2 2 2 2 2 2 2 2 2 2 2 2 2 2 2 2 2 2 2 2 2 2 2 2 2 2 2 2 2 2 2
left_child=-1 4 21 23 28 8 7 -7 9 -6 12 30 -11 15 19 -13 26 18 -16 -15 -19 -3 -21 -4 -25 29 -17 -10 -2 -8 -12
right_child=1 2 3 -5 5 6 25 -9 27 10 11 13 -14 14 17 16 -18 20 -20 22 -22 -23 -24 24 -26 -27 -28 -29 -30 -31 -32
leaf_value=-0.028892874251391247 0.0080983804246131837 0.01488341346855023 -0.0037217917400003213 0.0081010861323646058 -0.018865991596445728 -0.010491543391544539 -0.011114176162001119 0.024827479870510965 0.0300646327234146 0.0054905750273547974 0.033104755759703244 -0.0091366640895471692 -0.027789013883373011 -0.0027330990966269917 -0.025787633877505704 0.013132035960167456 -0.0029702997047147497 0.023297861232984805 -0.0035431126474155727 0.0072643149933065967 -0.0029480153259294566 -0.0082917085948455219 0.036229737450388363 -0.036453729178271402 -0.012632237326523523 -0.0022305832536009189 0.037117758711999196 0.0075804336929206117 0.027227216283407196 -0.029831456113458915 0.013292277797067955
leaf_weight=10.26949806511402 5.1228102296590805 8.9725552201271075 4.7585615515708986 5.2688425034284583 5.9576784670352927 4.8593213558197021 5.7806583195924777 5.1638992279768008 4.9528360664844495 8.0133218020200712 4.8961970061063766 7.8213610649108913 4.7832836657762519 5.5969601720571545 13.088390901684752 5.4001950472593192 5.4049969911575309 5.1912686973810187 17.437122568488167 5.1262109130620965 9.4159023910760862 7.6082402467727652 5.9224811345338724 7.903473079204562 8.7743362039327604 5.5571392178535453 10.431698426604269 4.9252079725265503 5.1923313289880735 5.4771866202354431 4.914677307009681
leaf_count=44 21 37 20 22 25 20 24 21 20 33 20 32 20 23 54 22 22 21 72 21 39 32 24 34 37 23 42 20 21 23 20
internal_value=0 0.00160789 -0.00818767 -0.0158495 0.00424163 0.00294676 -0.0076953 0.00804712 0.00526483 0.00358824 0.00505047 0.00688117 -0.00813988 0.00426574 -0.000346591 0.0138037 0.0225616 -0.00698189 -0.0140293 0.0164035 0.00730805 0.00411179 0.0257437 -0.0221427 -0.0263277 -0.0172973 0.0311271 0.0218586 0.0204693 -0.0231276 0.0267893
internal_weight=219.989 209.719 43.286 26.7052 166.433 156.118 26.8382 10.0232 129.28 119.402 113.444 100.647 12.7966 90.8366 61.7783 29.0583 21.2369 45.1327 30.5255 16.6457 14.6072 16.5808 11.0487 21.4364 16.6778 16.815 15.8319 9.87804 10.3151 11.2578 9.81087
internal_count=909 865 182 113 683 641 111 41 530 490 465 412 53 372 254 118 86 186 126 68 60 69 45 91 71 70 64 40 42 47 40
is_linear=0
shrinkage=0.03


end of trees

feature_importances:
Column_46=34
Column_12=21
Column_54=18
Column_55=18
Column_45=16
Column_61=16
Column_29=15
Column_33=15
Column_44=15
Column_47=14
Column_30=13
Column_31=12
Column_53=11
Column_42=10
Column_60=10
Column_16=9
Column_20=9
Column_40=9
Column_19=8
Column_39=8
Column_2=7
Column_18=7
Column_28=7
Column_36=7
Column_43=7
Column_57=7
Column_24=6
Column_32=6
Column_37=6
Column_56=6
Column_10=5
Column_13=5
Column_26=4
Column_35=4
Column_49=4
Column_21=3
Column_23=3
Column_25=3
Column_27=3
Column_38=3
Column_41=3
Column_59=3
Column_1=2
Column_11=2
Column_14=2
Column_34=2
Column_50=2
Column_52=2
Column_0=1
Column_4=1
Column_8=1
Column_9=1
Column_17=1
Column_22=1
Column_48=1
Column_58=1

parameters:
[boosting: gbdt]
[objective: binary]
[metric: binary_logloss]
[tree_learner: serial]
[device_type: cpu]
[data_sample_strategy: bagging]
[data: ]
[valid: ]
[num_iterations: 1800]
[learning_rate: 0.03]
[num_leaves: 128]
[num_threads: 2]
[seed: 42]
[deterministic: 0]
[force_col_wise: 1]
[force_row_wise: 0]
[histogram_pool_size: -1]
[max_depth: 12]
[min_data_in_leaf: 20]
[min_sum_hessian_in_leaf: 0.001]
[bagging_fraction: 0.85]
[pos_bagging_fraction: 1]
[neg_bagging_fraction: 1]
[bagging_freq: 0]
[bagging_seed: 400]
[bagging_by_query: 0]
[feature_fraction: 0.8]
[feature_fraction_bynode: 1]
[feature_fraction_seed: 30056]
[extra_trees: 0]
[extra_seed: 12879]
[early_stopping_round: 0]
[early_stopping_min_delta: 0]
[first_metric_only: 0]
[max_delta_step: 0]
[lambda_l1: 0.2]
[lambda_l2: 1.5]
[linear_lambda: 0]
[min_gain_to_split: 0]
[drop_rate: 0.1]
[max_drop: 50]
[skip_drop: 0.5]
[xgboost_dart_mode: 0]
[uniform_drop: 0]
[drop_seed: 17869]
[top_rate: 0.2]
[other_rate: 0.1]
[min_data_per_group: 100]
[max_cat_threshold: 32]
[cat_l2: 10]
[cat_smooth: 10]
[max_cat_to_onehot: 4]
[top_k: 20]
[monotone_constraints: ]
[monotone_constraints_method: basic]
[monotone_penalty: 0]
[feature_contri: ]
[forcedsplits_filename: ]
[refit_decay_rate: 0.9]
[cegb_tradeoff: 1]
[cegb_penalty_split: 0]
[cegb_penalty_feature_lazy: ]
[cegb_penalty_feature_coupled: ]
[path_smooth: 0]
[interaction_constraints: ]
[verbosity: -1]
[saved_feature_importance_type: 0]
[use_quantized_grad: 0]
[num_grad_quant_bins: 4]
[quant_train_renew_leaf: 0]
[stochastic_rounding: 1]
[linear_tree: 0]
[max_bin: 255]
[max_bin_by_feature: ]
[min_data_in_bin: 3]
[bin_construct_sample_cnt: 200000]
[data_random_seed: 175]
[is_enable_sparse: 1]
[enable_bundle: 1]
[use_missing: 1]
[zero_as_missing: 0]
[feature_pre_filter: 1]
[pre_partition: 0]
[two_round: 0]
[header: 0]
[label_column: ]
[weight_column: ]
[group_column: ]
[ignore_column: ]
[categorical_feature: ]
[forcedbins_filename: ]
[precise_float_parser: 0]
[parser_config_file: ]
[objective_seed: 16083]
[num_class: 1]
[is_unbalance: 0]
[scale_pos_weight: 1]
[sigmoid: 1]
[boost_from_average: 1]
[reg_sqrt: 0]
[alpha: 0.9]
[fair_c: 1]
[poisson_max_delta_step: 0.7]
[tweedie_variance_power: 1.5]
[lambdarank_truncation_level: 30]
[lambdarank_norm: 1]
[label_gain: ]
[lambdarank_position_bias_regularization: 0]
[eval_at: ]
[multi_error_top_k: 1]
[auc_mu_weights: ]
[num_machines: 1]
[local_listen_port: 12400]
[time_out: 120]
[machine_list_filename: ]
[machines: ]
[gpu_platform_id: -1]
[gpu_device_id: -1]
[gpu_device_id_list: ]
[gpu_use_dp: 0]
[num_gpu: 1]

end of parameters

pandas_categorical:null
