tree
version=v4
num_class=1
num_tree_per_iteration=1
label_index=0
max_feature_idx=62
objective=binary sigmoid:1
feature_names=Column_0 Column_1 Column_2 Column_3 Column_4 Column_5 Column_6 Column_7 Column_8 Column_9 Column_10 Column_11 Column_12 Column_13 Column_14 Column_15 Column_16 Column_17 Column_18 Column_19 Column_20 Column_21 Column_22 Column_23 Column_24 Column_25 Column_26 Column_27 Column_28 Column_29 Column_30 Column_31 Column_32 Column_33 Column_34 Column_35 Column_36 Column_37 Column_38 Column_39 Column_40 Column_41 Column_42 Column_43 Column_44 Column_45 Column_46 Column_47 Column_48 Column_49 Column_50 Column_51 Column_52 Column_53 Column_54 Column_55 Column_56 Column_57 Column_58 Column_59 Column_60 Column_61 Column_62
feature_infos=[-0.94178618230845235:6.0735372953431055] [-1.0345647818541801:10.881975729892979] [-0.96210363262280518:5.4204515612295276] [-0.936386337752939:6.8484605636808187] [-1.0441624861079524:10.892670902502337] [-0.96058603046836977:5.3509485379085158] [-1.5587087696566275:3.411502238236495] [-1.4075309782429855:6.5323916542619154] [-1.8184410649718745:2.8837422237551151] [-1.9552915538753399:2.2774490564557084] [-4.2137572137384165:1.8022042904874391] [-1.5312783232778677:3.0530082273121786] [-1.2169197776185852:3.5377843401664424] [-1.9633876512421296:2.352931231856159] [-1.5411046439959182:2.8694269410728519] [-1.9633876512421296:2.352931231856159] [-4.1441904514439729:1.8244679494846325] [-1.5411046439959182:2.8694269410728519] [-4.2628608109297943:1.172070664909594] [-1.7745043229321695:1.4980247232935504] [-1.2731455741534807:1.4611029987499558] [-3.1123871498916573:0.53819676374901404] [-2.5466520950463378:0.39267240387690527] [-2.1964683103322113:1.8266265187918882] [-2.0179580022031858:3.9515771028389319] [-1.8055558147716908:3.7471613010958222] [-3.2180936857981628:2.6862324970729419] [-2.3248117583953243:1.7977700617974099] [-2.00854990924456:3.5110472572604241] [-1.779993216293283:4.5681511701342057] [-2.9644429796685809:2.6799793102857716] [-2.4349557419094916:2.1666837628328914] [-2.4590425117589483:3.483474901155152] [-2.0243739257475983:4.445943418988727] [-3.1438257140560992:2.5912789109199612] [-2.7850039108063154:2.0903528168846335] [-2.2650255866095241:4.1415017036599524] [-2.1914875050665961:3.8993210186005176] [-3.1065752858414761:2.5069240329102258] [-2.6660262060183317:2.3688878996931426] [-3.0173857908537283:2.3053926265946001] [-2.5706000559002384:1.3497678153455444] [-2.8610693493933028:2.7637129932678142] [-1.8082372081440936:2.2671019565803521] [-2.8805685625195054:2.7825071929007001] [-2.2345001233881199:2.5121623573571692] [-2.6967459841345027:2.5522178944420051] [-1.9637795181504738:2.0887395469377301] [-1.8113069860922082:1.559105351392722] [-1.0495232813295017:3.9776111290331855] [-1.0430046810121134:3.9876321226554414] [-8.245443957394647:12.588968898469808] [-4.2103769388066974:5.1267293502248377] [-4.9665595843587482:5.0635372926376903] [-2.411685042584458:2.0701115902802179] [-2.6779349630578744:2.0034034430532093] [-1.1159753500340761:2.4661103904999484] [-0.92358473485204273:3.2713126470090761] [-1.1673411813241892:2.3428774255437896] [-2.0535881360850885:2.1417389781745912] [13:811] [13:811] none
tree_sizes=2632 2974 2879 2966

Tree=0
num_leaves=24
num_cat=0
split_feature=31 43 19 16 59 49 19 61 61 41 33 1 55 23 31 47 30 9 16 32 23 45 49
split_gain=23.0448 10.4955 8.50567 9.65677 10.4947 8.16382 7.86832 5.76061 5.55725 6.26799 4.93414 4.85342 5.31859 3.19511 3.73692 2.94703 2.75551 2.74105 4.95696 2.64073 2.80946 2.04346 0.550648
threshold=0.76975748460752536 -0.89128589608109321 0.87737266280246562 -1.5556308367779128 0.25384177675773556 -0.39785770961582001 0.42598934608167666 573.50000000000011 254.50000000000003 0.57969555492226565 -0.62990898076132129 -0.36821129201362462 1.128074675301616 -0.45312721771176834 -1.3667179997371524 0.65232548047913375 1.0255796735750133 -0.87076499833048082 0.62199442208112388 0.34242998290055654 -1.2912719737792888 0.42301376690985909 0.16071278042447859
decision_type=2 2 2 2 2 2 2 2 2 2 2 2 2 2 2 2 2 2 2 2 2 2 2
left_child=1 5 3 -2 10 -1 8 19 -3 11 -5 17 13 14 -13 -6 -14 18 -10 20 -8 -7 -22
right_child=2 6 -4 4 15 21 7 -9 9 -11 -12 12 16 -15 -16 -17 -18 -19 -20 -21 22 -23 -24
leaf_value=-0.23136160865353944 -0.22788889221685241 -0.24989619057337689 -0.23198773950415641 -0.20045015697284013 -0.20648559909867603 -0.21153402032488314 -0.22788889221685241 -0.21252927585293552 -0.24446603487275317 -0.19926031152342949 -0.23281536820445517 -0.22203173380425728 -0.2479372438511076 -0.22469834160708355 -0.19223320554081869 -0.17373625525137443 -0.22139274841585693 -0.25082814443822798 -0.20835663934304652 -0.2233196564054879 -0.25306456904369373 -0.1854413174207048 -0.23406176721943417
leaf_weight=8.6436500400304812 7.9027657508850089 5.4331514537334433 7.4088428914546958 7.9027657508850098 5.6801128834486034 7.6558043211698514 7.9027657508850089 4.9392285943031302 5.1861900240182894 8.1497271806001645 6.1740357428789121 5.186190024018285 4.9392285943031302 7.9027657508850142 9.1375728994607908 16.052492931485176 8.3966886103153211 6.9149200320243827 5.4331514537334442 5.9270743131637564 25.190065830945972 6.667958602309227 5.6801128834485999
leaf_count=35 32 22 30 32 23 31 32 20 21 33 25 21 20 32 37 65 34 28 22 24 102 27 23
internal_value=-0.221393 -0.227724 -0.204454 -0.199458 -0.193014 -0.209835 -0.231409 -0.240294 -0.224436 -0.221455 -0.214764 -0.225486 -0.219177 -0.210315 -0.202439 -0.180522 -0.233168 -0.237763 -0.226169 -0.24368 -0.246456 -0.196752 -0.250503
internal_weight=190.407 139.286 51.121 43.7122 35.8094 22.9674 116.319 49.6392 66.6796 61.2464 14.0768 53.0967 35.5624 22.2265 14.3238 21.7326 13.3359 17.5343 10.6193 44.7 38.7729 14.3238 30.8702
internal_count=771 564 207 177 145 93 471 201 270 248 57 215 144 90 58 88 54 71 43 181 157 58 125
is_linear=0
shrinkage=1


Tree=1
num_leaves=27
num_cat=0
split_feature=31 44 14 48 39 19 34 46 37 55 49 30 45 58 50 12 44 38 16 58 13 27 45 24 35 46
split_gain=21.7916 10.0905 8.19713 16.7259 8.06527 6.54098 4.79018 5.22981 4.65741 4.90132 4.61865 4.32289 3.70033 3.63263 3.62093 5.35759 7.08259 3.80044 3.38309 5.454 2.65099 2.42045 2.354 1.92983 1.46154 0.557155
threshold=0.76975748460752536 -0.83014458210874098 -1.0831377798974586 0.78839154477659801 -0.28343292385129465 0.42598934608167666 0.29723706092953722 -0.5383222772274433 -0.9733258003331734 1.16536818235356 -0.21166754626905382 0.14972104237519976 0.94703064494553091 -0.81631932063739121 -0.39088509535150445 -0.22623916991268797 1.0000000180025095e-35 0.12543947343980658 0.41955323084713242 0.58776812210980034 -0.81609039777728964 -0.64142418181662453 0.58944500361789454 0.68254597388729599 1.1965374168079597 0.56229041522342305
decision_type=2 2 2 2 2 2 2 2 2 2 2 2 2 2 2 2 2 2 2 2 2 2 2 2 2 2
left_child=1 4 10 12 -1 6 7 -3 24 11 -2 20 22 -6 17 21 -17 -7 19 -13 -10 -16 -4 -8 -9 -23
right_child=2 5 3 -5 13 14 23 8 9 -11 -12 18 -14 -15 15 16 -18 -19 -20 -21 -22 25 -24 -25 -26 -27
leaf_value=-0.011524656210552693 -0.01394099302845417 0.021611481939122185 0.0016793520778565262 0.045009619605063007 0.0062872600963479715 -0.039044181244129325 -0.030056017730070678 0.00030251345316229184 0 -0.025843991242022701 0.017897740354638186 -0.0059916579715698758 -0.010713149487818954 0.039191695562114014 -0.0003614426215919504 -0.018308271937998832 0.023005525190243334 -0.0095187330931250907 -0.01098080771049924 0.029014716862402548 -0.028180096364069398 -0.030779160055897495 0.027380252910532542 -0.0031532579292671797 0.021759838276957353 -0.010807550291723119
leaf_weight=6.911822825670245 9.6330660134553892 7.4118147939443579 7.9063954204320925 16.362386584281921 6.6751268208026895 10.597579538822176 5.9217269718646985 5.931804955005644 4.9393777549266815 9.124817490577696 4.9445641487836829 5.927247881889345 7.4124475568532935 6.6782017052173588 5.1787455081939742 5.1783208698034269 6.9030512720346451 8.6250226199626905 5.4267770051956168 7.6702078878879547 5.4230104237794894 8.8699132055044156 4.9415302276611328 4.9363814145326614 5.4310509264469147 5.4221670329570779
leaf_count=28 39 30 32 66 27 43 24 24 20 37 20 24 30 27 21 21 28 35 22 31 22 36 20 20 22 22
internal_value=0 -0.00616989 0.0164478 0.0237828 0.0126337 -0.00954151 -0.00322937 0.000313952 -0.00327287 -0.00832783 -0.00210621 -0.00170367 0.00444326 0.0254432 -0.0175624 -0.0102067 0.00478951 -0.0277338 0.00650489 0.0142785 -0.0161964 -0.0194748 0.0138116 -0.0201781 0.0123664 -0.0253284
internal_weight=190.385 139.184 51.2004 36.6228 20.2652 118.919 68.1442 57.2861 49.8743 38.5114 14.5776 29.3866 20.2604 13.3533 50.7748 31.5522 12.0814 19.2226 19.0242 13.5975 10.3624 19.4708 12.8479 10.8581 11.3629 14.2921
internal_count=771 564 207 148 82 482 276 232 202 156 59 119 82 54 206 128 49 78 77 55 42 79 52 44 46 58
is_linear=0
shrinkage=0.03


Tree=2
num_leaves=26
num_cat=0
split_feature=31 43 19 16 59 19 24 61 61 38 32 54 54 38 33 24 60 54 2 58 47 47 53 28 47
split_gain=20.666 9.70798 7.88763 8.71986 9.55834 7.15572 6.04283 5.39187 5.22127 5.95345 7.20511 5.27783 5.05292 5.35512 4.63898 4.43658 3.12587 3.39931 3.31464 2.65138 2.58527 2.46228 2.07228 1.14829 0.257487
threshold=0.76975748460752536 -0.89128589608109321 0.87737266280246562 -1.5556308367779128 0.25384177675773556 0.42598934608167666 1.0000000180025095e-35 573.50000000000011 254.50000000000003 0.29554551340197943 -0.5065010760871721 0.26863919370114198 -0.23252214622752831 0.57905558000560098 -0.62990898076132129 -0.4545083318350121 571.50000000000011 -0.25631429658636334 -0.57668363299404091 1.0000000180025095e-35 -0.73674459836962314 0.65232548047913375 0.27644560134393559 0.88923860317055659 0.55280740513758608
decision_type=2 2 2 2 2 2 2 2 2 2 2 2 2 2 2 2 2 2 2 2 2 2 2 2 2
left_child=1 6 3 -2 14 8 15 16 -3 10 -10 -12 13 -11 -5 -1 17 18 20 -15 -7 -6 -21 -14 -19
right_child=2 5 -4 4 21 7 -8 -9 9 12 11 -13 23 19 -16 -17 -18 24 -20 22 -22 -23 -24 -25 -26
leaf_value=0.011870021418331007 -0.0062141353053807363 -0.027654933920104399 -0.010486161156834076 0.020022259551083502 0.014473972190697879 -0.030985299201289507 0.03082724077701576 0.0087271616294655949 -0.0090849512393143279 -0.019713613208900266 0.042070489499433879 0.0023149128930398518 -0.029009211233162215 -0.0065099384454820998 -0.01132860064798267 -0.018069130193421545 -0.0007411766876117429 -0.039603224555220334 0.00073999594785339638 0.024395944122826824 -0.0023972846202730061 0.045025677102921359 0.0022583734220882833 -0.0067304930605106292 -0.016429323813726745
leaf_weight=9.6333497017621994 7.8921222239732733 5.4060959070920935 7.4042295366525641 7.9293691664934158 5.6902345120906856 9.0992971956729871 7.4345236271619788 4.9417304992675772 7.1512660831213024 7.1580386906862286 6.430919796228407 5.6806405037641525 6.8977460265159589 6.6620173156261471 6.1707848161458951 5.9251547753810891 6.400112271308898 11.547448650002481 7.629462584853175 7.4273884892463675 4.9164086729288092 16.172580987215042 8.3865528702735883 5.4285223335027695 4.9162919372320166
leaf_count=39 32 22 30 32 23 37 30 20 29 29 26 23 28 27 25 24 26 47 31 30 20 65 34 22 20
internal_value=0 -0.00602287 0.0159963 0.0207987 0.0268983 -0.00957703 0.0111629 -0.0180728 -0.0029245 -3.59726e-05 0.0130851 0.0261748 -0.00644129 0.000330961 0.00614725 0 -0.0213663 -0.0245194 -0.0145624 0.00779887 -0.0225452 0.0387706 0.0142151 -0.0214262 -0.0349669
internal_weight=190.332 139.073 51.2593 43.8551 35.963 116.08 22.993 49.4508 66.6292 61.2231 19.2628 12.1116 41.9603 29.634 14.1002 15.5585 44.509 38.1089 21.6452 22.476 14.0157 21.8628 15.8139 12.3263 16.4637
internal_count=771 564 207 177 145 471 93 201 270 248 78 49 170 120 57 63 181 155 88 91 57 88 64 50 67
is_linear=0
shrinkage=0.03


Tree=3
num_leaves=27
num_cat=0
split_feature=31 44 49 14 47 61 14 52 33 60 20 55 36 12 45 51 54 18 47 45 36 54 58 24 47 30
split_gain=19.5685 9.22559 7.64531 7.48046 14.9466 6.63434 6.83583 6.47229 7.66832 4.63047 4.40514 3.77876 4.86198 3.57486 3.52561 3.34436 3.44687 2.84323 2.77385 2.24346 1.63038 1.79029 1.58581 1.01231 0.988616 0.643632
threshold=0.76975748460752536 -0.83014458210874098 -0.39785770961582001 -1.0831377798974586 0.68859365051701105 254.50000000000003 0.25435392707433868 0.45817620570907019 -0.1279016005662616 399.00000000000006 -0.90029349603028475 0.92954123027870461 -0.37592138563262706 -0.34305958044841739 0.94703064494553091 -0.29547063081478875 -0.27000302522508041 0.83062934927772203 -1.1412877359454046 0.58944500361789454 1.4310478500844048 -0.42770220267256459 -0.81631932063739121 -0.17024475540443518 -0.96275826262769015 1.0255796735750133
decision_type=2 2 2 2 2 2 2 2 2 2 2 2 2 2 2 2 2 2 2 2 2 2 2 2 2 2
left_child=1 2 -1 10 14 17 7 8 13 -10 -2 12 -8 23 19 24 18 -3 -17 -5 21 -11 -4 -7 -14 -13
right_child=3 5 22 4 -6 6 11 -9 9 20 -12 25 15 -15 -16 16 -18 -19 -20 -21 -22 -23 -24 -25 -26 -27
leaf_value=-0.010408025896776321 -0.022020804263968165 -0.039501047459114765 0.0079962480567226171 0.00152538309796038 0.042533133480654531 -0.025690617054708834 -0.02584508431141409 -0.019688139771011418 -0.00066440017638727522 0.013635333310817394 0.0090757320012036877 -0.033765719310928421 0 0.0087616940827720154 -0.010568527988948766 -0.00035942868459704893 0.0095966540455928485 -0.0066701897154102466 -0.025230584214466813 0.026584632487764878 0.0064369254122465368 0.042787683440740402 0.033563070969003052 -0.0047308990171104209 0.018830770248600665 -0.012148484942618387
leaf_weight=7.3992572426795986 4.939636602997779 7.34382516145706 5.4482083171606073 7.9102160483598727 16.453507483005524 5.9090179055929193 9.3369029015302605 9.0979805439710599 9.1311403810977954 6.6732932478189477 9.6340484172105771 7.6122341305017454 4.931052640080452 5.4288185685873023 7.4064761251211158 7.4002995193004617 5.4069506675005092 4.9040805399417877 9.0919396579265594 4.9565437436103821 5.1861827969551078 5.4413977563381204 7.4474700838327381 5.1736654937267312 4.9218267351388878 5.6627493500709534
leaf_count=30 20 30 22 32 66 24 38 37 37 27 39 31 20 22 30 30 22 20 37 20 21 22 30 21 20 23
internal_value=0 -0.0058789 0.0120781 0.0155441 0.0225363 -0.0091127 -0.0064025 0.00128061 0.0063726 0.0161258 -0.00216231 -0.0137017 -0.00842315 -0.0089502 0.00421943 -0.00218491 -0.00872493 -0.028954 -0.0153644 0.0133641 0.0246526 0.0304415 0.025137 -0.0181134 0.0110548 -0.02712
internal_weight=190.249 138.948 20.2949 51.3004 36.7267 118.653 106.405 52.0415 42.9435 26.432 14.5737 54.364 41.089 16.5115 20.2732 31.7521 21.8992 12.2479 16.4922 12.8668 17.3009 12.1147 12.8957 11.0827 9.85288 13.275
internal_count=771 564 82 207 148 482 432 211 174 107 59 221 167 67 82 129 89 50 67 52 70 49 52 45 40 54
is_linear=0
shrinkage=0.03


end of trees

feature_importances:
Column_47=7
Column_19=5
Column_31=5
Column_45=5
Column_54=5
Column_61=5
Column_16=4
Column_24=4
Column_49=4
Column_58=4
Column_14=3
Column_30=3
Column_33=3
Column_38=3
Column_44=3
Column_55=3
Column_12=2
Column_23=2
Column_32=2
Column_36=2
Column_43=2
Column_46=2
Column_59=2
Column_60=2
Column_1=1
Column_2=1
Column_9=1
Column_13=1
Column_18=1
Column_20=1
Column_27=1
Column_28=1
Column_34=1
Column_35=1
Column_37=1
Column_39=1
Column_41=1
Column_48=1
Column_50=1
Column_51=1
Column_52=1
Column_53=1

parameters:
[boosting: gbdt]
[objective: binary]
[metric: binary_logloss]
[tree_learner: serial]
[device_type: cpu]
[data_sample_strategy: bagging]
[data: ]
[valid: ]
[num_iterations: 1800]
[learning_rate: 0.03]
[num_leaves: 96]
[num_threads: 3]
[seed: 42]
[deterministic: 0]
[force_col_wise: 1]
[force_row_wise: 0]
[histogram_pool_size: -1]
[max_depth: 10]
[min_data_in_leaf: 20]
[min_sum_hessian_in_leaf: 0.001]
[bagging_fraction: 0.85]
[pos_bagging_fraction: 1]
[neg_bagging_fraction: 1]
[bagging_freq: 0]
[bagging_seed: 400]
[bagging_by_query: 0]
[feature_fraction: 0.8]
[feature_fraction_bynode: 1]
[feature_fraction_seed: 30056]
[extra_trees: 0]
[extra_seed: 12879]
[early_stopping_round: 0]
[early_stopping_min_delta: 0]
[first_metric_only: 0]
[max_delta_step: 0]
[lambda_l1: 0.2]
[lambda_l2: 1.5]
[linear_lambda: 0]
[min_gain_to_split: 0]
[drop_rate: 0.1]
[max_drop: 50]
[skip_drop: 0.5]
[xgboost_dart_mode: 0]
[uniform_drop: 0]
[drop_seed: 17869]
[top_rate: 0.2]
[other_rate: 0.1]
[min_data_per_group: 100]
[max_cat_threshold: 32]
[cat_l2: 10]
[cat_smooth: 10]
[max_cat_to_onehot: 4]
[top_k: 20]
[monotone_constraints: ]
[monotone_constraints_method: basic]
[monotone_penalty: 0]
[feature_contri: ]
[forcedsplits_filename: ]
[refit_decay_rate: 0.9]
[cegb_tradeoff: 1]
[cegb_penalty_split: 0]
[cegb_penalty_feature_lazy: ]
[cegb_penalty_feature_coupled: ]
[path_smooth: 0]
[interaction_constraints: ]
[verbosity: -1]
[saved_feature_importance_type: 0]
[use_quantized_grad: 0]
[num_grad_quant_bins: 4]
[quant_train_renew_leaf: 0]
[stochastic_rounding: 1]
[linear_tree: 0]
[max_bin: 255]
[max_bin_by_feature: ]
[min_data_in_bin: 3]
[bin_construct_sample_cnt: 200000]
[data_random_seed: 175]
[is_enable_sparse: 1]
[enable_bundle: 1]
[use_missing: 1]
[zero_as_missing: 0]
[feature_pre_filter: 1]
[pre_partition: 0]
[two_round: 0]
[header: 0]
[label_column: ]
[weight_column: ]
[group_column: ]
[ignore_column: ]
[categorical_feature: ]
[forcedbins_filename: ]
[precise_float_parser: 0]
[parser_config_file: ]
[objective_seed: 16083]
[num_class: 1]
[is_unbalance: 0]
[scale_pos_weight: 1]
[sigmoid: 1]
[boost_from_average: 1]
[reg_sqrt: 0]
[alpha: 0.9]
[fair_c: 1]
[poisson_max_delta_step: 0.7]
[tweedie_variance_power: 1.5]
[lambdarank_truncation_level: 30]
[lambdarank_norm: 1]
[label_gain: ]
[lambdarank_position_bias_regularization: 0]
[eval_at: ]
[multi_error_top_k: 1]
[auc_mu_weights: ]
[num_machines: 1]
[local_listen_port: 12400]
[time_out: 120]
[machine_list_filename: ]
[machines: ]
[gpu_platform_id: -1]
[gpu_device_id: -1]
[gpu_device_id_list: ]
[gpu_use_dp: 0]
[num_gpu: 1]

end of parameters

pandas_categorical:null
