tree
version=v4
num_class=3
num_tree_per_iteration=3
label_index=0
max_feature_idx=42
objective=multiclass num_class:3
feature_names=Column_0 Column_1 Column_2 Column_3 Column_4 Column_5 Column_6 Column_7 Column_8 Column_9 Column_10 Column_11 Column_12 Column_13 Column_14 Column_15 Column_16 Column_17 Column_18 Column_19 Column_20 Column_21 Column_22 Column_23 Column_24 Column_25 Column_26 Column_27 Column_28 Column_29 Column_30 Column_31 Column_32 Column_33 Column_34 Column_35 Column_36 Column_37 Column_38 Column_39 Column_40 Column_41 Column_42
feature_infos=[-1.5276810677204193:9.389378160149743] [-1.4920736968956259:9.056143405641075] [-1.7216947590927625:5.9869389418035137] [-1.4974137004292574:9.1111849423944733] [-1.791822458399243:8.4266321541411884] [-1.7092083418143866:6.0528259338861714] [-2.3702263082579358:5.475757415370941] [-1.7182507023353646:7.5114051562214135] [-2.7931281056846995:3.7238662424880489] [-3.2602027836283582:3.3372518387766918] [-6.2606371354611676:1.9452490888387273] [-2.2859369242947687:4.2837471463710264] [-2.8136301948136699:2.7007082718868278] [-3.2714227307831614:3.3058882045895595] [-2.3013509053200067:4.3900007106611829] [-1.7323124238334577:1.8336473318908861] [-1.4468742265950363:1.4712206679079334] [-1.916807492309087:1.1948367889820914] [-1.3795340470068955:0.72488243560907772] [-2.1812136456459594:2.668496831886733] [-2.3638017814942445:3.1519791987477364] [-2.3467530720058303:3.9760094976265794] [-3.1159995476058069:3.7283661380929756] [-2.1716058766699784:2.556913515672544] [-2.3399417597950509:3.6181217615230481] [-2.4080241469950874:4.3266136366679433] [-3.2984989424149131:3.3530032061471706] [-2.79454433362885:3.4461687453516392] [-3.148643073006558:4.2168866523771626] [-3.0438809435698801:3.7533913261856564] [-3.1257142687919606:4.6927718309398943] [-2.8654591623280723:3.044291495723686] [-3.1591000713008976:3.7537871505650831] [-2.3087644065447726:3.701755979475009] [-3.2899959542943482:3.4016472268073317] [-3.4124313009999012:4.1928390111862361] [-3.5082710285623366:3.2674540923586184] [-1.102486011921229:3.2279716847169317] [-0.95801303960962925:3.6680182710808968] [-1.1610115250048274:3.2466295133619152] [2:815] [2:815] [0:1]
tree_sizes=2985 3117 3176 2872 3459 3326 3001 3290 3412 3122 3315 3206 2991 3335 3429 3063 3426 3297 3189 3308 3318 3265 3193 3300

Tree=0
num_leaves=28
num_cat=0
split_feature=0 14 22 40 16 40 1 4 31 22 14 15 13 2 36 20 16 40 14 33 30 14 40 32 27 33 36
split_gain=28.3235 8.40514 7.62501 3.81809 4.41377 3.78794 4.5531 4.12063 5.93847 3.54117 5.6706 3.09006 3.071 2.6988 3.37115 2.49454 2.77306 2.75723 2.44793 1.98649 1.9822 1.94232 2.15663 1.60951 1.18131 0.839396 0.251448
threshold=0.30117160139005078 -0.89241746563516255 -0.18269996802061464 62.000000000000007 0.54273592874789778 682.50000000000011 -0.25213426927955612 -0.78855600553163685 0.61707247545242871 -0.18269996802061464 -0.02648816435380923 0.23834954643525871 -0.35979524865423279 -1.0053697689355581 0.16762842975105574 0.7618074406428782 -0.78367084148072486 30.000000000000004 0.1574917241175009 1.097197145533104 1.0000000180025095e-35 -0.51120821488270485 239.50000000000003 1.0000000180025095e-35 0.79386568678493141 -0.98644992162042044 -0.22899380657815663
decision_type=2 2 2 2 2 2 2 2 2 2 2 2 2 2 2 2 2 2 2 2 2 2 2 2 2 2 2
left_child=1 19 3 25 -5 7 -7 8 18 21 11 15 -12 -4 -15 16 -11 -18 -3 23 -16 -9 -23 -1 -13 -2 -14
right_child=2 5 13 4 -6 6 -8 9 -10 10 12 24 26 14 20 -17 17 -19 -20 -21 -22 22 -24 -25 -26 -27 -28
leaf_value=-1.165346354465804 -1.1247257985481613 -1.1383913518500022 -1.1231524141076339 -1.1162315181613747 -1.1450464951638681 -1.1430385492038049 -1.1135063878847691 -1.1422416631883756 -1.1574241513748558 -1.1498818925410137 -1.1450464951638681 -1.16286817241004 -1.1322054056570894 -1.1265181836104083 -1.1606279126264345 -1.1555906118548616 -1.1417131927473989 -1.1172461914392331 -1.1185692415304287 -1.145987606489218 -1.1407129356336245 -1.1624947068478095 -1.1419288948541142 -1.148819162964446 -1.1459403523359868 -1.1019534237898556 -1.1172461914392331
leaf_weight=25.10897421836853 6.52181148529053 12.717532396316534 8.152264356613161 9.1305360794067401 7.5000832080841056 10.108807802200319 6.5218114852905265 9.7827172279357892 6.8479020595550528 8.1522643566131645 7.5000832080841091 12.71753239631653 6.5218114852905282 6.8479020595550564 6.5218114852905265 7.8261737823486319 7.5000832080841047 6.5218114852905273 10.760988950729368 12.717532396316527 8.8044455051422101 23.152430772781376 6.5218114852905265 10.434898376464842 7.8261737823486319 14.347985267639158 6.5218114852905247
leaf_count=77 20 39 25 28 23 31 20 30 21 25 23 39 20 21 20 24 23 20 33 39 27 71 20 32 24 44 20
internal_value=-1.14122 -1.14678 -1.12462 -1.11579 -1.1288 -1.14331 -1.13045 -1.14497 -1.13548 -1.14767 -1.14347 -1.1489 -1.13078 -1.13642 -1.14188 -1.14235 -1.13732 -1.1295 -1.12825 -1.15755 -1.14981 -1.15474 -1.15842 -1.16116 -1.15745 -1.10722 -1.12261
internal_weight=273.59 205.763 67.8268 37.5004 16.6306 157.502 16.6306 140.871 30.3264 110.545 71.0877 50.544 20.5437 30.3264 22.1742 30.0003 22.1742 14.0219 23.4785 48.2614 15.3263 39.457 29.6742 35.5439 20.5437 20.8698 13.0436
internal_count=839 631 208 115 51 483 51 432 93 339 218 155 63 93 68 92 68 43 72 148 47 121 91 109 63 64 40
is_linear=0
shrinkage=1


Tree=1
num_leaves=29
num_cat=0
split_feature=16 30 12 22 12 13 12 31 31 14 13 29 31 32 30 35 12 29 29 25 40 30 12 8 21 25 33 0
split_gain=5.09526 4.86607 4.14975 3.83777 4.22222 3.89619 3.39471 3.28527 4.2993 3.22857 4.33832 3.0675 2.44151 3.37771 2.38704 2.37645 4.22712 2.92994 3.87015 1.87627 1.76629 1.73479 1.64239 1.62249 0.89981 0.99778 3.42659 0.133883
threshold=1.0000000180025095e-35 -0.059641288504958458 1.0051109253519923 1.0000000180025095e-35 -0.69217553007468824 -0.56849301183502143 -0.46332931149203049 0.82813499895427711 -0.86036518906051096 -0.012957271023847488 -0.47160747440697487 -1.401206811712292 -0.438240142056814 1.0000000180025095e-35 0.17031418501656662 0.20007209728851408 -0.5057080597211937 -0.66483564915544202 -0.26832810008636937 0.16177184940264791 177.00000000000003 -0.21294493751930849 0.40939186321371052 -1.0955479304031728 -0.41479784239592732 0.48668858457937331 -1.0000000180025095e-35 0.13300124101207664
decision_type=2 2 2 2 2 2 2 2 2 2 2 2 2 2 2 2 2 2 2 2 2 2 2 2 2 2 2 2
left_child=1 3 11 4 -1 20 7 8 -2 24 22 -3 -10 14 -14 16 -13 -17 -19 -7 -6 -15 23 -11 -8 26 -26 -5
right_child=6 2 -4 27 5 19 9 -9 12 10 -12 15 13 21 -16 17 -18 18 -20 -21 -22 -23 -24 -25 25 -27 -28 -29
leaf_value=-1.3884734128747174 -1.3931273093656407 -1.4124360331724848 -1.4155040037839837 -1.4296488837197094 -1.4308730532370124 -1.3936573053890111 -1.4295529817343482 -1.3934981984550388 -1.4302425235393683 -1.4206514696116264 -1.3963464545717168 -1.4149924453377034 -1.4124360331724848 -1.4085137583712595 -1.389453997069064 -1.3736938476876295 -1.3886103554445128 -1.411280126100505 -1.3818545289563262 -1.4116345838303055 -1.4092007273287981 -1.4268770609732828 -1.4264525613301473 -1.4008898538503813 -1.4260487387465581 -1.4263757328225337 -1.3983897614045326 -1.416389570678477
leaf_weight=7.4778061509132376 7.7547619342803946 6.9238945841789237 9.6934524178504926 6.0930272340774518 8.0317177176475507 8.5856292843818718 15.786479651927946 9.9704082012176496 6.9238945841789201 5.5391156673431379 10.801275551319121 9.4164966344833392 6.9238945841789299 6.3699830174446115 6.3699830174446106 9.6934524178504926 9.4164966344833356 7.7547619342803928 5.8160714507103011 9.1395408511161786 5.8160714507102957 10.524319767951965 9.9704082012176496 6.3699830174446141 6.3699830174446097 6.6469388008117667 6.6469388008117702 5.5391156673431396
leaf_count=27 28 25 35 22 29 31 57 36 25 20 39 34 25 23 23 35 34 28 21 33 21 38 36 23 23 24 24 20
internal_value=-1.4092 -1.40452 -1.39874 -1.41122 -1.40672 -1.41161 -1.41337 -1.40791 -1.41139 -1.41778 -1.41063 -1.39522 -1.41584 -1.4115 -1.40094 -1.39223 -1.40155 -1.38585 -1.3976 -1.40271 -1.42292 -1.42014 -1.41831 -1.40989 -1.42388 -1.41792 -1.41185 -1.42533
internal_weight=232.366 109.398 58.7146 50.6829 39.0508 31.573 122.968 54.8372 44.8668 68.1311 32.6808 49.0212 37.1121 30.1882 13.2939 42.0973 18.833 23.2643 13.5708 17.7252 13.8478 16.8943 21.8795 11.9091 35.4503 19.6639 13.0169 11.6321
internal_count=839 395 212 183 141 114 444 198 162 246 118 177 134 109 48 152 68 84 49 64 50 61 79 43 128 71 47 42
is_linear=0
shrinkage=1


Tree=2
num_leaves=29
num_cat=0
split_feature=14 0 35 16 42 21 19 19 26 34 21 22 37 23 38 31 34 21 29 14 29 1 32 22 21 0 16 31
split_gain=29.7792 6.10634 5.89637 3.63085 3.81241 3.48611 5.35647 3.36877 3.39574 2.8854 2.8779 4.77603 2.40825 3.64527 2.36754 1.867 1.77345 1.68634 3.77831 2.2857 1.48129 1.18268 1.13462 0.958553 2.04518 0.443309 0.318399 0.122793
threshold=-0.035014890250832743 0.8196968792221383 1.4676171493195371 1.0000000180025095e-35 1.0000000180025095e-35 -0.76606242959772775 0.89026965679141268 -1.1573858781668354 -0.44785516445973417 1.0000000180025095e-35 1.0000000180025095e-35 -0.38640132771403057 1.0627428363978517 -0.75305005896722166 1.0000000180025095e-35 1.0000000180025095e-35 -0.82046097079253799 0.28773133200767376 0.92119454712084958 0.44603665403138432 1.0000000180025095e-35 -0.49662936768272486 0.53571896107574746 0.55062492687568365 -0.41479784239592732 0.13300124101207664 -0.78367084148072486 -0.64930266555866234
decision_type=2 2 2 2 2 2 2 2 2 2 2 2 2 2 2 2 2 2 2 2 2 2 2 2 2 2 2 2
left_child=2 5 3 9 14 25 7 8 -7 10 16 -12 13 -9 -5 -4 -1 19 -19 -15 23 -3 -11 24 -6 -2 -23 -22
right_child=1 21 15 4 20 6 -8 12 -10 22 11 -13 -14 17 -16 -17 -18 18 -20 -21 27 26 -24 -25 -26 -27 -28 -29
leaf_value=-0.82638862742561692 -0.85311346054030379 -0.83806419131683141 -0.79932695768492823 -0.82048431894420437 -0.81525560674710151 -0.83918351383597156 -0.81128232129267497 -0.85036116533990458 -0.81598029290996743 -0.8422092958645887 -0.82091767856640185 -0.84891648799247355 -0.85160000088009791 -0.84480915842990512 -0.83994575847701958 -0.8193727908310785 -0.809643573310874 -0.81598029290996743 -0.84017597193333005 -0.82827165991010665 -0.81702989645930835 -0.85988622964672612 -0.82894447744488109 -0.81287604179744544 -0.83370895307830972 -0.83810857817109297 -0.84635107160098211 -0.80400938571022174
leaf_weight=12.911527156829836 8.4847178459167463 10.698122501373289 12.911527156829836 10.329221725463869 8.4847178459167498 7.7469162940979031 7.7469162940978995 10.698122501373282 12.911527156829832 12.911527156829836 11.804824829101564 7.7469162940978995 9.5914201736450178 13.280427932739267 9.2225193977355939 10.698122501373289 11.804824829101561 12.911527156829836 8.1158170700073224 13.64932870864868 8.8536186218261737 9.9603209495544451 8.1158170700073224 10.329221725463865 9.9603209495544451 7.3780155181884757 17.707237243652344 12.542626380920408
leaf_count=35 23 29 35 28 23 21 21 29 35 35 32 21 26 36 25 29 32 35 22 37 24 27 22 28 27 20 48 34
internal_value=-0.829577 -0.839071 -0.820543 -0.823174 -0.818478 -0.835327 -0.832968 -0.835196 -0.825014 -0.828416 -0.824037 -0.832314 -0.838396 -0.835642 -0.829577 -0.807019 -0.817479 -0.831707 -0.825669 -0.836589 -0.814208 -0.84927 -0.837122 -0.819892 -0.825083 -0.84782 -0.852738 -0.80796
internal_weight=309.508 150.88 158.627 135.018 69.7222 112.515 96.652 88.9051 20.6584 65.2954 44.2681 19.5517 68.2466 58.6552 19.5517 23.6096 24.7164 47.9571 21.0273 26.9298 50.1705 38.3657 21.0273 28.7743 18.445 15.8627 27.6676 21.3962
internal_count=839 409 430 366 189 305 262 241 56 177 120 53 185 159 53 64 67 130 57 73 136 104 57 78 50 43 75 58
is_linear=0
shrinkage=1


Tree=3
num_leaves=26
num_cat=0
split_feature=0 14 22 1 31 27 28 19 11 18 12 29 22 16 2 24 33 32 38 38 36 2 27 31 29
split_gain=26.7309 8.04889 7.18796 3.14596 7.61751 2.79017 3.3175 3.00213 2.52876 3.80712 2.33881 4.043 2.13478 2.51008 2.12666 1.93974 1.9355 1.57078 1.48132 2.76864 1.44349 1.74475 0.993617 0.893098 0.488954
threshold=0.30117160139005078 -0.89241746563516255 -0.18269996802061464 -0.74112446608589355 0.40600995195058015 -0.61029475598567862 0.084006084245186061 1.2135836886269258 1.3004588751196688 1.0000000180025095e-35 -0.55938217049980477 -0.43825990683025767 -1.5271289419971612 0.54273592874789778 -0.43963582784549365 0.20099709488472625 1.097197145533104 1.0000000180025095e-35 0.77674870189931811 -1.0000000180025095e-35 -0.31586207735919447 0.06097765959391601 -0.1942472173869795 0.40600995195058015 0.92119454712084958
decision_type=2 2 2 2 2 2 2 2 2 2 2 2 2 2 2 2 2 2 2 2 2 2 2 2 2
left_child=1 16 12 4 15 14 10 20 9 -4 11 -7 -2 -14 -5 22 17 -1 19 -12 21 -8 -3 -22 -16
right_child=2 3 8 5 -6 6 7 -9 -10 -11 18 -13 13 -15 24 -17 -18 -19 -20 -21 23 -23 -24 -25 -26
leaf_value=-0.023766628883180145 0.008662429250966993 0.014627533064330756 0.012376954318842757 -0.0007243638992200295 -0.01376261874967293 0 0.0043225620763972109 0.0083056161452387169 0.017367302082767232 -0.011118341560533864 -0.0083303527071434645 0.026131762501125064 0.036787453478248321 0.01501276613602791 -0.02271425168242246 0.025791315494517943 -0.0045966002346554541 -0.0074018335800084831 -0.012507960450486889 0.012613991698164941 -0.024100853775019779 -0.012762738678193355 0.00045004609166805981 -0.0081490599469626699 -0.0084833762270857
leaf_weight=24.797504723072052 8.8960398733615857 7.527262449264529 9.4633990526199376 10.735007286071779 11.371758878231047 11.417802423238756 9.4346136450767535 7.4813911616802207 8.2442635595798475 12.724263966083527 9.4424568712711352 7.8295950889587393 16.207226812839512 12.812252908945082 10.705760419368746 7.8683205842971793 12.670208156108854 10.386126637458799 6.8280815780162802 10.115160018205644 8.1203650236129779 8.774593234062193 10.800432682037355 10.752742767333983 8.1155322790145856
leaf_count=77 27 23 29 33 35 35 29 23 25 39 29 24 49 39 33 24 39 32 21 31 25 27 33 33 25
internal_value=0 -0.00541643 0.0160507 -0.00203577 0.00532548 -0.00443187 -0.00165435 -0.00740231 0.00459649 -0.000694739 0.00388855 0.0114756 0.0245671 0.0285808 -0.0122255 0.0141249 -0.0160092 -0.0195995 -0.0017503 0.002344 -0.0109266 -0.00395076 0.0072415 -0.0165761 -0.0179524
internal_weight=273.522 205.175 68.3474 157.321 37.5678 119.753 90.1968 44.5637 30.4319 22.1877 45.6331 19.2474 37.9155 29.0195 29.5563 26.196 47.8538 35.1836 26.3857 19.5576 37.0823 18.2092 18.3277 18.8731 18.8213
internal_count=839 631 208 483 115 368 277 137 93 68 140 59 115 88 91 80 148 109 81 60 114 56 56 58 58
is_linear=0
shrinkage=0.03


Tree=4
num_leaves=32
num_cat=0
split_feature=16 30 38 12 12 22 12 14 2 29 36 38 32 33 11 16 32 16 36 40 32 35 31 27 30 25 35 10 2 4 21
split_gain=4.85725 4.66697 4.29481 4.33141 3.92195 3.76316 3.98899 3.27827 2.99098 2.92218 2.77531 2.74137 3.2622 2.5989 2.42537 3.11999 2.1038 2.07337 1.63842 1.59428 1.4216 1.36471 1.84562 1.21286 1.37701 1.67364 1.19431 1.07452 3.70788 0.698575 0.145125
threshold=1.0000000180025095e-35 -0.059641288504958458 0.77674870189931811 -0.53344440133925952 1.0051109253519923 1.0000000180025095e-35 -0.69217553007468824 -0.012957271023847488 -0.67976750068228353 -1.401206811712292 0.33564995349858967 0.77674870189931811 -0.89453356758617963 -1.0000000180025095e-35 0.55882870113227312 0.80801728279362217 0.29734353963209265 -0.78367084148072486 0.72655717201326031 177.00000000000003 0.29734353963209265 -0.32558629193611582 -0.22717761855496557 1.0538953984091186 0.63022513205961694 1.0000000180025095e-35 -0.32558629193611582 0.44589258406304594 -0.36637531748850677 -1.0000000180025095e-35 -0.41479784239592732
decision_type=2 2 2 2 2 2 2 2 2 2 2 2 2 2 2 2 2 2 2 2 2 2 2 2 2 2 2 2 2 2 2
left_child=1 5 3 10 9 6 -1 23 19 -3 21 12 -11 -13 20 -16 29 26 -12 -8 -9 -2 -23 24 25 -5 -10 28 -4 -14 -7
right_child=2 4 27 7 -6 30 8 14 17 11 18 13 16 -15 15 -17 -18 -19 -20 -21 -22 22 -24 -25 -26 -27 -28 -29 -30 -31 -32
leaf_value=0.02003974770552535 0.021778370410741016 -0.0032128773576027038 0.0083306655317337309 0 -0.0061508425037517696 -0.0070489712906535449 -0.021015950925320399 0 -0.011433933297220431 0 -0.012979717667200222 -0.0088086753874229706 0.042065709643104299 0.015587583147499057 0.0067470736558632302 -0.016480750780639312 0.012405307903021781 0.016474798283650276 0.005908380731675756 0 0.020507238525149608 -0.0039273098890617838 0.016599439858966836 -0.021753657595651604 0.0040711925638687906 -0.017905892043721137 0.0055493810356185176 -0.022341676185345716 -0.017953298226985076 0.017046861803998229 -0.020379965496209837
leaf_weight=7.5813952982425681 9.1456440687179565 6.9185096323490134 6.3663874268531844 6.6186360418796637 9.6413054168224317 5.5081232190132141 7.1032090187072736 5.5870710015296954 5.5344668626785278 5.5628524720668784 6.3522688150405866 6.1456193923950195 7.2914561927318555 6.419425815343855 8.5572537183761614 9.1145097613334638 10.907277107238768 6.9589886963367507 6.945329338312149 5.8137134611606598 5.5898175537586212 7.1885670423507673 5.5487518012523669 8.477269381284712 5.5094819366931906 10.982935339212416 6.1062045991420746 9.6632282733917219 11.010823935270309 6.1511216461658549 6.0649851560592634
leaf_count=27 33 25 23 24 35 20 26 20 20 20 23 22 26 23 31 33 39 25 25 21 20 26 20 31 20 40 22 35 40 22 22
internal_value=0 0.00455036 -0.00408205 -0.000950759 0.0101942 -0.00201444 0.0024257 -0.00582916 -0.00234761 0.0135897 0.00716198 0.016479 0.0212848 0.0035618 0.00131198 -0.00527224 0.0257705 0.00503184 -0.0031101 -0.0128078 0.0115876 0.0134597 0.00540008 -0.0122961 -0.00746882 -0.0114311 -0.00245207 -0.0143124 -0.00810916 0.0338795 -0.0160309
internal_weight=232.367 109.709 122.658 95.6175 59.0376 50.6711 39.098 60.437 31.5166 49.3963 35.1806 42.4778 29.9127 12.565 28.8487 17.6718 24.3499 18.5997 13.2976 12.9169 11.1769 21.883 12.7373 31.5883 23.1111 17.6016 11.6407 27.0404 17.3772 13.4426 11.5731
internal_count=839 395 444 346 212 183 141 219 114 177 127 152 107 45 104 64 87 67 48 47 40 79 46 115 84 64 42 98 63 48 42
is_linear=0
shrinkage=0.03


Tree=5
num_leaves=30
num_cat=0
split_feature=11 0 27 15 19 27 0 20 16 26 29 23 12 37 30 30 40 9 19 20 2 22 7 23 15 16 24 16 12
split_gain=27.2158 6.1328 5.64404 4.25704 6.08987 3.02486 3.76584 4.23418 3.38587 3.14309 3.89312 3.48473 2.7511 2.71668 4.05537 3.07982 2.15093 2.44726 2.13146 1.78982 1.75895 1.64103 1.13735 0.929268 0.830027 0.35423 0.332007 0.322514 0.172305
threshold=-0.089716057291272591 0.8196968792221383 1.6779667063071677 -0.13701463837783012 -1.1573858781668354 -0.61029475598567862 -0.78492864271769958 1.1295261726590102 0.80801728279362217 0.56174784023272506 -0.43825990683025767 -0.75305005896722166 -0.41450304653226694 -0.66944024225741272 1.0000000180025095e-35 -0.59620406005518356 330.50000000000006 -0.41791278732134923 0.5265413709764607 0.7618074406428782 0.089467858066077474 -0.54936241546876363 -0.52024946681784578 -0.43781543281105356 -0.13701463837783012 1.0000000180025095e-35 -0.41233297348625442 -0.78367084148072486 0.19867275037608403
decision_type=2 2 2 2 2 2 2 2 2 2 2 2 2 2 2 2 2 2 2 2 2 2 2 2 2 2 2 2 2
left_child=2 3 5 13 -5 20 19 8 9 10 11 -8 -10 16 15 -15 17 -2 21 23 -1 -6 -3 -7 -12 -4 -23 -24 -29
right_child=1 22 25 4 18 6 7 -9 12 -11 24 -13 -14 14 -16 -17 -18 -19 -20 -21 -22 26 27 -25 -26 -27 -28 28 -30
leaf_value=0.003582062544738474 0.00092912571929524375 -0.008243728751828449 0.014103273843046086 0.007548709736572414 -0.0065522542766984476 0.0090912320564297284 -0.0086066727154089674 0.016636391278027522 -0.0022264051681039074 -0.021077865657688207 -0.003175388603052567 0.01499712843772678 0.018065907074017749 -0.0067075910820142987 -0.017031054929797278 0.016219069898503052 -0.0041323874081910551 0.023525365580974542 -0.0025917149342265799 0.00088800571750605238 0.021735977703460214 -0.011579373857817148 -0.029724233994207955 0.023939080544910216 -0.016513899709694725 0.031202704900581579 -0.026278365934681441 -0.019936477461183148 -0.0081130177275684345
leaf_weight=8.8700079023838061 8.8549460768699664 10.677303761243818 8.4960334002971667 11.439160615205763 9.9440659880638069 12.939252525568008 7.3818219006061545 11.452408999204634 11.074643343687059 8.8536837100982648 9.597017705440523 13.663329422473906 9.9796235561370832 9.9562356173992175 13.254474610090254 8.1159491240978259 8.1006107032299024 8.4730232954025286 10.329502165317534 9.6140678524970991 15.520317673683165 7.3560794889926902 9.9020333290100115 10.352226436138153 11.07235834002495 8.1459946036338788 18.410170704126365 10.293362319469454 7.3516027331352225
leaf_count=24 24 29 23 31 27 35 20 31 30 24 26 37 27 27 36 22 22 23 28 26 42 20 27 28 30 22 50 28 20
internal_value=0 -0.00898656 0.00872281 -0.00529941 -0.0109484 0.00654624 0.00433792 0.000789227 -0.00195197 -0.00618662 -0.00226527 0.00642992 0.00768784 0.000453184 -0.00524471 0.00373581 0.00759664 0.0132909 -0.0157636 0.0126977 0.0159557 -0.0191543 -0.0192385 0.0169817 -0.0112252 0.0246917 -0.0231698 -0.0226477 -0.0163454
internal_weight=309.471 152.459 157.013 114.234 57.479 140.371 115.98 83.0749 71.6225 50.5682 41.7145 21.0452 21.0543 56.7552 31.3267 18.0722 25.4286 17.328 46.0398 32.9055 24.3903 35.7103 38.2243 23.2915 20.6694 16.642 25.7663 27.547 17.645
internal_count=839 414 425 310 156 380 314 225 194 137 113 57 57 154 85 49 69 47 125 89 66 97 104 63 56 45 70 75 48
is_linear=0
shrinkage=0.03


Tree=6
num_leaves=27
num_cat=0
split_feature=0 13 22 40 34 40 1 31 17 27 1 30 32 41 20 38 2 17 20 37 40 2 34 36 33 33
split_gain=25.1042 7.45899 6.82207 3.53969 3.74576 2.92792 3.39061 5.25498 5.78123 2.87471 2.82839 2.65605 3.49256 2.5258 2.70604 4.36779 2.40335 3.65998 2.17193 2.12114 2.55336 2.28789 2.08179 1.67011 1.03796 0.801638
threshold=0.30117160139005078 0.82232015790266411 -0.18269996802061464 62.000000000000007 0.13548805507913048 682.50000000000011 -0.77605233728634626 0.61707247545242871 -1.1388964219862923 -0.61029475598567862 -0.28706214048000883 0.29806722586185858 -0.41778272469887062 707.50000000000011 1.0000000180025095e-35 1.0000000180025095e-35 -1.0053697689355581 0.41692571865929684 -0.70906748742165004 -0.66944024225741272 312.50000000000006 -0.1872940699492058 1.0000000180025095e-35 -0.22899380657815663 0.65642565055832014 -0.98644992162042044
decision_type=2 2 2 2 2 2 2 2 2 2 2 2 2 2 2 2 2 2 2 2 2 2 2 2 2 2
left_child=1 5 3 25 -5 6 7 8 -1 10 -8 12 -3 14 15 -11 -4 -18 -17 -16 21 -21 -10 -7 -13 -2
right_child=2 11 16 4 -6 23 9 -9 22 13 -12 24 -14 -15 19 18 17 -19 -20 20 -22 -23 -24 -25 -26 -27
leaf_value=-0.0082142464117723052 0.015315907142023086 -0.017871742811944299 0.016723671643173 0.026591696739208904 -8.3214673727034644e-05 0.019764795626396783 0.0018297753382806388 -0.015837171812899429 0.029138082672794632 -0.0073643670433271918 -0.019646984260698986 -0.02336672618322894 0.0060829431139348515 -0.017463653364995516 -0.015943221502341131 0.00044404035451503352 0.011933746906365521 -0.011062442102606566 0.022592746271583027 0.014705337815101222 -0.015556502652304694 -0.0038430598840874866 0.0057332973137185876 0.00055817445844566092 -0.0093054612240922301 0.036790560867527404
leaf_weight=7.8790067732334199 6.6515280604362514 8.3428061604499835 8.327302038669588 6.6288368999958065 10.279650211334227 6.571217447519305 6.4796122312545803 6.768636316061019 9.8725444376468676 11.706317931413652 19.648237317800522 23.656292110681534 10.64713943004608 7.7945215702056876 11.318279176950453 6.830042332410815 9.5344961285591125 12.705866307020187 10.769154369831083 8.8552984297275561 6.4990660250186911 12.296080738306047 7.2289801239967337 9.7850524485111219 11.609481841325758 14.760040134191511
leaf_count=24 20 26 25 20 31 20 20 21 30 36 61 74 33 24 35 21 29 39 33 27 20 38 22 30 36 44
internal_value=0 -0.0052786 0.0154732 0.0237128 0.0113632 -0.00173825 -0.00326104 0.00503552 0.0114944 -0.00593193 -0.0142935 -0.0146681 -0.00468609 -0.00276172 -0.00065793 0.00596116 0.00433084 -0.000820067 0.0150212 -0.00582038 -0.000863743 0.00411714 0.0208273 0.00962267 -0.0194695 0.0318208
internal_weight=273.445 204.558 68.8877 38.3201 16.9085 150.302 133.946 31.7492 24.9805 102.197 26.1278 54.2557 18.9899 76.0688 68.2742 29.3055 30.5677 22.2404 17.5992 38.9687 27.6504 21.1514 17.1015 16.3563 35.2658 21.4116
internal_count=839 631 208 115 51 462 412 97 76 315 81 169 59 234 210 90 93 68 54 120 85 65 52 50 110 64
is_linear=0
shrinkage=0.03


Tree=7
num_leaves=30
num_cat=0
split_feature=16 30 38 12 15 22 12 13 4 15 35 22 38 34 36 31 32 34 31 40 16 15 36 31 20 1 2 19 19
split_gain=4.67069 4.43642 4.19647 4.15901 3.76389 3.68102 3.8227 3.65138 3.23126 3.71867 5.39419 4.67511 3.17071 4.67446 2.67956 2.58238 1.84562 1.78453 2.81329 1.68951 1.61853 1.61172 1.5911 1.2764 1.11403 1.06282 3.5888 0.222372 0.156829
threshold=1.0000000180025095e-35 -0.059641288504958458 0.77674870189931811 -0.53344440133925952 -0.7000609155974632 1.0000000180025095e-35 -0.69217553007468824 -0.56849301183502143 1.0000000180025095e-35 -0.88774300800400774 0.073317592085411928 -0.54936241546876363 0.77674870189931811 -0.10349920138878661 0.33564995349858967 -0.64930266555866234 0.53571896107574746 0.13548805507913048 -0.86036518906051096 177.00000000000003 -0.78367084148072486 0.42603163884180317 0.72655717201326031 0.19494742844873139 1.0000000180025095e-35 -0.39184575408136685 -0.36637531748850677 0.24364159312038683 0.24364159312038683
decision_type=2 2 2 2 2 2 2 2 2 2 2 2 2 2 2 2 2 2 2 2 2 2 2 2 2 2 2 2 2
left_child=1 5 3 14 16 6 -1 19 9 24 11 -11 15 -14 17 -6 -3 18 -2 -8 -9 -17 -16 27 -5 -4 -27 -10 -7
right_child=2 4 25 8 12 28 7 20 23 10 -12 -13 13 -15 22 21 -18 -19 -20 -21 -22 -23 -24 -25 -26 26 -28 -29 -30
leaf_value=0.019578650777093812 0.020446472767039706 0.0055071710298591897 -0.022184381305313191 -0.015802734161740491 0.0041525046886687067 -0.02026403744167005 -0.02128187436103076 -0.00081416518037189997 -0.0094191481837627919 0 -0.011465321820934647 0.037557730054460947 0.020250280127478933 -0.011974273019625649 -0.012860456206277085 0.033123021949437802 -0.013013402217395843 0.024903721613836957 -0.0036092542182991102 0 0.016100299520616517 0.011643517648235907 0.0057561272373722484 -0.0018816196467015664 -0.00067328611865879171 0.0080930857206990975 -0.017766205731464348 -0.022105468518741143 -0.0068718725123345769
leaf_weight=7.6513532400131217 5.5968529284000388 10.808106333017351 9.556118309497835 8.5036292374134081 8.3848493099212664 6.0170266926288587 7.813411742448805 10.804203718900681 8.2553464174270683 5.5236327648162851 5.5414884984493247 5.5777844488620767 5.6198594272136688 7.8110092878341657 6.3159807026386243 11.596407294273378 6.361545890569686 6.7271473109722129 9.6879968047142047 5.8121853768825531 7.0157135128974959 8.7657158374786359 6.9737069606781006 7.704349309206008 9.6121800541877729 6.4055557250976607 10.89770075678825 9.5017704069614393 5.4687871932983398
leaf_count=27 20 39 35 31 30 22 29 39 30 20 20 20 20 28 23 41 23 24 35 21 25 31 25 28 35 23 40 35 20
internal_value=0 0.00445641 -0.00400863 -0.000917741 0.00993521 -0.00195754 0.00242039 -0.00227379 -0.00571793 0.00015152 0.0100899 0.0214098 0.0146311 0.00178734 0.00700703 0.0200472 -0.00152775 0.0131683 0.00588181 -0.0133548 0.00626752 0.025584 -0.00309279 -0.0135158 -0.00874633 -0.0141594 -0.00799222 -0.0177122 -0.0158799
internal_weight=232.311 109.93 122.381 95.5219 59.3475 50.5827 39.0969 31.4455 60.2202 34.7587 16.6429 11.1014 42.1778 13.4309 35.3017 28.747 17.1697 22.012 15.2848 13.6256 17.8199 20.3621 13.2897 25.4615 18.1158 26.8594 17.3033 17.7571 11.4858
internal_count=839 395 444 346 212 183 141 114 219 126 60 40 150 48 127 102 62 79 55 50 64 72 48 93 66 98 63 65 42
is_linear=0
shrinkage=0.03


Tree=8
num_leaves=31
num_cat=0
split_feature=14 13 36 21 35 27 19 12 35 23 11 13 19 27 41 7 41 7 7 31 21 36 26 2 15 12 24 41 41 22
split_gain=26.6455 5.73059 5.43517 6.92809 5.35841 3.46946 4.20868 4.22355 3.45389 3.33268 2.97111 4.4544 7.06103 2.86241 5.55709 2.61607 2.33014 2.31701 1.99228 1.78268 1.71027 3.05249 1.51632 1.34112 1.15411 1.15033 1.02916 0.841216 0.322983 0.168066
threshold=-0.035014890250832743 -1.0558031353348032 -0.44616448353075139 -0.76606242959772775 1.4676171493195371 -0.61029475598567862 -0.40298647055063891 -0.41608733334967191 0.79159312156965833 -0.43781543281105356 0.88388164384552159 -0.40015564187820041 -0.72630050238615163 -0.81831852528502835 62.000000000000007 -0.68207342466095178 139.50000000000003 -0.24167275126164153 -0.68207342466095178 1.0000000180025095e-35 -0.41479784239592732 -0.60904249124519705 0.38358260411052642 0.089467858066077474 1.3644421008745253 0.3878866821289661 -0.41233297348625442 30.000000000000004 338.00000000000006 -0.38640132771403057
decision_type=2 2 2 2 2 2 2 2 2 2 2 2 2 2 2 2 2 2 2 2 2 2 2 2 2 2 2 2 2 2
left_child=4 15 26 -4 5 23 17 8 9 27 11 13 -13 -5 -15 -2 -14 -7 -9 -6 21 -20 -11 -1 28 -22 -3 -8 -17 -16
right_child=1 2 3 10 19 6 7 18 -10 22 -12 12 16 14 29 24 -18 -19 20 -21 25 -23 -24 -25 -26 -27 -28 -29 -30 -31
leaf_value=0.0048393170913341851 -0.0020907019065102709 -0.008096168950033733 -0.019508778126870602 -0.017330605667786859 0.028811044606126386 0.0016440868691908537 0.00054979436645096413 -0.00019697451542261303 -0.015418523884889956 0.018054486568987123 0.018518665510088395 0.031014186051819218 0.0087769213598827417 0.015286248389693445 -0.0053643001427860337 -0.028560237653269403 -0.012461388978489184 -0.016548160963133701 0.0047857681871148142 0.0094422796143087961 0.014701137605107453 0.03061555620733071 0.00026166453950975018 0.021100757720080958 -0.0078064984455148388 0 -0.022896521206813254 -0.012080076739624458 -0.013628788801427941 -0.015091706967821047
leaf_weight=9.2504222989082354 8.4558916687965375 11.767354130744936 13.948741465806959 11.786196172237391 13.008963584899904 11.069108456373216 8.1192679703235608 7.7634088695049277 8.8623994588851911 12.200467944145204 7.7339633107185355 7.7582616209983852 7.7326149642467481 10.683660119771963 8.4727324247360176 17.928383976221088 7.7195085883140564 11.074138581752775 7.7746951282024392 10.74793818593025 7.7633171379566219 11.842816561460495 7.3747487068176261 15.574472844600676 7.3294512629508963 9.2511656582355482 13.223788768053053 7.3869298100471488 8.4140017628669721 7.3635212779045132
leaf_count=25 23 32 38 32 35 30 22 21 24 33 21 21 21 29 23 49 21 30 21 29 21 32 20 42 20 25 36 20 23 20
internal_value=0 -0.0090151 -0.00515012 -0.00127958 0.00851525 0.00600536 0.00354759 0.0065081 -3.56389e-06 0.00419915 0.00264318 0.00015878 0.0102501 -0.00596084 -3.64006e-05 -0.0182851 -0.00164309 -0.00767298 0.0128737 0.0213671 0.0156999 0.02173 0.0121316 0.0158902 -0.0219187 0.00722595 -0.0170071 -0.00564889 -0.0249977 -0.0111479
internal_weight=309.382 150.318 108.19 83.1992 159.064 135.307 110.482 88.3392 43.9438 35.0814 69.2505 61.5165 23.2104 38.3061 26.5199 42.1277 15.4521 22.1432 44.3954 23.7569 36.632 19.6175 19.5752 24.8249 33.6718 17.0145 24.9911 15.5062 26.3424 15.8363
internal_count=839 409 294 226 430 366 299 239 119 95 188 167 63 104 72 115 42 60 120 64 99 53 53 67 92 46 68 42 72 43
is_linear=0
shrinkage=0.03


Tree=9
num_leaves=28
num_cat=0
split_feature=0 14 19 40 1 4 33 21 36 5 14 24 11 37 13 32 32 24 30 12 21 13 12 12 33 24 21
split_gain=23.6653 7.44134 5.25087 3.512 4.3409 3.66178 4.2113 3.427 4.12588 3.12043 6.39797 4.32952 2.46308 3.2643 4.17296 2.31556 1.88729 5.10635 1.7676 1.29653 1.64769 0.915665 0.577459 0.548571 0.465716 0.232446 0.143851
threshold=0.30117160139005078 -0.89241746563516255 0.89026965679141268 682.50000000000011 -0.25213426927955612 -0.78855600553163685 0.45607497102432731 -0.76606242959772775 0.16762842975105574 -0.95467760560357739 0.82653040449437654 0.20099709488472625 0.25743199160664176 -0.66944024225741272 -0.16452697113401424 -0.23900115861612994 -0.41778272469887062 1.0000000180025095e-35 0.24696600952374165 -0.38592203221873828 1.0000000180025095e-35 0.56117259237058714 -0.42148433385090717 -0.39388271166588523 0.87681139804571184 0.20099709488472625 -0.41479784239592732
decision_type=2 2 2 2 2 2 2 2 2 2 2 2 2 2 2 2 2 2 2 2 2 2 2 2 2 2 2
left_child=1 16 9 5 -5 6 15 8 18 25 11 -11 13 22 -15 -3 24 -18 -7 20 -16 -21 -9 -12 -1 -2 -19
right_child=2 3 -4 4 -6 7 -8 12 -10 10 23 -13 -14 14 19 -17 17 26 -20 21 -22 -23 -24 -25 -26 -27 -28
leaf_value=-0.025572446853080997 0.015681493164706239 0.0081636797113332736 -0.0084551189934755095 -0.0018585558437043982 0.026873914267115245 0.0054483072434652838 0.021455839124875659 -0.01974248459052241 0.017556542248855816 0.034004619699593973 0.0007802390838239035 0.0031998143897864493 -0.020231507067086998 0.016219455585488318 0.0089702790611304803 -0.010138697042835753 0.0079222749138706874 -0.023367820672083442 -0.012604309078660845 -0.016165606348826606 -0.006766590007986302 -0.0011984285739064823 -0.0058441241510955103 -0.0095740914696983842 -0.010583603717606915 0.028502366310409893 -0.0099555738252593892
leaf_weight=15.076809376478197 12.421219766139986 9.8488598167896306 6.5629732906818381 10.115959584712984 6.6017068624496451 6.4961192905902925 8.6127368509769422 13.500698149204256 9.5040292739868146 9.3895606696605736 7.6090061962604523 7.8925457000732413 13.957047581672667 7.8616474866867057 8.1154967844486219 12.034893602132797 9.2811450660228747 7.6194204986095428 10.621537566184996 11.605306029319769 14.162194758653639 6.7472205162048331 7.0868386924266806 6.9433551728725416 7.7034075558185569 18.537493169307709 7.3900556266307813
leaf_count=48 37 30 20 31 20 20 26 42 29 28 23 24 43 24 25 37 29 24 33 36 44 21 22 21 24 55 23
internal_value=0 -0.00514827 0.014958 -0.00190796 0.0104369 -0.00351773 0.00538808 -0.00608775 0.00298611 0.0176386 0.00997825 0.0216349 -0.00906919 -0.00634686 -0.00179277 -0.00164977 -0.0154313 -0.00838271 -0.00554411 -0.00587381 -0.000577262 -0.0114715 -0.0159517 -0.00421933 -0.0217179 0.0245056 -0.0186321
internal_weight=273.299 203.943 69.3562 156.872 16.7177 140.155 30.4965 109.658 26.6217 62.7932 31.8345 17.2821 83.0364 69.0794 48.4919 21.8838 47.0708 24.2906 17.1177 40.6302 22.2777 18.3525 20.5875 14.5524 22.7802 30.9587 15.0095
internal_count=839 631 208 483 51 432 93 339 82 188 96 52 257 214 150 67 148 76 53 126 69 57 64 44 72 92 47
is_linear=0
shrinkage=0.03


Tree=10
num_leaves=30
num_cat=0
split_feature=16 30 38 12 22 12 12 13 4 35 19 36 12 23 41 40 33 25 34 31 40 36 26 16 31 10 2 21 21
split_gain=4.51303 4.24452 4.06455 3.98812 3.57898 3.62894 3.57822 3.54579 3.13164 3.00211 6.19356 2.57269 2.2053 5.70549 3.7373 1.93828 1.83202 1.74913 1.65632 2.68007 1.64107 1.54754 1.45786 1.26224 1.24301 1.05593 3.49103 0.712634 0.163357
threshold=1.0000000180025095e-35 -0.059641288504958458 0.77674870189931811 -0.53344440133925952 1.0000000180025095e-35 -0.69217553007468824 1.0051109253519923 -0.56849301183502143 1.0000000180025095e-35 0.073317592085411928 -0.40298647055063891 0.33564995349858967 -0.51364250108363529 0.11384516296224066 87.000000000000014 215.50000000000003 0.21565415558353576 0.16177184940264791 0.13548805507913048 -0.86036518906051096 177.00000000000003 0.72655717201326031 1.0000000180025095e-35 -1.0489521955264494 0.19494742844873139 0.44589258406304594 -0.36637531748850677 1.0000000180025095e-35 -0.41479784239592732
decision_type=2 2 2 2 2 2 2 2 2 2 2 2 2 2 2 2 2 2 2 2 2 2 2 2 2 2 2 2 2
left_child=1 4 3 11 5 -1 12 20 9 10 22 18 13 23 16 -11 -14 -9 19 -2 -7 -13 -5 -3 27 26 -4 -10 -6
right_child=2 6 25 8 28 7 -8 17 24 15 -12 21 14 -15 -16 -17 -18 -19 -20 -21 -22 -23 -24 -25 -26 -27 -28 -29 -30
leaf_value=0.019004641539431971 0.019881653067827132 0.0021615072260045788 0.0079486846540193171 -0.015946554318998891 -0.0067120515967127835 -0.021086299742038253 -0.0059550687496588367 0.014834763402991042 -0.022414166392795899 3.0416258356971994e-05 0.023969199120041241 -0.012752307873760603 -0.00098549352131536484 0.020086352942265503 0.03274052080661928 -0.020443365117052529 0.017773837033626085 -0.0024473003289846593 0.024060517015210517 -0.0035331755812675848 0 0.0056099766179655564 0.0029560705260594363 -0.014572164895488002 -0.0018611805566723708 -0.02201907659040948 -0.017573651218863191 -0.0064637535875218958 -0.020111817466727491
leaf_weight=7.7388083934783927 5.6636030972003928 5.9158738851547241 6.4292262494564101 5.7581484019756299 5.4331364631652832 7.7007057964801771 9.5738978683948499 8.7160163521766716 10.741132169961935 7.7134043574333173 9.2482914030551928 6.2828315198421461 8.4549271166324633 11.378060340881346 9.6539542078971845 6.2736015319824219 7.3519358336925498 9.142389237880705 6.8347876071929923 9.6638006269931811 5.8209003806114197 7.0008380115032196 5.7770714163780212 7.285242825746538 7.6989468336105338 9.4411709606647474 10.779677003622055 6.8345995247364035 5.9535380601882917
leaf_count=27 20 21 23 21 20 29 35 31 40 28 33 23 30 40 34 23 26 33 24 35 21 25 21 26 28 35 40 25 22
internal_value=0 0.00437143 -0.00394962 -0.000913996 -0.00191343 0.00238635 0.00971048 -0.00220953 -0.00563179 0.0001312 0.00733264 0.00681972 0.0129102 0.00562452 0.0190168 -0.0098559 0.00817724 0.00617339 0.0128272 0.00576325 -0.0131914 -0.00308175 -0.00676866 -0.00720969 -0.0133473 -0.0139853 -0.00784503 -0.0175221 -0.0157092
internal_weight=232.261 110.119 122.141 95.4911 50.5055 39.1188 59.6139 31.38 60.0452 34.7705 20.7835 35.4459 50.04 24.5792 25.4608 13.987 15.8069 17.8584 22.1622 15.3274 13.5216 13.2837 11.5352 13.2011 25.2747 26.6501 17.2089 17.5757 11.3867
internal_count=839 395 444 346 183 141 212 114 219 126 75 127 177 87 90 51 56 64 79 55 50 48 42 47 93 98 63 65 42
is_linear=0
shrinkage=0.03


Tree=11
num_leaves=29
num_cat=0
split_feature=14 13 36 21 27 27 0 20 11 13 19 27 41 7 41 23 23 36 40 19 31 36 21 2 28 14 19 41
split_gain=25.3144 5.46276 5.23315 6.71339 5.15075 2.96922 3.37867 4.58714 2.87008 4.28678 6.74934 2.77077 5.33967 2.51676 2.26121 2.16411 3.05114 3.89274 2.01623 1.90084 1.7696 2.39803 1.40711 1.28217 0.977233 0.838438 0.88344 0.713048
threshold=-0.035014890250832743 -1.0558031353348032 -0.44616448353075139 -0.76606242959772775 1.6779667063071677 -0.61029475598567862 -0.78492864271769958 1.1295261726590102 0.88388164384552159 -0.40015564187820041 -0.72630050238615163 -0.81831852528502835 62.000000000000007 -0.68207342466095178 139.50000000000003 -1.0682846851233896 0.11384516296224066 -0.60904249124519705 204.00000000000003 1.0000000180025095e-35 -0.22717761855496557 -0.83707170204542158 -0.76606242959772775 0.089467858066077474 -0.3953379137559766 0.40515310004675981 -1.0000000180025095e-35 338.00000000000006
decision_type=2 2 2 2 2 2 2 2 2 2 2 2 2 2 2 2 2 2 2 2 2 2 2 2 2 2 2 2
left_child=4 13 25 -4 5 23 20 15 9 11 -11 -5 -13 -2 -12 -8 17 -17 -18 -19 21 -7 -21 -1 -14 26 -3 -15
right_child=1 2 3 8 -6 6 7 -9 -10 10 14 12 24 27 -16 16 18 19 -20 22 -22 -23 -24 -25 -26 -27 -28 -29
leaf_value=0.0046546800798385321 -0.0019891105612212805 -0.026736270742528316 -0.01920665540759358 -0.017034219609348363 0.023518039574861201 0.0063880355066312311 -0.012563414925095722 0.016970192833511154 0.018212590485712186 0.030323179349094093 0.0086762862042548596 0.014987251167745271 -0.0013942282695399832 -0.025301620157687634 -0.012251699870310906 -0.0071508530255393029 -0.017319734678241012 0 0.00022732478636658184 0.026332394011535462 0.00036405689998226501 0.026914100505835373 0.007393651634792265 0.020539482819739028 -0.017148748537489551 -0.0056979706731934976 -0.0088728538246283725 -0.011734410901188885
leaf_weight=9.2607024013996142 8.4479969739913923 9.5229828953743016 13.906863331794737 11.754186391830439 16.733672261238098 13.716862767934797 12.900091499090193 11.852229714393614 7.7497589886188498 7.7882141172885921 7.7375117242336255 10.704109907150274 7.3527285754680589 21.840306967496872 7.7036943435668945 13.279876023530955 9.9640053212642687 7.747988283634192 10.701074779033659 7.4176242947578421 9.6442870497703534 9.6619271039962786 10.719017267227175 15.616607576608656 8.452223479747774 7.7001078426837912 7.6935481131076822 11.66886720061302
leaf_count=25 23 26 38 32 45 37 35 32 21 21 21 29 20 60 21 36 27 21 29 20 26 26 29 42 23 21 21 32
internal_value=0 -0.00880308 -0.00502899 -0.00123211 0.00828841 0.00623173 0.00406032 0.000742649 0.00262384 0.000177084 0.0100704 -0.0058315 -3.74314e-06 -0.0178765 -0.00157094 -0.00211049 0.000297623 0.00526339 -0.00856211 0.0118943 0.0119826 0.0162234 0.0168647 0.0154547 -0.0109224 -0.016683 -0.0204251 -0.0214537
internal_weight=309.239 150.023 108.066 83.1493 159.216 142.482 117.605 84.5819 69.2424 61.4927 23.2294 38.2632 26.5091 41.9572 15.4412 72.7297 59.8296 39.1645 20.6651 25.8846 33.0231 23.3788 18.1366 24.8773 15.805 24.9166 17.2165 33.5092
internal_count=839 409 294 226 430 385 318 229 188 167 63 104 72 115 42 197 162 106 56 70 89 63 49 67 43 68 47 92
is_linear=0
shrinkage=0.03


Tree=12
num_leaves=27
num_cat=0
split_feature=0 14 22 40 1 1 31 17 40 16 21 36 24 11 17 29 29 2 1 32 32 28 34 39 33 34
split_gain=22.3386 7.1072 6.1759 3.3889 4.15282 3.29148 4.97383 5.51272 3.26734 3.93449 3.00243 3.78809 2.39594 2.14828 3.53149 2.08643 3.00038 2.37233 2.20697 1.8774 1.86485 5.46743 1.8302 1.39288 0.772006 0.514567
threshold=0.30117160139005078 -0.89241746563516255 -0.18269996802061464 682.50000000000011 -0.25213426927955612 -0.77605233728634626 0.61707247545242871 -1.1388964219862923 62.000000000000007 0.54273592874789778 -0.76606242959772775 0.33564995349858967 -1.2301063979808953 1.3004588751196688 0.41692571865929684 1.3743460317712188 0.24146732014529579 0.4150701263193522 0.06221657152451792 -1.1329089890298338 -0.41778272469887062 0.41136296092890695 1.0000000180025095e-35 1.0000000180025095e-35 -0.98644992162042044 -1.3249896233359182
decision_type=2 2 2 2 2 2 2 2 2 2 2 2 2 2 2 2 2 2 2 2 2 2 2 2 2 2
left_child=1 20 8 5 -5 6 7 -3 24 -10 11 23 19 14 -4 16 17 18 -14 -12 25 -22 -9 -7 -2 -1
right_child=2 3 13 4 -6 10 -8 22 9 -11 12 -13 15 -15 -16 -17 -18 -19 -20 -21 21 -23 -24 -25 -26 -27
leaf_value=-0.010148962738578257 0.014248557588754309 -0.0082425995639010975 0.011498863130845175 -0.0018135932389746528 0.026225514492135706 0.0019212653923079579 -0.015626748312842356 0.02777973469862478 0.022137132739353572 -0.0046300260255096211 -0.0076544326654291884 0.017141543614813928 -0.0081964252989630022 0.015503710986850954 -0.011047873006105467 0.0032515630598624868 -0.021572146960757647 -0.020543653281465776 0.0076867707735459962 0.012810897170653087 0.0060980029339514283 -0.020854317097836965 0.0056906098938400169 -0.013810685699008993 0.03462005727858667 -0.025336858496869678
leaf_weight=7.6050659120082882 6.7644703984260586 7.8816390633583131 9.6021053791046178 10.104724287986757 6.6628273725509635 9.3637911677360588 6.7202828526496878 10.048637747764589 9.4977261424064654 7.6346537768840781 6.4276110231876373 8.9170384705066663 22.303404033184052 8.4808580279350263 12.698439508676529 7.0798372328281394 21.693073838949203 7.9901379048824301 10.067357718944548 6.510188549757002 11.541444003582003 12.595725476741789 7.2334518432617179 7.6917653381824485 15.111781090497969 14.90638819336891
leaf_count=24 20 24 29 31 20 29 21 30 28 23 20 27 69 25 39 22 68 25 31 20 36 40 22 24 44 48
internal_value=0 -0.00502778 0.0144699 -0.00186723 0.0102383 -0.00345346 0.00475471 0.0109957 0.022218 0.0104745 -0.00596241 0.00263869 -0.00875464 0.00388891 -0.000974808 -0.0109519 -0.0127053 -0.00719405 -0.00295793 0.00248905 -0.0151307 -0.00812999 0.0200466 -0.00539312 0.0298961 -0.0214103
internal_weight=273.134 203.344 69.79 156.696 16.7676 139.928 31.884 25.1637 39.0086 17.1324 108.044 25.9726 82.0716 30.7814 22.3005 69.1338 62.054 40.3609 32.3708 12.9378 46.6486 24.1372 17.2821 17.0556 21.8763 22.5115
internal_count=839 631 208 483 51 432 97 76 115 51 335 80 255 93 68 215 193 125 100 40 148 76 52 53 64 72
is_linear=0
shrinkage=0.03


Tree=13
num_leaves=30
num_cat=0
split_feature=16 38 12 23 13 36 4 35 19 40 12 36 19 23 28 19 40 34 31 36 26 31 39 31 1 10 2 31 21
split_gain=4.36918 3.93636 3.84889 3.74988 5.64399 3.33159 3.02701 2.88424 5.88481 2.64427 2.69778 2.47938 2.32297 2.21728 2.93548 2.17061 1.89537 1.5409 2.57282 1.50087 1.41531 1.21283 1.13345 1.3875 1.57079 1.04867 3.38409 0.855586 0.704451
threshold=1.0000000180025095e-35 0.77674870189931811 -0.53344440133925952 0.82312307181361921 -0.56849301183502143 -0.70676929587386461 1.0000000180025095e-35 0.073317592085411928 -0.40298647055063891 132.50000000000003 -0.093988090748489281 0.33564995349858967 0.24364159312038683 -1.0682846851233896 0.65688061844169787 -0.40298647055063891 215.50000000000003 0.13548805507913048 -0.86036518906051096 0.72655717201326031 1.0000000180025095e-35 0.19494742844873139 1.0428089941785441 -1.0000000180025095e-35 -0.63634085248453554 0.44589258406304594 -0.36637531748850677 0.40600995195058015 -1.0000000180025095e-35
decision_type=2 2 2 2 2 2 2 2 2 2 2 2 2 2 2 2 2 2 2 2 2 2 2 2 2 2 2 2 2
left_child=3 2 11 5 15 9 7 8 20 10 -1 17 -6 -7 22 -5 -9 18 -2 -13 -4 28 23 -15 -25 26 -3 -26 -8
right_child=1 25 6 4 12 13 21 16 -10 -11 -12 19 -14 14 -16 -17 -18 -19 -20 -21 -22 -23 -24 24 27 -27 -28 -29 -30
leaf_value=-0.0058621737918682013 0.019430319999466154 0.0077685286447913377 -0.015787070508506917 -0.01229209058130286 0.037574332379646178 0.011269251285658062 -0.022239101294239155 5.4074728881501546e-06 0.023184995540851783 0.024286160821627555 0.01596776347060111 -0.012629394081859079 0.0087592078896408486 -0.016881841330211596 0.0081383737599807163 0.010575548115083724 -0.020280674588682844 0.023313131941905024 -0.0034625740709526114 0.0054583748903080532 0.0028527368766339592 -0.0018357170876360728 0.0025311382313330261 -0.015936616031467069 0.0083407161997334431 -0.0218579464999606 -0.017374552842622574 -0.0047109464915304176 -0.0063514236569200229
leaf_weight=10.859109908342365 5.7171361446380606 6.4588495790958449 5.7060502469539625 6.0122394859790802 6.9268552958965284 7.3021887242794028 10.597235262393955 7.7185286879539472 9.3805604875087756 6.8038963079452506 7.0325108766555795 6.2448580265045148 6.2172384858131409 15.763817369937891 10.67716273665428 5.8658604919910449 6.2020901441574097 6.931015580892562 9.6407580673694628 7.0289600789546967 5.7947058081626892 7.6923448741435996 5.848195254802703 5.7481010556220964 6.3616017401218512 9.3270086348056775 10.656967520713806 8.8644308149814588 6.8044390976428994
leaf_count=39 20 23 21 22 24 26 40 28 33 24 25 23 22 57 38 21 23 24 35 25 21 28 21 21 23 35 40 32 25
internal_value=0 -0.00389453 -0.000913187 0.00429346 0.0141688 0.00113126 -0.00556212 8.70329e-05 0.00711813 0.0101339 0.00298035 0.00666304 0.0266476 -0.0025991 -0.00486655 -0.000631115 -0.00973721 0.0125356 0.00567423 -0.00306343 -0.00668827 -0.0131853 -0.0084292 -0.0103617 -0.00439461 -0.0138157 -0.00770277 0.000642418 -0.0173411
internal_weight=232.185 121.902 95.4587 110.283 25.0222 85.261 59.896 34.8019 20.8813 24.6955 17.8916 35.5627 13.1441 60.5655 53.2633 11.8781 13.9206 22.2889 15.3579 13.2738 11.5008 25.094 42.5861 36.738 20.9741 26.4428 17.1158 15.226 17.4017
internal_count=839 444 346 395 89 306 219 126 75 88 64 127 46 218 192 43 51 79 55 48 42 93 154 133 76 98 63 55 65
is_linear=0
shrinkage=0.03


Tree=14
num_leaves=31
num_cat=0
split_feature=14 13 36 21 27 16 11 13 19 27 40 4 1 42 28 13 35 10 36 14 40 31 2 24 21 16 16 29 16 3
split_gain=24.0408 5.14832 5.05404 6.45129 4.87775 3.22356 2.73541 4.11673 6.4859 2.66512 4.20212 2.54809 2.43311 2.3671 2.16292 3.53573 2.1318 2.03149 1.44192 4.09722 4.59773 2.68388 1.59321 1.02584 0.612655 0.554384 0.445407 0.809442 0.357578 0.339738
threshold=-0.035014890250832743 -1.0558031353348032 -0.44616448353075139 -0.76606242959772775 1.6779667063071677 -1.0489521955264494 0.88388164384552159 -0.40015564187820041 -0.72630050238615163 -0.81831852528502835 30.000000000000004 -0.78855600553163685 -0.63634085248453554 1.0000000180025095e-35 -0.3953379137559766 0.39503617324841117 0.45358110769471888 0.18245487579305866 -0.60904249124519705 -0.88448007251267791 101.50000000000001 1.0000000180025095e-35 1.3145463923690235 -0.41233297348625442 1.0000000180025095e-35 1.0000000180025095e-35 -0.78367084148072486 0.46804306247048055 1.0000000180025095e-35 -0.53855959232788175
decision_type=2 2 2 2 2 2 2 2 2 2 2 2 2 2 2 2 2 2 2 2 2 2 2 2 2 2 2 2 2 2
left_child=4 12 23 -4 5 14 7 9 -9 -5 25 -7 -2 16 -1 -16 17 -13 19 22 -21 -20 -15 -3 -10 -11 -14 -28 -6 -23
right_child=1 2 3 6 28 11 -8 8 24 10 -12 13 26 18 15 -17 -18 -19 21 20 -22 29 -24 -25 -26 -27 27 -29 -30 -31
leaf_value=0.0096809313430563041 -0.0018191344481107269 -0.007602213190251869 -0.018852673312781992 -0.016717222781423222 0.012867584769437538 -0.0037346438772235552 0.017776160990765816 0.029690024325926104 -0.0069311930960664408 -0.0026798597558115116 0.014364609318306264 -0.0007692966772220144 -0.028575489207662456 0.027060553712751432 -0.020706994267323576 0.002522031335671577 -0.0072114997003559934 0.017706174309634629 0.024634944073363103 0.0098288374927325943 -0.017036189768372456 0.0010152119630268267 0.0057180815791394281 -0.022250172823639346 0.0038581420792596203 -0.014698965180596575 -0.022075037197218254 -0.0081741769463413855 0.029081266316153324 0.010612846743787142
leaf_weight=7.4089752733707455 8.4344532787799817 11.713388860225679 13.854458659887312 11.717621445655817 8.5532149970531481 12.559427201747893 7.7711257338523856 7.8122800588607815 8.0739103555679304 9.5539853572845548 9.6119305789470655 9.6098713874816948 10.089269697666166 8.1861732900142616 8.8201135694980639 12.2116162776947 11.080034226179121 8.8851280212402326 19.33326256275177 12.59442406892777 8.1245268583297712 7.7974009215831783 7.4350548088550559 13.13183546066284 7.3607624173164359 7.3337317407131186 10.886895626783373 12.34193044900894 8.2203340232372266 8.5165638327598554
leaf_count=20 23 32 38 32 23 34 21 21 22 26 26 26 28 22 24 33 30 24 52 34 22 21 20 36 20 20 30 34 22 23
internal_value=0 -0.00859206 -0.00492697 -0.00119602 0.00807043 0.00606664 0.00257723 0.000182581 0.0098723 -0.0057107 0 0.00831025 -0.0174285 0.00989064 -0.00270101 -0.00768327 0.00233671 0.00846882 0.0128014 0.00776347 -0.000874635 0.0172548 0.0186438 -0.0163981 -0.0015455 -0.00899893 -0.0209591 -0.0158757 0.0228768 0.00683414
internal_weight=309.024 149.688 107.935 83.0898 159.336 142.563 69.2353 61.4642 23.247 38.2173 26.4996 114.122 41.7525 101.562 28.4407 21.0317 29.575 18.495 71.9874 36.3402 20.719 35.6472 15.6212 24.8452 15.4347 16.8877 33.3181 23.2288 16.7735 16.314
internal_count=839 409 294 226 430 385 188 167 63 104 72 308 115 274 77 57 80 50 194 98 56 96 42 68 42 46 92 64 45 44
is_linear=0
shrinkage=0.03


Tree=15
num_leaves=28
num_cat=0
split_feature=13 13 19 5 2 31 40 28 17 28 40 4 30 32 12 31 31 32 31 32 30 24 33 16 30 36 24
split_gain=21.1191 6.28981 4.54941 3.39712 5.04429 4.44996 2.7694 2.92248 3.76031 4.43209 3.59238 2.87267 2.5265 3.26315 2.3924 2.36539 3.44137 1.95504 3.63539 1.75452 1.64453 1.30068 1.05852 1.04006 1.69191 0.415539 0.243547
threshold=-0.56849301183502143 0.82232015790266411 0.89026965679141268 -0.95467760560357739 -0.86291877657475058 0.61707247545242871 682.50000000000011 0.084006084245186061 0.41692571865929684 -0.57070766912225557 62.000000000000007 1.0000000180025095e-35 0.29806722586185858 -0.41778272469887062 0.24887318355069774 1.0000000180025095e-35 0.82813499895427711 -0.6561581461425251 0.19494742844873139 -0.23900115861612994 -0.13629311301213345 0.20099709488472625 0.65642565055832014 0.54273592874789778 0.29806722586185858 0.16762842975105574 0.20099709488472625
decision_type=2 2 2 2 2 2 2 2 2 2 2 2 2 2 2 2 2 2 2 2 2 2 2 2 2 2 2
left_child=2 6 3 26 -5 25 7 8 9 -2 17 -8 13 -3 20 23 21 -10 -19 -11 -12 -17 -14 24 -9 -6 -1
right_child=1 12 -4 4 5 -7 11 15 10 19 14 -13 22 -15 -16 16 -18 18 -20 -21 -22 -23 -24 -25 -26 -27 -28
leaf_value=0.014553808834024986 -0.022233604712372537 -0.017116983421041367 -0.0084509190316801944 -0.0098638569945745797 0.02973852428585139 0 -0.0010672344744815231 -0.016842617718568265 0.0088770872574172408 0.011246092380669336 0.02957117942321609 0.022340079165696764 -0.02256487848227947 0.0061919401560822452 0 -0.0010712382401527325 -0.014247912304592084 -0.017830287747594341 0.0069396428486022373 -0.0079501617715201905 0.0071988458642233384 0.014880881497630439 -0.008503834867643726 -0.021046342541543046 0.0010151088235831058 0.012725304020953888 0.026716113775353503
leaf_weight=12.615591555833818 10.503385961055757 8.112587898969652 6.5579621195793143 8.5768157541751844 9.1176528036594444 11.909107297658919 9.7862434387207049 7.4141781032085481 8.1202172338962573 7.5292330384254456 7.245392382144928 6.6792001426219931 22.898607611656189 10.622695446014403 8.1234975755214673 7.7430847883224505 9.9585021138191205 10.925550162792208 7.8056963980197898 6.4717193245887739 7.7695906162261981 7.4843340218067169 11.364109367132185 12.199897795915602 8.6947520673274976 7.7547159492969504 18.917667806148529
leaf_count=37 33 26 20 26 27 36 30 23 25 23 22 20 74 33 25 24 31 34 24 20 24 23 36 38 27 23 55
internal_value=0 -0.0051562 0.0133517 0.0156483 0.00871347 0.014662 -0.00181165 -0.00336011 0.000427549 -0.00879513 0.00518941 0.00916643 -0.0138615 -0.00412525 0.0135064 -0.00861152 -0.00147892 -0.00210125 -0.00746236 0.00207517 0.0200631 0.00704193 -0.0186212 -0.0143623 -0.00759781 0.023923 0.0229138
internal_weight=272.902 197.452 75.4495 68.8916 37.3583 28.7815 144.454 127.989 74.4943 24.5043 49.9899 16.4654 52.998 18.7353 23.1385 53.4947 25.1859 26.8515 18.7312 14.001 15.015 15.2274 34.2627 28.3088 16.1089 16.8724 31.5333
internal_count=839 615 224 204 112 86 446 396 230 76 154 50 169 59 71 166 78 83 58 43 46 47 110 88 50 50 92
is_linear=0
shrinkage=0.03


Tree=16
num_leaves=31
num_cat=0
split_feature=31 12 36 20 30 22 22 5 15 32 13 36 34 36 12 37 36 12 39 36 25 28 23 3 39 12 28 40 24 30
split_gain=3.56002 9.2075 3.18766 4.87797 4.25376 3.50496 3.38327 3.26313 3.14419 3.07819 2.94401 2.10347 2.39679 2.0762 2.007 2.01776 4.9317 2.82753 1.97122 1.94574 4.09389 1.75058 1.62028 1.21937 1.02121 1.01309 0.924194 0.755061 0.582498 0.24835
threshold=0.82813499895427711 0.20673023690609546 -0.60904249124519705 1.1295261726590102 -0.059641288504958458 -0.38640132771403057 1.0000000180025095e-35 0.072768503279226474 0.23834954643525871 1.0000000180025095e-35 -1.005695505633972 0.33564995349858967 -1.0000000180025095e-35 1.3222253145118061 0.33138447170310553 1.0000000180025095e-35 -0.22899380657815663 -0.45289451099710726 -1.0000000180025095e-35 0.55902550693554431 -1.1674329763203184 1.0000000180025095e-35 1.0000000180025095e-35 -0.66096649974507848 -0.72024742116815299 -0.62494553062700431 0.41136296092890695 207.00000000000003 0.59528071026607121 0.43859557079167955
decision_type=2 2 2 2 2 2 2 2 2 2 2 2 2 2 2 2 2 2 2 2 2 2 2 2 2 2 2 2 2 2
left_child=2 19 3 4 7 11 9 18 25 -7 -8 12 27 -3 15 17 -17 26 -1 -2 -21 -22 -14 -10 -9 -6 -12 -4 29 -16
right_child=1 13 5 -5 8 6 10 24 23 -11 14 -13 22 -15 28 16 -18 -19 -20 20 21 -23 -24 -25 -26 -27 -28 -29 -30 -31
leaf_value=0.018299324107643108 0.028021918345019416 -0.01876018231584824 -0.018837534721378554 -0.015684404309884284 0.012439743192050549 0.024384643783121815 0.014215542825768878 0 0.010712948124504186 -0.0029664854462155932 -0.019364083129265418 -0.019937063951191214 0.013028054598105148 0.00054798155110450492 -0.007988441452849113 -0.010667927290299814 0.019951497364572968 0.0071789832766187044 -0.0030800134873438102 -0.0070394595828207601 0.029979594417271025 0.0064338983958064158 -0.0054703572699832548 0.035902106777191023 -0.016077817116555589 -0.0020766678464963807 -0.0040185969868508148 -0.0026163726189074631 -0.0023812402630229569 -0.020981416273113153
leaf_weight=7.2684503495693207 9.4832243323326129 8.6377085447311419 8.6748477071523649 8.4306355416774732 6.2456112802028656 6.7899535596370679 5.9235949516296378 5.7523433268070212 5.8438465297222137 5.5407770276069641 9.1309110820293444 15.554195761680601 6.1600172519683838 8.6093203425407392 7.5695173442363757 7.130273342132571 8.8978720605373365 7.5031827092170742 5.5604535639286059 6.9820073544979122 5.9681231081485731 7.6501948535442352 7.7848974168300629 5.7271796166896802 8.7668680250644666 7.748136520385744 8.5554327964782697 5.4767813980579385 5.4256818294525138 7.262906402349472
leaf_count=26 33 32 32 31 22 24 21 21 21 20 33 58 22 31 28 26 32 27 20 25 21 27 28 20 32 28 31 20 20 27
internal_value=0 0.00721227 -0.00188829 0.00358893 0.00711775 -0.00466994 -0.000791043 -0.000970466 0.0155661 0.0126719 -0.00356342 -0.0113604 -0.00563983 -0.00952927 -0.00566961 -0.00155081 0.00624059 -0.0068054 0.00926173 0.016997 0.0100928 0.0191002 0.00278431 0.0263289 -0.0104067 0.00459205 -0.0131482 -0.0137956 -0.0130894 -0.0160607
internal_weight=232.055 47.3306 184.724 61.3435 52.9129 123.381 79.7301 27.3481 25.5648 12.3307 67.3994 43.6507 28.0965 17.247 61.4758 41.2177 16.0281 25.1895 12.8289 30.0835 20.6003 13.6183 13.9449 11.571 14.5192 13.9937 17.6863 14.1516 20.2581 14.8324
internal_count=839 169 670 221 190 449 289 99 91 44 245 160 102 63 224 149 58 91 46 106 73 48 50 41 53 50 64 52 75 55
is_linear=0
shrinkage=0.03


Tree=17
num_leaves=30
num_cat=0
split_feature=14 13 35 15 19 14 37 16 12 34 21 22 23 1 31 33 19 15 23 12 15 31 22 33 15 20 19 34 14
split_gain=22.8175 4.89938 4.59795 3.99556 4.69125 4.0762 4.65784 3.00483 3.43981 2.57704 2.66927 4.50706 2.39164 2.34345 2.32308 2.30429 2.26435 2.17178 2.09266 2.57046 1.82938 1.66176 1.58945 1.22224 1.19061 1.06068 0.719707 0.418945 0.332644
threshold=-0.035014890250832743 -1.0558031353348032 1.4676171493195371 -0.13701463837783012 -1.1573858781668354 0.44603665403138432 -0.66944024225741272 1.0000000180025095e-35 -0.55428292635860577 1.0000000180025095e-35 1.0000000180025095e-35 -0.38640132771403057 0.11384516296224066 -0.63634085248453554 0.40600995195058015 1.0000000180025095e-35 0.5265413709764607 0.42603163884180317 -0.75305005896722166 1.5143147279949674 0.42603163884180317 1.0000000180025095e-35 -0.54936241546876363 0.65642565055832014 1.3644421008745253 -1.0000000180025095e-35 1.0000000180025095e-35 1.18247984531953 0.54828812835383722
decision_type=2 2 2 2 2 2 2 2 2 2 2 2 2 2 2 2 2 2 2 2 2 2 2 2 2 2 2 2 2
left_child=2 13 7 5 -5 6 -3 9 15 10 17 -12 -8 -2 -7 -9 22 23 25 -20 -11 -4 -6 -1 27 -10 -17 -15 -24
right_child=1 3 21 4 16 14 12 8 18 20 11 -13 -14 24 -16 26 -18 -19 19 -21 -22 -23 28 -25 -26 -27 -28 -29 -30
leaf_value=0.025950867925062172 -0.0017155379622367025 0.0064889289106863203 0.026834624177548602 0.00643572958031255 -0.0061304955152952246 -0.00041362631051136543 -0.0013267576287146691 0.010526203074147986 -0.0027001020116369109 -0.013593985898370915 0.0080024113904495695 -0.019184716371303041 -0.02439576800029792 -0.027215731605765524 0.017307936995119715 0 -0.00055907086078578515 0 0.024534212583348158 0.0026197283820735937 0.0035272185021445624 0.008394598243631304 -0.025958347611400215 0.0062178130219149872 -0.0066137942234738931 0.011462969874643656 -0.012276271447315072 -0.012314174588424464 -0.011258904354617835
leaf_weight=7.4314764738082904 8.4251866042613965 13.240408271551134 13.093560546636583 10.315797567367552 9.8980055749416298 10.626273334026338 7.3397193551063564 11.104224383831026 7.4163635373115548 13.620538979768755 11.843964219093325 7.733186572790145 10.208916395902632 17.614554226398472 13.620731413364409 7.4037334918975812 8.8264553844928724 9.9790338873863202 21.220338881015781 7.4211028814315787 7.3758373558521262 10.793717831373213 16.376595884561546 7.4141552746295929 7.232578068971633 8.1877513229846919 7.3933029770851135 8.2809400856494886 7.3251825571060172
leaf_count=20 23 36 35 28 27 29 20 30 20 37 32 21 28 49 37 20 24 27 57 20 20 29 45 20 20 22 20 23 20
internal_value=0 -0.00839011 0.00785043 -0.00481385 -0.0106009 0.000759979 -0.00624753 0.00552062 0.00977306 0.000752856 0.00489319 -0.00305317 -0.0159264 -0.0170357 0.00973678 0.000745842 -0.0149582 0.0112046 0.0147287 0.0194681 -0.0074786 0.0197269 -0.0183843 0.0179379 -0.0205156 0.00473426 -0.00651883 -0.0236046 -0.022594
internal_weight=308.764 149.331 159.432 107.778 52.742 55.036 30.789 135.545 70.1468 65.3982 44.4018 19.5772 17.5486 41.5533 24.247 25.9013 42.4262 24.8247 44.2456 28.6414 20.9964 23.8873 33.5998 14.8456 33.1281 15.6041 14.797 25.8955 23.7018
internal_count=839 409 430 294 144 150 84 366 189 177 120 53 48 115 66 70 116 67 119 77 57 64 92 40 92 42 40 72 65
is_linear=0
shrinkage=0.03


Tree=18
num_leaves=29
num_cat=0
split_feature=6 14 22 40 16 28 19 26 40 21 33 12 2 18 12 28 33 32 1 21 29 40 29 40 33 15 16 21
split_gain=20.0572 6.56301 5.58468 3.04732 3.67497 2.98696 4.06426 2.99892 2.72379 2.5988 1.95581 2.99253 1.92162 3.4244 1.6883 2.35926 1.62722 1.59936 2.29973 1.59106 1.54195 1.33053 0.783468 2.0639 0.709982 0.565989 0.292493 0.0411473
threshold=0.49052399079369474 -0.97644675310667495 -0.18269996802061464 62.000000000000007 0.54273592874789778 0.084006084245186061 -0.72630050238615163 -0.80418563670413112 682.50000000000011 -1.1612350901997532 -0.98644992162042044 -0.55938217049980477 -1.0053697689355581 1.0000000180025095e-35 0.40939186321371052 -0.57070766912225557 1.4177582327874922 0.77409438251940188 -0.74112446608589355 1.0000000180025095e-35 -0.43825990683025767 62.000000000000007 -0.26832810008636937 62.000000000000007 -0.98644992162042044 -0.51237882319091888 0.54273592874789778 -0.41479784239592732
decision_type=2 2 2 2 2 2 2 2 2 2 2 2 2 2 2 2 2 2 2 2 2 2 2 2 2 2 2 2
left_child=1 16 3 24 -5 6 7 -3 17 -8 -11 20 -4 -14 15 -13 19 18 -7 27 -12 -9 23 -20 -2 -24 -19 -1
right_child=2 5 12 4 -6 8 9 21 -10 10 11 14 13 -15 -16 -17 -18 26 22 -21 -22 -23 25 -25 -26 -27 -28 -29
leaf_value=-0.023161608655688531 0.013405909416309841 0.0055726663986089432 0.014463144736540319 0.020865101164768151 -0.0048547446161180874 0 -0.0072340161265525811 -0.021535729987510896 0.0089190895295241501 0.020276632851348314 0.0032079203320125155 0.0035197328883636043 0.011199977905488131 -0.01098328526284854 0.0072246821741184389 -0.017653345742779606 -0.00077553418240302425 -0.003824960990298575 0.0013045884309617988 -0.0024996049810874282 0.020722700973795374 -0.0046386609723459531 -0.0078960292204213831 -0.018969860557513284 0.032703310178052628 -0.023345483199713041 0.004215834052740443 -0.010545914695705202
leaf_weight=20.789171189069748 6.8493184149265316 9.0481209456920642 8.6067609190940875 9.6516722142696398 7.6675412952899924 12.168867707252501 10.329826653003691 9.4990930855274218 7.2522226572036734 8.8766482174396497 9.7791146636009234 7.831141352653499 9.6469487845897675 12.671252995729446 10.144956171512602 8.0508737266063779 6.6794587969779959 6.4151326417922956 8.6450892090797371 6.1953833997249594 10.552005738019938 10.309135794639586 6.634802937507625 6.6374106407165518 15.408684164285658 13.285314679145822 6.7957746088504791 6.2514669895172146
leaf_count=68 20 28 25 28 23 37 32 30 22 27 30 24 29 39 31 25 21 20 27 20 32 32 21 21 44 42 21 20
internal_value=0 -0.0048042 0.0136169 0.0209137 0.00968025 -0.00202068 0.00137882 -0.00767124 -0.00676653 0.0055339 0.00815559 0.00514651 0.00355819 -0.00104128 -0.0014397 -0.00746529 -0.0154913 -0.008911 -0.011416 -0.0181148 0.0133723 -0.0139689 -0.0151633 -0.00805186 0.0282389 -0.0193931 0 -0.0211628
internal_weight=272.673 202.171 70.5022 39.5772 17.3192 162.256 94.4209 28.8563 67.8346 65.5646 55.2347 46.3581 30.925 22.3182 26.027 15.882 39.9155 60.5824 47.3715 33.236 20.3311 19.8082 35.2026 15.2825 22.258 19.9201 13.2109 27.0406
internal_count=839 631 208 115 51 502 291 90 211 201 169 142 93 68 80 49 129 189 148 108 62 62 111 48 64 63 41 88
is_linear=0
shrinkage=0.03


Tree=19
num_leaves=30
num_cat=0
split_feature=16 38 12 23 13 4 40 40 4 15 35 22 12 12 34 22 16 40 20 37 41 41 20 10 2 2 21 18 40
split_gain=4.14526 3.82513 3.64165 3.49508 5.21969 3.03046 3.20194 5.07558 2.90796 3.501 4.88475 4.01094 2.82569 2.6351 2.63516 2.35054 1.96108 1.61958 1.57693 1.45806 1.12082 1.96754 1.03763 1.03728 3.19505 0.865537 0.838025 0.675863 0.162175
threshold=1.0000000180025095e-35 0.77674870189931811 -0.53344440133925952 0.82312307181361921 -0.56849301183502143 -0.50987087973507983 715.00000000000011 132.50000000000003 1.0000000180025095e-35 -0.88774300800400774 0.073317592085411928 -0.54936241546876363 0.55617248244536066 -0.51364250108363529 -0.34248645785670367 -0.18269996802061464 0.54273592874789778 284.00000000000006 1.0000000180025095e-35 1.0000000180025095e-35 30.000000000000004 338.00000000000006 1.0000000180025095e-35 0.44589258406304594 -0.36637531748850677 -0.21578426842136747 0.28773133200767376 1.0000000180025095e-35 445.00000000000006
decision_type=2 2 2 2 2 2 2 2 2 2 2 2 2 2 2 2 2 2 2 2 2 2 2 2 2 2 2 2 2
left_child=3 2 16 5 15 12 7 13 9 22 11 -11 27 19 -15 -5 -2 -9 -19 -7 28 -22 -4 24 -3 -6 -10 -1 -18
right_child=1 23 8 4 25 6 -8 17 26 10 -12 -13 -14 14 -16 -17 20 18 -20 -21 21 -23 -24 -25 -26 -27 -28 -29 -30
leaf_value=-0.0051745996694252732 -0.005557855823456922 0.0073458640900539909 -0.015477360826448005 -0.012460093737197711 0.032546037139770098 -0.014853508469905274 -0.013184827711141961 0.028612730053888532 -0.016773890614439096 0 -0.011068804719031249 0.034784985209092879 0.0041778424387687177 0.01732252897136646 -0.0039322038077301983 0.01136680484730423 0.020071721973941092 0.017549286227523084 -0.001121739445926696 0.0021894516042369272 -0.0069647265362135077 0.012971860142164518 -0.00077385814469346326 -0.021672842236301917 -0.017087319355875999 0.010634528799545837 -0.0034128234916768739 -0.021434959199147712 0.0070806422440353248
leaf_weight=6.3027471899986285 7.8140873610973349 6.5269630253315016 8.3533563017845172 6.1854583323001862 7.606031596660614 10.204173177480699 6.4041467010974875 7.7537415921688106 16.422333568334583 5.497987389564515 5.4348881840705863 5.8344578444957742 9.4676949530839902 9.439893901348114 8.5287576764822006 5.6769964694976824 7.5692066848278063 7.3799460232257825 6.171219527721405 5.9072271883487693 6.9579996168613416 7.6546863615512848 9.6344904005527479 9.190183147788046 10.476362690329552 5.7778605222702009 8.3849994838237745 7.681953027844429 5.6915664821863174
leaf_count=23 28 23 31 23 26 37 23 27 62 20 20 20 35 33 31 20 27 26 22 21 25 27 35 35 40 20 31 28 20
internal_value=0 -0.00379566 -0.000860835 0.00418298 0.0136684 0.00111669 0.00464903 0.00710992 -0.00540955 0.000111498 0.00969834 0.0202552 -0.00766939 -4.38099e-05 0.00740018 -0.000612314 0.0064816 0.0180666 0.00938343 -0.00860978 0.0101725 0.00334182 -0.00857563 -0.0136265 -0.00754886 0.025515 -0.012938 -0.0157052 0.0161885
internal_weight=231.931 121.444 95.2501 110.488 25.2463 85.2415 61.7891 55.385 59.5625 34.7552 16.7673 11.3324 23.4524 34.0801 17.9687 11.8625 35.6875 21.3049 13.5512 16.1114 27.8735 14.6127 17.9878 26.1935 17.0033 13.3839 24.8073 13.9847 13.2608
internal_count=839 444 346 395 89 306 220 197 219 126 60 40 86 122 64 43 127 75 48 58 99 52 66 98 63 46 93 51 47
is_linear=0
shrinkage=0.03


Tree=20
num_leaves=30
num_cat=0
split_feature=14 13 36 21 27 16 30 41 22 22 21 29 4 12 41 13 34 36 29 13 35 14 24 28 25 16 2 12 12
split_gain=21.618 4.64365 4.79032 6.14114 4.53233 2.97653 2.94718 2.66475 4.76499 4.3244 3.31587 2.64744 2.37985 4.79478 2.30555 1.83937 1.48253 2.90104 3.13559 2.21885 1.74514 1.8256 0.975965 0.897462 0.512223 0.340036 0.250047 0.0646486 0.566229
threshold=-0.035014890250832743 -1.0558031353348032 -0.44616448353075139 -0.76606242959772775 1.6779667063071677 -1.0489521955264494 -0.059641288504958458 284.00000000000006 -0.18269996802061464 1.0000000180025095e-35 -1.0000000180025095e-35 0.92119454712084958 -0.78855600553163685 -0.76432914521523532 530.50000000000011 0.39503617324841117 0.4541377303696868 -0.83707170204542158 -0.66483564915544202 0.90183211050072221 0.45358110769471888 -0.88448007251267791 -0.41233297348625442 0.41136296092890695 -0.81297835612752734 1.0000000180025095e-35 -0.53731650832147604 -0.54391994632971097 0.29402567199995921
decision_type=2 2 2 2 2 2 2 2 2 2 2 2 2 2 2 2 2 2 2 2 2 2 2 2 2 2 2 2 2
left_child=4 14 22 -4 5 6 -1 9 -9 10 -5 -12 -7 -14 24 -8 17 18 -15 -20 27 -22 -3 -18 -2 -6 -11 -19 -29
right_child=1 2 3 7 25 12 15 8 -10 26 11 -13 13 16 -16 -17 23 20 19 -21 21 -23 -24 -25 -26 -27 -28 28 -30
leaf_value=0.0098865768581445131 -0.012084625905143056 -0.0073204431594745024 -0.01835934791135066 -0.015437469008072401 0.012234561586027582 -0.0037716459118995551 -0.019081672928269629 0.0064212348111748526 -0.019432144889050283 0.023912185094212619 0.013398614933961606 -0.0061307893479766113 -0.0072925073750738185 -0.0079916896175373318 -0.0029055896166703061 -0.00046645566002189923 -0.0038577371435599079 0.012829129422113183 0.0022788578658009284 0.022081453369483452 0.017469243326254134 -0.00025522838930125245 -0.021638085818925044 0.0092961688776380304 -0.024620273202863228 0.027872620474299274 0.010030956086075123 0.033512399778758313 0.015438386952920607
leaf_weight=9.2689377367496508 12.546549052000048 11.678073197603227 13.770257353782652 7.6884778738021842 8.5709863901138323 12.559344112873076 8.0425833463668841 12.513705700635912 10.227603584527968 7.7839117348194113 14.041284143924718 8.8018490076065046 12.182978063821791 8.9232752323150653 10.104092717170714 11.109007894992827 7.7782185375690442 7.4112172722816423 12.219297707080836 8.9415012300014478 9.7045905590057391 8.5123915374279004 13.0285786986351 7.4218022227287292 18.687152922153473 8.2390795946121198 8.1045100986957532 8.9453920423984687 9.6838373839855176
leaf_count=25 35 32 38 21 23 34 22 34 28 21 38 24 33 24 28 30 21 20 33 24 26 23 36 20 52 22 22 24 26
internal_value=0 -0.00818741 -0.00470533 -0.00107414 0.00762816 0.0056973 -0.00272395 0.00259916 -0.00544142 0.0067105 0 0.00571304 0.00785151 0.00937863 -0.016632 -0.0093925 0.0117956 0.013538 0.00565248 0.011819 0.0184061 0.00949335 -0.0159059 0.00246381 -0.0205525 0.0218824 0.0186527 0.0235666 0.0262658
internal_weight=308.49 148.976 107.638 82.9316 159.514 142.704 28.4205 69.1613 22.7413 46.42 30.5316 22.8431 114.284 101.725 41.3378 19.1516 89.5415 74.3415 30.0841 21.1608 44.2574 18.217 24.7067 15.2 31.2337 16.8101 15.8884 26.0404 18.6292
internal_count=839 409 294 226 430 385 77 188 62 126 83 62 308 274 115 52 241 200 81 57 119 49 68 41 87 45 43 70 50
is_linear=0
shrinkage=0.03


Tree=21
num_leaves=30
num_cat=0
split_feature=13 14 19 28 19 21 26 5 14 24 34 21 31 32 28 28 15 22 22 38 19 22 28 36 2 29 14 13 1
split_gain=18.9693 6.04269 4.2089 3.30409 3.62135 3.22281 3.02724 2.91788 5.35639 4.28836 1.91646 1.88927 1.80154 3.08024 2.92737 2.81204 2.53177 1.79017 2.14529 1.88535 2.6386 1.57037 1.02049 1.00961 0.964661 0.351262 0.327976 0.809352 0.162019
threshold=-0.56849301183502143 -0.97644675310667495 0.89026965679141268 0.084006084245186061 -0.72630050238615163 -1.1612350901997532 -1.0417392848670628 -0.95467760560357739 0.82653040449437654 0.20099709488472625 -1.4577603213736499 -0.41479784239592732 0.19494742844873139 -0.6561581461425251 -0.3953379137559766 -0.57070766912225557 -0.7000609155974632 1.1617290059559324 1.4061706375880318 0.77674870189931811 -0.40298647055063891 -0.79380404710086283 0.41136296092890695 -0.44616448353075139 -0.87105883328108247 1.3743460317712188 1.7081477234786913 -1.3099931718283766 -0.35691788288091414
decision_type=2 2 2 2 2 2 2 2 2 2 2 2 2 2 2 2 2 2 2 2 2 2 2 2 2 2 2 2 2
left_child=2 10 7 4 6 -6 -3 25 9 -9 -2 -12 13 14 -7 -15 -14 19 -19 20 -5 -8 -13 -22 -10 26 27 -1 -25
right_child=1 3 -4 17 5 12 21 8 24 -11 11 22 16 15 -16 -17 -18 18 -20 -21 23 -23 -24 28 -26 -27 -28 -29 -30
leaf_value=0.0057053533816956159 0 0.0079727284821316576 -0.0083896765802765078 0 -0.0090763361966565478 -0.00045585571177120081 -0.01896950555643611 0.029395964155598718 -0.012531248893002403 0.0029689641888258973 -0.024028786202953806 0 0.00029674008376394601 0.0079395329540604669 0.024749411706914169 -0.012224721645965756 0.024011830212203902 0.013412985799184738 -0.0083513278905044605 0.0018635669096477546 -0.0074033674995291534 -0.00012078979897246233 -0.014904066268903487 -0.011522860497485811 0.0012594798741242621 0.010672137753621781 0.030588739565755717 0.023003659294369122 -0.024886418635930913
leaf_weight=6.9011755883693686 6.2937583625316611 6.7741613686084774 6.542908400297164 12.533416777849192 9.9657780230045301 6.4742946922779083 12.900938451290134 11.035765409469606 6.6118624806404105 11.561049997806547 19.29851171374321 7.2164803743362409 6.8457514643669155 9.8735673725604993 7.9710112512111646 11.982767105102541 10.912139803171156 6.4367611706256849 6.7073419988155365 9.3592497706413251 11.859256833791731 6.4213091135024998 6.7344491183757782 8.0865081846714002 8.3427893519401533 7.9969030022621146 10.188836842775343 6.9511170089244869 11.644368439912805
leaf_count=20 20 21 20 39 31 20 41 32 20 35 64 23 21 30 24 37 33 20 21 29 37 20 22 25 25 23 29 20 37
internal_value=0 -0.00493008 0.0125693 -0.00217943 0.00151191 0.00538253 -0.00754329 0.0147597 0.00829735 0.0171508 -0.0152093 -0.0179682 0.00832907 0.00397455 0.0140961 -0.00293378 0.0159163 -0.00718389 0.00217927 -0.00959081 -0.0121334 -0.0134537 -0.00767727 -0.0165754 -0.00505966 0.0214454 0.0239569 0.016176 -0.0208932
internal_weight=272.424 196.292 76.1324 156.749 90.1217 64.0253 26.0964 69.5895 37.5515 22.5968 39.5432 33.2494 54.0595 36.3016 14.4453 21.8563 17.7579 66.6269 13.1441 53.4828 44.1236 19.3222 13.9509 31.5901 14.9547 32.038 24.0411 13.8523 19.7309
internal_count=839 615 224 486 278 196 82 204 112 67 129 109 165 111 44 67 54 208 41 167 138 61 45 99 45 92 69 40 62
is_linear=0
shrinkage=0.03


Tree=22
num_leaves=29
num_cat=0
split_feature=38 12 15 12 22 25 31 22 10 33 15 36 28 25 4 41 23 25 2 36 22 19 1 23 19 28 24 12
split_gain=3.99877 5.34003 3.57574 3.13443 3.43414 3.2017 3.12465 3.12406 3.80189 3.95379 5.29044 4.5519 3.49705 3.56216 3.46119 3.30459 2.70244 2.50072 2.18561 1.99578 1.76351 2.22358 1.53575 0.627318 0.536846 0.475157 0.31992 0.114932
threshold=0.77674870189931811 -0.76698264796906213 1.3644421008745253 0.52030315226558843 0.30618329524358429 -1.5218875965131093 0.82813499895427711 -0.79380404710086283 -1.2221255997463587 1.0000000180025095e-35 0.42603163884180317 0.92967562869245157 1.0000000180025095e-35 0.16177184940264791 1.0000000180025095e-35 30.000000000000004 -0.75305005896722166 1.0000000180025095e-35 -0.48440613973031882 0.81342544279429807 -1.2826873103650616 -1.3729285660571773 0.83062973793447614 0.11384516296224066 -0.40298647055063891 0.41136296092890695 0.20099709488472625 -0.48934531561310934
decision_type=2 2 2 2 2 2 2 2 2 2 2 2 2 2 2 2 2 2 2 2 2 2 2 2 2 2 2 2
left_child=1 17 6 5 16 -3 22 20 -9 11 12 14 -11 -14 18 -12 -5 -1 -10 24 21 -7 25 -6 -18 -2 -22 -16
right_child=2 3 -4 4 23 7 -8 8 9 10 15 -13 13 -15 27 -17 19 -19 -20 -21 26 -23 -24 -25 -26 -27 -28 -29
leaf_value=0.030140192541462663 -0.019356683493231726 0.021974380129468878 0.0098633772784436306 0.016652690722881572 -0.021851363974141055 0.010412637335621051 0.0048943219724823144 -0.011977024949832429 0.013329557211843876 -0.010573833859835425 0.010994295183879043 0.018812394920806066 0.024775418544014976 -0.0021467643068914413 -0.0076525033429591677 0.040082815264656312 -0.016799465926063566 0.0040932905717874684 -0.0044080119128040631 0.0078448988945921221 -0.0063959478451271453 -0.0118688092602616 0 -0.0062952464889464458 -0.0022432411075633627 -0.0063437444129812942 -0.020085467571686489 -0.020663983101391885
leaf_weight=6.9584645032882673 22.973377451300625 5.95596919953823 7.6814850717782965 5.5350559949874905 9.3057081550359744 7.5207604467868805 8.1234397590160352 10.051016375422476 8.2798378169536537 8.8852896988391894 10.569950863718988 7.7603493034839621 7.2513594031333906 7.7575819790363312 5.7453713864088058 6.6082634925842276 6.6448180824518239 7.370874434709549 15.394474685192113 5.5792116522788993 6.8084448873996717 5.7646611928939837 5.7302827537059775 6.7819229364395133 5.4003064632415754 6.6840093135833731 5.9334386587142944 6.7312822937965375
leaf_count=24 86 21 28 20 35 27 29 37 29 32 38 27 25 28 21 23 25 26 55 20 25 21 21 25 20 24 22 25
internal_value=0 0.00211719 -0.00726699 0.000490439 -0.00672136 0.00281792 -0.0106524 0.00156911 0.00413376 0.00628324 0.0127978 0 0.00295864 0.0115661 -0.00466512 0.0248259 0.000583172 0.0187785 0.00198178 -0.00506015 -0.0072923 0.000115454 -0.0144378 -0.0167309 -0.0116874 -0.0170631 -0.014636 -0.0165659
internal_weight=231.787 180.594 51.1926 166.265 39.247 127.018 43.5111 121.062 95.0348 84.9838 41.0724 43.9113 23.8942 15.0089 36.151 17.1782 23.1594 14.3293 23.6743 17.6243 26.0273 13.2854 35.3877 16.0876 12.0451 29.6574 12.7419 12.4767
internal_count=839 651 188 601 145 456 160 435 340 303 146 157 85 53 130 61 85 50 84 65 95 48 131 60 45 110 47 46
is_linear=0
shrinkage=0.03


Tree=23
num_leaves=30
num_cat=0
split_feature=14 13 27 2 16 31 22 9 32 29 40 16 1 4 42 35 10 19 19 5 34 16 29 33 5 3 14 16 14
split_gain=20.5271 4.41486 4.31177 3.74481 2.8525 2.75728 5.1873 5.17674 4.72927 4.60068 2.66277 2.65064 2.27978 2.25545 2.16358 1.98416 1.90345 1.69984 1.13754 1.8628 1.08068 0.523571 0.891168 0.506789 0.41686 2.24759 0.938364 0.319323 0.240874
threshold=-0.035014890250832743 -1.0558031353348032 1.6779667063071677 -0.84663866316208691 -1.0489521955264494 -0.438240142056814 -0.42714159965271398 -0.41791278732134923 -0.23900115861612994 -1.0000000180025095e-35 30.000000000000004 0.54273592874789778 -0.63634085248453554 -0.78855600553163685 1.0000000180025095e-35 0.45358110769471888 0.18245487579305866 0.5265413709764607 1.2135836886269258 1.0000000180025095e-35 -0.42214887667934259 -0.78367084148072486 0.46804306247048055 -0.74602910617962903 0.87546077584391691 -0.57936189480028066 -0.82431779222374668 1.0000000180025095e-35 -1.38550370439416
decision_type=2 2 2 2 2 2 2 2 2 2 2 2 2 2 2 2 2 2 2 2 2 2 2 2 2 2 2 2 2
left_child=2 12 4 -3 17 11 7 10 23 -10 -7 -5 -2 -6 15 16 -15 20 19 -16 -1 -14 -23 -8 25 26 -21 -4 -26
right_child=1 3 27 5 13 6 8 -9 9 -11 -12 -13 21 14 18 -17 -18 -19 -20 24 -22 22 -24 -25 28 -27 -28 -29 -30
leaf_value=-0.004292751321240326 -0.001214449250704001 0.011893213861548679 0.011914516389956453 -0.022680361479270005 -0.0036605836380021995 -0.014287456451497885 -0.0011149425135109719 0.021477939932565412 -0.02341278648726431 0 0.0071942850134388897 -0.00058348434902513464 -0.027386043938058546 -0.0010359776124078072 0.0021771261648572187 -0.0072695735697369708 0.016794311539569486 -0.011919187757343516 0.0002405801084134431 0.011503936639773931 0.0090316659511713998 -0.020990794613856768 -0.006955619911856236 0.0086742290218476941 0.011221697985500026 0.019986495927255099 -0.0010080096336603571 0.027169576859730583 0.026206069215898686
leaf_weight=8.8804814517498034 8.3825871944427472 9.5850111544132215 8.5799504518508929 14.150178551673891 12.549696415662764 8.7617270946502739 7.3200147151947021 10.729142963886259 21.340967804193493 11.00915387272835 8.8064338862895948 8.0508656203746778 9.8679382205009443 9.6167190074920708 12.967391908168791 11.069340288639067 8.919393986463545 9.9362200200557691 7.8231326937675467 7.4562432467937443 9.5875369906425494 10.716024458408357 12.158598154783247 7.726894259452818 7.4624941945076015 16.734562188386924 11.138362586498257 8.2418386936187726 8.5974218845367414
leaf_count=24 23 26 23 39 34 24 20 29 59 30 24 22 28 26 35 30 24 27 21 20 26 30 34 21 20 45 30 22 23
internal_value=0 -0.00799201 0.00742812 -0.00459617 0.00554357 -0.00642614 -0.00344849 0.0063828 -0.00945649 -0.015734 -0.00348574 -0.0154645 -0.0162522 0.00765169 0.00913745 0.00193201 0.0078593 -0.0026997 0.0119119 0.0132018 0.00248288 -0.019705 -0.0146639 0.00388002 0.0157296 0.0123472 0.00419478 0.0213287 0.0211384
internal_weight=308.166 148.606 159.561 107.48 142.739 97.8954 75.6943 28.2973 47.397 32.3501 17.5682 22.201 41.1251 114.335 101.785 29.6055 18.5361 28.4042 72.1796 64.3565 18.468 32.7426 22.8746 15.0469 51.3891 35.3292 18.5946 16.8218 16.0599
internal_count=839 409 430 294 385 268 207 77 130 89 48 61 115 308 274 80 50 77 194 173 50 92 64 41 138 95 50 45 43
is_linear=0
shrinkage=0.03


end of trees

feature_importances:
Column_12=42
Column_16=34
Column_31=33
Column_36=33
Column_40=33
Column_22=31
Column_19=30
Column_14=29
Column_21=28
Column_13=27
Column_2=23
Column_32=20
Column_29=19
Column_33=19
Column_28=18
Column_30=18
Column_1=17
Column_15=17
Column_34=17
Column_27=16
Column_23=15
Column_24=14
Column_35=14
Column_41=14
Column_4=13
Column_38=13
Column_0=11
Column_20=11
Column_25=9
Column_11=8
Column_10=7
Column_26=7
Column_37=7
Column_5=6
Column_7=5
Column_17=5
Column_39=4
Column_3=3
Column_18=3
Column_42=3
Column_9=2
Column_6=1
Column_8=1

parameters:
[boosting: gbdt]
[objective: multiclass]
[metric: multi_logloss]
[tree_learner: serial]
[device_type: cpu]
[data_sample_strategy: bagging]
[data: ]
[valid: ]
[num_iterations: 900]
[learning_rate: 0.03]
[num_leaves: 96]
[num_threads: 2]
[seed: 42]
[deterministic: 0]
[force_col_wise: 1]
[force_row_wise: 0]
[histogram_pool_size: -1]
[max_depth: 10]
[min_data_in_leaf: 20]
[min_sum_hessian_in_leaf: 0.001]
[bagging_fraction: 0.85]
[pos_bagging_fraction: 1]
[neg_bagging_fraction: 1]
[bagging_freq: 0]
[bagging_seed: 400]
[bagging_by_query: 0]
[feature_fraction: 0.8]
[feature_fraction_bynode: 1]
[feature_fraction_seed: 30056]
[extra_trees: 0]
[extra_seed: 12879]
[early_stopping_round: 0]
[early_stopping_min_delta: 0]
[first_metric_only: 0]
[max_delta_step: 0]
[lambda_l1: 0.2]
[lambda_l2: 1.5]
[linear_lambda: 0]
[min_gain_to_split: 0]
[drop_rate: 0.1]
[max_drop: 50]
[skip_drop: 0.5]
[xgboost_dart_mode: 0]
[uniform_drop: 0]
[drop_seed: 17869]
[top_rate: 0.2]
[other_rate: 0.1]
[min_data_per_group: 100]
[max_cat_threshold: 32]
[cat_l2: 10]
[cat_smooth: 10]
[max_cat_to_onehot: 4]
[top_k: 20]
[monotone_constraints: ]
[monotone_constraints_method: basic]
[monotone_penalty: 0]
[feature_contri: ]
[forcedsplits_filename: ]
[refit_decay_rate: 0.9]
[cegb_tradeoff: 1]
[cegb_penalty_split: 0]
[cegb_penalty_feature_lazy: ]
[cegb_penalty_feature_coupled: ]
[path_smooth: 0]
[interaction_constraints: ]
[verbosity: -1]
[saved_feature_importance_type: 0]
[use_quantized_grad: 0]
[num_grad_quant_bins: 4]
[quant_train_renew_leaf: 0]
[stochastic_rounding: 1]
[linear_tree: 0]
[max_bin: 255]
[max_bin_by_feature: ]
[min_data_in_bin: 3]
[bin_construct_sample_cnt: 200000]
[data_random_seed: 175]
[is_enable_sparse: 1]
[enable_bundle: 1]
[use_missing: 1]
[zero_as_missing: 0]
[feature_pre_filter: 1]
[pre_partition: 0]
[two_round: 0]
[header: 0]
[label_column: ]
[weight_column: ]
[group_column: ]
[ignore_column: ]
[categorical_feature: ]
[forcedbins_filename: ]
[precise_float_parser: 0]
[parser_config_file: ]
[objective_seed: 16083]
[num_class: 3]
[is_unbalance: 0]
[scale_pos_weight: 1]
[sigmoid: 1]
[boost_from_average: 1]
[reg_sqrt: 0]
[alpha: 0.9]
[fair_c: 1]
[poisson_max_delta_step: 0.7]
[tweedie_variance_power: 1.5]
[lambdarank_truncation_level: 30]
[lambdarank_norm: 1]
[label_gain: ]
[lambdarank_position_bias_regularization: 0]
[eval_at: ]
[multi_error_top_k: 1]
[auc_mu_weights: ]
[num_machines: 1]
[local_listen_port: 12400]
[time_out: 120]
[machine_list_filename: ]
[machines: ]
[gpu_platform_id: -1]
[gpu_device_id: -1]
[gpu_device_id_list: ]
[gpu_use_dp: 0]
[num_gpu: 1]

end of parameters

pandas_categorical:null
