tree
version=v4
num_class=1
num_tree_per_iteration=1
label_index=0
max_feature_idx=42
objective=binary sigmoid:1
feature_names=Column_0 Column_1 Column_2 Column_3 Column_4 Column_5 Column_6 Column_7 Column_8 Column_9 Column_10 Column_11 Column_12 Column_13 Column_14 Column_15 Column_16 Column_17 Column_18 Column_19 Column_20 Column_21 Column_22 Column_23 Column_24 Column_25 Column_26 Column_27 Column_28 Column_29 Column_30 Column_31 Column_32 Column_33 Column_34 Column_35 Column_36 Column_37 Column_38 Column_39 Column_40 Column_41 Column_42
feature_infos=[-1.0627929297951841:9.3444255799908706] [-1.0170427931241734:9.3247240553390167] [-1.0079747029393371:8.6217244538276407] [-1.0542335702756338:9.2434596760254575] [-0.94287873946907297:9.2689380279455467] [-1.0216434952928419:8.5740851847170081] [-2.3021169430842003:5.5400804629215665] [-1.4122028901296342:7.2431719176534699] [-2.393407144327627:4.9229575946925346] [-2.9555259428267333:3.7119366743739532] [-5.7123923146489011:1.8663301540762707] [-2.5032471918279104:4.1928303007123979] [-1.2466001956968871:2.7570307694862706] [-2.9477638668878114:3.6432307841780878] [-2.4814344329318159:4.26380273786876] [-1.7230260737606313:1.6578119394947914] [-1.5223546980073992:1.3507881608865513] [-3.5434287196681691:1.1123435642888959] [-2.2131885578988366:0.4518367838253125] [-2.1810654428496483:2.18845888502879] [-2.2229677851555358:4.7816191674635871] [-2.0761632117356394:3.5048128038916762] [-3.1858889876840841:3.8091792273433502] [-1.9574782589499826:2.8955021690977327] [-2.037714725152636:8.3130085560736404] [-2.3553183429250657:3.7997864239314021] [-3.003482125371371:4.7071209591796057] [-2.7807444389908573:2.7690004377329211] [-2.8352036952600739:4.4426495893194691] [-2.7070464896954269:4.0960625481925792] [-3.0173457628633282:4.0401678741461744] [-2.436534906739857:3.5325505741399956] [-2.5838770319994673:10.486615845863097] [-3.0344279691535476:4.1262790804667127] [-3.1660299096313449:5.7434675646263766] [-3.3191846920559986:3.2147835423046662] [-2.9767816497605222:4.1846977443490996] [-1.5351557764366639:2.7052492706472226] [-1.1948302279261684:2.859976919385721] [-1.3074597739845912:3.1029781622305541] [7:713] [7:713] [0:1]
tree_sizes=3558 3366 3808 3808 3710 3798 3792 3728 3923 3820 3321

Tree=0
num_leaves=33
num_cat=0
split_feature=1 26 34 5 10 9 40 39 34 24 26 31 33 25 40 27 20 30 13 20 15 15 15 36 26 36 26 29 40 30 33 12
split_gain=8.60441 5.74494 6.32664 5.5498 8.26549 7.54477 4.15007 3.96052 4.57753 10.0033 7.20696 7.03557 6.51821 3.30008 3.30469 3.68371 5.31969 4.30601 3.11992 4.37528 8.71307 3.48989 3.4542 4.99385 3.70301 3.0721 2.79972 2.76436 2.19325 1.9085 0.967425 0.406401
threshold=-0.23224204646774702 -1.3512100358247332 1.7611921784051223 -0.4521444741831831 1.0420225588103382 -1.0986238867326032 67.500000000000014 1.0000000180025095e-35 0.20877973970870131 0.77998216807007292 -0.24969530946030802 -1.143233052549222 0.86183910196335867 1.2486574745106298 592.00000000000011 -0.65334223624674215 0.37721979574095693 -0.9915779596476374 1.8287961657746818 -0.47182104700075511 0.75223032880137475 0.14850925500576345 -0.21372338927160325 0.3055630725397212 0.19091058108546216 0.98192501531674103 -1.7918159263705034 0.35435257735417586 592.00000000000011 -0.33810447473935029 0.18321000248954314 -0.62924593705692577
decision_type=2 2 2 2 2 2 2 2 2 2 2 2 2 2 2 2 2 2 2 2 2 2 2 2 2 2 2 2 2 2 2 2
left_child=3 26 6 5 13 -1 -3 8 11 10 -10 -8 28 14 15 17 31 -5 19 21 22 29 23 -21 -24 -12 -2 -4 30 -9 -13 -17
right_child=1 2 27 4 -6 -7 7 18 9 -11 25 12 -14 -15 -16 16 -18 -19 -20 20 -22 -23 24 -25 -26 -27 -28 -29 -30 -31 -32 -33
leaf_value=0.011251864396946117 -0.0033164150790587332 -0.028898363269253415 -0.0020304575503818402 0.022405781802539916 -0.021094206337798894 -0.025140854207870211 0.018588846986582148 -0.001055838096448061 -0.0122053107084288 -0.021313045764262677 0.031881101542643508 -0.029213465154298086 0.010019389942067369 -0.0051817296122841274 -0.0032235274739026275 0.015554873272939869 0.0056585192238866842 -0.0073786859562091538 -0.032189067129764819 -0.016111011573975258 0.025218294077005092 -0.036568556993830367 -0.0030715295683333872 0.012155679041593795 -0.03386572684959567 0.0017087090471051766 0.023048604911433367 0.026016940444880576 -0.0020304575503818402 -0.021181742105427795 -0.012956053426309995 0.040452537613316283
leaf_weight=8.249991640448572 5.2499946802854538 7.74999214708805 5.9999939203262311 6.2499936670064917 5.2499946802854529 9.2499906271696073 5.4999944269657126 8.2499916404485703 5.24999468028546 7.4999924004077902 12.499987334012987 14.249985560774808 6.7499931603670111 5.999993920326232 5.7499941736459723 4.9999949336051932 9.499990373849867 8.4999913871288246 5.7499941736459723 9.7499901205301303 5.999993920326232 6.9999929070472708 6.7499931603670102 9.7499901205301267 7.2499926537275314 4.9999949336051932 7.2499926537275297 5.2499946802854538 4.9999949336051932 5.9999939203262338 10.249989613890646 12.499987334012994
leaf_count=33 21 31 24 25 21 37 22 33 21 30 50 57 27 24 23 20 38 34 23 39 24 28 27 39 29 20 29 21 20 24 41 50
internal_value=-0.00203046 -0.00578349 -0.00740409 0.00624794 0.0106265 -0.00797436 -0.00913768 -0.00771306 -0.00270548 0.0058701 0.0157174 -0.00911617 -0.0141309 0.0142834 0.0168858 0.0197393 0.0262378 0.0059633 -0.0129121 -0.0103084 -0.00402056 -0.0208307 -0.0103722 -0.00203046 -0.0209432 0.024552 0.0125954 0.0128468 -0.0201661 -0.0101658 -0.0236654 0.0356046
internal_weight=246.25 170 157.5 76.2499 58.7499 17.5 146.25 138.5 71.9999 30.25 22.75 41.75 36.25 53.4999 47.5 41.75 27 14.75 66.4999 60.7499 39.5 21.25 33.5 19.5 14 17.5 12.5 11.25 29.5 14.25 24.5 17.5
internal_count=985 680 630 305 235 70 585 554 288 121 91 167 145 214 190 167 108 59 266 243 158 85 134 78 56 70 50 45 118 57 98 70
is_linear=0
shrinkage=1


Tree=1
num_leaves=31
num_cat=0
split_feature=1 23 13 35 34 30 30 33 21 20 34 24 12 17 21 20 20 30 31 12 32 29 27 30 22 29 30 23 15 32
split_gain=8.16167 6.7084 6.91902 7.13808 5.08849 4.98088 6.45034 4.61363 4.38655 7.20875 4.61365 3.94619 3.7715 3.71467 4.51143 3.70088 3.92394 6.25196 3.63559 3.45087 3.42881 3.4166 3.35501 3.34363 2.85755 2.63712 2.36269 2.04888 1.43484 0.447324
threshold=-0.23224204646774702 -1.4721802161452111 0.21965328627295472 0.52254663092457754 1.7611921784051223 0.31536901016893687 -0.20740977775769306 0.86183910196335867 1.0000000180025095e-35 -0.47182104700075511 -1.2086403130141177 0.77998216807007292 0.32217458736164012 -0.82756155402654763 1.2375412975430795 1.1201305331399549 0.085362006048493241 0.51141105564142297 -0.18154705840746801 0.37742189451308217 -0.29654077837351805 1.0000000180025095e-35 1.1965727226611842 1.6223159799855116 -0.74821370062906889 0.35435257735417586 -0.86088326266598003 0.38812894793974645 1.0000000180025095e-35 0.74425772856739003
decision_type=2 2 2 2 2 2 2 2 2 2 2 2 2 2 2 2 2 2 2 2 2 2 2 2 2 2 2 2 2 2
left_child=1 -1 3 5 7 6 12 11 10 -10 -9 13 18 21 15 16 19 28 24 26 -4 -2 -19 -17 -3 -6 -15 -13 -18 -29
right_child=4 2 20 -5 25 -7 -8 8 9 -11 -12 27 -14 14 -16 23 17 22 -20 -21 -22 -23 -24 -25 -26 -27 -28 29 -30 -31
leaf_value=-0.018066806951563746 0.023242395386306867 0 0.008499748153390229 0.029951708246459641 0 -0.021929566917584957 0.024525683541271034 0.0095381579717607728 -0.0065773942980575902 0.032133019775374812 -0.018360952182385724 -0.0028818522966601776 -0.0173061807295708 0.0055555147101763657 -0.025843894162424046 -0.030730718726440894 0.0083006800213894453 -0.017150191188583932 -0.0092601403026903641 0.01306537608200711 0.04182634813563342 -0.0047834239160533488 0.0090653724474402675 0 0.024862380118389638 0.027396576962033677 -0.013384421112576003 -0.011539894387659635 0.032429830838751048 -0.031231808378852168
leaf_weight=6.4994461685419074 5.999341815710066 7.9994891285896221 6.2490631341934204 7.749136120080947 5.9999939203262311 5.7493703663349143 9.7481234669685417 8.7493838071823102 6.4990952014923087 8.4991580247879011 9.4991082847118395 5.9993017613887814 8.4991197735071164 5.7491922676563183 9.2489459514617902 6.9990959018468839 6.7491438835859316 8.4988124519586545 9.2493683546781522 4.9993666112422934 7.2490226775407773 6.7494812607765198 6.2487588971853247 4.9992642253637314 7.2491080313921001 5.249111607670784 34.245702087879188 5.4993694126605979 5.2492935359477997 8.2486983835697156
leaf_count=26 24 32 25 31 24 23 39 35 26 34 38 24 34 23 37 28 27 34 37 20 29 27 25 20 29 21 137 22 21 33
internal_value=0 0.00805968 0.0109078 0.00577187 -0.00365879 0.00100535 0.00486465 -0.00510936 0.00456147 0.0159223 -0.00497222 -0.0077425 -0.00158363 -0.00520642 -0.00733599 -0.00480258 -0.00195425 0.00680152 0.00432403 -0.00733953 0.0291907 0.00904228 -0.00586156 -0.019279 0.0130134 0.0145318 -0.0104148 -0.0197132 0.0217323 -0.0256584
internal_weight=246.221 76.2412 69.7418 56.2437 169.98 48.4946 42.7452 158.731 33.2467 14.9983 18.2485 125.484 32.9971 105.736 92.9876 83.7386 71.7403 26.746 24.498 44.9943 13.4981 12.7488 14.7476 11.9984 15.2486 11.2491 39.9949 19.7474 11.9984 13.7481
internal_count=985 305 279 225 680 194 171 635 133 60 73 502 132 423 372 335 287 107 98 180 54 51 59 48 61 45 160 79 48 55
is_linear=0
shrinkage=0.03


Tree=2
num_leaves=35
num_cat=0
split_feature=1 23 14 28 34 26 34 24 40 39 34 24 26 34 19 19 24 11 28 25 9 33 31 0 26 33 29 28 40 26 29 35 30 30
split_gain=7.7308 6.38564 6.48166 6.33093 5.66406 5.23955 5.74683 4.29735 3.9116 3.75605 4.34187 9.32192 6.70714 6.64808 4.44743 9.17732 2.97934 2.88604 3.29357 3.97069 2.92837 3.72532 3.83176 2.88921 2.70143 2.67008 2.51689 2.39643 1.75242 1.60568 1.28829 1.59348 0.412897 0.264055
threshold=-0.23224204646774702 -1.4721802161452111 0.30824495912009375 -0.9146590784960279 0.20877973970870131 -1.3512100358247332 1.7611921784051223 -0.48510623296869432 67.500000000000014 1.0000000180025095e-35 0.20877973970870131 0.77998216807007292 -0.24969530946030802 -0.26369361119890516 0.58629996480669622 -0.57890652262755415 0.46371006781038088 -1.3384640034937609 1.0000000180025095e-35 1.0000000180025095e-35 -0.56088850321052852 0.18321000248954314 0.37746253424635928 -0.15028514340223295 -1.7918159263705034 -0.82303314500611424 0.35435257735417586 0.65210100360095691 231.50000000000003 -0.24969530946030802 1.0346634811429769 -0.32444925130736046 0.38071635865976566 -0.14206242926686435
decision_type=2 2 2 2 2 2 2 2 2 2 2 2 2 2 2 2 2 2 2 2 2 2 2 2 2 2 2 2 2 2 2 2 2 2
left_child=1 -1 3 -3 7 24 8 -4 -7 10 13 12 -12 14 15 -10 30 -11 20 23 -19 22 -22 27 -2 -14 -8 -20 -17 -23 31 -5 -33 -15
right_child=5 2 4 16 -6 6 26 -9 9 17 11 -13 25 33 -16 28 -18 18 19 -21 21 29 -24 -25 -26 -27 -28 -29 -30 -31 -32 32 -34 -35
leaf_value=-0.017627262783524809 -0.0015518435029138566 -0.0038519679803633955 -0.010111985404377513 0.013520338877031548 -0.018300084726642501 -0.025935628188312139 0 0.020106024927131882 -0.016285111777977174 -0.02517078262552053 -0.0095928497055291322 -0.018395358160325885 0.011932004156384948 -0.0095340301922089872 -0.014133726415936167 0.010030424230099484 0.0036900645188607272 -0.028608069993138637 -0.026664092752716695 0.01568025857802588 0.014720311099019081 -0.027862623497206487 -0.014440333709544978 0.0087060072552913419 0.024281996326628832 0.038711447720651215 0.026768823499713736 0 0.036627268824915515 -0.0032790912145355547 0.0080522123678203102 0.042400150970897735 0.01853423769196216 -0.026034177027641329
leaf_weight=6.4990737438201895 5.2496931850910187 9.2473978698253614 5.2490734010934821 7.747806370258334 9.4978198707103711 7.7465026676654807 5.9999939203262311 9.9978824555873889 6.2488293647766087 9.2462424933910352 5.2488901913166108 7.4970681816339484 9.9974684119224602 5.2484055012464532 8.4985366314649564 6.9978861510753632 7.2461637407541266 7.4963671267032579 5.9980935305356962 8.7479925453662855 8.4987748712301308 6.2488318830728531 5.2491747140884391 4.9984486550092724 7.2477569282054883 7.4980787932872728 5.2462571114301682 4.9991744309663773 5.2488562315702438 4.9983586668968183 4.9991756379604331 9.7443926036357897 5.9973098188638678 9.4975049942731893
leaf_count=26 21 37 21 31 38 31 24 40 25 37 21 30 40 21 34 28 29 30 24 35 34 25 21 20 29 30 21 20 21 20 20 39 24 38
internal_value=0 0.00785617 0.0106369 0.0172531 -0.00146051 -0.00354981 -0.00509931 0.00937067 -0.00675326 -0.00537075 -0.000496137 0.00785316 0.0173555 -0.00674671 0.00206788 0.0103142 0.0228109 -0.010433 -0.00736795 0.000689595 -0.0134403 -0.00730273 0.00286758 -0.00780726 0.0139982 0.0258754 0.0141967 -0.015937 0.0246189 -0.0190796 0.0270464 0.0301228 0.0360591 -0.0219532
internal_weight=246.179 76.2261 69.727 44.9822 24.7448 169.953 157.456 15.247 146.209 138.463 71.9815 30.2415 22.7444 41.74 26.9941 18.4956 35.7348 66.4815 57.2352 24.7437 32.4915 24.9951 13.7479 15.9957 12.4975 17.4955 11.2463 10.9973 12.2467 11.2472 28.4887 23.4895 15.7417 14.7459
internal_count=985 305 279 180 99 680 630 61 585 554 288 121 91 167 108 74 143 266 229 99 130 100 55 64 50 70 45 44 49 45 114 94 63 59
is_linear=0
shrinkage=0.03


Tree=3
num_leaves=35
num_cat=0
split_feature=1 23 14 28 34 26 34 24 24 26 16 20 34 31 26 36 2 28 33 26 16 36 29 34 33 15 31 33 2 14 34 29 21 16
split_gain=7.34835 6.07876 6.17621 6.03081 5.36693 4.97946 5.48255 4.08783 2.82999 2.57545 2.558 5.57295 6.54297 5.3946 4.60561 2.52316 2.65476 3.45626 3.18019 4.88921 2.86255 2.45198 2.40317 2.1651 2.7265 2.16163 1.90275 1.72114 1.71867 2.66584 1.69724 1.21425 1.08616 0.741137
threshold=-0.23224204646774702 -1.4721802161452111 0.30824495912009375 -0.9146590784960279 0.20877973970870131 -1.3512100358247332 1.7611921784051223 -0.48510623296869432 0.46371006781038088 -1.7918159263705034 0.69780114750156275 -0.47182104700075511 -0.70241886561311084 -0.18154705840746801 -0.35984678209675053 -1.2460907961840302 1.0000000180025095e-35 0.29831646893389591 0.18321000248954314 -0.13954383682386554 -0.60817287926841479 0.54427905234337526 0.35435257735417586 -0.17932336996540396 -0.26140906268295672 -1.3004213221037031 0.60327714370821628 -0.26140906268295672 0.73305019043581088 -0.8582601732199151 -0.33118980418570615 1.0346634811429769 -0.50651370734045675 -0.86936768462241021
decision_type=2 2 2 2 2 2 2 2 2 2 2 2 2 2 2 2 2 2 2 2 2 2 2 2 2 2 2 2 2 2 2 2 2 2
left_child=1 -1 3 -3 7 9 10 -4 31 -2 15 13 -13 -12 -14 -7 17 18 19 -17 28 -21 -8 -19 26 -16 -25 -27 29 -18 -20 33 -22 -5
right_child=5 2 4 8 -6 6 22 -9 -10 -11 11 12 14 -15 25 16 20 23 30 21 32 -23 -24 24 -26 27 -28 -29 -30 -31 -32 -33 -34 -35
leaf_value=-0.017200628647046561 -0.001515626308215974 -0.0037524950024969508 -0.009876434710770059 0.012576147895547882 -0.017828636796788873 0.0069663011577147851 0 0.019584906835772783 0.0035985311179295609 0.023688691621391714 -0.03007618359555686 0.026407049922511954 -0.019428929145289923 0.0039106127917923877 -0.007312251972774156 0.013206294735672809 0.01292197358261107 0.01742357844008411 -0.033166714434636306 -0.0031186236709137799 -0.040101466331482545 -0.02325591452522054 0.026162752140766448 -0.0048868407391470629 -0.017294561051750899 0.022034302840564797 0.017342562525681997 0 -0.019901714427394735 -0.013492332464818891 -0.0071512781916115457 0.0078667734086984315 -0.012447430722956704 0.033117052403592084
leaf_weight=6.4976885914802542 5.2497281283140182 9.247517451643942 5.248812422156333 5.7452315837144878 9.4961903542280179 6.4969753623008719 5.9999939203262311 9.9959273636341113 7.2457259744405738 7.2440256774425489 7.9956866800785065 8.4948754012584669 7.7457743883132926 6.4943094104528409 5.4966902583837518 7.4975649565458253 4.9972742944955852 4.9982309937477138 6.7474585622549057 13.492195412516603 5.2451341301202774 9.4942475259304029 5.2415707558393478 5.746605277061466 5.7456381618976566 6.4955094754695892 4.9978989213705063 5.4964560419321096 6.2454057782888404 5.7475572824478176 5.4976991862058622 4.9988710284233084 4.9964156746864301 17.727954462170604
leaf_count=26 21 37 21 23 38 26 24 40 29 29 32 34 31 26 22 30 20 20 27 54 21 38 21 23 23 26 20 22 25 23 22 20 20 71
internal_value=0 0.00765775 0.0103727 0.0168331 -0.00143115 -0.00346415 -0.00497563 0.00910689 0.0222605 0.0136421 -0.00659197 -0.000759883 0.00580626 -0.0155304 -0.00199685 -0.00934802 -0.0106653 -0.00690844 -0.0117388 -0.00574074 -0.0184927 -0.0125962 0.0138714 0.00257476 -0.00266996 0.00633277 0.00582116 0.0131495 -0.00908456 -0.000639359 -0.0239782 0.0263918 -0.0304349 0.0293871
internal_weight=246.105 76.2039 69.7062 44.9653 24.7409 169.901 157.407 15.2447 35.7178 12.4938 146.166 48.2193 33.7293 14.49 25.2344 97.9463 91.4493 64.2175 42.7292 30.484 27.2318 22.9864 11.2416 21.4884 16.4901 17.4887 10.7445 11.992 16.9902 10.7448 12.2452 28.4721 10.2415 23.4732
internal_count=985 305 279 180 99 680 630 61 143 50 585 193 135 58 101 392 366 257 171 122 109 92 45 86 66 70 43 48 68 43 49 114 41 94
is_linear=0
shrinkage=0.03


Tree=4
num_leaves=34
num_cat=0
split_feature=1 11 10 9 39 16 24 31 41 21 16 22 21 35 36 31 1 25 40 27 30 25 32 39 33 40 29 10 24 24 40 12 25
split_gain=6.96289 4.82714 7.45652 7.12917 4.28523 4.6915 4.68182 6.73172 3.55792 4.03629 4.5796 6.1195 3.61328 5.5537 3.52676 3.41418 3.08466 2.98523 3.02027 3.0035 4.07781 2.66591 4.5487 4.16563 3.7011 2.65841 2.63182 2.48874 3.45473 2.43406 2.12024 1.54058 1.34593
threshold=-0.23224204646774702 0.49318922916680602 1.0420225588103382 -1.0986238867326032 1.0000000180025095e-35 -1.3917572953304012 0.20494198577972392 -1.143233052549222 102.50000000000001 0.45271654534548794 -1.1305624899764057 0.41763100187550323 0.88873029656637226 -0.54224819245271594 0.98192501531674103 -0.99400591552722595 -0.20290370079834821 1.2486574745106298 592.00000000000011 -0.65334223624674215 -0.9915779596476374 -0.57357748936135133 -0.29654077837351805 -0.86641598036307665 -1.0000000180025095e-35 508.50000000000006 0.070889700775508893 -0.086835842365329804 0.77998216807007292 0.46371006781038088 230.50000000000003 -0.54141053256013871 -0.57357748936135133
decision_type=2 2 2 2 2 2 2 2 2 2 2 2 2 2 2 2 2 2 2 2 2 2 2 2 2 2 2 2 2 2 2 2 2
left_child=1 2 17 -3 5 -2 7 -7 -6 10 11 -10 -11 -14 21 -12 26 18 19 20 -1 22 -9 30 -25 27 32 -8 -29 -21 -23 -18 -17
right_child=4 3 -4 -5 8 6 25 14 9 12 15 -13 13 -15 -16 16 31 -19 -20 29 -22 23 -24 24 -26 -27 -28 28 -30 -31 -32 -33 -34
leaf_value=0.023684495110224947 -0.019989567079127187 0.012887750043463058 -0.018535496241225902 -0.022493224390370405 0.012317321316168568 0.020637586650082078 0 -0.014963789716800749 -0.017019184179770341 0.016990518867903585 0.0013174142460279116 0.021901522481700325 -0.024783775351954127 0.011148600739558636 0.010965582964987662 -0.0030834944833657541 -0.013603038433385842 -0.0033914730002319541 -0.0015910351227836027 0.030853249175497314 -0.0052924534892347481 -0.040946283831644427 0.017612790839098343 -0.019623384232339398 0.0097375543540801895 -0.0027607109007884312 0.0039848825851576839 0.034786438337227346 0.0068452419697122039 0.0060314264607537324 -0.0096727736917745985 -0.039353533326482969 -0.023139827285575565
leaf_weight=6.2466884404420844 6.9937462955713263 8.2454987317323702 5.2476405948400489 9.2429662942886335 5.4953707903623572 7.993481680750846 5.9947691559791592 6.7444665282964706 5.74420417845249 6.9942869395017651 6.2442804276943198 5.7462296336889267 6.4921309202909478 5.9939342588186237 6.4973910003900519 5.4984201043844232 6.4923802912235287 5.9956771284341803 5.7471730411052695 20.953067213296897 8.4954133629798836 5.4955833554267848 5.7459413707256264 5.4956267625093416 6.9959679692983743 6.9948698729276648 5.4951663911342612 8.4929491579532677 9.2387168407440168 5.9946526139974585 5.2460787296295166 9.7367117702960986 11.990688279271126
leaf_count=25 28 33 21 37 22 32 24 27 23 28 25 23 26 24 26 22 26 24 23 84 34 22 23 22 28 28 22 34 37 24 21 39 48
internal_value=0 0.00744779 0.0115404 -0.00579543 -0.00338064 0.0011623 0.00339331 -0.00217295 -0.00826177 -0.0100271 -0.0139814 0.00226421 0.00142009 -0.00775974 -0.00718865 -0.0181568 -0.0213395 0.0150289 0.0175123 0.0202485 0.00766995 -0.0109605 0 -0.0166676 -0.00346979 0.0123553 -0.0124928 0.0169487 0.0222096 0.0261516 -0.0292196 -0.0314131 -0.0178919
internal_weight=246.022 76.1688 58.6803 17.4885 169.853 87.9296 80.9358 50.2145 81.9238 76.4284 56.9481 11.4904 19.4804 12.4861 42.2211 45.4576 39.2134 53.4327 47.437 41.6898 14.7421 35.7237 12.4904 23.2333 12.4916 30.7213 22.9843 23.7264 17.7317 26.9477 10.7417 16.2291 17.4891
internal_count=985 305 235 70 680 352 324 201 328 306 228 46 78 50 169 182 157 214 190 167 59 143 50 93 50 123 92 95 71 108 43 65 70
is_linear=0
shrinkage=0.03


Tree=5
num_leaves=35
num_cat=0
split_feature=7 23 35 11 3 10 26 34 40 39 34 24 26 34 19 19 30 30 11 20 15 26 15 15 26 15 29 29 16 30 30 40 29 29
split_gain=6.58356 5.73788 6.08777 6.8444 8.2034 6.43713 4.62976 5.18124 3.72006 3.30501 3.99094 8.77912 6.28347 6.22576 4.15212 8.57175 3.27516 3.97019 2.60184 3.16388 7.34712 3.80823 4.30925 4.13469 2.4654 2.41766 2.36927 2.29226 2.13379 2.65767 1.80529 1.60927 1.38927 0.257973
threshold=-0.2305642468038514 -1.4721802161452111 0.52254663092457754 0.49318922916680602 0.54321299630992714 0.99571268401009039 -1.3512100358247332 1.7611921784051223 67.500000000000014 1.0000000180025095e-35 0.20877973970870131 0.77998216807007292 -0.24969530946030802 -0.26369361119890516 0.58629996480669622 -0.57890652262755415 0.25002166167810819 -0.098497530272978348 -1.3384640034937609 -0.47182104700075511 0.75223032880137475 0.19091058108546216 -0.93818867782633653 -0.93818867782633653 -1.7918159263705034 0.14850925500576345 -0.55272862769755815 0.35435257735417586 0.95899595285555816 -0.75197101518126541 -0.33810447473935029 231.50000000000003 -0.32595832643462463 -0.55272862769755815
decision_type=2 2 2 2 2 2 2 2 2 2 2 2 2 2 2 2 2 2 2 2 2 2 2 2 2 2 2 2 2 2 2 2 2 2
left_child=1 -1 3 5 -5 16 24 8 -8 10 13 12 -12 14 15 -10 17 28 -11 25 21 23 -23 -21 -2 30 -4 -9 29 -3 -20 -17 -14 -15
right_child=6 2 26 4 -6 -7 7 27 9 18 11 -13 32 33 -16 31 -18 -19 19 20 -22 22 -24 -25 -26 -27 -28 -29 -30 -31 -32 -33 -34 -35
leaf_value=-0.01690192641635636 -0.0015855793669762894 0.027597329601986961 0.010085379630031045 -0.029578467175359793 0.010803812988221473 -0.009103701320315568 -0.025029651200937312 0 -0.015621031695750848 -0.023735813212400928 -0.0092427897085697059 -0.017868351054892057 0.034048785756040839 -0.027602692559189693 -0.013536026519276871 0.0098069459657771935 -0.0027533927203306887 0.039405477977568257 0.0016893612339240218 -0.014585076634151055 0.027190352753441279 0 -0.030165874218575698 0.013849247851540514 0.023042330709851622 -0.029900664425271645 0.042864503844835269 0.025580143673727008 -0.0023507352661189004 0.0029023013850114944 -0.017827643892588025 0.035486288780085751 0.012382654238881328 -0.011951608450144207
leaf_weight=6.4946866631507865 5.2493121922016144 9.240970775485037 5.4877247512340546 7.9897063970565778 7.2462184429168701 9.242668151855467 7.7367783039808264 5.9996524900197965 6.2441242039203617 9.2263356149196607 5.2454995512962403 7.492345690727233 8.4910601526498866 6.490605652332305 8.4933013468980771 6.9934175461530685 5.2411604672670355 7.2218382358551088 8.2457363158464432 5.9970208704471597 5.2453483343124381 6.995317041873931 8.2370000928640348 10.244158849120144 7.2366644442081434 6.234469309449195 4.9832730740308744 5.234980046749115 5.2429990023374549 7.7356436848640469 5.9930555969476709 5.2419271916151047 8.9894620031118322 8.2418214380741173
leaf_count=26 21 37 22 32 29 37 31 24 25 37 21 30 34 26 34 28 21 29 33 24 21 28 33 41 29 25 20 21 21 31 24 21 36 33
internal_value=0 0.00723663 0.00988135 0.00564622 -0.0107672 0.011639 -0.00329515 -0.00475444 -0.00632773 -0.00498167 -0.000403791 0.00759955 0.01683 -0.00640416 0.0021178 0.0100888 0.0174809 0.0212357 -0.00973224 -0.00682204 -0.00120398 -0.00713977 -0.0172556 0.00266629 0.0131998 -0.015855 0.0296029 0.0135669 0.0129587 0.0178186 -0.00706023 0.0239193 0.0250821 -0.0211301
internal_weight=245.926 76.1269 69.6322 59.1612 15.2359 43.9253 169.799 157.313 146.079 138.342 71.9236 30.2184 22.726 41.7052 26.9728 18.4795 34.6826 29.4415 66.4184 57.1921 36.7188 31.4735 15.2323 16.2412 12.486 20.4733 10.471 11.2346 22.2196 16.9766 14.2388 12.2353 17.4805 14.7324
internal_count=985 305 279 237 61 176 680 630 585 554 288 121 91 167 108 74 139 118 266 229 147 126 61 65 50 82 42 45 89 68 57 49 70 59
is_linear=0
shrinkage=0.03


Tree=6
num_leaves=35
num_cat=0
split_feature=1 23 13 35 30 30 26 34 30 32 32 40 39 34 25 19 29 30 36 34 13 20 15 41 26 15 26 25 29 35 30 22 23 19
split_gain=6.27094 5.46884 5.98764 6.23388 4.56154 5.78888 4.40019 4.94389 3.60666 3.6552 3.58711 3.53611 3.1403 3.78536 6.02237 5.83434 3.86887 6.20288 4.16121 2.98228 2.67724 3.74574 7.56841 3.57815 3.68009 3.09053 2.35216 2.2949 2.19031 1.88016 1.72251 1.6918 1.54477 1.49856
threshold=-0.23224204646774702 -1.4721802161452111 0.21965328627295472 0.52254663092457754 0.31536901016893687 -0.20740977775769306 -1.3512100358247332 1.7611921784051223 -1.1222726566292947 -0.51438232633789416 -0.29654077837351805 67.500000000000014 1.0000000180025095e-35 0.20877973970870131 -1.0000000180025095e-35 0.58629996480669622 -0.32595832643462463 -0.86088326266598003 0.39934435031972809 -0.4661821901593079 1.8287961657746818 -0.47182104700075511 0.75223032880137475 233.50000000000003 0.41121352635834718 0.14850925500576345 -1.7918159263705034 0.35778704772877229 0.35435257735417586 0.22004810155602825 -0.33810447473935029 0.73558864801311408 -0.17805210199915367 0.2949983429481336
decision_type=2 2 2 2 2 2 2 2 2 2 2 2 2 2 2 2 2 2 2 2 2 2 2 2 2 2 2 2 2 2 2 2 2 2
left_child=1 -1 3 4 5 8 26 11 32 -10 -4 -8 13 14 33 19 31 -18 -19 -16 21 25 23 29 -25 30 -2 -11 -9 -23 -14 -15 -3 -13
right_child=6 2 10 -5 -6 -7 7 28 9 27 -12 12 20 16 15 -17 17 18 -20 -21 -22 22 -24 24 -26 -27 -28 -29 -30 -31 -32 -33 -34 -35
leaf_value=-0.016496200630913779 -0.0015485731366192933 0.021467310380343257 0.0063313207287096279 0.027501101225854557 -0.021518711481895079 0.022829348130838267 -0.024423817389956689 0 0.0082701428203831133 -0.023649286682065295 0.039425755814301272 -0.024157760909698917 0.0016464455799985683 0.0064804448016895222 0.023575453494891787 -0.015720274851868488 0.018839658417909657 0.0028505909194932099 -0.031552047441880803 -0.0026186147463860901 -0.027339039912107073 -0.0070741397305589902 0.025950517203344483 -0.0034091603046173466 -0.034975416709939998 -0.031615552559552229 0.022489941149587678 0 0.025013632086332775 0.01008116093070136 -0.017408280575499514 0.029354605936541586 0 -0.0053723715073536902
leaf_weight=6.4917275160551062 5.2493538856506348 4.9949935078620911 6.2269542366266251 7.7209054082632056 5.7401126325130454 9.7128930538892799 7.7281624972820273 5.9996524900197965 6.7420227825641588 10.234158411622056 7.2212132364511472 11.729702055454252 8.2459403425455093 8.2379415333271044 9.7312105596065468 6.9922021329402915 5.9924820512533215 4.9916410148143751 5.2406662851572037 4.993835851550112 5.7254510819911948 10.739541530609133 5.9917177855968466 8.2432527989149076 5.2379203289747229 6.9712598323822013 7.2289327234029752 5.9929313063621512 5.2270260602235794 9.2352925240993482 5.989491969347001 5.7364175468683234 4.9934745132923037 8.235556483268736
leaf_count=26 21 20 25 31 23 39 31 24 27 41 29 47 33 33 39 28 24 20 21 20 23 43 24 33 21 28 29 24 21 37 24 23 20 33
internal_value=0 0.00706712 0.0096517 0.00488062 0.000434621 0.00415413 -0.00321509 -0.00463889 -0.00192971 -0.00850844 0.0266763 -0.00617686 -0.00486283 -0.000396821 -0.00624389 0.00440519 0.00739791 -0.00231433 -0.0160392 0.0149014 -0.00949497 -0.00709492 -0.00129003 -0.00724447 -0.0183482 -0.0168301 0.0128672 -0.015928 0.01326 0.000728294 -0.00688465 0.0181932 0.0118119 -0.0176053
internal_weight=245.766 76.0714 69.5797 56.1315 48.4106 42.6705 169.695 157.216 32.9576 22.9691 13.4482 145.99 138.262 71.8817 41.6825 21.7172 30.1991 16.2248 10.2323 14.725 66.3799 60.6544 39.4477 33.456 13.4812 21.2067 12.4783 16.2271 11.2267 19.9748 14.2354 13.9744 9.98847 19.9653
internal_count=985 305 279 225 194 171 680 630 132 92 54 585 554 288 167 87 121 65 41 59 266 243 158 134 54 85 50 65 45 80 57 56 40 80
is_linear=0
shrinkage=0.03


Tree=7
num_leaves=34
num_cat=0
split_feature=39 34 0 0 35 16 16 19 15 36 12 26 13 39 40 12 33 35 16 34 12 2 28 31 20 2 35 34 15 12 35 42 0
split_gain=6.02069 6.73933 5.81838 6.83365 6.06612 5.31131 4.47536 5.36329 5.07935 7.40568 4.2102 7.11881 4.92479 4.15144 3.9844 3.78089 3.73784 6.06386 3.66169 3.19399 3.06799 3.01924 3.72924 2.85386 2.26589 2.26552 2.04797 2.8407 1.7223 1.53825 1.40828 1.25704 0.770305
threshold=1.0000000180025095e-35 -1.2086403130141177 0.16334273735475527 1.0000000180025095e-35 1.0000000180025095e-35 -1.3917572953304012 0.69780114750156275 -0.57890652262755415 -1.0589328925854586 -0.52994285677306796 1.5176266428761702 0.41121352635834718 -0.6470952610479197 0.89775919412298144 478.50000000000006 -0.5676574727598378 0.18321000248954314 -0.21554978073468289 -1.1305624899764057 -0.4661821901593079 -0.40394546406212212 -0.39453373924061574 1.0000000180025095e-35 -0.34735498843190843 -0.79021136302889694 -0.24227680940172444 -0.54224819245271594 0.20877973970870131 -1.3004213221037031 -0.55942019339741356 0.52254663092457754 1.0000000180025095e-35 -0.24736043982701492
decision_type=2 2 2 2 2 2 2 2 2 2 2 2 2 2 2 2 2 2 2 2 2 2 2 2 2 2 2 2 2 2 2 2 2
left_child=1 25 3 6 24 -3 7 19 -8 -10 11 12 15 18 20 -7 26 -18 -9 -2 28 -12 -23 -15 -4 -1 -14 -28 -13 -30 -20 -11 -19
right_child=2 5 4 -5 -6 10 8 13 9 31 21 14 16 23 -16 -17 17 32 30 -21 -22 22 -24 -25 -26 -27 27 -29 29 -31 -32 -33 -34
leaf_value=0.0070028385326938768 -0.0079840727631848019 -0.017708488767109468 -0.0083688421460918223 0.022906247904669799 0.0067370797210039666 0.027177082949427309 -0.016788200718879959 -0.001009276160704593 -0.0082583475641105075 0.031614936635054373 -0.0012387526195358671 0.0054863753491919973 -0.0010374431085245265 0.010487650849486612 -0.0064819375203091388 -0.0048903835653404835 -0.015560088535213599 0.0036542095109835426 -0.033881438098334118 0.017169653415471952 0 0.040072785660441014 0.0063950218892457437 -0.012079815273274295 -0.036344418183888338 0.036833731043559935 -0.029383706669408597 -0.003802759181880245 0.009445712059882946 0.035430766729613962 -0.013007793238692996 0.0083479016723914251 0.022489879637403787
leaf_weight=5.4920892119407654 6.7389706224203101 9.4744918048381788 5.7329760640859613 7.7210851311683646 5.2378069609403601 5.2383774816989899 5.7411628812551525 7.2312014847993842 8.975399717688564 8.4747492074966377 5.2410903424024609 5.7362647950649306 6.7347570508718446 7.7252182960510281 6.9857586473226538 5.2394901067018491 9.4817430377006549 4.9897208958864212 11.970951721072202 8.4827193170785886 6.4801574349403408 5.4830435365438444 7.2256384938955307 9.4737409800291044 9.4750774502754211 5.7306990176439268 12.216402173042306 6.9809161424636832 5.2330579161644009 8.9777810722589422 8.967765197157858 5.4792838394641885 5.2341507822275144
leaf_count=22 27 38 23 31 21 21 23 29 36 34 21 23 27 31 28 21 38 20 48 34 26 22 29 38 38 23 49 28 21 36 36 22 21
internal_value=0 0.00446202 -0.00488399 -0.00163301 -0.0188656 0.00212166 -0.00416525 -0.00875464 0.00528786 0.0117524 0.00414448 0.00130046 -0.00512663 -0.0138514 0.0120228 0.0120364 -0.00945198 0.000202218 -0.0206738 0.00595749 0.0172146 0.0168269 0.0240438 -0.0015942 -0.0278557 0.0252537 -0.0166168 -0.0213211 0.0226854 0.0280592 -0.0266761 0.024564 0.0154527
internal_weight=245.604 128.176 117.428 96.9822 20.4459 116.953 89.2612 60.5906 28.6706 22.9294 107.478 89.5286 56.1156 45.3689 33.413 10.4779 45.6377 19.7056 28.1699 15.2217 26.4273 17.9498 12.7087 17.199 15.2081 11.2228 25.9321 19.1973 19.9471 14.2108 20.9387 13.954 10.2239
internal_count=985 514 471 389 82 469 358 243 115 92 431 359 225 182 134 42 183 79 113 61 106 72 51 69 61 45 104 77 80 57 84 56 41
is_linear=0
shrinkage=0.03


Tree=8
num_leaves=36
num_cat=0
split_feature=7 23 13 35 30 30 26 31 23 30 12 21 20 35 30 30 40 25 12 15 36 22 31 35 26 40 21 20 27 40 23 7 35 27 20
split_gain=5.88316 5.17969 5.62058 5.92486 4.28146 5.40964 4.10252 3.92026 3.72485 3.40343 3.1526 2.97953 4.39515 5.62548 6.17338 4.10863 3.95396 4.02926 3.82 3.48501 3.35354 3.16243 2.7432 3.25177 2.2186 1.98661 1.89566 1.83653 1.62985 1.6111 1.46935 1.40072 1.61746 0.593885 0.0470982
threshold=-0.2305642468038514 -1.4721802161452111 0.21965328627295472 0.52254663092457754 0.31536901016893687 -0.20740977775769306 -1.3512100358247332 1.8413096878907045 1.763140069219933 -1.1222726566292947 0.23670680814895342 -0.9715950419760665 0.085362006048493241 0.4196971309392708 -0.86088326266598003 0.18467431318727931 230.50000000000003 -0.57357748936135133 1.1298513889716502 0.38999768452400796 -0.32984269723176968 -0.1122984083538478 -0.18154705840746801 -0.97784607474342689 -1.7918159263705034 313.00000000000006 -1.2913384595380479 0.085362006048493241 0.61847429800245712 231.50000000000003 -0.17805210199915367 -0.18999159530865559 0.4196971309392708 1.1965727226611842 1.0000000180025095e-35
decision_type=2 2 2 2 2 2 2 2 2 2 2 2 2 2 2 2 2 2 2 2 2 2 2 2 2 2 2 2 2 2 2 2 2 2 2
left_child=1 -1 3 4 5 9 24 8 11 30 25 15 13 14 22 -8 17 -14 20 28 -16 -15 -13 -24 -2 -11 29 -9 -19 33 -3 32 -18 -17 -4
right_child=6 2 34 -5 -6 -7 7 27 -10 10 -12 12 16 21 18 26 31 19 -20 -21 -22 -23 23 -25 -26 -27 -28 -29 -30 -31 -32 -33 -34 -35 -36
leaf_value=-0.016069080309544827 -0.0015337950998034042 0.020914215916730511 0.013054331896997385 0.026823825006089912 -0.02085559970214463 0.022095403042732015 0.0079913543508054498 -2.1553529111834169e-05 -0.027504632418614217 0.0085283436555445031 -0.021502603568038906 -0.011781857275328544 0.013963175281370232 0.022593680782534559 -0.0075921137197443572 -0.008707285947065142 0.02744666530194333 -0.0049015849076027738 0.0038658591374559378 0.0049634041000235279 -0.030190441769118784 -0.0049154898281025955 0.026320170737193355 -0.0024972494166406612 0.0217892430789366 -0.012003319891365358 -0.028433762607901054 0.022316458165211359 -0.030726554736702667 -0.02205365958821941 0 0.0014357456446541456 0.0034785810310752818 0.0025380658468033609 0.03061339164910707
leaf_weight=6.4872213006019583 5.2485691457986832 4.9916196763515472 5.4653966128826124 7.7060057073831549 5.7362156659364691 9.6941837370395714 5.9826788604259482 5.4780190438032133 5.4751317352056494 9.2317467778921145 8.2353778928518278 5.7359104901552227 7.2300065755844143 6.4840692430734634 11.472832292318339 6.4793825298547763 7.9840096980333346 5.2358876913785952 4.9937114417552939 6.7306069731712332 18.190847620368018 5.7373041808605176 4.9884531050920495 6.4790117144584558 7.2156025618314725 5.4930385649204245 8.7223220020532626 5.2359079569578171 5.234885036945343 5.2350199818611136 4.992002770304671 6.2308971583843222 4.983850821852684 6.7241769880056381 7.9542079865932465
leaf_count=26 21 20 22 31 23 39 24 22 22 37 33 23 29 26 46 26 32 21 20 27 73 23 20 26 29 22 35 21 21 21 20 25 20 27 32
internal_value=0 0.00686062 0.00937969 0.00475168 0.000414284 0.00402324 -0.00310403 -0.00448058 -0.00582114 -0.0018512 -0.00824817 -0.00465521 -0.00209405 -0.0070667 -0.0113991 -0.0123544 0.00506874 -0.00274593 -0.018471 -0.0106465 -0.0224289 0.0101167 0.00286575 0.0111704 0.0124286 9.76497e-05 -0.0172289 0.0118038 -0.0205464 -0.00988722 0.0114937 0.0147815 0.0199656 -0.00289762 0.0258957
internal_weight=245.496 75.987 69.4998 56.0802 48.3742 42.638 169.509 157.045 146.331 32.9438 22.9602 140.856 107.712 64.0821 51.8608 33.1436 43.6301 24.4314 34.6574 17.2014 29.6637 12.2214 17.2034 11.4675 12.4642 14.7248 27.1609 10.7139 10.4708 18.4386 9.98362 19.1988 12.9679 13.2036 13.4196
internal_count=985 305 279 225 194 171 680 630 587 132 92 565 432 257 208 133 175 98 139 69 119 49 69 46 50 59 109 43 42 74 40 77 52 53 54
is_linear=0
shrinkage=0.03


Tree=9
num_leaves=35
num_cat=0
split_feature=39 0 26 25 9 35 16 36 23 12 16 4 26 19 40 21 20 23 26 39 21 4 10 35 29 20 32 33 16 32 33 23 30 16
split_gain=5.70972 5.52494 6.59673 7.62038 6.93338 5.74023 5.22033 5.87177 6.36889 5.39241 4.40854 4.22521 6.20116 3.83021 3.71212 4.23841 3.6795 3.43403 3.38064 3.3059 4.52826 2.79277 2.56204 2.45285 2.30319 2.12108 2.08835 1.80877 2.22073 1.68172 1.47203 1.10933 0.613694 0.305065
threshold=1.0000000180025095e-35 0.16334273735475527 -1.7918159263705034 1.0461869229692986 -0.39439889874261097 1.0000000180025095e-35 -1.3917572953304012 -0.21165488370152935 1.0000000180025095e-35 -0.57394626941151727 0.69780114750156275 -0.2864048044209902 -0.13954383682386542 -0.57890652262755415 478.50000000000006 -0.50651370734045675 0.085362006048493241 1.1160760121469042 0.41121352635834718 0.89775919412298144 -0.50651370734045675 -0.4395820559322095 0.11295333269656153 -0.32444925130736046 0.070889700775508893 -0.79021136302889694 1.0000000180025095e-35 1.0000000180025095e-35 -0.60817287926841479 -0.75945406779781732 -0.45446734098154218 -1.0000000180025095e-35 -0.86088326266598003 0.43660634214756716
decision_type=2 2 2 2 2 2 2 2 2 2 2 2 2 2 2 2 2 2 2 2 2 2 2 2 2 2 2 2 2 2 2 2 2 2
left_child=6 2 -2 4 -4 25 31 11 9 -9 13 21 29 32 15 -10 23 24 -14 27 -21 33 -5 -12 -17 -3 30 28 -15 -13 -11 -1 -6 -8
right_child=1 5 3 22 10 -7 7 8 14 26 16 12 18 19 -16 17 -18 -19 -20 20 -22 -23 -24 -25 -26 -27 -28 -29 -30 -31 -32 -33 -34 -35
leaf_value=-0.0015114641574311741 -0.030807395614684648 -0.0081838087032847853 0.024378126628390982 0 -0.0033612768818875862 0.0065149414252305277 0.015222229617396162 0.012484316299774348 0.028239090102535318 -0.0076144812720201618 0.0070072643678906641 0.024137772572051602 -0.019808118675463213 0 -0.0079172419487785681 0.023906774928261793 0.017044482770200143 -0.010279734959823804 0.0077166286282022972 -0.02082568479394897 0.01079928921040498 0.036314054419253443 0.025387952260252086 -0.017243178394297946 -0.00025962077024585983 -0.035366361970681152 -0.0048474058311422114 -0.03204999998574299 -0.02302012430835397 0.0044618469678758699 -0.033445987536147997 -0.021410231481891334 0.0088843723886247034 0.0026624339180430232
leaf_weight=5.2339722067117691 4.9933713972568503 5.7299650311470041 5.7161313295364371 4.9781749695539501 4.986978143453598 5.2370888888835898 6.2243313044309616 5.7247229665517834 9.4682219475507718 4.9803026169538525 5.4822189211845398 10.71408626437187 7.9749051928520185 6.9838195741176552 8.4773106575012189 6.4738600850105339 9.7116731107234937 7.4699780791997901 5.4867943674325943 5.7299025356769562 7.7195932418107969 8.7038341462612152 11.203086629509924 6.478152275085451 5.4761802107095718 9.4575154334306717 9.4767704308032972 10.206030130386351 6.4573661983013224 8.2280049473047274 6.9675132334232321 5.9734622240066511 6.2377289682626706 4.9798682630062103
leaf_count=21 20 23 23 20 20 21 25 23 38 20 22 43 32 28 34 26 39 30 22 23 31 35 45 26 22 38 38 41 26 33 28 24 25 20
internal_value=0 -0.00474104 -0.0015701 0.000423708 -0.00358659 -0.0183723 0.00436516 0.0063183 0.000117963 -0.010526 -0.00641786 0.0136371 0.00620757 -0.0113865 0.00811384 0.0131742 0.00442148 0.00404441 -0.00853951 -0.0159141 -0.00301031 0.0241674 0.0182391 -0.00613969 0.0135924 -0.0271279 -0.0173507 -0.0223972 -0.0121844 0.0168391 -0.025175 -0.0138649 0.00321739 0.0110856
internal_weight=245.343 117.309 96.8842 91.8909 75.7096 20.4246 128.034 116.827 64.5149 27.1493 69.9935 52.3118 32.4038 48.3214 37.3656 28.8882 21.672 19.42 13.4617 37.0967 13.4495 19.908 16.1813 11.9604 11.95 15.1875 21.4246 23.6472 13.4412 18.9421 11.9478 11.2074 11.2247 11.2042
internal_count=985 471 389 369 304 82 514 469 259 109 281 210 130 194 150 116 87 78 54 149 54 80 65 48 48 61 86 95 54 76 48 45 45 45
is_linear=0
shrinkage=0.03


Tree=10
num_leaves=30
num_cat=0
split_feature=10 23 35 14 26 13 35 41 26 34 40 16 19 30 17 20 19 12 41 28 30 12 30 26 21 40 37 23 30
split_gain=5.12933 4.83485 5.3002 6.58301 4.68825 4.31665 3.95523 4.04334 3.79303 4.41064 3.94736 2.6686 2.65456 2.39089 2.30376 6.09822 4.18546 5.23404 2.89325 5.56789 4.42716 2.78606 2.348 2.04481 1.84373 1.6602 1.06268 1.03681 0.999394
threshold=0.24225422770569546 -1.4721802161452111 0.52254663092457754 -0.59752405164311473 -0.13954383682386542 -0.35984963991873142 -1.1956450158887824 230.50000000000003 -1.3512100358247332 1.7611921784051223 45.000000000000007 -1.0000000180025095e-35 -0.57890652262755415 -0.14206242926686422 1.0000000180025095e-35 -0.47182104700075511 1.460204830382384 2.0306502437433869 430.00000000000006 0.29831646893389591 0.6747794268684949 -0.60537651292300876 -0.40345182323017909 -1.7918159263705034 -1.0000000180025095e-35 233.50000000000003 1.0000000180025095e-35 -0.50158413053566786 -0.14206242926686422
decision_type=2 2 2 2 2 2 2 2 2 2 2 2 2 2 2 2 2 2 2 2 2 2 2 2 2 2 2 2 2
left_child=8 -2 3 -3 6 12 -5 11 23 10 -10 -8 -6 -7 15 -12 17 18 19 21 -21 -16 -20 -1 -17 -4 -18 -24 -11
right_child=1 2 25 4 5 13 7 -9 9 28 14 -13 -14 -15 16 24 26 -19 22 20 -22 -23 27 -25 -26 -27 -28 -29 -30
leaf_value=-0.0013256296053370334 -0.01567624163283177 0.03298320132013869 0.03773703672901229 -0.010741770035965992 -0.0010885449236049461 -0.0059007295544546232 0.018010290552110373 0.030044748628624281 -0.024609014083682414 0.019871492631425042 -0.015072517866750047 -0.0065687515644652838 -0.028550005877026052 0.017548969976484644 0.0061219623008938852 0.0031682195532769792 -0.029609969073878164 0.019271469725960826 0.0018179956109218248 0.021557378960745704 -0.0027474267417050566 -0.011545107359181345 -0.0047377957252526144 0.021062789168950949 0.025602750095326671 0.0089077310773391528 -0.0091251582810202309 -0.02385698262205915 0.0010832705449139975
leaf_weight=5.2465287446975708 6.4808810800313941 5.2032739371061316 5.4423869699239713 5.2365972697734824 5.734376534819603 7.2270373106002808 5.2353718429803839 8.4569666832685453 7.9575615078210822 5.9597758501768112 7.7111932039260891 7.9710672199726131 7.7208290994167346 5.4544207602739352 8.467328190803519 7.4819077253341684 6.2201308161020261 6.7319991141557685 5.2328623086214092 11.209606647491457 12.949567303061484 40.107636302709587 5.2385861724615159 7.1979022622108442 6.7299630790948841 4.9548121839761734 7.7158093601465225 12.686747759580607 5.2443157285451871
leaf_count=21 26 21 22 21 23 29 21 34 32 24 31 32 31 22 34 30 25 27 21 45 52 161 21 29 27 20 31 51 21
internal_value=0 0.00645762 0.00892366 0.00492798 0.00123407 -0.00747495 0.00985509 0.0154661 -0.0028781 -0.00419813 -0.00564856 0.00361018 -0.0185306 0.00455151 -0.00426417 0.00428341 -0.00595664 -0.0036356 -0.00557741 -0.00241208 0.00889688 -0.00825452 -0.0145241 0.0120664 0.0156039 0.0273579 -0.0206459 -0.0193757 0.0127158
internal_weight=245.207 75.118 68.6371 58.2399 53.0367 26.1367 26.9 21.6634 170.089 157.645 146.441 13.2064 13.4552 12.6815 138.483 21.9231 116.56 102.624 95.8923 72.7341 24.1592 48.575 23.1582 12.4444 14.2119 10.3972 13.9359 17.9253 11.2041
internal_count=985 302 276 234 213 105 108 87 683 633 588 53 54 51 556 88 468 412 385 292 97 195 93 50 57 42 56 72 45
is_linear=0
shrinkage=0.03


end of trees

feature_importances:
Column_30=29
Column_26=28
Column_34=23
Column_35=18
Column_40=18
Column_20=15
Column_23=15
Column_29=15
Column_15=14
Column_16=14
Column_12=13
Column_33=12
Column_24=11
Column_19=10
Column_21=10
Column_31=10
Column_39=10
Column_25=9
Column_36=9
Column_1=7
Column_13=7
Column_28=7
Column_32=7
Column_10=6
Column_0=5
Column_27=5
Column_2=4
Column_9=4
Column_11=4
Column_14=4
Column_22=4
Column_41=4
Column_7=3
Column_4=2
Column_17=2
Column_3=1
Column_5=1
Column_37=1
Column_42=1

parameters:
[boosting: gbdt]
[objective: binary]
[metric: binary_logloss]
[tree_learner: serial]
[device_type: cpu]
[data_sample_strategy: bagging]
[data: ]
[valid: ]
[num_iterations: 350]
[learning_rate: 0.03]
[num_leaves: 96]
[num_threads: 2]
[seed: 42]
[deterministic: 0]
[force_col_wise: 1]
[force_row_wise: 0]
[histogram_pool_size: -1]
[max_depth: 10]
[min_data_in_leaf: 20]
[min_sum_hessian_in_leaf: 0.001]
[bagging_fraction: 0.85]
[pos_bagging_fraction: 1]
[neg_bagging_fraction: 1]
[bagging_freq: 0]
[bagging_seed: 400]
[bagging_by_query: 0]
[feature_fraction: 0.8]
[feature_fraction_bynode: 1]
[feature_fraction_seed: 30056]
[extra_trees: 0]
[extra_seed: 12879]
[early_stopping_round: 0]
[early_stopping_min_delta: 0]
[first_metric_only: 0]
[max_delta_step: 0]
[lambda_l1: 0.2]
[lambda_l2: 1.5]
[linear_lambda: 0]
[min_gain_to_split: 0]
[drop_rate: 0.1]
[max_drop: 50]
[skip_drop: 0.5]
[xgboost_dart_mode: 0]
[uniform_drop: 0]
[drop_seed: 17869]
[top_rate: 0.2]
[other_rate: 0.1]
[min_data_per_group: 100]
[max_cat_threshold: 32]
[cat_l2: 10]
[cat_smooth: 10]
[max_cat_to_onehot: 4]
[top_k: 20]
[monotone_constraints: ]
[monotone_constraints_method: basic]
[monotone_penalty: 0]
[feature_contri: ]
[forcedsplits_filename: ]
[refit_decay_rate: 0.9]
[cegb_tradeoff: 1]
[cegb_penalty_split: 0]
[cegb_penalty_feature_lazy: ]
[cegb_penalty_feature_coupled: ]
[path_smooth: 0]
[interaction_constraints: ]
[verbosity: -1]
[saved_feature_importance_type: 0]
[use_quantized_grad: 0]
[num_grad_quant_bins: 4]
[quant_train_renew_leaf: 0]
[stochastic_rounding: 1]
[linear_tree: 0]
[max_bin: 255]
[max_bin_by_feature: ]
[min_data_in_bin: 3]
[bin_construct_sample_cnt: 200000]
[data_random_seed: 175]
[is_enable_sparse: 1]
[enable_bundle: 1]
[use_missing: 1]
[zero_as_missing: 0]
[feature_pre_filter: 1]
[pre_partition: 0]
[two_round: 0]
[header: 0]
[label_column: ]
[weight_column: ]
[group_column: ]
[ignore_column: ]
[categorical_feature: ]
[forcedbins_filename: ]
[precise_float_parser: 0]
[parser_config_file: ]
[objective_seed: 16083]
[num_class: 1]
[is_unbalance: 0]
[scale_pos_weight: 1]
[sigmoid: 1]
[boost_from_average: 1]
[reg_sqrt: 0]
[alpha: 0.9]
[fair_c: 1]
[poisson_max_delta_step: 0.7]
[tweedie_variance_power: 1.5]
[lambdarank_truncation_level: 30]
[lambdarank_norm: 1]
[label_gain: ]
[lambdarank_position_bias_regularization: 0]
[eval_at: ]
[multi_error_top_k: 1]
[auc_mu_weights: ]
[num_machines: 1]
[local_listen_port: 12400]
[time_out: 120]
[machine_list_filename: ]
[machines: ]
[gpu_platform_id: -1]
[gpu_device_id: -1]
[gpu_device_id_list: ]
[gpu_use_dp: 0]
[num_gpu: 1]

end of parameters

pandas_categorical:null
