tree
version=v4
num_class=3
num_tree_per_iteration=3
label_index=0
max_feature_idx=62
objective=multiclass num_class:3
feature_names=Column_0 Column_1 Column_2 Column_3 Column_4 Column_5 Column_6 Column_7 Column_8 Column_9 Column_10 Column_11 Column_12 Column_13 Column_14 Column_15 Column_16 Column_17 Column_18 Column_19 Column_20 Column_21 Column_22 Column_23 Column_24 Column_25 Column_26 Column_27 Column_28 Column_29 Column_30 Column_31 Column_32 Column_33 Column_34 Column_35 Column_36 Column_37 Column_38 Column_39 Column_40 Column_41 Column_42 Column_43 Column_44 Column_45 Column_46 Column_47 Column_48 Column_49 Column_50 Column_51 Column_52 Column_53 Column_54 Column_55 Column_56 Column_57 Column_58 Column_59 Column_60 Column_61 Column_62
feature_infos=[-1.0374160458149275:8.8367365687383064] [-0.8531853633636437:9.9105919564803937] [-1.0621899474457268:7.9767849867803307] [-1.0347696480640631:8.8264742599030441] [-0.81410508109144941:9.9460574823647558] [-1.0624570924697121:7.9454594076846545] [-2.1710111970035304:5.4944775007425593] [-1.3090576478767448:7.1137036863953771] [-2.5846900202755272:4.563002966911343] [-3.0637957314516502:3.4238759579673204] [-5.1071307459988144:1.7992444053293075] [-2.2300464421215747:4.5921507355337159] [-1.4905409041810458:2.8500725271596714] [-3.0444250831084507:3.5764424013228067] [-2.203112226099194:4.7024616042342942] [-3.0444250831084507:3.5764424013228067] [-5.1695605291050732:1.9058741460894764] [-2.203112226099194:4.7024616042342942] [-5.8842486015660871:0.6821360096345066] [-1.7435916525316157:1.6650115464902717] [-1.3926478093904429:1.5028695790451492] [-3.1943689993289506:0.628996429543622] [-2.2433161909252841:0.44576863664837918] [-2.1533019962539623:2.7315900133725326] [-2.1375201812417033:5.8304480170471065] [-2.3332220352691251:3.8073543740637921] [-3.5547550938592885:4.6611914208648715] [-2.2448051477970852:2.551723306261549] [-2.1687323057212491:4.8493698537915186] [-2.2842047732336561:3.9351698575942997] [-2.8884333300082319:4.4235879543165719] [-2.7302002644742678:3.4067224060106787] [-2.6704743743239328:6.5623368624118577] [-3.1323278838500115:4.1769179923922897] [-4.4637662167457162:5.9483493891208497] [-2.4814639718398297:3.3968021626353937] [-2.0215957935789284:6.0493883359461069] [-2.8653177895948732:4.0104480017131801] [-3.1843765250134628:5.2669514595184435] [-3.4436438384281685:4.2269410866936354] [-2.6509113681814749:4.2175778544405844] [-2.5378918049675714:2.132468141621731] [-3.0714316618836004:3.8817452248011288] [-1.8053777902859334:3.2139963009522927] [-2.9997436548777698:5.7815418266375085] [-2.2351465848355199:4.6210871622490446] [-2.6880252161870111:4.6770652261330126] [-4.6936734033920002:4.0070381572153817] [-4.0443932648945689:2.9061783053216055] [-1.0155440435594769:4.6337997676186911] [-1.0105178930533503:4.5321937429530319] [-16.820097298889618:8.7868688475353665] [-3.6152853350924015:7.5346227013176197] [-4.0489622052079026:6.0129706221790125] [-2.5806200342537045:3.2748288652841051] [-2.4894708255648661:3.1111340471957565] [-1.1416095610343371:3.0272398186861786] [-1.0867385484691623:3.8816675121993991] [-1.2161138101735467:2.8683754510384012] [-2.6102566371795439:2.738063644999098] [23:817] [23:817] [0:1]
tree_sizes=3511 3695 3206 3467 3748 3225 3743 3593 3111

Tree=0
num_leaves=33
num_cat=0
split_feature=13 40 40 47 61 43 46 12 26 48 37 24 35 37 37 12 53 45 53 16 20 45 44 13 43 46 20 55 24 27 46 20
split_gain=11.0249 8.69377 7.75014 6.14036 4.04371 3.43719 3.7997 3.4711 3.4833 4.08584 3.46953 3.35767 3.02187 2.94778 2.78561 4.40375 3.83921 3.96986 2.53169 3.48801 3.21799 2.31504 2.09069 2.02689 4.96345 5.27277 2.541 1.82947 1.77537 0.86454 0.470519 0.00254757
threshold=1.4104220593051127 0.71472458274820261 -0.1238257108016601 0.22919812199170592 656.50000000000011 -0.9688154417462288 0.30199200301516643 -0.17456509787483385 -0.41336377940593322 0.30179821786389199 1.677598893947948 0.37412196821890004 -1.1168664763366525 1.1864727659973728 -0.53246868182964058 -0.25034265663035976 1.0000000180025095e-35 -0.14204806260123631 -0.97448273017301201 0.022778521632827658 0.5815685918156428 0.34214604079233824 1.0000000180025095e-35 -1.6034387062218174 1.3735591341649436 0.56445769701814552 0.31833973832149798 -0.19519808295836727 0.80716371812590093 1.0000000180025095e-35 -0.45703801498431235 -0.99780452914922568
decision_type=2 2 2 2 2 2 2 2 2 2 2 2 2 2 2 2 2 2 2 2 2 2 2 2 2 2 2 2 2 2 2 2
left_child=1 2 5 4 14 10 7 13 -9 -10 18 21 -2 28 15 -4 27 -18 -1 -20 -21 -5 -8 -3 25 30 -27 -16 31 -14 -25 -7
right_child=12 23 3 11 -6 6 22 8 9 -11 -12 -13 29 -15 16 -17 17 -19 19 20 -22 -23 -24 24 -26 26 -28 -29 -30 -31 -32 -33
leaf_value=-1.0663068424832147 -1.086594527926505 -1.1098664402539316 -1.092796747493074 -1.0486413832838355 -1.0693442602883469 -1.1001227111247052 -1.0920045774183571 -1.1037686577720176 -1.0688407752615425 -1.094780277334614 -1.1015235433707105 -1.0824501475859973 -1.0567268658044182 -1.086594527926505 -1.0913066233717545 -1.0684898132921132 -1.0980095391701923 -1.0699422363539652 -1.1001227111247052 -1.0885226999340005 -1.0642750988033276 -1.0764506852048599 -1.0713031072043639 -1.098362876614438 -1.0791109294618368 -1.098362876614438 -1.0773732651102594 -1.1108257269748607 -1.0909815307691559 -1.0767076273956733 -1.1121899535353386 -1.111821436640352
leaf_weight=7.3723775744438127 7.3723775744438198 12.063890576362608 12.39899864792824 7.707485646009447 10.388350218534468 8.0425937175750715 7.3723775744438154 8.3777017891407031 9.0479179322719592 9.7181340754032117 7.0372695028781882 11.393674433231352 10.388350218534471 7.3723775744438163 9.3830260038375837 11.393674433231352 7.0372695028781882 8.0425937175750715 8.0425937175750786 10.388350218534471 7.0372695028781882 7.3723775744438171 7.0372695028781891 8.7128098607063276 11.058566361665724 8.7128098607063311 9.0479179322719556 9.7181340754032153 7.0372695028781882 6.7021614313125601 17.425619721412662 21.111808508634571
leaf_count=22 22 36 37 23 31 24 22 25 27 29 21 34 31 22 28 34 21 24 24 31 21 22 21 26 33 26 27 29 21 20 52 63
internal_value=-1.08791 -1.08959 -1.08672 -1.08029 -1.0853 -1.09157 -1.09496 -1.09783 -1.08905 -1.08208 -1.08449 -1.06841 -1.06918 -1.10295 -1.08845 -1.08093 -1.09393 -1.08313 -1.08023 -1.08546 -1.07795 -1.05961 -1.08166 -1.09893 -1.09591 -1.10042 -1.08791 -1.10247 -1.10636 -1.0627 -1.10862 -1.10955
internal_weight=311.315 286.853 219.831 94.8356 68.362 124.995 85.1175 70.7078 27.1438 18.7661 39.8779 26.4735 24.4629 43.564 57.9737 23.7927 34.181 15.0799 32.8406 25.4682 17.4256 15.0799 14.4096 67.0216 54.9577 43.8992 17.7607 19.1012 36.1917 17.0905 26.1384 29.1544
internal_count=929 856 656 283 204 373 254 211 81 56 119 79 73 130 173 71 102 45 98 76 52 45 43 200 164 131 53 57 108 51 78 87
is_linear=0
shrinkage=1


Tree=1
num_leaves=34
num_cat=0
split_feature=10 25 32 60 51 7 60 38 58 21 54 26 24 32 34 12 54 53 55 19 55 46 27 36 61 19 10 47 0 7 36 54 54
split_gain=6.32661 4.75978 5.51715 5.11627 4.54865 5.03721 3.48903 3.19079 3.18862 3.45317 2.56552 5.25408 4.44503 6.61277 7.67704 3.18884 3.46385 2.99966 4.91905 4.07967 6.13221 2.42216 3.85133 2.28434 2.16354 1.88364 1.59777 1.53591 1.42721 1.25974 1.0855 0.952576 0.271104
threshold=-0.81800511880422244 1.4594869234365011 1.0000000180025095e-35 39.500000000000007 1.0000000180025095e-35 -0.8042992871262209 162.00000000000003 -0.39241995869488677 1.0000000180025095e-35 -1.0000000180025095e-35 0.28874729485377698 1.0000000180025095e-35 -0.23213648165090067 0.65763200170873659 1.3710425285708141 -0.085104470798278084 -0.2219395502143722 -0.97448273017301201 -0.49371581722522889 0.7418481800885105 0.039761196262828112 -0.1098201907002176 -0.80584661157949478 0.082378701724606082 418.50000000000006 0.3157727802107746 0.39929074079836008 0.24254391811914791 -0.78083705918361956 -0.67862437608053117 0.082378701724606082 -1.1831277136525047 0.073090437219843485
decision_type=2 2 2 2 2 2 2 2 2 2 2 2 2 2 2 2 2 2 2 2 2 2 2 2 2 2 2 2 2 2 2 2 2
left_child=21 3 31 -2 5 -5 -6 27 25 -10 11 17 26 24 -15 16 -13 -8 -19 20 -20 -1 -23 -22 -14 -9 -12 -7 -24 -21 -26 -3 -18
right_child=1 2 -4 4 6 7 10 8 9 -11 12 15 13 14 -16 -17 32 18 19 29 23 22 28 -25 30 -27 -28 -29 -30 -31 -32 -33 -34
leaf_value=-0.82707423531942315 -0.78661981172425122 -0.77484873182339065 -0.8082882332096839 -0.79455831729947457 -0.82041278141480234 -0.83272525398705366 -0.81967032680404184 -0.80852674886157272 -0.78929840595164757 -0.81328813053659343 -0.80830139855411554 -0.77262789490647021 -0.8058302185831403 -0.82726730908728663 -0.79348939253966044 -0.80452936862531976 -0.79282156987863273 -0.78755221598766789 -0.81694488114565111 -0.80830139855411554 -0.78305359635009153 -0.79478422309979802 -0.8064151746682805 -0.80138478361525622 -0.78236725490666181 -0.82903091382921867 -0.82802801026089368 -0.81418340593976712 -0.82331112915104732 -0.82642122647173699 -0.79869214851552361 -0.79406196826093178 -0.80291711031916502
leaf_weight=12.605206489562987 10.751499652862547 8.1563100814819354 11.863723754882811 9.6392755508422834 9.6392755508422834 11.492982387542726 9.2685341835021955 9.268534183502199 8.5270514488220197 10.010016918182375 7.4148273468017605 10.010016918182373 9.268534183502199 14.829654693603517 8.1563100814819318 12.605206489562987 7.4148273468017578 13.717430591583243 14.088171958923345 7.4148273468017569 10.010016918182375 7.7855687141418484 7.7855687141418484 17.424844264984131 10.380758285522463 7.7855687141418448 9.2685341835021955 10.380758285522459 12.975947856903074 8.1563100814819318 10.010016918182371 8.8977928161621112 7.4148273468017578
leaf_count=34 29 22 32 26 26 31 25 25 23 27 20 27 25 40 22 34 20 37 38 20 27 21 21 47 28 21 25 28 35 22 27 24 20
internal_value=-0.80583 -0.804316 -0.793052 -0.805588 -0.806443 -0.813114 -0.804157 -0.816535 -0.810428 -0.802141 -0.803178 -0.800489 -0.807667 -0.803411 -0.815015 -0.791439 -0.785477 -0.804981 -0.802728 -0.806647 -0.801808 -0.816652 -0.811019 -0.793655 -0.794216 -0.81933 -0.820518 -0.825283 -0.817711 -0.81912 -0.789069 -0.782788 -0.796771
internal_weight=344.419 303.266 28.9178 274.349 263.597 67.1042 196.493 57.4649 35.5912 18.5371 186.854 117.525 69.3286 52.6453 22.986 37.4449 24.8397 80.0801 70.8116 57.0942 41.523 41.1523 28.5471 27.4349 29.6593 17.0541 16.6834 21.8737 20.7615 15.5711 20.3908 17.0541 14.8297
internal_count=929 818 78 740 711 181 530 155 96 50 504 317 187 142 62 101 67 216 191 154 112 111 77 74 80 46 45 59 56 42 55 46 40
is_linear=0
shrinkage=1


Tree=2
num_leaves=30
num_cat=0
split_feature=6 38 16 59 34 36 20 61 6 38 45 37 56 58 30 44 16 58 61 32 32 19 40 20 13 40 55 55 30
split_gain=20.8165 6.49065 6.25525 4.04074 5.98334 5.2129 4.47225 3.57393 4.96113 5.88541 4.80743 3.54554 3.41029 3.91119 2.87348 2.71108 2.61407 1.76034 1.75467 2.15306 2.39546 1.35652 0.918 0.781444 1.20325 0.772584 0.576417 0.480566 0.459036
threshold=1.8880378507901359 -1.5242942423375525 -0.052971895692689917 -0.73834453841701919 0.59139136001558779 0.35830978307588929 -0.99780452914922568 544.50000000000011 -0.079527900290592493 -0.46787824427106434 -0.67705132675165902 0.20422051009622205 1.0000000180025095e-35 -0.80766488405235182 -0.29384513234459192 -1.6198273649253692 0.74282161184049833 -0.80766488405235182 316.00000000000006 1.5164981632655543 2.1606477844331682 -0.25232775295953996 0.13536256175011538 1.1080262988039322 -0.41830650568880584 -0.51260811962932407 -0.22121035385530666 0.85456979434518898 0.68895342737648391
decision_type=2 2 2 2 2 2 2 2 2 2 2 2 2 2 2 2 2 2 2 2 2 2 2 2 2 2 2 2 2
left_child=1 15 18 6 7 14 -4 8 9 25 -11 22 13 -10 -6 -1 -15 -9 -3 27 -21 -19 -12 24 -14 -5 -8 -20 -28
right_child=-2 2 3 4 5 -7 26 17 12 10 11 -13 23 16 -16 -17 -18 21 19 20 -22 -23 -24 -25 -26 -27 28 -29 -30
leaf_value=-1.5007898470278764 -1.4876126154296421 -1.5293112646262979 -1.5218507810214705 -1.5192777409926113 -1.5121375819686727 -1.4969282556240384 -1.5361685593413192 -1.5517313618830595 -1.5416174737204562 -1.513127175185691 -1.5339727157949135 -1.5205168901456974 -1.5509066812387085 -1.5308038307547627 -1.5371789987219018 -1.5282222280172222 -1.5033666821456253 -1.5434710840714061 -1.5500589359891697 -1.519540911247685 -1.5450477097279838 -1.5272638801237499 -1.5516068443319326 -1.5313833533847083 -1.532310651535542 -1.4968444384043122 -1.551529590070992 -1.5359381388324669 -1.5366961014470657
leaf_weight=6.1037750244140625 8.1383666992187482 6.3580989837646475 8.1383666992187482 5.8494510650634766 5.3408031463623056 7.6297187805175772 8.1383666992187518 8.1383666992187518 7.6297187805175808 9.6643104553222638 5.8494510650634854 6.1037750244140616 12.207550048828129 5.8494510650634748 8.6470146179199219 7.1210708618164045 5.3408031463623047 6.6124229431152335 29.501579284667969 5.086479187011717 5.0864791870117188 8.901338577270506 7.8840427398681641 5.0864791870117179 5.3408031463623056 6.1037750244140572 13.987817764282228 5.0864791870117179 5.3408031463623038
leaf_count=24 32 25 32 23 21 30 32 32 30 38 23 24 48 23 34 28 21 26 116 20 20 35 31 20 21 24 55 20 21
internal_value=-1.5308 -1.53262 -1.53394 -1.53101 -1.52855 -1.5147 -1.53977 -1.53149 -1.52858 -1.52135 -1.52916 -1.53738 -1.53574 -1.52669 -1.52712 -1.51339 -1.51596 -1.54145 -1.54294 -1.54499 -1.53197 -1.53433 -1.54554 -1.5433 -1.54613 -1.50487 -1.54548 -1.54845 -1.54844
internal_weight=236.267 228.129 214.904 163.785 128.179 21.6175 35.6054 106.562 82.9096 41.4548 29.5016 19.8373 41.4548 18.82 13.9878 13.2248 11.1903 23.6521 51.1191 44.761 10.173 15.5138 13.7335 22.6348 17.5484 11.9532 27.467 34.5881 19.3286
internal_count=929 897 845 644 504 85 140 419 326 163 116 78 163 74 55 52 44 93 201 176 40 61 54 89 69 47 108 136 76
is_linear=0
shrinkage=1


Tree=3
num_leaves=32
num_cat=0
split_feature=13 40 40 54 26 50 38 35 43 30 46 33 45 16 25 38 35 32 40 38 50 43 24 44 37 34 25 61 16 54 61
split_gain=10.4501 8.34727 7.41213 5.90226 3.36028 3.35589 3.66455 5.27053 3.32449 4.17113 3.6574 4.65969 4.69655 4.26049 3.31492 3.29089 2.85713 2.6211 3.82307 2.5273 2.82521 3.48013 2.4432 2.00012 1.99625 1.84003 1.3458 1.37896 1.32439 0.910567 0.39241
threshold=1.4104220593051127 0.71472458274820261 -0.1238257108016601 0.49535322229672302 0.91568639209356362 1.0000000180025095e-35 -0.3169616731187091 1.0000000180025095e-35 -0.9688154417462288 -0.29384513234459192 0.30199200301516643 0.64411581887517777 0.077463712916085239 0.82710008584048 1.0000000180025095e-35 0.13578804033835726 -1.1168664763366525 -0.20123415984808132 0.26495669802600347 -0.16604510196635347 1.0000000180025095e-35 0.70430925533317978 -0.23213648165090067 1.0000000180025095e-35 1.0000000180025095e-35 0.13869068149964994 0.37585579237775052 476.50000000000006 -0.031066809567628632 1.6790248515091062 455.00000000000006
decision_type=2 2 2 2 2 2 2 2 2 2 2 2 2 2 2 2 2 2 2 2 2 2 2 2 2 2 2 2 2 2 2
left_child=1 2 8 5 -5 6 -4 -8 9 14 11 12 13 24 -1 -7 -2 18 -9 -3 26 -22 -16 -12 -10 -19 27 30 -14 -18 -21
right_child=16 19 3 4 -6 15 7 17 10 -11 23 -13 28 -15 22 -17 29 25 -20 20 21 -23 -24 -25 -26 -27 -28 -29 -30 -31 -32
leaf_value=-0.01351732756868825 0.0012187922145782326 0.003273243148419609 -0.017146899092381158 0.028308034769865528 0.0053431585250886433 0 0.023448341081856342 0.017456025409629726 0 0.018429157798241322 -0.0040345186206425659 -0.021838150150497431 -0.0052567757355139856 -0.010770241225679898 -0.0045945250914811095 0.023683125114032734 0.030389930839768493 -0.020979188774281374 -0.0081896096343060318 -0.0088863520096980307 -0.017909887631853486 0.0056010040672384255 0.016231601931730368 0.0161824781407462 0.018386515556024031 0 -0.026364800812632327 -0.0022398108745343677 -0.022943033280499573 0.010598101124454929 -0.023734669487286163
leaf_weight=12.395689010620119 7.3851907253265408 8.6772040426731092 9.3728180229663831 14.507874101400377 11.414597243070601 10.745968669652941 7.055121272802352 8.7491832673549634 9.0172458887100237 10.40750330686569 7.3621333837509138 19.355704486370087 9.021236330270769 12.026579052209852 8.7142000496387499 9.7780193984508497 10.488857597112657 7.3657489120960253 9.0369621813297254 8.0073557198047656 7.6700741648674038 13.041134685277937 8.3893649876117689 7.082905113697052 11.051696330308912 7.049805760383606 12.65010493993759 10.029572635889052 9.9951419830322248 6.7691123187541953 6.6613802611827841
leaf_count=37 22 26 28 43 34 32 21 26 27 31 22 58 27 36 26 29 31 22 27 24 23 39 25 21 33 21 38 30 30 20 20
internal_value=0 -0.0016472 0.00116511 0.0074352 0.01926 0.00260293 -0.00164141 0.00240823 -0.00359496 0.00336186 -0.00693552 -0.00976071 -0.00458081 0.00232282 -0.00239495 0.0123588 0.0181618 -0.00286192 0.00449112 -0.0108235 -0.0130604 -0.00345727 0.00578335 0.00609207 0.0106505 -0.0118794 -0.0178922 -0.0120625 -0.015843 0.0244151 -0.0175767
internal_weight=311.275 286.632 219.895 95.0761 25.9225 69.1536 48.6296 39.2568 124.819 39.9068 84.9126 70.4676 51.1119 32.0955 29.4993 20.524 24.6432 32.2017 17.7861 66.7368 58.0596 20.7112 17.1036 14.445 20.0689 14.4156 37.3484 24.6983 19.0164 17.258 14.6687
internal_count=929 856 656 283 77 206 145 117 373 119 254 211 153 96 88 61 73 96 53 200 174 62 51 43 60 43 112 74 57 51 44
is_linear=0
shrinkage=0.03


Tree=4
num_leaves=34
num_cat=0
split_feature=18 42 41 36 36 18 44 54 61 32 36 50 24 46 13 17 50 37 40 1 43 40 33 46 23 23 40 44 19 30 19 13 46
split_gain=8.02874 4.42719 5.29972 4.92328 4.72975 6.56633 4.88006 3.93209 3.78366 4.12115 4.38365 3.79256 5.1137 6.34073 3.69183 3.26906 2.68874 2.54949 3.41394 2.30733 2.27482 2.23138 4.06715 2.0924 1.87842 1.73585 1.62138 1.5455 1.35641 1.24567 1.00078 0.638656 0.41352
threshold=-1.0745062792325746 -0.55390209946326741 -1.7594984805360208 1.1171202567919185 -0.46948346097796023 0.43868838317762476 1.0000000180025095e-35 -0.38988169729809558 349.50000000000006 -1.060100321404899 0.51926958053080474 0.11855299576276471 -0.23213648165090067 -0.47998489883235362 -0.6024954981174282 0.59079238759745267 -0.29201823653400433 0.89998252469287066 -0.38301398335343612 -0.18239924053278331 -0.63419050233034713 0.13536256175011538 -0.33045029795712921 0.069787454368447979 0.61480347586771833 0.28914400855928518 -0.90139052845698753 -0.86714575222405943 -0.25232775295953996 0.68895342737648391 -0.67840315283727592 -0.27323439948800726 0.74012032381917658
decision_type=2 2 2 2 2 2 2 2 2 2 2 2 2 2 2 2 2 2 2 2 2 2 2 2 2 2 2 2 2 2 2 2 2
left_child=17 2 -2 8 6 7 26 30 19 -10 11 12 13 31 -14 -5 -15 18 -1 25 -13 22 -16 -12 -23 -3 -4 -24 -18 -7 -6 -11 -20
right_child=1 3 4 15 5 29 -8 -9 9 10 23 20 14 16 21 -17 28 -19 32 -21 -22 24 27 -25 -26 -27 -28 -29 -30 -31 -32 -33 -34
leaf_value=0.0060313239858228512 -0.0092293699613829588 -0.0068819017692478722 0.001602148211831929 0.020981665134571503 -0.012565453737548332 0.030091881443052217 0.016512258653225528 0.016701814771654444 0.019469391798490256 -0.0090835130609911944 -0.0028032496549959007 -0.022615693656451982 0.026206957641931251 0.01550106037189232 0.02035750263329553 -0.0024246495619221179 0.0046018423267292531 -0.025378862702206399 -0.0068167548118119332 -0.00069260670460202876 -0.0015561475324072037 0.0060955809899387765 -0.0090917461104180093 -0.02182902833731825 -0.011857182400962148 -0.025516189481297812 -0.01424749556028314 0.0057344508187440399 -0.011301723093025405 0.010875800494993263 0.001346855596590753 -0.026181408650667183 -0.020287299376476782
leaf_weight=9.6299394071102142 14.089569270610808 11.857360512018206 8.5240964591503161 12.980753213167192 7.413766533136366 18.189138680696491 9.6463024318218213 10.753624469041826 7.4250819981098166 7.4078428149223328 11.117570310831072 7.4113348126411465 7.4250050187110892 9.2776446640491468 15.220700979232786 7.4119735658168784 7.7836211621761313 9.9846659898757917 7.773028016090394 13.720180034637449 11.495349913835524 8.1572125256061572 7.4088255167007437 11.11853304505348 9.6360860168933851 9.9954231679439527 12.23018127679825 19.660399854183201 8.1570016145706195 7.7925748825073233 7.7847729623317719 7.769315689802168 8.1377743482589704
leaf_count=26 38 32 23 35 20 49 26 29 20 20 30 20 20 25 41 20 21 27 21 37 31 22 20 30 26 27 33 53 22 21 21 21 22
internal_value=0 0.00157057 0.00685545 -0.00083141 0.00979543 0.0151721 0.00014075 0.00383057 -0.00237719 -0.000293132 -0.00150168 0.000660493 0.0029113 -0.00532164 0.00793324 0.0126171 0.00376693 -0.0132092 -0.0070859 -0.0109995 -0.011161 0.00499425 0.00869465 -0.0133476 -0.00348185 -0.0167536 -0.00779898 0.00120222 -0.00346427 0.025455 -0.00559931 -0.0197635 -0.0152053
internal_weight=344.387 308.861 96.424 212.437 82.3345 51.9339 30.4006 25.9522 192.044 156.472 149.046 126.81 107.904 40.3954 67.5082 20.3927 25.2183 35.5254 25.5407 35.573 18.9067 60.0832 42.2899 22.2361 17.7933 21.8528 20.7543 27.0692 15.9406 25.9817 15.1985 15.1772 15.9108
internal_count=929 833 260 573 222 140 82 70 518 422 402 342 291 109 182 55 68 96 69 96 51 162 114 60 48 59 56 73 43 70 41 41 43
is_linear=0
shrinkage=0.03


Tree=5
num_leaves=29
num_cat=0
split_feature=0 30 13 16 49 11 45 32 40 35 48 52 40 36 34 54 44 33 52 34 45 32 32 55 45 47 12 20
split_gain=19.3719 4.72729 7.58788 6.72696 4.92688 4.78135 4.28874 4.30108 3.70629 4.88323 5.24515 4.92602 4.7418 4.43979 3.82931 3.38223 3.60501 3.15144 2.67383 2.09122 1.84726 1.41496 1.17029 1.1377 1.00708 0.720192 0.311326 0.102856
threshold=1.400084327182497 -1.1193959225102954 -0.01913842476728693 -0.052971895692689917 -0.49245665363557245 -0.82628565795775921 0.60399721864992262 -1.060100321404899 -0.80170273132168923 1.0000000180025095e-35 0.40808370681050588 -1.0000000180025095e-35 -1.2901729372846511 0.082378701724606082 0.59139136001558779 1.0000000180025095e-35 -0.36535801042318644 0.4004742896671008 0.41107034472232867 -0.2385598839302982 -0.39245166892492628 -0.4159507002372857 1.5164981632655543 -0.46497122032653765 -0.53625372552876749 -0.52240417331885658 -0.45171928745605777 0.84479744530978751
decision_type=2 2 2 2 2 2 2 2 2 2 2 2 2 2 2 2 2 2 2 2 2 2 2 2 2 2 2 2
left_child=1 2 21 20 18 -4 7 24 12 15 11 13 -9 -11 19 16 -10 -15 25 -13 -3 -1 27 -18 -6 -5 -8 -22
right_child=-2 3 5 4 6 -7 26 8 9 10 -12 14 -14 17 -16 -17 23 -19 -20 -21 22 -23 -24 -25 -26 -27 -28 -29
leaf_value=-0.016617174861619188 0.04109070148622819 0.0022483811229309187 0.002844196734222976 -0.0050187188585730826 -0.0027839520113328983 0.033368618269553556 -0.0050765464312668429 -0.0015194369398334425 0.020260178693401382 -0.0014813242030502817 0.030158757330470024 0.0020481459505067977 0.03212736303226324 0.0074597673452449064 0.015319912899198889 -0.017708255538609465 -0.015106805873027094 0.037511715879892105 0.003417619797106882 -0.01548285372370471 -0.020069411407725821 0.0020183501017020599 -0.0039291458007749197 0.0021012901995447232 -0.01919153019841004 -0.02224734825573222 -0.019532214149703603 -0.0099398297333776562
leaf_weight=6.8540721237659454 8.4013360440731031 5.0695846229791632 9.1552548110485095 5.0608639121055647 9.676468223333357 9.7338147759437543 5.0733489990234375 5.3431523442268363 5.0993567556142798 9.0989854186773247 7.1551443040370932 8.3799777030944789 8.4217078089714033 7.6562571227550489 5.8907916396856299 11.904300823807715 5.6133151948451987 6.6249566972255707 5.8384546190500251 14.931911632418647 23.460163757205009 5.1098277568817156 8.8907977640628797 5.0953842401504543 5.5547486394643775 12.158699110150337 5.8650874197483045 9.0853605866432172
leaf_count=27 32 20 36 20 38 38 20 21 20 36 28 33 33 30 23 47 22 26 23 59 93 20 35 20 22 48 23 36
internal_value=0 -0.00176805 0.00883018 -0.00351274 -0.000348096 0.0201658 0.00196164 0.00374791 0.00604155 0.0035098 0.00831937 0.00448262 0.0198076 0.0143642 -0.00354858 -0.00654734 0.00231704 0.0240213 -0.0126931 -0.00919629 -0.0132944 -0.00887411 -0.0153478 -0.00717527 -0.0103104 -0.0183122 -0.0147307 -0.0179804
internal_weight=236.203 227.802 30.853 196.949 150.443 18.8891 127.385 116.446 101.215 87.4504 59.738 52.5829 13.7649 23.3802 29.2027 27.7124 15.8081 14.2812 23.058 23.3119 46.5059 11.9639 41.4363 10.7087 15.2312 17.2196 10.9384 32.5455
internal_count=929 897 121 776 592 74 501 458 398 344 235 207 54 92 115 109 62 56 91 92 184 47 164 42 60 68 43 129
is_linear=0
shrinkage=0.03


Tree=6
num_leaves=34
num_cat=0
split_feature=13 40 40 54 55 50 38 40 12 18 12 12 29 13 0 40 44 37 36 48 38 50 55 55 32 18 48 44 25 19 44 36 56
split_gain=9.85392 8.02965 7.08721 5.56733 3.26683 3.22755 3.54715 5.04498 3.54282 3.22217 3.17027 4.66059 4.14174 3.19419 4.48021 4.04992 2.88567 2.57104 2.55343 3.05842 2.45752 2.76524 2.23195 2.21795 2.19332 2.17086 2.02496 1.36166 1.31372 1.65899 1.25933 0.152786 1.13007
threshold=1.4104220593051127 0.71472458274820261 -0.1238257108016601 0.49535322229672302 -0.026503911724029574 1.0000000180025095e-35 -0.3169616731187091 0.13536256175011538 -0.30242804284320574 0.55658507534392554 -0.9816685926054286 -0.15077949806812346 0.45963697566103029 0.2039041610038537 -0.53253481405654757 -0.38301398335343612 0.38732360227812324 0.89998252469287066 0.082378701724606082 -0.43773289910629537 -0.16604510196635347 1.0000000180025095e-35 -0.36018295686117369 -0.41461833874031895 0.65763200170873659 0.57754041664183109 0.34312191867935321 0.13642973137768663 0.37585579237775052 -0.82042828612985452 1.0000000180025095e-35 -0.67643177199142268 1.0000000180025095e-35
decision_type=2 2 2 2 2 2 2 2 2 2 2 2 2 2 2 2 2 2 2 2 2 2 2 2 2 2 2 2 2 2 2 2 2
left_child=1 2 10 5 -5 6 -4 -8 27 30 12 18 -1 15 -15 23 -6 22 19 -12 -3 28 -2 -13 31 -23 -20 -9 29 -22 -7 32 -21
right_child=17 20 3 4 16 9 7 8 -10 -11 11 13 -14 14 -16 -17 -18 -19 26 24 21 25 -24 -25 -26 -27 -28 -29 -30 -31 -32 -33 -34
leaf_value=0.018181546585733059 -0.0022970980087365892 0.0032567434386898248 -0.016913431591559263 0.0024174360890587454 0.034970922921472886 0.007136610340433976 0.017681221902627324 -0.0018278399352966617 0.0081395516461711497 -0.0032665700223169793 0.0039651464615164519 -0.0058622786969468 -0.0092106516995946464 -0.0054899594537712948 0.023937383388390875 -0.020847153004948302 0.007080883213002302 0.030130732064589813 -0.008030004522833447 -0.020776613510365961 -0.0011265952640612746 -0.011021270948120448 0.018150115804340141 0.014858753695620163 -0.0030067936915973625 0.0072974468600328288 0.011374607578131062 -0.019706429178952267 -0.026062360345119707 -0.017709334927903001 0.028571271758000057 -0.024804234054552076 -0.0044522618142885974
leaf_weight=11.082096219062807 7.7834585607051876 8.6793114244937879 9.3136360049247724 8.8103325366973895 10.538628786802294 6.7489418089389819 11.806217849254606 7.7113996446132687 10.442009985446932 7.0637321174144736 6.6902439296245566 8.0291695296764374 6.6891537308692923 6.681046366691592 9.7431389987468702 7.3346641659736624 6.7551865577697745 8.5223100781440717 10.349083274602892 10.633246809244154 9.6402887403964979 12.299378991127016 8.5240137577056903 7.3677473068237314 10.359002590179442 8.3646827638149244 6.6806290447711936 9.3174180984497053 12.517645478248594 14.954374611377718 6.7830112278461456 14.293152242898943 8.6880133152008039
leaf_count=33 23 26 28 26 31 20 35 23 31 21 20 24 20 20 29 22 20 25 31 32 29 37 25 22 31 25 20 28 38 45 20 43 26
internal_value=0 -0.00160462 0.0011486 0.00726827 0.0187066 0.00256229 -0.00160574 0.00236562 -0.00458416 0.0121088 -0.003514 -0.00550556 0.0076453 0.00255662 0.0121745 -0.00446841 0.0258306 0.0175691 -0.01021 -0.013503 -0.0106279 -0.0128446 0.00868242 0.00413691 -0.0163357 -0.00334324 0 -0.0127374 -0.0176441 -0.0118778 0.020059 -0.0199686 -0.0145739
internal_weight=311.196 286.367 219.911 95.2905 26.1041 69.1864 48.5907 39.277 27.4708 20.5957 124.62 106.849 17.7712 39.1558 16.4242 22.7316 17.2938 24.8298 67.6934 50.6637 66.4557 57.7764 16.3075 15.3969 43.9734 20.6641 17.0297 17.0288 37.1123 24.5947 13.532 33.6144 19.3213
internal_count=929 856 656 283 77 206 145 117 82 61 373 320 53 117 49 68 51 73 203 152 200 174 48 46 132 62 51 51 112 74 40 101 58
is_linear=0
shrinkage=0.03


Tree=7
num_leaves=33
num_cat=0
split_feature=18 26 60 51 38 60 45 45 45 45 45 18 46 40 46 46 4 56 32 18 47 46 25 38 40 26 20 20 23 45 14 46
split_gain=7.58389 4.14057 4.62955 4.45611 6.37322 3.99124 3.90505 5.66665 3.82628 3.65344 3.32697 3.27746 3.02868 4.74805 4.37012 3.7914 2.95339 3.65375 2.72731 2.62712 2.41062 2.96915 2.7397 2.3332 3.90496 2.06006 2.01459 1.99874 1.59865 1.20664 0.186073 0.178408
threshold=-1.0745062792325746 -1.5007684651782487 39.500000000000007 1.0000000180025095e-35 -0.16604510196635347 162.00000000000003 0.25129613832198855 -1.297307322395223 -0.75837535279967194 -0.95308451515676029 -0.53625372552876749 0.55658507534392554 -0.16133447302044396 -0.1238257108016601 0.20131953046708281 -0.73135130279023708 -0.4484684891293455 -0.72472462306228547 -0.20123415984808132 0.52971006680761956 0.37437212352852223 -0.33041238238612114 -0.34656496166141632 -1.1470028144566637 -0.38301398335343612 -1.0000000180025095e-35 1.0000000180025095e-35 0.31833973832149798 -1.3391533279828798 -0.039288636370059131 -0.18186568797012598 0.74012032381917658
decision_type=2 2 2 2 2 2 2 2 2 2 2 2 2 2 2 2 2 2 2 2 2 2 2 2 2 2 2 2 2 2 2 2
left_child=23 28 -3 4 27 -5 7 -7 9 -9 26 20 13 15 25 -12 -6 -18 -19 -16 30 -22 -23 -1 -25 -14 -10 29 -2 -4 -8 -26
right_child=1 2 3 5 16 6 11 8 10 -11 12 -13 14 -15 19 -17 17 18 -20 -21 21 22 -24 24 31 -27 -28 -29 -30 -31 -32 -33
leaf_value=-0.026132039302792696 0.024017562471768252 0.018662273501659551 -0.014922832180593516 -0.015103098866308005 0.015391795590910818 0.0171707779209475 0.012237703980995837 -0.001483442903265645 0 -0.025160119831947943 0.016074760555144781 -0.0063658328899826658 0.023179142157770807 -0.021529015580168401 -0.012092762293993229 -0.0085356436258053631 -0.01910464855264412 -0.0092364495337151162 0.01185798251062614 0.0041161388399421801 0.020326599665378264 0.011012569024774559 -0.0091302841741752114 0.0060344131320412839 -0.0086210133305091394 0.0029850519524760818 0.01997963450843579 -0.023475843082962789 0.0041994538240923375 0 0.025237976486738072 -0.020393976104451081
leaf_weight=8.1094453036785108 8.1868080198764819 10.780424743890761 8.50888592004776 9.9963066577911359 9.2801532447338086 14.489824861288069 10.014138907194139 14.083575189113619 8.1593635976314562 9.6222856640815717 7.4260091185569754 8.5332989990711194 8.9024842977523821 13.295801758766165 15.941480010747908 13.712944716215135 7.402621895074847 7.4144525825977352 12.607472687959669 16.708224564790726 7.8011052012443569 9.6508219838142413 11.856143951416014 10.363066256046297 8.4908458590507525 10.393864095211034 10.018070071935652 15.527236074209211 8.5433236658573133 10.007834732532501 10.015330404043196 8.4741909801959974
leaf_count=22 22 29 23 27 25 39 27 38 22 26 20 23 24 36 43 37 20 20 34 45 21 26 32 28 23 28 27 42 23 27 27 23
internal_value=0 0.00151815 0.000627864 -0.000137195 -0.00659097 0.00203365 0.00302294 0.000287248 -0.00175026 -0.0122573 0.000715026 0.00949243 -0.00173248 -0.00848504 0.00274401 0.000337082 0.00195768 -0.00294329 0.00366827 -0.00380583 0.0124602 0.00616441 0 -0.0128615 -0.00756061 0.0135901 0.0118962 -0.0156702 0.0154047 -0.00755632 0.0203224 -0.0160056
internal_weight=344.318 308.88 292.15 281.37 70.7487 210.621 200.625 142.754 128.264 23.7059 104.558 57.8708 86.3808 34.4348 51.9461 21.139 36.7047 27.4245 20.0219 32.6497 49.3375 29.3081 21.507 35.4375 27.3281 19.2963 18.1774 34.044 16.7301 18.5167 20.0295 16.965
internal_count=929 833 788 759 191 568 541 385 346 64 282 156 233 93 140 57 99 74 54 88 133 79 58 96 74 52 49 92 45 50 54 46
is_linear=0
shrinkage=0.03


Tree=8
num_leaves=28
num_cat=0
split_feature=6 46 61 12 16 47 44 32 40 37 35 34 30 43 30 46 59 18 40 54 54 31 43 24 20 52 46
split_gain=18.1369 7.45606 5.0593 7.08919 4.90723 4.11721 3.77238 4.97038 4.86379 4.25747 6.09661 3.88101 3.66353 3.995 3.17177 3.13154 2.84181 2.812 2.54774 1.34013 4.03137 1.44704 2.51717 0.999334 1.08297 0.7885 0.719375
threshold=1.8880378507901359 0.19238857818678759 316.00000000000006 -0.15077949806812346 0.30303046605647249 -0.67111035528951379 -1.3689334940249325 1.5164981632655543 0.39455083430189147 0.20422051009622205 -0.27711417141162087 0.59139136001558779 -0.88352426817723728 -0.63419050233034713 -1.1193959225102954 -0.45703801498431235 1.4009835744544379 0.61705683002464273 -0.25341984707754811 0.51021275051441684 0.19769700744983337 -0.5822773298045365 0.36968431591729789 -0.23213648165090067 -0.99780452914922568 -1.0000000180025095e-35 -0.13779438399328933
decision_type=2 2 2 2 2 2 2 2 2 2 2 2 2 2 2 2 2 2 2 2 2 2 2 2 2 2 2
left_child=1 2 3 18 16 -6 14 8 9 17 12 15 13 -11 -4 -10 19 23 -1 20 21 22 -3 24 -8 -17 -14
right_child=-2 4 6 -5 5 -7 7 -9 11 10 -12 -13 26 -15 -16 25 -18 -19 -20 -21 -22 -23 -24 -25 -26 -27 -28
leaf_value=0.040665063074019493 0.039285291429610854 -0.017014574378049898 0.028305054940312553 -0.0045705672652609011 0.018397124682089393 -0.0082238429815633847 0.0012414979790774756 0.022752192735867219 0.012219200496278634 -0.01075941546458606 0.02118338408659395 0.02528583822223374 -0.019342443193954506 0.020178793669093868 -5.6899353995786642e-05 -0.00011569618115684392 0.0034940061067697901 0.0015652863411285218 0.010503589304801771 -0.023052074734485381 0.010231266804068426 -0.021294348158428508 0.0064849513838107819 -0.020959773130611609 -0.013871679728383088 -0.015671482501019067 -0.0038939405298959152
leaf_weight=6.2214127331972122 8.6351705193519575 7.3063997477292997 5.7565774023532867 9.1871239691972715 8.1181351244449633 9.7960361242294294 5.3181324750185004 5.3756721615791312 9.6824711561203038 5.5749995857477188 8.1742203831672651 6.2007182389497748 10.616435676813127 6.4145182967185956 6.1207985728979093 6.1335599422454861 6.8525877296924582 8.5756668597459775 6.8837570399045962 17.11140114068985 5.2896874696016303 16.560259610414509 6.0767049342393875 21.869734004139907 10.089826911687842 6.0710362792015049 6.0969494730234173
leaf_count=24 32 29 22 36 32 39 21 21 38 22 32 24 42 25 24 24 27 34 27 68 21 66 24 87 40 24 24
internal_value=0 -0.00172494 0.00213775 0.0148454 -0.00923043 0.00402022 -0.000174102 -0.00193317 -0.00347192 -0.00714453 0.000327585 0.0069565 -0.0061703 0.00575132 0.0148732 0.000218425 -0.0133394 -0.0131006 0.0279388 -0.0156905 -0.0111566 -0.0154336 -0.00636309 -0.0165593 -0.00865306 -0.00915989 -0.0148212
internal_weight=236.11 227.475 150.364 22.2923 77.1112 17.9142 128.071 116.194 110.818 82.7305 36.8771 28.0878 28.7029 11.9895 11.8774 21.8871 59.197 45.8534 13.1052 52.3445 35.2331 29.9434 13.3831 37.2777 15.408 12.2046 16.7134
internal_count=929 897 591 87 306 71 504 458 437 327 145 110 113 47 46 86 235 182 51 208 140 119 53 148 61 48 66
is_linear=0
shrinkage=0.03


end of trees

feature_importances:
Column_40=20
Column_46=16
Column_45=13
Column_32=12
Column_54=11
Column_38=10
Column_44=10
Column_13=9
Column_20=9
Column_36=9
Column_55=9
Column_12=8
Column_18=8
Column_37=8
Column_61=8
Column_16=7
Column_30=7
Column_43=7
Column_19=6
Column_24=6
Column_34=6
Column_50=6
Column_25=5
Column_26=5
Column_35=5
Column_47=5
Column_48=4
Column_60=4
Column_0=3
Column_6=3
Column_23=3
Column_33=3
Column_52=3
Column_53=3
Column_56=3
Column_58=3
Column_7=2
Column_10=2
Column_27=2
Column_51=2
Column_59=2
Column_1=1
Column_4=1
Column_11=1
Column_14=1
Column_17=1
Column_21=1
Column_29=1
Column_31=1
Column_41=1
Column_42=1
Column_49=1

parameters:
[boosting: gbdt]
[objective: multiclass]
[metric: multi_logloss]
[tree_learner: serial]
[device_type: cpu]
[data_sample_strategy: bagging]
[data: ]
[valid: ]
[num_iterations: 1800]
[learning_rate: 0.03]
[num_leaves: 128]
[num_threads: 3]
[seed: 42]
[deterministic: 0]
[force_col_wise: 1]
[force_row_wise: 0]
[histogram_pool_size: -1]
[max_depth: 12]
[min_data_in_leaf: 20]
[min_sum_hessian_in_leaf: 0.001]
[bagging_fraction: 0.85]
[pos_bagging_fraction: 1]
[neg_bagging_fraction: 1]
[bagging_freq: 0]
[bagging_seed: 400]
[bagging_by_query: 0]
[feature_fraction: 0.8]
[feature_fraction_bynode: 1]
[feature_fraction_seed: 30056]
[extra_trees: 0]
[extra_seed: 12879]
[early_stopping_round: 0]
[early_stopping_min_delta: 0]
[first_metric_only: 0]
[max_delta_step: 0]
[lambda_l1: 0.2]
[lambda_l2: 1.5]
[linear_lambda: 0]
[min_gain_to_split: 0]
[drop_rate: 0.1]
[max_drop: 50]
[skip_drop: 0.5]
[xgboost_dart_mode: 0]
[uniform_drop: 0]
[drop_seed: 17869]
[top_rate: 0.2]
[other_rate: 0.1]
[min_data_per_group: 100]
[max_cat_threshold: 32]
[cat_l2: 10]
[cat_smooth: 10]
[max_cat_to_onehot: 4]
[top_k: 20]
[monotone_constraints: ]
[monotone_constraints_method: basic]
[monotone_penalty: 0]
[feature_contri: ]
[forcedsplits_filename: ]
[refit_decay_rate: 0.9]
[cegb_tradeoff: 1]
[cegb_penalty_split: 0]
[cegb_penalty_feature_lazy: ]
[cegb_penalty_feature_coupled: ]
[path_smooth: 0]
[interaction_constraints: ]
[verbosity: -1]
[saved_feature_importance_type: 0]
[use_quantized_grad: 0]
[num_grad_quant_bins: 4]
[quant_train_renew_leaf: 0]
[stochastic_rounding: 1]
[linear_tree: 0]
[max_bin: 255]
[max_bin_by_feature: ]
[min_data_in_bin: 3]
[bin_construct_sample_cnt: 200000]
[data_random_seed: 175]
[is_enable_sparse: 1]
[enable_bundle: 1]
[use_missing: 1]
[zero_as_missing: 0]
[feature_pre_filter: 1]
[pre_partition: 0]
[two_round: 0]
[header: 0]
[label_column: ]
[weight_column: ]
[group_column: ]
[ignore_column: ]
[categorical_feature: ]
[forcedbins_filename: ]
[precise_float_parser: 0]
[parser_config_file: ]
[objective_seed: 16083]
[num_class: 3]
[is_unbalance: 0]
[scale_pos_weight: 1]
[sigmoid: 1]
[boost_from_average: 1]
[reg_sqrt: 0]
[alpha: 0.9]
[fair_c: 1]
[poisson_max_delta_step: 0.7]
[tweedie_variance_power: 1.5]
[lambdarank_truncation_level: 30]
[lambdarank_norm: 1]
[label_gain: ]
[lambdarank_position_bias_regularization: 0]
[eval_at: ]
[multi_error_top_k: 1]
[auc_mu_weights: ]
[num_machines: 1]
[local_listen_port: 12400]
[time_out: 120]
[machine_list_filename: ]
[machines: ]
[gpu_platform_id: -1]
[gpu_device_id: -1]
[gpu_device_id_list: ]
[gpu_use_dp: 0]
[num_gpu: 1]

end of parameters

pandas_categorical:null
