tree
version=v4
num_class=1
num_tree_per_iteration=1
label_index=0
max_feature_idx=62
objective=binary sigmoid:1
feature_names=Column_0 Column_1 Column_2 Column_3 Column_4 Column_5 Column_6 Column_7 Column_8 Column_9 Column_10 Column_11 Column_12 Column_13 Column_14 Column_15 Column_16 Column_17 Column_18 Column_19 Column_20 Column_21 Column_22 Column_23 Column_24 Column_25 Column_26 Column_27 Column_28 Column_29 Column_30 Column_31 Column_32 Column_33 Column_34 Column_35 Column_36 Column_37 Column_38 Column_39 Column_40 Column_41 Column_42 Column_43 Column_44 Column_45 Column_46 Column_47 Column_48 Column_49 Column_50 Column_51 Column_52 Column_53 Column_54 Column_55 Column_56 Column_57 Column_58 Column_59 Column_60 Column_61 Column_62
feature_infos=[-0.92827173611981861:9.8175955908136689] [-1.6269224722654607:8.4011342144967447] [-1.0149704314235988:5.2052481069501617] [-0.91419594350145938:9.7722160843686066] [-1.6287108752481392:8.4219243155318608] [-1.0108997921908953:5.1754029077150259] [-1.6163367567566629:4.7672218504985597] [-2.3101507228554223:6.0926313005931947] [-2.0468599345716805:3.1347961438470304] [-2.5043412777110605:2.3954723646197635] [-4.5699748816064485:3.1948166620823888] [-1.7780558576763479:3.6075415971706666] [-2.09134623203837:3.3021743261829939] [-2.4822537786812466:2.5014232554001161] [-1.7341674303472367:3.6896101401066117] [-2.4822537786812466:2.5014232554001161] [-4.6319171613451662:3.2882309117191766] [-1.7341674303472367:3.6896101401066117] [-4.2056262523556329:1.0433258901827185] [-1.7170895782299334:1.7091988355864018] [-1.3672326520150029:1.5127935427238246] [-3.8572514896717642:0.64310089771642243] [-2.7669929526473043:0.36140316116209681] [-2.366246385650296:2.2834361550813091] [-2.264709441968177:4.1197990742379682] [-2.0660149653403379:4.2434677202922932] [-3.2147800565221756:3.1240617175685825] [-2.5165248276181447:2.1859553712028279] [-2.4259715859463111:4.1555520384004287] [-2.0487532345782684:3.4300456914503727] [-3.2646864605108736:4.3259878734845048] [-2.7270835049543449:2.8573340563287211] [-2.2453362513163548:5.4368384434219843] [-2.6757128373142516:3.5197723832843897] [-2.8958225948864724:4.9872212508890472] [-2.6757410991332202:2.7854689750522734] [-2.3861110833717767:4.2007192529882351] [-2.6184684162759884:3.1768028910074864] [-3.2144509924480547:3.6800349382191215] [-2.6531339151782882:3.2709047968869602] [-2.5226685254793648:3.2673975532337853] [-2.9191386417108842:1.8371070546015431] [-3.4170056652667444:3.4458774075522451] [-1.9545410034324766:2.7130475462241437] [-3.8399196175459775:3.1670546334234246] [-2.3139533797631899:2.7002048154335418] [-2.3275418035048547:2.8029977952900835] [-2.5071184593847451:2.753441291089064] [-2.3811302226625628:2.0390900772230909] [-1.2175873783555873:4.5689369516235399] [-1.2164777367061639:4.6283426603159867] [-12.905374348412787:12.300351735221623] [-4.8439589089727821:7.8192887618298341] [-3.6651170566166047:7.4714514302370851] [-2.6823447711236508:2.7065666348218738] [-2.5191546091720669:2.5840932334661022] [-1.1813189454080584:2.6192077430708283] [-1.0878928474662479:3.0793855449023013] [-1.2583629236780809:2.443883808757696] [-2.1692050378622425:2.2990589181730146] [23:817] [23:817] [0:1]
tree_sizes=4610 4495 4361

Tree=0
num_leaves=42
num_cat=0
split_feature=19 45 12 26 24 52 29 53 19 31 32 23 47 54 54 42 50 23 47 36 61 55 44 46 37 16 27 52 20 43 12 40 52 45 55 19 39 46 44 41 58
split_gain=16.8485 11.6857 11.7991 10.9521 10.8545 10.5547 7.12142 6.8019 5.9757 5.59964 4.78663 5.38361 5.60458 7.17973 4.77883 4.69736 11.2195 4.62837 4.58146 4.11283 4.0458 3.9988 3.74725 3.73037 3.68061 3.59568 4.03771 3.08225 3.0363 2.82745 2.80455 2.7444 2.04436 2.22356 1.89538 1.66767 2.79988 1.66215 1.5214 1.16536 1.12892
threshold=0.70494188670920022 -0.41320705287689846 0.1808840709982161 -0.61132718502061467 -0.18974417420118003 -0.35905869223018844 -0.77036681850491884 1.0000000180025095e-35 1.5319770210786605 -0.12744084711567633 -1.1619526405199221 -0.97134162343081432 -1.191729730506212 1.5309766984634463 0.6296200201291654 1.0000000180025095e-35 -0.27713160147046106 -1.5912992955283616 -0.3050449055911218 -0.29342019525739782 256.50000000000006 -0.39544207704919182 0.52508073551692902 -0.65499171723629723 0.15179863720567249 0.36782306577431051 -0.1652847282076583 1.0000000180025095e-35 -0.71268124411981471 -0.24309186855838247 -0.83882415643151342 -0.081758315825781941 -0.88669401184696406 -0.72770154471297366 -0.63717486632340381 -0.94912838202972016 -0.33905629327780035 -1.0000000180025095e-35 1.0000000180025095e-35 -0.54101579355467055 -0.88813825043450312
decision_type=2 2 2 2 2 2 2 2 2 2 2 2 2 2 2 2 2 2 2 2 2 2 2 2 2 2 2 2 2 2 2 2 2 2 2 2 2 2 2 2 2
left_child=1 5 3 -3 29 7 39 21 10 -6 -2 -12 30 19 31 25 -17 -9 27 20 -14 24 -10 -16 -1 -4 -27 -8 -21 -5 -13 34 -19 -34 -11 36 -20 -25 -23 -7 -22
right_child=8 2 15 4 9 6 18 17 22 14 11 12 13 -15 23 16 -18 32 35 28 40 38 -24 37 -26 26 -28 -29 -30 -31 -32 -33 33 -35 -36 -37 -38 -39 -40 -41 -42
leaf_value=-0.02369329830141427 -0.087195532473988174 -0.0026173630072009318 -0.040064235173919598 -0.044510583970812423 -0.0073247305692984085 -0.049550405003178533 -0.065068966419698532 -0.051204553010596801 -0.030218066280559824 -0.049550405003178533 -0.033828110593524086 -0.088914897644543633 -0.043341588740249765 -0.078157885007948943 -0.044743869792401914 -0.065021635771725955 -0.015583767780591687 -0.04216266019192947 -0.046780000664558265 -0.022278839986348286 -0.078302834880202538 -0.073856486083309691 -0.056467495066989809 -0.0070123685458014645 -0.052472430037544357 -0.079180676871277486 -0.046965888546446392 -0.039424192605697961 -0.04790635158289884 -0.07190324801771332 -0.056071090895738376 -0.060051937415000048 -0.0064148089602321309 -0.036301492556123374 -0.026725188783241118 -0.085653859134890542 -0.074988776601853602 -0.033093718210514086 -0.049550405003178533 -0.032161753554700079 -0.054167745475807327
leaf_weight=4.9972468614578274 5.2471092045307151 11.243805438280104 5.2471092045307186 5.2471092045307159 8.4953196644783002 4.9972468614578247 6.7462832629680616 5.7468338906765011 8.745182007551195 4.9972468614578256 5.4969715476036063 7.7457326352596283 8.4953196644782967 8.4953196644783002 7.2460079491138414 5.9966962337493896 7.7457326352596265 4.9972468614578291 4.9972468614578212 5.2471092045307151 5.2471092045307088 5.2471092045307142 7.7457326352596274 7.2460079491138414 8.7451820075511915 7.7457326352596274 6.24655857682228 6.9961456060409546 9.4947690367698723 5.7468338906764966 5.2471092045307142 6.4964209198951712 7.4958702921867406 5.7468338906764913 5.2471092045307168 9.2449066936969775 5.496971547603609 7.4958702921867468 4.9972468614578247 5.7468338906764966 4.99724686145783
leaf_count=20 21 45 21 21 34 20 27 23 35 20 22 31 34 34 29 24 31 20 20 21 21 21 31 29 35 31 25 28 38 23 21 26 30 23 21 37 22 30 20 23 20
internal_value=-0.04694 -0.0421313 -0.0352191 -0.0283123 -0.034364 -0.0498122 -0.0602083 -0.0402378 -0.0582082 -0.02815 -0.0622111 -0.0590243 -0.0619315 -0.0557922 -0.0341741 -0.0497687 -0.0372067 -0.0293705 -0.0668601 -0.0488506 -0.0579383 -0.0512642 -0.0426472 -0.0254407 -0.0411431 -0.0590858 -0.0665813 -0.052165 -0.037719 -0.0596272 -0.0783829 -0.0467984 -0.022386 -0.0165755 -0.0372816 -0.0757168 -0.0627157 -0.0174011 -0.0643585 -0.0400685 -0.0694673
internal_weight=276.847 194.643 102.444 69.4617 58.2179 92.1992 44.2256 47.9736 82.2047 47.224 65.7138 60.4667 54.9697 41.9769 38.7287 32.9818 13.7424 23.9868 33.4816 33.4816 18.7397 23.9868 16.4909 21.9879 13.7424 19.2394 13.9923 13.7424 14.7419 10.9939 12.9928 16.7408 18.24 13.2427 10.2444 19.7391 10.4942 14.7419 10.2444 10.7441 10.2444
internal_count=1108 779 410 278 233 369 177 192 329 189 263 242 220 168 155 132 55 96 134 134 75 96 66 88 55 77 56 55 59 44 52 67 73 53 41 79 42 59 41 43 41
is_linear=0
shrinkage=1


Tree=1
num_leaves=41
num_cat=0
split_feature=19 42 25 53 60 26 26 12 19 26 46 40 32 32 54 56 36 10 41 61 43 57 36 19 57 57 58 33 14 12 31 19 24 34 38 54 61 42 56 37
split_gain=16.036 10.7353 9.03453 6.52238 9.38866 6.39441 6.31375 6.30165 5.68699 5.13982 4.90527 4.72425 5.92273 4.5767 4.89063 5.21065 7.20902 5.41132 4.41365 4.36817 4.42163 5.18061 4.12985 3.76608 3.55956 3.51063 3.33569 3.16768 3.22396 3.00169 2.81761 2.55099 2.23011 1.98108 1.59195 1.54246 1.13284 1.00783 0.706986 0.667501
threshold=0.70494188670920022 -0.51134952556515623 0.56293615367325844 1.0000000180025095e-35 247.00000000000003 0.52060884606702096 -0.045359169476796926 0.18174755051016869 1.5319770210786605 -0.4981335819118512 -0.94482756878087248 0.37236451387721015 -0.24271806166234342 -1.1619526405199221 1.5309766984634463 -0.80126627656016958 -0.29342019525739782 -2.617075533501561 1.5200240081807148 544.50000000000011 1.0000000180025095e-35 -0.56698304842017921 -1.0481611712986489 -0.47653687667574296 -0.56698304842017921 1.0000000180025095e-35 1.0000000180025095e-35 -0.79494053820394939 -0.34572368341295528 -0.68441011923880268 0.83538976689864552 -1.0672762583682143 -0.50896960001148717 -0.17753161358456909 0.16244007563382803 -0.039017550789973432 433.50000000000006 0.67858584593168481 0.71894439883138506 -1.0000000180025095e-35
decision_type=2 2 2 2 2 2 2 2 2 2 2 2 2 2 2 2 2 2 2 2 2 2 2 2 2 2 2 2 2 2 2 2 2 2 2 2 2 2 2 2
left_child=1 3 5 11 9 6 22 35 13 -5 37 12 23 -2 15 32 17 -17 27 20 21 -8 -3 -1 -6 31 -26 -12 -29 36 33 -24 -15 -10 -30 -4 -18 -7 -19 -33
right_child=8 2 7 4 24 10 19 -9 30 -11 18 -13 -14 14 -16 16 29 38 -20 -21 -22 -23 25 -25 26 -27 -28 28 34 -31 -32 39 -34 -35 -36 -37 -38 -39 -40 -41
leaf_value=-0.010034472889514789 -0.039358171229683429 -0.012607316893678814 0.036644544345194874 0.034046242085703053 -0.026039496937691205 0.0047628257135171811 0.025813513007751691 -0.0023647193446396987 -0.00022027585691236485 0.00043030661771081044 0.041876593737152572 0.0083593968335158222 0.0020770119326528947 -0.0040921229571088411 -0.031128706185310596 0.0097249070427280777 0.0092706623746411122 -0.0090556168730209548 -0.0022803931344333307 -0.029944983748609693 -0.020635121984204988 -0.010055903135703282 0.00021227161064736328 -0.038335988639831065 -0.015427285062974012 -0.0029377361808449977 0.012362566488759845 0.027931039923439292 0.013740689936488202 0.026977285771860295 -0.011010873673446426 0.012303924835772001 -0.029931081657204123 0.022847221884040932 -0.0067173066082418919 0.011174643408605455 -0.0067797188257325627 -0.011729361916947853 -0.029476853888923793 0.034097261485343269
leaf_weight=9.7414697855711001 5.2400336712598792 5.7463059872388866 16.245351463556297 8.7458373159170169 5.9960002750158337 4.9967853426933271 5.4974160939455068 5.4965612590312949 5.2468120306730279 7.495969906449317 6.7475646883249309 5.9961314201354972 8.2441543638706225 5.745102807879447 8.7368361651897413 4.9950675368309048 7.2435040026903117 5.2464644908904976 5.9970420449972144 6.9954659342765799 6.4952986389398566 5.9960327595472354 4.9966390877962175 10.738582432270048 5.4974976032972318 7.7440867871046057 7.2461939603090286 8.7474220991134697 4.9974965751171094 5.7476639896631321 5.4973234832286826 5.9958600550890031 9.239484027028082 5.7476928085088739 5.4969985783100128 5.2469915747642508 5.4976321458816528 4.996175080537796 7.9924866259098053 6.4956651031970898
leaf_count=39 21 23 65 35 24 20 22 22 21 30 27 24 33 23 35 20 29 21 24 28 26 24 20 43 22 31 29 35 20 23 22 24 37 23 22 21 22 20 32 26
internal_value=0 0.00468483 0.00992037 -0.00462621 0.00432231 0.00542147 -0.00115566 0.0248911 -0.0110016 0.020218 0.0140648 -0.0136133 -0.0185858 -0.0149086 -0.0117905 -0.00762473 -0.00111451 -0.0140741 0.0196134 -0.0120877 -0.00306513 0.00763835 0.00762733 -0.0267506 -0.00963548 0.0129088 0 0.0247324 0.0158375 0.0114633 0.00417172 0.0199197 -0.0216622 0.0126538 0.00302465 0.0318221 0.00193918 -0.00341539 -0.0235364 0.026506
internal_weight=276.809 194.633 124.931 69.7018 34.9815 97.9423 55.9628 26.9889 82.1761 16.2418 41.9795 34.7203 28.7242 65.6843 60.4442 51.7074 36.7228 18.234 31.9865 24.9842 17.9887 11.4934 30.9786 20.4801 18.7397 25.2323 12.7437 25.9895 19.2419 18.4888 16.4918 17.4882 14.9846 10.9945 10.4945 21.4923 12.7411 9.99296 13.239 12.4915
internal_count=1108 779 500 279 140 392 224 108 329 65 168 139 115 263 242 207 147 73 128 100 72 46 124 82 75 101 51 104 77 74 66 70 60 44 42 86 51 40 53 50
is_linear=0
shrinkage=0.03


Tree=2
num_leaves=40
num_cat=0
split_feature=19 45 25 42 26 21 12 47 14 45 26 19 19 2 60 30 32 59 26 55 27 16 1 44 12 47 11 29 40 37 12 42 56 47 61 47 55 55 36
split_gain=15.2469 10.8485 13.145 9.45567 7.8932 7.12045 6.55621 5.97366 10.5301 6.84037 6.42227 5.50426 5.40908 5.11909 4.52198 4.39306 4.38519 4.58098 6.40318 3.77715 6.44362 4.54233 5.41761 3.52348 3.49899 2.78152 5.44699 4.39377 2.77457 4.15823 2.74531 2.6042 2.52569 2.45766 2.1465 1.51569 1.13002 1.10605 0.2846
threshold=0.70494188670920022 -0.41320705287689846 0.56293615367325844 -0.26229328501930577 0.52060884606702096 -1.2320459303619884 0.18174755051016869 -0.2733127318702025 0.40317084182182494 -0.57361925038902795 -0.045359169476796794 -0.94912838202972016 1.5319770210786605 1.0000000180025095e-35 256.50000000000006 0.056233560612104529 -1.1619526405199221 -1.4989654444569538 -0.61132718502061467 0.048528073618903329 -1.1057807679718525 -0.89096826624868863 -0.30321898961284971 0.52508073551692902 0.59113271362399844 0.50605280420980014 -1.1421389168218936 0.26451742307826881 0.82648734358020226 0.15179863720567249 2.5827001457607808 -0.6497141036461842 1.0000000180025095e-35 0.10937333864746443 287.50000000000006 1.6806776913356563 0.89205246574956221 -0.45294074790693767 0.18686951676885311
decision_type=2 2 2 2 2 2 2 2 2 2 2 2 2 2 2 2 2 2 2 2 2 2 2 2 2 2 2 2 2 2 2 2 2 2 2 2 2 2 2
left_child=1 5 3 24 13 -1 32 8 10 -10 28 14 16 15 33 -5 -2 -18 -19 20 -20 -21 -23 -14 31 38 -27 -28 29 -7 34 -3 -4 -9 -13 -22 -24 -16 -6
right_child=12 2 6 4 25 7 -8 11 9 -11 -12 30 23 -15 37 -17 17 18 19 21 35 22 36 -25 -26 26 27 -29 -30 -31 -32 -33 -34 -35 -36 -37 -38 -39 -40
leaf_value=0.023741424234973236 -0.03850393652996973 -0.012551762222959681 0.014490277996192742 0.020576520505380808 0.039797808874073567 0.037859025210139008 0.0023506531509453078 0.020045878597231757 -0.033169451264533099 0.0069078862774232088 -0.011721911983773783 -0.037275912810181 0.016119064174875405 -0.020260379725407 -0.0025977208678487724 -0.0079776906429806331 -0.031419206640394569 0.018719019375847468 0.0051799027696234207 0.018672088508233858 -0.037947514051370465 0.0063531049838887873 -0.0065573715815915026 -0.0093278787093319954 -0.025145652125503948 0.032263595366343184 -0.015923450327265418 0.014679963519737148 1.7779510261055662e-05 0.0066257024521662079 -0.0021968318854480927 0.01006034378385484 0.047665045595033595 -0.0044688219441496634 -0.0088272822440701813 -0.011802386283880169 -0.029352962506489236 -0.02361559364889667 0.017166252849261151
leaf_weight=6.7462580949068061 5.2290353178977957 7.7410834878683099 5.2488776445388856 8.9936555624008232 6.2489677816629392 9.2462550699710899 6.2449959367513648 6.7472121268510836 8.2395835816860181 5.2458947598934165 6.2460718303918865 10.234446629881861 8.748265817761423 7.2425702810287467 4.9967217892408371 7.493039831519126 7.7356074154376975 5.7471725046634665 5.4916075617074993 4.9949927181005469 9.2339642792940122 9.4905294030904788 4.9919026792049426 7.7438515722751609 7.7385366261005393 6.2487750798463813 6.2471754401922244 7.7467084378004074 5.4973489344120017 7.9952793419361106 4.9932359457015982 7.4966097772121438 11.49773947894573 5.2449159920215607 5.2436068207025519 5.7395379394292823 6.9889820516109467 5.495162755250929 6.248481959104538
leaf_count=27 21 31 21 36 25 37 25 27 33 21 25 41 35 29 20 30 31 23 22 20 37 38 20 31 31 25 25 31 22 32 20 30 46 21 21 23 28 22 25
internal_value=0 0.00456323 0.0112239 0.00510277 0.0116758 -0.00283642 0.0305222 -0.00537782 0.0024704 -0.0180479 0.0126318 -0.0130939 -0.0107352 -0.00130597 -0.00220525 0.0076823 -0.0145482 -0.0114952 -0.00766986 -0.011505 -0.0207855 -0.00338433 -0.00966082 0.00405549 -0.0105323 0.0209049 0.0120677 0.000411748 0.0198805 0.0253851 -0.0238131 -0.00116401 0.0396419 0.00957453 -0.0296229 -0.0302772 -0.0220866 -0.0156832 0.0319633
internal_weight=276.745 194.609 102.437 79.4456 56.4694 92.172 22.9916 85.4257 42.4704 13.4855 28.985 42.9553 82.1354 23.7293 22.484 16.4867 65.6433 60.4143 52.6787 46.9315 20.4651 26.4664 21.4714 16.4921 22.9762 32.7401 20.2427 13.9939 22.7389 17.2415 20.4713 15.2377 16.7466 11.9921 15.4781 14.9735 11.9809 10.4919 12.4974
internal_count=1108 779 410 318 226 369 92 342 170 54 116 172 329 95 90 66 263 242 211 188 82 106 86 66 92 131 81 56 91 69 82 61 67 48 62 60 48 42 50
is_linear=0
shrinkage=0.03


end of trees

feature_importances:
Column_19=10
Column_12=7
Column_26=7
Column_47=6
Column_42=5
Column_55=5
Column_32=4
Column_36=4
Column_45=4
Column_54=4
Column_61=4
Column_37=3
Column_40=3
Column_44=3
Column_46=3
Column_52=3
Column_56=3
Column_57=3
Column_14=2
Column_16=2
Column_23=2
Column_24=2
Column_25=2
Column_27=2
Column_29=2
Column_31=2
Column_41=2
Column_43=2
Column_53=2
Column_58=2
Column_60=2
Column_1=1
Column_2=1
Column_10=1
Column_11=1
Column_20=1
Column_21=1
Column_30=1
Column_33=1
Column_34=1
Column_38=1
Column_39=1
Column_50=1
Column_59=1

parameters:
[boosting: gbdt]
[objective: binary]
[metric: binary_logloss]
[tree_learner: serial]
[device_type: cpu]
[data_sample_strategy: bagging]
[data: ]
[valid: ]
[num_iterations: 1800]
[learning_rate: 0.03]
[num_leaves: 96]
[num_threads: 3]
[seed: 42]
[deterministic: 0]
[force_col_wise: 1]
[force_row_wise: 0]
[histogram_pool_size: -1]
[max_depth: 10]
[min_data_in_leaf: 20]
[min_sum_hessian_in_leaf: 0.001]
[bagging_fraction: 0.85]
[pos_bagging_fraction: 1]
[neg_bagging_fraction: 1]
[bagging_freq: 0]
[bagging_seed: 400]
[bagging_by_query: 0]
[feature_fraction: 0.8]
[feature_fraction_bynode: 1]
[feature_fraction_seed: 30056]
[extra_trees: 0]
[extra_seed: 12879]
[early_stopping_round: 0]
[early_stopping_min_delta: 0]
[first_metric_only: 0]
[max_delta_step: 0]
[lambda_l1: 0.2]
[lambda_l2: 1.5]
[linear_lambda: 0]
[min_gain_to_split: 0]
[drop_rate: 0.1]
[max_drop: 50]
[skip_drop: 0.5]
[xgboost_dart_mode: 0]
[uniform_drop: 0]
[drop_seed: 17869]
[top_rate: 0.2]
[other_rate: 0.1]
[min_data_per_group: 100]
[max_cat_threshold: 32]
[cat_l2: 10]
[cat_smooth: 10]
[max_cat_to_onehot: 4]
[top_k: 20]
[monotone_constraints: ]
[monotone_constraints_method: basic]
[monotone_penalty: 0]
[feature_contri: ]
[forcedsplits_filename: ]
[refit_decay_rate: 0.9]
[cegb_tradeoff: 1]
[cegb_penalty_split: 0]
[cegb_penalty_feature_lazy: ]
[cegb_penalty_feature_coupled: ]
[path_smooth: 0]
[interaction_constraints: ]
[verbosity: -1]
[saved_feature_importance_type: 0]
[use_quantized_grad: 0]
[num_grad_quant_bins: 4]
[quant_train_renew_leaf: 0]
[stochastic_rounding: 1]
[linear_tree: 0]
[max_bin: 255]
[max_bin_by_feature: ]
[min_data_in_bin: 3]
[bin_construct_sample_cnt: 200000]
[data_random_seed: 175]
[is_enable_sparse: 1]
[enable_bundle: 1]
[use_missing: 1]
[zero_as_missing: 0]
[feature_pre_filter: 1]
[pre_partition: 0]
[two_round: 0]
[header: 0]
[label_column: ]
[weight_column: ]
[group_column: ]
[ignore_column: ]
[categorical_feature: ]
[forcedbins_filename: ]
[precise_float_parser: 0]
[parser_config_file: ]
[objective_seed: 16083]
[num_class: 1]
[is_unbalance: 0]
[scale_pos_weight: 1]
[sigmoid: 1]
[boost_from_average: 1]
[reg_sqrt: 0]
[alpha: 0.9]
[fair_c: 1]
[poisson_max_delta_step: 0.7]
[tweedie_variance_power: 1.5]
[lambdarank_truncation_level: 30]
[lambdarank_norm: 1]
[label_gain: ]
[lambdarank_position_bias_regularization: 0]
[eval_at: ]
[multi_error_top_k: 1]
[auc_mu_weights: ]
[num_machines: 1]
[local_listen_port: 12400]
[time_out: 120]
[machine_list_filename: ]
[machines: ]
[gpu_platform_id: -1]
[gpu_device_id: -1]
[gpu_device_id_list: ]
[gpu_use_dp: 0]
[num_gpu: 1]

end of parameters

pandas_categorical:null
