tree
version=v4
num_class=1
num_tree_per_iteration=1
label_index=0
max_feature_idx=62
objective=binary sigmoid:1
feature_names=Column_0 Column_1 Column_2 Column_3 Column_4 Column_5 Column_6 Column_7 Column_8 Column_9 Column_10 Column_11 Column_12 Column_13 Column_14 Column_15 Column_16 Column_17 Column_18 Column_19 Column_20 Column_21 Column_22 Column_23 Column_24 Column_25 Column_26 Column_27 Column_28 Column_29 Column_30 Column_31 Column_32 Column_33 Column_34 Column_35 Column_36 Column_37 Column_38 Column_39 Column_40 Column_41 Column_42 Column_43 Column_44 Column_45 Column_46 Column_47 Column_48 Column_49 Column_50 Column_51 Column_52 Column_53 Column_54 Column_55 Column_56 Column_57 Column_58 Column_59 Column_60 Column_61 Column_62
feature_infos=[-1.5138630114862888:7.8936012036951428] [-1.8937045080664694:8.5216702862991163] [-1.6105435943600253:5.4770995186417295] [-1.4987421457794001:7.7632204827883768] [-1.5682359660498153:8.3705066112640267] [-1.5979566115997004:5.3090949364190383] [-2.3669521149076789:4.729356110809297] [-2.2952425719224681:6.9569046623993183] [-2.6876863119801517:3.4949717496996127] [-2.8147841259697985:3.3297813694126015] [-5.7137935876826589:2.7301014774841192] [-2.1803504186373406:4.2281412448613072] [-1.3467361742647044:2.3300584974451986] [-2.8689943412514847:3.1313827988801939] [-2.2123785602683301:4.1734666466143988] [-2.8689943412514847:3.1313827988801939] [-5.7664500393206453:2.4153359605874476] [-2.2123785602683301:4.1734666466143988] [-5.6112426089492464:0.78823600791841852] [-1.7015075275173239:1.690151526221324] [-1.3999757713158321:1.4650909234700569] [-2.1230276439112985:1.1536709704855608] [-1.5050933932646851:0.66441059702675287] [-2.1825142712413022:2.6540824517311079] [-2.3194443210512641:3.4120011054846815] [-2.3763848983191282:3.5580575742544283] [-3.2078154306386089:3.1744466325916716] [-2.1528663662427983:2.4445978174845262] [-1.9490048760548766:4.6633827434272765] [-2.2591129256607245:3.5552259714821535] [-2.6702959458964832:4.3669262298241227] [-2.6126776025325977:2.9468932816793911] [-3.0054423408296831:4.3796777388391028] [-2.2744014909973709:3.4042082134434] [-3.3090904785859463:3.8005212282632446] [-2.8102448611811899:2.8411509319247403] [-2.1152859292846564:4.3456757660035024] [-2.5197431793287541:4.4267983973918072] [-3.6062180618524877:4.3241533812481752] [-2.655925429298251:3.2695066348107584] [-2.6181449278261213:3.2796564616180901] [-2.5119692594196987:2.4810231088041452] [-2.932867871783384:3.5632632640941684] [-1.9439544348791056:2.755706661384834] [-3.3575196481028335:3.2637309147763371] [-2.9552634853195068:3.0154068608971767] [-3.340043487564754:3.3463297440893438] [-3.6104668053277189:3.4631339987296452] [-3.4050876781978285:2.675487241313232] [-0.92625068329029581:4.8997978405995255] [-0.92121801312554552:4.779136543231421] [-9.1811864212468191:8.1708298609384542] [-3.3594110659940095:3.467865194083787] [-6.8528476511069565:3.9273111376977772] [-2.4770476478795134:2.7725810882994533] [-2.6228228852131812:2.7501469592196517] [-1.0143149972395882:3.5444040914776624] [-0.93786644205832781:3.0770801995291626] [-1.0442040075061372:3.4229789123062146] [-3.2466329765458499:3.3205133729779934] [1:815] [1:815] [0:2]
tree_sizes=2518 2464 2578 2854 2433 2686 2545 2441 2643 2461 2548 2571 2797 2517

Tree=0
num_leaves=23
num_cat=0
split_feature=16 20 47 55 29 55 46 47 36 55 46 12 55 19 4 55 45 55 46 23 54 47
split_gain=8.71608 6.52124 4.96988 6.56963 8.19575 6.94627 6.37649 5.73963 5.36053 5.11932 7.79022 8.24686 4.66844 4.42659 3.66308 6.87795 4.50861 3.93316 2.61098 0.850463 0.727929 0.339848
threshold=-0.0048026499087728955 -0.74882424977358453 -1.1542914214220614 0.16837906683840578 -0.26043392976786017 -0.041876000600945089 0.76368811326260466 0.52040040282136479 -0.61541982144990515 -0.42435068551555238 -0.020646007685784225 0.59397775238079487 0.5502738154672473 -0.36907004211999789 1.5553688439631073 -0.49342279825179425 -0.59889978079014872 0.28560074496537796 -0.89933826150838869 -1.0000000180025095e-35 -0.39777977612919507 0.20158858055481374
decision_type=2 2 2 2 2 2 2 2 2 2 2 2 2 2 2 2 2 2 2 2 2 2
left_child=1 13 20 5 6 7 21 9 -9 10 11 -4 -6 -1 15 18 -17 -18 -3 -11 -2 -5
right_child=2 14 3 4 12 -7 -8 8 -10 19 -12 -13 -14 -15 -16 16 17 -19 -20 -21 -22 -23
leaf_value=-0.11677792458894445 -0.1231956926827583 -0.11393710317100424 -0.15965975855785358 -0.16381978455801605 -0.13986115380391562 -0.098881011292564047 -0.12738301361832116 -0.13047557615671357 -0.094152259192578094 -0.15513503856628019 -0.10476530374205817 -0.11393710317100424 -0.10543162987095714 -0.1442986412742748 -0.12887805845731243 -0.13740138746811262 -0.12516314295400605 -0.095943025383790501 -0.08042710532907954 -0.13424458711857362 -0.10587179114880034 -0.14140693920999212
leaf_weight=8.9648437500000018 4.98046875 4.9804687499999991 6.7236328124999947 13.696289062500005 4.9804687499999982 5.9765624999999991 8.4667968749999982 6.7236328125 5.2294921874999982 8.7158203124999982 7.7197265624999991 4.98046875 6.2255859375 8.9648437499999982 6.4746093749999991 5.9765624999999991 7.4707031250000018 7.470703125 8.4667968749999982 5.4785156250000062 5.4785156249999982 5.2294921874999991
leaf_count=36 20 20 27 55 20 24 34 27 21 35 31 20 25 36 26 24 30 30 34 22 22 21
internal_value=-0.125163 -0.116116 -0.130503 -0.132852 -0.141964 -0.125633 -0.150459 -0.129995 -0.113344 -0.136338 -0.125683 -0.140684 -0.121135 -0.130644 -0.109628 -0.10583 -0.117903 -0.109334 -0.0900648 -0.149093 -0.112338 -0.159568
internal_weight=159.375 58.7695 100.605 90.1465 38.5986 51.5479 27.3926 45.5713 11.9531 33.6182 19.4238 11.7041 11.2061 17.9297 40.8398 34.3652 20.918 14.9414 13.4473 14.1943 10.459 18.9258
internal_count=640 236 404 362 155 207 110 183 48 135 78 47 45 72 164 138 84 60 54 57 42 76
is_linear=0
shrinkage=1


Tree=1
num_leaves=22
num_cat=0
split_feature=60 7 47 53 24 47 42 37 38 29 38 55 34 26 33 31 36 11 28 58 19
split_gain=11.1805 5.75951 7.16318 5.74065 6.00665 7.16406 5.79139 4.97544 4.74166 4.7029 4.46006 4.65788 3.8924 5.06529 4.05549 3.7498 3.62173 3.37761 2.80123 2.01321 1.52122
threshold=647.00000000000011 0.45663818664458472 0.8336657283560519 -0.89539147834644572 0.36717072263746037 -1.1542914214220614 1.0000000180025095e-35 0.15507455423605968 -0.78483591382629048 -0.98722629191071976 -0.9373430569628417 -0.51992629759388598 -0.14067656575098025 -1.0000000180025095e-35 0.44659899238049811 1.4025680360649504 -0.15392255750075121 -0.29681402445560995 1.0000000180025095e-35 -1.0000000180025095e-35 -0.36907004211999789
decision_type=2 2 2 2 2 2 2 2 2 2 2 2 2 2 2 2 2 2 2 2 2
left_child=1 3 19 8 5 -5 20 -2 -1 -8 -7 -12 14 -14 16 -4 -13 -11 -16 -3 -6
right_child=7 2 15 4 6 10 9 -9 -10 17 11 12 13 -15 18 -17 -18 -19 -20 -21 -22
leaf_value=-0.0023226531391511338 -0.032477397859030942 0.036680138421197842 -0.011701980502176197 0.015066376803213393 0.0064572669467050084 -0.030878446838453127 -0.023704055706118252 0.00015375945614259381 0.031367827662428571 -0.010249874173546131 0.011582931869963885 0.022399628884541251 -0.036126542198955669 -0.004217030830207095 -0.029159385424420845 0.015711209862507389 -0.0054922309691827608 0.017509147543116294 -0.0010692354328470279 0.0085773778799157312 0.032149535448030953
leaf_weight=5.7253979742527008 11.195179432630541 8.9711131751537305 9.2157619744539243 9.2180497497320157 4.9816497266292572 7.9639583230018607 4.9762097001075771 5.7256482392549506 7.2252572625875455 4.9822114855051067 7.9758999347686759 5.9737031608819908 8.9582982212305087 9.4571354389190727 5.2215296626090986 6.2273621559143058 7.9632652848958969 8.468570843338961 7.2155321389436722 5.2309738397598293 6.477689594030382
leaf_count=23 45 36 37 37 20 32 20 23 29 20 32 24 36 38 21 25 32 34 29 21 26
internal_value=0 0.00282607 0.0142502 -0.000271876 -0.00284191 -0.0076546 0.00805827 -0.0219966 0.0173632 -0.00227897 -0.0114798 -0.00766881 -0.0114909 -0.0215927 -0.00343979 0 0.00708907 0.00682903 -0.0151621 0.0285195 0.0234837
internal_weight=159.35 142.43 29.6452 112.784 99.8337 69.9474 29.8863 16.9208 12.9507 18.427 60.7293 52.7654 44.7895 18.4154 26.374 15.4431 13.937 13.4508 12.4371 14.2021 11.4593
internal_count=640 572 119 453 401 281 120 68 52 74 244 212 180 74 106 62 56 54 50 57 46
is_linear=0
shrinkage=0.03


Tree=2
num_leaves=23
num_cat=0
split_feature=60 16 42 37 24 19 51 32 20 55 27 12 12 47 55 30 40 50 35 47 24 55
split_gain=10.6054 7.12994 4.89626 4.74061 4.58856 4.88129 4.43751 5.53371 4.54204 4.28069 6.47814 3.98534 3.50906 3.99434 3.35422 3.08116 2.12161 2.01746 1.33883 4.17089 1.23919 0.884378
threshold=647.00000000000011 0.58596600421981804 1.0000000180025095e-35 0.15507455423605968 1.0000000180025095e-35 -0.12680868113866595 -0.50517828015418209 -0.13711445274403877 1.3348606191616075 -1.0947373800246554 -0.77362711112460081 -1.0152000482345263 0.90195603261282875 1.0429706241648891 -0.32032675838030805 0.8483151419638203 1.0000000180025095e-35 -0.20867369358092469 0.48640268479726984 0.40852446900036427 -0.34925995567953283 -0.72924721741123666
decision_type=2 2 2 2 2 2 2 2 2 2 2 2 2 2 2 2 2 2 2 2 2 2
left_child=1 6 4 -2 5 -3 7 -1 9 17 21 -12 13 15 -4 18 -7 -8 19 -13 -16 -11
right_child=3 2 14 -5 -6 16 8 -9 -10 10 11 12 -14 -15 20 -17 -18 -19 -20 -21 -22 -23
leaf_value=-0.027124830564642481 -0.03168924560434163 0.01051391084850699 0.0018648854692553236 0.00015010363113021391 0.020910320311387828 -0.026853165838574618 0.011302913055687862 0.011131494662593194 -0.0088400682253088406 -0.0010423187526568216 -0.0051631023357108178 0.0078776667449287976 -0.0010617742495925842 -0.0030439628420737661 -0.0086009650700847023 0.0039693534492977632 -0.00055172060429496271 0.040181318324252188 0.04002761439027696 0.039296837366260433 -0.031934661451575849 -0.01963789092908181
leaf_weight=5.7234443426132202 11.167132467031481 8.2100407630205208 4.9807998239994076 5.7257046252489081 6.4751221835613242 6.7147616147994977 6.7233128100633621 4.9797145277261716 9.2121707797050458 4.9816968739032745 8.462020978331557 12.706362023949643 8.2203574329614622 5.2308884859085074 5.4692132025957116 7.2226852476596823 4.9760695397853851 5.4846359044313413 7.9763095527887335 5.2357095628976813 8.4554329067468608 4.9833358675241382
leaf_count=23 45 33 20 23 26 27 27 20 37 20 34 51 33 21 22 29 20 22 32 21 34 20
internal_value=0 0.00275304 -0.00686366 -0.0214392 0.00138784 -0.0057042 0.00733273 -0.00965371 0.00963306 0.0120393 0.00845202 0.0125242 0.0159222 0.0196141 -0.0179256 0.0233406 -0.0174489 0.0276919 0.0280075 0.0196792 -0.0248865 -0.0122176
internal_weight=159.317 142.424 45.2814 16.8928 26.376 19.9009 97.1426 10.7032 86.4395 77.2273 65.0194 55.0543 46.5923 38.372 18.9054 33.1411 11.6908 12.2079 25.9184 17.9421 13.9246 9.96503
internal_count=640 572 182 68 106 80 390 43 347 310 261 221 187 154 76 133 47 49 104 72 56 40
is_linear=0
shrinkage=0.03


Tree=3
num_leaves=26
num_cat=0
split_feature=16 30 52 38 51 46 57 30 55 14 55 54 46 55 55 35 23 18 47 45 34 50 47 7 16
split_gain=7.78163 6.24375 6.96758 6.9319 4.56547 4.457 4.2438 3.84932 7.32981 5.26681 3.53387 3.46405 4.10229 5.1759 5.9932 5.081 4.204 2.94616 5.32905 3.43 2.94449 2.06136 1.70649 1.14647 0.642895
threshold=-0.0048026499087728955 0.43781051504678486 0.33869690821479698 -0.9373430569628417 -0.50517828015418209 -0.80238534293930164 0.56773854853698125 -1.6147126195383918 -0.88726508835345375 1.0911488790955957 -1.0947373800246554 0.96985911702806249 0.14218296621612461 -0.041876000600945089 -0.34512218373852149 0.11637081739152409 1.0000000180025095e-35 1.0000000180025095e-35 0.90944862783882496 0.45850856636548937 0.40027215107450137 -0.41225778487938775 1.4026002256927146 -0.42735259909861528 0.50860755972769212
decision_type=2 2 2 2 2 2 2 2 2 2 2 2 2 2 2 2 2 2 2 2 2 2 2 2 2
left_child=4 3 6 10 -1 -5 23 -6 -9 17 -2 12 15 14 -14 16 21 18 19 -10 -4 -7 -20 -3 -15
right_child=1 2 20 5 7 11 -8 8 9 -11 -12 -13 13 24 -16 -17 -18 -19 22 -21 -22 -23 -24 -25 -26
leaf_value=-0.012389884338499064 -0.001601756052198816 -0.016846643383290782 0.017441718092717953 0.027139632277044898 -0.010467106241974021 -0.018849395758618808 -0.0028695294840494733 0.035589491705275929 0.031373845205029026 0.026128561604756472 -0.034238732263597332 -0.019100767308637592 0.01710072260885 0.011478338070741638 -0.023254710276061366 -0.024736232468608083 0.021011865378433255 -0.015035819754251611 -0.019179120139074215 0 -0.01002890945107116 0.0043852832658056512 0.0022337719168494174 -0.042658008303358523 0.032118969702992925
leaf_weight=6.7167693376541129 6.2154561430215836 6.958148166537284 5.2283198833465558 5.4856302738189688 4.9836754798889151 4.9714132249355316 6.4563333988189688 9.9778462797403318 6.4854064732790047 8.4735085219144803 5.4660590887069684 4.9745661318302146 5.2345226854085922 6.2291840165853483 4.9675007909536379 6.2110467851161948 6.472967103123664 6.4720723479986182 4.9770161211490613 5.2344668209552765 5.7133999466896057 5.7221737802028709 5.4752558469772339 7.6985240876674679 6.475560262799263
leaf_count=27 25 28 21 22 20 20 26 40 26 34 22 20 21 25 20 25 26 26 20 21 23 23 22 31 26
internal_value=0 -0.00503553 -0.0156372 7.40063e-05 0.0085595 0.00460201 -0.025194 0.0116446 0.0143588 0.00733558 -0.0194869 0.00137332 0.00422992 0.0129329 -0.00249826 -0.00432221 0.00413659 0.000553666 0.00602212 0.0190016 0.00313549 -0.00691437 -0.00858768 -0.0334773 0.024702
internal_weight=159.277 100.481 32.0547 68.4261 58.796 56.7446 21.113 52.0792 47.0956 37.1177 11.6815 51.2589 46.2844 22.9068 10.202 23.3776 17.1666 28.6442 22.1721 11.7199 10.9417 10.6936 10.4523 14.6567 12.7047
internal_count=640 404 129 275 236 228 85 209 189 149 47 206 186 92 41 94 69 115 89 47 44 43 42 59 51
is_linear=0
shrinkage=0.03


Tree=4
num_leaves=22
num_cat=0
split_feature=60 18 27 36 61 55 28 37 33 53 37 40 55 37 41 31 18 55 42 36 18
split_gain=9.94199 7.02723 6.068 5.05008 8.19598 6.35994 5.76456 5.81479 4.73618 4.69409 4.57876 4.34946 5.07559 4.40686 4.17971 6.14785 5.32668 4.10042 2.51665 1.56177 1.17222
threshold=647.00000000000011 0.58065084221807983 0.75886095011784083 1.0000000180025095e-35 301.50000000000006 -1.0571237290858859 1.3571889336862004 -0.72322380603895364 -0.49983595835963007 0.80673885672798595 0.15507455423605968 -0.19209896621077185 -0.49342279825179425 0.71399169259288653 -1.0140715489525451 0.16710783957339675 0.71185537828165069 -0.021697076540431619 1.0000000180025095e-35 1.0000000180025095e-35 -0.059061132283317289
decision_type=2 2 2 2 2 2 2 2 2 2 2 2 2 2 2 2 2 2 2 2 2
left_child=1 3 14 4 11 -6 7 -5 -9 -4 -2 12 13 -1 -3 16 19 -13 -14 -16 -7
right_child=10 2 9 6 5 20 -8 8 -10 -11 -12 17 18 -15 15 -17 -18 -19 -20 -21 -22
leaf_value=0.028767384209870975 -0.030889864663140955 0.016907935608857571 -0.034130773738106836 0 0.0092945288888560164 -0.0094735600892812948 -0.0043023230214352922 0.009970870265561909 0.042823597064404098 0 0.00036396024183316821 0.0034113885293179901 0.0018559594345378401 -0.00072636366588878253 -0.010143396289982332 0.014484247519937479 0.0084193888176833896 0.039949776853956113 -0.024787396552288836 -0.033450713082541182 -0.033642235048817033
leaf_weight=6.7306254655122748 11.130566462874414 8.9592826664447767 8.4302184730768186 6.9697754085063961 5.9834660589695003 5.4801245182752618 8.2224554717540723 8.2169572710990924 11.226096719503401 5.9616579115390769 5.7210143953561774 5.7347438037395477 4.9783052951097506 9.2118986099958402 8.2127716243267113 8.4615431576967222 5.7234010845422736 5.4860005676746351 5.2206444144248962 6.4632513821125022 6.6996164172887775
leaf_count=27 45 36 34 28 24 22 33 33 45 24 23 23 20 37 33 34 23 22 21 26 27
internal_value=0 0.00265719 -0.00593084 0.00771166 0.00185486 -0.0138545 0.0164682 0.0230328 0.0309345 -0.0214958 -0.0207899 0.00988618 0.00247559 0.0127844 0.00043362 -0.00506555 -0.0138853 0.0243515 -0.0126989 -0.0229288 -0.0254376
internal_weight=159.224 142.373 52.2121 90.1607 55.5254 18.1632 34.6353 26.4128 19.4431 14.3919 16.8516 37.3622 26.1415 15.9425 37.8202 28.861 20.3994 11.2207 10.1989 14.676 12.1797
internal_count=640 572 210 362 223 73 139 106 78 58 68 150 105 64 152 116 82 45 41 59 49
is_linear=0
shrinkage=0.03


Tree=5
num_leaves=24
num_cat=0
split_feature=16 20 30 52 20 19 55 56 47 14 47 8 12 20 33 52 37 39 19 16 54 55 1
split_gain=7.16675 5.75892 5.73591 6.53494 5.15759 4.05511 3.76276 5.58241 3.86691 4.98169 3.46262 3.66281 3.67879 3.4143 3.24739 5.44035 4.68656 2.74177 2.65204 2.50379 2.30592 2.19449 0.628995
threshold=-0.0048026499087728955 -0.74882424977358453 0.43781051504678486 0.33869690821479698 0.55347879331091043 -0.36907004211999789 -0.041876000600945089 -0.55844308836786305 -0.40859563886036915 0.074911813198927826 0.42574425918019115 0.14218751216322711 0.5618435563048999 1.3348606191616075 1.0000000180025095e-35 1.0000000180025095e-35 -1.0000000180025095e-35 0.24506735208845112 1.0844981237679943 0.29269128305718478 -0.46557065994254171 -0.13857696916335385 -0.58819609720246369
decision_type=2 2 2 2 2 2 2 2 2 2 2 2 2 2 2 2 2 2 2 2 2 2 2
left_child=1 5 6 4 22 -1 7 19 20 -10 11 12 -9 14 15 -3 -16 -5 -14 -2 -8 -17 -4
right_child=2 13 3 17 -6 -7 8 10 9 -11 -12 -13 18 -15 16 21 -18 -19 -20 -21 -22 -23 -24
leaf_value=0.0078212750853655141 -0.0006846482783209642 -0.011882527370930296 -0.016528335293376911 0.016924867545016025 -0.0028687179335058115 -0.018522623868305974 0.0041916823047499427 0.018846186658658167 0.015541956533615621 -0.01822612824161161 0.018526656018378565 -0.022744846262636197 -0.020126586377664509 -0.0041761826311124814 0.0053056483873966222 0.028103933750203487 0.040439949235131042 -0.0095809938559985909 0.0062187476256001838 -0.026737391400027677 0.033764879183816127 0.0014280213781701391 -0.041935607309751301
leaf_weight=8.9714780598878878 5.4766425341367713 6.4791835546493557 5.4529983550310162 5.2314798682928068 7.6787038445472708 8.9418821930885297 5.2229085862636566 6.7151520848274329 6.222811430692671 6.4579062610864639 7.4727621823549262 4.9558255523443213 5.2155549526214582 6.4779686480760565 6.4745278507471093 7.4808164089918119 8.9884954988956416 5.7027186006307602 5.4774673879146576 9.9250720590352994 5.2436883598566073 4.9791974872350693 7.9106933176517513
leaf_count=36 22 26 22 21 31 36 21 27 25 26 30 20 21 26 26 30 36 23 22 40 21 20 32
internal_value=0 0.00820107 -0.0048488 -0.0150247 -0.0243051 -0.00543496 4.38637e-05 -0.00487394 0.00961021 -0.00134085 0.00263118 -0.00325941 0.00333476 0.0142987 0.0179738 0.00816254 0.0278526 0.00313009 -0.00703436 -0.0187113 0.0218843 0.0191725 -0.0346862
internal_weight=159.156 58.7935 100.362 31.9766 21.0424 17.9134 68.3858 45.2385 23.1473 12.6807 29.8368 22.364 17.4082 40.8802 34.4022 18.9392 15.463 10.9342 10.693 15.4017 10.4666 12.46 13.3637
internal_count=640 236 404 129 85 72 275 182 93 51 120 90 70 164 138 76 62 44 43 62 42 50 54
is_linear=0
shrinkage=0.03


Tree=6
num_leaves=23
num_cat=0
split_feature=60 18 27 36 28 37 46 49 48 54 12 53 37 41 54 30 12 42 0 18 42 18
split_gain=9.26598 6.40084 5.65472 4.80133 5.37273 5.47625 7.41028 4.76913 11.0924 8.08293 5.06617 4.51662 4.36672 3.87171 5.88352 5.3428 3.01075 2.26834 2.21697 2.10801 1.86766 2.17052
threshold=647.00000000000011 0.58065084221807983 0.75886095011784083 1.0000000180025095e-35 1.3571889336862004 -0.48368788960031361 0.69018055227800423 -0.40606777937156163 1.2358590506667826 0.48900711832990817 -1.0537359660352574 0.80673885672798595 0.15507455423605968 -1.0140715489525451 -0.42092783829043595 -0.32455522065628106 0.60982012604860258 -0.20449279471481183 -0.78418149223183142 0.67855666520105806 0.57504294159049452 0.36184101028736326
decision_type=2 2 2 2 2 2 2 2 2 2 2 2 2 2 2 2 2 2 2 2 2 2
left_child=1 3 13 7 5 6 -5 9 10 16 -9 -4 -2 -3 17 -16 -1 -15 -7 -17 21 -12
right_child=12 2 11 4 -6 18 -8 8 -10 -11 20 -13 -14 14 15 19 -18 -19 -20 -21 -22 -23
leaf_value=-0.005143122391024213 -0.030000750320081353 0.016341219022768621 -0.033118663611991776 -0.019303310232627505 -0.0041220692229615207 0.0098660844606368731 0.025563707290599671 -0.0041955384917889364 -0.021057152970672215 0.015163107904800976 0.016527513178773087 0 0.0004967056070119269 -0.0041660043874845619 0.025613231729820555 0.0063981991984059811 -0.032299459876511727 -0.033097482771748066 0.039623016032943763 -0.015922355234087603 0.0057735472573970294 0.046311530123310567
leaf_weight=8.4510509669780749 11.080866798758509 8.9673032760620099 8.3917427062988263 4.9737439155578631 8.2181189656257612 4.988689765334132 5.2364390790462494 5.9628538489341762 6.9700493216514579 7.4716617763042441 9.2224344909191149 5.9529731422662726 5.7170076817274085 5.4635587334632874 5.9775274395942697 5.4707914590835607 7.4465291053056708 5.2087652534246427 11.225310072302817 6.7067863494157791 4.9822089076042166 4.9911978095769873
leaf_count=34 45 36 34 20 33 20 21 24 28 30 37 24 23 22 24 22 30 21 45 27 20 20
internal_value=0 0.00256276 -0.00563817 0.0073865 0.0159209 0.0222559 0.00352203 0.0016752 0.00908723 -0.0082073 0.0183785 -0.0206931 -0.0201035 0.000494922 -0.00480096 0.00536516 -0.0198963 -0.0211179 0.0324169 -0.00585417 0.0254765 0.0307906
internal_weight=159.078 142.28 52.1394 90.1403 34.6423 26.4242 10.2102 55.498 32.1287 23.3692 25.1587 14.3447 16.7979 37.7947 28.8274 18.1551 15.8976 10.6723 16.214 12.1776 19.1958 14.2136
internal_count=640 572 210 362 139 106 41 223 129 94 101 58 68 152 116 73 64 43 65 49 77 57
is_linear=0
shrinkage=0.03


Tree=7
num_leaves=22
num_cat=0
split_feature=60 18 50 35 55 38 16 55 40 33 12 38 47 45 47 39 12 46 47 50 26
split_gain=8.79475 6.09273 6.40392 11.5404 6.8158 4.3299 9.29879 6.71978 5.35758 4.75181 4.42624 4.78796 4.27187 6.6477 4.28925 4.03975 3.79465 3.78461 2.92246 2.20074 2.08532
threshold=647.00000000000011 0.66456844068839416 -0.41225778487938775 1.0000000180025095e-35 -0.093051294971751741 -0.9373430569628417 0.24373154433361988 -0.51992629759388598 0.33075576689598452 1.0000000180025095e-35 0.92187868032695564 1.0452498038123241 0.52898201712506021 0.37645465583205934 -0.55572514892870206 0.36851385342405557 -0.88866007888568943 0.050061226358816782 1.0810519162608125 -0.41225778487938775 -0.26215601684001738
decision_type=2 2 2 2 2 2 2 2 2 2 2 2 2 2 2 2 2 2 2 2 2
left_child=1 5 4 -4 -3 6 9 18 12 -1 11 20 14 -14 -9 16 -2 -16 19 -7 -10
right_child=15 2 3 -5 -6 7 -8 8 10 -11 -12 -13 13 -15 17 -17 -18 -19 -20 -21 -22
leaf_value=-0.0067304993874946813 -0.0216058863031213 -0.014494758295168072 0.0042057735721795653 -0.039052230679238437 0.022921815371408957 0.0098590652525192401 -0.034156460614669058 0.0079362250118953266 0.010851030432115912 0.024691552116962306 -0.010199326621088535 0 0.032249630378925961 -0.0066154745602261178 -0.028473122356946594 -0.035608045057501196 0.010574863045179647 8.2865447153641371e-05 0.0030214933870158171 0.040736924600214879 0.034946839907739537
leaf_weight=8.7117562144994753 4.9234944730997094 6.457454949617385 9.6909333467483538 10.124698296189306 8.1901382207870466 4.9856749176979074 5.6909389942884436 6.2176061719655982 8.4553494304418582 5.9814786761999121 4.9775477647781363 9.4585102498531324 4.9913110733032218 8.7017797082662565 10.664536103606229 6.6424830555915824 5.189594343304635 5.7166898995637885 5.2363752424716941 7.9892408400774011 9.9760995656251925
leaf_count=35 20 26 39 41 33 20 23 25 34 24 20 38 20 35 43 27 21 23 21 32 40
internal_value=0 0.00249612 -0.00817862 -0.018808 0.00624082 0.00603056 -0.00592291 0.00893979 0.00432535 0.0067929 0.0128694 0.0175011 -0.00345743 0.00894175 -0.0113083 -0.0196094 -0.00534257 -0.0190012 0.0244966 0.0315377 0.0258425
internal_weight=158.974 142.218 34.4632 19.8156 14.6476 107.755 20.3842 87.3707 69.1594 14.6932 32.8675 27.89 36.2919 13.6931 22.5988 16.7556 10.1131 16.3812 18.2113 12.9749 18.4314
internal_count=640 572 139 80 59 433 82 351 278 59 132 112 146 55 91 68 41 66 73 52 74
is_linear=0
shrinkage=0.03


Tree=8
num_leaves=24
num_cat=0
split_feature=18 47 19 47 39 46 12 20 55 14 44 24 42 56 13 53 44 44 36 42 18 14 18
split_gain=6.51511 7.58104 6.76356 5.92825 5.66488 4.32404 9.19691 6.30344 4.57228 5.30623 4.34881 4.43053 4.13992 4.05788 4.03682 3.94909 3.06883 2.49552 1.91434 1.89959 1.01177 0.951521 0.683588
threshold=-0.16288424087837028 0.33492614219152533 -0.12680868113866595 0.42574425918019115 0.36851385342405557 -0.020646007685784225 0.71709593607527811 0.55347879331091043 -0.40454674391301487 1.0911488790955957 0.45561125641240291 1.0000000180025095e-35 -0.20449279471481183 -0.55844308836786305 0.29251624159507844 1.0000000180025095e-35 0.30781548491956429 0.45561125641240291 -0.61541982144990515 1.0000000180025095e-35 0.5345938660838353 0.33244180280584401 0.65569161475864912
decision_type=2 2 2 2 2 2 2 2 2 2 2 2 2 2 2 2 2 2 2 2 2 2 2
left_child=1 17 13 5 18 6 14 8 -7 12 11 -9 16 -3 20 -4 -10 -1 -5 -12 -2 -14 -22
right_child=3 2 15 4 -6 7 -8 10 9 -11 19 -13 21 -15 -16 -17 -18 -19 -20 -21 22 -23 -24
leaf_value=0.042110931533567063 -0.040632393220636713 -0.0018158204606497721 0 0.0055065347608619338 -0.0058515627253551278 0.0112538166854807 0.013730820323433902 0 -0.017863319835880655 0.01072630304412229 -0.015939434418316505 0.032276157325477395 -0.034484470971587376 0.025585234922426165 -0.00020259033511246929 -0.029740331978970344 0.011284225874174197 0.010475904426137399 0.033255636593972258 0.0066968937176114388 -0.0073472228256332124 -0.011579740744328163 -0.025415174217618328
leaf_weight=5.4899186640977842 6.913466200232512 7.7177266776561764 8.9403497874736804 4.9786132425069809 9.683571979403494 6.2252011746168128 6.4522782266139975 6.4522015154361743 4.9320765435695701 4.9754868745803824 5.2059241235256177 7.9756503850221634 10.598160013556482 9.4752965867519361 5.9578924030065528 5.4542082995176306 4.9632591903209686 6.2352021187543869 6.2305758297443408 4.9661389887332916 5.9417331069707853 5.4310247749090186 7.6627947092056274
leaf_count=22 28 31 36 20 39 25 26 26 20 20 21 32 43 38 24 22 20 25 25 20 24 22 31
internal_value=0 0.00973593 0.00147815 -0.00371557 0.0101514 -0.00694944 -0.0155027 -0.00203214 -0.00976118 -0.0145051 0.00929295 0.0192198 -0.0198882 0.0138056 -0.0231957 -0.0127817 -0.00315615 0.0288379 0.0235074 -0.00493363 -0.0291311 -0.0287211 -0.0194346
internal_weight=158.859 43.3127 31.5876 115.546 20.8928 94.6533 32.9282 61.7251 37.1252 30.9 24.5999 14.4279 25.9245 17.193 26.4759 14.3946 9.89534 11.7251 11.2092 10.1721 20.518 16.0292 13.6045
internal_count=640 174 127 466 84 382 133 249 150 125 99 58 105 69 107 58 40 47 45 41 83 65 55
is_linear=0
shrinkage=0.03


Tree=9
num_leaves=22
num_cat=0
split_feature=60 18 41 34 28 36 61 55 28 37 20 40 33 37 43 37 50 55 37 55 37
split_gain=8.23383 5.6464 5.11288 4.96616 6.16542 4.42039 7.52981 5.86135 4.95026 5.01147 4.49606 4.77712 4.20062 4.09045 3.95 3.63759 3.54492 3.59673 2.73671 2.56413 0.958714
threshold=647.00000000000011 0.58065084221807983 -1.3469377068341348 0.091158598602797639 1.0000000180025095e-35 1.0000000180025095e-35 301.50000000000006 -1.0571237290858859 1.3571889336862004 -0.72322380603895364 -1.0092848583904834 -0.19209896621077185 -0.49983595835963007 0.15507455423605968 -0.84736684575085286 1.0000000180025095e-35 -0.41225778487938775 -0.014665054800087689 0.95352760903152667 -0.0041347784261095795 -1.0000000180025095e-35
decision_type=2 2 2 2 2 2 2 2 2 2 2 2 2 2 2 2 2 2 2 2 2
left_child=1 5 -3 14 -5 6 10 -8 9 -7 -1 15 -11 -2 -4 -12 17 -16 -17 -18 -9
right_child=13 2 3 4 -6 8 7 20 -10 12 11 -13 -14 -15 16 18 19 -19 -20 -21 -22
leaf_value=-0.0091390199722650063 -0.028642985979068825 0.018698235642711836 0.0067563760404785551 0.025579506105504274 -0.0099061952286101079 0 0.008622575764792334 -0.0099508985149191816 -0.0040631138070969068 0.0089045360692439502 -0.0088674082828701234 0.032189099810342993 0.039743186420154487 0.00082857435348373284 -0.020568932112966433 0.024941912344318785 -0.008591221540067015 0.0083520702324580004 -0.00066723957232019517 -0.039069543687271988 -0.032725123447456851
leaf_weight=7.9598944187164298 10.987458631396295 5.4721961021423331 4.9684008657932273 5.9715170413255683 9.1334716677665693 6.9620728939771679 5.9813282936811474 5.6865714043378839 8.2148369401693326 8.2207197099924105 7.9414287805557278 8.234534755349161 11.224014982581137 5.7073564678430548 6.1988735049962997 7.7142284810543043 5.4567662924528131 6.2020254433155078 5.4658751487731934 8.6107785999774933 6.4356987178325626
leaf_count=32 45 22 20 24 37 28 24 23 33 33 32 33 45 23 25 31 22 25 22 35 26
internal_value=0 0.00242176 -0.00528776 -0.00872858 0.00480461 0.00695453 0.00146948 -0.0136047 0.0151428 0.0212298 0.00918033 0.0145449 0.0285633 -0.0190003 -0.0153359 0.00572249 -0.0198374 -0.00633267 0.0149299 -0.0295994 -0.0247543
internal_weight=158.75 142.055 52.014 46.5418 15.105 90.0412 55.4196 18.1036 34.6216 26.4068 37.316 29.3561 19.4447 16.6948 31.4368 21.1215 26.4684 12.4009 13.1801 14.0675 12.1223
internal_count=640 572 210 188 61 362 223 73 139 106 150 118 78 68 127 85 107 50 53 57 49
is_linear=0
shrinkage=0.03


Tree=10
num_leaves=23
num_cat=0
split_feature=60 18 27 53 36 61 55 28 20 40 39 36 36 45 45 12 26 32 45 49 1 18
split_gain=7.81533 5.3446 5.07479 4.25222 4.19421 7.16343 5.60117 4.7022 4.27311 4.53757 3.87849 3.61999 4.62988 3.60716 5.41281 3.55021 3.28484 4.16616 3.27865 2.91804 1.73607 1.02436
threshold=647.00000000000011 0.58065084221807983 0.75886095011784083 0.80673885672798595 1.0000000180025095e-35 301.50000000000006 -1.0571237290858859 1.3571889336862004 -1.0092848583904834 -0.19209896621077185 0.36851385342405557 1.0000000180025095e-35 -0.38467118947532819 0.68113604247548809 -0.4818806411258304 -0.88866007888568943 0.22878721879308087 -0.58219981468836279 -0.56111626272903814 1.0000000180025095e-35 0.18650120155200137 -0.059061132283317289
decision_type=2 2 2 2 2 2 2 2 2 2 2 2 2 2 2 2 2 2 2 2 2 2
left_child=1 4 11 -4 5 8 -7 16 -1 13 15 12 19 14 -10 -2 17 -6 -13 -3 -18 -8
right_child=10 2 3 -5 7 6 21 -9 9 -11 -12 18 -14 -15 -16 -17 20 -19 -20 -21 -22 -23
leaf_value=-0.0089124573767853515 -0.020509561644201414 -0.012711464356972624 -0.031593901470314038 0 0.0050244469758612079 0.0084141762582319538 -0.0090561969180838267 -0.0039608782059125129 -0.0069361698001029594 0.03137157096771092 -0.034255656980518995 -0.023362533287396681 0.022890805292379128 -0.010268506717823466 0.027591827189708675 0.010656369473296699 -0.0034273036762898098 0.039986882233845028 0.0028656796678473402 0.01252966210546886 0.01751653156436379 -0.031988446727174741
leaf_weight=7.9555717408657065 4.8848841339349756 8.9319296330213529 8.3121795952320081 5.9356518983840934 5.4699712395668021 5.9827172458171871 5.4658711999654779 8.2128155380487424 5.705049321055415 8.2347247153520602 6.5774713158607474 6.9232838153839111 9.1995872259140032 6.9581206887960425 8.4568285793066007 5.1835771054029474 6.2177641689777357 9.7204449772834796 7.4379405528306943 5.2222982347011557 4.9878487437963486 6.6316758990287754
leaf_count=32 20 36 34 24 22 24 22 33 23 33 27 28 37 28 34 21 25 39 30 21 20 27
internal_value=0 0.0023561 -0.0051471 -0.019466 0.00676715 0.00141988 -0.0132911 0.0147447 0.00894146 0.0141726 -0.0185401 0.000646926 0.00790805 0.00556584 0.0139671 -0.0046444 0.0206798 0.0293396 -0.0104138 -0.00270706 0.00639036 -0.0242105
internal_weight=158.608 141.962 51.9629 14.2478 89.9994 55.3906 18.0803 34.6088 37.3103 29.3547 16.6459 37.715 23.3538 21.12 14.1619 10.0685 26.396 15.1904 14.3612 14.1542 11.2056 12.0975
internal_count=640 572 210 58 362 223 73 139 150 118 68 152 94 85 57 41 106 61 58 57 45 49
is_linear=0
shrinkage=0.03


Tree=11
num_leaves=23
num_cat=0
split_feature=14 55 38 46 20 48 55 44 30 46 15 33 15 46 43 38 3 11 1 48 36 12
split_gain=5.86501 6.13897 7.43749 5.61931 5.34074 5.67076 5.1972 5.19302 7.4701 4.16277 4.08251 3.4418 3.29357 3.04122 2.73409 3.55551 2.2912 2.11711 2.04564 1.07701 1.20946 0.703524
threshold=1.8453479927667418 -0.48561808208888957 -0.78483591382629048 -0.94318550775737198 0.55347879331091043 -1.1989746513724231 -1.0947373800246554 0.45561125641240291 0.14459292439175961 0.58514685537963385 -0.22676512342423186 1.0000000180025095e-35 -0.32023317676700908 0.050061226358816782 1.0324975927547231 0.83555248199956622 -0.76847201545001742 0.4729359764149384 0.11476997018584743 0.58796572935265778 -0.61541982144990515 0.62530962816939428
decision_type=2 2 2 2 2 2 2 2 2 2 2 2 2 2 2 2 2 2 2 2 2 2
left_child=1 2 6 -3 5 -5 11 8 10 -9 -6 -1 -4 -10 17 -16 -14 19 -8 20 -7 -18
right_child=-2 3 12 4 7 14 18 9 13 -11 -12 -13 16 -15 15 -17 21 -19 -20 -21 -22 -23
leaf_value=-0.0065269925897610903 0.024297228386892012 0.017682918429065404 9.3909368453802907e-05 0.0094276559717942927 -0.021554426827743865 -0.0085949667749068252 -0.027783948557458422 -0.028564410430050022 0.0033338129864804167 0.0021237131291510563 0.0079504044290439058 0.019363992081462385 0.0052497296013343181 0.035641762708237081 0.012468567010367146 -0.018373410224622098 0.015043536934738849 -0.0028337850675524243 -0.0013726689410431092 -0.0086054026248091643 -0.030998395375213053 0.0397633377931325
leaf_weight=7.4656672328710574 6.9737184643745413 6.9751119613647452 7.2088417410850552 6.9348995834588996 6.4113603979349119 4.9276903569698325 6.4004903584718686 6.4088332355022413 4.9280595630407316 6.952206164598465 7.4524400681257283 7.962983712553978 5.4644122272729918 6.9722786396741867 5.2084598988294584 5.1556758433580399 5.7177767306566203 5.9266067445278159 4.9651425182819366 6.1734808087348929 19.391131281852729 6.4796972572803497
leaf_count=30 28 28 29 28 26 20 26 26 20 28 30 32 22 28 21 21 23 24 20 25 79 26
internal_value=0 -0.00134319 0.00687671 -0.00569578 -0.00776899 -0.0137824 -0.00387566 0.000543665 0.00843773 -0.01359 -0.00607593 0.0070131 0.0182498 0.0245812 -0.0175333 -0.00275137 0.0247596 -0.0213064 -0.0182176 -0.0244081 -0.0274543 0.0315299
internal_weight=158.457 151.483 51.665 99.8182 92.8431 53.7179 26.7943 39.1252 25.7641 13.361 13.8638 15.4287 24.8707 11.9003 46.783 10.3641 17.6619 36.4189 11.3656 30.4923 24.3188 12.1975
internal_count=640 612 208 404 376 218 108 158 104 54 56 62 100 48 190 42 71 148 46 124 99 49
is_linear=0
shrinkage=0.03


Tree=12
num_leaves=25
num_cat=0
split_feature=16 30 38 52 42 20 20 19 20 13 16 46 41 40 33 52 37 33 39 39 46 1 42 54
split_gain=5.61874 4.84062 6.13846 5.72633 4.89983 4.75292 4.60119 3.63719 3.23713 3.19461 6.47611 3.7047 3.88334 4.72649 2.85478 4.91309 4.05352 2.55749 2.2241 1.45932 1.36606 0.810585 0.540689 0.424071
threshold=-0.0048026499087728955 0.43781051504678486 -0.9373430569628417 0.33869690821479698 0.57504294159049452 -0.74882424977358453 0.55347879331091043 -0.36907004211999789 1.3348606191616075 -0.22676512342423186 0.27608692908404259 0.9876093025290712 -0.098689614778174076 -0.19209896621077185 1.0000000180025095e-35 1.0000000180025095e-35 -1.0000000180025095e-35 0.44659899238049811 0.24506735208845112 0.45668992580663009 -0.79545038072262997 -0.58819609720246369 -0.20449279471481183 -0.54261594803156987
decision_type=2 2 2 2 2 2 2 2 2 2 2 2 2 2 2 2 2 2 2 2 2 2 2 2
left_child=5 2 17 6 9 7 21 -1 14 11 -11 12 13 -4 15 -7 -16 -2 -5 -6 -17 -3 -12 -15
right_child=1 3 4 18 19 8 -8 -9 -10 10 22 -13 -14 23 16 20 -18 -19 -20 -21 -22 -23 -24 -25
leaf_value=0.0074145161463760175 -0.028632390252070421 -0.014523388442240779 0.0080990428746801815 0.015688703489107343 -0.00013550118676341948 -0.011744376499051312 -0.0022405496779572343 -0.017561787033567457 -0.0050310304847163397 -0.0041451348712027297 0.040749661154233341 0.022414103671840466 0.011900203454207147 -0.030245725519204986 0.0046919158183743948 0.0032122013523101164 0.037432298120681773 -2.7038392020800002e-05 -0.0082178081772820693 -0.022475523777848051 0.025266617412865081 -0.039687676970053418 0.015701342369004809 -0.009839818775480378
leaf_weight=8.9651889801025408 6.6424189507961255 5.3844891786575344 5.7118762582540503 5.2079380601644498 5.4306723773479444 6.4644924402236965 7.6354498714208594 8.8821309208869916 6.4646379649639121 6.4455372095108094 4.9861648976802835 4.9868258684873572 8.4262459278106672 4.8873428553342801 6.4510487169027337 5.234011694788931 8.9484100192785228 4.9522536396980286 5.6528678983449936 4.9215206056833267 7.2050554007291794 7.7809947729110744 5.7039542198181126 4.9447386711835897
leaf_count=36 27 22 23 21 22 26 31 36 26 26 20 20 34 20 26 21 36 20 23 20 29 32 23 20
internal_value=0 -0.0042994 0.000190296 -0.0137007 0.0044619 0.0072802 -0.0224563 -0.00510326 0.0128321 0.00873686 0.0184853 0.00214483 -0.00290815 -0.0116285 0.0164359 0.00725561 0.0257058 -0.0182755 0.00327308 -0.0127627 0.0177615 -0.0323431 0.0314534 -0.0231736
internal_weight=158.316 99.7013 68.0396 31.6617 56.4449 58.615 20.8009 17.8473 40.7677 46.0927 17.1357 28.957 23.9702 15.544 34.303 18.9036 15.3995 11.5947 10.8608 10.3522 12.4391 13.1655 10.6901 9.83208
internal_count=640 404 275 129 228 236 85 72 164 186 69 117 97 63 138 76 62 47 44 42 50 54 43 40
is_linear=0
shrinkage=0.03


Tree=13
num_leaves=23
num_cat=0
split_feature=60 39 11 35 49 59 28 40 46 42 42 32 45 37 49 59 34 25 35 47 38 42
split_gain=7.25101 4.39489 4.10722 5.19227 7.39038 6.29895 5.05243 4.94291 4.80837 4.46937 4.4413 4.0296 4.51718 3.82955 3.55562 3.18974 2.58409 2.48858 2.38209 2.23959 1.23445 0.75815
threshold=647.00000000000011 1.479532365444495 1.0418224397974944 0.11637081739152409 1.0000000180025095e-35 1.0000000180025095e-35 1.3571889336862004 -0.67312532066898745 0.71076062958829378 1.0000000180025095e-35 -0.46433804014991392 -0.35141481219871334 0.34472482097032336 0.15507455423605968 1.0000000180025095e-35 0.36529751569226382 -0.29523334198683232 -1.0000000180025095e-35 -0.48913587472696834 0.52040040282136479 -0.78483591382629048 0.31519769615539234
decision_type=2 2 2 2 2 2 2 2 2 2 2 2 2 2 2 2 2 2 2 2 2 2
left_child=1 2 3 4 5 18 10 19 15 -10 -4 20 21 -2 -3 16 -5 -9 -1 -7 -6 -13
right_child=13 14 6 8 11 7 -8 17 9 -11 -12 12 -14 -15 -16 -17 -18 -19 -20 -21 -22 -23
leaf_value=-0.033073042963786659 -0.027314801571944117 0.030919236834570266 0.0031376645452851422 -0.0030075638128176691 -0.0099283655538272408 -0.023197309334725635 -0.01027593132122835 0.024607562298855086 0.020050833125847316 -0.01146247839078097 0.036830673035061483 0.035294223879592572 0 0.0011739528752669893 0 0 -0.029344169345857003 -0.00061636242250276809 -0.0044601817923709151 0.0011729141657583577 0.0070531484650399896 0.013123434115998861
leaf_weight=6.6625206023454666 10.863390713930132 6.7241320461034757 7.4410321414470681 5.4125742763280895 5.6692756414413452 4.9414651840925199 4.978181764483451 7.4516872912645304 6.4436321556568128 6.6644730269908905 6.7281101197004327 8.9262322038412112 7.2081817686557761 5.6919365525245658 5.7129823714494705 7.4090716391801825 14.21314722299576 4.9427400082349831 5.4470538645982725 5.971248522400856 6.7048188298940641 5.9560892432928076
leaf_count=27 45 27 30 22 23 20 20 30 26 27 27 36 29 23 23 30 58 20 22 24 27 24
internal_value=0 0.00227133 0.000490851 -0.00174304 0.0031296 -0.0062654 0.0128119 0.00280752 -0.0101767 0.00408618 0.0215137 0.0128096 0.0200929 -0.0179039 0.0182898 -0.0171537 -0.0230941 0.0151362 -0.0225536 -0.0108487 -0.000526837 0.0288015
internal_weight=158.164 141.609 129.172 110.024 69.8813 35.4167 19.1473 23.3071 40.1429 13.1081 14.1691 34.4646 22.0905 16.5553 12.4371 27.0348 19.6257 12.3944 12.1096 10.9127 12.3741 14.8823
internal_count=640 572 522 445 282 143 77 94 163 53 57 139 89 68 50 110 80 50 49 44 50 60
is_linear=0
shrinkage=0.03


end of trees

feature_importances:
Column_55=28
Column_47=17
Column_37=15
Column_18=14
Column_46=14
Column_20=12
Column_42=12
Column_12=11
Column_36=11
Column_16=9
Column_38=9
Column_33=8
Column_60=8
Column_19=7
Column_28=7
Column_30=7
Column_39=7
Column_40=7
Column_45=7
Column_54=6
Column_14=5
Column_35=5
Column_50=5
Column_52=5
Column_53=5
Column_1=4
Column_24=4
Column_27=4
Column_34=4
Column_41=4
Column_44=4
Column_49=4
Column_11=3
Column_26=3
Column_32=3
Column_48=3
Column_61=3
Column_7=2
Column_13=2
Column_15=2
Column_23=2
Column_29=2
Column_31=2
Column_43=2
Column_51=2
Column_56=2
Column_59=2
Column_0=1
Column_3=1
Column_4=1
Column_8=1
Column_25=1
Column_57=1
Column_58=1

parameters:
[boosting: gbdt]
[objective: binary]
[metric: binary_logloss]
[tree_learner: serial]
[device_type: cpu]
[data_sample_strategy: bagging]
[data: ]
[valid: ]
[num_iterations: 1400]
[learning_rate: 0.03]
[num_leaves: 128]
[num_threads: 2]
[seed: 42]
[deterministic: 0]
[force_col_wise: 1]
[force_row_wise: 0]
[histogram_pool_size: -1]
[max_depth: 12]
[min_data_in_leaf: 20]
[min_sum_hessian_in_leaf: 0.001]
[bagging_fraction: 0.85]
[pos_bagging_fraction: 1]
[neg_bagging_fraction: 1]
[bagging_freq: 0]
[bagging_seed: 400]
[bagging_by_query: 0]
[feature_fraction: 0.8]
[feature_fraction_bynode: 1]
[feature_fraction_seed: 30056]
[extra_trees: 0]
[extra_seed: 12879]
[early_stopping_round: 0]
[early_stopping_min_delta: 0]
[first_metric_only: 0]
[max_delta_step: 0]
[lambda_l1: 0.2]
[lambda_l2: 1.5]
[linear_lambda: 0]
[min_gain_to_split: 0]
[drop_rate: 0.1]
[max_drop: 50]
[skip_drop: 0.5]
[xgboost_dart_mode: 0]
[uniform_drop: 0]
[drop_seed: 17869]
[top_rate: 0.2]
[other_rate: 0.1]
[min_data_per_group: 100]
[max_cat_threshold: 32]
[cat_l2: 10]
[cat_smooth: 10]
[max_cat_to_onehot: 4]
[top_k: 20]
[monotone_constraints: ]
[monotone_constraints_method: basic]
[monotone_penalty: 0]
[feature_contri: ]
[forcedsplits_filename: ]
[refit_decay_rate: 0.9]
[cegb_tradeoff: 1]
[cegb_penalty_split: 0]
[cegb_penalty_feature_lazy: ]
[cegb_penalty_feature_coupled: ]
[path_smooth: 0]
[interaction_constraints: ]
[verbosity: -1]
[saved_feature_importance_type: 0]
[use_quantized_grad: 0]
[num_grad_quant_bins: 4]
[quant_train_renew_leaf: 0]
[stochastic_rounding: 1]
[linear_tree: 0]
[max_bin: 255]
[max_bin_by_feature: ]
[min_data_in_bin: 3]
[bin_construct_sample_cnt: 200000]
[data_random_seed: 175]
[is_enable_sparse: 1]
[enable_bundle: 1]
[use_missing: 1]
[zero_as_missing: 0]
[feature_pre_filter: 1]
[pre_partition: 0]
[two_round: 0]
[header: 0]
[label_column: ]
[weight_column: ]
[group_column: ]
[ignore_column: ]
[categorical_feature: ]
[forcedbins_filename: ]
[precise_float_parser: 0]
[parser_config_file: ]
[objective_seed: 16083]
[num_class: 1]
[is_unbalance: 0]
[scale_pos_weight: 1]
[sigmoid: 1]
[boost_from_average: 1]
[reg_sqrt: 0]
[alpha: 0.9]
[fair_c: 1]
[poisson_max_delta_step: 0.7]
[tweedie_variance_power: 1.5]
[lambdarank_truncation_level: 30]
[lambdarank_norm: 1]
[label_gain: ]
[lambdarank_position_bias_regularization: 0]
[eval_at: ]
[multi_error_top_k: 1]
[auc_mu_weights: ]
[num_machines: 1]
[local_listen_port: 12400]
[time_out: 120]
[machine_list_filename: ]
[machines: ]
[gpu_platform_id: -1]
[gpu_device_id: -1]
[gpu_device_id_list: ]
[gpu_use_dp: 0]
[num_gpu: 1]

end of parameters

pandas_categorical:null
