tree
version=v4
num_class=1
num_tree_per_iteration=1
label_index=0
max_feature_idx=42
objective=binary sigmoid:1
feature_names=Column_0 Column_1 Column_2 Column_3 Column_4 Column_5 Column_6 Column_7 Column_8 Column_9 Column_10 Column_11 Column_12 Column_13 Column_14 Column_15 Column_16 Column_17 Column_18 Column_19 Column_20 Column_21 Column_22 Column_23 Column_24 Column_25 Column_26 Column_27 Column_28 Column_29 Column_30 Column_31 Column_32 Column_33 Column_34 Column_35 Column_36 Column_37 Column_38 Column_39 Column_40 Column_41 Column_42
feature_infos=[-1.0162001457964236:11.471857049420029] [-0.93491721354884116:9.4165551137545869] [-1.1620729185564729:8.3826450623299298] [-1.0192570057832067:11.599585655697531] [-0.92398901733682859:9.2630150914826963] [-1.1627332583129866:8.3118575712712399] [-2.0642625986394929:5.9535316301618888] [-1.2959217750316498:7.0665538135544077] [-2.4646683779651006:4.3839316107786646] [-2.9752446828503007:3.1399024400495423] [-5.3513291802981229:1.6812906529153553] [-2.208857227326424:4.2989399995206039] [-1.3487356331817038:3.2741363943188202] [-2.9835401403350552:3.2480655422665592] [-2.1998693989671714:4.3960667684326662] [-1.7235167908999085:1.6981727390249881] [-1.5748825659712993:1.4671618490423832] [-4.3296160896228724:1.0426046821557313] [-2.2626305167538869:0.44196345474676646] [-2.486888005148117:1.976391207255725] [-2.2880259345395175:4.402899252221232] [-2.327739238454356:3.5414360243417433] [-3.3834974402224463:3.5001964846892095] [-1.9090476116473252:2.9191896004988802] [-2.2041858095310634:4.9200764305205649] [-2.6222607444999482:3.4900473711917939] [-3.3949575439323749:3.7603477977089219] [-3.0507243775587374:2.5015317884475974] [-2.7348722922541127:5.4500755372609024] [-2.3396457097059313:3.1302448333242676] [-3.2054480155505631:4.3816380017187742] [-2.4856231537496174:3.1475727622031662] [-2.9169583947793716:4.3351730265147319] [-3.4257279785436201:3.937786293939213] [-3.4632559540402679:3.7653695476259288] [-2.905753868153667:3.0740165335295679] [-2.1071520102228374:3.6721515892992462] [-1.6149742688358544:2.39362257702457] [-1.0640874826988143:4.0412237631884951] [-1.2764705348073073:2.7075096748719547] [4:804] [4:804] [0:1]
tree_sizes=3653 3388

Tree=0
num_leaves=35
num_cat=0
split_feature=28 12 10 33 32 24 33 28 27 16 40 31 10 30 36 3 31 22 34 24 12 36 30 29 31 27 28 16 16 31 27 24 29 27
split_gain=12.1465 5.17177 4.45646 4.467 4.94852 3.40169 4.10755 3.426 4.33888 4.17104 3.27075 3.21276 2.77062 3.27887 6.2738 5.0465 3.65302 2.73356 2.38337 2.87156 2.19008 3.16025 4.0887 2.08687 1.75648 1.72188 3.11963 1.6544 1.63712 0.937622 0.705495 1.01218 0.480601 0.394384
threshold=-0.17359610070519638 -0.042315308411241676 -0.55016481259194416 0.46641527976873465 -0.89062755647660719 1.1960302595844869 -1.0851823705044334 -0.85567508649811441 -0.89683189936662477 -0.33040985073842905 353.00000000000006 1.1133631258868835 -1.9573644520851001 0.8990411413328484 0.14304335059586845 -0.40418763077392533 -0.50357273887734155 1.2384113379325232 -0.18991610422916036 -0.22072643588032595 -0.088274919416619843 -0.26136964051901385 -0.22036499236262755 -0.53037422239594212 -0.50357273887734155 0.49123214213495892 0.35536311276686228 -1.0000000180025095e-35 -1.0000000180025095e-35 0.33097480422677439 0.026264877001423371 -0.42312024951815624 0.47945172400963271 -0.6575105129008344
decision_type=2 2 2 2 2 2 2 2 2 2 2 2 2 2 2 2 2 2 2 2 2 2 2 2 2 2 2 2 2 2 2 2 2 2
left_child=2 12 29 5 -5 6 27 8 9 -8 -6 -7 -2 15 16 24 -15 30 19 23 21 -9 -23 -17 -14 26 -20 -4 33 -1 -3 -32 -25 -12
right_child=1 17 3 4 10 11 7 20 -10 -11 28 -13 13 14 -16 18 -18 -19 25 -21 -22 22 -24 32 -26 -27 -28 -29 -30 -31 31 -33 -34 -35
leaf_value=1.1297934835711825 1.1304903659318519 1.1165336583434413 1.1121177852846369 1.1176759917858261 1.1057052135124819 1.1109835804706567 1.086575072961389 1.1096275191420037 1.1301073152128538 1.1187243813565106 1.0876730223503723 1.0744136731513731 1.110991555024349 1.0996113437688997 1.0793307182228669 1.1052634261126637 1.1310309124136062 1.1109835804706567 1.1296662233721513 1.0948931810498035 1.1153098747204107 1.0692532283111797 1.1091037148270779 1.1343001122577669 1.0865927632550487 1.1413274103270328 1.1003866971765479 1.1382686094559089 1.0656164571142248 1.1109835804706567 1.1215777745346112 1.1414893521319396 1.1153098747204107 1.1061263808604225
leaf_weight=4.4721225500106794 6.1491685062646857 3.9131072312593522 4.8447994291782379 4.0994456708431271 6.3355069458484676 3.7267687916755667 5.4038147479295739 7.0808607041835776 7.4535375833511273 6.1491685062646875 4.0994456708431279 3.913107231259346 3.913107231259346 5.4038147479295739 5.9628300666809073 4.2857841104269019 4.8447994291782388 5.9628300666809073 7.2671991437673622 4.2857841104269019 3.7267687916755774 5.7764916270971289 4.0994456708431271 4.285784110426901 4.4721225500106794 5.4038147479295722 3.7267687916755676 3.7267687916755659 6.521845385432238 3.7267687916755676 6.8945222645998081 11.925660133361809 3.7267687916755676 3.7267687916755676
leaf_count=24 33 21 26 22 34 20 29 38 40 33 22 21 21 29 32 23 26 32 39 23 20 31 22 23 24 29 20 20 35 20 37 64 20 20
internal_value=1.11098 1.11854 1.10313 1.10093 1.0906 1.10602 1.10939 1.10513 1.114 1.10307 1.08487 1.08917 1.11352 1.11115 1.1004 1.11573 1.11462 1.12881 1.12111 1.11238 1.09705 1.09268 1.08284 1.12 1.09686 1.12875 1.11918 1.12645 1.07742 1.12242 1.13329 1.13581 1.12817 1.09362
internal_weight=181.307 92.4239 88.8834 80.6845 24.783 55.9015 48.2617 39.6901 19.0065 11.553 20.6836 7.63988 63.7277 57.5786 16.2114 41.3671 10.2486 28.6961 32.9819 16.5841 20.6836 16.9568 9.87594 12.2983 8.38523 16.3978 10.994 8.57157 14.3481 8.19889 22.7333 18.8202 8.01255 7.82621
internal_count=973 496 477 433 133 300 259 213 102 62 111 41 342 309 87 222 55 154 177 89 111 91 53 66 45 88 59 46 77 44 122 101 43 42
is_linear=0
shrinkage=1


Tree=1
num_leaves=31
num_cat=0
split_feature=35 41 12 29 12 1 21 15 23 29 35 16 34 30 30 12 1 33 1 0 30 16 29 41 16 41 30 31 29 16
split_gain=11.9594 8.93399 5.16859 4.65983 5.51833 10.1629 5.94578 8.09293 4.25337 6.59989 5.75975 4.12983 3.65661 3.56171 7.01827 3.3897 3.31463 2.9285 4.41382 2.7352 2.70297 2.43341 2.1041 2.0086 2.58143 1.5549 1.14433 1.10677 0.825059 0.0641065
threshold=0.21867616672582332 106.50000000000001 -1.0437356216030418 -1.0352871955987295 0.83173196313766018 -0.37205590575171715 1.1570835738308278 -1.310554261426214 0.50507099442577763 0.47945172400963271 1.0608271649628789 -0.60695934301240018 0.082862216588432028 -0.095986533063130236 -0.46912191096162226 -0.15055185103534699 -0.42381326738823433 0.23265292191213663 0.80542407147904804 -0.16795475140436278 0.40152730413485943 0.22268913380951316 0.47945172400963271 395.50000000000006 -1.0000000180025095e-35 551.00000000000011 1.5831226674800842 0.33097480422677439 -0.78283070899733598 1.0523376106314268
decision_type=2 2 2 2 2 2 2 2 2 2 2 2 2 2 2 2 2 2 2 2 2 2 2 2 2 2 2 2 2 2
left_child=1 -1 -3 27 5 11 7 12 9 17 19 16 -7 14 -9 25 -5 26 23 21 -15 -10 -13 -19 -25 -8 29 -4 -12 -2
right_child=8 2 3 4 -6 6 15 13 10 -11 28 22 -14 20 -16 -17 -18 18 -20 -21 -22 -23 -24 24 -26 -27 -28 -29 -30 -31
leaf_value=0.026259167648957683 0.030672521402305291 -0.033298837072898144 -0.0097646869184192017 -0.0086893806990902302 0.023743036807230222 -0.03432386776792825 -0.016040834744089131 0.014811884301909552 0.011219825467021391 -0.010702195441861594 -0.028310065036395524 0.0065521230692925222 0 0.032652822695364875 -0.013898264411528364 -0.036206363581667858 -0.049440099425183771 -0.012899738174555777 0.029649585373474022 0.024620623241394246 0.0011989616701799674 -0.016204982881141777 -0.01799355127704505 -0.0077700625553321426 0.017744567453245215 0.0058451656302665597 0.0055076979070922873 -0.036558817911327486 -0.0048722670456326387 0.01188920110428728
leaf_weight=5.5675985664129248 15.578360363841062 5.7908071875572196 5.0250700265169126 3.9263919591903687 4.456421270966529 4.479150563478461 3.7469581663608533 19.045305937528603 5.0026693642139435 7.2720969170331946 4.1219854056835175 4.0842458307743055 4.6529673486948013 7.6305063217878466 10.647640198469164 3.9333879649639121 5.8120331168174761 5.207278296351439 4.9975903630256644 4.8154013454914102 4.0860571414232254 3.7355657815933228 5.6346885710954666 4.6640456169843709 6.8943313062190956 4.842434287071228 3.9085547775030127 3.9135372191667557 3.7251176685094824 4.0801719874143592
leaf_count=30 84 31 27 21 24 24 20 102 27 39 22 22 25 41 57 21 31 28 27 26 22 20 30 25 37 26 21 21 20 22
internal_value=0 -0.00637186 -0.00857194 -0.00652777 -0.00409464 -0.00606641 0 0.00462237 0.00916868 0.0136644 -0.00179083 -0.0241657 -0.0187886 0.0104014 0.00415105 -0.0173872 -0.0368966 0.0179191 0.0086483 0.0095396 0.0235185 -0.000574654 -0.00764687 0.000138874 0.00727952 -0.00407289 0.0252111 -0.0256383 -0.0203932 0.0281768
internal_weight=181.278 107.275 101.708 95.9168 86.9782 82.5218 63.0644 50.5416 74.0032 52.6024 21.4007 19.4574 9.13212 41.4095 29.6929 12.5228 9.73843 45.3303 21.7632 13.5536 11.7166 8.73824 9.71893 16.7657 11.5584 8.58939 23.5671 8.93861 7.8471 19.6585
internal_count=973 575 545 514 466 442 338 271 398 283 115 104 49 222 159 67 52 244 117 73 63 47 52 90 62 46 127 48 42 106
is_linear=0
shrinkage=0.03


end of trees

feature_importances:
Column_16=7
Column_29=6
Column_30=6
Column_12=5
Column_31=5
Column_27=4
Column_1=3
Column_24=3
Column_28=3
Column_33=3
Column_41=3
Column_10=2
Column_34=2
Column_35=2
Column_36=2
Column_0=1
Column_3=1
Column_15=1
Column_21=1
Column_22=1
Column_23=1
Column_32=1
Column_40=1

parameters:
[boosting: gbdt]
[objective: binary]
[metric: binary_logloss]
[tree_learner: serial]
[device_type: cpu]
[data_sample_strategy: bagging]
[data: ]
[valid: ]
[num_iterations: 800]
[learning_rate: 0.03]
[num_leaves: 96]
[num_threads: 1]
[seed: 42]
[deterministic: 0]
[force_col_wise: 1]
[force_row_wise: 0]
[histogram_pool_size: -1]
[max_depth: 10]
[min_data_in_leaf: 20]
[min_sum_hessian_in_leaf: 0.001]
[bagging_fraction: 0.85]
[pos_bagging_fraction: 1]
[neg_bagging_fraction: 1]
[bagging_freq: 0]
[bagging_seed: 400]
[bagging_by_query: 0]
[feature_fraction: 0.8]
[feature_fraction_bynode: 1]
[feature_fraction_seed: 30056]
[extra_trees: 0]
[extra_seed: 12879]
[early_stopping_round: 0]
[early_stopping_min_delta: 0]
[first_metric_only: 0]
[max_delta_step: 0]
[lambda_l1: 0.2]
[lambda_l2: 1.5]
[linear_lambda: 0]
[min_gain_to_split: 0]
[drop_rate: 0.1]
[max_drop: 50]
[skip_drop: 0.5]
[xgboost_dart_mode: 0]
[uniform_drop: 0]
[drop_seed: 17869]
[top_rate: 0.2]
[other_rate: 0.1]
[min_data_per_group: 100]
[max_cat_threshold: 32]
[cat_l2: 10]
[cat_smooth: 10]
[max_cat_to_onehot: 4]
[top_k: 20]
[monotone_constraints: ]
[monotone_constraints_method: basic]
[monotone_penalty: 0]
[feature_contri: ]
[forcedsplits_filename: ]
[refit_decay_rate: 0.9]
[cegb_tradeoff: 1]
[cegb_penalty_split: 0]
[cegb_penalty_feature_lazy: ]
[cegb_penalty_feature_coupled: ]
[path_smooth: 0]
[interaction_constraints: ]
[verbosity: -1]
[saved_feature_importance_type: 0]
[use_quantized_grad: 0]
[num_grad_quant_bins: 4]
[quant_train_renew_leaf: 0]
[stochastic_rounding: 1]
[linear_tree: 0]
[max_bin: 255]
[max_bin_by_feature: ]
[min_data_in_bin: 3]
[bin_construct_sample_cnt: 200000]
[data_random_seed: 175]
[is_enable_sparse: 1]
[enable_bundle: 1]
[use_missing: 1]
[zero_as_missing: 0]
[feature_pre_filter: 1]
[pre_partition: 0]
[two_round: 0]
[header: 0]
[label_column: ]
[weight_column: ]
[group_column: ]
[ignore_column: ]
[categorical_feature: ]
[forcedbins_filename: ]
[precise_float_parser: 0]
[parser_config_file: ]
[objective_seed: 16083]
[num_class: 1]
[is_unbalance: 0]
[scale_pos_weight: 1]
[sigmoid: 1]
[boost_from_average: 1]
[reg_sqrt: 0]
[alpha: 0.9]
[fair_c: 1]
[poisson_max_delta_step: 0.7]
[tweedie_variance_power: 1.5]
[lambdarank_truncation_level: 30]
[lambdarank_norm: 1]
[label_gain: ]
[lambdarank_position_bias_regularization: 0]
[eval_at: ]
[multi_error_top_k: 1]
[auc_mu_weights: ]
[num_machines: 1]
[local_listen_port: 12400]
[time_out: 120]
[machine_list_filename: ]
[machines: ]
[gpu_platform_id: -1]
[gpu_device_id: -1]
[gpu_device_id_list: ]
[gpu_use_dp: 0]
[num_gpu: 1]

end of parameters

pandas_categorical:null
