tree
version=v4
num_class=1
num_tree_per_iteration=1
label_index=0
max_feature_idx=62
objective=binary sigmoid:1
feature_names=Column_0 Column_1 Column_2 Column_3 Column_4 Column_5 Column_6 Column_7 Column_8 Column_9 Column_10 Column_11 Column_12 Column_13 Column_14 Column_15 Column_16 Column_17 Column_18 Column_19 Column_20 Column_21 Column_22 Column_23 Column_24 Column_25 Column_26 Column_27 Column_28 Column_29 Column_30 Column_31 Column_32 Column_33 Column_34 Column_35 Column_36 Column_37 Column_38 Column_39 Column_40 Column_41 Column_42 Column_43 Column_44 Column_45 Column_46 Column_47 Column_48 Column_49 Column_50 Column_51 Column_52 Column_53 Column_54 Column_55 Column_56 Column_57 Column_58 Column_59 Column_60 Column_61 Column_62
feature_infos=[-1.2820280507808857:15.747424702475072] [-1.3591835570706037:10.82803026431711] [-1.5031235145844306:8.9277548369004975] [-1.2716012989192034:15.604978647870071] [-1.3604331979279012:10.885145716779201] [-1.4971366002868618:8.869563577281566] [-2.3086830442190602:6.9763796503845841] [-1.8354109917233319:7.9616010666897932] [-3.0184281384397127:4.5095200230586476] [-3.3740401287804245:3.4394808742123595] [-5.889394712376542:2.3269902098062927] [-2.2768800762168597:5.3984230401431486] [-1.3135979648929286:4.4427412585655448] [-3.3692183013206316:3.5549552897010051] [-2.2526640532991316:5.463758042872108] [-3.3692183013206316:3.5549552897010051] [-6.1211112321519883:1.9778891369154801] [-2.2526640532991316:5.463758042872108] [-6.7419690079820525:0.85532443825482263] [-1.7105010265145273:1.7041152157658375] [-1.5260784094090827:1.4426230025341118] [-3.6130574098817703:0.99255003437018918] [-1.823486462976452:0.54840001299910601] [-2.2309707798802463:2.4408805831676266] [-2.1633697374806888:4.5568434235234818] [-2.1388008407808154:4.3409778118321913] [-3.0184611824469378:4.2228141034506459] [-2.4987912420090383:2.4297530645464507] [-2.3175663868961851:4.6088582150464577] [-2.1625951305749163:3.5275830504424608] [-3.1090115407369345:4.1233187477889901] [-2.9256358820608432:3.124947626484861] [-2.7370693015897385:5.2637995594815097] [-2.8808364066265528:4.385325649481449] [-3.4231626808303313:4.4358211456757015] [-2.8643959550184079:2.684075016758154] [-2.8786493297971876:4.6302561207687409] [-2.8134843586274534:4.1239542304683345] [-3.2757702636549193:3.5285881292209664] [-3.6098606851042923:3.307397527237355] [-3.0648290064255996:3.1476705593894523] [-2.9022819680831682:1.9694911547992795] [-3.3958146501884796:3.9851867115617727] [-1.8421568371609465:3.0106466615176952] [-3.9295444010921319:2.9076339630052432] [-2.224403599579508:3.3649851261642829] [-2.1921650921030693:3.4406443985118718] [-2.9667184030144078:2.821446541929856] [-2.8274627535377292:2.244463204985887] [-0.99555047281923936:3.8627015937657241] [-1.190687888528561:3.9463247465130005] [-9.2044433158901047:11.354061227201933] [-6.4628844332024169:6.4517136019290575] [-4.1103108785414131:5.4838630924691554] [-2.7018395215963409:2.9406340150136878] [-2.7196498068354957:2.6727955180727996] [-1.2619829739262727:3.1503393999809552] [-1.3012711039858262:2.6485799582209708] [-1.3079458032638376:2.9611568030414213] [-2.6554122489120897:2.7657965187775102] [17:789] [17:789] [0:1]
tree_sizes=3785 3700 4129 3920 3596 3742 4166 3813 3738 3773 3198 4204 2939 3283 3087 3696 4111 3526 4133 4216

Tree=0
num_leaves=35
num_cat=0
split_feature=46 32 50 26 57 39 54 52 45 28 56 47 39 55 56 56 54 35 57 47 0 24 0 45 27 48 42 26 32 41 55 2 47 40
split_gain=10.3941 10.7404 8.98327 7.78982 7.63833 9.30402 5.32266 5.22254 6.0019 4.79274 4.69213 4.14613 8.56319 6.25507 4.0031 3.97212 5.0122 3.43107 8.52548 6.23314 3.76236 4.57772 3.25263 3.23423 3.22577 3.07428 4.88384 3.00614 2.90234 2.38123 1.86268 1.66093 0.866963 0.449648
threshold=0.14029324797976508 0.4061291795453949 -0.36509657218259561 1.4469919105232394 1.1673858098934222 -1.327945616935196 -1.3763416288421557 -0.88612619075928045 1.4942920141066331 -0.67709740222555892 0.94417821302734117 1.1127212581018031 0.40461952741541407 -0.32350480588948333 -0.82075073653554986 0.94417821302734117 0.44510766602124707 1.1428330801535542 1.0000000180025095e-35 -0.45595167184451185 1.0235968496914261 -1.0000000180025095e-35 -0.11849176379834704 -1.2937019854663385 1.0000000180025095e-35 -0.011711646300356962 -0.32039741612587447 -0.84607859667766239 0.4061291795453949 -0.46639540664194434 0.36973642306033189 -0.57780366082367096 1.5428914878966107 -0.52501300746003421
decision_type=2 2 2 2 2 2 2 2 2 2 2 2 2 2 2 2 2 2 2 2 2 2 2 2 2 2 2 2 2 2 2 2 2 2
left_child=4 6 31 10 5 27 -2 29 11 -6 -4 12 14 28 23 16 17 19 -19 20 21 -8 -18 -9 32 26 -16 -1 -14 -7 -21 -3 -13 -27
right_child=1 2 3 -5 9 7 15 8 -10 -11 -12 24 13 -15 25 -17 22 18 -20 30 -22 -23 -24 -25 -26 33 -28 -29 -30 -31 -32 -33 -34 -35
leaf_value=-0.12246464786596029 -0.13008051831479328 -0.16474775926259183 -0.10604012864004916 -0.15289713454589779 -0.15531245709186148 -0.15480642696665001 -0.18515355796808131 -0.16735010928660637 -0.13893987871868985 -0.12433842471110801 -0.14342431601906547 -0.19036976991421833 -0.12421319375259152 -0.16357188410240531 -0.17199780158747008 -0.13628856359200237 -0.15547669695877175 -0.16626579432534411 -0.12208976120438317 -0.13574188007314625 -0.15134078926416492 -0.15242764213319399 -0.12635333405243457 -0.14292513861748954 -0.15590734902328232 -0.17063241275370236 -0.13878878486715543 -0.1506171072459471 -0.1506171072459471 -0.12951772256333535 -0.15736119587141975 -0.14342431601906547 -0.16474775926259183 -0.18768998133303696
leaf_weight=6.2146876007318497 8.9491501450538617 4.9717500805854797 15.412425249814993 5.2203375846147528 6.7118626087903968 5.4689250886440277 15.412425249814982 7.7062126249074963 7.2090376168489447 8.9491501450538617 4.9717500805854788 9.6949126571416873 8.2033876329660433 9.6949126571416837 8.9491501450538617 9.4463251531124097 4.9717500805854797 7.4576251208782178 5.4689250886440277 5.966100096702581 7.2090376168489447 5.7175125926733044 6.2146876007318479 8.7005626410245807 6.2146876007318488 14.418075233697884 4.9717500805854717 5.4689250886440259 5.4689250886440268 4.971750080585478 5.2203375846147537 4.971750080585478 4.9717500805854788 9.6949126571417068
leaf_count=25 36 20 62 21 27 22 62 31 29 36 20 39 33 39 36 38 20 30 22 24 29 23 25 35 25 58 20 22 22 20 21 20 20 39
internal_value=-0.150617 -0.144048 -0.130637 -0.12165 -0.156006 -0.158479 -0.150185 -0.161109 -0.163128 -0.137213 -0.113766 -0.165104 -0.161412 -0.146596 -0.167815 -0.15293 -0.155766 -0.15972 -0.146969 -0.164017 -0.171243 -0.17727 -0.138814 -0.154503 -0.176947 -0.173041 -0.159751 -0.134537 -0.134073 -0.142129 -0.145908 -0.154016 -0.184172 -0.179494
internal_weight=261.265 117.582 35.548 25.6045 143.684 128.023 82.0339 116.339 105.898 15.661 20.3842 98.6892 77.8079 23.3672 54.4407 73.0847 63.6384 52.452 12.9266 39.5254 28.339 21.1299 11.1864 16.4068 20.8814 38.0339 13.9209 11.6836 13.6723 10.4407 11.1864 9.9435 14.6667 24.113
internal_count=1051 473 143 103 578 515 330 468 426 63 82 397 313 94 219 294 256 211 52 159 114 85 45 66 84 153 56 47 55 42 45 40 59 97
is_linear=0
shrinkage=1


Tree=1
num_leaves=34
num_cat=0
split_feature=46 32 57 54 26 52 60 54 33 38 55 56 25 53 28 46 46 56 47 53 31 52 43 55 38 55 19 41 36 61 9 47 47
split_gain=9.85963 10.1236 7.24099 7.04216 5.63644 5.04861 5.92401 5.03918 7.46784 5.92346 15.1196 5.81337 5.58384 4.9417 4.5466 3.97399 4.18682 3.69061 3.45918 2.97953 2.82969 7.03348 2.76258 2.8316 2.72011 2.25528 2.16763 2.01574 1.97855 1.46009 1.0173 0.990509 0.552049
threshold=0.14029324797976508 0.4061291795453949 1.1673858098934222 -1.8496448344703718 1.205616067659987 -0.88612619075928045 458.50000000000006 -1.3763416288421557 -0.15602563558605179 0.99673384349970662 0.5269983429646975 0.94417821302734117 0.62463417283355549 0.68677610696387104 -0.67709740222555892 -0.4973076071019244 -0.09435892987386986 1.0000000180025095e-35 -0.54940734328485841 -0.5924470891708713 0.79435249726725654 -1.0000000180025095e-35 -0.75027604995825203 -0.16981638490365134 0.20552937921181294 -0.37886536302251977 -1.5338829450172666 -1.1159651563596038 -0.26190955156966678 458.50000000000006 0.27176977818260922 -1.0618816517872074 -0.23722468647788189
decision_type=2 2 2 2 2 2 2 2 2 2 2 2 2 2 2 2 2 2 2 2 2 2 2 2 2 2 2 2 2 2 2 2 2
left_child=2 7 3 -1 13 28 15 -2 9 10 18 12 27 29 -4 20 19 -18 -9 -17 26 -22 -8 -24 -14 -21 -7 -10 -5 -3 -27 -29 -28
right_child=1 4 14 5 -6 6 22 8 11 -11 -12 -13 24 -15 -16 16 17 -19 -20 25 21 -23 23 -25 -26 30 32 31 -30 -31 -32 -33 -34
leaf_value=0.022269054209560539 0.019983902492550581 0.040292604410480368 -0.0045815814866992498 0.020886554070636637 0 -0.0051681179912672374 -0.0089853755016413833 0 -0.0039804575505318698 0.031703634618595961 -0.026990201763518698 0.015263067703043625 -0.013965634035762677 0.0042067840443247746 0.025563343919755632 -0.012301694891727145 -0.034818196285282446 -0.0046784306646623138 0.028573659151031369 0.020565365354219219 0.011903223661652584 -0.028900078350920764 0.02192810167709678 -0.0034492999016955566 0.011101133761740902 0.0075270549337541808 -0.013014064981000766 -0.013289097637243268 -0.0024668074142901704 0.013282067885533004 -0.0092344833021743671 -0.033835892893452943 -0.030185216151596288
leaf_weight=5.2268031835556021 8.9620349407196027 12.948668003082281 6.7094574719667426 4.9747369438409805 9.6976424604654294 6.2119226604700009 9.4381606727838534 5.4624147415161159 5.4645031690597525 6.2199812829494467 8.9444262236356717 5.4745387732982627 4.9684453159570685 7.7171127796173087 8.9653045535087568 8.1958053708076495 5.712083011865615 9.6867400258779508 9.701627731323244 6.2103368490934399 7.2035238593816757 5.2170259952545148 7.2101403772830963 5.9625977128744108 8.1989842206239683 4.9659678488969785 6.953861296176906 7.7008882015943518 5.2232139557600004 5.227496698498725 4.9667574167251587 10.926563367247587 24.580936521291747
leaf_count=21 36 52 27 20 39 25 38 22 22 25 36 22 20 31 36 33 23 39 39 25 29 21 29 24 33 20 28 31 21 21 20 44 99
internal_value=0 0.00639899 -0.00524771 -0.00765941 0.0194093 -0.009236 -0.0111027 0.000434726 -0.00223654 0.00879429 0.00113857 -0.0102336 -0.0145803 0.0263679 0.0130375 -0.0145163 -0.00681911 -0.0183118 0.0190263 0.000860858 -0.0201221 -0.00607179 0.00227999 0.0108539 0.000772718 0.00836127 -0.0241838 -0.0227594 0.0096299 0.034434 -0.000441493 -0.027263 -0.0273432
internal_weight=261.231 117.615 143.615 127.941 35.5909 122.714 112.516 82.0244 73.0624 30.3284 24.1085 42.7339 37.2594 25.8933 15.6748 89.905 39.7377 15.3988 15.164 24.3389 50.1673 12.4205 22.6109 13.1727 13.1674 16.1431 37.7467 24.092 10.198 18.1762 9.93273 18.6275 31.5348
internal_count=1051 473 578 515 143 494 453 330 294 122 97 172 150 104 63 362 160 62 61 98 202 50 91 53 53 65 152 97 41 73 40 75 127
is_linear=0
shrinkage=0.03


Tree=2
num_leaves=38
num_cat=0
split_feature=45 47 4 56 12 36 21 55 30 50 14 24 44 29 53 50 30 29 30 2 42 47 2 24 45 21 16 27 27 24 38 32 40 47 47 35 55
split_gain=7.82509 11.6225 6.43144 5.5859 5.49354 5.32734 7.74592 6.66449 6.14327 5.20942 4.9662 6.47272 4.87123 4.75127 5.58079 4.69766 4.44543 3.76445 6.16745 3.70228 4.6301 3.38565 4.04705 3.16666 3.80123 3.44098 4.92766 3.6731 2.62052 2.44498 3.59935 2.31285 2.10853 1.89919 1.50919 1.21739 0.939727
threshold=1.4942920141066331 1.1127212581018031 1.0000000180025095e-35 -0.82075073653554986 -0.81306533808347214 0.42071821666359926 1.0000000180025095e-35 0.27311950738960356 0.89459986898277422 0.18529763871471452 -0.57294183464550552 -0.21804487508474441 -0.25772639074354181 1.0000000180025095e-35 -0.5924470891708713 -0.36509657218259561 -0.1385901722352153 -0.74005058532057177 0.37800484837377962 -0.22292246690974324 -0.56643079485088277 -0.49804693362076502 -0.7039836408819562 -1.2791311636643503 -1.121423347144803 1.0000000180025095e-35 0.95892719962068595 -0.69165832960535911 0.62262015214277144 0.84304141349486172 -0.11095240650334463 0.18917440222798673 -1.1389541410229331 -0.70048219811130841 0.30965694626503315 -0.29565939401074021 0.47667460674297879
decision_type=2 2 2 2 2 2 2 2 2 2 2 2 2 2 2 2 2 2 2 2 2 2 2 2 2 2 2 2 2 2 2 2 2 2 2 2 2
left_child=1 2 5 -4 -2 7 28 10 19 17 -1 23 15 34 -15 -13 32 33 -19 20 -8 22 -10 24 -12 27 -27 -25 -7 30 -14 -17 -3 -9 -5 -6 -21
right_child=4 16 3 13 35 6 8 9 21 -11 11 12 29 14 -16 31 -18 18 -20 36 -22 -23 -24 25 -26 26 -28 -29 -30 -31 -32 -33 -34 -35 -36 -37 -38
leaf_value=-0.018816553636669026 -0.0031041712108522204 -0.012820712897806966 -0.01156928607420365 0.04414622113138917 0.010908669503350886 -0.02453244186402689 0.0063969445566623715 -0.015421139920379096 0.0046974286535926158 0.0048871494190733181 0.0227149180986503 0.020856798346083057 0.008389364631991943 0.025649074203185306 -0.011048567882216276 0.00133104322023148 -0.002271054115467931 -0.024176949639090804 0.012646039042042584 0.013869142493753504 0.04281887139556171 0.015200914341537917 -0.027649776255971672 0.020973058716035085 -0.0075487765691817392 -0.021336532854494349 0.0066298556074650804 -0.010045173232979288 0 0.002327218844061485 0.043259540352823089 -0.023196240380103338 -0.039676084528398083 -0.041746553063212441 0.015323243859725191 0.03597426281343289 -0.0015578791357687926
leaf_weight=9.9295696765184385 6.9683223068714168 7.6869584619998923 5.2250609844923046 5.2313105463981646 5.4746668338775644 6.2081076055765134 5.9722962230443946 8.9404082149267214 6.2149973809719095 8.1978864371776563 5.9678112864494324 4.9739589542150524 6.2190421670675287 4.9712691903114345 7.2068882137536958 6.2053981423377973 9.1875311881303769 7.1901142150163668 6.2119314223527908 5.2176108807325381 8.9603017717599851 5.4738112390041342 4.9625446945428857 4.9721668809652328 5.9622877240180951 20.366634503006939 6.4615076184272757 5.7146727144718152 7.4567033797502518 4.9736392199993125 6.220744103193284 4.9668636322021484 8.1801519244909304 7.1989144682884207 6.7171918451786041 7.4679154753684971 5.7113843262195587
leaf_count=40 28 31 21 21 22 25 24 36 25 33 24 20 25 20 29 25 37 29 25 21 36 22 20 20 24 82 26 23 30 20 25 20 33 29 27 30 23
internal_value=0 -0.00152563 0.000743068 0.0134532 0.0173935 -0.0013129 0.00626277 -0.00464926 0.0125689 -0.015019 -0.000203072 0.00224707 0.0121819 0.0194664 0.00466316 0 -0.0202649 -0.0207055 -0.00715171 0.0213303 0.0305307 -0.0013464 -0.0107629 -0.00453835 0.00798949 -0.0088301 -0.0143947 0.00469921 -0.0122632 0.0225141 0.0290359 -0.0105546 -0.0292423 -0.0300552 0.0319051 0.0280212 0.00610935
internal_weight=261.169 241.258 216.203 29.3517 19.9109 186.851 56.1778 130.674 42.5129 37.7393 92.9343 83.0047 33.5596 24.1267 12.1782 16.1462 25.0546 29.5414 13.402 25.8616 14.9326 16.6514 11.1775 49.4451 11.9301 37.515 26.8281 10.6868 13.6648 17.4134 12.4398 11.1723 15.8671 16.1393 11.9485 12.9426 10.929
internal_count=1051 971 870 118 80 752 226 526 171 152 374 334 135 97 49 65 101 119 54 104 60 67 45 199 48 151 108 43 55 70 50 45 64 65 48 52 44
is_linear=0
shrinkage=0.03


Tree=3
num_leaves=36
num_cat=0
split_feature=46 32 50 26 57 23 54 33 56 38 55 25 56 28 46 45 47 55 30 32 29 54 23 55 30 45 45 29 28 38 16 54 58 2 47
split_gain=8.90815 9.3801 8.24518 7.04788 6.84255 7.88268 4.82119 7.0426 5.49057 5.41963 14.0339 5.24601 4.39513 4.2775 4.07608 3.91186 4.25995 6.00344 5.02382 3.794 3.66649 4.25368 5.73185 4.64305 3.35831 3.31139 3.17888 4.09355 3.03592 2.52817 2.37669 4.4525 1.98754 1.59465 0.970305
threshold=0.14029324797976508 0.4061291795453949 -0.36509657218259561 1.4469919105232394 1.1673858098934222 -1.1408721285024088 -1.3763416288421557 -0.15602563558605179 0.94417821302734117 0.99673384349970662 0.5269983429646975 0.62463417283355549 0.94417821302734117 -0.67709740222555892 -1.0001054806963421 1.4942920141066331 1.1127212581018031 -0.37886536302251977 -0.39688768253971235 -0.84797526494791564 1.2921559078999205 0.081440788582756912 -0.25841131548225543 -1.0891516679686821 -0.1385901722352153 0.082540860289155249 -1.0434969782531156 -0.33360928667647333 -0.67709740222555892 0.20552937921181294 0.31937898915833779 -0.3607113238629131 -1.0000000180025095e-35 -0.57780366082367096 1.5428914878966107
decision_type=2 2 2 2 2 2 2 2 2 2 2 2 2 2 2 2 2 2 2 2 2 2 2 2 2 2 2 2 2 2 2 2 2 2 2
left_child=4 6 33 12 5 14 -2 9 11 10 25 30 -4 -6 -1 16 17 20 -19 -20 21 22 28 -23 34 -8 27 -21 -7 -13 -9 -32 -28 -3 -18
right_child=1 2 3 -5 13 15 7 8 -10 -11 -12 29 -14 -15 -16 -17 24 18 19 26 -22 23 -24 -25 -26 -27 32 -29 -30 -31 31 -33 -34 -35 -36
leaf_value=0.024771503099051788 0.019467344821109695 -0.014193293707979598 0.042125377883591802 -0.0024126284268099472 -0.0043127599859880085 -0.0049508624733298635 0 -0.034506507740490272 0.014724666115281136 0.030329510916270359 -0.026054207072471598 -0.013590378717726111 0.0062660174600630307 0.024923074343228244 -0.0027361211821268403 0.0095494573432558707 -0.039093612203346569 0.0073866799769400672 -0.038306000538847154 -0.015044956543921675 -0.017361407668888339 0.033839288438016729 -0.022565499028747608 0.00027950389169021685 -0.0058497730145334699 0.027643097798003766 -0.03099834981044183 0.016846527755628768 0.022646295486099303 0.010583098770839868 0.0023589379003036855 -0.027498686765525408 -0.0080333642964414125 0.0066854848926775476 -0.013135151703187888
leaf_weight=7.9652454704046276 8.9716628193855268 4.9718057811260223 15.47841009497643 5.222069412469863 6.7027898281812659 6.2054447233676893 5.4649144262075486 8.6757511496543902 5.4817132502794257 6.2377174943685523 8.9123024195432645 4.9609303921461096 4.9837142080068579 8.9767439067363721 8.6912355870008451 6.9706755727529517 8.3916361629962939 5.9529800713062277 7.434328511357303 6.6958364844322205 7.1919499784708014 5.7172415852546683 7.6856592297554043 8.4472058117389661 8.1883870512247068 9.7201340645551664 8.4282617121934873 4.9637187868356687 5.220308780670166 8.2095646113157255 8.1823247075080818 7.1856272965669659 8.676593393087396 4.9781205952167493 4.9514061510562888
leaf_count=32 36 20 62 21 27 25 22 35 22 25 36 20 20 36 35 28 34 24 30 27 29 23 31 34 33 39 34 20 21 33 33 29 35 20 20
internal_value=0 0.00609765 0.0186105 0.0272081 -0.00497492 -0.00732443 0.000351724 -0.00226061 -0.0100321 0.00844645 0.00110215 -0.014263 0.0346892 0.0127906 0.0110475 -0.010242 -0.0117402 -0.00825311 -0.0159699 -0.0201112 0 0.00442172 -0.00452359 0.0161516 -0.0234512 0.0183096 -0.0135448 -0.000639443 0.00835862 0.000610122 -0.0222025 -0.0124498 -0.0212585 -0.00371591 -0.0321659
internal_weight=261.094 117.637 35.6341 25.6842 143.458 127.778 82.0026 73.031 42.6959 30.3351 24.0974 37.2142 20.4621 15.6795 16.6565 111.122 104.151 82.6195 42.1517 36.1987 40.4678 33.2759 19.1114 14.1644 21.5314 15.185 28.7644 11.6596 11.4258 13.1705 24.0437 15.368 17.1049 9.94993 13.343
internal_count=1051 473 143 103 578 515 330 294 172 122 97 150 82 63 67 448 420 333 170 146 163 134 77 57 87 61 116 47 46 53 97 62 69 40 54
is_linear=0
shrinkage=0.03


Tree=4
num_leaves=33
num_cat=0
split_feature=46 32 50 39 57 52 32 50 12 54 33 55 59 28 54 34 39 40 55 12 54 34 34 33 45 45 55 46 53 5 33 43
split_gain=8.44909 8.86233 7.80328 6.65106 7.82189 4.62858 5.8886 5.4399 8.43125 4.57227 6.69525 4.14238 7.38212 4.07795 3.73721 4.29278 4.96262 4.71411 3.56222 3.51512 4.31367 5.68761 4.26855 4.4666 3.33314 2.90783 2.79925 2.72239 2.35101 1.52414 1.1172 0.0302
threshold=0.14029324797976508 0.4061291795453949 -0.36509657218259561 -1.4893916497733704 1.1673858098934222 1.0000000180025095e-35 -0.84797526494791564 -0.73202604611413569 -0.22987287657583258 -1.3763416288421557 -0.15602563558605179 0.5269983429646975 1.0000000180025095e-35 -0.67709740222555892 -0.26682268705725704 -0.5723548221957897 -0.62767538437536774 0.82833738815183289 -0.072186048746384748 1.7322621865785746 -0.85335963002354009 -0.49530596115161302 0.12108492720180132 -0.73064559410479701 0.082540860289155249 0.082540860289155249 -0.47186561811376787 -0.62248008381875608 0.68677610696387104 -0.56183451773406534 1.0000000180025095e-35 0.9077651454236173
decision_type=2 2 2 2 2 2 2 2 2 2 2 2 2 2 2 2 2 2 2 2 2 2 2 2 2 2 2 2 2 2 2 2
left_child=3 9 29 -1 5 6 26 -7 30 -2 11 24 -13 -6 15 17 -17 -12 -4 20 -8 -22 27 -24 -11 -16 -5 -23 31 -3 -9 -20
right_child=1 2 18 4 13 7 19 8 -10 10 14 12 -14 -15 25 16 -18 -19 28 -21 21 22 23 -25 -26 -27 -28 -29 -30 -31 -32 -33
leaf_value=0.018454881316000878 0.018950781470963612 -0.013878052991778045 0.0046922579124551887 -0.0044036445823165543 -0.0047972262176438386 0.003692026173311633 0.021089590028707854 -0.039254995968778739 0 0 0.0025085151327423586 0.015351480201425847 -0.023198683883241526 0.024259264130670404 -0.0017901139062470475 -0.0087066454023337035 0.027974905141419169 -0.025896826065146684 0.049038058313862029 -0.0163338464384826 -0.02598519452222663 0.0008705186704799935 0.0071431475019015636 -0.016220867402771039 0.027629210525918279 -0.031241240925429577 -0.029888917484873611 0.025271533718021016 0.013550893739819625 0.00652922529309436 -0.014895523760777249 0.021997576867531374
leaf_weight=8.7181206941604596 8.9804742634296399 4.966353252530098 6.4853642284870174 7.9321201890707043 6.2037462741136542 7.4388230741024008 7.7030342072248379 14.095458596944811 9.1683833152055758 5.4649144262075451 9.676818400621416 7.9516337513923627 6.9307728707790375 8.9865901172161085 5.208155781030654 4.9543778300285339 5.4739608764648455 8.6791930794715864 6.4923538416624087 9.4039433002471906 5.699414923787109 8.4301758259534854 13.150637760758395 13.133499622344976 9.9825666546821576 8.6596554368734342 9.3966290354728681 7.9524951875209942 7.2313054352998725 4.9802068024873716 5.9450658261775962 5.4909621924161911
leaf_count=35 36 20 26 32 25 30 31 57 37 22 39 32 28 36 21 20 22 35 26 38 23 34 53 53 40 35 38 32 29 20 24 22
internal_value=0 0.00593329 0.0180924 -0.0048526 -0.00659257 -0.00921832 -0.00502373 -0.0179681 -0.0235907 0.000343124 -0.00220154 0.00823456 -0.00271549 0.0126684 -0.00978616 -0.00299401 0.0111415 -0.0115618 0.0264522 -0.000661253 0.00222023 -0.00120866 0.00273525 -0.00456075 0.0184447 -0.0218254 -0.019822 0.014177 0.0326354 -0.0036194 -0.0338477 0.0409183
internal_weight=260.967 117.609 35.6465 143.358 134.64 119.45 82.802 36.6477 29.2089 81.9625 72.982 30.3299 14.8824 15.1903 42.6522 28.7844 10.4283 18.356 25.7 65.4732 56.0693 48.3662 42.6668 26.2841 15.4475 13.8678 17.3287 16.3827 19.2146 9.94656 20.0405 11.9833
internal_count=1051 473 143 578 543 482 334 148 118 330 294 122 60 61 172 116 42 74 103 264 226 195 172 106 62 56 70 66 77 40 81 48
is_linear=0
shrinkage=0.03


Tree=5
num_leaves=34
num_cat=0
split_feature=57 28 12 44 23 45 45 19 14 30 55 28 19 56 31 58 40 28 33 24 39 44 35 12 44 53 1 36 45 47 55 45 34
split_gain=7.86762 8.13029 8.07307 5.71666 6.64188 5.76347 7.44752 7.25917 5.27922 5.43406 5.17279 4.93701 8.4457 5.32173 5.54857 4.85256 4.56977 4.48436 5.59062 3.75458 5.30023 4.44524 3.5227 3.20198 3.19257 4.12778 2.40008 1.75697 1.5978 1.42002 0.9628 0.765549 0.258474
threshold=1.1673858098934222 -0.67709740222555892 2.6278680890103145 -1.2706417039431528 -0.51795861342935945 -0.06178006127284591 -1.6434270974699425 0.58553403294985606 1.9801591026893173 0.89459986898277422 0.85418833989285436 -1.1631622865724112 1.0565155836092168 1.0000000180025095e-35 1.2089295154453883 -0.88103554263331152 0.82833738815183289 1.0000000180025095e-35 -0.73064559410479701 -0.21804487508474441 -0.86148577037926244 0.50196009415616671 0.93733415527294039 -0.21830651845563967 -0.25772639074354181 0.68677610696387104 -0.26080613586403062 0.64826080607468828 0.55583990908174075 0.77215065626820734 -0.48899337810637494 0.79067003219388721 0.12108492720180132
decision_type=2 2 2 2 2 2 2 2 2 2 2 2 2 2 2 2 2 2 2 2 2 2 2 2 2 2 2 2 2 2 2 2 2
left_child=2 -2 3 4 -1 6 -5 15 9 10 19 -9 23 31 27 -7 -11 18 30 20 -8 -21 26 32 -3 -26 -19 -15 -20 -6 -17 -14 -13
right_child=1 24 -4 5 29 7 8 11 -10 16 -12 12 13 14 -16 17 -18 22 28 21 -22 -23 -24 -25 25 -27 -28 -29 -30 -31 -32 -33 -34
leaf_value=0.0066049463309374177 -0.0094413294959727126 0.0046032041477500748 -0.031769814548839335 0.026046966709006338 -0.0092659480307267037 -0.0068873979515295097 -0.00084999133706211111 0.022340805000087657 0.016822618926363712 -0.0061335423686720361 0.017412737572326274 -0.013897443825906838 -0.018493137227725095 0.031771846151480085 -0.0082505531246566937 0.0069884460778239397 -0.038571849073017243 0.01315960172379331 -0.018314878470029373 -0.0052409455169501375 -0.02359374546580708 0.022588202742492503 0.0075161001879627837 -0.001355876122213127 0.039235838590539258 0.0044481184526244119 0.046454527403133827 0.0064389385181686052 0.0027904961097789884 -0.033629427778158562 0.029890471055243978 -0.0010328681289899083 -0.034097427214748295
leaf_weight=7.4473720788955715 8.931634381413458 7.9782269001007089 6.4197468608617774 5.2310085594654074 5.6930192559957495 7.1836431175470343 17.624641388654705 5.2190661281347266 6.4740016907453528 8.9122260957956332 6.9462701678276053 5.6970388293266314 4.9592282772064227 8.2055360823869723 5.9739219695329657 4.9695566892623901 7.6697455942630759 5.2160878032445908 4.9539184868335706 20.584989070892338 19.557901397347454 5.2166185528039923 7.2093919515609732 6.7045637816190711 10.725193515419958 5.2171361297369012 7.9650057256221789 5.4672705233097068 4.959148496389389 8.6362318992614728 4.9723815172910708 4.9760614931583405 6.9340992122888565
leaf_count=30 36 32 26 21 23 29 71 21 26 36 28 23 20 33 24 20 31 21 20 83 79 21 29 27 43 21 32 22 20 35 20 20 28
internal_value=0 0.0134107 -0.0019834 -0.000885602 -0.014969 0.000719814 -0.00439381 0.00571504 -0.0065561 -0.00863067 -0.00462055 -0.00171103 -0.00498447 0.00493598 0.0137875 0.0141066 -0.0234243 0.0181105 0.00676638 -0.00749208 -0.0134192 0.00109774 0.027662 -0.0197126 0.022233 0.0295571 0.0363783 0.0236756 -0.00825181 -0.0261242 0.021384 -0.0115555 -0.0278535
internal_weight=260.832 32.8522 227.98 221.56 21.7766 199.783 98.2174 101.566 92.9864 86.5124 69.9304 54.1368 48.9177 29.582 19.6467 47.4291 16.582 40.2455 19.855 62.9842 37.1825 25.8016 20.3905 19.3357 23.9206 15.9423 13.1811 13.6728 9.91307 14.3293 9.94194 9.93529 12.6311
internal_count=1051 132 919 893 88 805 396 409 375 349 282 218 197 119 79 191 67 162 80 254 150 104 82 78 96 64 53 55 40 58 40 40 51
is_linear=0
shrinkage=0.03


Tree=6
num_leaves=38
num_cat=0
split_feature=46 32 50 26 57 23 54 30 57 19 46 56 46 45 48 55 30 31 24 55 19 28 26 32 55 32 12 30 45 45 29 30 58 2 23 19 48
split_gain=7.77821 8.29198 7.21868 6.55379 5.98689 7.05143 4.26654 4.31731 6.82099 4.17194 4.97253 4.14013 3.81191 3.68896 4.0281 5.67353 4.74102 3.91048 5.08759 4.81746 4.264 3.68563 3.60329 4.63309 8.1804 3.46542 3.15776 3.13978 3.10268 2.9318 3.86335 2.67503 1.89202 1.44221 1.42718 1.30267 0.987311
threshold=0.14029324797976508 0.4061291795453949 -0.36509657218259561 1.4469919105232394 1.1673858098934222 -1.1408721285024088 -1.3763416288421557 0.89459986898277422 1.0000000180025095e-35 1.4097517466037373 1.0482770477360772 0.94417821302734117 -1.0001054806963421 1.4942920141066331 1.13591838049515 -0.37886536302251977 -0.39688768253971235 0.17168662826612449 0.48934598396832635 -0.75448102687626928 -0.120938293039185 -0.67709740222555892 -0.84607859667766239 -0.1812361931919784 -0.0094489258840859732 -0.84797526494791564 -0.1125016569742127 -0.1385901722352153 0.032676180664479283 -1.0434969782531156 -0.33360928667647333 0.24885609322153074 -1.0000000180025095e-35 -0.57780366082367096 -0.25841131548225543 -1.2983921696875864 1.4832415119873519
decision_type=2 2 2 2 2 2 2 2 2 2 2 2 2 2 2 2 2 2 2 2 2 2 2 2 2 2 2 2 2 2 2 2 2 2 2 2 2
left_child=4 6 33 11 5 12 -2 9 34 10 22 -4 -1 14 15 17 -17 19 -19 20 35 -6 -8 24 -24 -18 -26 36 -25 30 -27 -12 -31 -3 -9 -7 -16
right_child=1 2 3 -5 21 13 7 8 -10 -11 31 -13 -14 -15 27 16 25 18 -20 -21 -22 -23 23 28 26 29 -28 -29 -30 32 -32 -33 -34 -35 -36 -37 -38
leaf_value=0.023772495690261162 0.018264505230438793 -0.013427131359516942 0.039920695175587988 -0.0028871791952999877 -0.0039053036365483962 -0.009286297964091415 -0.018709459925587001 -0.011258722481818785 0.0073906395217504407 -0.018598093244000691 0.0044498881262113061 0.0054022766590744358 -0.0027948037192990563 0.009567957699513548 -0.037807592465696968 0.0074228590499442236 -0.036737638810497464 0.026911712232884136 -0.006112691673613147 0.0094803042440754215 0.0050948273585860633 0.023199518285776467 0.036660424764263337 0.0073836029062498924 0.011697869666778601 -0.014597379071774772 -0.017855161391039365 -0.0054784641668717991 -0.020267462665710535 -0.029899398774756378 0.016389697535688898 0.035229047965486752 -0.0075379276458433127 0.0064233545624457124 -0.035444093530145993 -0.034236021591667637 -0.012304819310791726
leaf_weight=7.9781450331211117 8.9887810200452787 4.9566325694322586 15.48925612866879 5.2266173809766761 6.692861631512641 5.6954387873411187 5.9396861344575838 7.4170669168233871 8.1975581496953946 5.709266558289527 5.711500868201254 4.9907318353652945 8.6862092912197095 6.9683614522218695 8.3243727982044238 5.9483874589204779 7.3737956732511476 7.7125789374113065 6.4383337795734406 9.4207689911127108 5.2129677683114997 8.9958242624998075 6.718654438853263 4.9643246829509788 4.9667659848928425 6.6808455437421799 4.9462770819664046 8.1740121096372587 6.9404022395610809 8.3840144723653776 4.9698672294616681 5.2225024998188019 8.6548114717006772 4.9804956018924695 6.1853897422552127 5.9237579405307779 4.9285168498754492
leaf_count=32 36 20 62 21 27 23 24 30 33 23 23 20 35 28 34 24 30 31 26 38 21 36 27 20 20 27 20 33 28 34 20 21 35 20 25 24 20
internal_value=4.71697e-06 0.00570679 0.0174673 0.0255036 -0.00464641 -0.00685148 0.000295002 -0.00216297 -0.0129238 0.0025496 0.00584601 0.0327247 0.0105069 -0.00962081 -0.0110833 -0.00769833 -0.0152181 0.000242374 0.0123572 -0.00638654 -0.0156434 0.0119557 0 0.00461146 0.0144414 -0.0192596 -0.00293103 -0.0224861 -0.0087533 -0.0129665 -0.000561166 0.0221102 -0.0203935 -0.00341585 -0.0250818 -0.0249237 -0.0309456
internal_weight=260.716 117.552 35.6437 25.7066 143.164 127.475 81.9082 72.9194 21.8 51.1194 45.4101 20.48 16.6644 110.811 103.842 82.4156 42.0117 40.4038 14.1509 26.2529 16.8322 15.6887 34.4761 28.5364 16.6317 36.0633 9.91304 21.4269 11.9047 28.6895 11.6507 10.934 17.0388 9.93713 13.6025 11.6192 13.2529
internal_count=1051 473 143 103 578 515 330 294 88 206 183 82 67 448 420 333 170 163 57 106 68 63 139 115 67 146 40 87 48 116 47 44 69 40 55 47 54
is_linear=0
shrinkage=0.03


Tree=7
num_leaves=35
num_cat=0
split_feature=46 32 50 26 39 57 52 32 25 56 33 26 38 55 29 31 33 30 32 35 29 38 25 23 47 19 57 20 39 55 20 14 33 2
split_gain=7.38612 7.84422 6.84048 6.22239 5.93157 6.86546 4.27241 5.44797 5.34329 3.90288 3.7011 6.98672 5.63812 12.6545 4.21735 6.72627 3.8616 3.8177 4.63055 3.67886 4.10456 3.90708 3.37861 3.28227 2.94126 2.75187 3.53407 4.54888 2.57793 4.65746 2.56934 3.08099 2.1363 1.37863
threshold=0.14029324797976508 0.4061291795453949 -0.36509657218259561 1.4469919105232394 -1.4893916497733704 1.1673858098934222 1.0000000180025095e-35 -0.84797526494791564 1.0000000180025095e-35 0.94417821302734117 -0.15602563558605179 -0.36332691095115682 0.99673384349970662 0.5269983429646975 -0.33360928667647333 -1.0096177710213701 1.3577581261031157 0.55020318857677786 -0.1812361931919784 0.66333558876545584 -0.33360928667647333 -0.11095240650334463 0.62463417283355549 -0.51795861342935945 -0.54940734328485841 -1.5338829450172666 -0.80753972120997652 -1.0000000180025095e-35 -0.95412762143740937 -0.60286970466131662 1.0378000827236764 -1.2451538881806961 -0.15602563558605179 -0.57780366082367096
decision_type=2 2 2 2 2 2 2 2 2 2 2 2 2 2 2 2 2 2 2 2 2 2 2 2 2 2 2 2 2 2 2 2 2 2
left_child=4 10 33 9 -1 6 7 28 30 -4 12 14 13 24 15 -12 22 18 -13 20 21 -9 -16 -7 -2 -22 32 -28 -6 -30 31 -8 -27 -3
right_child=1 2 3 -5 5 23 8 19 -10 -11 11 17 -14 -15 16 -17 -18 -19 -20 -21 25 -23 -24 -25 -26 26 27 -29 29 -31 -32 -33 -34 -35
leaf_value=0.01744555159110197 0 -0.013130844696731358 0.038851940902281681 -0.0028202823661466763 -0.00072034335744751107 -0.0051349103342015054 -0.0037198528661174421 0.001893306098349696 0.002587633755673622 0.0052768713653897608 0.03482394250244511 0.013470027122997415 0.030246188353991916 -0.025027073388257652 -0.010547400027060913 -0.0032983177701844044 -0.023028935455508336 -0.031238389113339725 -0.022031401988125338 0.018662717820663952 0.019416097357601199 -0.024943471675243984 0.017466788766578811 0.021342808223429509 0.025939658415453544 -0.026580038726768267 0.018311774976227289 -0.0057084779731486233 -0.0029554093689011431 -0.041511973116036258 -0.0025518738768628684 -0.033105830209603414 0 0.0062734604236063989
leaf_weight=8.7302249670028669 5.4624831676483181 4.950361892580986 15.479265511035925 5.2256696969270697 5.6850968450307873 5.4723909050226203 4.93953809142113 7.1900494694709804 8.6647649705409986 4.9916890263557425 6.4869411736726761 5.2185272872447968 6.4928746968507758 8.8638729006051999 5.930504113435747 7.6846704334020597 5.7157568484544745 8.8775039762258512 4.9377861917018908 6.4441795796155921 5.472548782825462 10.624569043517104 6.4640031307935715 9.719525530934332 9.7388333380222338 4.9318363070487976 10.908830553293223 14.852930933237102 5.4367375671863565 6.1254095882177326 5.4263033270835868 17.45736446976662 4.9457407295703799 4.982323005795477
leaf_count=35 22 20 62 21 23 22 20 29 35 20 26 21 26 36 24 31 23 36 20 26 22 43 26 39 39 20 44 60 22 25 22 71 20 20
internal_value=0 0.00555207 0.0169929 0.024818 -0.00454017 -0.00619048 -0.00865884 -0.00462899 -0.0170824 0.0318572 0.000285233 -0.00452719 0.00838751 0.00082665 0.0038602 0.0154319 -0.00537668 -0.0182875 -0.00388928 -0.000436049 -0.0030354 -0.0144955 0.00393919 0.0118413 0.017155 0.00212516 -0.00104532 0.00469072 -0.0188946 -0.0262627 -0.0232317 -0.0275163 -0.015179 -0.00332661
internal_weight=260.531 117.503 35.6293 25.6966 143.028 134.298 119.106 82.6179 36.488 20.471 81.8738 51.3157 30.5581 24.0652 32.2819 14.1716 18.1103 19.0338 10.1563 65.3707 58.9265 17.8146 12.3945 15.1919 15.2013 41.1119 35.6393 25.7618 17.2472 11.5621 27.8232 22.3969 9.87758 9.93268
internal_count=1051 473 143 103 578 543 482 334 148 82 330 207 123 97 130 57 73 77 41 264 238 72 50 61 61 166 144 104 70 47 113 91 40 40
is_linear=0
shrinkage=0.03


Tree=8
num_leaves=34
num_cat=0
split_feature=46 32 39 26 53 46 46 46 56 45 49 54 46 43 12 46 54 20 54 30 30 19 43 45 35 47 34 40 20 55 42 61 46
split_gain=6.99904 7.42484 5.63379 4.61493 4.39733 4.31892 5.22181 4.61523 7.2749 6.78234 5.91838 5.60123 4.49292 4.23319 4.19983 5.38661 5.02872 4.6008 3.89711 3.97464 5.40476 3.97246 5.56603 4.40027 5.64818 4.11645 3.86968 3.57476 3.03132 2.73182 2.06836 1.45227 0.804504
threshold=0.14029324797976508 0.4061291795453949 -1.4893916497733704 1.205616067659987 0.68677610696387104 -1.6752276656891092 -0.044236752229299368 -0.4973076071019244 1.0000000180025095e-35 -1.5300842764131779 -0.5457123185058167 -0.76437411524387133 0.060193647725420261 -0.38631578755735391 -0.23494526261102341 -0.24012676519947682 0.31241916887922722 1.0000000180025095e-35 -1.3763416288421557 0.89459986898277422 1.411194889591769 1.4097517466037373 0.9077651454236173 -0.20894506358251916 -1.0000000180025095e-35 -0.26585365661515642 -0.5723548221957897 -0.76620416707403061 0.767918136183386 -1.2521067186792549 0.17166934132414233 458.50000000000006 0.56007900062918436
decision_type=2 2 2 2 2 2 2 2 2 2 2 2 2 2 2 2 2 2 2 2 2 2 2 2 2 2 2 2 2 2 2 2 2
left_child=2 18 -1 4 31 -4 7 8 9 -7 -11 -12 -8 29 16 17 26 -16 -2 21 32 22 23 28 -25 -26 -9 -13 -20 -10 -17 -3 -21
right_child=1 3 5 -5 -6 6 12 14 13 10 11 27 -14 -15 15 30 -18 -19 19 20 -22 -23 -24 24 25 -27 -28 -29 -30 -31 -32 -33 -34
leaf_value=0.016990521927034204 0.017444591090168125 0.036010525611865823 -0.028976414104234835 -0.00056086018483495143 0.002310037447849184 -0.024923875689618642 -0.032234320197378638 -0.0092246409325103303 -0.0071877840954479412 0.025187450436872576 0.022965882177747747 0.0028691492332631654 -0.0019470121994294995 -0.003102645167827725 0.016335586121810328 0.039682484307934036 -0.021665722102752503 -0.019100098509775822 -0.024219578681416842 -0.0083779754363378072 0.0050083482197230611 -0.018208678836882205 0.024396616028739503 0.025100631158612191 0.0087420319696172727 -0.020112552416759993 0.019160435743442474 -0.019198132552351817 0.0032740218694761892 -0.038988178994566872 0.010375834379141651 0.010734614551797578 -0.029640387713505825
leaf_weight=8.7352030724287015 8.9940834045410138 12.948430255055433 5.6585871279239646 9.7051279544830305 7.7177311778068534 6.4251139760017386 9.1348424404859561 6.4133637249469766 4.9065627902746192 8.6932235509157127 5.2111776471137992 12.350254476070402 8.6467581987380964 9.6036216318607313 4.9589447081089038 5.2243248820304853 7.4228541553020468 5.1876430511474609 7.4058872610330528 4.936084687709811 8.6681880205869657 5.6964950710535041 9.4409182518720609 8.4697713553905434 8.9285176992416311 6.1757663488388213 7.929994761943818 11.111623972654352 4.9554044157266617 8.8359239548444766 6.4513429254293442 5.2315572202205649 8.1357152611017209
leaf_count=35 36 52 23 39 31 26 37 26 20 35 21 50 35 39 20 21 30 21 30 20 35 23 38 34 36 25 32 45 20 36 26 21 33
internal_value=0 0.00540228 -0.00442604 0.0165369 0.0228431 -0.00603708 -0.00465817 -0.00205865 -0.00697162 0.00024207 0.00551862 -0.0012015 -0.0191147 -0.0199419 0.0053557 0.0142832 -0.00368067 -0.00139303 0.000273914 -0.00207563 -0.0124183 0.00244149 0.00566159 0 0.00745929 -0.00344567 0.00641814 -0.00786724 -0.0136035 -0.0298526 0.0269694 0.0304145 -0.0237121
internal_weight=260.311 117.41 142.901 35.6028 25.8977 134.166 128.508 110.726 67.1375 43.7914 37.3663 28.6731 17.7816 23.3461 43.5885 21.8223 21.7662 10.1466 81.8068 72.8127 21.74 51.0728 45.3763 35.9353 23.5741 15.1043 14.3434 23.4619 12.3613 13.7425 11.6757 18.18 13.0718
internal_count=1051 473 578 143 104 543 520 448 272 177 151 116 72 95 176 88 88 41 330 294 88 206 183 145 95 61 58 95 50 56 47 73 53
is_linear=0
shrinkage=0.03


Tree=9
num_leaves=35
num_cat=0
split_feature=57 60 46 34 54 45 47 53 60 54 42 57 19 61 23 42 57 20 57 19 44 39 52 47 28 11 45 39 44 55 44 40 26 41
split_gain=6.70145 8.2725 7.66019 6.36208 8.911 5.79391 7.71654 7.04102 7.80561 7.55778 4.87305 5.93891 4.82729 4.22163 6.58058 3.94785 4.95486 4.44577 4.35337 4.70786 4.07653 3.91716 3.77947 3.43182 2.47647 2.15804 2.01571 1.93993 1.92289 1.69046 1.6476 1.46002 0.956829 0.91211
threshold=1.1673858098934222 458.50000000000006 0.90983730415519648 -0.49530596115161302 -1.3131711067297396 1.4942920141066331 1.1127212581018031 0.68677610696387104 424.50000000000006 -0.68453368844252538 0.41770272004915077 -1.0000000180025095e-35 1.4097517466037373 507.50000000000006 0.41641165918021533 0.17166934132414233 1.0000000180025095e-35 0.49803618964309554 1.0000000180025095e-35 -0.120938293039185 0.24873126585626376 0.40461952741541407 0.87495535948592063 -0.12039907606051557 -0.67709740222555892 -1.4402005564533069 -0.15050346098780129 -1.2011725575924683 0.50196009415616671 0.87676979842002423 -0.25772639074354181 0.43487908231687961 0.1998833890630998 0.18317434307571531
decision_type=2 2 2 2 2 2 2 2 2 2 2 2 2 2 2 2 2 2 2 2 2 2 2 2 2 2 2 2 2 2 2 2 2 2
left_child=2 24 5 4 -4 6 7 8 26 -9 12 -12 -5 15 21 18 17 -17 20 -20 -10 23 -7 -15 -2 -8 27 -1 -3 -6 -26 -11 -27 -29
right_child=1 28 3 10 29 22 25 9 13 31 11 -13 -14 14 -16 16 -18 -19 19 -21 -22 -23 -24 -25 30 32 -28 33 -30 -31 -32 -33 -34 -35
leaf_value=-0.0026241546707277841 0.0031805147338540098 -0.016299279116728467 0.022953558297453078 0.040920130239576948 -0.030147407964180115 0.024614799391981752 -0.0048480770880913607 0.0037728278049661158 0.02401389019047542 -0.04052024613449573 -0.012128040978450022 0.024693521877960437 0.0040820387643104115 0 0.01580698859336235 0.00083072861396927796 0.015606586414366056 -0.025717833806990754 -0.018184998111509171 0.014422199494210792 0 0.004872789099348988 -0.0053971902004551816 -0.03026134143836014 0.010340797509762495 -0.011497974289542003 0 -0.033365195015071597 0.0055060280682863146 -0.0041086316260949838 0.036070788476701948 -0.013878841723471117 -0.034188449420941139 -0.010208072834007348
leaf_weight=5.2105720192194029 5.454001098871232 6.6994813531637174 4.9938750416040412 8.9602784365415591 5.6805357933044416 8.219745531678198 6.4009184688329723 7.9195938408374813 23.331868514418602 7.3710035979747754 7.9350303411483765 5.2219516485929471 5.6982411146163932 4.9519388675689777 7.1758277863264075 13.607523813843729 8.667921721935274 7.6638738960027686 6.66135473549366 6.2183651924133283 9.1461315751075727 5.6996087580919257 4.9746685475110999 11.073672816157341 5.7384732216596612 5.6302832067012778 5.2175171524286261 7.3634013533592224 4.9644005298614502 4.9371081590652466 9.9673173725604993 6.426719531416893 9.7659314572811109 5.1870587766170502
leaf_count=21 22 27 20 36 23 33 26 32 94 30 32 21 23 20 29 55 35 31 27 25 37 23 20 45 23 23 21 30 20 20 40 26 40 21
internal_value=0 0.0123691 -0.00184633 0.00923976 -0.00548547 -0.00455039 -0.00608558 -0.00348704 -0.000656674 -0.0186899 0.0175668 0.00310843 0.0286796 0.00283816 -0.00658042 0.00658931 -0.00166792 -0.00953498 0.0120466 -0.00216266 0.0177049 -0.0147766 0.0134952 -0.0219263 0.0230631 -0.022211 -0.0159522 -0.0204351 -0.00699281 -0.0205421 0.0287396 -0.031081 -0.0280032 -0.026333
internal_weight=260.136 32.8237 227.313 43.427 15.6115 183.886 170.691 148.894 127.177 21.7173 27.8155 13.157 14.6585 104.198 28.901 75.297 29.9393 21.2714 45.3577 12.8797 32.478 21.7252 13.1944 16.0256 21.1598 21.7971 22.9785 17.761 11.6639 10.6176 15.7058 13.7977 15.3962 12.5505
internal_count=1051 132 919 175 63 744 691 602 514 88 112 53 59 421 117 304 121 86 183 52 131 88 53 65 85 89 93 72 47 43 63 56 63 51
is_linear=0
shrinkage=0.03


Tree=10
num_leaves=29
num_cat=0
split_feature=57 60 46 34 45 47 53 60 12 31 36 12 55 42 57 19 28 26 30 28 12 47 25 44 44 61 42 44
split_gain=6.37942 7.86098 7.2984 6.07592 5.50557 6.6344 6.62177 7.33017 5.69224 4.73004 4.70451 4.49339 4.98066 4.24982 5.65858 4.48853 4.21117 4.1069 2.98271 2.34444 2.251 2.05181 1.97813 4.83436 1.83514 1.8108 1.76866 1.54865
threshold=1.1673858098934222 458.50000000000006 0.90983730415519648 -0.5723548221957897 1.5201381794915541 1.1127212581018031 0.68677610696387104 424.50000000000006 1.7322621865785746 -1.0096177710213701 0.87580339548577701 0.031348375551806376 0.52130102507532528 0.41770272004915077 -1.0000000180025095e-35 1.4097517466037373 -0.31254873896541996 -0.24263898951953036 -0.1385901722352153 -0.67709740222555892 -0.78200522364675873 1.5428914878966107 -0.42356531508913681 -0.25772639074354181 0.50196009415616671 452.00000000000006 -0.56643079485088277 -0.25772639074354181
decision_type=2 2 2 2 2 2 2 2 2 2 2 2 2 2 2 2 2 2 2 2 2 2 2 2 2 2 2 2
left_child=2 19 4 9 5 6 7 22 10 -4 11 12 -9 15 -15 -5 -10 26 21 -2 -6 -7 -1 -24 -3 -12 -8 -21
right_child=1 24 3 13 20 18 17 8 16 -11 25 -13 -14 14 -16 -17 -18 -19 -20 27 -22 -23 23 -25 -26 -27 -28 -29
leaf_value=-0.00058031040904675177 0.003105017789579462 -0.015914008385551556 0.0077332395582821005 0.038363689737394083 -0.0013134131664069841 -0.037093302930883525 0.0074204842486630673 0.0025919871408378462 -0.026069831322115343 -0.023563186519295305 0.00068501147326106967 0.030389284574577305 0.026489533739562848 -0.011829891898309332 0.024110646977138887 0.0040734985243385076 0.0025326721492313349 -0.03081786859899921 -0.0043200153064267572 0.010093661513391026 0.022307716322578636 -0.0085140124129215473 -0.035717299573522973 -0.0029113303763620532 0.0053783210261627709 -0.021362728742972431 -0.013574713634666429 0.035141036575281857
leaf_weight=6.6714693456888225 5.4554635882377633 6.6922457218170148 8.4492084383964521 9.4570023864507693 4.9797316044569016 8.7097535282373446 4.9509882032871246 63.680173650383949 8.3319691717624647 6.1593465059995642 5.1915120482444745 6.225744664669036 7.6859877556562415 7.9288648515939713 5.2239738553762418 6.1936106085777274 7.6520090401172629 10.293980121612547 8.1280663311481458 5.7393186539411554 7.7219195663928968 5.1441976279020301 7.897671371698384 8.3695526719093287 4.9654124826192856 5.6611497104167938 6.4279533326625842 9.9638229161500913
leaf_count=27 22 27 34 38 20 36 20 257 34 25 21 25 31 32 21 25 31 42 33 23 31 21 32 34 20 23 26 40
internal_value=0 0.0120619 -0.00180972 0.0090116 -0.00445134 -0.00592216 -0.00349959 -0.00075747 0.0026199 -0.00605511 0.0056775 0.00833282 0.00574037 0.0167726 0.0030422 0.0266866 -0.0129913 -0.0182634 -0.0208192 0.0224868 0.0134639 -0.0287406 -0.0155956 -0.020847 -0.0068096 -0.0115277 -0.0041735 0.0280136
internal_weight=259.952 32.8163 227.136 43.412 183.724 171.022 149.04 127.367 104.429 14.6086 88.4446 77.5919 71.3662 28.8035 13.1528 15.6506 15.984 21.6729 21.982 21.1586 12.7017 13.854 22.9387 16.2672 11.6577 10.8527 11.3789 15.7031
internal_count=1051 132 919 175 744 693 603 515 422 59 357 313 288 116 53 63 65 88 90 85 51 57 93 66 47 44 46 63
is_linear=0
shrinkage=0.03


Tree=11
num_leaves=39
num_cat=0
split_feature=46 32 50 39 56 46 46 46 56 25 34 34 38 46 43 40 55 39 33 25 38 55 28 36 49 12 48 43 37 55 48 52 35 59 2 1 2 38
split_gain=6.0924 6.87599 6.42064 5.22127 5.09028 4.07501 4.98729 4.26946 6.61247 5.64159 5.49923 6.04294 4.51943 4.14759 4.03945 3.98612 5.33778 5.26703 3.36502 6.15593 5.20556 11.6777 4.33209 4.31705 3.16037 3.04863 2.90007 2.74019 2.72729 2.69509 2.61408 2.36401 2.18979 1.99721 1.93976 1.42728 1.29585 0.0797713
threshold=0.14029324797976508 0.4061291795453949 -0.36509657218259561 -1.4893916497733704 0.94417821302734117 -1.6752276656891092 -0.044236752229299368 -0.4973076071019244 1.0000000180025095e-35 -0.42356531508913681 0.12108492720180149 -0.49530596115161302 -0.11095240650334463 0.060193647725420261 -0.38631578755735391 -0.52501300746003421 -0.62901432631764509 0.52814199549294338 -0.15602563558605179 0.62463417283355549 0.99673384349970662 0.5269983429646975 0.41654858755485835 -0.26190955156966678 -0.36577705678044781 -0.22987287657583258 0.046813811112943714 0.50336485386706364 1.0000000180025095e-35 -1.2521067186792549 -0.53870957143513387 -1.0000000180025095e-35 0.11533845575048675 0.32625257331719054 -0.7315855115197063 -0.26080613586403062 -0.57780366082367096 0.36377027206939183
decision_type=2 2 2 2 2 2 2 2 2 2 2 2 2 2 2 2 2 2 2 2 2 2 2 2 2 2 2 2 2 2 2 2 2 2 2 2 2 2
left_child=3 18 36 -1 31 -5 7 8 9 24 11 12 -11 -8 29 16 33 26 20 23 21 30 32 -20 -7 -18 -17 35 -24 -10 -2 -4 -21 -9 -29 -25 -3 -33
right_child=1 2 4 5 -6 6 13 15 14 10 -12 -13 -14 -15 -16 17 25 -19 19 22 -22 -23 28 27 -26 -27 -28 34 -30 -31 -32 37 -34 -35 -36 -37 -38 -39
leaf_value=0.016457865401221742 0 -0.013287588643260444 0.042327254019117959 -0.028044479614858085 0 0.029498434070732195 -0.031184381514451284 0.034295858798594453 -0.0064269989337708928 -0.024398148084017444 -0.029773619509437563 0.017618484414148844 0.0074266214215432383 -0.0019754464443854439 -0.0025824860785933412 0 -0.017813965847359638 0.01384180901270649 0.0048948722546206221 -0.018516463806385913 0.028832687913925365 -0.024319290551743422 0.031204653818902837 -0.012201081594707584 0.001951133352981088 0.010719407872568308 -0.027994377734310863 -0.01728652466416648 0.0020348565917585092 -0.037759866545991019 0.024539181255152833 0.0070804145020175674 0.0060837777503149042 0.0087126439627220591 0.0050865940307366275 -0.040302483076863703 0.0055076214795703052 0.020314774369863488
leaf_weight=8.7364493608474714 5.4550005942583111 4.9485370218753815 8.7021147906780261 5.6195764988660803 6.231752634048461 5.7089574038982382 9.0728597790002841 7.213366851210596 4.877444624900817 8.3901948779821378 5.9009851217269889 8.9249064326286405 5.4403048902750006 8.6336697041988355 9.566588029265402 5.4235202074050921 4.9399218410253525 6.9333732873201361 7.6726281046867397 4.9545042812824267 6.4872655272483817 8.8228424340486509 5.7336624413728696 5.65211293101311 9.3719367086887306 5.4501694887876493 6.3912099450826645 5.6648152768611908 5.9619786292314529 8.7551389187574404 9.7351331114769 4.965436056256296 4.9678286463022232 7.1685822159051895 5.1929438114166242 5.3873333483934394 4.9859631061553937 5.719365194439888
leaf_count=35 22 20 35 23 25 23 37 29 20 34 24 36 22 35 39 22 20 28 31 20 26 36 23 23 38 22 26 23 24 36 39 20 20 29 21 22 20 23
internal_value=0 0.0050295 0.0157499 -0.00414927 0.023362 -0.0057069 -0.00436808 -0.00182797 -0.00656634 0.000296726 -0.00730998 0 -0.0119865 -0.0185211 -0.0189804 0.0053026 0.0129468 -0.00471234 9.1676e-05 -0.00449838 0.00783231 0.000562128 0.00721267 -0.0131881 0.0144664 -0.00287793 -0.016384 -0.0196883 0.0187113 -0.0286944 0.0162603 0.0304624 -0.00649305 0.0239491 -0.00678201 -0.0295739 -0.00384479 0.0162857
internal_weight=259.76 117.241 35.5532 142.519 25.6187 133.783 128.163 110.457 66.9365 43.7373 28.6564 22.7554 13.8305 17.7065 23.1992 43.5201 24.772 18.7481 81.688 51.1878 30.5002 24.013 21.618 29.5698 15.0809 10.3901 11.8147 21.8972 11.6956 13.6326 15.1901 19.3869 9.92233 14.3819 10.8578 11.0394 9.9345 10.6848
internal_count=1051 473 143 578 103 543 520 448 272 177 116 92 56 72 95 176 100 76 330 207 123 97 87 120 61 42 48 89 47 56 61 78 40 58 44 45 40 43
is_linear=0
shrinkage=0.03


Tree=12
num_leaves=27
num_cat=0
split_feature=57 12 28 46 19 25 45 45 45 52 33 33 43 46 53 1 37 18 50 24 40 56 44 53 52 26
split_gain=6.01518 6.96407 6.84419 5.90063 5.25111 5.39206 4.86944 5.13798 3.70217 4.55343 6.69696 4.63529 5.54044 5.97672 4.23474 4.71464 3.37968 3.16745 3.54785 2.99266 10.7425 4.78296 2.71047 3.67877 2.52857 1.67421
threshold=1.1673858098934222 2.6278680890103145 -0.67709740222555892 0.92960590170849333 0.46778864528501585 0.62463417283355549 -1.6434270974699425 1.5201381794915541 -1.5300842764131779 1.0000000180025095e-35 0.29810949292069822 -0.73064559410479701 -0.75027604995825203 0.095876878562151116 -0.5924470891708713 -0.26080613586403062 -0.37253374394560212 0.65618336228589624 -0.36509657218259561 0.48934598396832635 -0.6419541757577294 1.0000000180025095e-35 -0.25772639074354181 0.68677610696387104 1.0000000180025095e-35 0.48148853907022809
decision_type=2 2 2 2 2 2 2 2 2 2 2 2 2 2 2 2 2 2 2 2 2 2 2 2 2 2
left_child=1 3 -2 6 -5 17 -1 8 -8 11 14 12 -10 -14 25 -16 -7 18 -6 21 -21 -13 -4 -24 -9 -11
right_child=2 -3 22 4 5 16 7 24 9 10 -12 19 13 -15 15 -17 -18 -19 -20 20 -22 -23 23 -25 -26 -27
leaf_value=0.019724213661379494 -0.0091937843515543551 -0.029611762956445565 0.0036740252550516795 0.027244524289448856 -0.013721431716666446 0.031343730515230296 -0.025399005049108463 0.025914056503295823 0.026046791571229286 0.010068675131855762 0.0096975831164191548 -2.8528416665566045e-05 -0.015519139891006161 0.02044766677216589 0 -0.029264653975230381 0 -0.018864654404704442 0.015208988624338627 -0.02247891032881668 0.026535235689447302 -0.016164579446930991 0.035712652646249343 0.003171719382703287 0 -0.011422996569860702
leaf_weight=6.4644656628370276 8.9067185968160612 6.3165343254804602 7.9704069793224344 9.4382216483354551 4.942615076899525 5.9720341265201569 6.8706544637680045 5.4920002669095975 9.6618528664112109 5.1575105488300306 8.9075357764959318 38.830346018075943 9.3390394747257215 5.2141406387090674 6.4199543148279181 22.212577998638157 5.2119859308004362 8.3730628043413144 7.6895914822816902 5.14892654120922 8.6755649298429471 28.302464187145233 10.684757545590399 5.203791245818139 7.2112880200147629 4.8751963973045349
leaf_count=26 36 26 32 38 20 24 28 22 39 21 36 157 38 21 26 91 21 34 31 21 35 115 43 21 29 20
internal_value=0 -0.00176189 0.0117181 -0.000741971 0.00919672 0.00274939 -0.00314662 -0.00420193 -0.00572111 -0.00455868 -0.012117 -0.000961243 0.0101033 -0.00155259 -0.0174664 -0.0230897 0.0184101 -0.00599368 0.00320987 -0.00446709 0.00747499 -0.00712334 0.0198434 0.0265929 0.0130522 0
internal_weight=259.493 226.728 32.7657 220.411 41.6275 32.1893 178.784 172.319 159.616 152.745 47.5728 105.172 24.215 14.5532 38.6652 28.6325 11.184 21.0053 12.6322 80.9573 13.8245 67.1328 23.859 15.8885 12.7033 10.0327
internal_count=1051 919 132 893 168 130 725 699 648 620 194 426 98 59 158 117 45 85 51 328 56 272 96 64 51 41
is_linear=0
shrinkage=0.03


Tree=13
num_leaves=30
num_cat=0
split_feature=57 60 46 34 54 45 45 47 1 36 42 57 19 60 61 47 51 50 55 61 56 60 52 30 28 55 20 40 20
split_gain=5.701 7.34847 6.36863 5.65634 8.17219 5.09614 5.56766 5.74862 5.51468 6.41379 4.35873 5.2081 4.21598 4.15164 4.34097 5.3133 5.94829 5.51661 3.73504 6.96242 3.62137 4.089 3.46913 3.32838 2.03209 1.68455 1.62402 1.28099 0.352062
threshold=1.1673858098934222 458.50000000000006 0.90983730415519648 -0.49530596115161302 -1.3131711067297396 -1.6434270974699425 1.4942920141066331 1.1127212581018031 0.063931536492695118 -0.26190955156966678 0.41770272004915077 -1.0000000180025095e-35 1.4097517466037373 424.50000000000006 476.00000000000006 -0.51781872189285172 -0.23743601517974788 -0.1816318352168256 -1.1116246612214884 691.50000000000011 -0.82075073653554986 82.000000000000014 0.87495535948592063 -0.1385901722352153 -0.67709740222555892 -0.18029506864018632 -1.0000000180025095e-35 -1.1389541410229331 -0.85137354305835655
decision_type=2 2 2 2 2 2 2 2 2 2 2 2 2 2 2 2 2 2 2 2 2 2 2 2 2 2 2 2 2
left_child=2 24 5 4 -4 -1 7 8 13 -10 12 -12 -5 20 15 17 -17 -15 -16 -20 -7 -22 -8 27 -2 -3 -6 -9 -26
right_child=1 25 3 10 26 6 22 23 9 -11 11 -13 -14 14 18 16 -18 -19 19 -21 21 -23 -24 -25 28 -27 -28 -29 -30
leaf_value=0.019235091962282427 0.0032403367907643532 -0.01718357583287658 0.021756960350970984 0.038232507569166005 -0.005246583506509547 0.00035445909425172898 0.023111357249272452 -0.012461851068735702 0.028826549753002147 -0.0063532332580587929 -0.01163545118277221 0.022872624767757584 0.0037270936978886101 -0.021479302151272479 -0.032255138352206468 0.030613246604446823 0.0017044094519973972 0.006941738315045287 -0.014916349068813327 0.015722923599246211 0 -0.032248933849152721 -0.0055578240421057176 -0.0036566072819570975 0.011536569294186517 0.00311195225013014 -0.030752352064135381 -0.037853436838367539 0.03095099007868116
leaf_weight=6.4680669307708731 5.4502284377813348 5.446663036942482 4.9933063685894004 8.9464908838272112 5.6738825589418402 6.9100389480590847 8.2295301556587201 6.0399503707885742 7.7003554850816718 8.1344209015369398 7.9105897396802902 5.2137055546045286 5.6905710548162451 13.800479143857958 5.3881449699401847 6.483235090970985 36.303893759846694 8.8888037055730802 23.041008353233341 7.641848847270011 4.9310362339019802 12.708182662725447 4.974070891737937 8.0942995101213437 4.9635480344295493 6.1835002899169904 4.9025018066167823 7.4458112567663211 10.698080644011497
leaf_count=26 22 22 20 36 23 28 33 25 31 33 32 21 23 56 22 26 147 36 94 31 20 52 20 33 20 25 20 31 43
internal_value=0 0.0114238 -0.00170421 0.00840942 -0.00546324 -0.0041779 -0.0052232 -0.0067858 -0.00442065 0.0114224 0.016276 0.00260277 0.0267828 -0.00656808 -0.00368961 0.000870438 0.00710875 -0.010357 -0.011831 -0.00672177 -0.0173464 -0.0240784 0.0124378 -0.020783 0.0215211 -0.00681315 -0.0199174 -0.0292672 0.0266938
internal_weight=259.256 32.742 226.514 43.331 15.5697 183.183 176.715 163.512 141.931 15.8348 27.7614 13.1243 14.6371 126.097 101.547 65.4764 42.7871 22.6893 36.071 30.6829 24.5493 17.6392 13.2036 21.5801 21.1119 11.6302 10.5764 13.4858 15.6616
internal_count=1051 132 919 175 63 744 718 665 576 64 112 53 59 512 412 265 173 92 147 125 100 72 53 89 85 47 43 56 63
is_linear=0
shrinkage=0.03


Tree=14
num_leaves=28
num_cat=0
split_feature=57 60 46 34 54 45 45 47 53 60 54 45 20 25 37 52 30 61 23 32 33 2 45 44 60 47 35
split_gain=5.41203 6.99378 6.04807 5.40778 8.41886 4.84844 5.28085 5.51427 6.30726 6.81438 5.66186 3.56925 3.52004 4.98964 3.30242 3.30197 3.19291 2.44773 4.71596 3.617 2.43559 3.58131 2.06145 2.54282 1.65706 1.17569 0.298167
threshold=1.1673858098934222 458.50000000000006 0.90983730415519648 -0.5723548221957897 -1.3131711067297396 -1.6434270974699425 1.4942920141066331 1.1127212581018031 0.68677610696387104 424.50000000000006 -0.68453368844252538 -1.5300842764131779 -0.85137354305835655 0.19582529141063579 -0.62947591391211266 0.87495535948592063 -0.1385901722352153 517.50000000000011 0.41641165918021533 -1.1257832115128896 0.88199751528651993 -0.22292246690974324 0.20480327560473816 -0.25772639074354181 631.50000000000011 1.5428914878966107 0.11533845575048675
decision_type=2 2 2 2 2 2 2 2 2 2 2 2 2 2 2 2 2 2 2 2 2 2 2 2 2 2 2
left_child=2 22 5 4 -4 -1 7 8 9 20 -10 -11 -5 14 -14 -8 25 19 -19 -13 21 -7 -2 -24 -3 -9 -23
right_child=1 24 3 12 -6 6 15 16 10 11 -12 17 13 -15 -16 -17 -18 18 -20 -21 -22 26 23 -25 -26 -27 -28
leaf_value=0.018761121604061067 0.032080203425200217 -0.015611908632807587 0.021260259473432155 -0.0013921050399610065 -0.021718386469051085 0.0073841465273959727 0.02252215904274445 -0.035484863528311865 0.0025201646079682088 -0.019021959916817446 -0.029380584745486826 -0.010104889197579597 -0.0046917467685190879 0.039761854243795677 0.021704363497595396 -0.0054311622183737017 -0.003565504509775387 -0.013137988453196921 0.013891973520357521 0.0087664103889191006 -0.031992427854814535 -0.0076979878478250731 -0.0041293455640836266 0.020486779674160713 0.0045579782736392925 -0.010193837112882005 -0.024878455031638009
leaf_weight=6.4703849107027045 8.4547232985496539 6.4268263280391675 4.991731032729148 7.4215657114982632 9.5691304653882963 6.4087287187576338 8.2306943535804731 8.5657834857702273 6.6589847952127483 5.3858092427253714 13.6394035667181 9.1217588037252408 7.1710629761219042 7.1988355964422217 6.933871328830719 4.9723778218030921 8.090470150113104 16.904444217681888 6.9206901043653479 61.605226024985313 5.3871799260377875 4.9018204510211945 5.2180434167385084 7.4251438677310944 5.1967611908912659 4.84984466433525 4.870057612657547
leaf_count=26 34 26 20 30 39 26 33 36 27 22 56 37 29 29 28 20 33 69 28 249 22 20 21 30 21 20 20
internal_value=0 0.01114 -0.00165514 0.0082044 -0.00600141 -0.00406775 -0.00508932 -0.00661349 -0.0042976 -0.00155782 -0.0191869 0.00175551 0.0155443 0.021411 0.00873886 0.0121066 -0.0203471 0.00328007 -0.00469168 0.00609017 -0.0162866 -0.00844762 0.0209956 0.0105426 -0.00664675 -0.0286889 -0.0189639
internal_weight=258.991 32.7215 226.27 43.2862 14.5609 182.984 176.513 163.31 141.804 121.506 20.2984 99.9379 28.7253 21.3038 14.1049 13.2031 21.5061 94.5521 23.8251 70.727 21.5678 16.1806 21.0979 12.6432 11.6236 13.4156 9.77188
internal_count=1051 132 919 175 59 744 718 665 576 493 83 405 116 86 57 53 89 383 97 286 88 66 85 51 47 56 40
is_linear=0
shrinkage=0.03


Tree=15
num_leaves=34
num_cat=0
split_feature=46 32 50 26 46 52 57 44 52 43 1 45 19 37 19 46 56 28 25 33 38 55 18 26 32 37 46 1 43 32 23 28 5
split_gain=5.16612 6.20059 5.97355 5.42278 4.913 6.42951 5.79946 3.96266 4.664 4.64324 4.01662 4.13426 10.3279 6.38972 4.80368 3.83791 3.43298 3.36198 4.34391 5.52699 4.9725 6.28997 4.60638 4.54925 3.32523 2.56465 2.53471 2.4778 2.74506 2.39019 2.05642 1.79343 1.20711
threshold=0.14029324797976508 0.4061291795453949 -0.36509657218259561 1.4469919105232394 -0.044236752229299368 -0.88612619075928045 1.1673858098934222 -1.0174128756432499 1.0000000180025095e-35 0.9077651454236173 -0.26080613586403062 0.053725059340210039 0.58553403294985606 0.067938547425558965 -1.0629013943579062 0.060193647725420261 0.94417821302734117 -1.1631622865724112 0.62463417283355549 -0.15602563558605179 0.99673384349970695 0.5269983429646975 0.70703278413642201 -1.4495182038357945 -1.2924679794518739 0.65523493592044046 -1.3000749796067399 -0.1175395157066521 0.20680464005892435 -0.40348255044395748 -0.82941537096588414 -0.67709740222555892 -0.56183451773406534
decision_type=2 2 2 2 2 2 2 2 2 2 2 2 2 2 2 2 2 2 2 2 2 2 2 2 2 2 2 2 2 2 2 2 2
left_child=4 17 32 16 5 25 7 8 26 10 -9 14 13 -13 24 -6 -4 -2 19 20 21 22 -19 -20 -12 -1 -7 28 -21 -30 -25 -8 -3
right_child=1 2 3 -5 15 6 31 9 -10 -11 11 12 -14 -15 -16 -17 -18 18 23 27 -22 -23 -24 30 -26 -27 -28 -29 29 -31 -32 -33 -34
leaf_value=0.02840139098733558 0.01893442353837535 -0.013115707880149164 0.035434099742108753 -0.0033689564849535328 -0.030269604173928676 -0.016219672235696453 0 -0.020157554512428389 -0.032100146760946781 -0.024014409450866227 0.02160173882237983 0.0060714355807082454 -0.012287070855425002 0.046581203352826672 -0.021351973466300626 -0.0020407384618245971 0.0041552462739137333 0.023410227402305618 -0.0073564593559240681 -0.021077389975440324 0.024679551130356754 -0.022282404330293291 -0.009580446505059138 0.028716282712768965 -0.0023622313059042119 0.00081413299093293767 0.0062269074833964039 -0.032251490123442861 0.010086877201160995 -0.013203803068636957 0.0037041988814153618 0.021795517653590151 0.0050217075400057591
leaf_weight=6.7131063342094404 6.1883549243211737 4.9367735981941223 15.313634335994726 5.2178698182106009 8.9956719130277651 7.3264634609222412 4.9522693753242493 6.5874410867691031 9.153743699192999 6.8196446448564521 4.9255365878343538 8.1234281361103076 8.5463768541812879 6.2047065794467917 8.7595820128917747 8.614214748144148 4.9862041175365439 6.9715106040239387 8.1697556525468844 8.7781243473291415 5.7273667007684699 8.2941114306449872 5.45212222635746 7.209255114197731 25.156485229730606 5.6897207349538803 7.6066212207078951 5.3820561766624477 7.4063593596220034 5.6411626935005152 6.1860301792621595 7.7197715491056424 4.9814464151859266
leaf_count=27 25 20 62 21 37 30 20 27 38 28 20 33 35 25 36 35 20 28 33 36 23 34 22 29 102 23 31 22 30 23 25 31 20
internal_value=0 0.00464779 0.0148425 0.0222112 -0.00382055 -0.0015702 -0.00395675 -0.00648003 -0.0167447 -0.00284719 -0.000177203 0.00228824 0.0120569 0.0267449 -0.00355039 -0.018019 0.0288409 0 -0.00187395 -0.00647652 0.003072 -0.00389422 0.00902893 0.00899339 0.00221119 0.0176307 -0.00489599 -0.015642 -0.00947837 0 0.0191046 0.0139697 -0.00401769
internal_weight=258.737 116.842 35.4359 25.5177 141.895 124.285 111.882 99.21 24.0868 75.1232 68.3036 61.7161 22.8745 14.3281 38.8416 17.6099 20.2998 81.4062 75.2179 53.6528 26.4451 20.7177 12.4236 21.565 30.082 12.4028 14.9331 27.2077 21.8256 13.0475 13.3953 12.672 9.91822
internal_count=1051 473 143 103 578 506 456 405 99 306 278 251 93 58 158 72 82 330 305 218 107 84 50 87 122 50 61 111 89 53 54 51 40
is_linear=0
shrinkage=0.03


Tree=16
num_leaves=38
num_cat=0
split_feature=45 47 12 4 18 55 36 55 50 41 14 24 39 34 18 28 44 49 45 28 20 35 18 30 54 28 52 34 52 57 24 38 28 24 20 35 16
split_gain=4.94902 7.24772 4.80568 4.74941 7.5001 3.96973 3.89505 5.07937 4.56576 5.65122 4.11991 5.36892 5.43476 6.38476 6.1944 5.66161 3.94665 4.68948 3.82692 3.75601 4.25003 4.20767 3.69924 3.35151 3.2927 3.22219 3.0689 2.92345 2.84961 2.52819 2.11291 2.70799 1.57607 1.13754 1.11745 0.957107 0.0688777
threshold=1.4942920141066331 1.1127212581018031 -0.81306533808347214 1.0000000180025095e-35 -1.0320705474774203 -0.39088035437925567 0.42071821666359926 0.27311950738960356 0.18529763871471452 1.0000000180025095e-35 -0.57294183464550552 -0.21804487508474441 -0.86148577037926244 -0.03301279488655242 0.60761209841251029 -0.67709740222555892 -0.25772639074354181 -0.36577705678044781 -1.1613152186547764 0.7810972508149977 1.0000000180025095e-35 0.28658755981766476 0.59602701897925259 -0.1385901722352153 -0.037015643762916647 -1.0000000180025095e-35 -0.29909900734421346 0.12108492720180132 1.0000000180025095e-35 -1.0000000180025095e-35 0.84304141349486172 -0.11095240650334463 0.41654858755485835 0.48934598396832635 0.767918136183386 -0.29565939401074021 0.13136763712188362
decision_type=2 2 2 2 2 2 2 2 2 2 2 2 2 2 2 2 2 2 2 2 2 2 2 2 2 2 2 2 2 2 2 2 2 2 2 2 2
left_child=1 3 -2 6 -5 -6 7 10 9 25 36 12 14 18 15 -12 17 -13 -14 21 22 -8 -21 29 -15 -9 -7 -22 32 -3 31 -18 -23 -19 -11 -4 -1
right_child=2 23 35 4 5 26 19 8 -10 34 11 16 13 24 -16 -17 30 33 -20 20 27 28 -24 -25 -26 -27 -28 -29 -30 -31 -32 -33 -34 -35 -36 -37 -38
leaf_value=-0.0077320340381945339 -0.0049636447375518812 -0.033244776654506397 0.0088984718983028972 -0.011518487573888648 0.036572514209435414 -0.0075254318150273919 -0.007483139058572401 -0.019300882757404072 0.0053658947110001307 -0.038644261428193535 0 0.020292558937655834 -0.0026530095672172719 0.019876256242793423 -0.017995001740895838 0.034940369600703569 0.0080452649181139025 0 -0.032509391577875864 -0.023860877339783173 -0.0019338589061558423 0.031957126532377415 0.0039791743379647094 -0.00072545812207601456 -0.0092548255358292104 0.0059892174187289194 0.018679902167178266 0.024152037948370567 0 -0.0057769078644219884 0.0016907302495744677 0.038910095460645097 0.0084210270426403975 -0.01899077971657737 -0.012325465573827412 0.030902246043496309 -0.021844514838575666
leaf_weight=4.9107215106487256 6.9661527872085598 9.2215257436037046 5.4652997404336938 7.8774915635585812 7.4574428200721803 5.1816294938325909 5.905968680977824 6.3252089023590079 8.1203110516071302 8.7542042434215528 8.9135201275348663 5.2171412706375149 6.6228314638137844 5.2218144834041595 4.9401519298553458 6.4643434435129175 6.1949478834867486 5.4346259832382184 11.234645083546637 8.8383376300334948 7.8237893879413587 9.8935830891132408 6.16040015220642 9.0708731561899167 5.6525004059076327 9.0791794806718844 8.6618571132421405 5.1776215136051178 5.6670832931995383 6.0634788870811489 4.9556971341371527 6.2128535360097894 6.1602519750595084 5.3717081397771835 4.8910195529460898 7.4228674322366688 4.8751945942640305
leaf_count=20 28 39 22 32 30 21 24 26 33 36 36 21 27 21 20 26 25 22 46 36 32 40 25 37 23 37 35 21 23 25 20 25 25 22 20 30 20
internal_value=0 -0.00122397 0.013847 0.000556228 0.0115104 0.0204876 -0.00121781 -0.00408751 -0.0132167 -0.018616 -0.000191368 0.002036 -0.00416528 -0.0123756 0.00722257 0.0165585 0.0111058 0 -0.0228101 0.00528436 -0.00226956 0.012869 -0.0127404 -0.016236 0.00496265 -0.00483143 0.00870339 0.00946441 0.018787 -0.0241959 0.0204061 0.0264611 0.0247589 -0.0108716 -0.0317617 0.0238889 -0.0172632
internal_weight=258.408 238.554 19.8543 214.198 29.1784 21.3009 185.02 129.393 37.1699 29.0496 92.2227 82.4368 49.0498 28.7318 20.318 15.3779 33.387 16.0235 17.8575 55.627 28.0001 27.6269 14.9987 24.3559 10.8743 15.4044 13.8435 13.0014 21.7209 15.285 17.3635 12.4078 16.0538 10.8063 13.6452 12.8882 9.78592
internal_count=1051 971 80 870 118 86 752 526 152 119 374 334 199 117 82 62 135 65 73 226 114 112 61 101 44 63 56 53 88 64 70 50 65 44 56 52 40
is_linear=0
shrinkage=0.03


Tree=17
num_leaves=32
num_cat=0
split_feature=57 60 46 45 45 47 53 60 54 21 24 20 46 52 31 45 32 30 40 43 60 33 2 45 44 55 20 40 40 45 40
split_gain=4.89726 6.48846 5.48848 4.43729 4.72621 5.00488 5.19837 6.30473 4.88079 4.437 3.68744 6.26187 3.46141 3.12202 3.09373 3.99602 2.95224 2.8672 2.82989 2.76054 3.38477 2.28118 3.40671 1.93133 2.41212 1.62768 1.58488 1.30924 1.156 1.03549 0.296665
threshold=1.1673858098934222 458.50000000000006 0.92960590170849333 -1.6434270974699425 1.4942920141066331 1.1127212581018031 0.68677610696387104 424.50000000000006 -0.68453368844252538 1.0000000180025095e-35 -0.57174030461127956 -0.58149159651806615 1.3039486926215134 0.87495535948592063 -0.60624553711832307 -1.2142843947234809 -0.40348255044395748 -0.1385901722352153 -1.0354124815926824 0.9077651454236173 458.50000000000006 0.88199751528651993 -0.22292246690974324 0.20480327560473816 -0.25772639074354181 -0.18029506864018632 1.0000000180025095e-35 -1.1389541410229331 0.43487908231687961 -0.38348198227457125 -1.0000000180025095e-35
decision_type=2 2 2 2 2 2 2 2 2 2 2 2 2 2 2 2 2 2 2 2 2 2 2 2 2 2 2 2 2 2 2
left_child=2 23 3 -1 5 6 7 21 -8 -4 11 29 16 -6 26 -16 -11 27 -13 -14 -21 22 -5 -2 -25 -3 -12 -7 -10 -9 -24
right_child=1 25 9 4 13 17 8 10 28 12 14 18 19 -15 15 -17 -18 -19 -20 20 -22 -23 30 24 -26 -27 -28 -29 -30 -31 -32
leaf_value=0.01799713340944303 0.030834896211080296 -0.016743436426453078 -0.0095884457529570744 0.0072397051769515653 0.021610723217068625 -0.011044088654168211 0.0025496347801733758 -0.030619387545428325 -0.035199069993568637 0.0034600119575968038 0.029725929871019272 0.017702911290135383 -0.011333293557044785 -0.0055329795785900833 -0.01792930047234139 0.0056100465082265663 0.032641636370608074 -0.0034572504432083613 -0.0035179002368510293 0.0247035083855494 -0.0036763134134542817 -0.031062160508697655 -0.0073853546391312768 -0.0042327715486236064 0.01972592977448712 0.0032112755406980319 0.0044096959864510493 -0.035935456951623028 -0.011603883732294408 -0.0074366653860004029 -0.024310098810984084
leaf_weight=6.4671832025051108 8.4374127537012118 5.4322939515113831 8.6184949278831464 6.3991794437170073 8.2202641069889051 5.9546447992324829 6.6546747386455563 6.3591424524784088 7.4432241469621641 5.6780708134174338 5.2277818918228132 6.4271416068077114 5.9048223942518261 4.9681306928396216 5.8915775418281546 49.28987093269825 9.1091544032096845 8.0791696161031705 17.674606293439865 6.1957509219646436 6.1672819554805756 5.3455060273408881 4.8795078247785604 5.2131125032901746 7.3908367604017258 6.165273964405058 5.2096364945173264 7.271207123994829 6.3329800069332123 4.879692539572714 4.8478359729051554
leaf_count=26 34 22 35 26 33 25 27 26 31 23 21 26 24 20 24 200 37 33 72 25 25 22 20 21 30 25 21 31 26 20 20
internal_value=0 0.0106016 -0.00158532 -0.00384184 -0.00481599 -0.00625133 -0.00406613 -0.00158234 -0.0175504 0.00801693 0.00156919 -0.00600443 0.0129978 0.0114562 0.00578056 0.00258299 0.0231553 -0.01941 0.00261229 0.00333894 0.0112475 -0.0157966 -0.00818333 0.0201134 0.00999471 -0.0065245 0.0197343 -0.0274026 -0.0269495 -0.0230858 -0.0184756
internal_weight=258.135 32.6389 225.497 183.823 177.356 164.167 142.862 122.431 20.4309 41.6736 100.959 35.3406 33.0551 13.1884 65.6189 55.1814 14.7872 21.305 24.1017 18.2679 12.363 21.472 16.1265 21.0414 12.6039 11.5976 10.4374 13.2259 13.7762 11.2388 9.72734
internal_count=1051 132 919 750 724 671 582 498 84 169 410 144 134 53 266 224 60 89 98 74 50 88 66 85 51 47 42 56 57 46 40
is_linear=0
shrinkage=0.03


Tree=18
num_leaves=38
num_cat=0
split_feature=12 46 46 52 32 50 28 44 47 39 62 19 19 45 35 47 57 47 30 13 35 50 29 58 33 55 55 40 50 16 60 53 58 45 30 32 39
split_gain=4.79149 4.14771 7.8559 6.28413 5.99783 5.10616 4.99993 4.10159 6.98873 6.22872 9.10406 5.60936 4.51569 4.30426 3.45589 5.99366 5.85413 4.72734 4.66444 4.33812 3.82967 3.43306 3.23217 4.5055 4.36194 3.82285 2.94567 2.62315 2.29851 1.9321 2.64873 1.45993 1.25133 1.01907 0.81641 0.746071 0.520036
threshold=2.6278680890103145 0.060193647725420261 -0.044236752229299368 -0.88612619075928045 0.4061291795453949 -0.36509657218259561 -1.1631622865724112 -1.2706417039431528 0.43875434430212684 0.40461952741541407 1.0000000180025095e-35 0.35004325762017569 -1.0629013943579062 1.3420097630160945 1.1428330801535542 -0.45595167184451185 1.0000000180025095e-35 -0.093449074634160842 0.89459986898277422 -1.3265823883333703 1.0000000180025095e-35 -0.36509657218259561 -0.33360928667647333 -0.88103554263331152 0.29810949292069822 -0.78613217816182934 -0.072186048746384748 0.82833738815183289 0.91915658657779475 0.96036083202966338 452.00000000000006 0.68677610696387104 1.0000000180025095e-35 0.34174886397958032 0.37800484837377962 -0.62572890769593659 0.65166446357047292
decision_type=2 2 2 2 2 2 2 2 2 2 2 2 2 2 2 2 2 2 2 2 2 2 2 2 2 2 2 2 2 2 2 2 2 2 2 2 2
left_child=1 2 3 35 6 -6 -3 8 -5 12 11 33 22 -13 15 19 18 -17 -16 27 -19 -14 34 25 -25 -24 -7 -8 29 30 -21 -28 -23 -11 -9 -1 -10
right_child=-2 4 -4 7 5 26 14 9 36 10 -12 13 21 -15 16 17 -18 20 -20 28 -22 32 23 24 -26 -27 31 -29 -30 -31 -32 -33 -34 -35 -36 -37 -38
leaf_value=0.0069597964694371912 -0.021869477497819395 0.023037345233288552 -0.028579901622354086 0.0089527394874904017 -0.0030464705970388714 0.003128285027880972 0.014026827448799312 -0.0016535749102187828 -0.014223050536745597 0.011664382569988167 -0.015280455967545157 -0.016594616330715156 0.0015220135918292497 0.01616391634828894 0.015464472143392994 0.021905442108980745 0.027555238319980222 0.012062531587821147 -0.018003056691287697 -0.024888820267123954 -0.016223019525915927 -0.032920047140882064 0 -0.021320584181130565 0.010422658272372265 0.034134836665508685 0.034201040808748646 -0.011567255828877066 0 -0.035010941374885467 0.00038894707733133681 0.01182568900086783 -0.010699129156046313 0.035344580332245468 -0.019497722395505342 0.02565254600214072 -0.035172348150272828
leaf_weight=6.203043669462204 7.218244031071662 6.4464944303035727 8.4584943801164609 6.1572415530681637 9.6603771001100522 7.177645921707156 6.2074157297611219 5.1555611342191643 6.9981443136930448 5.4164317697286632 8.734179273247717 5.0685164928436262 5.6360553354024914 6.458181694149971 4.9358101487159747 8.6526724696159381 7.1846053004264823 5.9444901943206778 7.352300688624382 6.0606525093317085 8.5580264329910261 7.5212356895208341 4.9291789382696152 6.0761450380086988 6.4284273087978363 5.4788978099822945 11.53990685939789 5.1716371327638626 4.922944411635398 8.0614564716815931 6.382410541176796 7.4308569729328147 7.3289081901311874 9.6322032362222654 5.3653058856725693 5.9517879039049131 5.9608736932277679
leaf_count=25 30 26 35 25 39 29 25 21 29 22 36 21 23 26 20 35 29 24 30 25 35 31 20 25 26 22 47 21 20 33 26 30 30 39 22 24 25
internal_value=0 0.000752096 -0.00295243 -0.000775058 0.00471476 0.0147616 0.000275479 -0.00319837 -0.0152662 -0.000337196 0.00916582 0.0178011 -0.00674819 0.00104657 -0.00189035 -0.00550682 0.00855704 0.00604443 -0.00390496 -0.0128825 -0.0042101 -0.0173099 1.70894e-05 0.00644995 -0.00520491 0.0198481 0.0213661 0.00193633 -0.0194754 -0.0236254 -0.0128458 0.0272385 -0.0243081 0.0290138 -0.0125501 0.0183649 -0.0269234
internal_weight=257.867 250.649 128.959 120.5 121.69 35.8088 85.8809 108.345 19.1163 89.2292 35.3095 26.5753 53.9197 11.5267 79.4344 59.9617 19.4727 23.1552 12.2881 36.8065 14.5025 20.4862 33.4335 22.9126 12.5046 10.4081 26.1484 11.3791 25.4275 20.5045 12.4431 18.9708 14.8501 15.0486 10.5209 12.1548 12.959
internal_count=1051 1021 527 492 494 145 349 443 79 364 144 108 220 47 323 244 79 94 50 150 59 84 136 93 51 42 106 46 104 84 51 77 61 61 43 49 54
is_linear=0
shrinkage=0.03


Tree=19
num_leaves=39
num_cat=0
split_feature=12 46 46 52 34 54 30 30 44 47 55 19 19 30 16 24 16 12 42 18 40 61 20 47 21 36 30 33 57 24 34 27 37 40 40 41 35 19
split_gain=4.56949 3.94956 7.49228 5.99308 4.348 4.33713 5.37891 4.91413 3.91519 6.69584 5.46251 3.63699 5.03355 4.55383 4.55061 4.32328 3.41156 3.27712 3.26903 3.26789 3.21496 5.87512 4.40739 3.09523 2.91543 2.76497 2.71027 2.59839 2.54666 2.49262 2.41134 2.18544 1.89572 1.77349 1.70762 1.52171 1.5006 0.552829
threshold=2.6278680890103145 0.060193647725420261 -0.044236752229299368 -0.88612619075928045 -0.11006165593072918 -1.3763416288421557 0.89459986898277422 0.24885609322153093 -1.2706417039431528 0.43875434430212684 -0.40288581249470529 0.46778864528501585 0.2322978699553355 -0.1385901722352153 0.35468594978116991 -1.0000000180025095e-35 -0.15730088785421914 0.75435127126024248 -0.81246417357589118 0.53070565275622206 -0.76620416707403061 551.50000000000011 0.22815424310280505 -0.60198051997419066 1.0000000180025095e-35 0.19317562725251058 0.55020318857677786 -0.41553142330419479 -0.80753972120997652 -1.0000000180025095e-35 -0.11006165593072918 -0.36308870916832664 0.65523493592044046 -0.062120882948324761 0.72479572872158216 -0.46639540664194434 1.1428330801535542 1.0000000180025095e-35
decision_type=2 2 2 2 2 2 2 2 2 2 2 2 2 2 2 2 2 2 2 2 2 2 2 2 2 2 2 2 2 2 2 2 2 2 2 2 2 2
left_child=1 2 3 32 5 -3 7 23 9 -5 20 12 17 16 15 -15 -13 19 -8 -6 21 28 -22 31 33 29 -17 -27 -10 35 -30 -7 -1 -12 -9 -26 -20 -11
right_child=-2 4 -4 8 11 6 18 34 10 37 24 13 -14 14 -16 26 -18 -19 36 -21 22 -23 -24 -25 25 27 -28 -29 30 -31 -32 -33 -34 -35 -36 -37 -38 -39
leaf_value=0.027156477172916148 -0.02139146445667223 0.015350528764980512 -0.027965319086282109 0.008731960304242857 0.010278731569718917 -0.027379056486296526 0 0.0020450141439833365 0.0035980545433394028 -0.033367775880064704 -0.028390548981189121 0 0.036235626980082404 0.023131146559686833 -0.019477891181852804 -0.0178891048754901 0.029241128713395844 0.022494177521440367 -0.038613550761291478 -0.017133339920016175 0.013164386490464634 -0.013587603794246199 -0.016825134391294686 0.0082736509271624462 0 0.021915425957195638 0.008369649883441176 -0.0046750446093090231 0.0069591326331491952 0.0052708759503371574 0.03354203171150482 -0.0023033593364786527 0.0022665544155277511 -0.0038110115682249554 0.026968522305775525 -0.021250805054068761 -0.010121388184785125 -0.012480563157634534
leaf_weight=6.7171363979578 7.1920728385448447 9.443722724914549 8.4186201393604261 6.1613954156637218 7.8753696978092247 5.3721947520971289 5.3885538876056662 5.1377724260091764 8.8825240135192853 6.9072024673223478 6.7959113270044327 5.678475022315979 7.8844012171030036 5.9414816349744823 9.0379952490329725 5.9128447026014346 6.9293364733457548 7.1408025175333014 5.0781103819608671 5.1788107305765152 6.1447549462318483 5.1130188405513755 8.776989817619322 6.4295139163732591 4.9082970917224893 5.1715555638074875 5.1594519317150116 5.1304680705070478 6.4199458509683618 6.6298390626907375 9.8785543739795685 7.379047453403472 5.4454680681228638 5.5899384468793851 5.443472221493721 9.6976510137319565 5.1373526453971863 5.992194339632988
leaf_count=27 30 38 35 25 32 22 22 21 36 29 28 23 32 24 37 24 28 29 21 21 25 21 36 26 20 21 21 21 26 27 40 30 22 23 22 40 21 25
internal_value=0 0.000732421 -0.0028845 -0.000758385 0.00460177 -0.00155746 -0.00558383 0.00184984 -0.00312953 -0.014938 -0.000332882 0.00967104 0.0176594 0.00327663 -0.0037747 0.00514526 0.0171244 0.0081265 -0.0190319 -0.000828863 0.00680721 0.0122752 -0.0040357 -0.00691463 -0.00779718 -0.00241031 -0.00563715 0.00925369 0.0182202 -0.0085699 0.0248771 -0.0150587 0.0179242 -0.0193395 0.0171199 -0.0151307 -0.0279275 -0.0263925
internal_weight=257.522 250.33 128.781 120.363 121.549 54.8097 45.366 29.762 108.2 19.0608 89.1394 66.739 28.0794 38.6596 26.0518 17.0138 12.6078 20.195 15.604 13.0542 45.2158 30.294 14.9217 19.1808 43.9237 31.5378 11.0723 10.302 25.181 21.2358 16.2985 12.7512 12.1626 12.3858 10.5812 14.6059 10.2155 12.8994
internal_count=1051 1021 527 492 494 223 185 121 443 79 364 271 114 157 106 69 51 82 64 53 184 123 61 78 180 129 45 42 102 87 66 52 49 51 43 60 42 54
is_linear=0
shrinkage=0.03


end of trees

feature_importances:
Column_45=40
Column_46=40
Column_55=35
Column_47=30
Column_57=25
Column_30=24
Column_32=23
Column_28=22
Column_54=22
Column_19=20
Column_52=18
Column_33=17
Column_40=17
Column_44=17
Column_56=17
Column_12=16
Column_50=16
Column_34=15
Column_39=15
Column_60=15
Column_26=14
Column_20=13
Column_24=13
Column_53=13
Column_35=12
Column_38=12
Column_2=10
Column_25=10
Column_43=10
Column_23=9
Column_42=9
Column_29=8
Column_36=8
Column_61=8
Column_1=6
Column_16=6
Column_18=6
Column_31=6
Column_37=6
Column_41=5
Column_48=5
Column_58=5
Column_14=4
Column_21=4
Column_27=4
Column_49=3
Column_0=2
Column_4=2
Column_5=2
Column_59=2
Column_9=1
Column_11=1
Column_13=1
Column_51=1
Column_62=1

parameters:
[boosting: gbdt]
[objective: binary]
[metric: binary_logloss]
[tree_learner: serial]
[device_type: cpu]
[data_sample_strategy: bagging]
[data: ]
[valid: ]
[num_iterations: 1800]
[learning_rate: 0.03]
[num_leaves: 96]
[num_threads: 2]
[seed: 42]
[deterministic: 0]
[force_col_wise: 1]
[force_row_wise: 0]
[histogram_pool_size: -1]
[max_depth: 10]
[min_data_in_leaf: 20]
[min_sum_hessian_in_leaf: 0.001]
[bagging_fraction: 0.85]
[pos_bagging_fraction: 1]
[neg_bagging_fraction: 1]
[bagging_freq: 0]
[bagging_seed: 400]
[bagging_by_query: 0]
[feature_fraction: 0.8]
[feature_fraction_bynode: 1]
[feature_fraction_seed: 30056]
[extra_trees: 0]
[extra_seed: 12879]
[early_stopping_round: 0]
[early_stopping_min_delta: 0]
[first_metric_only: 0]
[max_delta_step: 0]
[lambda_l1: 0.2]
[lambda_l2: 1.5]
[linear_lambda: 0]
[min_gain_to_split: 0]
[drop_rate: 0.1]
[max_drop: 50]
[skip_drop: 0.5]
[xgboost_dart_mode: 0]
[uniform_drop: 0]
[drop_seed: 17869]
[top_rate: 0.2]
[other_rate: 0.1]
[min_data_per_group: 100]
[max_cat_threshold: 32]
[cat_l2: 10]
[cat_smooth: 10]
[max_cat_to_onehot: 4]
[top_k: 20]
[monotone_constraints: ]
[monotone_constraints_method: basic]
[monotone_penalty: 0]
[feature_contri: ]
[forcedsplits_filename: ]
[refit_decay_rate: 0.9]
[cegb_tradeoff: 1]
[cegb_penalty_split: 0]
[cegb_penalty_feature_lazy: ]
[cegb_penalty_feature_coupled: ]
[path_smooth: 0]
[interaction_constraints: ]
[verbosity: -1]
[saved_feature_importance_type: 0]
[use_quantized_grad: 0]
[num_grad_quant_bins: 4]
[quant_train_renew_leaf: 0]
[stochastic_rounding: 1]
[linear_tree: 0]
[max_bin: 255]
[max_bin_by_feature: ]
[min_data_in_bin: 3]
[bin_construct_sample_cnt: 200000]
[data_random_seed: 175]
[is_enable_sparse: 1]
[enable_bundle: 1]
[use_missing: 1]
[zero_as_missing: 0]
[feature_pre_filter: 1]
[pre_partition: 0]
[two_round: 0]
[header: 0]
[label_column: ]
[weight_column: ]
[group_column: ]
[ignore_column: ]
[categorical_feature: ]
[forcedbins_filename: ]
[precise_float_parser: 0]
[parser_config_file: ]
[objective_seed: 16083]
[num_class: 1]
[is_unbalance: 0]
[scale_pos_weight: 1]
[sigmoid: 1]
[boost_from_average: 1]
[reg_sqrt: 0]
[alpha: 0.9]
[fair_c: 1]
[poisson_max_delta_step: 0.7]
[tweedie_variance_power: 1.5]
[lambdarank_truncation_level: 30]
[lambdarank_norm: 1]
[label_gain: ]
[lambdarank_position_bias_regularization: 0]
[eval_at: ]
[multi_error_top_k: 1]
[auc_mu_weights: ]
[num_machines: 1]
[local_listen_port: 12400]
[time_out: 120]
[machine_list_filename: ]
[machines: ]
[gpu_platform_id: -1]
[gpu_device_id: -1]
[gpu_device_id_list: ]
[gpu_use_dp: 0]
[num_gpu: 1]

end of parameters

pandas_categorical:null
