tree
version=v4
num_class=1
num_tree_per_iteration=1
label_index=0
max_feature_idx=42
objective=binary sigmoid:1
feature_names=Column_0 Column_1 Column_2 Column_3 Column_4 Column_5 Column_6 Column_7 Column_8 Column_9 Column_10 Column_11 Column_12 Column_13 Column_14 Column_15 Column_16 Column_17 Column_18 Column_19 Column_20 Column_21 Column_22 Column_23 Column_24 Column_25 Column_26 Column_27 Column_28 Column_29 Column_30 Column_31 Column_32 Column_33 Column_34 Column_35 Column_36 Column_37 Column_38 Column_39 Column_40 Column_41 Column_42
feature_infos=[-1.1835349479247372:10.22514690938187] [-1.0206483134610467:12.306025393796537] [-1.2511831303925254:9.9682960125144593] [-1.1300825443265443:12.024532117723178] [-1.0173928355946333:11.302222952912274] [-1.2962129715413466:8.3841498196775479] [-2.2019868998611885:5.5282383529712948] [-1.3770346783653238:8.5527864190055016] [-2.5252038425132159:4.6651851756600022] [-2.9210922693171186:3.3047527938679533] [-6.1138889251022368:1.7395459919022929] [-2.2871982915697204:4.4212792275807375] [-1.4101232064522307:3.3175285974024495] [-2.9113367487286559:3.4632068227397372] [-2.2735338891329628:4.5314655556511934] [-1.7242333730754915:1.7073979952405751] [-1.5650093207201159:1.4676547921141943] [-3.63477989685116:1.1051826755241516] [-2.1865646774695415:0.45733840407469378] [-2.1986565885187597:2.4453548415597801] [-2.3917888266033933:3.3548014216386384] [-2.309376457560151:5.4441936169465945] [-4.6679825510277286:3.4693362196237114] [-2.3042696111779231:2.3720774411762275] [-2.4185755630857884:3.8268856210921145] [-2.2261756874172729:4.6489683642740287] [-3.9739761405178067:3.0918037699465142] [-2.8456047602856351:3.1450618501476] [-3.0208125022825731:4.1682715776985599] [-2.53446348364188:3.9069175655397479] [-4.0415655351621131:4.1787568046896704] [-2.5457928197876916:3.0917241847616066] [-2.894154944090007:4.5320178386862278] [-2.2781374450755467:3.9165842632653991] [-3.5952936254873396:3.8684000038808857] [-3.5047170229617404:3.5725487147192783] [-2.8572972217334995:3.7710454524579324] [-1.6170065628384902:2.4885428443683839] [-1.2526594422723294:2.9968137351584554] [-1.1752158958576375:3.7526207146698813] [4:804] [4:804] [0:1]
tree_sizes=3468 3622

Tree=0
num_leaves=32
num_cat=0
split_feature=32 12 38 12 10 40 16 38 1 16 30 27 16 26 29 25 33 36 26 39 16 12 32 24 36 36 25 16 20 31 16
split_gain=8.69112 8.46982 7.34491 7.01647 5.40488 3.78867 3.90479 8.48467 6.84116 6.2387 5.64761 7.52801 6.83653 5.5413 4.86496 5.41983 8.08563 3.89163 3.50224 2.99027 7.55826 5.28611 5.21679 6.57997 2.2211 1.94481 1.78745 1.65781 0.963555 0.555139 0.206507
threshold=1.0311078125202886 -0.10859453170659093 1.0000000180025095e-35 2.6217852618008841 -0.36836007820576061 106.50000000000001 -0.87576747689413625 -0.72147529509348129 -0.25269680180883419 -1.151464214424528 -0.79321235247874722 -0.34949367260512038 1.0541096858186068 -0.33402891391497469 0.14944528685046476 0.55662071445777783 1.0000000180025095e-35 -0.97517522782729038 1.0000000180025095e-35 1.0000000180025095e-35 -0.87576747689413625 -0.25807775548281481 -0.24195037881278045 0.70415502900316329 0.39550057208266615 0.76374183175996813 -1.0000000180025095e-35 1.0541096858186068 -0.1945631434520283 -1.0000000180025095e-35 -0.32437400183335258
decision_type=2 2 2 2 2 2 2 2 2 2 2 2 2 2 2 2 2 2 2 2 2 2 2 2 2 2 2 2 2 2 2
left_child=2 4 5 19 -2 -1 7 9 -9 -7 13 18 14 -8 15 16 -13 -14 -12 20 -4 -21 27 24 -24 -6 -16 30 -10 -19 -22
right_child=1 -3 3 -5 25 6 10 8 28 -11 11 12 17 -15 26 -17 -18 29 -20 21 22 -23 23 -25 -26 -27 -28 -29 -30 -31 -32
leaf_value=0.074255376910673465 0.088695429352935923 0.080994651036341653 0.059062294166247802 0.11224472198546434 0.10536087603952038 0.12299166432422512 0.12982733946236341 0.097337158011964783 0.08045519000756618 0.084910575186479167 0.067610354756531987 0.082744330731108179 0.092183956078058613 0.095929087926416565 0.093753007200152616 0.06939230957192305 0.11839736744394691 0.10632186587080021 0.092183956078058613 0.10922516595284448 0.079416554913850732 0.076586790027317969 0.1159229551296217 0.07088826948513198 0.092183956078058613 0.12897227058185148 0.11920047546933954 0.088788176906170427 0.057372154477830548 0.12927990185864496 0.061644964868331653
leaf_weight=6.7356802225112906 5.2388623952865627 7.9830284118652335 14.968178272247313 4.9893927574157706 8.7314373254776019 6.4862105846405029 7.7335587739944485 7.7335587739944449 5.7378016710281363 6.2367409467697126 9.7293158769607562 14.96817827224732 5.2388623952865627 9.7293158769607526 4.9893927574157715 9.2303766012191755 7.2346194982528678 5.4883320331573495 8.9809069633483869 6.7356802225112906 6.4862105846404994 8.2324980497360212 7.4840891361236626 5.2388623952865592 5.7378016710281372 11.725072979927061 5.4883320331573469 6.2367409467697135 8.4819676876068133 7.4840891361236546 6.2367409467697161
leaf_count=27 21 32 60 20 35 26 31 31 23 25 39 60 21 39 20 37 29 22 36 27 26 33 30 21 23 47 22 25 34 30 25
internal_value=0.092184 0.105992 0.0898879 0.0822395 0.114167 0.0939269 0.0951754 0.0867927 0.075777 0.105104 0.0982918 0.0946198 0.0998516 0.113048 0.0928274 0.08699 0.0950322 0.114433 0.078784 0.0795412 0.0762421 0.0918528 0.0842798 0.0953338 0.10661 0.120756 0.109298 0.0737815 0.0642967 0.122454 0.0679811
internal_weight=243.732 33.6784 210.053 72.3462 25.6954 137.707 130.972 34.6763 21.9533 12.723 96.2953 78.8324 60.1222 17.4629 41.9109 31.4332 22.2028 18.2113 18.7102 67.3568 52.3886 14.9682 37.4204 18.4608 13.2219 20.4565 10.4777 18.9597 14.2198 12.9724 12.723
internal_count=977 135 842 290 103 552 525 139 88 51 386 316 241 70 168 126 89 73 75 270 210 60 150 74 53 82 42 76 57 52 51
is_linear=0
shrinkage=1


Tree=1
num_leaves=33
num_cat=0
split_feature=35 35 30 32 30 1 41 16 30 27 12 22 40 40 41 39 30 20 13 39 24 32 17 12 40 15 35 34 23 41 29 34
split_gain=9.83418 13.2181 13.2172 7.27011 6.05863 5.49722 5.01331 4.75542 5.36745 4.75901 7.65014 4.96269 5.74809 4.35868 3.97285 3.94296 3.5668 3.5552 3.47023 6.0526 3.15992 3.0667 2.13141 2.07204 1.56948 1.43812 1.43564 1.35111 1.14197 1.04539 1.02495 0.620515
threshold=-0.51518235790682709 1.1931231649816947 -0.92579819666990504 0.18240235163157595 1.0000000180025095e-35 1.5159188007841393 708.50000000000011 -1.151464214424528 0.53264608943283098 0.41598039428357098 -0.33648780471604561 0.17042320449474954 551.00000000000011 708.50000000000011 453.50000000000006 -0.68243223480488557 1.328161154579778 -1.3213455450681126 -0.65360130701230046 -1.0000000180025095e-35 -0.28197042113019 0.39457871685375406 1.0000000180025095e-35 -0.1959143346910211 353.00000000000006 0.58324289182669131 0.21694858047396789 0.46975379765071201 -0.90136549547167777 493.50000000000006 -0.27998011642831028 0.0032729458151977767
decision_type=2 2 2 2 2 2 2 2 2 2 2 2 2 2 2 2 2 2 2 2 2 2 2 2 2 2 2 2 2 2 2 2
left_child=2 4 3 15 17 16 7 8 -6 10 -9 29 -13 18 23 -1 21 -2 -4 31 26 -3 -19 -14 -17 -5 -12 -22 -24 -11 -30 -20
right_child=1 5 13 25 6 -7 -8 9 -10 11 20 12 14 -15 -16 24 -18 22 19 -21 27 -23 28 -25 -26 -27 -28 -29 30 -31 -32 -33
leaf_value=0.010449489864689115 -0.0016771809093350757 -0.039928176126322601 -0.039930386243586004 0.028223359333758666 0.0062725411301134413 0.010043605957147839 0.021221027278267988 0.01801236231352589 -0.030366721790988663 0.033656704785190332 0.0073582174137235773 0.021078833115128565 -0.0063788632444601503 0.00043517042869871538 -0.02559712542860498 -0.0011752160708094358 -0.00299232125779747 0.0033868492312400036 -0.032869796721981377 0.0061703154080690126 -0.033388931357905542 -0.0089582634601081002 0.0076439842617440591 0.01539392308955073 -0.024033236008990926 0.0053345572872888977 -0.011407303451401049 -0.0080686971403152417 0.0079723590295844304 0.0098662688973893981 0.027892999296004636 -0.01438383444402699
leaf_weight=6.2341049909591701 7.9826388061046591 8.2362952679395729 9.4815661907196027 7.9745286554098112 4.9891995936632139 5.4898584336042395 10.223970189690588 7.7310750186443356 7.23877914249897 6.2336725145578367 5.7374505698680913 8.4811358302831668 8.231390699744221 6.9829999655485144 5.2398374974727622 4.9890841543674487 8.2352540791034681 7.9823272973299018 7.9883518964052227 6.7358042448759106 5.9875946044921839 6.4862389415502539 6.9843661934137335 4.9884996265173003 7.2324941605329514 5.4854661524295807 5.7406120747327805 5.2369891256093979 5.2369967997074118 5.4880280643701553 23.188444629311565 9.2298386842012388
leaf_count=25 32 33 38 32 20 22 41 31 29 25 23 34 33 28 21 20 33 32 32 27 24 26 28 20 29 22 23 21 21 22 93 37
internal_value=0 0.00392086 -0.00915858 0.00502724 0.00767901 -0.0141989 0.00287609 0.000154794 -0.0159284 0.00336399 -0.00524302 0.0102313 0.00244994 -0.0202823 -0.0067492 -0.00684911 -0.0205017 0.0157998 -0.0246138 -0.0163196 -0.0140358 -0.0287437 0.0190972 0.0021609 -0.0162879 0.0207665 -0.00179851 -0.0243907 0.0221946 0.025355 0.025007 -0.0252277
internal_weight=243.705 171.371 72.3342 31.9157 142.923 28.4476 91.5482 81.3243 12.228 69.0963 30.4337 38.6626 26.9409 40.4186 18.4597 18.4557 22.9578 51.3748 33.4356 23.954 22.7026 14.7225 43.3921 13.2199 12.2216 13.46 11.4781 11.2246 35.4098 11.7217 28.4254 17.2182
internal_count=977 687 290 128 573 114 367 326 49 277 122 155 108 162 74 74 92 206 134 96 91 59 174 53 49 54 46 45 142 47 114 69
is_linear=0
shrinkage=0.03


end of trees

feature_importances:
Column_16=7
Column_12=5
Column_30=5
Column_32=4
Column_40=4
Column_35=3
Column_36=3
Column_39=3
Column_41=3
Column_1=2
Column_20=2
Column_24=2
Column_25=2
Column_26=2
Column_27=2
Column_29=2
Column_34=2
Column_38=2
Column_10=1
Column_13=1
Column_15=1
Column_17=1
Column_22=1
Column_23=1
Column_31=1
Column_33=1

parameters:
[boosting: gbdt]
[objective: binary]
[metric: binary_logloss]
[tree_learner: serial]
[device_type: cpu]
[data_sample_strategy: bagging]
[data: ]
[valid: ]
[num_iterations: 900]
[learning_rate: 0.03]
[num_leaves: 96]
[num_threads: 2]
[seed: 42]
[deterministic: 0]
[force_col_wise: 1]
[force_row_wise: 0]
[histogram_pool_size: -1]
[max_depth: 10]
[min_data_in_leaf: 20]
[min_sum_hessian_in_leaf: 0.001]
[bagging_fraction: 0.85]
[pos_bagging_fraction: 1]
[neg_bagging_fraction: 1]
[bagging_freq: 0]
[bagging_seed: 400]
[bagging_by_query: 0]
[feature_fraction: 0.8]
[feature_fraction_bynode: 1]
[feature_fraction_seed: 30056]
[extra_trees: 0]
[extra_seed: 12879]
[early_stopping_round: 0]
[early_stopping_min_delta: 0]
[first_metric_only: 0]
[max_delta_step: 0]
[lambda_l1: 0.2]
[lambda_l2: 1.5]
[linear_lambda: 0]
[min_gain_to_split: 0]
[drop_rate: 0.1]
[max_drop: 50]
[skip_drop: 0.5]
[xgboost_dart_mode: 0]
[uniform_drop: 0]
[drop_seed: 17869]
[top_rate: 0.2]
[other_rate: 0.1]
[min_data_per_group: 100]
[max_cat_threshold: 32]
[cat_l2: 10]
[cat_smooth: 10]
[max_cat_to_onehot: 4]
[top_k: 20]
[monotone_constraints: ]
[monotone_constraints_method: basic]
[monotone_penalty: 0]
[feature_contri: ]
[forcedsplits_filename: ]
[refit_decay_rate: 0.9]
[cegb_tradeoff: 1]
[cegb_penalty_split: 0]
[cegb_penalty_feature_lazy: ]
[cegb_penalty_feature_coupled: ]
[path_smooth: 0]
[interaction_constraints: ]
[verbosity: -1]
[saved_feature_importance_type: 0]
[use_quantized_grad: 0]
[num_grad_quant_bins: 4]
[quant_train_renew_leaf: 0]
[stochastic_rounding: 1]
[linear_tree: 0]
[max_bin: 255]
[max_bin_by_feature: ]
[min_data_in_bin: 3]
[bin_construct_sample_cnt: 200000]
[data_random_seed: 175]
[is_enable_sparse: 1]
[enable_bundle: 1]
[use_missing: 1]
[zero_as_missing: 0]
[feature_pre_filter: 1]
[pre_partition: 0]
[two_round: 0]
[header: 0]
[label_column: ]
[weight_column: ]
[group_column: ]
[ignore_column: ]
[categorical_feature: ]
[forcedbins_filename: ]
[precise_float_parser: 0]
[parser_config_file: ]
[objective_seed: 16083]
[num_class: 1]
[is_unbalance: 0]
[scale_pos_weight: 1]
[sigmoid: 1]
[boost_from_average: 1]
[reg_sqrt: 0]
[alpha: 0.9]
[fair_c: 1]
[poisson_max_delta_step: 0.7]
[tweedie_variance_power: 1.5]
[lambdarank_truncation_level: 30]
[lambdarank_norm: 1]
[label_gain: ]
[lambdarank_position_bias_regularization: 0]
[eval_at: ]
[multi_error_top_k: 1]
[auc_mu_weights: ]
[num_machines: 1]
[local_listen_port: 12400]
[time_out: 120]
[machine_list_filename: ]
[machines: ]
[gpu_platform_id: -1]
[gpu_device_id: -1]
[gpu_device_id_list: ]
[gpu_use_dp: 0]
[num_gpu: 1]

end of parameters

pandas_categorical:null
