tree
version=v4
num_class=1
num_tree_per_iteration=1
label_index=0
max_feature_idx=62
objective=binary sigmoid:1
feature_names=Column_0 Column_1 Column_2 Column_3 Column_4 Column_5 Column_6 Column_7 Column_8 Column_9 Column_10 Column_11 Column_12 Column_13 Column_14 Column_15 Column_16 Column_17 Column_18 Column_19 Column_20 Column_21 Column_22 Column_23 Column_24 Column_25 Column_26 Column_27 Column_28 Column_29 Column_30 Column_31 Column_32 Column_33 Column_34 Column_35 Column_36 Column_37 Column_38 Column_39 Column_40 Column_41 Column_42 Column_43 Column_44 Column_45 Column_46 Column_47 Column_48 Column_49 Column_50 Column_51 Column_52 Column_53 Column_54 Column_55 Column_56 Column_57 Column_58 Column_59 Column_60 Column_61 Column_62
feature_infos=[-0.93988782138241123:9.0132030365645797] [-0.91437845167345955:8.3561875320537506] [-1.0089428874624948:8.0826768132311599] [-0.94060910138197762:8.5219635883636258] [-0.99415250355374019:8.258217001145745] [-1.0156391444753683:7.9060599685600943] [-2.0027057135209643:5.1503655522905225] [-1.2192230342588561:6.3690378716897413] [-2.291135531830963:4.4429830557017969] [-2.7363707554302454:3.2273818877009921] [-4.9910791533768899:1.5710757496606413] [-2.2256322750475035:3.9793380186286256] [-1.4989374532261537:2.6715962855716371] [-2.7287977257549079:3.3461518479176657] [-2.2097238836119559:4.064426568814854] [-2.7287977257549079:3.3461518479176657] [-4.9584603080004817:1.6846114468250071] [-2.2097238836119559:4.064426568814854] [-5.2288247688422382:0.68813053334495833] [-1.7346325564557832:1.6505902814336784] [-1.5354642568759731:1.3404805475567549] [-3.1185603204455785:1.0326495178739163] [-2.0471252158782263:0.4884899039119015] [-1.9782590815293224:2.4708908796097728] [-2.0694175766408698:4.2627109547397328] [-2.2906437337075345:3.6733324675588137] [-3.1845746114018807:3.337935093858611] [-1.9809165204337338:2.3196263877948224] [-1.9945637889727885:4.9184316343566188] [-2.1419403702570499:5.9295110118813605] [-4.8714331721887616:3.8965370462760416] [-2.4558232477128112:3.0308544452330999] [-2.3780551382843278:4.7473029307106849] [-2.5088838483783591:4.5689708868769996] [-3.6432780150753583:3.6886769441517346] [-2.4207805570420571:2.8959503001932996] [-2.4869325707773249:3.9027104868388345] [-2.447967694228756:7.7574563314203431] [-5.9596058491962367:3.7494195846897687] [-2.9114057900882995:3.3066911248332684] [-2.8813140040597158:3.2299940783486796] [-2.1449539924431509:2.0903709674715025] [-2.9741544701995157:4.7151651232818299] [-1.8963714380770231:2.8536636184536377] [-5.097136617317922:3.8165824685966605] [-3.0756399815067206:3.622162141065528] [-2.6712078267711554:3.5367157776072458] [-3.591956598489054:3.456553503038887] [-3.088524352838085:2.3509338284701724] [-1.1803507954016825:3.9124068216060972] [-1.1672470556430194:3.8790114510896663] [-7.8896219304575546:7.0058752198442109] [-6.4802327529961419:5.0623859343947402] [-6.8060397510525217:7.1398470613237617] [-2.3239771073211291:2.8897663538028366] [-2.2994414130868268:2.7210642777484937] [-1.3245510037450885:2.6954093964095356] [-1.2132639441642767:3.6465482745048825] [-1.3562220415632671:2.641774433419783] [-2.3210303535251944:2.3666502842603463] [7:701] [7:701] [0:1]
tree_sizes=3975 3945 3919 3939 4131 4061 4103 3939 3828 4044 3578 3602 4053 3850 3749 3838 4028

Tree=0
num_leaves=37
num_cat=0
split_feature=48 46 26 47 2 57 47 48 54 61 55 47 55 39 47 24 53 56 46 26 28 61 36 58 16 27 54 53 24 58 18 19 37 37 36 39
split_gain=15.3801 9.52657 8.48716 8.5003 8.34741 8.96401 8.8599 6.08301 8.67795 8.0244 5.86169 6.00333 5.7578 5.75613 5.16635 3.90008 3.63739 3.62968 5.16678 3.49154 3.48183 3.16238 3.15723 4.51482 2.95784 6.32753 2.80034 2.75443 2.37251 2.07362 1.93683 2.46504 1.54303 0.778694 0.540975 0.472243
threshold=0.3675380033170032 0.7848915611899 -0.73863347192919593 -0.18264831893287234 1.0000000180025095e-35 -0.72728272229736068 0.4798338613828253 0.25401719649471516 0.67396497091057095 231.50000000000003 -0.077011898076443014 -0.63616287678135397 -0.73071221204792591 -0.92804729136331643 -0.2665435956756374 0.30513062262685636 -1.2757742909722711 1.0000000180025095e-35 -0.87814790112287733 0.17859445537306054 1.0000000180025095e-35 313.00000000000006 1.1777156534437079 1.4423754909248683 0.16314575740486945 0.16935493368054427 -0.65338072063221664 -1.0000000180025095e-35 -0.96129508364926408 1.0000000180025095e-35 0.47833252916735181 -1.3114797017196003 0.42230781298505332 -0.21553118861801551 -0.13779909371256041 0.57287265361775186
decision_type=2 2 2 2 2 2 2 2 2 2 2 2 2 2 2 2 2 2 2 2 2 2 2 2 2 2 2 2 2 2 2 2 2 2 2 2
left_child=1 2 10 13 5 35 32 8 9 19 26 -12 16 -4 22 -14 -6 -8 -19 -5 -15 -18 24 -24 -3 -26 29 -17 -13 -1 31 -22 -7 -9 -29 -2
right_child=4 14 3 7 12 6 17 33 -10 -11 11 28 15 20 -16 27 21 18 -20 -21 30 -23 23 -25 25 -27 -28 34 -30 -31 -32 -33 -34 -35 -36 -37
leaf_value=0.033138456197932882 0.029138453074646978 -0.010062661030731789 0.00096320362932070247 0.022368626530554585 0.024094127907379397 0.024094127907379401 -0.034812342061773888 -0.029444373710828343 0.034384224940550275 -0.022865561343069486 0.011269786686864123 -0.004812318257149284 0.040075789683206194 -0.042066902685187951 -0.01280613956318848 0.026734480704468048 0.010300991565085417 0.010300991565085415 -0.023562333135039661 -0.0063674333344371972 -0.0052615737379281616 -0.01606232718388351 0.035008433076876046 0.0029653017386351375 -0.0092615768612140815 0.027474164545269568 -0.001261570614642246 0.010247963681544721 -0.03405976178610659 0.0079364506382057966 -0.001261570614642246 -0.034063583535152736 0.0019860979716293243 -0.0075784059441759803 -0.0017520452591589658 0.010247963681544717
leaf_weight=5.9999939203262347 5.9999939203262311 6.7499931603670147 7.74999214708805 7.7499921470880562 4.9999949336051968 4.9999949336051959 6.4999934136867532 4.9999949336051941 5.2499946802854529 9.7499901205301267 7.4999924004077938 6.4999934136867532 12.499987334012983 11.999987840652468 7.2499926537275305 9.7499901205301285 6.7499931603670102 6.7499931603670129 6.4999934136867514 4.9999949336051941 5.9999939203262347 6.4999934136867523 8.7499911338090879 7.2499926537275305 5.999993920326232 8.2499916404485685 5.999993920326232 4.9999949336051923 4.9999949336051914 7.4999924004077911 5.999993920326232 7.4999924004077911 4.9999949336051941 5.7499941736459714 4.9999949336051959 4.9999949336051941
leaf_count=24 24 27 31 31 20 20 26 20 21 39 30 26 50 48 29 39 27 27 26 20 24 26 35 29 24 33 24 20 20 30 24 30 20 23 20 20
internal_value=0.0019861 -0.00359146 -0.00808547 -0.0137064 0.011728 0.00171561 -0.00699863 -0.00317126 0.00428855 -0.00406977 0.00327875 -0.00802035 0.0196975 -0.0233228 0.00802684 0.0270847 0.00542471 -0.0182575 -0.0068132 0.0109854 -0.0287981 -0.0027454 0.0126821 0.0221602 0.00433049 0.0120274 0.0145022 0.0164719 -0.020682 0.0215325 -0.0177835 -0.0236675 0.014456 -0.0208417 0.00402125 0.0230537
internal_weight=251.75 160.5 116.25 77.7499 91.2499 40.75 29.75 38.5 27.75 22.5 38.5 19 50.4999 39.25 44.25 32.25 18.25 19.75 13.25 12.75 31.5 13.25 37 16 21 14.25 19.5 19.75 11.5 13.5 19.5 13.5 9.99999 10.75 9.99999 11
internal_count=1007 642 465 311 365 163 119 154 111 90 154 76 202 157 177 129 73 79 53 51 126 53 148 64 84 57 78 79 46 54 78 54 40 43 40 44
is_linear=0
shrinkage=1


Tree=1
num_leaves=36
num_cat=0
split_feature=48 51 47 54 55 26 32 31 26 54 27 33 54 31 37 47 48 55 38 56 21 53 34 14 46 32 54 46 33 42 29 53 41 46 46
split_gain=14.6297 9.69657 10.2707 7.94712 6.2897 6.20056 8.37276 7.64866 6.54004 5.99166 5.15692 5.11087 5.29249 4.87096 5.8261 4.47108 4.56334 4.4402 6.04672 4.37614 4.25986 4.62042 4.20904 4.04913 3.92009 3.60705 3.52828 3.08966 2.79732 2.39452 2.2343 1.87157 0.813559 0.595447 0.500505
threshold=0.3675380033170032 -0.14980478373212724 -0.93155526443318737 0.48402727034216148 -1.1999259443614467 -0.33097661535041534 0.29395413758880123 -0.43388091271978085 -0.84054768607389108 -1.2959914518099871 1.0000000180025095e-35 -0.47131960641090725 2.1431613392882127 0.37896022697590964 1.4853728156568347 0.45295019891729943 0.73825848434256891 -0.055411008051974915 -0.44583831884122144 0.68542919633222354 0.68671536468062522 1.0000000180025095e-35 -0.41224701609392783 0.04232423497787479 0.89075620859891302 -0.2998257014941163 -1.607673405040847 -0.017444760576073089 0.33893985823112038 0.41046056453799945 -0.36622106618659972 -1.0000000180025095e-35 1.0550693106034765 -0.18870557303049112 0.79933667180918633
decision_type=2 2 2 2 2 2 2 2 2 2 2 2 2 2 2 2 2 2 2 2 2 2 2 2 2 2 2 2 2 2 2 2 2 2 2
left_child=1 17 20 13 -4 7 10 9 -9 26 -7 12 31 14 15 -2 -17 18 -1 -13 21 -3 -18 30 -23 28 -6 -8 -11 -29 -12 32 -5 -33 -19
right_child=3 2 4 11 5 6 27 8 -10 25 23 19 -14 -15 -16 16 22 34 -20 -21 -22 24 -24 -25 -26 -27 -28 29 -30 -31 -32 33 -34 -35 -36
leaf_value=-0.026503822348329462 0.02623583402739442 -0.013336831787661393 0.017135613892937253 0.04563233210863564 -0.0082794994713467195 -0.03843270138985419 0.013249404348005516 -0.0033297391302637312 0.03834427752086788 -0.0087451577341368485 -0.011893314736685536 -0.016519471072012574 -0.0014185319955951092 -0.019464268478279641 -0.017912475630311373 -0.01670000724189406 -0.0078785538881807528 -0.037291075106790902 0.012656142080562519 0.016183855415871473 0.028499730383300864 -0.0031096302961083296 0.021928242114504053 -0.025345031958569582 0.026560907800112728 0.0012465974890839542 0.0215009748756862 0.0039110338942165996 -0.037312928893939987 -0.021953013295914921 0.012076513146123211 0.020359924138094353 0.022309677967736006 0.003506338034320509 -0.015379428449107982
leaf_weight=4.9992166012525558 9.4986939430236834 6.9992999881505993 7.7490600645542136 7.4987959414720562 4.9996733963489532 12.997802421450613 8.2488015890121478 5.499532088637352 5.7493020445108396 7.9988386780023557 5.4994022250175449 5.4991239905357343 5.7495525330305091 7.4988089650869361 6.4992879778146735 6.2490463852882412 5.4988326281309137 9.4985866844654065 6.2492879927158373 6.2490009367465973 9.2490628361701983 5.9993522316217405 9.7483770400285685 9.998417988419531 7.7489509880542755 6.2489851564168992 6.4991226494312233 4.9992414414882642 6.7493176609277725 4.9991265535354614 5.4993229955434844 5.4994491934776306 10.748185768723486 4.9994408190250414 5.9994122684001914
leaf_count=20 38 28 31 30 20 52 33 22 23 32 22 22 23 30 26 25 22 38 25 25 37 24 39 40 31 25 26 20 27 20 22 22 43 20 24
internal_value=0 -0.00544297 -0.00199644 0.00949911 -0.00651219 -0.00871712 -0.0155451 -0.000185163 0.0195047 -0.0077374 -0.0240411 0.0180274 0.0236392 0.000305959 0.00501049 0.0106068 0.00217893 -0.0214421 -0.00534792 0.000285843 0.012996 0.00435942 0.0110775 -0.012897 0.0141878 -0.016945 0.00862964 0.000603082 -0.0244259 -0.00967587 0 0.0286712 0.0349364 0.0142761 -0.0312676
internal_weight=251.716 160.479 133.733 91.2366 103.736 95.9869 52.2421 43.7448 11.2488 32.4959 33.9949 46.2435 34.4954 44.993 37.4942 30.9949 21.4963 26.7465 11.2485 11.7481 29.9967 20.7476 15.2472 20.9971 13.7483 20.9971 11.4988 18.2472 14.7482 9.99837 10.9987 28.7459 18.247 10.4989 15.498
internal_count=1007 642 535 365 415 384 209 175 45 130 136 185 138 180 150 124 86 107 45 47 120 83 61 84 55 84 46 73 59 40 44 115 73 42 62
is_linear=0
shrinkage=0.03


Tree=2
num_leaves=36
num_cat=0
split_feature=48 51 47 2 48 19 55 26 32 45 30 27 42 26 20 60 56 30 16 21 53 61 19 29 44 24 55 3 59 55 40 19 35 55 55
split_gain=13.883 9.2309 9.738 7.81101 7.87526 7.05151 5.97568 5.88078 7.93636 5.86505 5.60398 4.87669 4.78941 6.14757 6.26271 5.24098 4.60143 5.15178 4.23039 4.04585 4.39124 3.65846 3.60289 3.60198 2.56778 2.55017 2.3753 2.20068 1.74103 1.69512 1.63792 1.51919 1.39356 1.27297 0.413781
threshold=0.3675380033170032 -0.14980478373212724 -0.93155526443318737 1.0000000180025095e-35 0.5494910339570942 -0.82787643916396314 -1.1999259443614467 -0.33097661535041534 0.29395413758880123 0.18105278332809013 -1.0719794108540135 1.0000000180025095e-35 -0.50962895946831543 -1.5029900780144094 0.16395767301609346 366.00000000000006 1.0000000180025095e-35 -0.29260428032380886 0.47615673763672167 0.68671536468062522 1.0000000180025095e-35 543.50000000000011 1.2274374266974959 -0.36622106618659972 -0.20546150919406581 0.93834347576491683 0.07961651584930142 -0.83264686263991361 -1.1491101940788089 -0.036300104475831617 -1.2481196027264374 0.62293334850294912 -0.7371491189175271 0.36791584016807849 -0.76918737899890754
decision_type=2 2 2 2 2 2 2 2 2 2 2 2 2 2 2 2 2 2 2 2 2 2 2 2 2 2 2 2 2 2 2 2 2 2 2
left_child=1 9 19 4 24 16 -4 12 11 29 30 -9 13 -8 -15 26 -6 -18 23 20 -3 22 27 -13 -2 31 -14 -12 -22 -1 -5 -10 -29 -34 -7
right_child=3 2 6 10 5 34 7 8 25 -11 21 18 15 14 -16 -17 17 -19 -20 -21 28 -23 -24 -25 -26 -27 -28 32 -30 -31 -32 -33 33 -35 -36
leaf_value=-0.013207750194342607 0.0037693469288104125 -0.013008043340455565 0.016706221498273246 0.008028808122709518 -0.017344489149679794 -0.012681068152827331 0.014044035040052022 -0.037422944717059391 -0.01543258953874639 -0.0005624902712290464 0.0077321632400439667 -0.015251677771168424 0.010299607712101087 0.0026067720845604071 -0.0303119556549497 0.030705133782024465 0.027068056871137787 -0.0079264541977663965 -0.029739484436235256 0.027772255833252969 0 0.0005130099122555114 0.0039271278090291396 0.012116788241153311 0.031564721037195195 0.014169619899511758 -0.013364401196852284 0.014575656189787 0.020908864995652542 -0.0383876814916011 -0.0131228674014757 0.0038924300694026478 0.046420802248272761 0.016752121840462285 -0.035444390758150215
leaf_weight=6.9971473664045378 7.2471616864204407 6.9988453686237362 7.7483453303575507 4.9983083009719849 5.7473641484975841 4.9991557449102402 6.4982085078954723 12.988647505640982 6.7485726326704043 9.248226732015608 4.998487025499343 7.4973124116659147 6.4982503205537814 7.9985478222370174 10.996404379606245 5.9976495057344428 6.9985708743333825 5.4990350306034061 6.7481816411018363 9.2459254264831561 4.99874119460583 6.7478191405534735 6.7468623816967002 6.7485205680131948 5.2477597594261152 6.498610019683837 5.7479378432035446 5.997748240828515 8.7466687560081429 10.493332788348198 4.9988394528627378 4.9986486881971359 10.993378132581713 4.9980478882789621 4.9983243495225924
leaf_count=28 29 28 31 20 23 20 26 52 27 37 20 30 26 32 44 24 28 22 27 37 20 27 27 27 21 26 23 24 35 42 20 20 44 20 20
internal_value=0 -0.00530418 -0.00194005 0.00925318 -0.000424333 -0.0092758 -0.00633865 -0.00848935 -0.01514 -0.020917 0.0169653 -0.0234138 -0.000176227 -0.00850967 -0.0169812 0.0109265 0.00186683 0.0120422 -0.0125622 0.0126583 0.00423359 0.0217939 0.0256773 -0.00198646 0.0180038 0.000574094 -0.000617299 0.0304111 0.0138223 -0.0304692 -0.00235795 -0.0072469 0.0344879 0.0397228 -0.0277231
internal_weight=251.66 160.443 133.704 91.2169 40.7374 28.2425 103.714 95.9655 52.2285 26.7387 50.4795 33.9827 43.737 25.4932 18.995 18.2438 18.245 12.4976 20.994 29.9902 20.7443 40.4823 33.7345 14.2458 12.4949 18.2458 12.2462 26.9877 13.7454 17.4905 9.99715 11.7472 21.9892 15.9914 9.99748
internal_count=1007 642 535 365 163 113 415 384 209 107 202 136 175 102 76 73 73 50 84 120 83 162 135 57 50 73 49 108 55 70 40 47 88 64 40
is_linear=0
shrinkage=0.03


Tree=3
num_leaves=36
num_cat=0
split_feature=48 46 40 47 26 35 2 49 34 61 41 44 55 32 35 32 46 30 34 28 55 26 55 55 55 58 57 13 43 33 41 26 45 45 18
split_gain=13.299 6.85755 6.86314 6.36539 8.71551 6.72009 5.99625 5.59113 5.57134 6.08922 9.1887 6.62478 7.62961 5.02659 4.9819 4.88107 4.82202 4.81017 4.76533 4.59771 4.20936 3.85779 3.85663 4.4548 3.65176 3.43089 3.16407 2.65847 2.53553 1.84379 1.6463 1.62969 1.50778 1.2886 0.729707
threshold=0.73825848434256891 0.7848915611899 -0.93201746053289991 -0.17253336879260406 -0.73863347192919593 1.0350945001609251 1.0000000180025095e-35 -0.36187189266828917 1.1411332718779144 231.50000000000003 -0.59200150714111122 -0.20546150919406581 -0.046661948189618552 -0.69567892754939464 -0.9143734808253724 -0.2998257014941163 -0.074292936558786687 -0.19518238900753312 -1.220004765839285 1.0000000180025095e-35 -0.73071221204792591 0.79007974024123173 0.87920005058546258 1.4658197132461221 -0.15933661063171753 1.4423754909248683 -1.0000000180025095e-35 -0.33172025912266523 -1.0000000180025095e-35 -0.47131960641090725 -0.35670567603474174 -0.1271481870610251 2.2212311299859651 0.64811057122127969 0.58000588928876773
decision_type=2 2 2 2 2 2 2 2 2 2 2 2 2 2 2 2 2 2 2 2 2 2 2 2 2 2 2 2 2 2 2 2 2 2 2
left_child=1 2 13 4 15 8 17 27 9 11 -11 14 -13 -1 -5 16 18 26 -4 -9 29 -22 34 -24 -16 33 -2 30 -12 -8 -3 -15 -23 -21 -6
right_child=6 7 3 5 22 -7 20 19 -10 10 28 12 -14 31 24 -17 -18 -19 -20 25 21 32 23 -25 -26 -27 -28 -29 -30 -31 -32 -33 -34 -35 -36
leaf_value=0.029936379165293743 0.019591304011767917 -0.026151771996588375 0.021974236853703286 0.0092086005660240531 -0.035516652699031322 0.026331152589558645 0.014299786355952438 -0.0059162555052028427 0.019728916456666353 0.0061930118316474627 -0.015561633786250235 0.028771512214812899 -0.010002826112710656 -0.012062622840982975 -0.033018821210691572 0.019028112776602404 -0.025686501821364258 -0.021326338439186417 -0.013309331704046258 0.034342117376064712 0.038831767687391106 0 0.0049717464386952173 -0.027133704044770592 -0.0011136432281387281 0.0019787973578544856 -0.0071639262222416254 0.007960713601833428 -0.044808164104669292 -0.0046659279672885291 -0.0016555157559030968 0.0086766351772748582 0.01940499138955569 0.0098584436536651426 -0.016040132232538723
leaf_weight=5.7468005567789104 7.7456806153059015 4.9976958036422721 4.9983153641223943 5.7464900314807883 18.227075740695003 4.9964852333068839 7.9958019852638245 6.9953519105911282 5.4952805638313285 7.4933958053588894 8.7438868284225464 9.4929105341434461 6.4947710484266272 5.4981235116720208 7.7445298880338642 5.9972762018442145 7.4967546314001092 5.7472050935029975 5.7475842833518982 9.7417557686567324 11.232046470046045 4.9972546398639661 7.7446511685848218 5.2457127571105957 5.747217640280728 7.4962210208177558 5.4965682923793802 4.9970482885837546 7.2425605356693241 7.2478046119213086 5.2459917962551108 4.9955111742019627 7.7451482713222504 5.2457931488752356 7.7414274066686621
leaf_count=23 31 20 20 23 73 20 32 28 22 30 35 38 26 22 31 24 30 23 23 39 45 20 31 21 23 30 22 20 29 29 21 20 31 21 31
internal_value=0 -0.00379295 -0.00689917 -0.00919148 -0.0159825 -0.00269679 0.01239 0.00629029 -0.00559681 -0.00849961 -0.0198341 -0.000279691 0.01317 0.0106472 -0.0118903 -0.00140253 -0.00935842 -0.00114909 0.00329376 0.0137547 0.0188938 0.0264715 -0.0245174 -0.00904561 -0.0212993 0.0201124 0.00847985 -0.00772805 -0.0318618 0.00531375 -0.0159315 -0.00183902 0.0122128 0.027813 -0.031122
internal_weight=251.564 193.357 148.637 132.396 63.1988 69.1975 58.2075 44.7199 64.201 58.7058 23.4798 35.2259 15.9877 16.2404 19.2382 24.2399 18.2427 18.9895 10.7459 29.4791 39.2181 23.9744 38.9589 12.9904 13.4917 22.4838 13.2422 15.2407 15.9864 15.2436 10.2437 10.4936 12.7424 14.9875 25.9685
internal_count=1007 774 595 530 253 277 233 179 257 235 94 141 64 65 77 97 73 76 43 118 157 96 156 52 54 90 53 61 64 61 41 42 51 60 104
is_linear=0
shrinkage=0.03


Tree=4
num_leaves=38
num_cat=0
split_feature=18 40 19 31 60 28 46 21 46 47 37 23 45 46 44 40 46 60 57 46 29 36 43 37 21 59 31 42 58 43 55 40 55 6 41 46 32
split_gain=12.6172 6.33816 5.75972 4.93345 7.64101 6.3624 6.44151 7.11754 9.35192 5.67032 6.18396 5.07672 5.03814 4.92625 4.94952 11.6823 4.91628 3.91872 3.66492 3.44579 3.35367 3.3332 5.23741 4.8108 3.87905 4.40055 3.21542 2.99254 2.752 2.54529 2.43051 2.28358 2.1574 1.62128 0.825028 0.318455 0.0432893
threshold=-0.38194130662592002 -1.1427522219952582 1.3483382423364054 0.92762799627050063 376.50000000000006 0.25967384906940988 -0.96186367864776523 -0.69702124809253974 0.42824895089733345 -0.49914867392623191 0.42230781298505332 1.0000000180025095e-35 -0.45672550066568046 -0.19833340282705922 -0.20546150919406581 1.0000000180025095e-35 -1.0438861231816496 231.50000000000003 -1.0000000180025095e-35 0.39799547885770065 -0.68907912147213601 -1.0774524845384661 0.043226210006330062 0.84753381405376571 0.68671536468062522 0.25719399725685316 -0.53548605518174219 -0.11530487775132338 1.0000000180025095e-35 0.79531509395701827 0.51329813471544161 -1.6695891256511544 -0.37609439180497767 -0.064227987294030411 -0.35670567603474174 -0.68827168942309769 0.88773397667171905
decision_type=2 2 2 2 2 2 2 2 2 2 2 2 2 2 2 2 2 2 2 2 2 2 2 2 2 2 2 2 2 2 2 2 2 2 2 2 2
left_child=2 16 21 5 18 6 26 8 32 10 12 28 29 17 15 19 31 35 36 -15 -16 -1 23 -23 25 -24 -3 -19 -11 -7 -13 -2 -8 -22 -18 -9 -5
right_child=1 3 -4 4 -6 9 7 13 -10 11 -12 30 -14 14 20 -17 34 27 -20 -21 33 22 24 -25 -26 -27 -28 -29 -30 -31 -32 -33 -34 -35 -36 -37 -38
leaf_value=-0.0018377912396603921 0.0097079995233151049 -0.0065099089286080897 -0.0098260270490038628 0.033338628823812798 -0.015149757917806908 -0.018400658715180897 0.031804301295521246 -0.016698702186277854 -0.020410956945523244 -0.0054418488497357939 0.036505674787432045 0.017669763571802121 0.023921418509158725 0 -0.0030428500534212992 0.025569123748467707 0.0099279631307283688 0.0010234624394689926 0 -0.029647664873382246 -0.011292439153571306 0.04656387777964853 -0.019396122488575619 0.0096557629100192631 0.026429393188161794 0.014489353135727575 0.019963408020853324 -0.02466919810446638 -0.033427493149101484 0.0044557777507492884 -0.0048006523884601016 -0.014852532592233181 0.0031443940841505732 -0.036331399008157794 0.033002431732830018 -0.040074660039541077 0.013848933999463013
leaf_weight=5.2466647773981085 5.2454039752483368 6.4955133199691772 6.2450791895389548 5.7423422336578405 7.9925901591777793 6.7420094609260595 5.2435222715139398 4.9946996867656734 7.2401673048734656 7.9934452772140521 5.2455462068319312 5.7441958338022223 5.4921179562807092 5.9938369691371935 8.7379394024610502 8.2424662262201291 5.2457398027181625 7.2407315522432327 6.4907556176185617 6.743439182639122 6.7383382469415656 9.4795117080211657 5.2472074627876264 6.4957159906625739 5.2410359382629386 5.4904152899980545 6.9910702556371671 6.4920376837253553 5.7455006092786789 7.738415315747261 8.9911694973707181 5.2465699613094348 4.9946807473897943 8.2372707128524798 5.4959262758493406 13.227707549929621 5.2451239377260208
leaf_count=21 21 26 25 23 32 27 21 20 29 32 21 23 22 24 35 33 21 29 26 27 27 38 21 26 21 22 28 26 23 31 36 21 20 33 22 53 21
internal_value=0 -0.00308788 0.0144292 -0.00489746 0.00696309 -0.00685404 -0.0110222 -0.0138051 0.00297706 0.0014639 0.0115659 -0.00741375 0.00264372 -0.0176924 -0.0104726 8.44367e-06 0.0118386 -0.0266886 0.0177894 -0.017062 -0.0194321 0.0188791 0.02239 0.0340169 0.00850056 -0.0019271 0.00743736 -0.0119618 -0.0196773 -0.00653888 0.00441251 -0.00239487 0.0205223 -0.027483 0.0248213 -0.035729 0.0272964
internal_weight=251.456 208.01 43.4456 186.777 25.4708 161.306 107.613 94.1268 17.4784 53.6924 25.2181 28.4743 19.9725 76.6485 44.6933 20.9797 21.2336 31.9552 17.4782 12.7373 23.7135 37.2006 31.9539 15.9752 15.9787 10.7376 13.4866 13.7328 13.7389 14.4804 14.7354 10.492 10.2382 14.9756 10.7417 18.2224 10.9875
internal_count=1007 833 174 748 102 646 431 377 70 215 101 114 80 307 179 84 85 128 70 51 95 149 128 64 64 43 54 55 55 58 59 42 41 60 43 73 44
is_linear=0
shrinkage=0.03


Tree=5
num_leaves=37
num_cat=0
split_feature=48 51 47 54 39 4 18 55 49 45 39 51 28 47 31 23 55 47 24 19 24 44 55 29 31 53 12 51 47 16 47 54 54 39 36 39
split_gain=12.045 8.56686 8.67466 7.02481 9.36724 6.77393 5.90913 5.40021 5.37236 4.79808 4.76082 4.57818 4.59142 5.6605 4.99194 5.47356 4.48979 4.08731 3.94766 3.68226 3.34852 3.16192 3.06002 5.35824 2.50882 2.26328 2.24569 2.00801 1.71967 1.63617 1.44465 1.26006 0.613942 0.574606 0.365145 0.341209
threshold=0.3675380033170032 -0.14980478373212724 -0.93155526443318737 0.48402727034216148 0.78728978861504717 -0.4426438023619757 0.51218159334002766 -1.1999259443614467 -0.72564029388313056 -0.041801553655266534 -1.2496729938592595 0.43433235941696158 -1.0000000180025095e-35 -0.54165222699612758 0.74473873983897032 -0.94012409059686675 -0.055411008051974915 -0.30568478407467048 1.2549499023339472 0.86473497978076785 1.8881627554720073 -0.64027707436063064 0.07961651584930142 -0.68907912147213601 -0.21542985642656423 1.0000000180025095e-35 -0.51525478443841555 1.0000000180025095e-35 0.57158978950197425 0.3545898263373497 -0.053074037495857172 -0.28449963129582834 -0.44944273379627125 -0.60642158886737307 1.0000000180025095e-35 0.89449835611369499
decision_type=2 2 2 2 2 2 2 2 2 2 2 2 2 2 2 2 2 2 2 2 2 2 2 2 2 2 2 2 2 2 2 2 2 2 2 2
left_child=1 6 19 4 5 -2 34 -4 -7 -5 -9 12 14 -14 15 -12 -8 -15 26 25 -20 28 -19 -24 -23 -3 -11 33 -10 30 -17 -31 -13 -27 -1 -28
right_child=3 2 7 9 -6 8 16 10 21 18 11 32 13 17 -16 29 -18 22 20 -21 -22 24 23 -25 -26 27 35 -29 -30 31 -32 -33 -34 -35 -36 -37
leaf_value=-0.014960742576316166 -0.016881620624662915 0.0015016543225929214 0.016055517601956528 -0.0033398605727316668 -0.030680603512726043 -0.0078784179120573866 0.012992513900205765 0.010778585484709124 0.017135500867293534 0.0089511987294516766 0.0052801436651130395 -0.011516769678486709 0.020272801615523486 -0.020389407006471013 0.010336907699750356 -0.022105142260701222 -0.020752549580476141 0.019133829006343129 -0.0075668115200245622 -0.0077913610722777395 0.018897526887995505 0.04163516145017896 0.014800960364635433 -0.0207050469904561 0.010109590466971345 0.035864369529789289 0.015561279911330411 0.0040468582488007382 -0.0035183307270736505 -0.01500480510156117 -0.0020753496748669113 -0.042139115401300983 -0.032972601322518086 0.012935995456543751 -0.036482782533868038 0.038196101705317384
leaf_weight=5.4885809421539333 7.7382865846157065 7.2417450547218385 7.7429260462522498 7.990619331598281 5.9944085180759421 7.7420552372932425 6.2439223527908325 9.4898016154766065 4.9967948645353335 6.4873097240924826 6.2406775504350582 5.4921534061431885 8.4905672520399076 9.4846565872430784 5.2433182150125495 6.9814622104167876 4.9912657737731916 5.2449408322572841 6.4919087737798673 5.4952569454908362 7.737671285867691 5.9881556183099756 5.2469431161880502 7.2433403283357594 5.9891682416200647 6.7384737581014695 4.9824248403310838 5.2407498806715003 6.4929007589817047 6.2354649901390076 6.9878088384866794 6.4824731647968274 6.9834322482347471 5.2382036894559816 9.9737808108329755 12.469167143106459
leaf_count=22 31 29 31 32 24 31 25 38 20 26 25 22 34 38 21 28 20 21 26 22 31 24 21 29 24 27 20 21 26 25 28 26 28 21 40 50
internal_value=0 -0.00492523 -0.00168367 0.0086427 0 0.0058327 -0.019975 -0.00584172 0.012164 0.0166671 -0.00789245 -0.0101615 -0.00690504 0.000710893 -0.0139387 -0.0182605 -0.00220627 -0.00592217 0.0209747 0.012098 0.00687214 0.0190927 0.00248952 -0.00537302 0.0291959 0.0169897 0.0282221 0.0225411 0.00594349 -0.0239663 -0.0136464 -0.032244 -0.0262063 0.0288375 -0.0311955 0.0337936
internal_weight=251.343 160.242 133.544 91.1009 44.9418 38.9474 26.6975 103.59 31.2091 46.1591 95.847 86.3572 73.8817 35.7104 38.1712 32.9279 11.2352 27.2199 38.1685 29.9544 14.2296 23.467 17.7352 12.4903 11.9773 24.4592 23.9389 17.2174 11.4897 26.6872 13.9693 12.7179 12.4756 11.9767 15.4624 17.4516
internal_count=1007 642 535 365 180 156 107 415 125 185 384 346 296 143 153 132 45 109 153 120 57 94 71 50 48 98 96 69 46 107 56 51 50 48 62 70
is_linear=0
shrinkage=0.03


Tree=6
num_leaves=38
num_cat=0
split_feature=18 40 19 46 31 60 28 46 21 46 48 37 25 45 46 44 40 60 57 46 29 30 56 31 26 42 25 46 55 55 9 55 37 55 41 38 46
split_gain=11.5126 5.86029 5.31513 4.61725 4.49317 7.27857 5.9351 6.04954 6.7553 8.74296 5.25056 5.93306 5.33874 4.73769 4.66117 4.60225 11.084 3.78118 3.44088 3.2421 3.1744 3.15166 5.001 3.03195 2.97636 2.85489 2.73396 2.71773 2.52043 2.02118 1.53434 1.28588 0.913916 1.05044 0.780158 0.491472 0.265456
threshold=-0.38194130662592002 -1.1427522219952582 1.3483382423364054 -1.0438861231816496 0.92762799627050063 376.50000000000006 0.25967384906940988 -0.96186367864776523 -0.69702124809253974 0.42824895089733345 -0.53234017563570946 0.42230781298505332 1.0000000180025095e-35 -0.45672550066568046 -0.19833340282705922 -0.20546150919406581 1.0000000180025095e-35 231.50000000000003 -1.0000000180025095e-35 0.39799547885770065 -0.68907912147213601 -1.0719794108540135 -0.92255496372962609 -0.53548605518174219 -0.12714818706102501 -0.11530487775132338 0.19434635015344409 -0.024600453419353189 0.07961651584930142 -0.37609439180497767 -0.113537115773287 0.74498421863356368 0.84753381405376571 0.29427658082491931 -0.35670567603474174 0.15348423880606268 -0.68827168942309769
decision_type=2 2 2 2 2 2 2 2 2 2 2 2 2 2 2 2 2 2 2 2 2 2 2 2 2 2 2 2 2 2 2 2 2 2 2 2 2
left_child=2 3 21 24 6 18 7 23 9 29 11 13 27 26 17 16 19 36 35 -16 -17 -1 -23 -3 -2 -19 -8 -12 -14 -9 -22 -30 33 -24 -5 -6 -10
right_child=1 4 -4 34 5 -7 10 8 14 -11 12 -13 28 -15 15 20 -18 25 -20 -21 30 22 32 -25 -26 -27 -28 -29 31 -31 -32 -33 -34 -35 -36 -37 -38
leaf_value=-0.0019924669524112636 -0.016072281044183158 -0.0062380933678021708 -0.0094709093175315336 0.0095296401045106751 0.033313769345320585 -0.014929810068945674 -0.017717644746859582 0.030954725254751927 -0.016273598021033602 -0.019574947882925811 0.021928030270235207 0.035640779055012055 0 0.023124459186808645 0 -0.0027707134339063455 0.024952857031888733 0.0012171368595107418 0 -0.028799034781583868 -0.035141167544649125 -0.00018224631812269469 0.038736864089215277 0.019466346600302734 0.012024549209072848 -0.023843870152513158 0.0059512740281010244 -0.0043784287699274241 -0.032181292526103585 0.0031186192676625115 -0.010807747501419772 -0.0075390470469289912 0.010416091085905611 0.017029285210545721 0.031954997829471379 0.011466718649955783 -0.0388875410138853
leaf_weight=5.2446268796920767 5.494241788983345 6.4934649914503098 6.2446563690900794 5.242529958486557 5.9855536073446309 7.9901519119739524 7.4808724820613897 5.2390684038400659 4.9903241693973568 7.2286050021648398 4.9954498708248138 5.2397374063730231 5.4951095134019878 5.4849969148635873 5.9919817596673983 8.7318637073039991 8.23762099444866 7.2391907870769501 6.4874098300933847 6.7355473041534424 8.2178246527910215 6.9878316819667843 10.443187400698667 6.9856559932231885 4.9937480092048663 6.4840734452009183 6.9878703504800797 6.2398332655429858 6.7365958243608457 4.9928464740514764 6.7302655428648022 4.9897646456956863 5.4912107884883872 8.972771689295767 5.4895856529474241 4.987681582570076 13.199919089674951
leaf_count=21 22 26 25 21 24 32 30 21 20 29 20 21 22 22 24 35 33 29 26 27 33 28 42 28 20 26 28 25 27 20 27 20 22 36 22 20 53
internal_value=0 -0.00294194 0.0138015 0.0114118 -0.00468413 0.00663391 -0.00655322 -0.0105822 -0.0132827 0.0030586 0.00147897 0.011206 -0.00706225 0.00246661 -0.0170737 -0.0100498 4.6538e-05 -0.0258278 0.0172186 -0.0165831 -0.0186973 0.0180856 0.021508 0.00729821 -0.00236312 -0.0114124 -0.00642544 0.00805197 -0.0170984 0.0200184 -0.0265348 -0.0241934 0.0274852 0.0309326 0.0240029 0.0264378 -0.0347007
internal_weight=251.204 207.819 43.3843 21.2201 186.599 25.4508 161.148 107.498 94.0191 17.4605 53.6502 25.1935 28.4568 19.9537 76.5586 44.6451 20.9652 31.9135 17.4606 12.7275 23.68 37.1396 31.895 13.4791 10.488 13.7233 14.4687 11.2353 17.2215 10.2319 14.9481 11.7264 24.9072 19.416 10.7321 10.9732 18.1902
internal_count=1007 833 174 85 748 102 646 431 377 70 215 101 114 80 307 179 84 128 70 51 95 149 128 54 42 55 58 45 69 41 60 47 100 78 43 44 73
is_linear=0
shrinkage=0.03


Tree=7
num_leaves=36
num_cat=0
split_feature=14 47 51 39 49 12 14 34 19 23 45 55 60 47 50 29 60 55 40 26 40 34 34 45 55 53 20 60 33 47 52 26 58 45 46
split_gain=10.9786 8.30117 5.79718 7.02975 6.15618 5.88478 5.70457 8.73294 5.49418 5.33323 5.14278 4.94274 4.60156 4.46597 4.68236 4.70061 4.01611 3.94437 3.83719 3.75937 3.43691 3.27375 7.37862 3.31352 3.19195 3.14648 3.60701 3.07713 2.6695 2.59463 2.512 2.13777 1.3997 1.19745 0.65608
threshold=-0.52332323673279724 0.41376285353788644 -0.14980478373212724 -1.2496729938592595 0.1837807091539729 -0.36198332292523744 -0.29980411872720419 -0.47438222761280141 1.1065366110585866 1.0000000180025095e-35 -1.1742627832864672 -0.73071221204792591 376.50000000000006 0.36845609405500473 0.36465284818654592 -0.68907912147213601 430.00000000000006 0.9269105408327557 -0.72128269907054132 0.79007974024123173 0.12165634677889223 0.14696988757593521 0.76832200276467211 -0.08069814943892191 -0.30980777622445593 -1.2757742909722711 0.42540720069179605 592.00000000000011 -0.47131960641090725 -0.10461068078993661 1.0000000180025095e-35 1.401565025109403 0.64277619592825808 0.18105278332809013 0.051882080674952924
decision_type=2 2 2 2 2 2 2 2 2 2 2 2 2 2 2 2 2 2 2 2 2 2 2 2 2 2 2 2 2 2 2 2 2 2 2
left_child=1 20 9 24 6 13 -5 10 12 33 -8 25 21 14 -6 -16 29 18 -12 34 -1 23 28 -9 -4 -3 -27 -14 -23 -11 -20 -21 -26 -2 -13
right_child=2 11 3 4 5 -7 7 8 -10 16 17 19 27 -15 15 -17 -18 -19 30 31 -22 22 -24 -25 32 26 -28 -29 -30 -31 -32 -33 -34 -35 -36
leaf_value=-0.020033931816735458 -0.029952523503193794 0.020488597846250994 -0.0007567760848493911 -0.020865654699327614 -0.01878849248357993 -0.032727352758705155 -0.031020356510712093 0.033704836925155662 -0.012387984887358773 -0.023045117247286129 0.0092448541562445124 0.040157894463126335 -0.012013624461574734 -0.025669089085444664 0.030372919820188148 -0.0019714346991832094 0.017901551640826307 0.01481661884824524 -0.026920527636210133 -0.0031351212641360601 0.008349879044373322 -0.020831201875042494 0.027421678843950338 0.0031011898350597374 0.0080022709523763155 -0.018471248255051736 0.010927109603798012 0.012017571123458096 0.0048286268130457782 0.0028356242254975956 -0.001865544328700933 0.018843369299498272 0.034114701199781716 -0.0085110813429880826 0.015188966630643464
leaf_weight=7.9808978885412198 12.701755285263063 4.9870321601629284 5.7425944060087231 8.7297642976045591 5.4771660268306794 9.2191381156444532 6.2348796874284735 13.970896035432817 7.7303334027528754 5.7175740301609048 5.7349093407392528 10.16454501450062 8.7307661622762698 5.7384486794471732 4.991058990359309 9.4724683463573403 4.9887826889753333 6.7334126383066168 8.2175698876380938 5.2374563068151465 4.986150935292244 4.9843679368495915 8.477237328886984 4.9874234944581977 4.9902446717023832 6.4905576258897764 5.4936704039573669 7.4831719994544974 6.7360873073339507 5.4873506873846063 6.9781424254178992 8.719578489661215 5.9895435571670532 5.739885836839675 4.9801742136478415
leaf_count=32 51 20 23 35 22 37 25 56 31 23 23 41 35 23 20 38 20 27 33 21 20 20 34 20 20 26 22 30 27 22 28 35 24 23 20
internal_value=0 0.0111703 -0.00346776 -0.000929214 -0.00320533 -0.0138518 0.000397452 0.00266062 0.00923447 -0.0143171 -0.00927939 0.0170692 0.0126059 -0.00542232 0.00151257 0.0106193 -0.00103749 -0.00283025 -0.00938595 0.0243221 -0.00897081 0.018001 0.00821675 0.0267648 0.0165708 0.00334223 -0.00483342 -0.000505403 -0.0067553 -0.01106 -0.0169755 0.0107038 0.0251158 -0.024722 0.0344164
internal_weight=251.025 59.0401 191.985 157.35 140.627 34.8983 105.729 96.9992 63.1003 34.6353 33.8989 46.073 55.37 25.6791 19.9407 14.4635 16.1937 27.664 20.9306 29.1018 12.967 39.156 20.1977 18.9583 16.7224 16.9713 11.9842 16.2139 11.7205 11.2049 15.1957 13.957 10.9798 18.4416 15.1447
internal_count=1007 237 770 631 564 140 424 389 253 139 136 185 222 103 80 58 65 111 84 117 52 157 81 76 67 68 48 65 47 45 61 56 44 74 61
is_linear=0
shrinkage=0.03


Tree=8
num_leaves=35
num_cat=0
split_feature=48 51 47 54 39 4 18 55 26 32 31 26 54 49 27 45 55 24 21 54 39 42 42 27 43 54 24 46 19 20 40 26 39 36
split_gain=10.5179 7.67827 7.76838 6.29849 8.78688 6.17969 5.50208 5.08609 5.38927 6.86722 6.73879 5.89432 5.21424 5.035 4.86689 4.42687 4.12895 3.68968 3.53621 4.2175 3.48438 3.46685 3.43532 5.27134 3.26032 3.15572 3.12896 2.97525 4.0254 2.69721 2.36832 2.16694 3.87169 0.458326
threshold=0.3675380033170032 -0.14980478373212724 -0.93155526443318737 0.48402727034216148 0.78728978861504717 -0.4426438023619757 0.51218159334002766 -1.1999259443614467 -0.33097661535041534 1.0000000180025095e-35 -0.43388091271978085 -0.84054768607389108 -1.2959914518099871 -0.72564029388313056 1.0000000180025095e-35 -0.041801553655266534 -0.055411008051974915 1.2549499023339472 0.68671536468062522 -0.22888891685443824 -0.5409052420626439 -0.9039530411853075 1.0000000180025095e-35 -0.69075364796516692 0.043226210006330062 -1.607673405040847 1.8881627554720073 -0.30335582569025737 0.62293334850294912 0.16395767301609346 -0.13365692191588802 0.79007974024123173 1.5377497611055813 1.0000000180025095e-35
decision_type=2 2 2 2 2 2 2 2 2 2 2 2 2 2 2 2 2 2 2 2 2 2 2 2 2 2 2 2 2 2 2 2 2 2
left_child=1 6 18 4 5 -2 33 -4 10 14 12 -12 25 -7 -10 -5 -8 31 19 21 -16 -3 23 -15 30 -9 -19 -11 -29 -22 -14 -17 -33 -1
right_child=3 2 7 15 -6 13 16 8 9 27 11 -13 24 22 20 17 -18 26 -20 -21 29 -23 -24 -25 -26 -27 -28 28 -30 -31 -32 32 -34 -35
leaf_value=-0.01376660708432585 -0.016129802003778837 -0.0036273816552891431 0.015778085485636299 -0.0034662874291741573 -0.029826021454694238 -0.0077575627973301472 0.012770373563725821 -0.0074397873312758373 -0.037423414995094439 0.014018673160920089 -0.0027800680527621988 0.036847441625024305 -0.033612439645602635 -0.0054477798015171407 0.0063079440389221001 0.036005716806554088 -0.019621681367117793 -0.0076440390575808932 0.025669361802246417 -0.014028025427282769 -0.033936810144602189 0.023872849831547829 0.032746053441377529 0.027545412284704477 0 0.02074676299909986 0.01792882206356107 -0.023965519754568437 0.0038944616053299616 -0.0045975353419690666 -0.0049144098839873467 -0.0014591022775330852 0.0299153162498276 -0.035007510564772193
leaf_weight=5.4715254008770016 7.7294549196958533 5.9873906373977688 7.7358259260654441 7.9832218289375296 5.9854263216257086 7.7361199110746375 6.2372127622365952 4.9901094734668732 11.66049984097481 6.4866678863763836 5.4863661676645279 5.7340719699859601 7.4713391661643946 9.4867919832468033 5.7395423203706768 12.145119041204454 4.9757242798805219 6.4867845773696882 9.2084457129240054 6.4853278547525397 4.9831127226352674 8.2227033376693708 8.2162981927394849 5.7177640944719359 8.2211129218339902 6.4851005673408455 7.7221463471651077 6.4806818664073971 9.7286139577627164 6.9704776704311371 5.2384632676839917 6.4740716069936735 5.2310223877429962 9.9359816014766675
leaf_count=22 31 24 31 32 24 31 25 20 47 26 22 23 30 38 23 49 20 26 37 26 20 33 33 23 33 26 31 26 39 28 21 26 21 40
internal_value=0 -0.00459936 -0.00152746 0.00809184 0 0.00556162 -0.018868 -0.00546874 -0.00746541 -0.0138446 0.000219677 0.0189565 -0.00664249 0.0116203 -0.0230703 0.0157007 -0.00175078 0.0198518 0.0115212 0.00364628 -0.011113 0.0126638 0.0183434 0.00795966 -0.0152736 0.00858406 0.00625701 -0.0009741 -0.00799195 -0.0196943 -0.0239739 0.0268648 0.0139132 -0.0297099
internal_weight=250.851 159.936 133.316 90.9142 44.8719 38.8864 26.6204 103.412 95.6762 52.0496 43.6266 11.2204 32.4061 31.157 29.3536 46.0424 11.2129 38.0591 29.9039 20.6954 17.6931 14.2101 23.4209 15.2046 20.9309 11.4752 14.2089 22.696 16.2093 11.9536 12.7098 23.8502 11.7051 15.4075
internal_count=1007 642 535 365 180 156 107 415 384 209 175 45 130 125 118 185 45 153 120 83 71 57 94 61 84 46 57 91 65 48 51 96 47 62
is_linear=0
shrinkage=0.03


Tree=9
num_leaves=37
num_cat=0
split_feature=14 47 55 39 47 19 26 29 55 47 37 46 36 55 47 55 32 32 44 44 61 45 31 39 53 20 46 32 29 42 14 47 43 28 55 44
split_gain=10.0416 7.5628 5.47459 6.99048 5.71399 4.98511 4.93934 4.71284 4.98713 6.39787 6.17709 5.47944 4.61561 4.59388 4.4616 6.17713 6.87411 4.88515 4.22105 4.09884 3.94266 3.63837 4.55899 3.29219 3.00982 3.43089 2.99688 2.71723 2.51349 2.25216 1.4944 1.45674 1.38651 1.23477 0.920982 0.659588
threshold=-0.52332323673279724 0.41376285353788644 -1.0778794075598441 -1.2496729938592595 -0.90355529760203412 0.86473497978076785 -0.12714818706102501 1.4498554947945432 -0.78899048170254871 -0.2391008910996176 0.555190938319026 0.7848915611899 -0.92979266598010957 -0.73071221204792591 0.49776300994655559 -0.046661948189618552 0.49188075061644071 0.88773397667171905 0.44676183855578172 -0.20546150919406581 376.50000000000006 1.1798226157057699 1.6591850219966224 0.2512469511218085 -1.2757742909722711 0.42540720069179605 -0.30335582569025737 0.88773397667171905 -0.36622106618659972 -0.50962895946831543 1.2520992053556153 0.024543039379203321 -0.47136092111782474 -0.34145618774184311 0.9269105408327557 -1.0000000180025095e-35
decision_type=2 2 2 2 2 2 2 2 2 2 2 2 2 2 2 2 2 2 2 2 2 2 2 2 2 2 2 2 2 2 2 2 2 2 2 2
left_child=1 23 6 20 5 29 12 8 32 10 11 26 -2 24 15 19 18 -16 -17 31 35 27 -23 -1 -3 -26 28 -15 -10 -5 -31 -11 -6 -21 -28 -4
right_child=2 13 3 4 7 -7 -8 -9 9 14 -12 -13 -14 21 17 16 -18 -19 -20 33 -22 22 -24 -25 25 -27 34 -29 -30 30 -32 -33 -34 -35 -36 -37
leaf_value=-0.019390468190903294 -0.016098499639448743 0.019898153152371919 0.027528217163226662 -0.00061514322978204101 -0.039956049006944036 -0.01558865120507842 0.024980183699142722 0.014380792674889528 0.0026878422298367314 -0.011605559036693684 0.010057552413359608 -0.00079200910376741652 0.017036978841764073 0.040418774597089993 -0.031033009680554478 -0.028260722639217459 0.014925107981678315 0.0025419629446600017 3.529654529271295e-05 0.0098711126737508845 -0.0067452353831021251 -0.0079897517407461587 0.024671467259895063 0.0083768971831090777 -0.018173495783895672 0.010500443733715413 -0.039934384477026005 0.0096888576232351305 -0.023757771915425677 0.026800971275103769 0.0053639715465294367 0.0083978998536249194 -0.011378872274693081 0.032976203188687193 -0.016515145854757992 0.0086376770339133008
leaf_weight=7.96749699115753 7.4816637635231018 4.9792084544897106 6.237764075398446 8.4608489274978673 5.7162519842386246 6.9753049761056891 9.4706283807754499 5.2252749502658835 5.2238865941762924 4.9788395166397112 5.2243896424770346 9.4617863446474058 4.9866000562906283 11.110421970486646 7.472863703966139 10.953573584556588 6.7349715530872336 5.9870065748691559 6.9812100380659095 6.9756686687469482 5.9726942628622046 6.2046941816806775 6.208243802189827 4.9828099757432938 6.4863917976617795 5.4903702586889267 13.637497887015348 5.4765959531068793 4.9631705135107023 6.9688447564840317 7.2143343985080719 4.9851549118757248 4.9687992036342603 5.7344155162572807 6.4819136410951605 6.2306387424469003
leaf_count=32 30 20 25 34 23 28 38 21 21 20 21 38 20 45 30 44 27 24 28 28 24 25 25 20 26 22 55 22 20 28 29 20 20 23 26 25
internal_value=0 0.0106913 -0.00332252 -0.0051843 -0.00735004 0.00416046 0.0102381 -0.0102166 -0.0115396 -0.00920369 -0.0176126 -0.0216265 -0.00201022 0.0163329 -0.00261083 0.00173531 -0.00828207 -0.0169402 -0.017785 0.0127202 0.0115027 0.0233413 0.00881303 -0.00853085 0.00309849 -0.00487793 -0.0275984 0.0322493 -0.0110787 0.011083 0.0178355 -0.00128479 -0.0301961 0.0230982 -0.0343362 0.0204591
internal_weight=250.612 58.9062 191.706 169.767 151.326 29.6193 21.9389 121.707 116.481 105.796 44.9926 39.7683 12.4683 45.9559 60.8037 47.3438 24.6698 13.4599 17.9348 22.6741 18.4411 29 12.4129 12.9503 16.956 11.9768 30.3065 16.587 10.1871 22.644 14.1832 9.96399 10.6851 12.7101 20.1194 12.4684
internal_count=1007 237 770 682 608 119 88 489 468 425 181 160 50 185 244 190 99 54 72 91 74 117 50 52 68 48 122 67 41 91 57 40 43 51 81 50
is_linear=0
shrinkage=0.03


Tree=10
num_leaves=33
num_cat=0
split_feature=18 40 35 19 51 39 19 30 61 34 45 29 19 43 61 33 33 55 50 33 35 43 30 30 45 45 59 26 31 44 25 33
split_gain=9.59179 5.23268 5.45513 4.77163 4.02562 5.50364 4.28349 4.30583 4.81949 4.28159 8.95329 5.89723 5.46759 8.07338 5.29764 4.5085 5.88597 4.35842 4.94136 4.08031 3.61937 5.32981 3.52993 3.21212 2.79433 2.63119 2.44844 1.39941 1.69851 0.767279 0.547779 0.510834
threshold=-0.38194130662592002 -1.1427522219952582 -1.0915978427332176 1.3483382423364054 -0.44187335530667166 0.35845551862045633 1.1065366110585866 0.48677085020639604 357.50000000000006 -0.47438222761280141 -0.96991896958087509 0.19878053056308895 0.26023090158622103 0.39947883924612965 260.00000000000006 0.33893985823112038 -0.27215919178250964 0.9269105408327557 0.36465284818654592 0.17212173315776161 -0.9143734808253724 0.043226210006330062 0.19450517625756922 -0.19518238900753312 -0.64727485403258256 -0.19720743487220257 0.25719399725685316 -0.12714818706102501 -1.0841538244763333 -1.0000000180025095e-35 -0.79964968339094722 -0.68580005293379676
decision_type=2 2 2 2 2 2 2 2 2 2 2 2 2 2 2 2 2 2 2 2 2 2 2 2 2 2 2 2 2 2 2 2
left_child=3 2 25 20 5 29 9 8 -8 11 -11 17 14 19 15 16 23 18 27 31 -1 -22 -16 -12 -13 -2 -23 28 -6 -3 -25 -14
right_child=1 4 -4 -5 6 -7 7 -9 -10 10 12 24 13 -15 22 -17 -18 -19 -20 -21 21 26 -24 30 -26 -27 -28 -29 -30 -31 -32 -33
leaf_value=0 -0.0087363687277122355 -0.03502502009580729 0.03088704174554233 -0.0093527573467685338 -0.01306136021102886 0.0052662838810855241 -0.030075906766054442 0.0056760753187455925 -0.001124963487498142 0.028876739154676118 0.016277403840458702 -0.0040116356477583144 0.013118948683514682 -0.011941782749377107 -0.031108085129828902 0.021757979449888543 -0.023235899848729275 0.0023721961452264676 0.0045762921604010527 0 0.035623460682169074 -0.0011446750790611354 -0.0010942340424841986 -0.012264386911282404 0.019022481742272602 0.015275212170038664 0.020758193476905242 -0.0080117571522812844 -0.039616046316382512 -0.011677399455658264 0 0.034142859669508613
leaf_weight=8.7215070426464063 9.7222930639982224 6.9509992152452478 6.4676778465509406 6.2356601953506461 6.4776598811149606 5.7162097245454779 12.916025370359426 7.2212583571672431 8.9558091163635236 9.4611791074275953 9.2086486965417844 8.4553988575935346 5.7072831243276623 9.1978845000267011 8.6969987004995328 5.7323724180459967 8.7040012180805224 9.6975743323564512 4.9746272563934317 6.473021686077117 12.356104314327242 9.4601734429597837 6.2201712131500235 4.9778567999601337 7.478136718273162 4.9780551344156274 6.4237682223319998 5.212804421782498 8.9398533999919874 5.2027309089899072 4.9836743175983473 8.4635615050792712
leaf_count=35 39 28 26 25 26 23 52 29 36 38 37 34 23 37 35 23 35 39 20 26 50 38 25 20 30 20 26 21 36 21 20 34
internal_value=4.05869e-07 -0.00267712 0.0108968 0.0126361 -0.00432851 -0.0173601 -0.00276704 -0.0129387 -0.0193112 -0.000480986 0.00348066 -0.00729149 0 0.00975554 -0.00622431 0.000407153 -0.00466628 -0.0140038 -0.0202154 0.0198478 0.0167219 0.0217061 -0.0202018 0.00454912 0.00716143 0 0.00839495 -0.0263695 -0.0309611 -0.0278508 -0.00648063 0.0281246
internal_weight=250.391 207.194 21.168 43.1972 186.026 17.8699 168.156 29.0931 21.8718 139.063 87.8267 51.2361 78.3655 29.8418 48.5237 33.6066 27.8742 35.3025 25.6049 20.6439 36.9616 28.24 14.9172 19.1702 15.9335 14.7003 15.8839 20.6303 15.4175 12.1537 9.96153 14.1708
internal_count=1007 833 85 174 748 72 676 117 88 559 353 206 315 120 195 135 112 142 103 83 149 114 60 77 64 59 64 83 62 49 40 57
is_linear=0
shrinkage=0.03


Tree=11
num_leaves=33
num_cat=0
split_feature=14 48 55 39 48 19 53 55 32 43 35 55 55 40 46 24 27 39 24 38 49 20 53 20 55 48 25 58 30 46 56 34
split_gain=9.09711 6.95036 5.10548 6.64651 5.35833 4.72255 4.58388 7.27738 5.42378 7.59088 4.73552 4.26353 3.4098 4.86886 5.11791 5.60875 3.39721 3.3254 3.13326 3.12743 3.0694 2.95928 2.86975 3.24189 2.77579 2.60858 2.28275 2.22928 1.94554 1.64416 1.49555 0.858169
threshold=-0.52332323673279724 0.51275817597662232 -1.0778794075598441 -1.2496729938592595 -1.0072658508220445 0.86473497978076785 -0.79488164226964086 -0.76538924911752626 0.68980736364407991 0.043226210006330062 -0.55992475700968192 -0.73071221204792591 0.87920005058546258 -0.72128269907054132 0.80735166757607379 0.62173704919588668 1.0000000180025095e-35 -0.60642158886737307 1.2549499023339472 1.1723325868064463 -0.17998769206086854 -1.0000000180025095e-35 -1.2757742909722711 0.42540720069179605 1.0686442757848158 0.58410488849995101 -0.46831767220948356 1.4423754909248683 0.48677085020639604 0.23867027037664421 -1.0000000180025095e-35 -1.220004765839285
decision_type=2 2 2 2 2 2 2 2 2 2 2 2 2 2 2 2 2 2 2 2 2 2 2 2 2 2 2 2 2 2 2 2
left_child=1 16 17 20 5 19 21 -8 10 26 -9 22 13 -12 15 -15 -1 -2 29 28 31 -6 -3 -24 -14 -19 -10 -21 -5 -13 -26 -4
right_child=2 11 3 4 6 -7 7 8 9 -11 12 18 24 14 -16 -17 -18 25 -20 27 -22 -23 23 -25 30 -27 -28 -29 -30 -31 -32 -33
leaf_value=-0.020056649114233823 -0.0041677455385952054 0.019308102532053176 -0.0063971260522208443 0.0098329751237061034 -0.006500369003444844 -0.015148698123808096 -0.034155028943796677 0.0063941824694006381 0.0032032348475540704 -0.01420964432761922 0.003240671642442519 0.034432922585446613 0.012175977005832506 -0.029774679856337888 0 0.0018823750665241082 0.0078662951820457055 0.031746492195154172 0.0049478938347016889 0.029154542453921319 0.024339589721083216 0.022206573245039333 -0.017815216458719533 0.010058567866692965 0 0.004651482477004234 0.032449647699413955 0.0020186263257120887 -0.013122677566712624 0.01078917266069178 -0.020766027740821653 0.0084843190648524313
leaf_weight=7.4527039676904661 8.2281926274299639 4.9685853123664883 5.9750352799892434 5.221621394157415 4.9585835188627243 6.9688742756843558 10.427399173378943 9.6954177618026716 4.9818527102470398 8.4717528671026212 7.4614677131175915 13.988938570022588 5.9806524515151969 35.679086655378349 8.2104241102933866 5.2206201851367942 5.4787012338638306 5.7258637547492963 8.4404519945383054 7.4453380107879621 7.4713776856660834 4.9759501367807371 6.4843091368675214 5.4857000112533569 4.9788549095392218 7.9657423496246338 5.4825697392225283 4.9850229918956757 4.9766790121793747 6.4538757950067511 4.9759022593498221 4.9814660400152215
leaf_count=30 33 20 24 21 20 28 42 39 20 34 30 57 24 144 33 21 22 23 34 30 30 20 26 22 20 32 22 20 20 26 20 20
internal_value=6.0734e-07 0.0102 -0.00315338 -0.00495429 -0.00706984 0.00407421 -0.0098499 -0.0116159 -0.00876851 0.00516974 -0.0120861 0.0156217 -0.0147178 -0.0181083 -0.0214704 -0.0256687 -0.00822267 0.00994376 0.0223916 0.0108166 0.0113174 0.00838036 0.00287007 -0.004898 -0.0018148 0.0183934 0.0211748 0.0200919 -0.00110254 0.0284897 -0.0112378 9.40941e-05
internal_weight=250.199 58.7533 191.446 169.526 151.098 29.5975 121.501 111.566 101.139 18.9362 82.2024 45.8219 72.507 56.5716 49.1101 40.8997 12.9314 21.9198 28.8833 22.6287 18.4279 9.93453 16.9386 11.97 15.9354 13.6916 10.4644 12.4304 10.1983 20.4428 9.95476 10.9565
internal_count=1007 237 770 682 608 119 489 449 407 76 331 185 292 228 198 165 52 88 117 91 74 40 68 48 64 55 42 50 41 83 40 44
is_linear=0
shrinkage=0.03


Tree=12
num_leaves=37
num_cat=0
split_feature=18 40 19 46 51 39 19 30 33 34 45 37 19 43 33 33 43 50 54 33 54 53 36 43 37 21 59 25 28 26 45 44 41 12 33 18
split_gain=8.68356 4.85906 4.42813 4.19996 3.79945 5.18459 3.97271 4.06749 4.11135 4.05976 8.52233 6.24835 5.10415 7.58949 4.86282 5.12822 4.85699 4.64253 4.1865 3.96699 3.85626 3.62155 2.88226 4.80416 4.14707 3.7802 3.57786 2.85628 2.56768 2.56685 1.90243 0.699109 0.671521 0.602677 0.466088 0.370667
threshold=-0.38194130662592002 -1.1427522219952582 1.3483382423364054 -1.0438861231816496 -0.44187335530667166 0.35845551862045633 1.1065366110585866 0.48677085020639604 0.17212173315776161 -0.47438222761280141 -0.96991896958087509 0.20969481245069688 0.26023090158622103 0.39947883924612965 0.33893985823112038 -0.27215919178250964 -0.78802992488653545 1.0000000180025095e-35 0.59190827255327527 0.17212173315776161 1.5056099520498154 0.6477963038382506 -1.0774524845384661 0.043226210006330062 0.84753381405376571 0.68671536468062522 0.25719399725685316 -0.46831767220948356 -1.0000000180025095e-35 -0.12714818706102501 -0.29560647557816377 -1.0000000180025095e-35 -0.35670567603474174 -0.29545858840963368 -0.68580005293379676 0.50531895064262333
decision_type=2 2 2 2 2 2 2 2 2 2 2 2 2 2 2 2 2 2 2 2 2 2 2 2 2 2 2 2 2 2 2 2 2 2 2 2
left_child=2 3 22 29 5 31 9 8 35 11 -11 17 14 19 15 18 -13 21 27 34 -20 33 -1 24 -24 26 -25 -12 -18 -2 -17 -3 -5 -6 -14 -8
right_child=1 4 -4 32 6 -7 7 -9 -10 10 12 16 13 -15 -16 30 28 -19 20 -21 -22 -23 23 25 -26 -27 -28 -29 -30 -31 -32 -33 -34 -35 -36 -37
leaf_value=-0.0029701804157634898 -0.01525149944221423 -0.033924549309289127 -0.0090873876512105236 0.0089586096287900055 -0.030318030876728533 0.0051407027823057918 -0.012900502090371186 0.005654349652294435 -0.00097929357518652081 0.02825084737362887 -0.023799808897015051 -0.014980360395970392 0.012831039622995052 -0.011544557426612975 0.015202275720671298 -0.010924977716192347 0.00060575647697242005 0.0047646210809926138 0.020881403085580449 0 -0.0090683929365481444 0.0001834012624079004 0.042215320658956786 -0.019405034377034072 0.0080675373502339387 0.024114694346523819 0.011190346661513913 2.4745761308749245e-05 0.026262760634207648 0.010850772641920402 -0.037926758993520805 -0.011333451052131625 0.030089125470290707 -0.010358784204893511 0.033298899258007997 -0.033727538272102613
leaf_weight=5.2234631925821295 5.4854381829500198 6.92254662513733 6.233658328652381 5.2269898653030396 14.377009525895124 5.712626874446868 5.2063634097576204 7.2187325954437247 8.4513808190822584 9.4505973011255247 7.6765235215425447 5.4688035845756557 5.7002605646848705 9.1885503828525525 6.7227523475885382 7.9515931010246277 6.9682489782571801 7.2014418691396704 8.2055940181016904 6.4682868123054496 4.9821967631578437 5.2188707590103141 9.2925933152437228 5.237106651067732 6.4737190008163443 5.1935973912477484 5.4227876514196396 7.9572499245405224 6.9674454331397984 4.9727307707071322 4.9617497026920336 5.1934390515089044 5.4517485052347165 4.9579897224903133 8.4485844075679797 8.1592706739902479
leaf_count=21 22 28 25 21 58 23 21 29 34 38 31 22 23 37 27 32 28 29 33 26 20 21 38 21 26 21 22 32 28 20 20 21 22 20 34 33
internal_value=2.45871e-05 -0.00252266 0.0120655 0.0105638 -0.00411663 -0.0167892 -0.0025989 -0.0124033 -0.0186149 -0.000395605 0.00346268 -0.00703482 0 0.00949238 -0.00595723 -0.00991361 0.00588931 -0.0150221 -0.00225193 0.0192864 0.00938761 -0.0209959 0.0160164 0.0193265 0.0304605 0.0062321 -0.00388699 -0.0123829 0.0151278 -0.00253419 -0.0245836 -0.026997 0.0226162 -0.0266022 0.0274566 -0.0281387
internal_weight=249.952 206.875 43.0769 21.1369 185.738 17.8286 167.909 29.0357 21.817 138.874 87.7139 51.1598 78.2633 29.8057 48.4577 41.7349 19.4045 31.7553 28.8216 20.6171 13.1878 24.5539 36.8433 31.6198 15.7663 15.8535 10.6599 15.6338 13.9357 10.4582 12.9133 12.116 10.6787 19.335 14.1488 13.3656
internal_count=1007 833 174 85 748 72 676 117 88 559 353 206 315 120 195 168 78 128 116 83 53 99 149 128 64 64 43 63 56 42 52 49 43 78 57 54
is_linear=0
shrinkage=0.03


Tree=13
num_leaves=35
num_cat=0
split_feature=48 51 47 33 2 50 50 54 45 54 29 25 46 32 55 21 54 42 24 57 20 34 35 43 28 30 55 54 55 34 27 28 42 45
split_gain=8.40596 6.87853 6.54027 5.3721 6.32365 5.78231 4.93864 4.88919 4.85048 4.2822 3.97544 4.33255 3.45871 4.23055 3.27212 3.22652 3.90723 3.22852 2.94173 2.91383 5.16433 4.48903 3.95184 3.36085 2.59632 3.26067 5.01415 2.64842 2.40421 2.08898 2.0789 1.94671 1.68881 1.53679
threshold=0.3675380033170032 -0.14980478373212724 -0.93155526443318737 -0.47131960641090725 1.0000000180025095e-35 -0.1760177061062419 -0.89691177849662551 0.63815133281720593 0.18105278332809013 2.0128222222033196 0.19878053056308895 -0.46831767220948356 -0.6682372810205004 1.0000000180025095e-35 0.9269105408327557 0.68671536468062522 -0.22888891685443824 -0.9039530411853075 -0.64468865708023393 1.0000000180025095e-35 0.94830625604320129 0.27124031061368264 -0.7371491189175271 -0.47136092111782474 -0.64202120614746938 -0.19518238900753312 0.4993409121636741 -0.42962293353853537 -0.2743970380172433 0.64405157972692451 1.0000000180025095e-35 -1.0000000180025095e-35 1.4619914491166452 -0.9296691008803869
decision_type=2 2 2 2 2 2 2 2 2 2 2 2 2 2 2 2 2 2 2 2 2 2 2 2 2 2 2 2 2 2 2 2 2 2
left_child=1 8 15 4 5 7 30 -2 33 32 11 29 -12 18 24 16 17 -3 -14 21 22 23 -21 -5 -13 -26 27 -27 -25 31 -4 -8 -6 -1
right_child=3 2 6 19 9 -7 10 -9 -10 -11 12 14 13 -15 -16 -17 -18 -19 -20 20 -22 -23 -24 28 25 26 -28 -29 -30 -31 -32 -33 -34 -35
leaf_value=-0.0083089745496243827 -0.008562178618501972 -0.0036815002275140465 -0.0061355177249912355 4.2347150108973787e-05 0.034625673172905852 -0.022561502684699593 -0.035099330249237386 0.026762630207918525 0 -0.00011191984718744839 0.024080661414871193 0.007714949490295644 0.0066977438312111085 0.020032949685643207 0.015523629073541434 0.024350172369719581 -0.013719460162998069 0.022838891884506912 -0.017362149841776777 -0.03353469407982132 0.013670224349169086 -0.0099080877763154159 -0.0016619563518047707 0.03759364361177233 -0.027101565572236648 -0.0028669398191470781 -0.020056676375025954 0.022866155962876465 0.0057639001020253038 -0.0021447092690214478 -0.030033017120648854 -0.0075086005910720358 0.011137700101354314 -0.032365718338454669
leaf_weight=5.4388835579156902 4.9713547825813311 5.9747796207666424 7.9205095171928388 9.2015751004219091 14.983050391078001 5.2210258245468131 6.1619380861520776 6.4705034494400024 9.2001307606697065 5.2120550870895377 6.4698251485824612 9.1775203794240898 6.4683618694543865 5.709768831729888 7.4773951023817053 9.1591757535934466 6.4686941504478446 8.1998401433229429 9.1533693671226484 5.983622834086419 5.2168699055910102 8.9383868426084501 7.6885321736335763 4.9538079202175158 5.6895323097705832 6.702185094356536 7.4482295364141455 4.9597343057394125 4.9261094182729703 6.4635982662439337 7.4557632803916931 5.7244025170803079 6.6751919686794272 11.828797698020937
leaf_count=22 20 24 32 37 61 21 25 26 37 21 26 37 26 23 30 37 26 33 37 24 21 36 31 20 23 27 30 20 20 26 30 23 27 48
internal_value=2.42774e-05 -0.00409005 -0.00117966 0.00728267 0.0146848 0 -0.0048109 0.0117373 -0.0176301 0.0233004 -0.00183921 -0.00620901 0.00719272 0.000562275 -0.000521176 0.0108056 0.00328266 0.0119949 -0.00733544 4.70887e-05 -0.00855415 0.00618872 -0.0179429 0.0141931 -0.00472835 -0.00973872 -0.00268206 0.00898001 0.0251023 -0.0177458 -0.0197181 -0.0245903 0.0288359 -0.0263779
internal_weight=249.695 159.252 132.785 90.4421 43.5332 16.6629 102.982 11.4419 26.4678 26.8703 87.6059 59.8045 27.8013 21.3315 41.4546 29.8025 20.6433 14.1746 15.6217 46.9089 18.889 28.0199 13.6722 19.0815 33.9772 24.7997 19.1101 11.6619 9.87992 18.3499 15.3763 11.8863 21.6582 17.2677
internal_count=1007 642 535 365 176 67 415 46 107 109 353 241 112 86 167 120 83 57 63 189 76 113 55 77 137 100 77 47 40 74 62 48 88 70
is_linear=0
shrinkage=0.03


Tree=14
num_leaves=34
num_cat=0
split_feature=48 14 54 46 33 50 37 28 24 60 60 44 47 46 27 46 45 24 20 14 26 37 60 33 37 57 54 0 31 33 34 2 46
split_gain=8.08449 3.81461 5.8969 5.62052 5.5627 5.54458 6.25287 4.66904 5.62853 4.58141 4.44333 4.34298 3.99755 4.92649 3.96042 4.40621 4.09493 3.68979 3.51071 3.49275 3.20223 3.60996 2.89056 2.64157 2.55595 5.31116 3.29295 2.63221 2.23534 2.23445 1.75947 0.565044 0.45254
threshold=1.2959674879051055 -0.52332323673279724 -0.90096875312193914 1.0210166430692269 -0.90028049945668642 -0.1760177061062419 0.20969481245069688 -1.2431512429587224 0.62173704919588668 478.50000000000006 45.000000000000007 -0.85768485694391317 -0.19393483785391388 -0.47473446491295473 -0.69075364796516692 0.39799547885770065 0.39055330103960922 -0.32808223051120394 0.16395767301609346 0.088936281546879006 -0.43289082949511043 -0.42814418915237168 260.00000000000006 0.8155630727264308 -0.42814418915237168 -0.72728272229736068 -0.50513003999333272 -0.25553398229036539 -0.21542985642656423 -0.68580005293379676 -0.47438222761280141 2.2669521114529245 -1.0000000180025095e-35
decision_type=2 2 2 2 2 2 2 2 2 2 2 2 2 2 2 2 2 2 2 2 2 2 2 2 2 2 2 2 2 2 2 2 2
left_child=1 4 5 7 -1 6 22 -4 9 10 -9 -8 -10 -14 28 16 -16 -5 -2 -7 -11 -22 23 -3 26 -26 -12 -27 -6 -19 -29 -20 -23
right_child=18 2 3 17 14 19 11 8 12 20 24 -13 13 -15 15 -17 -18 29 31 -21 21 32 -24 -25 25 27 -28 30 -30 -31 -32 -33 -34
leaf_value=0.024937198370490566 0.0010716474121868439 0.0088010383245610817 0.014656725292303443 0.02202523883721175 0.0012122408337647314 0.032509951760287682 -0.0023923410929598877 0.0068590018772792458 -0.013864878397845155 0.015053306449520278 -0.0071063501801807644 0.031133485757214314 -0.0053084845695196975 0.023890817607655011 0.00057588411728690515 -0.011261385063282394 0.03205611667531677 0.01152665227064982 0.032993370758382823 1.5645914113116727e-05 0.0096903476436558961 -0.0067481290934761099 -0.028528410706282512 -0.015538182946447545 0.0052140449023307077 -0.038063316329058267 -0.035908963617810243 -0.024326136946216641 -0.022569422846959487 -0.010927113163833855 -0.0076524119359287872 0.01237210479717969 -0.024754828534994739
leaf_weight=9.3377186655998212 8.8967164307832736 6.7038000375032478 5.6859773844480506 7.6935260891914394 5.2289513200521469 7.7111533582210523 5.9478646963834763 5.2028184980154029 8.1779525578022021 5.9676746726036098 6.4268497526645687 5.4664201736450178 8.9598274677991885 8.9402563124895078 7.9148856401443499 5.9616884887218466 6.3725427389144897 4.9575901329517373 6.8733943551778776 4.9525601267814636 4.9758160710334787 4.9410699754953384 4.9597303867340079 6.2134008258581161 8.939501687884329 5.2068103253841356 14.822843104600905 9.6461371183395368 6.7024192810058576 8.682507842779156 19.807754933834083 6.1733461767435074 4.9742669016122782
leaf_count=38 36 27 23 31 21 31 24 21 33 24 26 22 36 36 32 24 26 20 28 20 20 20 20 25 36 21 60 39 27 35 80 25 20
internal_value=1.86225e-05 -0.00167555 -0.0035352 -0.00642855 0.00634735 0.00613717 -0.00106735 -0.00891537 -0.0102827 -0.0137657 -0.0173794 0.0149502 0.00173025 0.00968555 0 0.00798911 0.0167085 0.00725503 0.0168211 0.0215731 -0.00100937 -0.00860108 -0.0119697 -0.00288893 -0.0195255 -0.0142139 -0.0285044 -0.019399 -0.0127289 -0.00203638 -0.0142211 0.0259303 -0.018373
internal_weight=249.426 227.482 185.964 144.009 41.5182 41.9549 29.2912 122.676 116.99 90.9115 70.0527 11.4143 26.078 17.9001 32.1805 20.2491 14.2874 21.3336 21.9435 12.6637 20.8588 14.8912 17.8769 12.9172 64.8499 43.6002 21.2497 34.6607 11.9314 13.6401 29.4539 13.0467 9.91534
internal_count=1007 918 750 581 168 169 118 495 472 367 283 46 105 72 130 82 58 86 89 51 84 60 72 52 262 176 86 140 48 55 119 53 40
is_linear=0
shrinkage=0.03


Tree=15
num_leaves=35
num_cat=0
split_feature=48 46 47 26 38 12 0 47 37 44 46 45 58 32 45 45 55 52 36 55 32 46 34 47 53 61 44 58 30 31 27 42 55 29
split_gain=7.7085 3.63502 7.13158 7.7184 4.16959 5.47361 6.00289 5.96552 3.43945 4.44261 3.74645 5.83782 4.93522 4.28458 6.80693 5.05785 5.67797 3.84286 3.8226 3.66419 3.27978 5.18211 3.33969 2.97384 2.96339 2.8511 5.54349 2.4211 2.01598 1.99605 1.95293 1.11896 0.865966 0.0881831
threshold=1.2959674879051055 0.7848915611899 -0.2391008910996176 -0.63671925778450056 1.1723325868064463 -0.69303078577895783 0.58965877750994922 -0.50402030766707118 1.4853728156568347 -1.2925004221104781 0.39799547885770065 0.39055330103960922 0.64277619592825808 -0.49775231452175545 -0.27754794677292854 -0.094555770779102599 -0.56057518187379285 1.0000000180025095e-35 0.23806226261780183 -0.54900753082517351 -0.2998257014941163 -0.074292936558786687 -1.220004765839285 -0.90355529760203412 1.0000000180025095e-35 397.00000000000006 -0.20546150919406581 1.4423754909248683 0.48677085020639604 0.19607097054437908 0.16935493368054427 1.2648294082581493 -0.14280802499873127 1.0000000180025095e-35
decision_type=2 2 2 2 2 2 2 2 2 2 2 2 2 2 2 2 2 2 2 2 2 2 2 2 2 2 2 2 2 2 2 2 2 2
left_child=1 2 3 20 5 -3 7 -7 10 -10 11 12 13 14 17 16 -15 -4 19 -13 21 22 -1 -5 31 26 -12 -6 -25 -18 -9 -2 -17 -14
right_child=24 4 8 23 27 6 -8 30 9 -11 25 18 33 15 -16 32 29 -19 -20 -21 -22 -23 -24 28 -26 -27 -28 -29 -30 -31 -32 -33 -34 -35
leaf_value=0.022217567075564292 0.0084924326607076096 0.02291905343586562 0.010058399330347923 -0.0017267882380476178 0.02765356608330316 0.019329787884178225 -0.031867851918419385 -0.023970831581892064 0.0032566620816989315 -0.02933944388854404 -0.021057923750676711 0.0068304738632019146 0.022711530780142188 -0.018386028682583211 0.033597878689219846 -0.01062797485036595 -0.0013892489492693602 -0.018741750297611073 -0.0046631718566807669 0.034234888568749684 0.018235259355055322 -0.022675803021773716 -0.0076913183922360448 -0.030034806044905771 0.00030398219278175367 -0.025579693633531408 0.015700226979331246 0.0034986798319315868 -0.0096271032720638677 0.016972938719183421 0 0.030645755805681889 -0.032432274418267772 0.0081098170741033
leaf_weight=5.2259421348571813 5.6224465221166637 5.2032376825809505 7.4489735364913958 7.1880329251289359 8.1459816098213214 7.6980226784944596 5.2125903218984595 4.9543376863002759 6.4678385853767395 5.9636800587177259 5.2059635221958169 9.6595742106437719 5.2022891342639905 9.6717368662357313 4.9479574114084235 6.4391200393438339 8.9147811532020587 6.21050064265728 4.9523986876010886 10.025111824274063 5.9474531859159461 7.1874633729457864 5.1895409226417542 19.617689818143848 7.6800939887762061 5.1988147795200339 6.6897937059402475 7.9584140777587882 9.1773324906826002 9.4337320923805219 5.4770786315202713 8.6058027297258359 5.7092318534851092 4.9674282371997833
leaf_count=21 23 21 30 29 33 31 21 20 26 24 21 39 21 39 20 26 36 25 20 41 24 29 21 80 31 21 27 32 37 38 22 35 23 20
internal_value=2.59068e-05 -0.00162804 -0.00352585 -0.0119159 0.00586735 -0.000967253 -0.00759573 0.000979274 0.000577865 -0.0134251 0.00236268 0.00478556 0.000118206 -0.00325738 0.00806377 -0.0087472 -0.00116175 -0.00319905 0.016861 0.0225062 0.00122927 -0.0051831 0.00771959 -0.0203841 0.0164462 -0.00989459 -0.000495086 0.0173728 -0.0245274 0.00831845 -0.0127875 0.0239179 -0.0237529 0.0180526
internal_weight=249.2 227.292 182.642 59.5335 44.6497 28.5453 23.342 18.1294 123.109 12.4315 110.677 93.5828 68.9458 58.776 18.6074 40.1686 28.0203 13.6595 24.6371 19.6847 23.5504 17.6029 10.4155 35.9831 21.9083 17.0946 11.8958 16.1044 28.795 18.3485 10.4314 14.2282 12.1484 10.1697
internal_count=1007 918 738 241 180 115 94 73 497 50 447 378 278 237 75 162 113 55 100 80 95 71 42 146 89 69 48 65 117 74 42 58 49 41
is_linear=0
shrinkage=0.03


Tree=16
num_leaves=37
num_cat=0
split_feature=14 47 54 50 37 3 55 54 28 24 47 60 56 44 45 55 45 26 56 24 14 55 40 60 20 18 30 47 53 20 33 54 55 61 54 13
split_gain=7.25087 5.92932 4.79267 5.19674 5.89595 4.711 5.76635 5.45604 4.3448 5.73574 4.2833 6.8798 4.37395 4.06712 3.7872 3.72118 3.47901 3.45909 3.52488 3.38817 3.33096 3.1051 2.97834 2.75853 2.74617 2.91336 2.68685 3.12457 2.64698 3.00442 2.51904 2.1606 1.68591 0.589362 0.496071 0.131439
threshold=-0.52332323673279724 0.41376285353788644 -0.90096875312193914 -0.1760177061062419 0.20969481245069688 -0.25790670933657323 -1.0778794075598441 -0.21819652855964086 0.25967384906940988 0.62173704919588668 0.024543039379203321 543.50000000000011 -0.92255496372962609 -0.85768485694391317 -0.5827694679791392 -0.73071221204792591 -0.26632840808001496 0.79007974024123173 1.4894212763631485 -0.64468865708023393 0.088936281546879006 -0.046661948189618552 0.12165634677889223 260.00000000000006 0.16395767301609346 0.60127244509195743 1.6558335460017033 -0.59629884443910286 -1.2757742909722711 0.42540720069179605 0.8155630727264308 0.31387527092835887 0.72635293022866054 366.00000000000006 -0.55558534320060604 1.064445905702071
decision_type=2 2 2 2 2 2 2 2 2 2 2 2 2 2 2 2 2 2 2 2 2 2 2 2 2 2 2 2 2 2 2 2 2 2 2 2
left_child=1 22 3 4 23 31 7 -7 9 10 11 12 -8 -6 -12 28 -11 35 -19 -10 -5 -16 -1 30 25 32 27 -26 -3 -30 -2 33 -21 -4 -14 -17
right_child=2 15 5 20 13 6 8 -9 19 16 14 -13 34 -15 21 17 -18 18 -20 24 -22 -23 -24 -25 26 -27 -28 -29 29 -31 -32 -33 -34 -35 -36 -37
leaf_value=-0.018216120970108916 0.0086618151893778379 0.018196769934854872 -0.012469495698159156 0.031604107153774819 -0.0022282568425487422 -0.0086219748014035921 -0.0043557024541870095 0.027013390550789117 0.015920280105605457 -0.0082484108189762369 0.015741495964912793 0.0064346857351341089 -0.015425468196918087 0.030228797963863373 0.00059753125460897832 0.017799185307278607 0.018338949059580251 -0.0039375686290720876 0.023963184481967572 -0.029566116877722461 0 -0.025756248956617534 0.0082061591862611638 -0.027810478278085905 0.026709149181397981 0.0050117551282698753 -0.010343317391676796 0 -0.017524804885152449 0.0093309708843038585 -0.015114348238051795 -0.0026162400381809022 -0.0061567582266189753 -0.036149747866282757 -0.036236091226229242 0.037417124589379111
leaf_weight=7.923339515924452 6.6960261464119011 4.9331453442573574 5.2036507129669172 7.6970064491033536 5.9409373849630356 4.9727189093828192 7.6258577406406358 8.6806176602840406 9.6810670942068082 6.9378270208835602 5.4603296965360668 6.1938182562589637 5.9231918454170218 5.4507583826780301 8.4211878031492233 7.5857180655002612 7.7015202194452268 8.3970408439636213 5.4154241383075705 5.2059428691864031 4.9526163339614868 5.4346047937869999 4.9629300236701965 4.9446178674697867 5.44073662161827 6.2077408581972113 5.7009903341531745 8.6939712613821047 6.4685933887958509 5.4705341011285782 6.2063003182411194 5.449974611401557 7.9274365454912186 4.9249783009290695 16.919069558382045 7.1709295213222504
leaf_count=32 27 20 21 31 24 20 31 35 39 28 22 25 24 22 34 31 31 34 22 21 20 22 20 20 22 25 23 35 26 22 25 22 32 20 69 30
internal_value=2.8814e-05 0.00917202 -0.0027878 0.00596314 -0.00101431 -0.00532767 -0.0033293 0.0140699 -0.00551704 -0.0102077 -0.0145325 -0.0203916 -0.0260788 0.0145468 -0.00245556 0.0142169 0.00577146 0.0205827 0.00788543 0.00124561 0.0209128 -0.0108546 -0.00782836 -0.0116148 -0.00268653 -0.0104448 0.00479957 0.0116973 0.00231089 -0.00510496 -0.00274145 -0.0202613 -0.0179255 -0.0276776 -0.0323693 0.0302744
internal_weight=248.923 58.3277 190.595 41.8883 29.2386 148.707 133.129 13.6533 119.475 70.6174 55.9781 36.6619 30.4681 11.3917 19.3161 45.4414 14.6393 28.5691 13.8125 48.8579 12.6496 13.8558 12.8863 17.8469 39.1768 19.3411 19.8357 14.1347 16.8723 11.9391 12.9023 15.5786 13.1334 10.1286 22.8423 14.7566
internal_count=1007 237 770 169 118 601 538 55 483 286 227 149 124 46 78 185 59 117 56 197 51 56 52 72 158 78 80 57 68 48 52 63 53 41 93 61
is_linear=0
shrinkage=0.03


end of trees

feature_importances:
Column_55=49
Column_46=36
Column_47=31
Column_54=25
Column_45=24
Column_26=21
Column_33=18
Column_19=17
Column_39=16
Column_48=16
Column_37=15
Column_24=14
Column_32=14
Column_40=14
Column_44=14
Column_31=13
Column_34=13
Column_53=13
Column_60=13
Column_30=12
Column_43=12
Column_28=11
Column_29=11
Column_14=10
Column_18=10
Column_20=10
Column_42=10
Column_51=10
Column_27=9
Column_61=9
Column_21=8
Column_36=8
Column_58=8
Column_35=7
Column_50=7
Column_56=7
Column_25=6
Column_41=6
Column_57=6
Column_2=5
Column_49=5
Column_12=4
Column_38=4
Column_59=4
Column_16=3
Column_23=3
Column_0=2
Column_3=2
Column_4=2
Column_13=2
Column_52=2
Column_6=1
Column_9=1

parameters:
[boosting: gbdt]
[objective: binary]
[metric: binary_logloss]
[tree_learner: serial]
[device_type: cpu]
[data_sample_strategy: bagging]
[data: ]
[valid: ]
[num_iterations: 1800]
[learning_rate: 0.03]
[num_leaves: 128]
[num_threads: 2]
[seed: 42]
[deterministic: 0]
[force_col_wise: 1]
[force_row_wise: 0]
[histogram_pool_size: -1]
[max_depth: 12]
[min_data_in_leaf: 20]
[min_sum_hessian_in_leaf: 0.001]
[bagging_fraction: 0.85]
[pos_bagging_fraction: 1]
[neg_bagging_fraction: 1]
[bagging_freq: 0]
[bagging_seed: 400]
[bagging_by_query: 0]
[feature_fraction: 0.8]
[feature_fraction_bynode: 1]
[feature_fraction_seed: 30056]
[extra_trees: 0]
[extra_seed: 12879]
[early_stopping_round: 0]
[early_stopping_min_delta: 0]
[first_metric_only: 0]
[max_delta_step: 0]
[lambda_l1: 0.2]
[lambda_l2: 1.5]
[linear_lambda: 0]
[min_gain_to_split: 0]
[drop_rate: 0.1]
[max_drop: 50]
[skip_drop: 0.5]
[xgboost_dart_mode: 0]
[uniform_drop: 0]
[drop_seed: 17869]
[top_rate: 0.2]
[other_rate: 0.1]
[min_data_per_group: 100]
[max_cat_threshold: 32]
[cat_l2: 10]
[cat_smooth: 10]
[max_cat_to_onehot: 4]
[top_k: 20]
[monotone_constraints: ]
[monotone_constraints_method: basic]
[monotone_penalty: 0]
[feature_contri: ]
[forcedsplits_filename: ]
[refit_decay_rate: 0.9]
[cegb_tradeoff: 1]
[cegb_penalty_split: 0]
[cegb_penalty_feature_lazy: ]
[cegb_penalty_feature_coupled: ]
[path_smooth: 0]
[interaction_constraints: ]
[verbosity: -1]
[saved_feature_importance_type: 0]
[use_quantized_grad: 0]
[num_grad_quant_bins: 4]
[quant_train_renew_leaf: 0]
[stochastic_rounding: 1]
[linear_tree: 0]
[max_bin: 255]
[max_bin_by_feature: ]
[min_data_in_bin: 3]
[bin_construct_sample_cnt: 200000]
[data_random_seed: 175]
[is_enable_sparse: 1]
[enable_bundle: 1]
[use_missing: 1]
[zero_as_missing: 0]
[feature_pre_filter: 1]
[pre_partition: 0]
[two_round: 0]
[header: 0]
[label_column: ]
[weight_column: ]
[group_column: ]
[ignore_column: ]
[categorical_feature: ]
[forcedbins_filename: ]
[precise_float_parser: 0]
[parser_config_file: ]
[objective_seed: 16083]
[num_class: 1]
[is_unbalance: 0]
[scale_pos_weight: 1]
[sigmoid: 1]
[boost_from_average: 1]
[reg_sqrt: 0]
[alpha: 0.9]
[fair_c: 1]
[poisson_max_delta_step: 0.7]
[tweedie_variance_power: 1.5]
[lambdarank_truncation_level: 30]
[lambdarank_norm: 1]
[label_gain: ]
[lambdarank_position_bias_regularization: 0]
[eval_at: ]
[multi_error_top_k: 1]
[auc_mu_weights: ]
[num_machines: 1]
[local_listen_port: 12400]
[time_out: 120]
[machine_list_filename: ]
[machines: ]
[gpu_platform_id: -1]
[gpu_device_id: -1]
[gpu_device_id_list: ]
[gpu_use_dp: 0]
[num_gpu: 1]

end of parameters

pandas_categorical:null
