tree
version=v4
num_class=3
num_tree_per_iteration=3
label_index=0
max_feature_idx=42
objective=multiclass num_class:3
feature_names=Column_0 Column_1 Column_2 Column_3 Column_4 Column_5 Column_6 Column_7 Column_8 Column_9 Column_10 Column_11 Column_12 Column_13 Column_14 Column_15 Column_16 Column_17 Column_18 Column_19 Column_20 Column_21 Column_22 Column_23 Column_24 Column_25 Column_26 Column_27 Column_28 Column_29 Column_30 Column_31 Column_32 Column_33 Column_34 Column_35 Column_36 Column_37 Column_38 Column_39 Column_40 Column_41 Column_42
feature_infos=[-2.0802735731993081:6.7317405288357461] [-1.9368687045020134:8.7566312771913761] [-1.7655984832979343:6.7131166044404571] [-2.0737488389965852:6.7294283247709306] [-1.8086828915593165:8.87144264055466] [-1.758117224231686:6.6612287967550738] [-2.8436794546510682:4.5662674708235258] [-2.2363450400750802:7.4984419327026561] [-2.827617057783788:4.3105724178651439] [-3.1059644005656897:3.7476760248597767] [-6.4149535413749748:2.5400090717181198] [-2.7539662432787702:4.2687604810805171] [-1.5288887697886495:2.229728902784871] [-3.235676348527361:3.5985486775978521] [-2.729877574597499:3.9740952160598031] [-1.7892790283035285:1.7615452033648005] [-1.4797981234769939:1.3490283173828248] [-2.1925473208263795:1.1308928286367641] [-1.4730279429646544:0.67887374762718855] [-2.4615440096522314:2.0933323493392044] [-2.3766352871437508:4.4977363515657975] [-2.1199730492310667:4.5313924875278024] [-3.2615830561653323:3.8073842752951004] [-1.8496783699624113:3.180899250471902] [-2.2058238792384897:4.2661521244651448] [-2.5236346822015783:3.8671176748797751] [-3.6714094977432903:2.9828297911125996] [-3.1095778367903026:2.8076770759368768] [-2.542741694935565:3.4245261762834991] [-2.5075926690270602:4.6166533538998538] [-3.1616464154028723:3.1158179053459691] [-2.2883726188349045:2.9217201921286113] [-2.464238760932953:4.0577675020613908] [-2.631328661293669:3.4522634103672201] [-3.3105288861028757:3.7039124824524525] [-2.874251765395357:2.8396753200515148] [-2.5616823001764586:3.2707660408458854] [-1.6522983784823733:2.7498377635549418] [-1.2291079594402639:2.4558658080594187] [-1.1483655886663844:4.014011828274243] [61:814] [61:814] [0:2]
tree_sizes=4134 4420 4432 4348 3600 4401

Tree=0
num_leaves=39
num_cat=0
split_feature=29 40 0 22 27 20 16 25 0 30 30 29 28 0 15 27 15 25 16 2 34 30 24 28 28 20 20 12 8 5 27 29 30 14 28 15 12 29
split_gain=7.87465 6.31176 4.69859 5.98122 4.13771 3.37341 4.05175 5.20116 4.88198 3.71276 3.59514 3.32546 3.87064 4.79084 3.76996 3.68025 3.09827 3.03513 2.98638 2.97093 2.37556 2.63703 2.04702 1.93396 3.18658 1.61092 1.42964 2.22141 1.79421 1.39531 1.34458 1.33259 1.16656 1.15547 0.927146 0.848491 0.507186 0.0442008
threshold=0.1639995895705329 154.50000000000003 -0.74292084477281162 0.86198122051992032 -0.96712347183735836 1.0000000180025095e-35 -0.32255094312524984 0.494220597531283 0.81214046735102163 1.0000000180025095e-35 -0.78845868438806621 -0.34487512635281814 0.66190216183022865 -1.0881444560643021 -1.0659629811118319 0.86926598383659404 0.90671714759279542 -0.21586299769997874 0.96327925726557695 -1.0013452675420877 0.61421807011260532 0.20674907377943297 1.0000000180025095e-35 -0.66415736510734102 -1.1061772074198644 -0.24885358944793862 -0.57620461986267879 1.3464904696882234 0.053762545089004354 -0.82957853262763182 1.0733092566892557 1.1817490214172353 0.053640187907510177 -1.0796708284667615 -0.66415736510734102 0.77520513901248689 -1.2437625864015536 1.1817490214172353
decision_type=2 2 2 2 2 2 2 2 2 2 2 2 2 2 2 2 2 2 2 2 2 2 2 2 2 2 2 2 2 2 2 2 2 2 2 2 2 2
left_child=4 29 33 5 -1 6 7 10 23 31 37 12 14 -14 18 16 26 -18 32 -13 25 -22 -17 24 -8 34 -16 28 -28 -2 -15 -7 -6 -3 -21 -31 -27 -4
right_child=1 2 3 -5 11 9 8 -9 -10 -11 -12 19 13 30 15 22 17 -19 -20 20 21 -23 -24 -25 -26 36 27 -29 -30 35 -32 -33 -34 -35 -36 -37 -38 -39
leaf_value=-1.4159924065356031 -1.4303453234990677 -1.4315194591248266 -1.4128044785118365 -1.3964990579209309 -1.4013509733586429 -1.4463859373996009 -1.4415212874721615 -1.4315194591248266 -1.4105383431125349 -1.4186863572766832 -1.3875698748630105 -1.4228022576719082 -1.4253873058881279 -1.4350549502633094 -1.4514426210899796 -1.4114613255019834 -1.4378853299551828 -1.4147444183409241 -1.4335129439424157 -1.4444704084126427 -1.4469557427492843 -1.4231927435412333 -1.4315194591248266 -1.4462621095556158 -1.4149089480990669 -1.4390642154139084 -1.4321441434212361 -1.4228022576719082 -1.4525126985875454 -1.4525126985875454 -1.4523935750216417 -1.4303453234990677 -1.4241229302995984 -1.4469557427492843 -1.4315194591248266 -1.4349138584239678 -1.4543641245600185 -1.4238194348048092
leaf_weight=7.9105007648468009 6.2738454341888454 10.092707872390745 7.9105007648468018 7.3649489879608145 6.0010695457458514 10.365483760833746 6.8193972110748318 8.1832766532897931 8.7288284301757795 10.092707872390745 7.0921730995178232 5.4555177688598624 10.638259649276732 7.0921730995178249 10.365483760833738 7.6377248764038077 9.8199319839477557 7.6377248764038077 6.546621322631835 10.911035537719728 5.4555177688598624 9.0016043186187726 8.1832766532897931 7.6377248764038148 6.2738454341888419 5.7282936573028556 8.4560525417327934 5.4555177688598624 7.0921730995178214 7.0921730995178205 18.003208637237549 6.2738454341888419 5.7282936573028564 5.4555177688598624 9.2743802070617622 5.7282936573028564 20.458191633224494 6.5466213226318359
leaf_count=29 23 37 29 27 22 38 25 30 32 37 26 20 39 26 38 28 36 28 24 40 20 33 30 28 23 21 31 20 26 26 66 23 21 20 34 21 75 24
internal_value=-1.43152 -1.42579 -1.42297 -1.42042 -1.43534 -1.4231 -1.41919 -1.41158 -1.42765 -1.43175 -1.40429 -1.43632 -1.4332 -1.44127 -1.42969 -1.43308 -1.43722 -1.42755 -1.41818 -1.44164 -1.44359 -1.43239 -1.42123 -1.43551 -1.42878 -1.44682 -1.44273 -1.43712 -1.44282 -1.44103 -1.44819 -1.44041 -1.40992 -1.43754 -1.4391 -1.44625 -1.45182 -1.41622
internal_weight=320.784 127.932 108.838 93.2894 192.853 85.9244 59.1924 29.7326 29.4598 26.732 21.5493 184.942 118.658 35.7336 82.9239 64.6479 48.8269 17.4577 18.276 66.2845 60.829 14.4571 15.821 20.731 13.0932 46.3719 31.3692 21.0037 15.5482 19.0943 25.0954 16.6393 11.7294 15.5482 20.1854 12.8205 26.1865 14.4571
internal_count=1176 469 399 342 707 315 217 109 108 98 79 678 435 131 304 237 179 64 67 243 223 53 58 76 48 170 115 77 57 70 92 61 43 57 74 47 96 53
is_linear=0
shrinkage=1


Tree=1
num_leaves=41
num_cat=0
split_feature=12 0 35 23 32 12 27 21 12 31 22 15 17 16 23 41 32 32 16 40 32 1 15 30 19 33 1 15 35 9 20 27 19 15 23 30 20 24 13 15
split_gain=6.38506 4.75475 5.94912 5.16762 5.59734 4.35648 5.05608 5.99578 4.3004 4.79832 4.16344 4.09966 3.96635 3.30843 4.01562 3.07305 2.95108 4.91894 2.75316 2.30592 5.70161 3.05567 4.9819 3.23591 3.15878 2.77887 1.89027 1.86779 2.01784 1.79273 1.75671 1.64412 1.30499 1.29818 1.12441 1.07269 1.05005 0.788572 0.617432 0.242154
threshold=1.588438847935238 2.4190371565456492 -0.94746239937257459 0.66561044025474536 0.38913897912707218 -1.2345741411130617 0.86926598383659404 -1.5330878548111662 0.058146360196377499 0.31667378664685336 -0.31618000139015179 1.4327651819140295 1.0000000180025095e-35 -0.57971698320341514 1.0009822816170331 488.00000000000006 0.38913897912707218 -0.96961232566341604 -0.83688302328158037 496.00000000000006 -0.42611180374722074 -0.1897023689103767 -0.93445097253152332 -0.099468697964412933 0.42321101770901143 0.2934752193125279 -0.61070630519751834 -1.1974749896921402 1.0000000180025095e-35 -0.1164011452175162 -0.90355565027741924 1.0000000180025095e-35 -0.48776425408927593 -1.0659629811118319 -0.34050508383211725 1.3550657178188557 -0.90355565027741924 -1.0000000180025095e-35 -0.088491147567290609 0.51218112185187004
decision_type=2 2 2 2 2 2 2 2 2 2 2 2 2 2 2 2 2 2 2 2 2 2 2 2 2 2 2 2 2 2 2 2 2 2 2 2 2 2 2 2
left_child=1 2 8 5 12 16 19 -8 9 11 36 33 -5 31 37 -12 17 -4 -9 20 27 24 25 -24 32 -23 -17 -7 -29 -14 -11 -2 -21 -1 -19 -20 -6 -15 -22 -28
right_child=13 -3 3 4 10 6 7 18 -10 30 15 -13 29 14 -16 26 -18 34 35 21 38 22 23 -25 -26 -27 39 28 -30 -31 -32 -33 -34 -35 -36 -37 -38 -39 -40 -41
leaf_value=-0.80766868395087554 -0.80981149675161346 -0.83596294169654783 -0.81626054607437992 -0.78573213902002093 -0.82195491369946128 -0.80981149675161346 -0.80710072171763314 -0.82206832747819991 -0.82450447119100656 -0.82870125644826564 -0.82765489888239407 -0.81989888619908924 -0.82142636034761807 -0.84645751492451515 -0.81811768063797052 -0.79631881125400483 -0.8179888078865446 -0.83073759485382126 -0.84461560204208519 -0.8232993672968425 -0.79220924734361087 -0.81495830290000215 -0.79773041032315273 -0.81614376882767825 -0.81491571601428492 -0.83148345725035655 -0.81189395494383754 -0.83543454672522632 -0.81644352951979715 -0.80420685851776785 -0.81135507032395182 -0.82765489888239407 -0.84094600871373815 -0.788504857032297 -0.84624417114987704 -0.82765489888239407 -0.83882077057147209 -0.82977647562043233 -0.80798883884996464 -0.81989888619908924
leaf_weight=8.8724491596221906 7.3937076330184928 12.199617594480513 9.6118199229240364 7.763393014669421 7.3937076330184937 7.3937076330184963 8.1330783963203412 13.678359121084211 12.938988357782362 7.3937076330184963 8.1330783963203448 7.3937076330184928 8.1330783963203466 14.787415266036989 7.7633930146694174 7.3937076330184963 13.308673739433287 12.938988357782362 14.787415266036989 7.763393014669421 7.763393014669421 14.417729884386061 13.308673739433287 24.768920570611954 9.9815053045749647 19.593325227499008 8.5027637779712659 8.8724491596221942 8.1330783963203412 11.090561449527737 11.090561449527739 8.1330783963203412 10.720876067876818 16.635842174291614 14.417729884386068 8.1330783963203412 7.3937076330184919 7.763393014669421 11.460246831178663 7.3937076330184928
leaf_count=24 20 33 26 21 20 20 22 37 35 20 22 20 22 40 21 20 36 35 40 21 21 39 36 67 27 53 23 24 22 30 30 22 29 45 39 22 20 21 31 20
internal_value=-0.819899 -0.818637 -0.817999 -0.819746 -0.812836 -0.821867 -0.819786 -0.828398 -0.809801 -0.805959 -0.819433 -0.799321 -0.80237 -0.830304 -0.835853 -0.813193 -0.829578 -0.833817 -0.833606 -0.817013 -0.811373 -0.819608 -0.816268 -0.80896 -0.827624 -0.824396 -0.807737 -0.820908 -0.826484 -0.811365 -0.818734 -0.81937 -0.834646 -0.793899 -0.840063 -0.839689 -0.831722 -0.841939 -0.799784 -0.814968
internal_weight=434.75 388.909 376.709 312.384 73.1977 239.186 188.909 44.7319 64.3253 51.3863 46.2107 32.902 26.987 45.841 30.3142 31.4233 50.2772 36.9685 36.5989 144.177 43.6229 100.554 72.0886 38.0776 28.4658 34.0111 23.2902 24.3992 17.0055 19.2236 18.4843 15.5268 18.4843 25.5083 27.3567 22.9205 14.7874 22.5508 19.2236 15.8965
internal_count=1176 1052 1019 845 198 647 511 121 174 139 125 89 73 124 82 85 136 100 99 390 118 272 195 103 77 92 63 66 46 52 50 42 50 69 74 62 40 61 52 43
is_linear=0
shrinkage=1


Tree=2
num_leaves=42
num_cat=0
split_feature=14 35 26 1 16 28 37 14 1 14 2 29 5 14 24 23 30 1 2 25 32 22 2 38 23 23 34 30 16 30 38 16 34 32 24 23 33 31 21 32 30
split_gain=11.8504 5.77688 7.53684 4.63803 4.42181 4.17164 5.02661 3.70924 3.58128 3.48501 5.20398 4.68862 3.00949 7.06771 3.51072 2.96261 2.84423 2.59678 2.38798 2.32076 2.22858 2.1271 4.45719 2.69029 2.5895 3.44553 3.01304 2.02345 2.00467 1.90191 2.09394 1.67148 2.61261 1.52565 3.31343 1.38479 1.34455 1.19336 0.980828 0.209643 0.0327592
threshold=-1.47139321476352 0.11559380257102904 1.0000000180025095e-35 1.2838114080946186 0.19178113703108082 0.88291208298649038 1.0000000180025095e-35 2.0096353740300978 -0.10550158165294835 -0.49766226347247444 0.43275341378800086 -0.34487512635281814 -0.82957853262763182 0.67942611611268877 0.42341637226611156 -0.34050508383211725 -0.78845868438806621 0.3155023546341934 -0.84849462439091827 0.494220597531283 0.6608892400851698 0.3907167317558915 -0.12470187299861672 -1.0000000180025095e-35 0.33023859889245766 0.66561044025474536 0.69772332450016872 0.35985795965135609 -0.83688302328158037 -0.3291320267722973 1.0740006452470376 0.96327925726557695 -0.13732921937546547 -0.96961232566341604 1.0000000180025095e-35 0.66561044025474536 -0.17449340158446372 -0.58942931091201889 -0.35931746597136588 -0.15436154278912301 -0.63534979851614315
decision_type=2 2 2 2 2 2 2 2 2 2 2 2 2 2 2 2 2 2 2 2 2 2 2 2 2 2 2 2 2 2 2 2 2 2 2 2 2 2 2 2 2
left_child=3 4 5 -1 7 6 27 19 -8 10 -6 20 16 14 31 17 -13 -7 -4 29 -11 22 23 -20 -23 -26 -27 -3 -5 30 39 32 -14 -21 40 -16 38 -10 -31 -2 -35
right_child=1 2 18 28 9 15 8 -9 37 11 -12 12 13 -15 35 -17 -18 -19 21 33 -22 24 -24 -25 25 26 -28 -29 -30 36 -32 -33 -34 34 -36 -37 -38 -39 -40 -41 -42
leaf_value=-1.1044452351483287 -1.1630166465518641 -1.1127683036582239 -1.1570890305911863 -1.1421529474704657 -1.1156867244794164 -1.1073105517497883 -1.1276649214575469 -1.1281421065909751 -1.1560441605023344 -1.1610215890975069 -1.1423144876047993 -1.1362700772851597 -1.1494655262588314 -1.1103666361117015 -1.1578394069480593 -1.1373854610480463 -1.1573186550743018 -1.1324444934419973 -1.1515613379891605 -1.1302092401381778 -1.1384189266902855 -1.154543583560365 -1.1165728091509284 -1.1295528326410313 -1.1228967935341609 -1.1581738008005742 -1.1354866669629955 -1.1350484555112275 -1.1233608726100837 -1.1456383255491513 -1.1395383273210067 -1.1245178288159956 -1.1266211296832436 -1.1458869682506458 -1.1308648761668916 -1.1398158172630692 -1.1538907691407436 -1.1406620897853708 -1.1320882417489959 -1.1516140816036302 -1.1574788795956779
leaf_weight=10.128064066171648 18.295857667922974 9.1479288339614886 6.5342348814010611 6.5342348814010647 12.088334530591966 14.702028483152395 10.128064066171648 7.1876583695411673 8.4945053458213824 11.761622786521913 11.434911042451857 10.454775810241701 8.1677936017513257 8.1677936017513257 7.1876583695411709 6.8609466254711142 9.8013523221015912 6.5342348814010611 9.4746405780315417 6.8609466254711178 6.5342348814010611 12.088334530591963 8.1677936017513257 7.514370113611224 7.514370113611224 7.514370113611224 11.108199298381804 7.1876583695411673 12.415046274662016 7.8410818576812789 6.8609466254711142 12.088334530591963 6.8609466254711178 6.5342348814010656 7.8410818576812735 9.147928833961485 6.8609466254711142 11.76162278652191 8.1677936017513275 13.395181506872179 6.8609466254711133
leaf_count=31 56 28 20 20 37 45 31 22 26 36 35 32 25 25 22 21 30 20 29 21 20 37 25 23 23 23 34 22 38 24 21 37 21 20 24 28 21 36 25 41 21
internal_value=-1.13763 -1.13917 -1.1346 -1.11971 -1.14234 -1.12804 -1.13392 -1.147 -1.14103 -1.13824 -1.12838 -1.14099 -1.13752 -1.13359 -1.13859 -1.11915 -1.14683 -1.11393 -1.14158 -1.14872 -1.15392 -1.13947 -1.133 -1.14164 -1.1439 -1.13811 -1.14519 -1.12119 -1.12999 -1.15197 -1.15608 -1.13219 -1.13862 -1.14104 -1.14507 -1.14912 -1.14408 -1.14821 -1.1385 -1.15923 -1.15363
internal_weight=384.213 355.136 144.733 29.0773 210.402 74.817 46.7198 96.7067 30.3842 113.696 23.5232 90.1724 71.8766 51.6205 43.4527 28.0972 20.2561 21.2363 69.9163 89.519 18.2959 63.3821 25.1568 16.989 38.2253 26.1369 18.6226 16.3356 18.9493 61.4218 38.552 27.1171 15.0287 28.0972 21.2363 16.3356 22.8698 20.2561 16.0089 31.691 13.3952
internal_count=1176 1087 443 89 644 229 143 296 93 348 72 276 220 158 133 86 62 65 214 274 56 194 77 52 117 80 57 50 58 188 118 83 46 86 65 50 70 62 49 97 41
is_linear=0
shrinkage=1


Tree=3
num_leaves=40
num_cat=0
split_feature=29 19 5 3 21 27 34 12 30 29 28 0 19 2 16 20 9 2 22 16 31 28 28 15 34 30 38 16 15 16 23 30 20 38 28 36 26 12 27
split_gain=7.59016 5.39156 5.94261 4.20648 4.02191 3.97078 3.68764 3.40039 3.27042 3.2147 3.71135 4.68536 3.72792 5.49754 7.89207 3.1039 2.87233 2.86815 2.68233 3.37517 4.18393 2.54266 2.52864 6.14623 2.32253 2.56743 2.22944 2.17338 3.33939 3.16237 1.78642 1.593 1.5911 1.35764 0.898184 0.867761 0.579586 0.501337 0.238653
threshold=0.1639995895705329 1.0305278655745365 -0.6644057846019108 1.2093184091378884 0.42319612658850086 -0.96712347183735836 0.36370230694991501 -0.056321577222516135 -0.099468697964412933 -0.34487512635281814 0.66190216183022865 -1.0881444560643021 -0.48776425408927593 -0.15167551590764664 0.4489471771092462 1.0000000180025095e-35 -1.757007519645039 -1.0013452675420877 0.86198122051992032 -0.83688302328158037 1.0000000180025095e-35 -0.88516728626360275 -0.22213752279481799 -1.0659629811118319 0.61421807011260532 0.20674907377943297 1.0740006452470376 -0.32255094312524984 0.64369313043217846 -0.83688302328158037 -0.67587692519440479 0.13019463084347158 -0.24885358944793862 -0.76848623850280351 -0.66415736510734102 -0.90652804123768516 -0.088357572974733942 -1.2437625864015536 -0.55903692613203571
decision_type=2 2 2 2 2 2 2 2 2 2 2 2 2 2 2 2 2 2 2 2 2 2 2 2 2 2 2 2 2 2 2 2 2 2 2 2 2 2 2
left_child=5 2 3 4 -2 -1 26 8 21 10 12 -12 36 14 22 16 -5 -11 19 -15 -21 -8 23 -14 32 -26 27 29 38 35 -30 -16 34 -13 -19 -4 -7 -34 -29
right_child=1 -3 6 15 -6 9 7 -9 -10 17 11 33 13 18 31 -17 -18 24 -20 20 -22 -23 -24 -25 25 -27 -28 28 30 -31 -32 -33 37 -35 -36 -37 -38 -39 -40
leaf_value=0.015118441679725673 0.005780165996752783 0.029466652155800396 0.004366212374372464 0.025480407113152064 0.036440747720715844 -0.0024786837714246509 0.016564966141173049 -0.0087900314248168937 0.02968402234352182 0.0084739833136792016 0.0060772682583024778 -0.003317983583658638 0.03372170822836338 -0.015827704945553831 0.0073827721197249228 -0.012220611767895177 0 -0.012760783297849332 -0.016706420935932595 0.019998467197461851 -0.0087558057587302385 -0.006992164100317143 0.035598212105551724 -0.0025678260881353233 -0.015284158487262958 0.0081981280867459028 -0.016861849355468125 -0.0081557505016093459 -0.0067610360723741316 0.01846246930400431 0.014199283583217849 -0.010248795605848094 -0.0074325763661124838 -0.020722139260769146 0 -0.0092982723931158227 -0.017433288364538672 -0.022665309617197819 -0.021098698491217666
leaf_weight=7.9821077287197104 7.9489213824272182 6.6174133121967307 5.4613143205642709 5.5085418820381173 9.0646652579307538 5.4513066709041595 6.2799299061298406 6.2550789117813101 6.5916477441787729 5.4914339780807486 10.653170794248579 7.0382204949855831 5.5393591523170445 5.7221765816211745 5.7301033437252071 5.9993339776992789 9.1064620614051819 10.817563086748125 9.5304364562034589 9.584120184183119 6.2459062039852151 7.0816269814968109 8.2404440045356768 9.2722750306129456 5.4089922606945029 9.0305017828941327 9.7632827162742597 7.6307718753814671 5.4444052875041962 7.9516268968582109 5.9967225492000562 10.667548805475233 5.701774686574935 17.830856561660767 9.2708375751972145 8.2161842584609985 7.0634655058383924 20.200636357069023 7.3342028558254322
leaf_count=29 29 24 20 20 33 20 23 23 24 20 39 26 20 21 21 22 33 40 35 35 23 26 30 34 20 33 36 28 20 29 22 39 21 66 34 30 26 75 27
internal_value=0 0.00562049 0.00393129 0.0135942 0.0240688 -0.00375312 -0.000489258 0.00847744 0.0144064 -0.00471721 -0.00165886 -0.00959013 0.00177263 0.00455892 0.0118471 0.00363169 0.011043 -0.00996979 -0.00462657 0.00119439 0.00853108 0.00423039 0.0226645 0.0124891 -0.0119074 -0.000832381 -0.00476792 -0.0017525 -0.0074307 0.00495268 0.00413385 -0.00364989 -0.015122 -0.016493 -0.00744747 -0.00355455 -0.0123098 -0.0201216 -0.0162076
internal_weight=320.725 128.252 121.635 37.6279 17.0136 192.473 84.0068 26.2083 19.9532 184.491 118.569 35.5222 83.0471 70.5324 39.4497 20.6143 14.615 65.9217 31.0826 21.5522 15.83 13.3616 23.0521 14.8116 60.4303 14.4395 57.7985 48.0352 26.4061 21.6291 11.4411 16.3977 45.9908 24.8691 20.0884 13.6775 12.5148 25.9024 14.965
internal_count=1176 469 445 137 62 707 308 96 73 678 435 131 304 258 144 75 53 243 114 79 58 49 84 54 223 53 212 176 97 79 42 60 170 92 74 50 46 96 55
is_linear=0
shrinkage=0.03


Tree=4
num_leaves=33
num_cat=0
split_feature=12 0 35 25 12 31 36 16 32 21 27 12 30 32 12 37 12 30 14 36 29 29 27 12 31 33 12 10 32 16 12 25
split_gain=6.11731 4.56195 5.67333 4.13585 4.122 4.52422 3.93625 5.55781 4.39257 3.7736 4.84913 5.00255 5.12202 3.3 3.00554 2.89814 4.18333 3.97687 5.32121 3.136 2.62694 2.44677 2.77751 2.34134 2.11276 1.60676 1.60103 1.16631 1.13921 1.04691 0.823016 0.350239
threshold=1.588438847935238 2.4190371565456492 -0.94746239937257459 -1.2809883905468706 0.051315610495795139 0.31667378664685336 0.19690813138816349 -0.57971698320341514 1.0000000180025095e-35 -1.5330878548111662 0.86926598383659404 -1.2345741411130617 0.43641240258731767 1.0000000180025095e-35 -1.3722465460805544 0.54876969253628449 0.16791380852507379 0.35985795965135609 0.12025607881278609 0.66980934822781346 -1.36262455819952 -0.85374984227616924 1.4813958023945777 0.11771802121052642 -0.36290353652230084 -0.87644633292995067 -0.28876320030342423 0.56861565566929684 -0.15436154278912301 0.4489471771092462 -0.062432196067480863 1.0000000180025095e-35
decision_type=2 2 2 2 2 2 2 2 2 2 2 2 2 2 2 2 2 2 2 2 2 2 2 2 2 2 2 2 2 2 2 2
left_child=1 2 4 25 5 27 7 -2 -8 23 11 12 13 14 -11 17 19 18 -13 -17 -12 31 28 -5 -19 30 -7 -1 -23 -15 -4 -22
right_child=6 -3 3 9 -6 26 8 -9 -10 10 20 15 -14 29 -16 16 -18 24 -20 -21 21 22 -24 -25 -26 -27 -28 -29 -30 -31 -32 -33
leaf_value=0.023206401255377183 0.0009260214632515972 -0.015753674474439618 -0.0021559173422053867 0.023428712419663145 -0.0040840482892690808 -0.0077126504285374075 -0.015346885473031809 -0.026214983884450972 0.012355684249899194 0.002124539698497443 0.0037597066573720121 -0.0026752641623522316 -0.025412960485373892 0 -0.019811561670164863 0.005136327021634979 -0.019517850215668889 0.004854061894174839 0.013236104652047114 -0.0140779357812542 -0.028868735538662076 -0.020480802732253132 0.0065694063952030516 0 0.022252918104410283 0.020720970949321037 0.0089313565736859925 0.0065450262645622547 -0.0042590310995515501 0.01354900286573572 0.0095060187622246304 -0.011969757987452553
leaf_weight=25.583733767271042 9.6118134558200854 12.170145422220228 7.3982994258403805 7.4003148078918439 13.672363013029097 8.1299901008605975 7.3811515271663692 18.058635741472244 10.719082683324812 8.494671165943144 8.8587043583393079 62.851848185062408 10.329616427421568 12.565688967704775 11.809515357017519 34.779684066772461 9.606116980314253 13.685799956321718 25.151028335094452 8.1381943225860578 7.381651163101191 8.4804446399211866 8.1327517032623273 7.4016209244728088 14.801802814006804 8.8810019195079786 9.6182681620120984 7.4015454947948447 9.9686394929885953 7.3885771930217734 11.46529731154442 7.3813938796520233
leaf_count=69 26 33 20 20 37 22 20 49 29 23 24 170 28 34 32 94 26 37 68 22 20 23 22 20 40 24 26 20 27 20 31 20
internal_value=0 0.00123518 0.00186012 0.000152187 0.00986013 0.0137422 -0.0101916 -0.0170186 0.000442705 -0.000927637 -0.00178477 0.000133496 -0.00797587 -0.00260599 -0.0108442 0.00264473 -0.00307473 0.00528071 0.00195075 0.00100542 -0.0100522 -0.0131797 -0.00676492 0.0130546 0.0147553 0.0109138 0.000988581 0.0200891 -0.0129957 0.00566909 0.00481567 -0.0226717
internal_weight=434.699 388.929 376.759 312.353 64.4059 50.7335 45.7707 27.6704 18.1002 284.608 269.806 219.603 50.5881 40.2585 20.3042 169.014 52.524 116.49 88.0029 42.9179 50.2036 41.3449 26.5818 14.8019 28.4876 27.7446 17.7483 32.9853 18.4491 19.9543 18.8636 14.763
internal_count=1176 1052 1019 845 174 137 124 75 49 770 730 594 137 109 55 457 142 315 238 116 136 112 72 40 77 75 48 89 50 54 51 40
is_linear=0
shrinkage=0.03


Tree=5
num_leaves=40
num_cat=0
split_feature=11 35 16 23 11 34 34 7 0 27 22 37 30 28 20 39 37 12 37 22 16 17 20 22 2 30 40 15 17 35 31 26 34 2 34 27 38 37 21
split_gain=9.67316 6.55604 5.45449 5.52959 5.63154 5.24446 4.8038 4.30924 3.88148 3.91275 5.70827 4.01519 3.55664 3.33946 3.02402 2.94931 2.94225 2.46192 2.34662 4.50197 2.2204 1.93348 2.24705 2.68613 1.89634 2.54031 2.1785 1.864 1.80415 1.79391 1.45103 1.43143 3.9963 2.15832 1.39248 1.19081 1.08203 0.710973 0.473768
threshold=-1.4568467807424634 1.3115320297575839 0.19178113703108082 -1.0112487665566923 1.140420944945552 -0.30433972815059224 1.0000000180025095e-35 -0.1747937032125095 1.6829748021403683 0.66522271098393249 0.62634897613790586 1.0000000180025095e-35 -0.78845868438806621 -0.66415736510734102 -0.57620461986267879 -0.63212784697232161 0.54876969253628449 -0.029681537645621387 -1.2120847642786414 0.037268365182869877 -0.57971698320341514 1.0000000180025095e-35 1.0000000180025095e-35 0.86198122051992032 1.0000000180025095e-35 0.05364018790751001 532.50000000000011 -0.27689092962998096 -0.80778059188340301 -0.15017024791487157 -0.36290353652230084 -0.088357572974733942 -0.88887650886353642 -0.24608326608925116 -0.13732921937546547 0.25713616527860972 1.0000000180025095e-35 1.0000000180025095e-35 0.42319612658850086
decision_type=2 2 2 2 2 2 2 2 2 2 2 2 2 2 2 2 2 2 2 2 2 2 2 2 2 2 2 2 2 2 2 2 2 2 2 2 2 2 2
left_child=15 2 8 14 5 16 17 24 9 11 -11 18 -6 -10 -4 -1 28 -3 -2 30 -17 27 29 -24 25 26 -7 -9 -5 -23 -20 32 -13 -34 -33 -16 -8 -12 -30
right_child=1 6 3 4 12 7 36 21 13 10 37 31 -14 -15 35 20 -18 -19 19 -21 -22 22 23 -25 -26 -27 -28 -29 38 -31 -32 34 33 -35 -36 -37 -38 -39 -40
leaf_value=0.00012727563005027117 -0.013482390054772909 0.03084952572230331 -0.00051219630664790143 0.00024633257153181876 0.0013946834613866683 0.02724784325576856 -0.0072057441506521245 0.001431242079204945 -0.0064459520844155479 0.019030752958590132 -0.015719853894297437 -0.022009679293903957 -0.022553911198004529 0.019794348724014515 0.030936216479468533 0.009497626489149702 0.0042490040292776799 0.0049618644750244077 0.00044071375656613366 -0.012117031160373168 0.030786810023368312 -0.010649687813782739 0.019941909708309332 -0.0016014331388458614 0.027108452278585982 -0.0029913810145552602 0.0045699970727062136 -0.016166491694804351 -0.019504167728960554 0.0054678347627362973 0.019440755736590942 -0.005340018163935911 -0.010581793803191575 0.0070407471232862302 -0.023281827524157795 0.0097022036899716974 0.0072501567783864592 -0.0016280144671767971 -0.0064463878519078555
leaf_weight=8.8739779591560382 11.083186358213423 9.5490158498287219 7.502808183431628 6.8596169650554684 7.5181503295898464 6.566678047180182 8.8352054655551893 9.4633648097515124 7.1953203082084656 9.1749905347824114 6.5321650803089124 13.633066803216932 14.916931062936781 7.1932424902915937 6.5694809854030591 11.788598299026493 12.093781918287275 6.5622530281543758 6.8307278156280509 10.098197132349013 10.548204183578488 10.767481029033663 10.80349123477936 7.8430399596691123 6.5801425576210013 9.4724805355072004 10.172236233949659 9.117748558521269 15.665376991033556 10.77229458093643 8.4891317486763018 6.8336211144924155 10.748824417591093 11.079377621412279 26.662985771894455 7.8790743947029114 6.8827260434627524 7.8472141325473785 7.1956962943077079
leaf_count=27 34 29 23 21 23 20 27 29 22 28 20 42 46 22 20 36 37 20 21 31 32 33 33 24 20 29 31 28 48 33 26 21 33 34 82 24 21 24 22
internal_value=0 -0.00144492 -0.00276257 0.000722714 -0.00127439 0.00107669 0.0111963 0.00511772 -0.00708705 -0.00875738 0.00198254 -0.0112064 -0.0146934 0.00692495 0.0143286 0.0156051 -0.00750403 0.0219667 -0.00279779 0.00212987 0.0211075 8.11446e-05 0.0038586 0.011138 0.0135707 0.0086722 0.0153047 -0.00746774 -0.0124531 -0.00249751 0.0121207 -0.0154178 -0.010122 -0.00150232 -0.0201787 0.0217347 -0.00044702 -0.00928763 -0.0162904
internal_weight=384.202 352.991 321.162 177.76 155.809 133.373 31.8292 91.559 143.402 129.013 23.5544 105.459 22.4351 14.3886 21.9514 31.2108 41.8145 16.1113 36.5012 25.4181 22.3368 58.7674 40.1863 18.6465 32.7915 26.2114 16.7389 18.5811 29.7207 21.5398 15.3199 68.9579 35.4613 21.8282 33.4966 14.4486 15.7179 14.3794 22.8611
internal_count=1176 1081 984 544 477 408 97 280 440 396 72 324 69 44 67 95 128 49 112 78 68 180 123 57 100 80 51 57 91 66 47 212 109 67 103 44 48 44 70
is_linear=0
shrinkage=0.03


end of trees

feature_importances:
Column_30=17
Column_12=16
Column_16=15
Column_15=11
Column_27=11
Column_28=10
Column_32=10
Column_20=9
Column_23=9
Column_29=9
Column_34=9
Column_2=8
Column_0=7
Column_22=7
Column_14=6
Column_31=6
Column_35=6
Column_37=6
Column_1=5
Column_21=5
Column_25=5
Column_38=5
Column_19=4
Column_24=4
Column_5=3
Column_17=3
Column_26=3
Column_33=3
Column_36=3
Column_40=3
Column_9=2
Column_11=2
Column_3=1
Column_7=1
Column_8=1
Column_10=1
Column_13=1
Column_39=1
Column_41=1

parameters:
[boosting: gbdt]
[objective: multiclass]
[metric: multi_logloss]
[tree_learner: serial]
[device_type: cpu]
[data_sample_strategy: bagging]
[data: ]
[valid: ]
[num_iterations: 800]
[learning_rate: 0.03]
[num_leaves: 96]
[num_threads: 1]
[seed: 42]
[deterministic: 0]
[force_col_wise: 1]
[force_row_wise: 0]
[histogram_pool_size: -1]
[max_depth: 10]
[min_data_in_leaf: 20]
[min_sum_hessian_in_leaf: 0.001]
[bagging_fraction: 0.85]
[pos_bagging_fraction: 1]
[neg_bagging_fraction: 1]
[bagging_freq: 0]
[bagging_seed: 400]
[bagging_by_query: 0]
[feature_fraction: 0.8]
[feature_fraction_bynode: 1]
[feature_fraction_seed: 30056]
[extra_trees: 0]
[extra_seed: 12879]
[early_stopping_round: 0]
[early_stopping_min_delta: 0]
[first_metric_only: 0]
[max_delta_step: 0]
[lambda_l1: 0.2]
[lambda_l2: 1.5]
[linear_lambda: 0]
[min_gain_to_split: 0]
[drop_rate: 0.1]
[max_drop: 50]
[skip_drop: 0.5]
[xgboost_dart_mode: 0]
[uniform_drop: 0]
[drop_seed: 17869]
[top_rate: 0.2]
[other_rate: 0.1]
[min_data_per_group: 100]
[max_cat_threshold: 32]
[cat_l2: 10]
[cat_smooth: 10]
[max_cat_to_onehot: 4]
[top_k: 20]
[monotone_constraints: ]
[monotone_constraints_method: basic]
[monotone_penalty: 0]
[feature_contri: ]
[forcedsplits_filename: ]
[refit_decay_rate: 0.9]
[cegb_tradeoff: 1]
[cegb_penalty_split: 0]
[cegb_penalty_feature_lazy: ]
[cegb_penalty_feature_coupled: ]
[path_smooth: 0]
[interaction_constraints: ]
[verbosity: -1]
[saved_feature_importance_type: 0]
[use_quantized_grad: 0]
[num_grad_quant_bins: 4]
[quant_train_renew_leaf: 0]
[stochastic_rounding: 1]
[linear_tree: 0]
[max_bin: 255]
[max_bin_by_feature: ]
[min_data_in_bin: 3]
[bin_construct_sample_cnt: 200000]
[data_random_seed: 175]
[is_enable_sparse: 1]
[enable_bundle: 1]
[use_missing: 1]
[zero_as_missing: 0]
[feature_pre_filter: 1]
[pre_partition: 0]
[two_round: 0]
[header: 0]
[label_column: ]
[weight_column: ]
[group_column: ]
[ignore_column: ]
[categorical_feature: ]
[forcedbins_filename: ]
[precise_float_parser: 0]
[parser_config_file: ]
[objective_seed: 16083]
[num_class: 3]
[is_unbalance: 0]
[scale_pos_weight: 1]
[sigmoid: 1]
[boost_from_average: 1]
[reg_sqrt: 0]
[alpha: 0.9]
[fair_c: 1]
[poisson_max_delta_step: 0.7]
[tweedie_variance_power: 1.5]
[lambdarank_truncation_level: 30]
[lambdarank_norm: 1]
[label_gain: ]
[lambdarank_position_bias_regularization: 0]
[eval_at: ]
[multi_error_top_k: 1]
[auc_mu_weights: ]
[num_machines: 1]
[local_listen_port: 12400]
[time_out: 120]
[machine_list_filename: ]
[machines: ]
[gpu_platform_id: -1]
[gpu_device_id: -1]
[gpu_device_id_list: ]
[gpu_use_dp: 0]
[num_gpu: 1]

end of parameters

pandas_categorical:null
