tree
version=v4
num_class=1
num_tree_per_iteration=1
label_index=0
max_feature_idx=16
objective=binary sigmoid:1
feature_names=Column_0 Column_1 Column_2 Column_3 Column_4 Column_5 Column_6 Column_7 Column_8 Column_9 Column_10 Column_11 Column_12 Column_13 Column_14 Column_15 Column_16
feature_infos=[-1.7946718947673626:1.5246402439342206] [-1.444324751466491:1.220838011632184] [-2.0252978702963991:1.6650396402322734] [-0.61409578521683961:1.6263723992044152] [-1.7462886146816503:2.1961832640624626] [-1.8124359381901591:2.1407403278553483] [-3.1505258826259475:3.9366790043281261] [-4.1267663134576589:4.2051025141630269] [-1.9529199554662153:2.4076849202496988] [-2.0276404618359867:2.4477971309014048] [-3.380081798925739:4.4451127675852478] [-4.7116772643715441:3.4370977847412751] [-2.6842787232947822:6.3624859763515502] [-2.7032780663341534:5.70613353393514] [-3.3812270282504335:3.9925277165687127] [-2.0391640455154114:1.4568887523211336] [-2.0103793112727621:1.4791614971263853]
tree_sizes=2735 2771 2785 2458 2556 2035 2680 1620 2357 2788 2576 1726 2567

Tree=0
num_leaves=25
num_cat=0
split_feature=13 12 1 14 7 15 1 12 13 13 14 1 15 14 6 14 14 14 15 12 1 10 13 12
split_gain=10.2904 8.17856 13.0506 9.78337 8.85327 6.82991 11.0462 8.42692 6.14269 6.73611 7.05555 5.67096 5.48597 4.19114 3.20539 4.02245 3.20178 3.18654 3.171 3.33098 2.91774 2.71664 2.12514 2.06516
threshold=-1.1649525602873789 -0.54502513793384233 1.0996942496731534 -0.59297973225746359 1.1822598602396688 -0.24714623881412195 -0.5963184177532761 0.22181035317838715 -0.55210174218517805 0.86713534532875014 -1.8618487737203064 0.85740672575509203 -0.085338761911071009 0.40541211884502842 -1.4279413614912766 -0.75083875152258417 0.97952857308625163 -0.44280757249635166 0.66605470895747199 0.74647068599878363 -0.5963184177532761 0.32756991234970462 -0.015421379186009462 -0.18515107101662429
decision_type=2 2 2 2 2 2 2 2 2 2 2 2 2 2 2 2 2 2 2 2 2 2 2 2
left_child=12 2 8 23 5 20 18 13 -2 14 -11 -9 -1 -8 -10 -16 -14 -17 19 -7 -5 -22 -20 -3
right_child=1 3 -4 4 -6 6 7 11 9 10 -12 -13 16 -15 15 17 -18 -19 22 -21 21 -23 -24 -25
leaf_value=-0.41769925800266428 -0.52718134656905946 -0.51703537715450132 -0.41672173935474999 -0.49509176888580569 -0.44542991859349457 -0.51890653754950633 -0.50330196245572578 -0.42682276538319719 -0.43389348360311014 -0.46722686949698589 -0.54979177790342371 -0.47797264186767435 -0.50460066580224039 -0.45157027915289272 -0.4425354725385594 -0.51732795859808389 -0.44702481744009154 -0.46217635648276234 -0.51520674313211001 -0.47101475425765355 -0.51663999682533557 -0.56007860875848114 -0.55901445384244064 -0.55497953311912074
leaf_weight=7.3071313351392773 7.3071313351392737 6.835703507065773 8.249986991286276 6.8357035070657757 8.9571287333965284 10.135698303580286 23.099963575601581 10.607126131653787 7.0714174211025194 4.9499921947717667 5.4214200228452665 11.078553959727286 4.7142782807350141 4.714278280735015 6.3642756789922705 5.8928478509187689 4.9499921947717667 4.7142782807350256 5.657133936882019 5.6571339368820182 8.7214148193597776 6.1285617649555197 5.4214200228452665 7.5428452491760236
leaf_count=31 31 29 35 29 38 43 98 45 30 21 23 47 20 20 27 25 21 20 24 24 37 26 23 32
internal_value=-0.48753 -0.491208 -0.474183 -0.498216 -0.493013 -0.49736 -0.490328 -0.476318 -0.485546 -0.476705 -0.510386 -0.452954 -0.450392 -0.494534 -0.462176 -0.473961 -0.475111 -0.492816 -0.516137 -0.501751 -0.522124 -0.534567 -0.536645 -0.536941
internal_weight=188.335 171.364 49.9713 121.393 107.014 98.057 76.3713 49.4999 41.7214 34.4142 10.3714 21.6857 16.9714 27.8142 24.0428 16.9714 9.66427 10.6071 26.8714 15.7928 21.6857 14.85 11.0786 14.3785
internal_count=799 727 212 515 454 416 324 210 177 146 44 92 72 118 102 72 41 45 114 67 92 63 47 61
is_linear=0
shrinkage=1


Tree=1
num_leaves=25
num_cat=0
split_feature=13 12 1 14 7 15 1 12 13 11 11 7 1 15 14 15 12 14 1 10 12 10 13 12
split_gain=9.21636 7.38316 11.5474 8.97957 7.94163 6.2385 10.0229 7.53546 5.5813 6.2727 6.43593 5.77009 4.99491 4.81706 3.7705 2.9314 3.02849 2.86521 2.6956 2.55121 2.4012 2.21899 1.99535 1.93786
threshold=-1.1649525602873789 -0.54502513793384233 1.0996942496731534 -0.59297973225746359 1.1822598602396688 -0.24714623881412195 -0.5963184177532761 0.22181035317838715 -0.55210174218517805 0.19052232866616828 0.83401686627468063 -0.51967676003650787 0.85740672575509203 -0.085338761911071009 0.40541211884502842 0.66605470895747199 0.74647068599878363 0.97952857308625163 -0.5963184177532761 0.32756991234970462 -0.89186401947935634 -1.0884176758760928 -0.015421379186009462 -0.18515107101662429
decision_type=2 2 2 2 2 2 2 2 2 2 2 2 2 2 2 2 2 2 2 2 2 2 2 2
left_child=13 2 8 23 5 18 15 14 -2 11 -11 -10 -9 -1 -8 16 -7 -15 -5 -20 -13 -12 -17 -3
right_child=1 3 -4 4 -6 6 7 12 9 10 21 20 -14 17 -16 22 -18 -19 19 -21 -22 -23 -24 -25
leaf_value=0.065288974608649686 -0.038051223319721578 -0.028239564100100718 0.066189232183151078 -0.0071970627441052121 0.039601005010931084 -0.030045058135182739 -0.015042293653093952 0.056869713119057141 -0.010838586588675177 -0.040660700476097572 -0.0070915508822237865 0.032247490132938504 0.0090584807454697682 -0.016286274614608159 0.033872240070504531 -0.026476830256237649 0.015627116978152982 0.038114489766672921 -0.027858287210677742 -0.070246718152186721 0.07980319045235551 0.039810623060460015 -0.069195742017234094 -0.065216731237171519
leaf_weight=7.4215514957904842 7.2355238646268836 6.7862700074911118 8.3808556199073774 6.8232666999101665 9.0439367890357953 10.0576318949461 23.011687606573108 10.752790197730066 4.9692210108041754 8.7201843708753604 4.7267491072416261 5.7001192420721045 11.103654667735098 4.6947577595710737 4.7535243630409232 5.6188173294067383 5.6791466474533072 4.9962158203125 8.6592101007699949 6.0157692134380332 4.9676865041255942 5.4059340506792095 5.3231866657733899 7.4142909049987775
leaf_count=31 31 29 35 29 38 43 98 45 21 37 20 24 47 20 20 24 24 21 37 26 21 23 23 32
internal_value=-1.12141e-05 -0.00350936 0.0126315 -0.0101909 -0.00522607 -0.00937145 -0.00266826 0.0106194 0.00187408 0.0102499 -0.0091697 0.0336632 0.0325803 0.0349752 -0.00666791 -0.027383 -0.0135627 0.0117602 -0.0331621 -0.0452347 0.0543928 0.0179314 -0.0472592 -0.0475458
internal_weight=188.262 171.149 50.1063 121.043 106.843 97.7987 76.3004 49.6217 41.7254 34.4899 18.8529 15.637 21.8564 17.1125 27.7652 26.6788 15.7368 9.69097 21.4982 14.675 10.6678 10.1327 10.942 14.2006
internal_count=799 727 212 515 454 416 324 210 177 146 80 66 92 72 118 114 67 41 92 63 45 43 47 61
is_linear=0
shrinkage=0.05


Tree=2
num_leaves=25
num_cat=0
split_feature=13 12 1 14 7 15 1 4 14 13 13 14 7 13 4 6 15 15 5 6 4 13 12 0
split_gain=8.2684 6.67004 10.2583 8.24896 7.13228 5.70109 9.0993 6.75477 5.39842 5.07299 5.91831 6.39974 4.53976 4.48165 3.91196 2.81455 4.03694 2.7141 3.03195 2.50826 3.0452 1.88149 1.82573 0.514687
threshold=-1.1649525602873789 -0.54502513793384233 1.0996942496731534 -0.59297973225746359 1.1822598602396688 -0.24714623881412195 -0.5963184177532761 0.5863405802419499 0.53927429069684318 -0.55210174218517805 0.86713534532875014 -1.8618487737203064 -1.7897787154664904 0.39443989822987718 -1.0000000180025095e-35 -1.4279413614912766 0.13057309008143764 0.66605470895747199 -1.0000000180025095e-35 -0.36157951507457586 1.0134417004392289 -0.015421379186009462 -0.18515107101662429 -1.0000000180025095e-35
decision_type=2 2 2 2 2 2 2 2 2 2 2 2 2 2 2 2 2 2 2 2 2 2 2 2
left_child=12 2 9 22 5 19 17 8 -8 -2 15 -12 -1 -9 -14 -11 -17 18 -7 -5 23 -19 -3 -21
right_child=1 3 -4 4 -6 6 7 13 -10 10 11 -13 14 -15 -16 16 -18 21 -20 20 -22 -23 -24 -25
leaf_value=0.074460419635423866 -0.036526706839039885 -0.027030061090901399 0.06207493622303966 -0.001329151897149646 0.037301603924480321 -0.037333893024959729 -0.015005917309795506 0.019373013916368465 0.03885925258683659 0.049476058311086042 0.018731120767803023 -0.060083788270614613 -0.015766452626411406 0.075147573164390191 0.040994475718871576 0.035177186673435216 -0.013532392051139326 -0.025330069381538863 0.0068793828563352881 -0.046433816130408229 -0.014025318475288918 -0.067095125553620752 -0.063150906603560764 -0.069227309701166889
leaf_weight=4.7722394615411785 7.1625208854675284 6.7367206960916519 8.4866251051425916 5.1268094182014492 9.1193361580371839 7.0269996821880349 24.445589840412143 14.759753316640856 5.7445373088121405 7.1769575923681215 4.9821321815252304 5.3323213756084424 5.2414328753948221 4.7642656862735739 7.2127255946397755 9.0005304664373487 8.0654003918170911 5.5805307626724243 8.6515095978975296 4.6339908540248906 6.2224287092685691 5.2180237174034101 7.2774710655212385 5.3197884708642942
leaf_count=20 31 29 35 22 38 30 104 62 24 30 21 23 22 20 30 38 34 24 37 20 27 23 32 23
internal_value=-2.07586e-05 -0.00334997 0.0119641 -0.00972384 -0.00498334 -0.00893856 -0.00254522 0.0100648 -0.00475652 0.00177058 0.00970826 -0.0220143 0.0329951 0.0329832 0.0171062 0.023205 0.0121569 -0.0262222 -0.0129367 -0.0318046 -0.0414634 -0.0455116 -0.0457874 -0.0586158
internal_weight=188.061 170.834 50.2065 120.628 106.614 97.4942 76.1912 49.7141 30.1901 41.7199 34.5573 10.3145 17.2264 19.524 12.4542 24.2429 17.0659 26.4771 15.6785 21.303 16.1762 10.7986 14.0142 9.95378
internal_count=799 727 212 515 454 416 324 210 128 177 146 44 72 82 52 102 72 114 67 92 70 47 61 43
is_linear=0
shrinkage=0.05


Tree=3
num_leaves=22
num_cat=0
split_feature=13 12 1 14 7 15 1 15 12 1 13 11 5 9 4 15 9 11 14 14 12
split_gain=7.42167 6.02966 9.1433 7.58395 6.4114 5.25013 4.99136 12.7838 6.86266 5.66862 4.67159 6.1775 6.14469 4.45286 4.40056 4.28275 4.27828 3.94988 2.49091 2.44466 1.72595
threshold=-1.1649525602873789 -0.54502513793384233 1.0996942496731534 -0.59297973225746359 1.1822598602396688 -1.0480932494842241 -0.5963184177532761 -0.23147113948913892 0.22181035317838715 0.85740672575509203 -0.4786369035137768 0.19052232866616828 0.69124236363866232 -0.098939975442015562 -1.1549178328700331 -0.085338761911071009 0.2515175715024997 0.90931450420015614 0.020232520139130621 0.97952857308625163 -0.18515107101662429
decision_type=2 2 2 2 2 2 2 2 2 2 2 2 2 2 2 2 2 2 2 2 2
left_child=15 2 10 20 5 16 7 -7 14 -10 -2 13 -13 -12 -8 -1 -5 -14 -9 -17 -3
right_child=1 3 -4 4 -6 6 8 18 9 -11 11 12 17 -15 -16 19 -18 -19 -20 -21 -22
leaf_value=0.059432998133921555 -0.03134840892978269 -0.025873245430142879 0.058378583089340436 -0.059844755226471869 0.035177964855137411 0.052646922664707642 0.033866212742698035 -0.067301742738839918 0.051955549174889405 0.0020549926092855034 0.01283819525042116 -0.058449908176895216 -0.018018367414063954 0.070029574383874818 -0.017698129429422033 -0.01667221499727501 -0.0022467919767788849 0.034895111845369912 -0.027606891725274738 0.033357058248168203 -0.061229269119517454
leaf_weight=7.5502831488847759 8.5208595246076566 6.6873113960027695 8.5704778879880887 8.2709402441978437 9.1846088171005231 4.9091688543558147 4.8752598017454067 5.0123355388641313 10.91942320764065 11.886529356241224 8.8562040179967862 4.6686021685600307 7.2504866719245893 5.5277481377124777 27.34608426690103 4.7023504227399808 5.2834952324628821 6.8674514442682266 18.684176132082939 5.0793933272361755 7.1342263221740705
leaf_count=31 37 29 35 36 38 21 21 22 45 50 37 20 31 23 117 20 23 29 81 21 32
internal_value=-2.92757e-05 -0.00319889 0.0113434 -0.0092801 -0.00475278 -0.00852639 -0.00384794 -0.0207895 0.00495906 0.0259472 0.00167438 0.0101573 -0.00872331 0.0348168 -0.00989617 0.031143 -0.0373932 0.00772057 -0.0360032 0.00930663 -0.0441229
internal_weight=187.787 170.455 50.2618 120.194 106.372 97.1874 83.633 28.6057 55.0273 22.806 41.6914 33.1705 18.7865 14.384 32.2213 17.332 13.5544 14.1179 23.6965 9.78174 13.8215
internal_count=799 727 212 515 454 416 357 124 233 95 177 140 80 60 138 72 59 60 103 41 61
is_linear=0
shrinkage=0.05


Tree=4
num_leaves=23
num_cat=0
split_feature=11 2 16 1 12 9 9 14 10 0 2 12 14 12 13 13 4 9 4 6 7 10
split_gain=7.22456 4.77522 5.47194 5.27587 6.68649 4.17926 3.74273 4.9974 9.7618 6.91152 6.02157 4.89699 4.88792 3.71209 5.61687 4.52117 4.4606 4.38849 3.3419 2.91044 2.49475 1.81891
threshold=-1.8596059971820564 -1.1027134926642306 -0.12530049736318508 1.0996942496731534 0.49128370912232561 -0.20017011146821859 1.4283919014445543 0.23971315930109086 1.0355637064626035 0.97142155415062359 0.7424552626001053 1.2813186723036305 -0.59297973225746359 -0.44751682754582073 -0.55210174218517805 0.81316073821408053 0.750610241856288 0.48357729853332743 -0.5635470510584164 0.88524356688956674 -1.0000000180025095e-35 -0.082321231610394743
decision_type=2 2 2 2 2 2 2 2 2 2 2 2 2 2 2 2 2 2 2 2 2 2
left_child=-1 2 -2 6 18 -4 7 13 9 10 -9 -10 -8 14 -3 -16 17 -15 -5 -18 -20 -7
right_child=1 3 5 4 -6 21 12 8 11 -11 -12 -13 -14 16 15 -17 19 -19 20 -21 -22 -23
leaf_value=0.051011401608862264 -0.05242007834801047 -0.044333693824397766 0.019229880557237747 0.062564490948181339 -0.030225186871410143 -0.0043944512153700904 -0.0057805575511958654 0.056435946987505904 -0.0027843986119139995 -0.019243134317642015 0.0038323188302347381 -0.070463983598607713 0.063376342244877246 -0.018712933747528811 0.020742646926789822 -0.024919068064329516 0.032432852868235273 -0.059532855297380005 0.0001182216701846739 -0.021541901350373552 0.042114505941555226 -0.042277938647900443
leaf_weight=6.683756858110427 9.0761312097311038 6.1394443660974494 9.2843689620494878 7.0349475741386476 4.9349706619977942 5.8636844009161013 5.497058779001236 14.422440111637119 6.2116172164678556 7.28574015200138 8.7352411150932312 4.6912723183631897 4.7739017605781537 17.529348373413089 20.270596250891689 7.4001607447862616 4.8873807638883573 10.545298948884009 7.3211791515350377 5.107745572924614 6.8402340561151451 6.8933268934488243
leaf_count=28 39 27 39 29 21 25 24 61 26 31 37 20 20 76 85 32 21 46 31 22 29 30
internal_value=-3.68056e-05 -0.0019245 -0.0197457 0.00178169 0.0221924 -0.00629117 -0.0025371 -0.00515871 0.00869143 0.0232306 0.0365935 -0.0319054 0.0263633 -0.0131255 -0.00106842 0.00853105 -0.0238335 -0.0340456 0.0343963 0.00485048 0.0204032 -0.024865
internal_weight=187.43 180.746 31.1175 149.629 26.1313 22.0414 123.497 113.226 41.3463 30.4434 23.1577 10.9029 10.271 71.88 33.8102 27.6708 38.0698 28.0746 21.1964 9.99513 14.1614 12.757
internal_count=799 771 133 638 110 94 528 484 175 129 98 46 44 309 144 117 165 122 89 43 60 55
is_linear=0
shrinkage=0.05


Tree=5
num_leaves=18
num_cat=0
split_feature=11 2 16 9 5 1 12 9 16 14 10 0 12 7 14 4 0
split_gain=6.45982 4.33482 5.04327 4.74783 6.0187 5.04936 5.83914 3.83834 3.58018 3.5181 8.25627 5.8237 5.29673 4.67162 5.33726 1.69824 1.19218
threshold=-1.8596059971820564 -1.1027134926642306 -0.12530049736318508 1.7764814919907963 1.4159913457470055 1.0996942496731534 0.048714998884285786 -0.26232896692290453 -0.12530049736318508 0.27698222063382189 1.0355637064626035 0.97142155415062359 1.2813186723036305 1.1822598602396688 -0.28326950082900743 -0.5635470510584164 -1.0000000180025095e-35
decision_type=2 2 2 2 2 2 2 2 2 2 2 2 2 2 2 2 2
left_child=-1 2 -2 4 5 9 15 -4 -8 13 11 -11 -12 14 -3 -7 -9
right_child=1 3 7 -5 -6 6 8 16 -10 10 12 -13 -14 -15 -16 -17 -18
leaf_value=0.047987896250611284 -0.050515754136190506 0.001133163571724078 0.023220517646822383 0.050629841747040098 -0.041908336622839375 0.061875275146614978 0.024000880186684229 -0.003420133943716255 -0.034150645415131291 0.036119781776588922 0.0036351210471777537 -0.016160211393087189 -0.068323965477961421 0.03814646364638475 -0.027180288407906442 0.027724947230251956 -0.032629490129889312
leaf_weight=6.7478887736797324 8.9505811929702777 35.587344482541084 7.4387185722589537 4.7959655523300162 8.0652377456426603 6.6165503412485114 5.1989282220602036 5.8265528231859252 5.3918093591928464 22.160563290119175 5.7403645664453489 7.0124197155237189 4.6117510050535202 4.9677857011556616 31.269774094223976 8.0933147668838519 8.7234246283769519
leaf_count=28 39 153 31 20 35 27 22 25 23 93 24 30 20 21 136 34 38
internal_value=-4.33785e-05 -0.00183949 -0.0188751 0.00168579 6.37565e-05 0.00254099 0.0227043 -0.0059957 -0.00560442 -0.00204046 0.00994017 0.023553 -0.0284218 -0.00863338 -0.0121093 0.0430859 -0.0209326
internal_weight=187.199 180.451 30.9393 149.512 144.716 136.651 25.3006 21.9887 10.5907 111.35 39.5251 29.173 10.3521 71.8249 66.8571 14.7099 14.55
internal_count=799 771 133 638 618 583 106 94 45 477 167 123 44 310 289 61 63
is_linear=0
shrinkage=0.05


Tree=6
num_leaves=24
num_cat=0
split_feature=13 12 12 14 1 13 11 7 11 15 1 4 4 13 9 12 12 15 5 1 10 2 13
split_gain=5.8268 4.97274 7.84498 6.65909 5.89102 6.12434 6.32149 5.52093 5.2905 4.8865 7.14657 5.71692 4.50742 4.00898 3.94651 3.86877 7.23116 2.42922 2.94442 2.41875 2.43179 1.74675 1.68786
threshold=-1.1649525602873789 -0.54502513793384233 -0.62098177285863709 -0.59297973225746359 1.0996942496731534 -0.4786369035137768 0.19052232866616828 1.1822598602396688 0.83401686627468063 -0.24714623881412195 -0.5963184177532761 0.5863405802419499 -0.30071559247547558 0.39443989822987718 -0.098939975442015562 -0.33565777414975334 0.5608856153403462 0.66605470895747199 -1.0000000180025095e-35 -0.5963184177532761 0.32756991234970462 1.0000000180025095e-35 -0.015421379186009462
decision_type=2 2 2 2 2 2 2 2 2 2 2 2 2 2 2 2 2 2 2 2 2 2 2
left_child=15 2 4 21 5 -2 14 9 -8 19 17 12 -12 -13 -7 -1 -17 18 -11 -5 -21 -3 -19
right_child=1 3 -4 7 -6 6 8 -9 -10 10 11 13 -14 -15 -16 16 -18 22 -20 20 -22 -23 -24
leaf_value=-0.0083987057457816875 -0.043876763547713415 -0.059821355198861337 0.071130944413859684 -0.0044476201965996248 0.045357916652789904 0.011401280322058945 -0.045408171568761049 0.032700302634119542 0.010990819440862817 -0.034847519558988425 0.019313546927371819 0.017306668038051639 -0.020236054875390319 0.069715194509541778 0.067376786693300258 0.078377583572315876 0.0012032829735667983 -0.022660789107135575 0.0090581085345379283 -0.023778203994650388 -0.065973196129857442 -0.02382723351673308 -0.062930571904168911
leaf_weight=5.2644096761941936 7.6679873317480078 6.6328504234552366 4.7960826158523551 6.7117807269096401 7.2071285843849173 8.8994397819042188 7.5866515338420895 9.2396724969148618 9.2009390890598279 6.9043560624122629 11.976810976862906 14.84525701403618 18.078678682446483 4.8381991833448401 4.873164817690852 6.5976339280605298 5.6215621083974838 5.4770307987928391 8.5438538044691086 8.4214215874671918 5.7434136718511573 6.8531649857759476 4.9571197926998121
leaf_count=22 34 30 20 29 29 37 33 38 39 30 51 62 77 20 20 27 23 24 37 37 26 31 23
internal_value=-4.72817e-05 -0.00288274 0.010313 -0.00844239 0.00389316 -0.00392416 0.00610052 -0.00422228 -0.014497 -0.00775762 -0.00184585 0.00924208 -0.00447594 0.0301887 0.0312071 0.0274347 0.0428728 -0.0231539 -0.0105649 -0.0291718 -0.040887 -0.0415303 -0.0417924
internal_weight=186.939 169.455 50.2314 119.224 45.4353 38.2282 30.5602 105.738 16.7876 96.4979 75.6213 49.7389 30.0555 19.6835 13.7726 17.4836 12.2192 25.8824 15.4482 20.8766 14.1648 13.486 10.4342
internal_count=799 727 212 515 192 163 129 454 72 416 324 210 128 82 57 72 50 114 67 92 63 61 47
is_linear=0
shrinkage=0.05


Tree=7
num_leaves=14
num_cat=0
split_feature=11 2 16 6 9 5 15 2 13 16 9 10 7
split_gain=5.63732 3.86386 4.64321 4.30119 3.88344 6.30711 4.51107 5.28422 8.55355 7.77829 3.3514 1.62759 1.62537
threshold=-1.8596059971820564 -1.1027134926642306 -0.12530049736318508 1.4266272735318917 1.4283919014445543 1.4159913457470055 -1.87230008495914 0.7424552626001053 -0.39022970294668891 1.0000000180025095e-35 -0.20017011146821859 -0.082321231610394743 1.0552496646966705
decision_type=2 2 2 2 2 2 2 2 2 2 2 2 2
left_child=-1 2 -2 4 5 6 -3 8 -8 -9 -4 -12 -6
right_child=1 3 10 -5 12 -7 7 9 -10 -11 11 -13 -14
leaf_value=0.044647164120869359 -0.048610239577271029 -0.035257829776413049 0.017092928723526836 -0.033210459944810831 0.055481353511926061 -0.051050739071578227 0.032967269533608089 0.018150936048775466 -6.2918525655315238e-05 -0.028517309672790467 -0.0031021076089866872 -0.039249574581383818 0.013828931231352133
leaf_weight=6.7961533665657035 8.7866371423006076 7.0081210732460013 9.3399304747581517 8.3837366849184018 4.7069459110498411 5.4846295565366736 32.629699453711503 14.995872154831885 49.08572198450566 22.067659094929695 5.8083398342132586 6.7133378684520668 4.6618205904960632
leaf_count=28 39 31 39 36 20 24 138 64 210 95 25 30 20
internal_value=-5.33793e-05 -0.00174419 -0.0179125 0.00158098 0.00365494 0.00143532 0.00372384 0.00602382 0.0131263 -0.00963538 -0.00557447 -0.0224821 0.0347555
internal_weight=186.469 179.672 30.6482 149.024 140.64 131.272 125.787 118.779 81.7154 37.0635 21.8616 12.5217 9.36877
internal_count=799 771 133 638 602 562 538 507 348 159 94 55 40
is_linear=0
shrinkage=0.05


Tree=8
num_leaves=21
num_cat=0
split_feature=11 14 13 7 14 6 14 9 13 14 1 9 2 13 15 12 16 4 0 10
split_gain=5.05817 3.71938 6.08022 9.67337 4.49228 5.50389 4.01873 8.16542 6.82076 4.93813 7.22599 5.30981 4.47905 4.81338 3.60133 3.05814 3.38984 2.96257 2.55742 1.28924
threshold=-1.8596059971820564 -2.1123736727804006 0.52887092062237795 1.0552496646966705 -0.35153488258699295 0.76220181537994736 -0.28326950082900743 0.37790724426036126 -0.038360081335507355 0.099593159835007952 1.0996942496731534 -1.6919826423806821 0.7424552626001053 -0.14489207666236639 0.13057309008143764 -0.41793609622458888 -0.12530049736318508 -0.1364459308611376 1.0000000180025095e-35 0.27300648084852253
decision_type=2 2 2 2 2 2 2 2 2 2 2 2 2 2 2 2 2 2 2 2
left_child=-1 -2 3 6 15 -6 7 8 14 10 11 -8 13 -11 -3 16 -4 -5 -14 -17
right_child=1 2 4 17 5 -7 9 -9 -10 12 -12 -13 18 -15 -16 19 -18 -19 -20 -21
leaf_value=0.042153677798204281 0.041883423475159165 0.042891319206618567 0.018986208057145241 0.023087751668912394 0.041692552327445259 -0.024346217328381877 0.010216411262135639 -0.024779930834858105 0.081690261848946649 0.015032935948227006 0.024646943839847203 -0.050575310708636016 -0.0007933674117706059 -0.02769897413319157 -0.0087830000205414618 -0.032606396245725019 -0.033840971215970669 0.077811419755536307 -0.038328109297800721 -0.061653037897144693
leaf_weight=6.8371403068304053 4.772851273417472 6.2346836924552935 5.0568972527980804 5.0538324862718582 5.6492581665515882 7.1462448984384537 4.5563031584024491 8.6956547945737821 5.3304937332868603 42.893742635846131 5.9247954189777365 16.97097609937191 8.6642711311578768 7.7862488031387391 7.3426882326602936 8.3374217450618726 7.6015035361051559 4.8434194922447187 9.5293428152799589 7.0508190244436273
leaf_count=28 20 26 22 21 24 31 20 37 22 182 25 75 37 34 31 38 33 20 41 32
internal_value=-5.57238e-05 -0.001664 -0.00285394 0.00229959 -0.0197404 0.00481012 -0.00149931 0.0153203 0.0337623 -0.00631922 -0.0242508 -0.0377086 0.00082807 0.0084678 0.0149457 -0.0309409 -0.0127371 0.0498679 -0.0204531 -0.0459154
internal_weight=186.279 179.441 174.669 133.826 40.8421 12.7955 123.929 27.6035 18.9079 96.3257 27.4521 21.5273 68.8736 50.68 13.5774 28.0466 12.6584 9.89725 18.1936 15.3882
internal_count=799 771 751 571 180 55 530 116 79 414 120 95 294 216 57 125 55 41 78 70
is_linear=0
shrinkage=0.05


Tree=9
num_leaves=25
num_cat=0
split_feature=2 13 16 12 1 15 15 14 11 10 10 16 15 9 12 15 1 4 9 1 7 11 12 11
split_gain=4.94934 8.6591 4.90594 4.10903 6.48964 4.90406 4.87863 5.27459 5.72722 7.19331 5.65197 3.54102 3.20496 3.03544 3.02478 2.93332 7.285 3.57159 2.73215 2.0981 1.36673 0.985813 0.841605 0.567487
threshold=-1.1027134926642306 -1.1649525602873789 -0.12530049736318508 -0.54502513793384233 0.85740672575509203 -0.30023931717293556 -1.0480932494842241 -0.49751624435891068 -0.11343991522930993 1.0000000180025095e-35 0.76407736435916096 0.15531632205682158 -0.085338761911071009 -0.61041855746914597 -0.8580536763105111 0.26456990689177678 1.0000000180025095e-35 0.5863405802419499 0.2515175715024997 -1.0000000180025095e-35 0.85203335182787321 0.25658099261305789 -0.15552356681158724 0.25658099261305789
decision_type=2 2 2 2 2 2 2 2 2 2 2 2 2 2 2 2 2 2 2 2 2 2 2 2
left_child=2 12 22 4 5 -3 18 20 9 -9 -11 -7 -2 -4 -6 17 -17 -10 -5 21 -8 -15 -1 -13
right_child=1 3 13 6 14 11 7 8 15 10 -12 23 -14 19 -16 16 -18 -19 -20 -21 -22 -23 -24 -25
leaf_value=-0.03378715564861702 0.067830340819923243 0.029156074248040321 0.025529101468181322 -0.054233479295999344 0.015779956768961264 0.0063679072730656074 -0.016064383267391815 -0.051611859298728517 -0.017357503484227776 0.027224476536878334 -0.026392260148426983 -0.049904105645301816 0.019873111605471734 0.011175933370671404 0.06221948526468532 -0.0095098431626893069 0.050259082020911838 0.022343851271452886 -0.010008219587580386 -0.042452196875165091 -0.049249263047030527 -0.019205533116826407 -0.064150250078172918 -0.025194235649534713
leaf_weight=4.5258579403162003 6.1945538371801376 8.9516561925411242 5.8056055605411574 7.2859827727079374 6.5527686476707458 8.9858467131853121 6.80667996406555 8.6492539346218056 11.30667158961297 10.890144377946855 8.958535820245741 4.6853624880313856 7.9611749798059446 5.3672219961881655 7.5421625375747663 8.0812091082334536 13.811568528413771 11.35294623672962 6.7069104611873627 5.2862746715545592 5.7017765939235687 5.3131964504718781 4.6036600321531314 4.6095247566699982
leaf_count=20 25 38 24 33 27 38 31 37 49 46 38 20 33 23 31 36 58 48 30 23 26 24 21 20
internal_value=-6.04502e-05 0.00358154 -0.0183324 -0.000164176 0.0130891 -0.00116538 -0.00566605 -0.00118978 0.00394738 -0.0135575 0.00302501 -0.0160131 0.0408592 -0.00543172 0.0406296 0.0151444 0.0281968 0.00253371 -0.0330359 -0.0166893 -0.0311912 -0.00393796 -0.0490981 -0.03765
internal_weight=185.937 155.035 30.9018 140.879 41.3273 27.2324 99.5517 85.5588 73.0503 28.4979 19.8487 18.2807 14.1557 21.7723 14.0949 44.5524 21.8928 22.6596 13.9929 15.9667 12.5085 10.6804 9.12952 9.29489
internal_count=799 664 135 606 174 116 432 369 312 121 84 78 58 94 58 191 94 97 63 70 57 47 41 40
is_linear=0
shrinkage=0.05


Tree=10
num_leaves=23
num_cat=0
split_feature=2 13 16 9 5 4 1 4 12 13 10 15 7 7 9 2 9 9 7 1 11 11
split_gain=4.49389 7.78661 4.53786 3.9784 4.52887 4.82895 6.62939 5.00821 5.38629 3.74705 3.74032 3.68359 3.25681 3.04806 2.74183 2.68195 2.67262 4.85066 2.78854 1.92562 0.893617 0.845167
threshold=-1.1027134926642306 -1.1649525602873789 -0.12530049736318508 1.7764814919907963 1.4159913457470055 -0.30071559247547558 0.85740672575509203 0.5863405802419499 -0.021995799988535607 -0.50727927254534289 0.57243994640378992 -0.48176708032354587 -1.3748787433593626 -1.0000000180025095e-35 -0.61041855746914597 0.7424552626001053 -0.098939975442015562 0.2515175715024997 -0.35879717901537683 -1.0000000180025095e-35 0.25658099261305789 1.0000000180025095e-35
decision_type=2 2 2 2 2 2 2 2 2 2 2 2 2 2 2 2 2 2 2 2 2 2
left_child=2 12 21 4 5 6 16 10 -9 -8 15 -10 -2 -11 -4 -7 18 -18 -3 20 -16 -1
right_child=1 3 14 -5 -6 7 9 8 11 13 -12 -13 -14 -15 19 -17 17 -19 -20 -21 -22 -23
leaf_value=-0.032029285198363455 0.067044330025436027 -0.038200408805719843 0.024153984182027077 0.044385382225324045 -0.038694680384006287 -0.0032786362617861554 0.070723948742732523 -0.045905989853654593 -0.02208064407650219 -0.0079492914934434552 -0.051848676371451623 0.019397676515924719 0.01847039776657677 0.041559470671196141 0.010589590147395973 -0.036474469091664408 0.043813986256239446 -0.010164630224113951 0.0057186911544222984 -0.040797948471837396 -0.018364346681358019 -0.062704985721523263
leaf_weight=4.4716410338878649 5.9101245403289786 7.5264318436384201 5.8287021517753645 4.8391913175582877 7.8179540783166876 21.934594824910167 5.5591085404157665 4.5877007395029059 6.5762248337268785 5.2025855481624612 7.5330854505300513 28.768230825662616 8.2930884808301908 7.7249710708856556 5.3808236569166201 8.4201802611350995 7.072259426116946 10.113867670297621 6.9529839754104632 5.2271117717027602 5.2796163260936737 4.5101224035024643
leaf_count=20 24 33 24 20 35 95 23 20 30 22 33 122 34 32 23 37 30 44 30 23 24 21
internal_value=-6.47512e-05 0.0034002 -0.0175411 -0.000163228 -0.00175082 0.000506119 0.0126048 -0.00729107 0.00506425 0.0363966 -0.020313 0.0116802 0.0386826 0.0216351 -0.00517792 -0.0124869 -0.00128501 0.0120481 -0.0171106 -0.015939 -0.00374994 -0.0474328
internal_weight=185.531 154.833 30.698 140.629 135.79 127.972 50.1522 77.82 39.9322 18.4867 37.8879 35.3445 14.2032 12.9276 21.7163 30.3548 31.6655 17.1861 14.4794 15.8876 10.6604 8.98176
internal_count=799 664 135 606 586 551 214 337 172 77 165 152 58 54 94 132 137 74 63 70 47 41
is_linear=0
shrinkage=0.05


Tree=11
num_leaves=15
num_cat=0
split_feature=11 14 13 9 9 14 2 11 4 1 13 12 15 11
split_gain=4.13481 3.39519 5.13284 3.52095 5.30076 5.34701 4.33038 3.69556 4.58722 6.71242 5.74721 2.32897 2.09971 0.793535
threshold=-1.8596059971820564 -2.1123736727804006 1.8375649484005574 1.2117238910025063 0.68248563598832257 -0.44280757249635166 1.0000000180025095e-35 -1.4327653993713851 -0.30071559247547558 0.61511920183703073 -1.1828699188412453 0.45315899977644719 0.18366616844025124 0.90931450420015614
decision_type=2 2 2 2 2 2 2 2 2 2 2 2 2 2
left_child=-1 -2 3 4 7 13 -5 -3 9 -9 -10 -7 -8 -6
right_child=1 2 -4 6 5 11 12 8 10 -11 -12 -13 -14 -15
leaf_value=0.03806264146661114 0.039976256278442007 -0.031391134432335675 -0.048383483715364758 -0.012324705974962375 -0.066107826104355866 0.024005549098653572 0.064627009150240333 -0.0029552949889128073 0.040088387155048172 0.034698193409495141 -0.0093913544534320412 -0.025747577112919941 0.018463204457939884 -0.038257341537661721
leaf_weight=6.8467838615179053 4.7939324826002112 8.6482684314250928 5.9329677671194068 5.9363844245672217 5.2844806909561175 4.790929511189459 4.9670454114675504 25.396300882101059 6.410204052925109 22.16732095181942 69.473561868071556 4.6207222640514374 4.886336475610733 4.956606388092041
leaf_count=28 20 37 28 26 24 21 21 109 26 93 303 20 21 22
internal_value=-6.76738e-05 -0.00153218 -0.00267928 -0.00106077 -0.0033989 -0.0276265 0.02141 0.000205589 0.00241914 0.0145933 -0.0052116 -0.000421128 0.0417342 -0.0526284
internal_weight=185.112 178.265 173.471 167.538 151.748 19.6527 15.7898 132.096 123.447 47.5636 75.8838 9.41165 9.85338 10.2411
internal_count=799 771 751 723 655 87 68 568 531 202 329 41 42 46
is_linear=0
shrinkage=0.05


Tree=12
num_leaves=23
num_cat=0
split_feature=2 13 16 13 12 12 16 15 14 2 6 14 5 15 7 14 0 9 2 6 2 11
split_gain=3.93306 6.61354 4.23977 3.78359 3.43767 5.00146 5.83905 4.73582 5.09127 4.42914 4.7626 3.77394 3.4713 3.38988 2.93718 2.56381 5.41046 2.50022 1.97221 1.85225 1.36056 0.811719
threshold=-1.1027134926642306 -1.1649525602873789 -0.12530049736318508 -0.96627370973477478 -0.54502513793384233 -0.80155702045182575 -0.12530049736318508 -1.0480932494842241 -0.49751624435891068 0.7424552626001053 1.2461660379844501 -0.9948872654470865 0.69124236363866232 0.13057309008143764 -1.3748787433593626 0.49552991971360555 1.0000000180025095e-35 0.2515175715024997 1.0000000180025095e-35 -1.0834244572643426 0.7424552626001053 1.0000000180025095e-35
decision_type=2 2 2 2 2 2 2 2 2 2 2 2 2 2 2 2 2 2 2 2 2 2
left_child=2 14 21 -3 5 11 -7 17 20 10 -10 19 -11 -13 -2 16 -4 -6 -8 -5 -9 -1
right_child=1 3 15 4 7 6 18 8 9 12 -12 13 -14 -15 -16 -17 -18 -19 -20 -21 -22 -23
leaf_value=-0.030599178453773492 0.062523481404993461 -0.0363084417190822 0.019538405737552007 0.0365083120061745 -0.051811198369086355 0.078809178250949893 0.034977042626783465 -0.041373520756659066 0.021673023232904376 -0.023699110754366287 -0.027618902578194812 0.0045484779831147263 0.018798404892986811 -0.053081881527868524 0.016462047396975623 0.019598514810549125 -0.042802391121663882 -0.008857922476987223 -0.0095473486938970013 -0.00048543972796235104 -0.0067731033479267334 -0.060954390575019037
leaf_weight=4.4154471904039401 5.9270375519990912 6.8727353215217581 5.9616819918155697 6.4651683866977674 6.9192997962236387 5.3198528885841379 5.266287356615063 7.6954871267080289 39.630162730813026 16.445124566555027 5.5918653309345236 5.3220938295125979 6.7887303084135047 4.9017943739891052 8.31813697516918 7.2715694904327384 8.3622432649135572 6.6379963457584381 4.7129078209400177 7.0989473760128021 4.5040542036294937 4.3938609212636948
leaf_count=20 24 30 26 27 32 22 22 36 168 72 24 22 29 21 34 31 37 30 20 30 21 21
internal_value=-6.86144e-05 0.00316792 -0.0165061 -0.000130765 0.0017345 0.0142005 0.0365027 -0.00343738 0.00115864 0.00646178 0.0155779 -0.000143046 -0.0112817 -0.0230821 0.035627 -0.00458106 -0.0168559 -0.0307802 0.0139494 0.0171472 -0.0285991 -0.0457396
internal_weight=184.822 154.418 30.4048 140.173 133.3 39.0871 15.299 94.2127 80.6554 68.4559 45.222 23.788 23.2339 10.2239 14.2452 21.5955 14.3239 13.5573 9.9792 13.5641 12.1995 8.80931
internal_count=799 664 135 606 576 164 64 412 350 293 192 100 101 43 58 94 63 62 42 57 57 41
is_linear=0
shrinkage=0.05


end of trees

feature_importances:
Column_12=31
Column_13=31
Column_14=30
Column_1=25
Column_15=24
Column_9=21
Column_11=19
Column_7=16
Column_2=15
Column_4=14
Column_10=12
Column_16=11
Column_6=8
Column_5=7
Column_0=6

parameters:
[boosting: gbdt]
[objective: binary]
[metric: binary_logloss]
[tree_learner: serial]
[device_type: cpu]
[data_sample_strategy: bagging]
[data: ]
[valid: ]
[num_iterations: 1800]
[learning_rate: 0.05]
[num_leaves: 48]
[num_threads: 0]
[seed: 42]
[deterministic: 0]
[force_col_wise: 0]
[force_row_wise: 0]
[histogram_pool_size: -1]
[max_depth: 8]
[min_data_in_leaf: 20]
[min_sum_hessian_in_leaf: 0.001]
[bagging_fraction: 1]
[pos_bagging_fraction: 1]
[neg_bagging_fraction: 1]
[bagging_freq: 0]
[bagging_seed: 400]
[bagging_by_query: 0]
[feature_fraction: 1]
[feature_fraction_bynode: 1]
[feature_fraction_seed: 30056]
[extra_trees: 0]
[extra_seed: 12879]
[early_stopping_round: 0]
[early_stopping_min_delta: 0]
[first_metric_only: 0]
[max_delta_step: 0]
[lambda_l1: 0]
[lambda_l2: 0]
[linear_lambda: 0]
[min_gain_to_split: 0]
[drop_rate: 0.1]
[max_drop: 50]
[skip_drop: 0.5]
[xgboost_dart_mode: 0]
[uniform_drop: 0]
[drop_seed: 17869]
[top_rate: 0.2]
[other_rate: 0.1]
[min_data_per_group: 100]
[max_cat_threshold: 32]
[cat_l2: 10]
[cat_smooth: 10]
[max_cat_to_onehot: 4]
[top_k: 20]
[monotone_constraints: ]
[monotone_constraints_method: basic]
[monotone_penalty: 0]
[feature_contri: ]
[forcedsplits_filename: ]
[refit_decay_rate: 0.9]
[cegb_tradeoff: 1]
[cegb_penalty_split: 0]
[cegb_penalty_feature_lazy: ]
[cegb_penalty_feature_coupled: ]
[path_smooth: 0]
[interaction_constraints: ]
[verbosity: -1]
[saved_feature_importance_type: 0]
[use_quantized_grad: 0]
[num_grad_quant_bins: 4]
[quant_train_renew_leaf: 0]
[stochastic_rounding: 1]
[linear_tree: 0]
[max_bin: 255]
[max_bin_by_feature: ]
[min_data_in_bin: 3]
[bin_construct_sample_cnt: 200000]
[data_random_seed: 175]
[is_enable_sparse: 1]
[enable_bundle: 1]
[use_missing: 1]
[zero_as_missing: 0]
[feature_pre_filter: 1]
[pre_partition: 0]
[two_round: 0]
[header: 0]
[label_column: ]
[weight_column: ]
[group_column: ]
[ignore_column: ]
[categorical_feature: ]
[forcedbins_filename: ]
[precise_float_parser: 0]
[parser_config_file: ]
[objective_seed: 16083]
[num_class: 1]
[is_unbalance: 0]
[scale_pos_weight: 1]
[sigmoid: 1]
[boost_from_average: 1]
[reg_sqrt: 0]
[alpha: 0.9]
[fair_c: 1]
[poisson_max_delta_step: 0.7]
[tweedie_variance_power: 1.5]
[lambdarank_truncation_level: 30]
[lambdarank_norm: 1]
[label_gain: ]
[lambdarank_position_bias_regularization: 0]
[eval_at: ]
[multi_error_top_k: 1]
[auc_mu_weights: ]
[num_machines: 1]
[local_listen_port: 12400]
[time_out: 120]
[machine_list_filename: ]
[machines: ]
[gpu_platform_id: -1]
[gpu_device_id: -1]
[gpu_device_id_list: ]
[gpu_use_dp: 0]
[num_gpu: 1]

end of parameters

pandas_categorical:null
