tree
version=v4
num_class=1
num_tree_per_iteration=1
label_index=0
max_feature_idx=16
objective=binary sigmoid:1
feature_names=Column_0 Column_1 Column_2 Column_3 Column_4 Column_5 Column_6 Column_7 Column_8 Column_9 Column_10 Column_11 Column_12 Column_13 Column_14 Column_15 Column_16
feature_infos=[-2.6420443830083395:1.4151052334487519] [-1.3692663101248004:1.3864872069732033] [-2.8116449986280223:0.88863162578694399] [-1.5936000492200983:0.6274073186482414] [-1.5920601469465574:2.0390069325635842] [-1.6307221893545523:2.0350879084132933] [-5.8849258084302303:7.3382936505076755] [-7.5773713388065929:5.6953170589945268] [-1.7527761705112674:2.2209687977521013] [-1.7873250191241634:2.246652021603698] [-6.4641016410511458:8.0485761484069371] [-8.3748935217159151:5.8037949510744298] [-3.7963978846285578:4.6665597839503761] [-3.7409509981852804:4.712997086345907] [-4.5114801254954688:5.1810203895995031] [-1.7555529091745581:1.7470902166393549] [-1.7446080692047206:1.7509834810854528]
tree_sizes=5156

Tree=0
num_leaves=48
num_cat=0
split_feature=12 0 0 11 7 4 15 15 15 1 16 8 16 11 14 12 13 11 13 13 16 14 6 5 4 16 15 15 11 6 9 5 0 1 8 6 2 6 15 12 4 15 11 0 8 8 10
split_gain=37.0677 12.2066 11.9139 8.80632 10.5408 10.0487 9.81037 7.67548 11.4427 10.3609 11.148 7.3972 12.2851 12.3255 9.70112 7.79709 7.37857 7.11715 6.9225 6.52091 6.40376 12.4714 6.2041 8.07531 6.11616 6.42244 6.6245 5.63941 5.498 5.25053 7.8336 5.85158 5.2335 8.78899 7.22313 6.81326 6.73722 6.33883 6.28057 6.08475 5.21288 5.04883 4.82958 4.81149 4.80398 6.78926 4.5887
threshold=0.070225071636751416 -0.86704142580836197 -0.86704142580836197 -1.6608675096004863 -2.5749755222110946 -1.2390397364386267 0.56828361016967754 0.90731717213069152 1.2585947855199364 1.261225683468749 -1.0872885394973106 0.19730237872908951 0.9137437980542843 -0.91023106104099782 1.4585194582612711 0.10136602434253068 -0.081322477809581017 1.0000000180025095e-35 1.5558362866209856 -0.74402852352035231 0.085352647153792344 0.14048141139278666 1.0000000180025095e-35 1.790700568562104 -0.26066888445950548 -0.29892646252130867 0.52395169982608292 1.2830828883763983 0.28870215540818572 -1.2629208586625824 0.96922595870654216 0.5382154518247565 -0.35989772375122558 -0.74295869260252656 -1.2836535006468417 -1.550648319111694 -0.65315030105262517 1.0572644075121704 1.0555124152792794 -0.35195843463477211 0.2839911774670158 1.2560615335003027 -0.14619039018580385 -2.3884725319797711 0.19730237872908951 1.1392271119470734 -1.8818580056759548
decision_type=2 2 2 2 2 2 2 2 2 2 2 2 2 2 2 2 2 2 2 2 2 2 2 2 2 2 2 2 2 2 2 2 2 2 2 2 2 2 2 2 2 2 2 2 2 2 2
left_child=1 22 -2 4 6 17 -3 9 -9 11 -11 12 13 -4 15 -13 42 20 -15 -17 -5 -22 23 24 43 26 -26 29 -27 30 -19 -31 33 36 -34 46 -7 -37 39 -35 -14 -40 -12 -1 -18 -46 -36
right_child=2 3 7 5 -6 32 -8 8 -10 10 16 14 40 18 -16 19 44 27 -20 -21 21 -23 -24 -25 25 28 -28 -29 -30 31 -32 -33 34 38 35 37 -38 -39 41 -41 -42 -43 -44 -45 45 -47 -48
leaf_value=-0.16226581106423721 -0.16138182935633888 -0.17149155976030123 -0.075567976674295961 -0.11536480760337955 -0.092538130977904295 -0.11955494006280309 -0.087402704457634289 -0.15985357401985351 -0.12707934709083157 -0.056970547300478624 -0.11783486161478994 -0.17899368067578342 -0.19884236566645666 -0.15690797434430587 -0.15696472562395847 -0.096822181672944374 -0.10383606932249836 -0.096092368609737772 -0.09379345746063697 -0.1304003974732284 -0.079943842409311822 -0.16409174049366654 -0.15338763922773047 -0.18941658779749088 -0.10001031242274164 -0.11065746605885701 -0.17869917592910126 -0.073708233736914236 -0.054395518617950056 -0.17535906111916952 -0.14275119028721114 -0.12804839381136959 -0.16321846989698297 -0.11207616110658972 -0.12392129304622107 -0.1203646693990712 -0.18349610917590714 -0.14816208029898989 -0.19221105370687835 -0.13793423983021369 -0.14218058734051447 -0.13873826136700015 -0.065339390518696472 -0.13034389365555102 -0.18634833975508902 -0.1138786811843597 -0.18417696421738927
leaf_weight=13.691657707095144 62.732686221599579 9.4596907794475538 6.7213592380285254 55.513448521494865 47.796332359313965 5.7256023138761547 5.4766630828380576 81.403128549456596 39.581337735056877 7.4681769311428061 16.429989248514175 7.7171161621808997 15.683171555399896 34.104674652218819 38.585580810904503 15.683171555399893 4.978784620761874 20.661956176161766 4.9787846207618704 185.21078789234161 38.087702348828316 4.9787846207618704 41.572851583361626 5.7256023138761512 5.2277238517999667 13.193779245018961 5.4766630828380585 4.9787846207618704 6.4724200069904319 10.206508472561838 15.932110786437987 18.17256386578083 11.451204627752302 48.543150052428246 5.4766630828380585 386.60262580215931 14.687414631247519 21.65771310031414 6.2234807759523418 42.817547738552094 5.4766630828380576 15.185293093323706 5.9745415449142483 85.635095477104187 9.2107515484094602 4.9787846207618704 7.4681769311428052
leaf_count=55 252 38 27 223 192 23 22 327 159 30 66 31 63 137 155 63 20 83 20 744 153 20 167 23 21 53 22 20 26 41 64 73 46 195 22 1553 59 87 25 172 22 61 24 344 37 20 30
internal_value=-0.130463 -0.124614 -0.14088 -0.121977 -0.103995 -0.123513 -0.140659 -0.138224 -0.149131 -0.13459 -0.113216 -0.137927 -0.152668 -0.138112 -0.133934 -0.129674 -0.12332 -0.112796 -0.148868 -0.127779 -0.10414 -0.0896719 -0.136492 -0.131306 -0.12874 -0.109104 -0.14027 -0.124993 -0.0921409 -0.128923 -0.116406 -0.145064 -0.126705 -0.135372 -0.124037 -0.122972 -0.165561 -0.121839 -0.129907 -0.124195 -0.184177 -0.154283 -0.103836 -0.134744 -0.146093 -0.16092 -0.158684
internal_weight=1521.02 974.099 546.919 797.103 62.7327 734.371 14.9364 484.187 120.984 363.202 49.041 314.161 66.9647 45.8048 247.197 208.611 41.5729 168.532 39.0835 200.894 98.5799 43.0665 176.996 135.423 129.697 30.3706 10.7044 69.9519 19.6662 64.9731 36.5941 28.3791 565.839 133.182 432.656 421.205 20.413 408.26 112.769 91.3607 21.1598 21.4088 22.4045 99.3268 19.1683 14.1895 12.9448
internal_count=6110 3913 2197 3202 252 2950 60 1945 486 1459 197 1262 269 184 993 838 167 677 157 807 396 173 711 544 521 122 43 281 79 261 147 114 2273 535 1738 1692 82 1640 453 367 85 86 90 399 77 57 52
is_linear=0
shrinkage=1


end of trees

feature_importances:
Column_15=7
Column_11=5
Column_0=4
Column_6=4
Column_8=4
Column_16=4
Column_4=3
Column_12=3
Column_13=3
Column_1=2
Column_5=2
Column_14=2
Column_2=1
Column_7=1
Column_9=1
Column_10=1

parameters:
[boosting: gbdt]
[objective: binary]
[metric: binary_logloss]
[tree_learner: serial]
[device_type: cpu]
[data_sample_strategy: bagging]
[data: ]
[valid: ]
[num_iterations: 1400]
[learning_rate: 0.05]
[num_leaves: 48]
[num_threads: 0]
[seed: 42]
[deterministic: 0]
[force_col_wise: 0]
[force_row_wise: 0]
[histogram_pool_size: -1]
[max_depth: 8]
[min_data_in_leaf: 20]
[min_sum_hessian_in_leaf: 0.001]
[bagging_fraction: 1]
[pos_bagging_fraction: 1]
[neg_bagging_fraction: 1]
[bagging_freq: 0]
[bagging_seed: 400]
[bagging_by_query: 0]
[feature_fraction: 1]
[feature_fraction_bynode: 1]
[feature_fraction_seed: 30056]
[extra_trees: 0]
[extra_seed: 12879]
[early_stopping_round: 0]
[early_stopping_min_delta: 0]
[first_metric_only: 0]
[max_delta_step: 0]
[lambda_l1: 0]
[lambda_l2: 0]
[linear_lambda: 0]
[min_gain_to_split: 0]
[drop_rate: 0.1]
[max_drop: 50]
[skip_drop: 0.5]
[xgboost_dart_mode: 0]
[uniform_drop: 0]
[drop_seed: 17869]
[top_rate: 0.2]
[other_rate: 0.1]
[min_data_per_group: 100]
[max_cat_threshold: 32]
[cat_l2: 10]
[cat_smooth: 10]
[max_cat_to_onehot: 4]
[top_k: 20]
[monotone_constraints: ]
[monotone_constraints_method: basic]
[monotone_penalty: 0]
[feature_contri: ]
[forcedsplits_filename: ]
[refit_decay_rate: 0.9]
[cegb_tradeoff: 1]
[cegb_penalty_split: 0]
[cegb_penalty_feature_lazy: ]
[cegb_penalty_feature_coupled: ]
[path_smooth: 0]
[interaction_constraints: ]
[verbosity: -1]
[saved_feature_importance_type: 0]
[use_quantized_grad: 0]
[num_grad_quant_bins: 4]
[quant_train_renew_leaf: 0]
[stochastic_rounding: 1]
[linear_tree: 0]
[max_bin: 255]
[max_bin_by_feature: ]
[min_data_in_bin: 3]
[bin_construct_sample_cnt: 200000]
[data_random_seed: 175]
[is_enable_sparse: 1]
[enable_bundle: 1]
[use_missing: 1]
[zero_as_missing: 0]
[feature_pre_filter: 1]
[pre_partition: 0]
[two_round: 0]
[header: 0]
[label_column: ]
[weight_column: ]
[group_column: ]
[ignore_column: ]
[categorical_feature: ]
[forcedbins_filename: ]
[precise_float_parser: 0]
[parser_config_file: ]
[objective_seed: 16083]
[num_class: 1]
[is_unbalance: 0]
[scale_pos_weight: 1]
[sigmoid: 1]
[boost_from_average: 1]
[reg_sqrt: 0]
[alpha: 0.9]
[fair_c: 1]
[poisson_max_delta_step: 0.7]
[tweedie_variance_power: 1.5]
[lambdarank_truncation_level: 30]
[lambdarank_norm: 1]
[label_gain: ]
[lambdarank_position_bias_regularization: 0]
[eval_at: ]
[multi_error_top_k: 1]
[auc_mu_weights: ]
[num_machines: 1]
[local_listen_port: 12400]
[time_out: 120]
[machine_list_filename: ]
[machines: ]
[gpu_platform_id: -1]
[gpu_device_id: -1]
[gpu_device_id_list: ]
[gpu_use_dp: 0]
[num_gpu: 1]

end of parameters

pandas_categorical:null
