tree
version=v4
num_class=3
num_tree_per_iteration=3
label_index=0
max_feature_idx=62
objective=multiclass num_class:3
feature_names=Column_0 Column_1 Column_2 Column_3 Column_4 Column_5 Column_6 Column_7 Column_8 Column_9 Column_10 Column_11 Column_12 Column_13 Column_14 Column_15 Column_16 Column_17 Column_18 Column_19 Column_20 Column_21 Column_22 Column_23 Column_24 Column_25 Column_26 Column_27 Column_28 Column_29 Column_30 Column_31 Column_32 Column_33 Column_34 Column_35 Column_36 Column_37 Column_38 Column_39 Column_40 Column_41 Column_42 Column_43 Column_44 Column_45 Column_46 Column_47 Column_48 Column_49 Column_50 Column_51 Column_52 Column_53 Column_54 Column_55 Column_56 Column_57 Column_58 Column_59 Column_60 Column_61 Column_62
feature_infos=[-0.8842572452007863:7.4206190845960993] [-0.90580090512000122:5.522703770032602] [-0.88072087040841474:6.360107620018459] [-0.90626514514037682:5.8575331196267388] [-0.83846085345642052:6.8927713643544388] [-0.92279265529500942:5.1127052078091184] [-1.6517864123269022:4.1527534773779662] [-1.2226525187744359:4.3665686942450819] [-1.9127429482922829:3.5422009085383865] [-2.2617484567335189:2.4981075128524179] [-3.4685270153716239:1.5848812238997043] [-1.7839578858367:3.2161026128792725] [-2.4271644746554175:2.795192551720366] [-2.258787736059888:2.5497072191982415] [-1.7831715098569552:3.2499338166215499] [-2.258787736059888:2.5497072191982415] [-3.4460823361344497:1.6180339991377519] [-1.7831715098569552:3.2499338166215499] [-3.9507467420413627:0.76625823405411009] [-1.7587144895276072:1.5229398268629075] [-1.4337876552375899:1.4715189093227894] [-3.7025896386322481:0.74586945746611644] [-2.3769728648009494:0.4207031619116724] [-1.7781975008442832:2.4487956647015534] [-1.962380460274777:4.2084150547859425] [-2.0528642607395016:3.8489124845369962] [-2.9872225904121765:3.3240059867057505] [-1.9151093252996887:2.5391525271898239] [-2.0985354755007175:3.6225820071104247] [-2.2302721207030998:3.0417806632645337] [-2.5091229069364944:3.3152819416883537] [-2.1724724235005497:2.7791366220090534] [-1.6631209698918081:3.8361501922804151] [-2.1217826709080865:3.5477589496984225] [-2.6235069833856137:3.4154926162465715] [-2.3113961606708959:2.9888743456951241] [-1.9786579207048163:4.3625831263732691] [-2.722698647117832:2.775442024051527] [-2.4037682340793167:3.4209695734232972] [-2.1588097162232933:2.9480003007287272] [-2.7676653121455366:2.9565281177711196] [-2.1648938677559775:2.2916656742774806] [-2.3578822981674907:2.724722509227548] [-1.667576316107896:2.7266754183580399] [-2.6280745456054122:3.0396839660243242] [-1.6986706352138854:3.3079081253701208] [-1.8356119522369494:3.247473157313483] [-2.8865943485665935:2.6484103550628326] [-2.6056941487180927:1.9986982176724735] [-1.03218579357727:3.6478384295742168] [-1.0077736164440543:3.510222708962436] [-8.6615211085830648:3.6436621942798371] [-3.3774032893709331:4.123882405391031] [-4.6059870639344984:4.7217065714410369] [-1.9663788099113713:2.7236027217932257] [-2.2087429716688507:2.863770548506043] [-0.95452839443749304:2.6015577809178736] [-0.91404235073477658:3.2068943491881146] [-0.99970315177937275:2.6231992783747571] [-2.168005078035252:2.2008536398236651] [3:820] [3:820] none
tree_sizes=959 956 952 964 1172 970 1075 1194 977 1179 1173 976 1088 1298 978 1083 1259 1058 1051 1063 977 1073 1173 979 1160 1170 975 1075 1198 1084 1077 1204 976 1190 1076 976 1089 1206 981 992 1099 977 1176 1180 980 1087 1276 977 993 1293 975 975 1205 1084 991 1206 1062

Tree=0
num_leaves=8
num_cat=0
split_feature=11 1 20 19 13 30 20
split_gain=29.229 6.24435 6.66245 4.28523 2.9292 1.52812 0.027512
threshold=-0.05412329132604498 -0.39806652803549425 -0.50937193015019633 0.61136918342109803 -0.49166373484000653 -0.63028263318654354 1.0753407414281926
decision_type=2 2 2 2 2 2 2
left_child=1 2 -1 5 6 -3 -2
right_child=4 3 -4 -5 -6 -7 -8
leaf_value=-0.83020903419445324 -0.87315557839684077 -0.83361095853033029 -0.86343082413359118 -0.84047805762545358 -0.85257980714460146 -0.81136914612796429 -0.86053747671639691
leaf_weight=9.183673560619356 21.306122660636905 8.08163273334503 9.5510205030441266 13.959183812141417 13.591836869716643 13.95918381214142 8.08163273334503
leaf_count=25 58 22 26 38 37 38 22
internal_value=-0.847298 -0.832924 -0.847298 -0.825858 -0.86547 -0.817878 -0.870691
internal_weight=97.7143 54.7347 18.7347 36 42.9796 22.0408 29.3878
internal_count=266 149 51 98 117 60 80
is_linear=0
shrinkage=1


Tree=1
num_leaves=8
num_cat=0
split_feature=16 44 28 42 56 55 54
split_gain=3.42998 3.79857 3.14367 3.90208 2.91773 2.65819 2.01842
threshold=-1.0461381514190333 0.78143643404685104 -0.74353396646123626 0.47664730595666549 1.0000000180025095e-35 0.16927309396871573 -0.8354286785808277
decision_type=2 2 2 2 2 2 2
left_child=-1 2 4 6 -2 -5 -4
right_child=1 -3 3 5 -6 -7 -8
leaf_value=-1.4240256720735274 -1.3879800595827705 -1.3913803213639735 -1.4091090388860621 -1.4137549387305668 -1.4123461748654145 -1.3881722825333151 -1.426568909705161
leaf_weight=10.248000234365461 8.032216399908064 10.801946192979811 9.1401083171367592 6.0934055447578412 6.9243244826793662 5.5394595861434937 16.895351737737663
leaf_count=37 29 39 33 22 25 20 61
internal_value=-1.40911 -1.40641 -1.40979 -1.4145 -1.39889 -1.40103 -1.42084
internal_weight=73.6748 63.4268 52.6249 37.6683 14.9565 11.6329 26.0355
internal_count=266 229 190 136 54 42 94
is_linear=0
shrinkage=1


Tree=2
num_leaves=8
num_cat=0
split_feature=5 51 24 46 45 12 46
split_gain=29.7284 6.57007 4.19976 3.18613 2.98662 2.26533 0.786345
threshold=-0.4132433145339503 0.20544921259755619 0.14129982895046797 -0.6484456713980592 -0.72856916335649557 -0.06869838710326602 0.081642271659252239
decision_type=2 2 2 2 2 2 2
left_child=1 4 3 -2 -1 -5 -4
right_child=2 -3 6 5 -6 -7 -8
leaf_value=-1.1032730649022655 -1.1342424825327062 -1.11447987304784 -1.1432096718130937 -1.1048064285939589 -1.075414249647523 -1.1238648379186402 -1.1262568387230074
leaf_weight=8.9138233065605146 11.554956138134004 11.554956138134001 18.157788217067722 8.5836817026138341 11.554956138134004 10.894672930240628 6.6028320789337149
leaf_count=27 35 35 55 26 35 33 20
internal_value=-1.11759 -1.09515 -1.13072 -1.1227 -1.08547 -1.11544 -1.13967
internal_weight=87.8177 32.0237 55.7939 31.0333 20.4688 19.4784 24.7606
internal_count=266 97 169 94 62 59 75
is_linear=0
shrinkage=1


Tree=3
num_leaves=8
num_cat=0
split_feature=11 10 20 19 13 30 20
split_gain=27.5642 5.93611 6.38341 4.06572 2.79837 1.46744 0.0340557
threshold=-0.05412329132604498 0.41880005295772604 -0.50937193015019633 0.61136918342109803 -0.49166373484000653 -0.63028263318654354 1.0753407414281926
decision_type=2 2 2 2 2 2 2
left_child=1 3 -3 5 6 -1 -2
right_child=4 2 -4 -5 -6 -7 -8
leaf_value=0.01319475486459561 -0.025265267174677183 0.016591870412667582 -0.015917834203727943 0.0065475725591200911 -0.005104620622490957 0.034864257957379574 -0.012846222251208848
leaf_weight=8.1109957396984083 21.177889198064808 9.2160235643386859 9.5311847329139692 13.98690754175186 13.571105420589445 14.04672956466675 8.0502816140651685
leaf_count=22 58 25 26 38 37 38 22
internal_value=0 0.0139107 0 0.0207796 -0.0177109 0.0285251 -0.022834
internal_weight=97.6911 54.8918 18.7472 36.1446 42.7993 22.1577 29.2282
internal_count=266 149 51 98 117 60 80
is_linear=0
shrinkage=0.03


Tree=4
num_leaves=10
num_cat=0
split_feature=18 42 55 28 44 54 55 26 32
split_gain=3.55213 3.85345 7.55435 3.76294 2.61869 1.94798 1.50913 1.33953 0.174071
threshold=-1.0110815274311722 0.47664730595666549 0.49124297911932785 -0.74353396646123626 0.78143643404685104 -0.8354286785808277 -0.29005419885326839 -0.18223211169309811 -0.47161221808782622
decision_type=2 2 2 2 2 2 2 2 2
left_child=-1 3 6 7 5 -5 -3 -2 -7
right_child=1 2 -4 4 -6 8 -8 -9 -10
leaf_value=-0.015027325166957959 0.020571529962348317 0.0080717802392250553 0.035876652085493239 0 0.0070111481936820192 -0.0093482213735921194 -0.011455078379422489 0.00048769985737269424 -0.021752505462102868
leaf_weight=10.44643524289131 5.5822756588459015 5.5511785745620736 6.7237570881843558 9.1556983590125984 7.5453850328922263 8.2336674630641919 5.5398961603641519 6.4091211855411512 8.4768515229225248
leaf_count=38 20 20 24 33 27 30 20 23 31
internal_value=0 0.00277722 0.0140469 -0.00182458 -0.00707871 -0.0115671 -0.0014079 0.0115296 -0.0172436
internal_weight=73.6643 63.2178 17.8148 45.403 33.4116 25.8662 11.0911 11.9914 16.7105
internal_count=266 228 64 164 121 94 40 43 61
is_linear=0
shrinkage=0.03


Tree=5
num_leaves=8
num_cat=0
split_feature=5 51 26 3 30 1 42
split_gain=28.0376 6.18936 4.32985 4.12728 3.56251 2.79504 2.73487
threshold=-0.4132433145339503 0.20544921259755619 -0.70816782645292531 -0.56637578510182818 0.3091375036884319 -0.55752029935128988 -0.10980709489660823
decision_type=2 2 2 2 2 2 2
left_child=1 2 -1 -2 5 -5 -7
right_child=3 -3 -4 4 -6 6 -8
leaf_value=0.010487854825204623 -0.023985353859248233 0.0028744376493647934 0.041616035086271902 -0.024617644914090988 0.0088234773863699774 0.0064079650210764061 -0.014468433534556228
leaf_weight=8.34528800845146 18.635469079017639 11.604739665985106 12.414048284292223 8.5563196539878827 8.8705937266349775 9.549814313650133 9.8242798149585742
leaf_count=25 57 35 37 26 27 29 30
internal_value=0 0.021615 0.030922 -0.0128574 -0.00634699 -0.0115731 -0.00416965
internal_weight=87.8006 32.3641 20.7593 55.4365 36.801 27.9304 19.3741
internal_count=266 97 62 169 112 85 59
is_linear=0
shrinkage=0.03


Tree=6
num_leaves=9
num_cat=0
split_feature=11 1 20 19 35 30 26 26
split_gain=26.0243 5.59998 6.10352 3.89839 2.88041 1.42056 1.34467 0.700848
threshold=-0.05412329132604498 -0.39806652803549425 -0.50937193015019633 0.61136918342109803 -0.45630148344278887 -0.63028263318654354 -0.26988806415306926 -0.79582377891289646
decision_type=2 2 2 2 2 2 2 2
left_child=1 2 -1 5 -2 -3 7 -6
right_child=4 3 -4 -5 6 -7 -8 -9
leaf_value=0.016145052674798821 -0.00023009752749373155 0.012712555864140869 -0.015643489962353017 0.0062221301044383323 -0.018046021613900239 0.033883713428194052 -0.027577501044074897 -0.0042155865048300227
leaf_weight=9.2426283061504382 8.0450310707092267 8.1371437907218915 9.5043111443519575 14.018300384283064 9.4691391289234144 14.115591794252397 16.707655847072601 8.3853908479213732
leaf_count=25 22 22 26 38 26 38 46 23
internal_value=0 0.0134732 0 0.0201261 -0.0172747 0.0276864 -0.0209012 -0.0126907
internal_weight=97.6252 55.018 18.7469 36.271 42.6072 22.2527 34.5622 17.8545
internal_count=266 149 51 98 117 60 95 49
is_linear=0
shrinkage=0.03


Tree=7
num_leaves=10
num_cat=0
split_feature=18 42 55 28 1 55 27 42 26
split_gain=3.44935 3.69478 7.15141 3.61421 2.21321 1.44717 1.41203 1.89453 1.26482
threshold=-1.0110815274311722 0.47664730595666549 0.49124297911932785 -0.74353396646123626 -0.59948181811860446 -0.29005419885326839 0.60897239111103529 -0.50077669546545722 -0.18223211169309811
decision_type=2 2 2 2 2 2 2 2 2
left_child=-1 3 5 8 -5 -3 7 -6 -2
right_child=1 2 -4 4 6 -7 -8 -9 -10
leaf_value=-0.014863322335942892 0.01996725073271673 0.0078455007203787046 0.034733207898111157 0.0082342144037311493 0.0042233241128238393 -0.011281164749766918 -0.019375839811100755 -0.013495132454872976 0.00046955486598214733
leaf_weight=10.362991660833357 5.6535837352275848 5.5847352445125589 6.8488329350948325 5.5264991521835283 9.3840664923191053 5.4953222572803506 9.3236661553382856 9.0452037453651517 6.4125566482543928
leaf_count=38 20 20 24 20 34 20 34 33 23
internal_value=0 0.00273257 0.0137244 -0.00178564 -0.00696394 -0.00137774 -0.0104625 -0.00453313 0.0112451
internal_weight=73.6375 63.2745 17.9289 45.3456 33.2794 11.0801 27.7529 18.4293 12.0661
internal_count=266 228 64 164 121 40 101 67 43
is_linear=0
shrinkage=0.03


Tree=8
num_leaves=8
num_cat=0
split_feature=13 3 30 51 45 23 29
split_gain=25.7718 5.24981 5.23033 4.21869 1.79486 1.00824 0.0743086
threshold=-0.49166373484000653 -0.56637578510182818 0.3091375036884319 0.20544921259755619 0.11725363879461527 -0.79189909555025462 0.2593083606149495
decision_type=2 2 2 2 2 2 2
left_child=3 -2 4 -1 5 -3 -7
right_child=1 2 -4 -5 -6 6 -8
leaf_value=0.032052385838982546 -0.023640155347898831 -0.0032168633505595895 0.012098122812308428 0.0057197770520209714 0.0012058389519414602 -0.023660251415355289 -0.011292954653917556
leaf_weight=17.325432717800144 18.410553425550461 7.2306211888790157 10.895250082015989 9.6683461070060712 7.5453094840049735 7.1822850406169954 9.4947748184204084
leaf_count=51 57 22 33 29 23 22 29
internal_value=0 -0.0108177 -0.00448837 0.023629 -0.0107051 -0.0145497 -0.0184622
internal_weight=87.7526 60.7588 42.3482 26.9938 31.453 23.9077 16.6771
internal_count=266 186 129 80 96 73 51
is_linear=0
shrinkage=0.03


Tree=9
num_leaves=10
num_cat=0
split_feature=11 1 20 35 30 26 18 5 0
split_gain=24.6431 5.27144 5.87728 2.77143 2.51122 1.30609 1.68381 0.929543 2.24811
threshold=-0.05412329132604498 -0.39806652803549425 -0.50937193015019633 -0.45630148344278887 -0.81816666056153853 -0.26988806415306926 0.63703717825875794 0.62562892349531352 -0.51936315577851155
decision_type=2 2 2 2 2 2 2 2 2
left_child=1 2 -1 -2 -3 6 -5 8 -6
right_child=3 4 -4 5 7 -7 -8 -9 -10
leaf_value=0.015805497677903065 -0.00015588921055736344 0.0058304912460956865 -0.015393088119474338 -0.021528379511341449 0.0026048039735681564 -0.027043229667771083 -0.0025159279731277904 0.03406324957314847 0.025839357297258874
leaf_weight=9.2613850235939044 8.0385116636753065 11.112035393714903 9.4780235290527326 7.9747614264488247 7.4212799966335323 16.584306091070175 9.8147239387035352 8.9274416863918287 8.9110350012779254
leaf_count=25 22 30 26 22 20 46 27 24 24
internal_value=0 0.0130731 0 -0.0168743 0.0195127 -0.0204467 -0.0123613 0.0246432 0.0167254
internal_weight=97.5235 55.1112 18.7394 42.4123 36.3718 34.3738 17.7895 25.2598 16.3323
internal_count=266 149 51 117 98 95 49 68 44
is_linear=0
shrinkage=0.03


Tree=10
num_leaves=10
num_cat=0
split_feature=18 42 55 28 44 54 55 44 45
split_gain=3.35541 3.54055 6.72468 3.45715 2.55326 1.87759 1.38906 0.924792 0.0933885
threshold=-1.0110815274311722 0.47664730595666549 0.49124297911932785 -0.74353396646123626 0.78143643404685104 -0.8354286785808277 -0.29005419885326839 -0.59122383048847582 -0.11154346396215516
decision_type=2 2 2 2 2 2 2 2 2
left_child=-1 3 6 7 5 -5 -3 -2 -7
right_child=1 2 -4 4 -6 8 -8 -9 -10
leaf_value=-0.014702090532676817 0.0010606277611353964 0.0076759233121310765 0.033561693589912497 0 0.0070621471341244749 -0.019922897012662012 -0.011080804379132213 0.018190953862763145 -0.0078609826846844488
leaf_weight=10.280459344387053 6.2065069675445557 5.6097407341003427 6.97885838150978 9.1456155180931038 7.5341272354125968 10.538398921489714 5.4438144862651834 5.935863792896269 5.9083729386329749
leaf_count=38 22 20 24 33 27 39 20 21 22
internal_value=0 0.00270315 0.0134236 -0.00173252 -0.00682909 -0.0113046 -0.00130395 0.010954 -0.0169433
internal_weight=73.5818 63.3013 18.0324 45.2689 33.1265 25.5924 11.0536 12.1424 16.4468
internal_count=266 228 64 164 121 94 40 43 61
is_linear=0
shrinkage=0.03


Tree=11
num_leaves=8
num_cat=0
split_feature=5 51 24 26 46 13 46
split_gain=24.9798 5.52919 4.03307 3.98802 3.05336 2.19809 0.76854
threshold=-0.4132433145339503 0.20544921259755619 0.14129982895046797 -0.70816782645292531 -0.6484456713980592 -0.029815906491779069 0.081642271659252239
decision_type=2 2 2 2 2 2 2
left_child=1 3 4 -1 -2 -6 -4
right_child=2 -3 6 -5 5 -7 -8
leaf_value=0.0094331640742375249 -0.01593810415432852 0.0024298447174526876 -0.024769534142530213 0.038815188608372825 -0.0093576079673122273 0.0099702109608524724 -0.0080812453796868366
leaf_weight=8.4883388578891736 11.315541923046114 11.69713971018791 17.59026321768761 12.783255577087404 6.9048547148704573 12.407620787620541 6.5013328194618216
leaf_count=25 35 35 55 37 21 38 20
internal_value=0 0.0200964 -0.0123402 0.0287476 -0.00448963 0.0025952 -0.0212381
internal_weight=87.6883 32.9687 54.7196 21.2716 30.628 19.3125 24.0916
internal_count=266 97 169 62 94 59 75
is_linear=0
shrinkage=0.03


Tree=12
num_leaves=9
num_cat=0
split_feature=14 1 20 19 13 27 30 41
split_gain=22.6794 5.72598 5.56258 3.18579 3.15384 2.57615 1.37043 0.505055
threshold=-0.062193467415264644 -0.39806652803549425 -0.50937193015019633 0.61136918342109803 -0.49166373484000653 -0.28187997938686743 -0.63028263318654354 -1.0000000180025095e-35
decision_type=2 2 2 2 2 2 2 2
left_child=1 2 -1 6 7 -6 -3 -2
right_child=4 3 -4 -5 5 -7 -8 -9
leaf_value=0.014367091704163865 -0.024911851364890193 0.011864287655798477 -0.016754571463315576 0.0065188925398037521 0.0078596961181394819 -0.014751971270240388 0.032327783867751939 -0.011121111791028331
leaf_weight=8.910329997539522 19.424151480197906 8.1753572225570661 8.7255414724349958 13.706930875778196 7.3266802728176117 7.6311677396297437 14.195548564195635 9.2920918464660662
leaf_count=24 54 22 24 37 20 21 38 26
internal_value=0 0.0128875 -0.0008235 0.0195149 -0.0157747 -0.00360483 0.0263163 -0.0214216
internal_weight=97.3878 53.7137 17.6359 36.0778 43.6741 14.9578 22.3709 28.7162
internal_count=266 145 48 97 121 41 60 80
is_linear=0
shrinkage=0.03


Tree=13
num_leaves=11
num_cat=0
split_feature=18 42 55 27 38 38 55 55 1 16
split_gain=3.22039 3.38279 6.34462 2.88295 2.26513 5.72576 2.64351 1.33626 0.784395 0.380496
threshold=-1.0110815274311722 0.47664730595666549 0.49124297911932785 0.60897239111103529 -0.81020789051728059 -0.48050575046996308 -0.063265076292175926 -0.29005419885326839 -0.39806652803549425 0.5428271225146023
decision_type=2 2 2 2 2 2 2 2 2 2
left_child=-1 3 7 4 -2 -6 9 -3 -5 -7
right_child=1 2 -4 8 5 6 -8 -9 -10 -11
leaf_value=-0.014476506866730831 -0.0095213134357973583 0.0074766989474535639 0.032434156375629283 -0.002831204467693171 0.028026859313254292 -0.0024824698332654256 0.010574824807285275 -0.010925574100686265 -0.020193073423507964 -0.015669980381517901
leaf_weight=10.164824515581129 8.285570681095118 5.6389255225658426 7.1053495109081259 5.5183392465114594 6.7882688343524924 5.4472020864486677 7.497932583093653 5.403881937265397 6.1567600369453412 5.5222256183624268
leaf_count=38 30 20 24 20 24 20 27 20 23 20
internal_value=0 0.0026449 0.0130829 -0.00170163 0.00271081 0.00725684 -0.00160927 -0.00127988 -0.0136989 -0.0106889
internal_weight=73.5293 63.3645 18.1482 45.2163 33.5412 25.2556 18.4674 11.0428 11.6751 10.9694
internal_count=266 228 64 164 121 91 67 40 43 40
is_linear=0
shrinkage=0.03


Tree=14
num_leaves=8
num_cat=0
split_feature=11 24 51 26 46 12 30
split_gain=23.0395 4.98331 4.97364 4.37849 3.424 2.78484 0.882302
threshold=0.099590962448495954 0.14129982895046797 0.20544921259755619 -0.70816782645292531 -0.6484456713980592 -0.06869838710326602 0.40307951737592945
decision_type=2 2 2 2 2 2 2
left_child=1 4 3 -2 -1 -6 -3
right_child=2 6 -4 -5 5 -7 -8
leaf_value=-0.015707725700100931 0.0079802474413861527 -0.025984820521016316 0.0022438687789618429 0.037580324201158644 0.01556307099583241 -0.0056183925929832561 -0.0085429827314976829
leaf_weight=11.235418617725374 8.8451418578624708 16.758267551660541 11.734827309846876 12.936233818531038 8.6042843163013494 10.729580461978909 6.7509388625621787
leaf_count=35 26 53 35 37 26 33 21
internal_value=0 -0.0120267 0.0190418 0.0271064 -0.00347689 0.00396197 -0.0220289
internal_weight=87.5947 54.0785 33.5162 21.7814 30.5693 19.3339 23.5092
internal_count=266 168 98 63 94 59 74
is_linear=0
shrinkage=0.03


Tree=15
num_leaves=9
num_cat=0
split_feature=14 1 20 13 19 27 30 41
split_gain=21.4349 5.42065 5.31202 3.04587 3.04469 2.46426 1.33943 0.516297
threshold=-0.062193467415264644 -0.39806652803549425 -0.50937193015019633 -0.49166373484000653 0.61136918342109803 -0.28187997938686743 -0.63028263318654354 -1.0000000180025095e-35
decision_type=2 2 2 2 2 2 2 2
left_child=1 2 -1 7 6 -5 -3 -2
right_child=3 4 -4 5 -6 -7 -8 -9
leaf_value=0.013969001289421601 -0.024451945956698567 0.011414567527106885 -0.016454197261697417 0.0077404933525637232 0.0062508539792124028 -0.014388424332651297 0.031489435905336011 -0.010739340415916857
leaf_weight=8.9278644919395465 19.285455167293549 8.1925490796565992 8.6922192275524122 7.3334168195724487 13.724829405546187 7.5941393077373487 14.222544848918917 9.2380873858928698
leaf_count=24 54 22 24 20 37 21 38 26
internal_value=0 0.012502 -0.0008388 -0.0153954 0.01894 -0.00343784 0.0255793 -0.020969
internal_weight=97.2111 53.76 17.6201 43.4511 36.1399 14.9276 22.4151 28.5235
internal_count=266 145 48 121 97 41 60 80
is_linear=0
shrinkage=0.03


Tree=16
num_leaves=11
num_cat=0
split_feature=18 45 56 29 12 30 56 23 39 12
split_gain=3.11466 3.02003 2.55775 2.02904 3.25667 2.41175 3.61247 2.05257 1.34523 0.735582
threshold=-1.0110815274311722 -1.0145877141733675 0.82351469324019033 -0.61936710337965606 -0.20275847273923428 -0.34845659212405095 -0.5989197769019563 -0.51009955118053207 0.068628695425992245 0.17830825069628889
decision_type=2 2 2 2 2 2 2 2 2 2
left_child=-1 -2 3 4 -3 6 -5 -7 -9 -8
right_child=1 2 -4 5 -6 7 9 8 -10 -11
leaf_value=-0.014299455673543257 -0.015835116561950722 0.030302045305050582 -0.0075700899253184507 -0.0054419904765656401 0 0.0081987401998963507 0.0078477576047480437 -0.019805345102206461 0 0.028006139347414274
leaf_weight=10.072906285524367 5.5707460045814505 6.4058154821395874 10.456221878528593 6.3711344003677395 5.5668292939662916 6.3790729045867876 5.5811439454555423 5.6439233422279482 5.7481943517923355 5.687351256608963
leaf_count=38 20 22 38 23 20 23 20 21 21 20
internal_value=0 0.00259417 0.00482569 0.00783219 0.0179237 0.00366787 0.0111824 -0.00376948 -0.0111107 0.0205867
internal_weight=73.4833 63.4104 57.8397 47.3835 11.9726 35.4108 17.6396 17.7712 11.3921 11.2685
internal_count=266 228 208 170 42 128 63 65 42 40
is_linear=0
shrinkage=0.03


Tree=17
num_leaves=9
num_cat=0
split_feature=13 7 55 51 45 25 20 51
split_gain=21.7436 4.79569 3.83949 3.52352 2.962 2.48496 1.25483 0.571704
threshold=-0.49166373484000653 0.17183674941639779 0.3496986551637189 0.20544921259755619 0.18736658274103307 0.75047969326683495 0.54710318423539617 0.20544921259755619
decision_type=2 2 2 2 2 2 2 2
left_child=3 2 4 6 5 7 -1 -2
right_child=1 -3 -4 -5 -6 -7 -8 -9
leaf_value=0.037043339483027161 -0.023482967406427944 -0.023803486908908093 0.010545931553045739 0.0049692177645397741 0.0062639010426274811 0 0.014695161253611772 -0.0077507596570791934
leaf_weight=9.5105436444282585 12.569727271795278 15.604410737752913 9.8743549883365613 9.7924513816833478 7.1434547007083884 8.117376506328581 8.4067409634590131 6.4387248754501334
leaf_count=27 39 50 30 29 22 25 24 20
internal_value=0 -0.0101764 -0.00460396 0.0212793 -0.00939618 -0.0138419 0.0288119 -0.0194032
internal_weight=87.4578 59.748 44.1436 27.7097 34.2693 27.1258 17.9173 19.0085
internal_count=266 186 136 80 106 84 51 59
is_linear=0
shrinkage=0.03


Tree=18
num_leaves=9
num_cat=0
split_feature=11 1 20 35 29 12 26 18
split_gain=20.9285 4.48436 5.18713 2.53329 1.73059 1.40454 1.31863 1.6676
threshold=-0.05412329132604498 -0.39806652803549425 -0.50937193015019633 -0.45630148344278887 0.84509200327801992 -0.34028628002079431 -0.26988806415306926 0.63703717825875794
decision_type=2 2 2 2 2 2 2 2
left_child=1 2 -1 -2 5 -3 7 -5
right_child=3 4 -4 6 -6 -7 -8 -9
leaf_value=0.014660360841202707 0 0.010162468288638817 -0.014670405896284296 -0.020396377092212124 0.0035381555315396858 0.026885346972170418 -0.025779835377665043 -0.0015948524065610345
leaf_weight=9.3135075271129626 7.9996338188648215 11.538167834281923 9.3925754129886609 7.8335056304931667 7.8212184011936179 17.193855106830597 16.215764790773392 9.7085035443305951
leaf_count=25 22 31 26 22 21 46 46 27
internal_value=0 0.0119593 0 -0.0157406 0.0178716 0.0212057 -0.0192002 -0.0112512
internal_weight=97.0167 55.2593 18.7061 41.7574 36.5532 28.732 33.7578 17.542
internal_count=266 149 51 117 98 77 95 49
is_linear=0
shrinkage=0.03


Tree=19
num_leaves=9
num_cat=0
split_feature=16 44 38 41 4 38 51 23
split_gain=2.80941 3.20577 2.63456 3.60897 3.07177 1.82973 1.20008 1.37855
threshold=-1.0461381514190333 0.78143643404685104 -0.48050575046996308 0.657593842198546 -0.49055540365493183 -1.0300093172154925 0.20544921259755619 -0.79189909555025462
decision_type=2 2 2 2 2 2 2 2
left_child=-1 2 4 6 -2 -6 7 -4
right_child=1 -3 3 -5 5 -7 -8 -9
leaf_value=-0.013827467394661955 0.023048291762805651 0.016002359709917192 -0.003352952639125184 0.0098343069540595008 -0.012130547774055069 0.006944051559198897 0 -0.02226185620197408
leaf_weight=9.7089115381240827 5.7733686566352871 11.166558951139448 6.9458592832088497 7.6150535941123954 5.8379812538623854 10.260146766901009 5.7365769743919364 10.38702319562436
leaf_count=37 20 39 25 27 21 37 21 39
internal_value=0 0.00243065 -0.000705962 -0.00635242 0.00685827 -7.67506e-05 -0.0122139 -0.0158736
internal_weight=73.4315 63.7226 52.556 30.6845 21.8715 16.0981 23.0695 17.3329
internal_count=266 229 190 112 78 58 85 64
is_linear=0
shrinkage=0.03


Tree=20
num_leaves=8
num_cat=0
split_feature=5 51 24 26 46 13 46
split_gain=21.1154 4.74521 3.80736 3.50689 2.85343 2.19443 0.756392
threshold=-0.4132433145339503 0.20544921259755619 0.14129982895046797 -0.70816782645292531 -0.6484456713980592 -0.029815906491779069 0.081642271659252239
decision_type=2 2 2 2 2 2 2
left_child=1 3 4 -1 -2 -6 -4
right_child=2 -3 6 -5 5 -7 -8
leaf_value=0.008176703328427069 -0.015217286398410209 0.0018445683557867145 -0.023943577015336281 0.035246953484548649 -0.0091670454925984173 0.010185299391469286 -0.0074734884910572525
leaf_weight=8.6483415663242322 11.058534026145937 11.81311511993408 16.964233696460727 13.216836005449297 6.8622256517410323 12.35335478186607 6.3873770236968985
leaf_count=25 35 35 55 37 21 38 20
internal_value=0 0.0181436 -0.0116045 0.0260089 -0.00398636 0.00282124 -0.0204029
internal_weight=87.304 33.6783 53.6257 21.8652 30.2741 19.2156 23.3516
internal_count=266 97 169 62 94 59 75
is_linear=0
shrinkage=0.03


Tree=21
num_leaves=9
num_cat=0
split_feature=11 10 20 19 36 20 30 23
split_gain=19.8291 4.26452 4.99587 3.38418 2.4589 3.82211 1.32622 0.631239
threshold=-0.05412329132604498 0.41880005295772604 -0.50937193015019633 0.61136918342109803 1.0000000180025095e-35 -0.77349070874659442 -0.63028263318654354 -0.51009955118053207
decision_type=2 2 2 2 2 2 2 2
left_child=1 3 -3 6 5 -2 -1 -6
right_child=4 2 -4 -5 7 -7 -8 -9
leaf_value=0.010572453151682667 -0.020396501209408863 0.014316766122424602 -0.014475730638447938 0.0046254822975315161 -0.01138504888195452 0.0054129273921080297 0.030157649318785822 -0.026488968325363335
leaf_weight=8.2166535258293134 7.5212352871894863 9.3257523179054278 9.3678906261920911 14.133183896541594 9.5862675607204455 10.4203585088253 14.236105948686602 13.996161311864851
leaf_count=22 21 25 26 38 27 29 38 40
internal_value=0 0.0116111 0 0.0173713 -0.0153908 -0.00583685 0.0243518 -0.0216365
internal_weight=96.8036 55.2796 18.6936 36.5859 41.524 17.9416 22.4528 23.5824
internal_count=266 149 51 98 117 50 60 67
is_linear=0
shrinkage=0.03


Tree=22
num_leaves=10
num_cat=0
split_feature=18 42 55 28 44 54 55 26 32
split_gain=2.93549 3.15991 5.81929 3.16982 2.34305 1.76244 1.23429 1.07559 0.165853
threshold=-1.0110815274311722 0.47664730595666549 0.49124297911932785 -0.74353396646123626 0.78143643404685104 -0.8354286785808277 -0.29005419885326839 -0.18223211169309811 -0.47161221808782622
decision_type=2 2 2 2 2 2 2 2 2
left_child=-1 3 6 7 5 -5 -3 -2 -7
right_child=1 2 -4 4 -6 8 -8 -9 -10
leaf_value=-0.013976883517341028 0.018229915324522023 0.007050645897702843 0.030812436043239293 0 0.0065672467021751502 -0.0088456925844331239 -0.010640878406749344 0.00033372442596787282 -0.021035046506506613
leaf_weight=9.9041563570499402 5.8576916754245758 5.6987329721450815 7.2865328490734091 9.1532239317893929 7.6232460439205161 8.0573053956031782 5.328643500804902 6.4347097873687726 8.0167578160762876
leaf_count=38 20 20 24 33 27 30 20 23 31
internal_value=0 0.00252488 0.0125582 -0.00168984 -0.00662573 -0.0109817 -0.00126978 0.0103519 -0.0165429
internal_weight=73.361 63.4568 18.3139 45.1429 32.8505 25.2273 11.0274 12.2924 16.0741
internal_count=266 228 64 164 121 94 40 43 61
is_linear=0
shrinkage=0.03


Tree=23
num_leaves=8
num_cat=0
split_feature=5 51 24 26 46 15 46
split_gain=19.9878 4.48836 3.71824 3.2572 2.75944 2.14122 0.746428
threshold=-0.4132433145339503 0.20544921259755619 0.14129982895046797 -0.70816782645292531 -0.6484456713980592 -0.029815906491779069 0.081642271659252239
decision_type=2 2 2 2 2 2 2
left_child=1 3 4 -1 -2 -6 -4
right_child=2 -3 6 -5 5 -7 -8
leaf_value=0.0079476219070304405 -0.014955495058598675 0.0017127363048008136 -0.023664173577739839 0.034028029246012351 -0.0090427311323692042 0.010084079626774278 -0.0072973468385316032
leaf_weight=8.6768633723258954 10.961292505264284 11.838404446840284 16.738550037145618 13.350627720355989 6.8368605375289961 12.372092008590695 6.3539482057094565
leaf_count=25 35 35 55 37 21 38 20
internal_value=0 0.0175611 -0.0113723 0.0251714 -0.00384795 0.00282483 -0.0201246
internal_weight=87.1286 33.8659 53.2627 22.0275 30.1702 19.209 23.0925
internal_count=266 97 169 62 94 59 75
is_linear=0
shrinkage=0.03


Tree=24
num_leaves=10
num_cat=0
split_feature=11 1 20 35 30 26 5 0 26
split_gain=18.7793 4.05506 4.79436 2.39079 2.28595 1.23041 0.962155 2.20276 0.782393
threshold=-0.05412329132604498 -0.39806652803549425 -0.50937193015019633 -0.45630148344278887 -0.81816666056153853 -0.26988806415306926 0.62562892349531352 -0.51936315577851155 -0.79582377891289646
decision_type=2 2 2 2 2 2 2 2 2
left_child=1 2 -1 -2 -3 8 7 -6 -5
right_child=3 4 -4 5 6 -7 -8 -9 -10
leaf_value=0.013955675598581666 0 0.0041563988848618066 -0.014261279854741678 -0.016259680513563756 0.00081808049337668532 -0.024874300551664549 0.03073410458709433 0.023222876348936012 -0.0023664270764929109
leaf_weight=9.3361134231090563 7.9765049517154685 11.192045927047728 9.3389628529548627 9.2238737344741804 7.4500591158866909 15.892606645822523 8.9749071896076185 8.9755879044532794 8.1886066198349017
leaf_count=25 22 30 26 26 20 46 24 24 23
internal_value=0 0.0112728 0 -0.015048 0.0168874 -0.0184434 0.0217294 0.0143144 -0.0107492
internal_weight=96.5493 55.2677 18.6751 41.2816 36.5926 33.3051 25.4006 16.4256 17.4125
internal_count=266 149 51 117 98 95 68 44 49
is_linear=0
shrinkage=0.03


Tree=25
num_leaves=10
num_cat=0
split_feature=18 42 55 28 44 54 55 44 32
split_gain=2.84285 3.02274 5.51955 3.05313 2.26799 1.71873 1.18855 0.890999 0.160535
threshold=-1.0110815274311722 0.47664730595666549 0.49124297911932785 -0.74353396646123626 0.78143643404685104 -0.8354286785808277 -0.29005419885326839 -0.59122383048847582 -0.47161221808782622
decision_type=2 2 2 2 2 2 2 2 2
left_child=-1 3 6 7 5 -5 -3 -2 -7
right_child=1 2 -4 4 -6 8 -8 -9 -10
leaf_value=-0.013801389639973856 0.00060648606798908815 0.0068822271416928262 0.029900297524249289 0 0.006430096240066397 -0.0087329177185612571 -0.0104883803333032 0.017139269298916127 -0.020841912574685765
leaf_weight=9.8121330291032773 6.2815060615539551 5.7223617434501657 7.3895435929298392 9.1497594714164698 7.6475849151611319 8.01773658394813 5.2887303233146676 6.064102888107298 7.889208972454079
leaf_count=38 22 20 24 33 27 30 20 21 31
internal_value=0 0.00249355 0.0122761 -0.00164008 -0.00651112 -0.0108269 -0.00123865 0.0101377 -0.0163617
internal_weight=73.2627 63.4505 18.4006 45.0499 32.7043 25.0567 11.0111 12.3456 15.9069
internal_count=266 228 64 164 121 94 40 43 61
is_linear=0
shrinkage=0.03


Tree=26
num_leaves=8
num_cat=0
split_feature=5 51 3 30 26 1 42
split_gain=18.9419 4.30352 3.63647 3.2001 3.04135 2.90274 2.45934
threshold=-0.4132433145339503 0.20544921259755619 -0.56637578510182818 0.3091375036884319 -0.70816782645292531 -0.55752029935128988 -0.10980709489660823
decision_type=2 2 2 2 2 2 2
left_child=1 4 -2 5 -1 -4 -7
right_child=2 -3 3 -5 -6 6 -8
leaf_value=0.0077532301420216833 -0.022036131878004982 0.0015263518485517679 -0.02362818317901938 0.0092598293076822363 0.032961761755252041 0.0072418450154119766 -0.012853289726956752
leaf_weight=8.7001298666000348 17.199520915746689 11.874413579702376 8.2073077559471113 8.7838632762432081 13.457985877990724 9.3849396705627459 9.3263203501701373
leaf_count=25 57 35 26 27 37 29 30
internal_value=0 0.0170137 -0.0111491 -0.00506596 0.0244367 -0.0101938 -0.00268795
internal_weight=86.9345 34.0325 52.902 35.7024 22.1581 26.9186 18.7113
internal_count=266 97 169 112 62 85 59
is_linear=0
shrinkage=0.03


Tree=27
num_leaves=9
num_cat=0
split_feature=11 1 20 19 36 20 30 23
split_gain=17.7866 3.85096 4.58592 3.26515 2.33636 3.72395 1.30077 0.610348
threshold=-0.05412329132604498 -0.39806652803549425 -0.50937193015019633 0.61136918342109803 1.0000000180025095e-35 -0.77349070874659442 -0.63028263318654354 -0.51009955118053207
decision_type=2 2 2 2 2 2 2 2
left_child=1 2 -1 6 5 -2 -3 -6
right_child=4 3 -4 -5 7 -7 -8 -9
leaf_value=0.013589268386546692 -0.019878216499593895 0.009849846769295869 -0.014022247457462981 0.0039927057329103184 -0.010842048711888435 0.005667917764261482 0.028969945627424051 -0.025647251252584505
leaf_weight=9.3447703719139117 7.4479040503501919 8.2268066704273206 9.3056548833847028 14.158238530158995 9.5000261664390582 10.376398772001265 14.20887276530266 13.701626807451246
leaf_count=25 21 22 26 38 27 29 38 40
internal_value=0 0.0109485 0 0.0164176 -0.0147133 -0.00541049 0.0232662 -0.0208546
internal_weight=96.2703 55.2443 18.6504 36.5939 41.026 17.8243 22.4357 23.2017
internal_count=266 149 51 98 117 50 60 67
is_linear=0
shrinkage=0.03


Tree=28
num_leaves=10
num_cat=0
split_feature=18 45 56 42 39 25 51 33 18
split_gain=2.72587 2.91288 2.3688 2.66084 3.02053 1.50956 2.93531 2.23878 0.488017
threshold=-1.0110815274311722 -1.0145877141733675 0.82351469324019033 0.86761690652551471 -0.80061556277860702 0.16030201873918512 1.0000000180025095e-35 0.40926269543410515 0.23788991765207773
decision_type=2 2 2 2 2 2 2 2 2
left_child=-1 -2 3 4 -3 6 -6 -7 -8
right_child=1 2 -4 -5 5 7 8 -9 -10
leaf_value=-0.013580965884699463 -0.015713610896999256 0.018328547323216249 -0.0073610990877111824 0.023170040114589868 0.010242883453363457 0.019025014822831345 -0.0028353224028405026 -0.0043134329698409036 -0.01653569791552037
leaf_weight=9.6969728320837003 5.5280537754297248 8.5930422246456057 10.344505399465559 6.8524620532989493 5.9752436876297095 5.7531521171331388 5.4988448172807685 5.9942745864391327 8.9314695000648481
leaf_count=38 20 31 38 23 22 20 20 22 32
internal_value=9.7098e-06 0.00244402 0.0046301 0.0075036 0.00399774 -0.00030019 -0.00528485 0.00752337 -0.0124502
internal_weight=73.168 63.471 57.943 47.5985 40.746 32.153 20.4056 11.7474 14.4303
internal_count=266 228 208 170 147 116 74 42 52
is_linear=0
shrinkage=0.03


Tree=29
num_leaves=9
num_cat=0
split_feature=5 51 24 26 51 12 8 30
split_gain=17.9633 4.08434 3.58468 2.87617 2.4623 1.60726 0.988695 0.687427
threshold=-0.4132433145339503 0.20544921259755619 0.14129982895046797 -0.70816782645292531 1.0000000180025095e-35 -0.06869838710326602 0.1023432696526566 0.40307951737592945
decision_type=2 2 2 2 2 2 2 2
left_child=1 3 4 -1 -2 -6 -7 -4
right_child=2 -3 7 -5 5 6 -8 -9
leaf_value=0.0074893491370017521 -0.015569053555130771 0.0014117243156281736 -0.023201890354122012 0.031959826099698725 0.011486359415096233 -0.011445634835050431 0.0033427338062785197 -0.0073448437727864574
leaf_weight=8.7316639721393567 8.9154736101627368 11.895270317792891 16.101479500532154 13.549690872430803 8.1824937164783513 6.5928230881690943 6.2520014345645905 6.5018726587295523
leaf_count=25 28 35 54 37 25 21 20 21
internal_value=0 0.0164961 -0.0109317 0.0236998 -0.00355112 0.00197547 -0.00423251 -0.0196305
internal_weight=86.7228 34.1766 52.5461 22.2814 29.9428 21.0273 12.8448 22.6034
internal_count=266 97 169 62 94 66 41 75
is_linear=0
shrinkage=0.03


Tree=30
num_leaves=9
num_cat=0
split_feature=11 7 20 19 36 20 30 23
split_gain=16.8793 3.66427 4.41358 3.15517 2.27172 3.61829 1.26144 0.597072
threshold=-0.05412329132604498 -0.41187183439606029 -0.50937193015019633 0.61136918342109803 1.0000000180025095e-35 -0.77349070874659442 -0.63028263318654354 -0.51009955118053207
decision_type=2 2 2 2 2 2 2 2
left_child=1 2 -1 6 5 -2 -3 -6
right_child=4 3 -4 -5 7 -7 -8 -9
leaf_value=0.013278096124062716 -0.019552348006259584 0.009544850068039356 -0.013822374374500093 0.0037839267443090028 -0.010597750331478408 0.0056645849704575401 0.028328906534335539 -0.025246870310891036
leaf_weight=9.3516086935997027 7.4003713130950954 8.2292318046092969 9.2767989337444288 14.164856046438215 9.4600345790386218 10.371101081371306 14.183028012514116 13.547570794820784
leaf_count=25 21 22 26 38 27 29 38 40
internal_value=0 0.0106436 0 0.0159787 -0.0144004 -0.0052294 0.0227142 -0.0204857
internal_weight=95.9846 55.2055 18.6284 36.5771 40.7791 17.7715 22.4123 23.0076
internal_count=266 149 51 98 117 50 60 67
is_linear=0
shrinkage=0.03


Tree=31
num_leaves=10
num_cat=0
split_feature=25 45 7 29 28 42 35 27 36
split_gain=2.28988 2.96149 3.55619 3.46486 3.34236 2.09983 3.44413 3.23267 3.07738
threshold=-1.0200533303161141 -1.0145877141733675 -0.44874337050099528 -0.32647528204812104 -1.0000000180025095e-35 0.47664730595666549 -1.0000000180025095e-35 0.60897239111103529 -0.30527486661476616
decision_type=2 2 2 2 2 2 2 2 2
left_child=-1 -2 3 -3 -5 7 -7 8 -4
right_child=1 2 5 4 -6 6 -8 -9 -10
leaf_value=-0.013050877283645151 -0.015880850123795934 0.02676341116358576 -0.012022414302515492 0.013692120949644776 -0.012170368341667482 -0.0055550918373292509 0.021608780357182333 -0.021015827374756862 0.014623325102290037
leaf_weight=8.7957461178302747 5.7239361256360999 8.5353535413742083 5.9329039007425273 9.6025639176368696 5.9619822055101386 7.9880029559135437 5.9760612398385984 7.9642436802387229 6.606918036937719
leaf_count=33 21 29 22 33 22 30 21 31 24
internal_value=2.44501e-05 0.00216124 0.00437694 0.0128822 0.00323493 -0.00169229 0.00665038 -0.00771268 0.00165163
internal_weight=73.0877 64.292 58.568 24.0999 15.5645 34.4681 13.9641 20.5041 12.5398
internal_count=266 233 212 84 55 128 51 77 46
is_linear=0
shrinkage=0.03


Tree=32
num_leaves=8
num_cat=0
split_feature=13 1 30 38 51 19 25
split_gain=16.7275 4.34999 4.69286 3.27323 2.74585 1.0439 0.721083
threshold=-0.49166373484000653 0.029940963391115006 0.3091375036884319 -0.92010860386638649 0.20544921259755619 0.61136918342109803 0.45539085600300994
decision_type=2 2 2 2 2 2 2
left_child=4 2 3 -2 -1 6 -5
right_child=1 -3 -4 5 -6 -7 -8
leaf_value=0.024771929493063095 0.0051739365899783297 -0.022615654069162636 0.011805796161193984 -0.024302976666123462 0.0039577693202934002 -0.0037368973717444272 -0.007194753487428188
leaf_weight=18.505535334348682 8.4640893638133949 14.7008661031723 10.89258089661598 10.239487349987039 9.9502208232879621 7.42420870065689 6.3172909021377555
leaf_count=51 27 50 33 33 29 23 20
internal_value=0 -0.00922818 -0.00394844 -0.00970224 0.0182567 -0.0151837 -0.0192475
internal_weight=86.4943 58.0385 43.3377 32.4451 28.4558 23.981 16.5568
internal_count=266 186 136 103 80 76 53
is_linear=0
shrinkage=0.03


Tree=33
num_leaves=10
num_cat=0
split_feature=11 2 19 16 36 20 55 55 23
split_gain=16.0369 3.53611 2.94295 2.5632 2.20057 3.50513 2.08179 3.67001 0.602044
threshold=-0.05412329132604498 0.68692569541163839 1.0000000180025095e-35 0.35806084930602577 1.0000000180025095e-35 -0.77349070874659442 -0.63827717839665687 0.069311889449574934 -0.51009955118053207
decision_type=2 2 2 2 2 2 2 2 2
left_child=1 2 3 -1 5 -2 -4 -8 -6
right_child=4 -3 6 -5 8 -7 7 -9 -10
leaf_value=0.023532360086575454 -0.019230986428041181 0.025172101305339131 -0.0118050737506825 0.0014680227867696796 -0.010297055023081807 0.0056233356038176505 0.018742646473102045 -0.0071804097861513389 -0.024881867768334558
leaf_weight=10.4641430079937 7.3507127463817623 10.431386679410933 8.4528248310089129 9.221735477447508 9.4096865653991717 10.371482610702513 7.8109200894832638 8.7662375867366773 13.398208558559416
leaf_count=28 21 28 23 25 27 29 21 24 40
internal_value=0 0.010361 0.0060712 0.0143154 -0.0140967 -0.00506969 -0.000629414 0.00524394 -0.0201183
internal_weight=95.6773 55.1472 44.7159 19.6859 40.5301 17.7222 25.03 16.5772 22.8079
internal_count=266 149 121 53 117 50 68 45 67
is_linear=0
shrinkage=0.03


Tree=34
num_leaves=9
num_cat=0
split_feature=4 44 28 42 20 54 48 45
split_gain=2.36153 3.01273 2.53529 2.75319 2.3238 1.68244 0.672264 0.175785
threshold=0.35988014030426246 0.78143643404685104 -0.74353396646123626 0.47664730595666549 0.81122196283179426 -0.8354286785808277 1.4612431719870556 -0.11154346396215516
decision_type=2 2 2 2 2 2 2 2
left_child=1 2 4 5 -1 -4 -2 -7
right_child=6 -3 3 -5 -6 7 -8 -9
leaf_value=-0.00040253792293673849 -0.018787158450190793 0.015545933886725974 0 0.0063742317296891487 0.021412310828036973 -0.01927896382119991 -0.002320283152580864 -0.0067357342817673223
leaf_weight=9.3271578550338727 5.0691350996494275 11.162418007850645 9.1075278520584053 11.144910857081411 5.9508144259452811 10.053873717784873 5.5699073970317841 5.6099222451448574
leaf_count=33 20 38 33 39 20 39 22 22
internal_value=3.60125e-05 0.00241952 -0.000689768 -0.00511884 0.00889147 -0.0105868 -0.0120124 -0.0161175
internal_weight=72.9957 62.3566 51.1942 35.9162 15.278 24.7713 10.639 15.6638
internal_count=266 224 186 133 53 94 42 61
is_linear=0
shrinkage=0.03


Tree=35
num_leaves=8
num_cat=0
split_feature=5 51 24 26 46 13 46
split_gain=16.0785 3.79304 3.4964 2.68727 2.65684 2.17281 0.743317
threshold=-0.4132433145339503 0.20544921259755619 0.14129982895046797 -0.70816782645292531 -0.6484456713980592 -0.029815906491779069 0.081642271659252239
decision_type=2 2 2 2 2 2 2
left_child=1 3 4 -1 -2 -6 -4
right_child=2 -3 6 -5 5 -7 -8
leaf_value=0.0068489766667270474 -0.014280775104318131 0.0010122459141676165 -0.022765228579779119 0.03030567047390997 -0.008723887980756977 0.01063318191974697 -0.0065592321807239201
leaf_weight=8.802307188510893 10.691858768463137 11.969342350959776 15.924106031656267 13.676874518394472 6.7559439837932631 12.236286282539364 6.2031487822532645
leaf_count=25 35 35 55 37 21 38 20
internal_value=0 0.0154705 -0.0104905 0.0223738 -0.00320909 0.00332011 -0.0191808
internal_weight=86.2599 34.4485 51.8113 22.4792 29.6841 18.9922 22.1273
internal_count=266 97 169 62 94 59 75
is_linear=0
shrinkage=0.03


Tree=36
num_leaves=9
num_cat=0
split_feature=11 2 19 18 20 36 1 20
split_gain=15.2456 3.37434 2.82878 2.15519 2.40283 2.31958 1.83693 1.62253
threshold=-0.05412329132604498 0.68692569541163839 1.0000000180025095e-35 0.63703717825875794 -0.77349070874659442 1.0000000180025095e-35 -0.47359726181666068 -0.50937193015019633
decision_type=2 2 2 2 2 2 2 2
left_child=1 2 6 -2 -5 -6 -1 -4
right_child=3 -3 7 4 5 -7 -8 -9
leaf_value=0.0012294613976967311 -0.02155334403359507 0.024576487631246029 0.006449315207071149 -0.019106257567571779 0.010426475894151287 -0.010896892489689695 0.020735552658449494 -0.0079505284021648415
leaf_weight=7.7311767637729671 17.521270841360092 10.40446352958679 12.320282101631165 7.3418132662773159 8.2924127578735334 7.1183052957057944 11.940397620201109 12.695243716239929
leaf_count=21 52 28 33 21 23 21 32 35
internal_value=0 0.0100878 0.00589591 -0.0138057 -0.00662802 0.000129362 0.0139831 -0.000668602
internal_weight=95.3654 55.0916 44.6871 40.2738 22.7525 15.4107 19.6716 25.0155
internal_count=266 149 121 117 65 44 53 68
is_linear=0
shrinkage=0.03


Tree=37
num_leaves=10
num_cat=0
split_feature=18 45 56 28 1 18 35 19 28
split_gain=2.49788 2.72271 2.26468 1.94691 2.87881 3.43019 2.19052 1.92015 1.14055
threshold=-1.0110815274311722 -1.0145877141733675 0.82351469324019033 -1.0446454129144542 -0.54073569184436387 0.33566832925933499 -0.10295011635172099 0.24674092604437406 1.0000000180025095e-35
decision_type=2 2 2 2 2 2 2 2 2
left_child=-1 -2 3 -3 8 7 -7 -6 -5
right_child=1 2 -4 4 5 6 -8 -9 -10
leaf_value=-0.013124001907074197 -0.015351970755511014 0.021776404394340799 -0.0072933725989262274 0.023816333624248332 -0.00061957589175566305 -0.018610557907861053 0.00088319468122726374 0.020950049329397442 0.0033559533107974625
leaf_weight=9.4569827765226346 5.4140109568834296 5.9046666026115409 10.296015992760656 6.190392702817908 6.1250812858343213 8.5045050680637306 9.3689629137516075 6.0626959949731827 5.5848587900400162
leaf_count=38 20 20 38 21 23 32 33 21 20
internal_value=4.47405e-05 0.00235759 0.00445557 0.00725622 0.00438563 -0.00053469 -0.00880534 0.0107917 0.0160399
internal_weight=72.9082 63.4512 58.0372 47.7412 41.8365 30.0612 17.8735 12.1878 11.7753
internal_count=266 228 208 170 150 109 65 44 41
is_linear=0
shrinkage=0.03


Tree=38
num_leaves=8
num_cat=0
split_feature=5 51 1 30 38 26 35
split_gain=15.2415 3.65612 3.40858 3.09115 2.84585 2.52921 0.878416
threshold=-0.4132433145339503 0.20544921259755619 0.029940963391115006 0.3091375036884319 -0.92010860386638649 -0.70816782645292531 -0.27962579989725489
decision_type=2 2 2 2 2 2 2
left_child=1 5 3 4 -2 -1 -6
right_child=2 -3 -4 -5 6 -7 -8
leaf_value=0.0066851174828136614 0.0045839275055672953 0.00084472116669341926 -0.022139966368671774 0.0092995579233852346 -0.020333082228413804 0.029458436850553382 -0.0053458557630363989
leaf_weight=8.8196403086185438 7.7685022950172415 11.999774634838102 14.301625341176985 8.7626264095306379 12.263948559761047 13.727952867746355 8.3566152751445806
leaf_count=25 25 35 50 27 40 37 27
internal_value=0 0.0150076 -0.0102822 -0.00488029 -0.00970487 0.0217726 -0.015305
internal_weight=86.0007 34.5474 51.4533 37.1517 28.3891 22.5476 20.6206
internal_count=266 97 169 119 92 62 67
is_linear=0
shrinkage=0.03


Tree=39
num_leaves=8
num_cat=0
split_feature=13 1 60 10 30 19 41
split_gain=14.4396 5.04668 2.99702 3.36696 2.95579 2.3817 0.91734
threshold=-0.49166373484000653 -0.4064588317889572 600.50000000000011 0.63928816667614796 -0.81816666056153853 0.61136918342109803 1.0000000180025095e-35
decision_type=2 2 2 2 2 2 2
left_child=6 2 -2 -4 -3 -6 -1
right_child=1 4 3 -5 5 -7 -8
leaf_value=-0.022057686720226576 -0.015699110048524888 0.00080631688426811908 -0.0096311571830884572 0.013606484051996267 0.026142790122964592 0.0064303994939926227 -0.0070750744232895924
leaf_weight=18.288945496082309 8.5450654923915881 11.927475005388258 7.9401724338531521 12.070352017879484 16.597726553678516 11.099719911813734 8.5722151398658735
leaf_count=54 24 32 22 33 45 30 26
internal_value=-7.87771e-06 0.00727606 -0.00212851 0.00407824 0.0140298 0.0191848 -0.0181149
internal_weight=95.0417 68.1805 28.5556 20.0105 39.6249 27.6974 26.8612
internal_count=266 186 79 55 107 75 80
is_linear=0
shrinkage=0.03


Tree=40
num_leaves=9
num_cat=0
split_feature=18 45 56 28 16 43 18 29
split_gain=2.39464 2.65298 2.19827 1.83698 2.67774 3.45339 2.47557 0.32307
threshold=-1.0110815274311722 -1.0145877141733675 0.82351469324019033 -1.0446454129144542 0.69671243731871335 0.82249966675613462 0.33566832925933499 1.0000000180025095e-35
decision_type=2 2 2 2 2 2 2 2
left_child=-1 -2 3 -3 5 6 -5 -8
right_child=1 2 -4 4 -6 -7 7 -9
leaf_value=-0.012905230560129098 -0.015218438860687123 0.021184773242425656 -0.007209699266634409 0.0055132204609123223 0.016031955581287421 0.014280032630427668 -0.0053178493868773422 -0.018140891580767864
leaf_weight=9.3434285521507245 5.3722667247056952 5.9700104594230643 10.26019302010536 8.0477433949708992 11.035550206899641 8.6134038269519788 6.3838277161121351 7.7768438011407852
leaf_count=38 20 20 38 30 38 29 24 29
internal_value=6.39759e-05 0.00231975 0.00438474 0.00713728 0.00433174 -0.000221419 -0.00664643 -0.0138063
internal_weight=72.8033 63.4598 58.0876 47.8274 41.8574 30.8218 22.2084 14.1607
internal_count=266 228 208 170 150 112 83 53
is_linear=0
shrinkage=0.03


Tree=41
num_leaves=8
num_cat=0
split_feature=5 51 24 46 26 13 46
split_gain=14.407 3.52076 3.35463 2.53618 2.42972 2.11415 0.741423
threshold=-0.4132433145339503 0.20544921259755619 0.14129982895046797 -0.6484456713980592 -0.70816782645292531 -0.029815906491779069 0.081642271659252239
decision_type=2 2 2 2 2 2 2
left_child=1 4 3 -2 -1 -5 -4
right_child=2 -3 6 5 -6 -7 -8
leaf_value=0.006419088191378648 -0.0138719564450427 0.00067110311546518162 -0.022312143688291423 -0.0085262476890063544 0.028682348109775775 0.010596446033648408 -0.0061808860795104035
leaf_weight=8.8472201228141767 10.530201107263567 12.031559228897093 15.484773844480516 6.7102658152580306 13.767021566629412 12.238155424594876 6.1221479475498191
leaf_count=25 35 35 55 21 37 38 20
internal_value=0 0.0145354 -0.0100672 -0.0029475 0.0211623 0.00340236 -0.0186991
internal_weight=85.7313 34.6458 51.0855 29.4786 22.6142 18.9484 21.6069
internal_count=266 97 169 94 62 59 75
is_linear=0
shrinkage=0.03


Tree=42
num_leaves=10
num_cat=0
split_feature=11 16 20 18 20 23 19 12 46
split_gain=13.779 3.09185 3.24529 2.08197 2.3638 2.28768 1.90969 0.86159 0.624058
threshold=-0.05412329132604498 0.24099432737142479 -0.50937193015019633 0.63703717825875794 -0.77349070874659442 -0.51009955118053207 0.61136918342109803 -0.06869838710326602 -0.59933785323192013
decision_type=2 2 2 2 2 2 2 2 2
left_child=1 6 -3 -2 -5 -6 8 -4 -1
right_child=3 2 7 4 5 -7 -8 -9 -10
leaf_value=0.012321826909052732 -0.020930368182794746 0.012755971484328775 -0.013767769031974056 -0.018663513194139971 0.010408789998140239 -0.010862142585401925 0.0052318680605754984 0 0.029678654352206586
leaf_weight=9.265297859907152 17.205054402351379 11.595242947340013 7.1302327811717987 7.2596248090267208 8.5078281164169312 6.7935395836830113 11.928348064422606 7.2825533747673017 7.7452769279480007
leaf_count=25 52 31 20 21 24 20 32 20 21
internal_value=-1.64722e-05 0.00955447 0.00160061 -0.0132532 -0.00620929 0.000481138 0.0160745 -0.00735339 0.0223135
internal_weight=94.713 54.947 26.008 39.766 22.561 15.3014 28.9389 14.4128 17.0106
internal_count=266 149 71 117 65 44 78 40 46
is_linear=0
shrinkage=0.03


Tree=43
num_leaves=10
num_cat=0
split_feature=18 42 55 28 20 10 0 55 26
split_gain=2.30805 2.63906 4.93987 2.67698 1.96043 1.25489 1.03785 1.02898 0.890484
threshold=-1.0110815274311722 0.47664730595666549 0.49124297911932785 -0.74353396646123626 -0.77349070874659442 0.71050790979983336 0.063335932756283367 -0.29005419885326839 -0.18223211169309811
decision_type=2 2 2 2 2 2 2 2 2
left_child=-1 3 7 8 -5 6 -6 -3 -2
right_child=1 2 -4 4 5 -7 -8 -9 -10
leaf_value=-0.012718472421999536 0.016307741677237579 0.0059682478950892947 0.027734067161129864 0.0035926745625323537 -0.021404285201888803 0 -0.0029343863270287537 -0.01015873090757986 0.00011976523869781346
leaf_weight=9.2447628527879697 6.0756296515464783 5.84204986691475 7.6205189526081076 10.60446292161941 9.2523903995752388 6.8987620919942847 5.5105916112661353 5.195450261235238 6.4588211774826032
leaf_count=38 20 20 24 39 37 25 20 20 23
internal_value=7.92292e-05 0.00228662 0.0113479 -0.00160289 -0.00624025 -0.0112339 -0.0157855 -0.00145149 0.00929816
internal_weight=72.7034 63.4587 18.658 44.8007 32.2662 21.6617 14.763 11.0375 12.5345
internal_count=266 228 64 164 121 82 57 40 43
is_linear=0
shrinkage=0.03


Tree=44
num_leaves=8
num_cat=0
split_feature=5 51 1 30 38 26 35
split_gain=13.6507 3.37391 3.29778 2.97412 2.78201 2.38121 0.860816
threshold=-0.4132433145339503 0.20544921259755619 0.029940963391115006 0.3091375036884319 -0.92010860386638649 -0.70816782645292531 -0.27962579989725489
decision_type=2 2 2 2 2 2 2
left_child=1 5 3 4 -2 -1 -6
right_child=2 -3 -4 -5 6 -7 -8
leaf_value=0.0060836395824996406 0.0047633421519246936 0.0005467748686432928 -0.021693342682260145 0.0093171469678038927 -0.019961054472233074 0.028007529972468997 -0.005101549380313047
leaf_weight=8.8819409608840925 7.7295615673065177 12.052489817142485 13.907943606376646 8.7542652785778028 12.051181435585022 13.792248904705049 8.2854381799697912
leaf_count=25 25 35 50 27 40 37 27
internal_value=0 0.014102 -0.00986365 -0.00456447 -0.00935032 0.0205781 -0.0149481
internal_weight=85.4551 34.7267 50.7284 36.8204 28.0662 22.6742 20.3366
internal_count=266 97 169 119 92 62 67
is_linear=0
shrinkage=0.03


Tree=45
num_leaves=9
num_cat=0
split_feature=13 1 30 60 1 36 41 1
split_gain=13.1419 4.59719 2.84265 2.84055 3.2343 1.49716 0.959115 0.146051
threshold=-0.49166373484000653 -0.4064588317889572 -0.81816666056153853 600.50000000000011 -0.51555878058397508 0.36994987450928934 1.0000000180025095e-35 0.28590622787173409
decision_type=2 2 2 2 2 2 2 2
left_child=6 3 -3 -2 -5 7 -1 -4
right_child=1 2 5 4 -6 -7 -8 -9
leaf_value=-0.021469948174751508 -0.015345351772059706 0.00043842708702808994 0.01509267971145339 0.013288611093060206 -0.0095036699184489429 0.0044615264822091437 -0.00638608433223387 0.029030261444990768
leaf_weight=17.982655137777332 8.4842219352722186 11.91949027776718 12.238459348678594 12.068139523267748 7.9120911359786978 7.2881011366844168 8.4218523204326612 8.0444982945919019
leaf_count=54 24 32 33 33 22 20 26 22
internal_value=-2.5988e-05 0.00689889 0.0133573 -0.0020811 0.00395025 0.0184251 -0.0174758 0.0225144
internal_weight=94.3595 67.955 39.4905 28.4645 19.9802 27.5711 26.4045 20.283
internal_count=266 186 107 79 55 75 80 55
is_linear=0
shrinkage=0.03


Tree=46
num_leaves=11
num_cat=0
split_feature=18 42 38 44 30 44 51 46 33 16
split_gain=2.23262 2.5306 4.78298 3.51922 2.6003 2.92014 2.06135 2.02542 0.842721 0.690452
threshold=-1.0110815274311722 0.47664730595666549 0.45365031299743724 -0.23698892351161735 0.40307951737592945 1.0000000180025095e-35 1.0000000180025095e-35 -0.084497137688921517 0.20677906612672989 0.33569307240782953
decision_type=2 2 2 2 2 2 2 2 2 2
left_child=-1 4 3 -3 5 6 -2 -7 -8 -6
right_child=1 2 -4 -5 9 7 8 -9 -10 -11
leaf_value=-0.012550036255598125 0.008847310467965443 0.01276687643550292 0.02950139921449443 -0.016007077863722019 -0.019461094359825622 0.023907967924499257 -0.01696876299359245 0 -0.0016059524315610791 -0.0037106970330057238
leaf_weight=9.156096473336218 6.162364229559901 6.8670161068439493 6.3151265382766715 5.5388141721487054 5.5585955083370191 6.2320632636547089 6.5017840564250928 5.5711121857166273 7.5813319087028503 7.0944609344005585
leaf_count=38 22 24 20 20 22 22 24 20 28 26
internal_value=9.45074e-05 0.00226016 0.0111126 0 -0.00155777 0.0028999 -0.00379726 0.0139712 -0.0100342 -0.0123832
internal_weight=72.5788 63.4227 18.721 12.4058 44.7017 32.0487 20.2455 11.8032 14.0831 12.6531
internal_count=266 228 64 44 164 116 74 42 52 48
is_linear=0
shrinkage=0.03


Tree=47
num_leaves=8
num_cat=0
split_feature=5 24 51 46 26 15 46
split_gain=12.9539 3.25769 3.25138 2.43355 2.2645 2.06492 0.731337
threshold=-0.4132433145339503 0.14129982895046797 0.20544921259755619 -0.6484456713980592 -0.70816782645292531 -0.029815906491779069 0.081642271659252239
decision_type=2 2 2 2 2 2 2
left_child=2 3 4 -2 -1 -5 -3
right_child=1 6 -4 5 -6 -7 -8
leaf_value=0.0059144860881827372 -0.013469720054422098 -0.021913066057876612 0.00041536078289821027 -0.0083085249436833427 0.027296624553549819 0.010627896994630544 -0.0058927833481211139
leaf_weight=8.8979927003383619 10.368335604667665 15.0743305683136 12.073585361242293 6.658976793289189 13.810423851013185 12.221135020256039 6.060022920370101
leaf_count=25 35 55 35 21 37 38 20
internal_value=0 -0.00966735 0.0136999 -0.00266112 0.0200518 0.00353471 -0.0182795
internal_weight=85.1648 50.3828 34.782 29.2484 22.7084 18.8801 21.1344
internal_count=266 169 97 94 62 59 75
is_linear=0
shrinkage=0.03


Tree=48
num_leaves=8
num_cat=0
split_feature=15 7 30 60 7 19 41
split_gain=12.5271 4.40872 2.76751 2.73773 3.10714 2.27464 0.957101
threshold=-0.49166373484000653 -0.4241280470900467 -0.81816666056153853 600.50000000000011 -0.58664570338742095 0.61136918342109803 1.0000000180025095e-35
decision_type=2 2 2 2 2 2 2
left_child=6 3 -3 -2 -5 -4 -1
right_child=1 2 5 4 -6 -7 -8
leaf_value=-0.021144840097927674 -0.015121317781287424 0.00031976870446122959 0.024891922070354424 0.012988440489361652 -0.0093550653755356469 0.0057176132695598752 -0.0061179917883380725
leaf_weight=17.810865312814716 8.4520581066608447 11.913885891437529 16.410168945789341 12.080137133598329 7.8957302570343009 11.085328638553618 8.3615125119686109
leaf_count=54 24 32 45 33 22 30 26
internal_value=-2.71491e-05 0.0067217 0.0130549 -0.00207168 0.00384092 0.0180641 -0.0171528
internal_weight=94.0097 67.8373 39.4094 28.4279 19.9759 27.4955 26.1724
internal_count=266 186 107 79 55 75 80
is_linear=0
shrinkage=0.03


Tree=49
num_leaves=11
num_cat=0
split_feature=18 42 55 30 44 16 46 55 55 16
split_gain=2.13165 2.45852 4.58441 2.52322 2.80056 2.01721 1.93147 1.68048 0.978011 0.670878
threshold=-1.0110815274311722 0.47664730595666549 0.49124297911932785 0.40307951737592945 1.0000000180025095e-35 0.69671243731871335 -0.084497137688921517 -0.93818622076061375 -0.29005419885326839 0.33569307240782953
decision_type=2 2 2 2 2 2 2 2 2 2
left_child=-1 3 8 4 5 7 -6 -2 -3 -5
right_child=1 2 -4 9 6 -7 -8 -9 -10 -11
leaf_value=-0.01232485743837858 0.0011586533426840662 0.0057419681627053076 0.026550241195134477 -0.019298973473647629 0.023251347726763856 0.0088297363027897407 0 -0.017896141947822523 -0.0099876525049493719 -0.0036921363568745277
leaf_weight=9.0381060391664487 6.1498110443353609 5.8712984919548044 7.7491371631622306 5.4838752001523954 6.3075304329395294 6.0948043912649146 5.5758578330278379 7.9641761332750383 5.1494432538747796 7.0867769867181778
leaf_count=38 22 20 24 22 22 21 20 31 20 26
internal_value=0.000107416 0.00221501 0.0109266 -0.0015522 0.00282301 -0.00375187 0.0136199 -0.00989554 -0.00144453 -0.0122585
internal_weight=72.4708 63.4327 18.7699 44.6628 32.0922 20.2088 11.8834 14.114 11.0207 12.5707
internal_count=266 228 64 164 116 74 42 53 40 48
is_linear=0
shrinkage=0.03


Tree=50
num_leaves=8
num_cat=0
split_feature=5 1 30 4 30 38 35
split_gain=12.2691 3.18399 2.91635 3.17729 2.85593 2.70598 0.855138
threshold=-0.4132433145339503 0.029940963391115006 0.5909635447509245 -0.41324308147682326 0.3091375036884319 -0.92010860386638649 -0.27962579989725489
decision_type=2 2 2 2 2 2 2
left_child=2 4 3 -1 5 -2 -7
right_child=1 -3 -4 -5 -6 6 -8
leaf_value=0.01388503346181722 0.0048756327913964123 -0.021269070073882949 0.023062485149119648 -0.00861936690704968 0.0092915976743741246 -0.019623883578748277 -0.0048269856736712653
leaf_weight=12.502407580614088 7.7020101249217978 13.517393603920935 14.496351331472395 7.8361006379127529 8.7512543499469739 11.853930473327637 8.211042612791065
leaf_count=35 25 50 40 22 27 40 27
internal_value=0 -0.00947346 0.0132894 0.00494322 -0.00428255 -0.00902264 -0.0146038
internal_weight=84.8705 50.0356 34.8349 20.3385 36.5182 27.767 20.065
internal_count=266 169 97 57 119 92 67
is_linear=0
shrinkage=0.03


Tree=51
num_leaves=8
num_cat=0
split_feature=13 1 30 29 19 52 41
split_gain=11.9314 4.18025 2.67657 2.64833 2.20235 1.68423 0.949125
threshold=-0.49166373484000653 -0.4064588317889572 -0.81816666056153853 0.2593083606149495 0.61136918342109803 -1.0000000180025095e-35 1.0000000180025095e-35
decision_type=2 2 2 2 2 2 2
left_child=6 3 -3 5 -4 -2 -1
right_child=1 2 4 -5 -6 -7 -8
leaf_value=-0.020815245513161908 -0.018235162664569968 0.0002030268200897527 0.024388562752618324 0.0086118187114331158 0.0055176044115903934 0 -0.0058760413624924556
leaf_weight=17.641575992107395 7.8252219855785414 11.910042345523832 16.334263086318973 10.915578961372374 11.077720731496809 9.6391019821166992 8.3095177114009839
leaf_count=54 22 32 45 30 30 27 26
internal_value=-3.63497e-05 0.00654055 0.0127155 -0.00202325 0.0176519 -0.00914218 -0.0168328
internal_weight=93.653 67.7019 39.322 28.3799 27.412 17.4643 25.9511
internal_count=266 186 107 79 75 49 80
is_linear=0
shrinkage=0.03


Tree=52
num_leaves=10
num_cat=0
split_feature=25 45 1 29 28 19 54 49 53
split_gain=2.07196 2.7469 2.73865 3.05074 2.84003 2.3071 1.95937 1.02312 0.463707
threshold=-1.0200533303161141 -1.0145877141733675 -0.42324343929588309 -0.32647528204812104 1.0000000180025095e-35 0.61136918342109803 -0.40430471984596583 -0.25218175638535562 0.29105209463765774
decision_type=2 2 2 2 2 2 2 2 2
left_child=-1 -2 3 -3 -5 6 -4 -7 -8
right_child=1 2 5 4 -6 7 8 -9 -10
leaf_value=-0.012509318610970228 -0.015427702662661219 0.024361406824782321 0.0043907486950103165 0.012020382430885065 -0.011817226442940939 -8.3669991727710266e-06 -0.0056930313494351382 0.015580370463149076 -0.019447666518650115
leaf_weight=8.4952739924192411 5.5674499720334998 8.8457151502370852 7.3220567256212226 9.9010159671306592 5.8281713277101508 5.901972234249115 8.1386435180902499 6.3074164688587171 6.0302181541919699
leaf_count=33 21 29 27 33 22 22 32 22 25
internal_value=0.000127457 0.00214937 0.00427401 0.0116005 0.00257969 -0.00116483 -0.00707161 0.00843076 -0.0132312
internal_weight=72.3379 63.8427 58.2752 24.5749 15.7292 33.7003 21.4909 12.2094 14.1689
internal_count=266 233 212 84 55 128 84 44 57
is_linear=0
shrinkage=0.03


Tree=53
num_leaves=9
num_cat=0
split_feature=13 30 30 51 24 45 20 21
split_gain=11.5911 3.70926 3.50805 2.11048 2.0701 2.95145 1.52275 0.81452
threshold=-0.49166373484000653 0.3091375036884319 0.71621956300092127 0.20544921259755619 0.14129982895046797 -0.12542384881375815 0.54710318423539617 -1.0000000180025095e-35
decision_type=2 2 2 2 2 2 2 2
left_child=3 4 -3 6 5 7 -1 -2
right_child=1 2 -4 -5 -6 -7 -8 -9
leaf_value=0.028324475463062378 -0.019115276536901326 0.018496577149948026 -0.0081484932580136362 0.0025769756165581604 -0.021561577854243105 0.0052602393319935437 0.0082730344691521341 -0.0034081341989063087
leaf_weight=10.002740055322652 10.079838067293165 6.7451980561017972 7.996657207608223 10.138615965843199 14.295278295874594 10.055362313985826 8.8187420666217786 6.4535433948040035
leaf_count=27 33 21 26 29 53 32 24 21
internal_value=0 -0.00803701 0.00425595 0.0148775 -0.0126049 -0.00668149 0.0205288 -0.0141104
internal_weight=84.586 55.6259 14.7419 28.9601 40.884 26.5887 18.8215 16.5334
internal_count=266 186 47 80 139 86 51 54
is_linear=0
shrinkage=0.03


Tree=54
num_leaves=8
num_cat=0
split_feature=13 1 60 1 30 19 31
split_gain=11.3391 3.97547 2.60674 2.98226 2.58972 2.12271 0.401566
threshold=-0.49166373484000653 -0.4064588317889572 600.50000000000011 -0.51555878058397508 -0.81816666056153853 0.61136918342109803 -0.24684668358014838
decision_type=2 2 2 2 2 2 2
left_child=6 2 -2 -4 -3 -6 -1
right_child=1 4 3 -5 5 -7 -8
leaf_value=-0.019992473571756677 -0.014777862167238153 8.7833639166443118e-05 0.012724230533214718 -0.0091768543201602316 0.023885732057091089 0.0053468808585906656 -0.0082866937987228634
leaf_weight=16.039494216442112 8.3969330489635485 11.905792772769926 12.075695842504503 7.8761437535285941 16.254665493965152 11.077230483293532 9.6750422418117505
leaf_count=49 24 32 33 22 45 30 31
internal_value=-4.54758e-05 0.00635365 -0.00199535 0.00376176 0.0123843 0.0172494 -0.0165082
internal_weight=93.301 67.5865 28.3488 19.9518 39.2377 27.3319 25.7145
internal_count=266 186 79 55 107 75 80
is_linear=0
shrinkage=0.03


Tree=55
num_leaves=10
num_cat=0
split_feature=18 45 25 31 9 42 42 10 40
split_gain=2.00356 2.51794 2.08101 2.14112 3.62202 2.09732 1.40546 0.979466 0.962735
threshold=-1.0110815274311722 -1.0145877141733675 -1.0200533303161141 0.85351088208865244 0.17856763851895893 -0.50077669546545722 1.0000000180025095e-35 -0.13581786396109868 -0.27658113431143644
decision_type=2 2 2 2 2 2 2 2 2
left_child=-1 -2 -3 4 5 8 -7 -6 -4
right_child=1 2 3 -5 7 6 -8 -9 -10
leaf_value=-0.012021421079526284 -0.015004442671659717 -0.01123853295007953 0.026416839178236437 0.021480156871156564 0.0011254023142885507 -0.0055391833508861756 0.0092429224369730903 -0.013462636436853869 0.0066463514581273269
leaf_weight=8.8757691979408246 5.3051015585660926 5.4045003652572623 5.7480721473693848 5.8128740340471259 5.2392858266830453 9.1289308965206235 10.782890945672987 9.2566879391670192 6.6848288327455432
leaf_count=38 20 20 19 19 20 33 37 36 24
internal_value=0.000134835 0.00216878 0.00417711 0.00613768 0.00350213 0.00905679 0.00227231 -0.00820388 0.0180774
internal_weight=72.2389 63.3632 58.0581 52.6536 46.8407 32.3447 19.9118 14.496 12.4329
internal_count=266 228 208 188 169 113 70 56 43
is_linear=0
shrinkage=0.03


Tree=56
num_leaves=9
num_cat=0
split_feature=5 7 51 30 7 24 26 21
split_gain=11.0107 3.11268 2.99459 2.68286 2.74397 2.64232 2.26601 2.20964
threshold=-0.4132433145339503 0.17183674941639779 0.20544921259755619 0.3091375036884319 -0.65078646498027892 0.14129982895046797 -0.70816782645292531 1.0000000180025095e-35
decision_type=2 2 2 2 2 2 2 2
left_child=2 3 6 4 -2 7 -1 -6
right_child=1 -3 -4 -5 5 -7 -8 -9
leaf_value=0.0048491147024176751 -0.022297528137866757 -0.020899157447802456 0 0.0091398264138524213 -0.0054728991730886526 -0.016481868329271274 0.025820404869362906 0.016215074690210083
leaf_weight=8.9918953478336316 7.6436358094215384 13.165730401873587 12.152777075767515 8.7680112421512586 7.1092895269393974 6.0273581743240348 13.800330430269243 6.6277994513511658
leaf_count=25 26 50 35 27 23 22 37 21
internal_value=0 -0.00908551 0.01252 -0.00396598 -0.00862286 -0.00185238 0.0186042 0.00516339
internal_weight=84.2868 49.3418 34.945 36.1761 27.4081 19.7644 22.7922 13.7371
internal_count=266 169 97 119 92 66 62 44
is_linear=0
shrinkage=0.03


end of trees

feature_importances:
Column_30=31
Column_1=26
Column_20=25
Column_26=23
Column_51=23
Column_55=22
Column_18=21
Column_19=18
Column_42=18
Column_46=18
Column_5=16
Column_13=16
Column_11=13
Column_28=13
Column_45=13
Column_44=12
Column_24=11
Column_16=9
Column_35=9
Column_38=9
Column_23=8
Column_7=7
Column_12=7
Column_29=7
Column_36=7
Column_41=7
Column_54=7
Column_25=6
Column_56=6
Column_10=5
Column_27=5
Column_60=4
Column_0=3
Column_3=3
Column_4=3
Column_15=3
Column_32=3
Column_2=2
Column_14=2
Column_21=2
Column_31=2
Column_33=2
Column_39=2
Column_8=1
Column_9=1
Column_40=1
Column_43=1
Column_48=1
Column_49=1
Column_52=1
Column_53=1

parameters:
[boosting: gbdt]
[objective: multiclass]
[metric: multi_logloss]
[tree_learner: serial]
[device_type: cpu]
[data_sample_strategy: bagging]
[data: ]
[valid: ]
[num_iterations: 1800]
[learning_rate: 0.03]
[num_leaves: 96]
[num_threads: 2]
[seed: 42]
[deterministic: 0]
[force_col_wise: 1]
[force_row_wise: 0]
[histogram_pool_size: -1]
[max_depth: 10]
[min_data_in_leaf: 20]
[min_sum_hessian_in_leaf: 0.001]
[bagging_fraction: 0.85]
[pos_bagging_fraction: 1]
[neg_bagging_fraction: 1]
[bagging_freq: 0]
[bagging_seed: 400]
[bagging_by_query: 0]
[feature_fraction: 0.8]
[feature_fraction_bynode: 1]
[feature_fraction_seed: 30056]
[extra_trees: 0]
[extra_seed: 12879]
[early_stopping_round: 0]
[early_stopping_min_delta: 0]
[first_metric_only: 0]
[max_delta_step: 0]
[lambda_l1: 0.2]
[lambda_l2: 1.5]
[linear_lambda: 0]
[min_gain_to_split: 0]
[drop_rate: 0.1]
[max_drop: 50]
[skip_drop: 0.5]
[xgboost_dart_mode: 0]
[uniform_drop: 0]
[drop_seed: 17869]
[top_rate: 0.2]
[other_rate: 0.1]
[min_data_per_group: 100]
[max_cat_threshold: 32]
[cat_l2: 10]
[cat_smooth: 10]
[max_cat_to_onehot: 4]
[top_k: 20]
[monotone_constraints: ]
[monotone_constraints_method: basic]
[monotone_penalty: 0]
[feature_contri: ]
[forcedsplits_filename: ]
[refit_decay_rate: 0.9]
[cegb_tradeoff: 1]
[cegb_penalty_split: 0]
[cegb_penalty_feature_lazy: ]
[cegb_penalty_feature_coupled: ]
[path_smooth: 0]
[interaction_constraints: ]
[verbosity: -1]
[saved_feature_importance_type: 0]
[use_quantized_grad: 0]
[num_grad_quant_bins: 4]
[quant_train_renew_leaf: 0]
[stochastic_rounding: 1]
[linear_tree: 0]
[max_bin: 255]
[max_bin_by_feature: ]
[min_data_in_bin: 3]
[bin_construct_sample_cnt: 200000]
[data_random_seed: 175]
[is_enable_sparse: 1]
[enable_bundle: 1]
[use_missing: 1]
[zero_as_missing: 0]
[feature_pre_filter: 1]
[pre_partition: 0]
[two_round: 0]
[header: 0]
[label_column: ]
[weight_column: ]
[group_column: ]
[ignore_column: ]
[categorical_feature: ]
[forcedbins_filename: ]
[precise_float_parser: 0]
[parser_config_file: ]
[objective_seed: 16083]
[num_class: 3]
[is_unbalance: 0]
[scale_pos_weight: 1]
[sigmoid: 1]
[boost_from_average: 1]
[reg_sqrt: 0]
[alpha: 0.9]
[fair_c: 1]
[poisson_max_delta_step: 0.7]
[tweedie_variance_power: 1.5]
[lambdarank_truncation_level: 30]
[lambdarank_norm: 1]
[label_gain: ]
[lambdarank_position_bias_regularization: 0]
[eval_at: ]
[multi_error_top_k: 1]
[auc_mu_weights: ]
[num_machines: 1]
[local_listen_port: 12400]
[time_out: 120]
[machine_list_filename: ]
[machines: ]
[gpu_platform_id: -1]
[gpu_device_id: -1]
[gpu_device_id_list: ]
[gpu_use_dp: 0]
[num_gpu: 1]

end of parameters

pandas_categorical:null
