tree
version=v4
num_class=1
num_tree_per_iteration=1
label_index=0
max_feature_idx=62
objective=binary sigmoid:1
feature_names=Column_0 Column_1 Column_2 Column_3 Column_4 Column_5 Column_6 Column_7 Column_8 Column_9 Column_10 Column_11 Column_12 Column_13 Column_14 Column_15 Column_16 Column_17 Column_18 Column_19 Column_20 Column_21 Column_22 Column_23 Column_24 Column_25 Column_26 Column_27 Column_28 Column_29 Column_30 Column_31 Column_32 Column_33 Column_34 Column_35 Column_36 Column_37 Column_38 Column_39 Column_40 Column_41 Column_42 Column_43 Column_44 Column_45 Column_46 Column_47 Column_48 Column_49 Column_50 Column_51 Column_52 Column_53 Column_54 Column_55 Column_56 Column_57 Column_58 Column_59 Column_60 Column_61 Column_62
feature_infos=[-0.82342396433133669:7.4973560883544419] [-0.79046718858261455:7.0772539630517208] [-0.95802966442168047:6.3147481164506818] [-0.8130071790031812:7.8096871485570851] [-0.78566901802426126:7.0700941628814489] [-0.98773613297355323:6.5087048871790136] [-1.6106925389991438:4.2647538000313956] [-1.0770333464387105:5.1786418452032867] [-2.0083183662282797:3.38769254205656] [-2.3301137419662368:2.4903353354952928] [-3.8369708174392279:1.3763713360527223] [-1.6933972702127276:3.40468654896583] [-1.026978388621635:3.0762296891460061] [-2.3378607080682001:2.5133535988126328] [-1.6920466330800026:3.4506926398000446] [-2.3378607080682001:2.5133535988126328] [-3.8492717998021364:1.380467658059938] [-1.6920466330800026:3.4506926398000446] [-4.1434474263615568:0.80838605157886534] [-2.4825565541311359:1.3812041919347913] [-1.4967975163260008:1.4139512266987047] [-5.0136447142342027:0.86805452110313464] [-2.3212194427698063:0.43080804062486711] [-1.9454723493826165:2.7145155185537302] [-2.2198879652848302:4.4470080440644519] [-2.2116741313433863:4.0759148969858696] [-2.7212582960176288:3.7127324422879573] [-1.9286685262901755:2.5881305758923108] [-2.0630571554064918:4.9540696990092306] [-2.5029173794468731:3.4740963626230168] [-2.6068399093247678:3.8641822694785395] [-2.479363848425113:3.3965039106406718] [-1.8800646977353479:5.1091630678697602] [-2.4513329673974318:4.816497907689123] [-3.2216403859057579:4.2359872719452376] [-2.3343339330380313:2.7851369381831579] [-2.59270644103339:3.645990455498417] [-2.5815294436086114:2.7498419822073443] [-2.3450195853093221:3.4462316231509842] [-2.8332668041607159:3.3807752788849168] [-2.751874273635134:3.3287549121078683] [-2.2545631183398167:2.2002084291569743] [-3.0532848092373994:4.1526681951309463] [-1.568841949647984:3.0152278296465864] [-3.1481489780932006:3.0107183849709229] [-1.971963403669347:3.7296509555970103] [-1.8629904188785174:3.4778412049668552] [-2.7145138568774412:2.9256630525752363] [-2.5762050605806976:2.1028183713019124] [-1.0021406517955451:3.4112501150296519] [-1.0221896728026907:3.5315589235380545] [-9.3675817901928227:9.3106590732177796] [-3.491352153550054:6.3874494166201057] [-4.1570375569177296:4.2354722278029691] [-2.299655886740843:3.2039188156001712] [-2.2315644603908615:2.7400282678894241] [-1.1085533002638164:2.5243778828365926] [-0.91785948611730517:2.9716836827758293] [-1.1323894791245308:2.511690949937869] [-2.2164646543545619:2.2414623760202148] [3:820] [3:820] none
tree_sizes=1772 1827 1934 1907 1808

Tree=0
num_leaves=16
num_cat=0
split_feature=31 42 24 46 20 32 44 37 24 12 36 47 45 55 31
split_gain=7.50484 5.6188 3.90318 4.08096 9.04429 4.63467 4.54033 5.17094 4.10298 4.05482 5.47708 3.79507 3.36504 3.26886 2.08972
threshold=1.927536970874226 1.4030282329377624 1.1135600393898113 -0.4232603409993056 -0.57065018899995801 -0.13275775633407128 -0.44197998523169196 0.87398907312395269 1.0000000180025095e-35 -0.21135537905666793 -0.11557679093987838 -0.53101957013287771 0.23054882439189919 0.056387047644707457 -0.28290851944099815
decision_type=2 2 2 2 2 2 2 2 2 2 2 2 2 2 2
left_child=1 2 3 5 8 6 7 -1 -5 10 -6 -12 -7 -10 -11
right_child=-2 -3 -4 4 9 12 -8 -9 13 14 11 -13 -14 -15 -16
leaf_value=0.25126758115510467 0.20559106668504998 0.26294041072112434 0.21599583834740063 0.26660502338671893 0.21947518735621102 0.25415719789545971 0.20501403101452936 0.2152919776523918 0.25632076582187346 0.23285423460013205 0.23471653687186836 0.26727257911979035 0.22553604612014569 0.22781362859108975 0.20942649669496383
leaf_weight=5.6715268939733523 5.9181150197982779 5.4249387681484214 7.3976437747478476 12.082818165421484 5.6715268939733532 7.1510556489229185 8.3839962780475634 5.6715268939733505 4.9317625164985639 7.3976437747478485 6.1647031456232071 5.4249387681484205 4.9317625164985657 6.6578793972730637 6.657879397273069
leaf_count=23 24 22 30 49 23 29 34 23 20 30 25 22 20 27 27
internal_value=0.234717 0.236853 0.234869 0.236836 0.241766 0.228561 0.219915 0.233579 0.255206 0.231317 0.240651 0.252031 0.24231 0.240572 0.220003
internal_weight=105.54 99.6216 94.1967 86.799 54.9892 31.8099 19.7271 11.3431 23.6725 31.3167 17.2612 11.5896 12.0828 11.5896 14.0555
internal_count=428 404 382 352 223 129 80 46 96 127 70 47 49 47 57
is_linear=0
shrinkage=1


Tree=1
num_leaves=16
num_cat=0
split_feature=60 45 46 33 55 12 50 48 46 19 43 12 29 6 40
split_gain=7.81875 8.03659 5.59292 4.58489 9.33306 6.686 5.44548 4.5835 3.78017 4.56913 3.55266 2.92 2.11183 1.67248 0.64508
threshold=519.50000000000011 -0.27798569736142004 -0.94275987287437868 -0.12966477118922676 0.12211404577210679 -0.17739637619865858 -0.094574217992538762 -0.67777950868769932 -0.078132192408262344 0.59088949387585177 1.0000000180025095e-35 -0.35738413251622464 0.48558949158807202 0.15175025053546357 -0.46560595875755639
decision_type=2 2 2 2 2 2 2 2 2 2 2 2 2 2 2
left_child=1 11 -2 4 12 -6 7 -5 9 -9 14 -1 -4 -8 -3
right_child=2 10 3 6 5 -7 13 8 -10 -11 -12 -13 -14 -15 -16
leaf_value=0.021524195793837138 -0.015218351765563293 -0.015725624235557234 0.040325997835745295 0.011407103873412396 0.014404256587386272 -0.024405863174656546 0.028122034469529315 0.0088708508572741766 -0.030273518467957547 -0.023075703418143006 -0.0052245971862983171 -0.0067575479421653952 0.011014239535498984 0.0027201366946312537 -0.042015599914543476
leaf_weight=4.9288850575685501 9.1306423842906934 5.1806596219539669 9.6043274402618426 8.3765133470296842 8.3743341714143735 5.1878038346767417 5.4211093634366971 9.1230159103870374 6.1668950021266999 4.9334750175476065 7.3969141691923133 5.180297717452051 5.4276178032159796 4.925258070230484 6.1665461510419837
leaf_count=20 37 21 39 34 34 21 22 37 25 20 30 21 22 20 25
internal_value=0 -0.0129284 0.00501178 0.00810477 0.0169172 -0.000995156 0.00109899 -0.00557023 -0.0131805 -0.00309978 -0.0239899 0.00751424 0.0320649 0.0184118 -0.0337172
internal_weight=105.524 28.8533 76.671 67.5403 28.5941 13.5621 38.9463 28.5999 20.2234 14.0565 18.7441 10.1092 15.0319 10.3464 11.3472
internal_count=428 117 311 274 116 55 158 116 82 57 76 41 61 42 46
is_linear=0
shrinkage=0.03


Tree=2
num_leaves=17
num_cat=0
split_feature=60 45 46 33 35 50 41 51 35 43 12 41 45 16 29 40
split_gain=7.43883 7.6456 5.30957 4.36205 5.80304 5.20888 4.51902 4.39885 3.60513 3.36301 3.06234 2.93537 2.93222 1.64072 1.34521 0.590487
threshold=519.50000000000011 -0.27798569736142004 -0.94275987287437868 -0.12966477118922676 0.13398237987218517 -0.094574217992538762 -0.62114688425765985 1.0000000180025095e-35 -1.0000000180025095e-35 1.0000000180025095e-35 -0.32152997625814511 -0.62114688425765985 -0.68102137074659452 0.43366404865870806 0.48558949158807202 -0.46560595875755639
decision_type=2 2 2 2 2 2 2 2 2 2 2 2 2 2 2 2
left_child=1 11 -2 4 14 6 12 8 -8 15 -6 -1 -5 -7 -4 -3
right_child=2 9 3 5 10 13 7 -9 -10 -11 -12 -13 -14 -15 -16 -17
leaf_value=-0.0069533741181358466 -0.014804715509275451 -0.015338760864306935 0.036087965421167351 -0.006972952737375057 0.015631938381039625 0.027644141102786797 -0.01659658160192843 -0.032843856314512074 0.01369586049141717 -0.0050916945901253062 -0.0097907622468911791 0.021404085306138007 0.020019347793034967 0.0025302110353951084 0.010813397691630641 -0.040854759133079607
leaf_weight=5.1750461757183075 9.1458476781845075 5.1896748989820507 9.0679189860820788 5.174620196223259 6.3893543630838394 5.4057050645351392 5.9272627085447303 5.9252500087022772 5.1739457398653093 7.4013715684413901 7.6551764756441099 4.9249561131000537 6.409988805651663 4.9198207259178162 5.421798735857009 6.1936971247196189
leaf_count=21 37 21 37 21 26 22 24 24 21 30 31 20 26 20 22 25
internal_value=0 -0.01261 0.00488404 0.00790383 0.0165116 0.00106886 -0.005444 -0.0148833 -0.00205232 -0.0233801 0.00178132 0.00733674 0.00808668 0.0180242 0.0289075 -0.032828
internal_weight=105.501 28.8847 76.6167 67.4708 28.5342 38.9366 28.6111 17.0265 11.1012 18.7847 14.0445 10.1 11.5846 10.3255 14.4897 11.3834
internal_count=428 117 311 274 116 158 116 69 45 76 57 41 47 42 59 46
is_linear=0
shrinkage=0.03


Tree=3
num_leaves=17
num_cat=0
split_feature=60 45 51 45 41 36 19 34 54 45 61 19 10 52 0 36
split_gain=7.08741 7.27655 4.35653 5.95259 5.24008 7.47923 4.02431 3.52053 3.21861 2.88882 2.75909 2.03679 1.93936 3.91355 2.03432 0.181377
threshold=519.50000000000011 -0.27798569736142004 1.0000000180025095e-35 -0.87773530226960894 -0.37365957606339384 -0.29906787613199032 -1.4288036233858827 0.16297524342661709 0.62468216813697808 -0.78186814471307164 352.00000000000006 0.4152640054183096 -1.0000000180025095e-35 -1.0000000180025095e-35 -0.18547916187822991 1.0000000180025095e-35
decision_type=2 2 2 2 2 2 2 2 2 2 2 2 2 2 2 2
left_child=1 9 3 -2 5 -4 -5 -6 -3 -1 11 -8 -12 15 -15 -14
right_child=2 8 4 6 7 -7 10 -9 -10 -11 12 -13 13 14 -16 -17
leaf_value=-0.006989278668510142 -0.018205440673187436 -0.0076082776128851611 -0.015690391419855138 -0.0085279521103142925 -0.034152835843894933 0.028439961893848908 0.012215395285909026 0 -0.034263696130964749 0.02114363086709091 0.030949235252247662 -0.0091085618531486171 0.011612106179372576 -0.011276026549468198 0.01197098689915522 0.031155794530423133
leaf_weight=5.1740502864122391 4.9367417693138114 9.396448880434038 5.1794032454490662 5.9264464527368537 5.4430951029062253 5.6463348865509051 7.872607156634329 4.9304381012916565 9.4220441579818708 4.916815325617792 10.554413318634031 5.4209652841091156 4.9090281426906586 5.6621679812669736 4.9214767813682609 5.1545898914337158
leaf_count=21 20 38 21 24 22 23 32 20 38 20 43 22 20 23 20 21
internal_value=0 -0.0123023 0.00477038 0.00917842 -0.00632204 0.00749968 0.0124236 -0.0203768 -0.0227937 0.00716322 0.0155318 0.00307228 0.0202723 0.012817 0 0.0248842
internal_weight=105.467 28.9094 76.5577 55.3584 21.1993 10.8257 50.4217 10.3735 18.8185 10.0909 44.4952 13.2936 31.2017 20.6473 10.5836 10.0636
internal_count=428 117 311 225 86 44 205 42 76 41 181 54 127 84 43 41
is_linear=0
shrinkage=0.03


Tree=4
num_leaves=16
num_cat=0
split_feature=31 42 60 46 45 46 33 55 50 41 34 44 24 46 55
split_gain=6.78812 5.30439 4.74224 7.18643 5.95107 5.3928 4.80317 6.63796 5.28194 4.85209 3.95145 2.79714 1.61454 1.41654 0.962409
threshold=1.927536970874226 1.4030282329377624 519.50000000000011 -0.63317588347912601 -0.15574089132435734 -0.94275987287437868 -0.12966477118922676 0.16183494705492005 -0.094574217992538762 -0.62114688425765985 -0.52542115575962856 -1.0000000180025095e-35 -0.47379615331239916 0.56471350827998312 -0.019799204499736121
decision_type=2 2 2 2 2 2 2 2 2 2 2 2 2 2 2
left_child=1 2 3 -1 -5 -4 7 -7 9 11 -11 -8 -10 -9 -12
right_child=-2 -3 5 4 -6 6 8 13 12 10 14 -13 -14 -15 -16
leaf_value=0.016987547901618685 -0.027661808367182253 0.027426825555296238 -0.016472166985351495 0 -0.033437067407458297 0.032115654296574883 -0.0068922039938584144 -0.0095951575666692775 0.0022198995882115494 0.0015143783923975654 -0.010762540355741968 0.019467600297573624 0.027036838887153046 0.0089411936488860855 -0.035988346424204322
leaf_weight=4.930493131279948 5.9459571391344062 5.3927957415580741 8.4189787209033948 8.3690662980079686 10.173571929335591 11.7163702249527 5.1760941743850708 4.9178266227245313 4.9098248928785324 6.4195556789636603 5.1897524893283817 6.3892418295145017 5.3815410584211367 7.142774686217308 4.9530028402805373
leaf_count=20 24 22 34 34 41 48 21 20 20 26 21 26 22 29 20
internal_value=0 0.00201952 9.29549e-05 -0.0111117 -0.0195948 0.00405435 0.00724954 0.017413 0.000391229 -0.00623292 -0.0161795 0.00777413 0.0174945 0.000715062 -0.0266459
internal_weight=105.427 99.4809 94.0881 23.4731 18.5426 70.615 62.196 23.777 38.419 28.1276 16.5623 11.5653 10.2914 12.0606 10.1428
internal_count=428 404 382 95 75 287 253 97 156 114 67 47 42 49 41
is_linear=0
shrinkage=0.03


end of trees

feature_importances:
Column_45=8
Column_46=7
Column_12=4
Column_41=4
Column_55=4
Column_60=4
Column_19=3
Column_24=3
Column_31=3
Column_33=3
Column_36=3
Column_50=3
Column_29=2
Column_34=2
Column_35=2
Column_40=2
Column_42=2
Column_43=2
Column_44=2
Column_51=2
Column_0=1
Column_6=1
Column_10=1
Column_16=1
Column_20=1
Column_32=1
Column_37=1
Column_47=1
Column_48=1
Column_52=1
Column_54=1
Column_61=1

parameters:
[boosting: gbdt]
[objective: binary]
[metric: binary_logloss]
[tree_learner: serial]
[device_type: cpu]
[data_sample_strategy: bagging]
[data: ]
[valid: ]
[num_iterations: 1800]
[learning_rate: 0.03]
[num_leaves: 96]
[num_threads: 2]
[seed: 42]
[deterministic: 0]
[force_col_wise: 1]
[force_row_wise: 0]
[histogram_pool_size: -1]
[max_depth: 10]
[min_data_in_leaf: 20]
[min_sum_hessian_in_leaf: 0.001]
[bagging_fraction: 0.85]
[pos_bagging_fraction: 1]
[neg_bagging_fraction: 1]
[bagging_freq: 0]
[bagging_seed: 400]
[bagging_by_query: 0]
[feature_fraction: 0.8]
[feature_fraction_bynode: 1]
[feature_fraction_seed: 30056]
[extra_trees: 0]
[extra_seed: 12879]
[early_stopping_round: 0]
[early_stopping_min_delta: 0]
[first_metric_only: 0]
[max_delta_step: 0]
[lambda_l1: 0.2]
[lambda_l2: 1.5]
[linear_lambda: 0]
[min_gain_to_split: 0]
[drop_rate: 0.1]
[max_drop: 50]
[skip_drop: 0.5]
[xgboost_dart_mode: 0]
[uniform_drop: 0]
[drop_seed: 17869]
[top_rate: 0.2]
[other_rate: 0.1]
[min_data_per_group: 100]
[max_cat_threshold: 32]
[cat_l2: 10]
[cat_smooth: 10]
[max_cat_to_onehot: 4]
[top_k: 20]
[monotone_constraints: ]
[monotone_constraints_method: basic]
[monotone_penalty: 0]
[feature_contri: ]
[forcedsplits_filename: ]
[refit_decay_rate: 0.9]
[cegb_tradeoff: 1]
[cegb_penalty_split: 0]
[cegb_penalty_feature_lazy: ]
[cegb_penalty_feature_coupled: ]
[path_smooth: 0]
[interaction_constraints: ]
[verbosity: -1]
[saved_feature_importance_type: 0]
[use_quantized_grad: 0]
[num_grad_quant_bins: 4]
[quant_train_renew_leaf: 0]
[stochastic_rounding: 1]
[linear_tree: 0]
[max_bin: 255]
[max_bin_by_feature: ]
[min_data_in_bin: 3]
[bin_construct_sample_cnt: 200000]
[data_random_seed: 175]
[is_enable_sparse: 1]
[enable_bundle: 1]
[use_missing: 1]
[zero_as_missing: 0]
[feature_pre_filter: 1]
[pre_partition: 0]
[two_round: 0]
[header: 0]
[label_column: ]
[weight_column: ]
[group_column: ]
[ignore_column: ]
[categorical_feature: ]
[forcedbins_filename: ]
[precise_float_parser: 0]
[parser_config_file: ]
[objective_seed: 16083]
[num_class: 1]
[is_unbalance: 0]
[scale_pos_weight: 1]
[sigmoid: 1]
[boost_from_average: 1]
[reg_sqrt: 0]
[alpha: 0.9]
[fair_c: 1]
[poisson_max_delta_step: 0.7]
[tweedie_variance_power: 1.5]
[lambdarank_truncation_level: 30]
[lambdarank_norm: 1]
[label_gain: ]
[lambdarank_position_bias_regularization: 0]
[eval_at: ]
[multi_error_top_k: 1]
[auc_mu_weights: ]
[num_machines: 1]
[local_listen_port: 12400]
[time_out: 120]
[machine_list_filename: ]
[machines: ]
[gpu_platform_id: -1]
[gpu_device_id: -1]
[gpu_device_id_list: ]
[gpu_use_dp: 0]
[num_gpu: 1]

end of parameters

pandas_categorical:null
