tree
version=v4
num_class=1
num_tree_per_iteration=1
label_index=0
max_feature_idx=42
objective=binary sigmoid:1
feature_names=Column_0 Column_1 Column_2 Column_3 Column_4 Column_5 Column_6 Column_7 Column_8 Column_9 Column_10 Column_11 Column_12 Column_13 Column_14 Column_15 Column_16 Column_17 Column_18 Column_19 Column_20 Column_21 Column_22 Column_23 Column_24 Column_25 Column_26 Column_27 Column_28 Column_29 Column_30 Column_31 Column_32 Column_33 Column_34 Column_35 Column_36 Column_37 Column_38 Column_39 Column_40 Column_41 Column_42
feature_infos=[-1.2119926158514061:8.4762273010618809] [-1.0701304895688606:9.8995380640086559] [-1.2761688508685303:7.4386401876388017] [-1.2111439278568401:8.4733161534565031] [-1.15907256831704:9.9024980679220658] [-1.2758621479463512:7.4314088443809956] [-2.1310664090846294:4.9775449413221118] [-1.4101273894929272:7.5259266298803693] [-2.5512237275482912:4.1770304930992603] [-2.907471671623393:3.2372682932911268] [-5.8116388896762352:1.7746851099560705] [-2.1840782792013167:4.2262642212544392] [-1.1787593343135594:3.6243705637800452] [-2.9018929928002839:3.3388748491530142] [-2.1593284529164132:4.3278378426209434] [-1.685305779283794:1.6913923040421477] [-1.3548930856634451:1.5295065336948459] [-2.4134679010045703:0.74859426209819213] [-1.5400154251105806:0.64934414532126272] [-2.1870966788947923:2.5659609848440836] [-2.2184412682312251:4.5642610366863705] [-2.2699174797036541:3.5860557902752639] [-3.4276295437231408:3.6661744548291066] [-2.2759470353550744:2.4367253273242615] [-2.1937624449170423:3.8866756706843977] [-2.274606178658245:4.2433561057359546] [-3.2463075642565138:4.1742903244183251] [-2.7655576049026478:3.1925364327280761] [-2.1568283573982541:4.1633175151364634] [-2.935827131308459:3.4390261584907886] [-3.0806385503716136:3.9089051214000645] [-2.7215828329125533:3.0399369380797516] [-2.7755919295485016:3.956351472512162] [-2.9407103091357629:2.8258905663255169] [-2.5282777346774599:4.1014106187534463] [-3.3590943164109115:3.8390058226052091] [-3.2952554305234147:3.6418672182032843] [-1.2090044752830555:2.6739296059179987] [-1.0679766577021337:4.1358963144898793] [-1.306382347024128:2.5591740261474683] [8:782] [8:782] none
tree_sizes=3470 3117 2878 3524 3486 3399 3343 2985 3410 3414 3966 3403 3523 3598 3497 3372 3110 3446 2678 2741

Tree=0
num_leaves=32
num_cat=0
split_feature=39 5 14 5 25 36 23 30 27 30 36 2 29 5 25 32 26 0 27 37 40 30 23 31 15 21 26 36 15 35 13
split_gain=10.0553 7.35362 6.64714 6.32873 5.46823 8.75299 6.58835 5.39645 5.12739 6.55155 4.47179 5.40263 4.72574 4.17111 4.41506 3.87468 5.4819 3.74241 3.61608 3.47705 3.01056 2.93011 2.8853 5.65458 1.87008 1.49941 1.39179 1.18577 1.18267 1.04984 0.163781
threshold=1.0000000180025095e-35 -0.086277237726981315 -0.79617452498002927 0.74765857562268012 0.5051130308628109 -0.50823598042093376 0.39456730349654956 0.94594639097511424 0.11418784661886859 -0.80143952696780552 0.55971579576462371 -1.0846885395999182 0.76955634338735401 0.37974571679194713 0.5051130308628109 -1.146895945178986 -0.3738180589630275 0.10556610894620462 -1.0000000180025095e-35 -0.82071106716295006 289.50000000000006 -1.029359429308186 0.15893368536258273 -0.51300025403216964 1.0000000180025095e-35 -0.25692666814840126 0.7033655055220297 -0.19282002373175194 -1.2777732519858354 -0.29990175732906021 -1.0000000180025095e-35
decision_type=2 2 2 2 2 2 2 2 2 2 2 2 2 2 2 2 2 2 2 2 2 2 2 2 2 2 2 2 2 2 2
left_child=1 7 -2 13 5 18 21 20 9 -6 17 -12 19 14 -3 -5 25 -8 -4 -13 -1 -7 23 30 -25 -17 -24 -11 -9 -23 -22
right_child=2 3 4 15 8 6 10 28 -10 27 11 12 -14 -15 -16 16 -18 -19 -20 -21 22 29 26 24 -26 -27 -28 -29 -30 -31 -32
leaf_value=-0.1587617868548295 -0.14323279635925468 -0.17393054278114894 -0.16248255348487395 -0.13202520132529469 -0.14189933379824846 -0.16408677701780111 -0.19152684067468331 -0.15628373186083916 -0.13493766549136282 -0.18727657176180851 -0.18383573625749469 -0.14709529584451372 -0.13202520132529469 -0.18899109769708353 -0.14275216579802555 -0.18263861281300703 -0.14323279635925468 -0.16061708991272219 -0.13347624790042259 -0.17297613170646739 -0.14739012474682703 -0.17697578501102287 -0.1185636792018584 -0.16798504524763974 -0.14739012474682703 -0.15944881806899963 -0.14497559579477215 -0.16408677701780111 -0.17336269491540407 -0.19969356636021701 -0.12880622456845739
leaf_weight=8.9430529475212079 9.1914710849523527 9.4398892223835009 8.1977985352277738 5.2167808860540417 5.7136171609163293 4.968362748622897 8.6946348100900632 6.4588715732097626 6.210453435778617 4.9683627486228943 5.2167808860540346 6.7072897106409064 5.2167808860540381 7.7009622603654853 4.9683627486228934 4.968362748622897 9.1914710849523509 6.210453435778617 4.9683627486228934 9.1914710849523633 4.9683627486228934 7.9493803977966371 7.7009622603654844 8.6946348100900703 4.9683627486228934 4.9683627486228952 6.4588715732097626 4.9683627486228943 4.9683627486228925 12.172488734126086 8.446216672658915
leaf_count=36 37 38 33 21 23 20 35 26 25 20 21 27 21 31 20 20 37 25 20 37 20 32 31 35 20 20 26 20 20 49 34
internal_value=-0.159428 -0.152965 -0.165747 -0.161844 -0.168053 -0.171678 -0.176094 -0.146277 -0.15519 -0.164316 -0.16799 -0.160057 -0.153219 -0.173101 -0.162244 -0.151653 -0.158901 -0.1803 -0.150411 -0.161591 -0.142109 -0.187953 -0.138788 -0.146164 -0.15965 -0.173092 -0.12769 -0.178338 -0.164001 -0.192836 -0.133384
internal_weight=218.608 108.062 110.546 46.4542 101.355 79.4938 66.3276 61.6077 21.8608 15.6503 41.2374 26.3323 21.1155 22.1092 14.4083 24.345 19.1282 14.9051 13.1662 15.8988 50.1805 25.0902 41.2374 27.0776 13.663 9.93673 14.1598 9.93673 11.4272 20.1219 13.4146
internal_count=880 435 445 187 408 320 267 248 88 63 166 106 85 89 58 98 77 60 53 64 202 101 166 109 55 40 57 40 46 81 54
is_linear=0
shrinkage=1


Tree=1
num_leaves=28
num_cat=0
split_feature=25 3 23 31 3 2 20 22 22 34 40 6 31 31 15 36 32 21 34 24 32 15 26 36 22 35 22
split_gain=6.1093 10.0926 7.96026 7.47806 5.44267 5.31393 4.87738 5.14485 4.68514 5.02327 4.14475 4.4798 8.83881 5.80688 4.74683 4.58082 3.78075 3.68377 3.21213 3.08869 6.80809 2.17034 1.87897 1.79732 1.14367 0.204013 0.119229
threshold=0.5051130308628109 -0.98102783896820134 -0.54796716903931764 -0.70505091306524637 -0.43266609523357347 -1.0846885395999182 -0.25502744312350012 1.3423421104757847 -0.24764844092385749 -0.72673198646254 681.50000000000011 -0.26767917352976373 -0.32094959499909287 -1.0000000180025095e-35 1.2838597767441895 -1.0000000180025095e-35 -0.92973648059638403 -0.25692666814840126 0.35419546246641193 -1.1240557393945669 -0.49541755143117999 1.0000000180025095e-35 -1.0000000180025095e-35 0.071027803506143697 0.27215616241833329 -1.0000000180025095e-35 0.27215616241833329
decision_type=2 2 2 2 2 2 2 2 2 2 2 2 2 2 2 2 2 2 2 2 2 2 2 2 2 2 2
left_child=1 -1 3 4 -3 -4 8 19 9 -2 11 17 22 23 15 -15 -6 -7 -12 -8 -21 -10 -13 -14 -22 -19 -5
right_child=6 2 5 26 16 10 7 -9 21 -11 18 12 13 14 -16 -17 -18 25 -20 20 24 -23 -24 -25 -26 -27 -28
leaf_value=0.03095850792040181 0.022340910602048653 -0.020587637280284246 -0.026045469618465864 -0.038072696256741152 0.025700922190317579 0.00067411239702382683 0.040509317276763185 -0.0065556928459361173 -0.027905738864087076 -0.0080137861157688027 -0.00023506232203258869 0.0072857660981462818 -0.02522332480949702 0.018592114826609607 0.023258218782518356 -0.0051334258748342455 -0.0065397494784617555 -0.01096331097665584 0.029886818186600279 -0.0063197325932329868 0.013087397436207761 -0.00020506257497352864 0.034994093292435358 -0.0018528258148653709 0.037141052614985265 -0.02897793478875825 -0.016605061789246863
leaf_weight=5.9655460864305487 8.7013012021780032 7.944690376520156 5.7023018896579734 8.9316910207271558 4.9719596058130255 8.9419629275798815 5.2209621518850353 6.4560434222221366 4.9687706381082517 7.9484631270170238 4.9713390916585904 5.4634914994239807 9.4309854656457812 7.2076241821050564 6.7076943665742865 43.711790099740043 5.2159166336059597 5.2152304798364639 5.715017169713974 8.2013756036758458 7.4585415124893153 4.9710394591093063 5.9648473113775236 5.2120624482631674 5.4684994667768478 6.4510241150856 5.4584761261939994
leaf_count=24 35 32 23 36 20 36 21 26 20 32 20 22 38 29 27 176 21 21 23 33 30 20 24 21 22 26 22
internal_value=0 -0.00305924 -0.00470981 -0.0175394 -0.00366885 -0.00103077 0.00809921 0.015591 -0.00126931 0.00805456 0.000477559 -0.00138441 0.00169611 -0.00226994 0.00204133 -0.0012247 0.00996031 -0.0134333 0.0170775 0.0212936 0.0139096 -0.0164201 0.024594 -0.0182216 0.0264823 -0.023547 -0.0326434
internal_weight=218.579 159.184 153.218 32.5227 18.1326 120.695 59.395 32.8054 26.5896 16.6498 114.993 104.307 83.6985 72.2702 57.6271 50.9194 10.1879 20.6082 10.6864 26.3494 21.1284 9.93981 11.4283 14.643 12.927 11.6663 14.3902
internal_count=880 641 617 131 73 486 239 132 107 67 463 420 337 291 232 205 41 83 43 106 85 40 46 59 52 47 58
is_linear=0
shrinkage=0.03


Tree=2
num_leaves=26
num_cat=0
split_feature=12 28 14 35 32 36 32 32 31 26 0 3 30 25 2 38 36 29 12 12 14 24 9 32 36
split_gain=10.4548 9.52556 7.00837 9.63895 5.63316 3.67918 4.18206 3.63282 6.78601 3.60081 7.00372 5.71235 5.12696 3.45932 4.38352 3.5387 2.922 2.25755 2.25586 2.38921 2.22827 2.19009 3.83262 0.934631 0.849031
threshold=1.2332677804363283 0.43894584024993327 0.77411162647655851 -1.019711771230672 1.0000000180025095e-35 1.5029210681792191 1.2418581652296365 -1.146895945178986 -0.89710157209832331 -0.37381805896302783 -0.97688920027413706 -0.43266609523357347 -0.87741282774793239 0.5051130308628109 -0.21320763574918522 1.0000000180025095e-35 0.23111524924599083 0.53049934501988194 -0.34897853875733681 -0.69034737666583212 -0.97980847628168355 0.25530290720020415 -1.4839667995420729 0.80753923606443234 -0.92507185887512555
decision_type=2 2 2 2 2 2 2 2 2 2 2 2 2 2 2 2 2 2 2 2 2 2 2 2 2
left_child=2 16 3 4 -1 6 7 8 -5 13 -11 20 -13 14 -9 17 24 -15 19 -4 -12 -21 -23 -20 -2
right_child=1 -3 18 5 -6 -7 -8 9 -10 10 11 12 -14 15 -16 -17 -18 -19 23 21 -22 22 -24 -25 -26
leaf_value=0.039359506617709622 -0.012246622685348577 0.015070014441308847 0.0028172663604105011 0.030753313966776212 0.0031953573046597495 -0.018093021759356252 0.024353087929984609 0.00091531565222849884 -0.0073849589877879648 0.034211563009241226 0 0.026543873598812072 0.0014573160916331808 -4.2554724032412366e-05 -0.032973815291289454 -0.016967629853045015 -0.0043495224524260573 0.020732321660608496 0.0092764351121879234 -0.028956124187973553 -0.025837695764977311 -0.022962939551977164 0.0093328278048226531 -0.0061305960118365442 -0.034449147513244002
leaf_weight=9.6983582079410571 5.456944212317473 5.9601824879646292 4.9660379439592353 8.7087073475122434 6.9556412249803534 5.7097819894552222 6.9578990489244452 5.2090235501527786 5.9598924964666358 4.9822264909744254 5.4698905795812607 7.4566378891467968 45.178323835134513 15.161772370338445 6.6864367723464948 6.9623517394065848 6.7030115574598303 4.9765086323022834 5.7111831456422788 8.6869954913854652 6.6915149837732297 4.9623435884714135 5.219597622752187 5.2077667564153671 12.898455396294596
leaf_count=39 22 24 20 35 28 23 28 21 24 20 22 30 182 61 27 28 27 20 23 35 27 20 21 21 52
internal_value=0 -0.0156977 0.00271776 0.00551244 0.0260979 0.00269307 0.00384411 0.00236161 0.015639 0.000328327 0.00443366 0.00133127 0.00575911 -0.00676162 -0.0192451 -0.000350413 -0.0236796 0.00589529 -0.00912093 -0.0140691 -0.0159215 -0.0186881 -0.00682092 0.00159204 -0.0295745
internal_weight=218.537 31.0186 187.519 152.765 16.654 136.111 130.401 123.443 14.6686 108.775 69.7786 64.7964 52.635 38.9961 11.8955 27.1006 25.0584 20.1383 34.7539 23.835 12.1614 18.8689 10.1819 10.9189 18.3554
internal_count=880 125 755 615 67 548 525 497 59 438 281 261 212 157 48 109 101 81 140 96 49 76 41 44 74
is_linear=0
shrinkage=0.03


Tree=3
num_leaves=32
num_cat=0
split_feature=12 15 13 0 26 23 33 32 0 16 32 40 32 35 15 22 15 12 20 33 23 28 29 28 16 16 15 26 16 34 22
split_gain=9.92234 9.64209 6.68994 8.51352 5.304 4.5876 7.14535 8.83167 8.20754 7.59212 5.13709 4.90141 4.5683 4.54599 3.60128 3.33425 2.984 2.74238 2.87554 3.2275 2.45822 2.38248 2.26085 1.71137 1.3455 1.15669 1.08242 1.04133 0.766196 0.484708 0.389058
threshold=1.2332677804363283 -0.57914606233219212 -0.7942695278768056 1.0000000180025095e-35 1.6010184759262442 0.39456730349654956 -0.26765052832298192 -1.146895945178986 -0.4332125517517032 -0.69934771762746983 -0.49541755143117999 511.50000000000006 -0.35969288606705369 0.27524055770016886 -1.0000000180025095e-35 0.27215616241833329 0.23591899226372465 -0.34897853875733681 -0.61201177496126824 -0.65809746259900603 -0.28615203777935466 -1.1410906278837458 0.21175668052991956 0.89038483114527045 -0.17491142319868971 -0.69934771762746983 0.93454618191736782 -0.97225337256583699 -0.43712957041307982 -0.60662893658154526 -0.1253414754315772
decision_type=2 2 2 2 2 2 2 2 2 2 2 2 2 2 2 2 2 2 2 2 2 2 2 2 2 2 2 2 2 2 2
left_child=2 -2 17 4 5 6 13 -8 10 29 27 22 -11 20 -13 21 -5 18 19 -1 -4 -3 24 -15 -7 -19 -20 -9 -24 -10 -18
right_child=1 15 3 16 -6 11 7 8 9 12 -12 14 -14 23 -16 -17 30 25 26 -21 -22 -23 28 -25 -26 -27 -28 -29 -30 -31 -32
leaf_value=0.011330505364011055 0.01435392734596707 -0.0085522184025279262 -0.010364540909967091 0.0025846946101864853 -0.022213528248359503 0.0050988907091264815 0.030409343575811747 -0.011402514069044025 0.013595573425031269 0.013769086017681875 0.0021671623681943065 0.0082159567731321763 -0.010356132014272542 -0.029766527803737716 0.044039294612637128 -0.0057131947722787813 0.017420332604994967 -0.0060724336557571928 -0.033360635349451814 -0.015290471536241537 0.012500160253901209 -0.038406861984931664 0.0026492295018142025 -0.0048861599385633548 -0.012751733358092749 0.010657917984127093 -0.010181489216916932 -0.03622549477089685 0.021013188963411592 0.03704567364856419 0.041087156893111168
leaf_weight=5.9545044302940351 6.4589917957782772 4.9527885615825715 7.1896748691797256 4.9689403623342541 5.7084114551544181 5.7111023813486081 9.7173685282468778 5.9591919630765915 5.2213537693023682 11.193317472934721 9.6862074136733991 6.2208844572305679 14.402992889285093 9.1654301434755308 5.2322725802659971 8.181621700525282 6.4713160544633874 5.2061555236577988 5.4461878538131732 7.4473505318164825 6.7022735178470629 11.381052389740942 4.9682215452194214 4.9694944173097602 6.2056120783090627 6.4580481797456724 6.4504344463348389 4.946792274713518 4.9715835601091367 5.4690024852752632 5.4730985462665531
leaf_count=24 26 20 29 20 23 23 39 24 21 45 39 25 58 37 21 33 26 21 22 30 27 46 20 20 25 26 26 20 20 22 22
internal_value=0 -0.0153036 0.0026472 0.00548023 0.00276161 0.00416688 0.000663511 0.0060561 0.00111829 0.00967627 -0.0133237 0.0134891 0.000150644 -0.0116036 0.0282494 -0.0237251 0.0246608 -0.0084999 -0.0138449 -0.00311008 0.000420041 -0.0311714 0.00418012 -0.0227109 -0.00413598 0.00289372 -0.0237878 -0.0261641 0.0139097 0.0291667 0.0320853
internal_weight=218.492 30.9745 187.517 150.555 133.641 127.933 94.6231 66.5962 56.8789 36.2867 20.5922 33.3097 25.5963 28.0269 11.4532 24.5155 16.9134 36.9627 25.2985 13.4019 13.8919 16.3338 21.8565 14.1349 11.9167 11.6642 11.8966 10.906 9.93981 10.6904 11.9444
internal_count=880 125 755 606 538 515 381 268 229 146 83 134 103 113 46 99 68 149 102 54 56 66 88 57 48 47 48 44 40 43 48
is_linear=0
shrinkage=0.03


Tree=4
num_leaves=32
num_cat=0
split_feature=39 5 14 5 38 30 15 24 32 28 4 5 32 26 41 24 28 22 35 35 26 41 40 30 22 17 38 24 15 23 11
split_gain=9.1142 6.65631 6.04996 5.58924 5.01863 7.23331 4.76627 6.48991 6.16105 4.88813 4.09822 3.84681 3.56196 4.77846 3.10304 3.00787 2.93188 2.86932 2.78339 2.80924 2.21933 2.1814 2.43813 1.58622 1.52645 1.35385 1.21414 1.08167 0.736498 0.672911 0.484628
threshold=1.0000000180025095e-35 -0.086277237726981315 -0.79617452498002927 0.74765857562268012 1.5339598283938733 0.94594639097511424 0.35235685720599852 -0.67365291601668231 0.15606084231662604 0.13798651298637535 -0.40081974244581026 0.37974571679194713 -1.146895945178986 -0.3738180589630275 496.50000000000006 -0.67365291601668231 -0.30270393050669159 1.0000000180025095e-35 -0.79068131226197746 -0.29990175732906021 0.34430431736034378 554.50000000000011 289.50000000000006 -0.1176798199466631 0.27215616241833329 0.48508908183962862 -0.54758936048293216 1.0153576716503845 -1.3942111169281091 0.70874546100850522 -1.0000000180025095e-35
decision_type=2 2 2 2 2 2 2 2 2 2 2 2 2 2 2 2 2 2 2 2 2 2 2 2 2 2 2 2 2 2 2
left_child=1 4 -2 11 5 21 7 -4 10 16 15 14 -5 24 -3 -8 18 27 30 -20 -11 22 -1 -12 -14 -24 -7 -10 -27 -21 -9
right_child=2 3 6 12 -6 26 8 9 17 20 23 -13 13 -15 -16 -17 -18 -19 19 29 -22 -23 25 -25 -26 28 -28 -29 -30 -31 -32
leaf_value=0.0064504568784848381 0.015450673080274462 0.010378021949903693 -0.033228926468602475 0.026062980318098602 -0.0080589599712414597 -0.013984930644922938 0.0027135009049665186 -0.0068134783082842224 -0.00753032933182597 0.020839948988655776 -0.013635479773065859 -0.028193868520932953 0 0.014951690854023685 -0.014888685358730662 0.034174604791911457 -0.027805998979170656 0.0023058561696180169 0.015001300494323484 -0.014748539336622759 -0.0036017291624913304 0.0042405499350371169 0.0356572398158886 0.0072129169076369584 -0.022551498865109914 0.023811023803329934 0.0033270259814634487 -0.026745266891074693 0.0061239642292793906 0 -0.024554552583191936
leaf_weight=7.4553346931934348 9.2060973942279798 6.9488488286733645 11.119635030627249 5.2321265488863018 7.9462823569774619 4.9679443687200546 5.4640971571207047 5.2195730358362198 7.933379068970682 4.973354220390318 4.9599167853593826 7.6517642736434928 4.953062772750858 9.2141394168138469 7.4323434233665466 5.9758504331111926 8.4210447520017677 8.1806890070438367 5.9618534892797426 5.1983454823494011 5.4548774808645248 7.2147624045610419 14.940387710928917 4.9668036550283414 4.9522237479686737 6.2201844155788422 6.4530812054872495 6.9391207695007324 6.4693703800439835 4.9508575648069382 5.4409877210855431
leaf_count=30 37 28 45 21 32 20 22 21 32 20 20 31 20 37 30 24 34 33 24 21 22 29 60 20 20 25 26 28 26 20 22
internal_value=0 0.00617305 -0.00600071 -0.00228007 0.0125294 0.0158196 -0.00820857 -0.01386 -0.000641965 -0.00810423 0.0104493 -0.0128897 0.00727817 0.000324583 -0.00247516 0.0216679 -0.0134014 -0.0111766 -0.0074233 0.000360438 0.00870664 0.0214057 0.0244529 -0.00310146 -0.0129328 0.0285221 -0.00448832 -0.0184909 0.0168173 -0.00854907 -0.0182735
internal_weight=218.418 108.052 110.366 46.3845 61.6673 53.7211 101.16 56.7405 44.4199 45.6209 21.3667 22.033 24.3516 19.1194 14.3812 11.4399 35.1927 23.0532 26.7716 16.1111 10.4282 42.3 35.0853 9.92672 9.90529 27.6299 11.421 14.8725 12.6896 10.1492 10.6606
internal_count=880 435 445 187 248 216 408 229 179 184 86 89 98 77 58 46 142 93 108 65 42 170 141 40 40 111 46 60 51 41 43
is_linear=0
shrinkage=0.03


Tree=5
num_leaves=31
num_cat=0
split_feature=25 13 23 32 13 30 6 20 22 22 34 40 17 33 37 16 23 22 35 35 33 16 36 15 17 28 15 25 28 34
split_gain=5.35136 8.34846 6.7409 5.71281 6.42392 5.06326 9.28567 4.49059 4.79608 4.24603 4.50252 4.24419 3.80325 3.15976 4.15321 5.69949 3.93782 3.31385 3.34862 3.10665 2.9635 2.93824 2.67574 2.29563 2.02465 1.99586 1.94544 1.41517 1.13803 0.830856
threshold=0.5051130308628109 2.157631500744547 -0.54796716903931764 -0.92973648059638403 0.25369943014016216 -0.87741282774793239 0.97105750938629942 -0.25502744312350012 1.3423421104757847 -0.24764844092385749 -0.72673198646254 496.50000000000006 0.48508908183962862 -0.41782242612145276 -0.82071106716295006 1.1361793128732611 1.2847387497804246 1.0000000180025095e-35 0.77981326352335778 -0.56806627231201379 -0.26765052832298192 0.87396116565887072 0.31370004268321344 -1.0448975221012875 0.48508908183962862 -0.46393214154074042 1.0000000180025095e-35 -0.54926322102448599 -0.46393214154074042 -0.65467015653394334
decision_type=2 2 2 2 2 2 2 2 2 2 2 2 2 2 2 2 2 2 2 2 2 2 2 2 2 2 2 2 2 2
left_child=1 2 3 4 -1 6 23 9 21 10 -2 13 -5 14 16 28 -7 25 24 -13 22 29 -21 -4 -19 -15 -11 -25 -16 -9
right_child=7 -3 5 12 -6 11 -8 8 -10 26 -12 19 -14 17 15 -17 -18 18 -20 20 -22 -23 -24 27 -26 -27 -28 -29 -30 -31
leaf_value=0.022164143153315972 0.02098534648428171 0.029776703912125356 0.0018564153222814595 -0.036940866364263421 -0.016913225091298716 0.012853175305074719 -0.016191265130122683 0.032673351418720444 -0.0065680999699148966 -0.026758997781524334 -0.0077242458193754601 -0.010870048493947826 -0.0087616387305833963 0.0017052588495458441 -0.0085263740154826947 0.0021706592456482172 -0.015740282527898115 0.029706986866655544 -0.0080545834704172092 -0.011404717618517031 0.027228714280471571 0.0026599558712388383 0.01458929970022102 0.038273301602415641 0.0026707832436416966 -0.019179240251412648 -0.00036726774034304051 0.013043533111201334 -0.030716100483913083 0.013445535139709983
leaf_weight=5.2211459428071958 8.7246078699827212 5.2381718307733527 4.9787992835044905 10.609195783734322 7.1687867343425751 8.4315616041421872 6.9404064863920203 10.716702207922937 6.4512043744325629 4.941341891884802 7.936939179897311 5.2101819515228298 9.6355595141649246 6.1900454163551331 4.9507026225328472 7.6856411248445502 6.1822863817214957 4.9762539863586408 5.4557801485061637 5.216073170304302 6.2248517423868153 7.4628898054361335 5.9670342355966568 5.9725933372974431 5.4661200642585754 7.6779206544160861 4.9717429429292679 7.4521944969892466 16.073000684380535 8.2119870185852069
leaf_count=21 35 21 20 43 29 34 28 43 26 20 32 21 39 25 20 31 25 20 22 21 25 30 24 24 22 31 20 30 65 33
internal_value=0 -0.00285536 -0.00428331 -0.0160698 0 -0.00089898 0.0105847 0.00758885 0.0147734 -0.00139154 0.00747038 -0.00411807 -0.0253344 -0.0076425 -0.0126744 -0.0190284 4.53488e-05 0 0.00890721 0.00678915 0.0128349 0.020278 0.00207708 0.0214432 0.0181702 -0.0102103 -0.0158363 0.0273886 -0.026673 0.0262251
internal_weight=218.342 158.924 153.686 32.6347 12.3899 121.051 25.344 59.4174 32.8428 26.5746 16.6615 95.7075 20.2448 73.0893 43.3232 28.7093 14.6138 29.7661 15.8982 22.6181 17.408 26.3916 11.1831 18.4036 10.4424 13.868 9.91308 13.4248 21.0237 18.9287
internal_count=880 641 620 132 50 488 102 239 132 107 67 386 82 295 175 116 59 120 64 91 70 106 45 74 42 56 40 54 85 76
is_linear=0
shrinkage=0.03


Tree=6
num_leaves=30
num_cat=0
split_feature=12 15 39 30 26 24 30 6 32 27 16 22 35 39 3 38 36 27 17 36 32 27 2 15 25 16 38 29 27
split_gain=9.03538 8.94806 6.28457 5.6365 6.42537 7.06764 6.35099 5.83385 7.06099 5.59205 6.49291 7.33913 5.93758 4.64985 4.38496 3.39497 3.54074 5.95165 4.22265 2.63502 2.26615 4.50714 1.98683 1.86107 1.55934 1.36209 2.3381 1.0769 0.392254
threshold=1.2332677804363283 -0.57914606233219212 1.0000000180025095e-35 0.26218668395397166 1.1821137564042774 -0.67365291601668231 -0.64949292540755177 0.97105750938629942 1.0000000180025095e-35 -0.28301842255651283 -0.69934771762746983 -0.24764844092385749 0.41990825657255193 -0.91982670970696834 -0.43266609523357347 1.0000000180025095e-35 0.8092088033065491 1.0000000180025095e-35 0.48508908183962862 0.31370004268321344 -0.14554952515921005 0.8423993401070683 0.21885050249793878 -1.0000000180025095e-35 1.0000000180025095e-35 1.1361793128732611 1.0000000180025095e-35 -0.90384264518494861 -1.0000000180025095e-35
decision_type=2 2 2 2 2 2 2 2 2 2 2 2 2 2 2 2 2 2 2 2 2 2 2 2 2 2 2 2 2
left_child=2 -2 9 6 5 -5 7 8 -4 14 22 -12 -13 -3 -1 16 18 -18 28 -15 21 -14 24 -7 -11 26 -16 -24 -8
right_child=1 13 3 4 -6 23 15 -9 -10 10 11 12 20 19 25 -17 17 -19 -20 -21 -22 -23 27 -25 -26 -27 -28 -29 -30
leaf_value=-0.0036208140837605631 0.013898763442594893 0.0011784565509663238 0.031637101071731073 -0.010839567743136791 -0.015458531654149578 0.0088578066117413114 -0.038930245181297042 -0.015477108541810633 -0.0037935359060210596 0.0066665200459915669 0.022196278253287568 -0.026173113422886769 0.0087830104990590883 -0.035843289748836236 0.032762779664757533 0.001400409759459051 0.016362416121741441 -0.023201244797550175 -0.0036054046785788268 -0.0073036584110678067 0.0097404153879759505 -0.024253214553395609 -0.0049563248744150575 0.034293750202596125 0.03177349747984233 0.0061389979196838891 0.0063099801263669028 0.012158481826995365 -0.017151608553675892
leaf_weight=5.9552035033702877 6.4643400758504894 5.2010899335146012 8.2104310989379936 5.2028712779283586 6.1736682057380667 6.2047345340251967 9.6560273319482803 7.6646728664636603 9.4408723860979062 5.4702396243810671 5.9708016067743293 11.894824072718619 5.7103600949048978 13.762101411819456 14.702714398503309 8.9120037555694562 5.4509395509958249 5.185147151350975 7.1876118481159201 5.4399207085371009 9.1982285082340258 6.1960970908403397 4.9589239507913589 9.2154719531536031 6.4793150126934052 5.4777264595031729 5.4720936715602866 4.9523995816707593 6.4272324293851897
leaf_count=24 26 21 33 21 25 25 39 31 38 22 24 48 23 56 59 36 22 21 29 22 37 25 20 37 26 22 22 20 26
internal_value=8.71602e-08 -0.0146177 0.00253697 -0.00282147 0.00842644 0.0164111 -0.00741754 0.00417149 0.0135607 0.00806095 0.00247958 -0.00474129 -0.0105423 -0.0227708 0.0180224 -0.014314 -0.0184982 -0.00291441 -0.0247708 -0.0291629 -0.000315034 -0.00875149 0.0150866 0.0261061 0.0227515 0.0231903 0.0267979 0.00354375 -0.0327739
internal_weight=218.238 30.8675 187.371 94.9317 26.7967 20.6231 68.1349 25.316 17.6513 92.4389 60.8312 38.9703 32.9995 24.4031 31.6077 42.819 33.907 10.6361 23.2709 19.202 21.1047 11.9065 21.8609 15.4202 11.9496 25.6525 20.1748 9.91132 16.0833
internal_count=880 125 755 383 108 83 275 102 71 372 245 157 133 99 127 173 137 43 94 78 85 48 88 62 48 103 81 40 65
is_linear=0
shrinkage=0.03


Tree=7
num_leaves=27
num_cat=0
split_feature=12 15 39 22 32 41 30 30 31 24 0 32 19 22 25 2 39 37 38 31 40 36 29 29 15 29
split_gain=8.56235 8.52007 5.98707 5.35134 6.562 5.36706 5.34862 6.03894 5.9074 6.01154 5.54319 6.6993 4.68451 4.62495 4.89688 4.59923 4.44169 3.89667 3.24135 4.26425 3.19863 2.50342 2.44771 2.38856 1.90582 1.64672
threshold=1.2332677804363283 -0.57914606233219212 1.0000000180025095e-35 0.97542121399894388 -0.35969288606705369 433.50000000000006 0.26218668395397166 -0.64949292540755177 0.79020064654942324 -0.67365291601668231 0.65903873311769168 1.0000000180025095e-35 0.11021452524566436 1.0000000180025095e-35 0.5051130308628109 0.23677109573205254 -0.91982670970696834 1.0000000180025095e-35 1.0000000180025095e-35 1.023405018232445 291.00000000000006 0.31370004268321344 -1.2026638931442883 1.0000000180025095e-35 0.23591899226372465 -0.42572864845000508
decision_type=2 2 2 2 2 2 2 2 2 2 2 2 2 2 2 2 2 2 2 2 2 2 2 2 2 2
left_child=2 -2 3 5 -5 12 7 10 9 -8 11 -4 15 14 -7 20 -3 -14 19 23 -1 -18 -6 24 -9 -11
right_child=1 16 6 4 22 13 8 18 -10 25 -12 -13 17 -15 -16 -17 21 -19 -20 -21 -22 -23 -24 -25 -26 -27
leaf_value=0.0060744307025874106 0.013550253017830683 0.0011509192535184294 0.030793628726164105 -0.026391586236988271 0.017949977868956638 -0.022220460991515111 -0.0088414127766640559 -0.02233839515123711 -0.012075515163026773 0.033648419568632883 -0.015109641103270958 -0.0036962591697266537 -0.014640626948573342 0.017165987721759184 0.01006287563197537 0 -0.035029510644021482 0.013196671130389637 0.001364295515908552 0.00021379749146516755 0.03287746139727802 -0.0071361614833028615 -0.0059361572892078114 -0.033884753932605059 -0.00033488524096412034 0.0079341548269173893
leaf_weight=6.4699378609657314 6.4701724797487286 5.2016494125127855 8.2231447845697456 6.9211196303367641 6.7251137942075738 9.4048749953508395 4.9492645412683549 6.9074883311986941 7.6565110385417929 8.962362080812456 7.6522151082754126 9.4381724298000318 5.7192108333110836 6.9451008439064017 5.4784833788871756 6.4515567868947974 13.695210069417952 10.434398770332335 8.9131663739681226 8.1470981836318952 22.188329771161079 5.4358455687761298 5.708847671747205 11.60448797047138 7.1899008303880692 5.2307918965816453
leaf_count=26 26 21 33 28 27 38 20 28 31 36 31 38 23 28 22 26 56 42 36 33 89 22 23 47 29 21
internal_value=3.11261e-06 -0.0142422 0.0024719 0.00786287 -0.00562927 0.0115574 -0.00275949 -0.00724103 0.00819306 0.0168791 0.0040537 0.0132027 0.0167391 -0.000648103 -0.0101376 0.02271 -0.0222223 0.0025944 -0.0139734 -0.0180684 0.0276284 -0.0284899 0.00709402 -0.0237764 -0.0126124 0.0262181
internal_weight=218.124 30.8029 187.322 92.447 19.3551 73.0919 94.8746 68.0757 26.7989 19.1424 25.3135 17.6613 51.2634 21.8285 14.8834 35.1098 24.3327 16.1536 42.7621 33.849 28.6583 19.1311 12.434 25.7019 14.0974 14.1932
internal_count=880 125 755 372 78 294 383 275 108 77 102 71 206 88 60 141 99 65 173 137 115 78 50 104 57 57
is_linear=0
shrinkage=0.03


Tree=8
num_leaves=31
num_cat=0
split_feature=12 28 34 14 22 2 39 23 16 35 35 19 24 39 30 33 32 22 12 15 22 27 20 20 33 15 18 30 30 32
split_gain=8.10547 8.28986 5.82878 7.40918 6.4029 5.208 7.65995 5.32681 5.7525 4.94456 9.19776 4.23822 4.06149 3.79496 3.67695 5.79302 3.99357 3.47201 3.04145 2.99448 2.62352 2.50739 2.4046 1.97949 3.19895 1.96452 1.61716 1.07753 0.911186 0.461178
threshold=1.2332677804363283 0.43894584024993327 -0.65467015653394334 -1.5545983646342967 1.0977281794912244 0.21885050249793878 1.0000000180025095e-35 0.15893368536258273 -0.69934771762746983 0.49322223946993832 1.0000000180025095e-35 0.11021452524566436 -0.67365291601668231 0.62639583956167022 -0.30218640755554294 -1.2416225511873498 1.0000000180025095e-35 -0.3699554064161375 -0.54029657453300872 0.93454618191736782 1.0000000180025095e-35 0.31279098120655963 -0.96899610679903647 -0.25502744312350012 -0.41782242612145276 0.93454618191736782 1.0000000180025095e-35 -0.87741282774793239 0.94594639097511424 0.15606084231662604
decision_type=2 2 2 2 2 2 2 2 2 2 2 2 2 2 2 2 2 2 2 2 2 2 2 2 2 2 2 2 2 2
left_child=2 22 4 -4 9 6 7 8 -5 10 13 29 -8 18 16 -16 -14 -10 -1 -7 -12 -19 -2 -17 -25 27 -24 -18 -13 -9
right_child=1 -3 3 5 -6 19 12 11 17 -11 20 28 14 -15 15 23 25 21 -20 -21 -22 -23 26 24 -26 -27 -28 -29 -30 -31
leaf_value=0.0043074898037950872 -0.0018050528042219949 0.014701717270076638 0.02827513909225457 0.021680792695585292 -0.014883075550132076 -0.0035644012825138591 -0.024111019289120395 0.038831761135521801 0.0054473463670016388 0.036556825607869527 -0.021393419853550366 0.01086972638218528 0.0062693926118824643 -0.0012373622140933473 -0.016532216171792392 0.00015359224321409738 -0.0075801004460238413 -0.032253897637053386 0.034008658519185539 -0.030413402513867475 0.003280943702230987 -0.0030593892596821209 -0.0095224710238965109 0 0.029409695799228461 -0.0022685256723283028 -0.03235600508620437 -0.027994349992731822 -0.0048289546502072629 0.016543260223466812
leaf_weight=5.2160745710134515 5.402522459626204 5.9530541449785224 5.9873344898223868 5.9786101877689388 5.9349337071180335 8.3994553536176664 8.6001060903072339 5.490096867084505 7.4674857407808348 6.9751980155706397 6.430597856640814 4.9798915684223157 8.4295724630355817 4.9735269844532004 7.3753439486026791 9.154865995049482 5.959239497780799 4.9548728913068736 12.717350795865062 7.1600796282291403 6.2242687344551086 5.9473341554403305 6.6244580894708713 5.4420334547758129 7.7214730232953981 7.6588515341281882 12.751043274998658 9.875811383128168 4.9667421728372574 7.2332092523574829
leaf_count=21 22 24 24 24 24 34 35 22 30 28 26 20 34 20 30 37 24 20 51 29 25 24 27 22 31 31 52 40 20 29
internal_value=0 -0.0138797 0.00239833 -0.000717045 0.011192 -0.00237011 -6.42276e-05 0.0090921 -0.000541154 0.0153493 0.00971654 0.0190783 -0.00634099 0.0206676 -0.00325165 0.00411269 -0.0101583 -0.00916623 0.0266779 -0.0178591 -0.00977188 -0.0191078 -0.0214221 0.0117984 0.0186437 -0.0163151 -0.0260819 -0.0219786 0.00290103 0.0296635
internal_weight=217.985 30.7311 187.254 138.782 48.472 132.795 117.236 47.0182 24.3483 42.537 35.5618 22.6699 70.2173 22.907 61.6172 29.6937 31.9235 18.3697 17.9334 15.5595 12.6549 10.9022 24.778 22.3184 13.1635 23.4939 19.3755 15.8351 9.94663 12.7233
internal_count=880 125 755 560 195 536 473 189 98 171 143 91 284 92 249 120 129 74 72 63 51 44 101 90 53 95 79 64 40 51
is_linear=0
shrinkage=0.03


Tree=9
num_leaves=31
num_cat=0
split_feature=12 15 34 14 35 29 36 2 39 41 33 19 16 39 24 23 5 30 26 33 30 38 36 36 15 36 28 15 9 21
split_gain=7.6944 7.95295 5.51784 7.05411 6.11007 6.71496 5.00844 4.9689 7.28896 5.21194 4.73349 4.36875 4.28373 4.22469 3.86992 3.76029 3.7466 3.49858 5.65533 3.71221 3.3683 3.26591 3.17518 4.38678 2.85773 2.40082 1.56948 1.45209 1.27503 0.868781
threshold=1.2332677804363283 -0.57914606233219212 -0.65467015653394334 -1.5545983646342967 -1.019711771230672 0.76955634338735401 -0.50823598042093376 0.21885050249793878 1.0000000180025095e-35 511.50000000000006 0.54327771978876049 0.11021452524566436 -0.69934771762746983 -0.91982670970696834 -0.67365291601668231 0.15893368536258273 0.37974571679194713 -0.30218640755554294 0.34430431736034378 -0.65809746259900603 -0.57351962462742467 -0.54758936048293216 0.55971579576462371 -0.15778405075838481 0.93454618191736782 0.31370004268321344 1.0000000180025095e-35 -0.22983246750537076 1.1295109392448426 -0.62292499752208352
decision_type=2 2 2 2 2 2 2 2 2 2 2 2 2 2 2 2 2 2 2 2 2 2 2 2 2 2 2 2 2 2
left_child=2 -2 4 -4 -1 6 10 8 9 11 -6 15 -13 -3 -10 27 -12 19 -19 20 -16 -20 23 -21 -9 -15 -23 -5 -18 -14
right_child=1 13 3 7 5 -7 -8 24 14 -11 16 12 29 25 17 -17 28 18 21 22 -22 26 -24 -25 -26 -27 -28 -29 -30 -31
leaf_value=0.033543843122452718 0.013258655490235435 0.0014139052741075693 0.02758777708550797 -0.0021837481882596042 0.028088643553851798 0.026446425523946479 -0.019182982388678861 -0.0034746961642041427 -0.023558984939382747 -0.012799653956586606 0.011670129833038306 0.017043491246292307 -0.018129691820581967 -0.033865069555508324 0.015678061630177337 0.032598327600652358 -0.022163837608020969 0.020972276045504862 -0.019522048494927505 -0.0058153766460988399 -0.012380269648384625 0.013399241121680431 0.0012906947334561832 -0.039932204999180078 -0.029743952910342177 -0.0066324730696633999 -0.0054694831915536573 0.016791387120194429 -0.00044733893988557435 -0.00010417305982701485
leaf_weight=7.4813795387744895 6.4727487117052105 5.1945830732584062 5.9897463768720618 6.2210302054882041 4.991089701652526 8.9818663299083692 8.4097083210945147 8.396583214402197 8.5731312781572324 6.9349627345800391 8.711499363183977 7.2266158312559154 4.955087587237359 13.580891102552412 6.6992336064577103 11.483875796198843 4.936995252966879 9.9432833939790779 7.1397974342107799 7.6594907045364362 5.667336240410803 6.1902556121349317 5.1964350193738928 6.6674855947494542 7.1357214003801337 5.4219662696123114 6.4136859178543091 5.2298963665962246 4.9575083553791046 4.9656804054975483
leaf_count=30 26 21 24 25 20 36 34 34 35 28 35 29 20 56 27 46 20 40 29 31 23 25 21 27 29 22 26 21 20 20
internal_value=0 -0.0135359 0.00233741 -0.00069437 0.0108929 0.0055791 -0.00101948 -0.00230976 -5.66335e-05 0.00887235 0.00597433 0.0130928 0.0010205 -0.0212924 -0.00618536 0.0212564 -0.00131243 -0.00316865 0.0040108 -0.00991178 0.00243857 -0.00512653 -0.017636 -0.0243516 -0.017452 -0.0274413 0.00381169 0.00696039 -0.0133009 -0.0108313
internal_weight=217.83 30.6702 187.159 138.689 48.47 40.9887 32.0068 132.7 117.167 47.0171 23.5971 40.0822 17.1474 24.1974 70.1501 22.9348 18.606 61.577 29.687 31.89 12.3666 19.7437 19.5234 14.327 15.5323 19.0029 12.6039 11.4509 9.8945 9.92077
internal_count=880 125 755 560 195 165 129 536 473 189 95 161 69 99 284 92 75 249 120 129 50 80 79 58 63 78 51 46 40 40
is_linear=0
shrinkage=0.03


Tree=10
num_leaves=37
num_cat=0
split_feature=39 36 27 24 5 5 28 31 23 19 36 4 32 15 32 24 24 16 34 23 24 15 34 15 15 33 10 15 35 16 28 27 36 27 1 20
split_gain=7.07026 5.58356 9.96503 6.21715 5.23627 4.99244 4.05346 4.04118 5.16375 8.02864 3.64196 3.49451 3.4822 4.64905 3.3949 3.38896 3.34448 3.1545 3.00769 4.16301 2.41352 2.22904 2.0589 2.02713 1.65928 1.6 2.58546 1.17527 1.1603 1.15976 1.09173 1.03141 0.815871 0.596142 0.3433 0.185095
threshold=1.0000000180025095e-35 -0.37851068049059794 0.11418784661886859 -0.67365291601668231 -0.086277237726981315 0.74765857562268012 0.664665335697602 -0.51300025403216964 0.15893368536258273 0.11021452524566436 -1.1707616193508628 -0.097518612097318838 1.0000000180025095e-35 -1.1613353870435612 -1.146895945178986 1.0000000180025095e-35 1.0000000180025095e-35 -0.69934771762746983 1.2909992515381707 1.6512799335443726 -1.0000000180025095e-35 0.35235685720599852 0.13800997268062157 -0.69558392727446605 0.35235685720599852 -0.65809746259900603 0.83024468213193525 -1.0448975221012875 0.999755212215517 -0.69934771762746983 -0.46393214154074042 0.6603464667350184 -0.85281016461755577 0.6603464667350184 -0.2942271040719146 -0.61201177496126824
decision_type=2 2 2 2 2 2 2 2 2 2 2 2 2 2 2 2 2 2 2 2 2 2 2 2 2 2 2 2 2 2 2 2 2 2 2 2
left_child=4 2 17 24 7 11 12 10 15 35 -1 -6 21 -14 -7 22 28 -2 25 -20 32 23 27 -5 -3 -15 30 -9 -16 -13 -27 -4 -19 -11 -12 -10
right_child=1 3 31 6 5 14 -8 8 9 33 34 29 13 18 16 -17 -18 20 19 -21 -22 -23 -24 -25 -26 26 -28 -29 -30 -31 -32 -33 -34 -35 -36 -37
leaf_value=0 -0.022171824462944037 -0.037575417368841117 0.010976992475437149 0.006732395966386296 0.0026479113045258344 0.025284112797596358 0.01122465570161962 -0.0048365609373220639 0.014562260454846638 0.0017527667637104738 0.014240372097615526 -0.0055528526155669165 -0.033170582690358448 -0.00093984738805900003 0 0.012935789978324039 0.014531893976795758 0 0.019839307042100456 -0.012107936611507613 -0.013466907878240328 0.015999634641197882 0.0022936917492548756 -0.01692745257100731 -0.0096399572678738978 -0.03582330401101471 0 -0.027912252469920257 -0.017368353136298923 -0.027030080498916115 -0.010200951173809925 0.037345537189203915 0.015924343588354081 -0.010728410841774425 0.036812272851778613 0.034334339111082302
leaf_weight=4.9869373142719295 6.1200040578842207 6.7737046629190427 4.9663885086774808 4.9636640697717658 8.1324744075536746 5.2302639633417156 9.421834319829939 4.966409295797348 5.7317970991134644 4.9729370176792127 4.9800034910440454 5.1728791892528525 7.14052899181842 7.4113395661115584 5.9360238313674945 5.2225703895092002 7.4632304161787024 4.934912174940111 5.9403398931026441 5.6553199142217636 4.941061764955518 5.7202513068914405 4.9625061750411978 4.9149588942527762 5.1701155602931976 5.1558829993009487 4.9478706121444711 5.179941654205324 5.6669808775186539 8.5804936140775663 5.183317214250585 4.9873890429735184 5.4256775975227356 5.2071117907762527 7.4816197752952549 7.983603313565256
leaf_count=20 25 28 20 20 33 21 38 20 23 20 20 21 29 30 24 21 30 20 24 23 20 23 20 20 21 21 20 21 23 35 21 20 22 21 30 32
internal_value=0 -0.00530167 0.00509991 -0.00955709 0.00543938 -0.0020683 -0.00553916 0.0110717 0.00569404 0.0148181 0.0228561 -0.0121451 -0.0086277 -0.013077 0.00695454 -0.00503598 0.00015725 -0.00635185 -0.00751092 0.00419796 0.00103291 0.00295039 -0.0122166 -0.00519157 -0.0283541 -0.0136299 -0.018791 -0.0192101 -0.00923595 -0.0206859 -0.0264048 0.0278735 0.00928249 -0.00467559 0.0307207 0.0287159
internal_weight=217.632 109.775 31.3754 78.3991 107.858 46.1823 66.4553 61.6754 44.2269 23.8954 17.4486 21.8858 57.0335 41.4346 24.2965 20.3314 19.0662 21.4217 34.2941 11.5957 15.3017 15.5989 15.1089 9.87862 11.9438 22.6984 15.2871 10.1464 11.603 13.7534 10.3392 9.95378 10.3606 10.18 12.4616 13.7154
internal_count=880 445 127 318 435 187 269 248 178 96 70 89 231 168 98 82 77 87 139 47 62 63 61 40 49 92 62 41 47 56 42 40 42 41 50 55
is_linear=0
shrinkage=0.03


Tree=11
num_leaves=31
num_cat=0
split_feature=12 19 14 35 39 32 20 16 40 21 12 25 23 9 20 16 35 33 19 35 17 25 31 5 9 33 34 11 30 30
split_gain=7.11287 6.13797 5.17614 7.98483 4.98877 4.65782 3.83959 3.81382 5.04823 6.19085 3.78507 5.11111 3.26887 4.66046 2.99663 2.78879 2.61337 5.31436 3.79417 3.74572 2.81954 2.61176 2.49729 2.19899 4.8708 1.54439 1.26013 0.571288 3.11165 0.562135
threshold=1.2332677804363283 0.82317317480649599 0.77411162647655851 -1.019711771230672 0.62639583956167022 1.0000000180025095e-35 1.0000000180025095e-35 -0.96156586484185991 433.50000000000006 -1.0346731180674762 -0.38170521421614279 -0.54926322102448599 0.39456730349654956 -0.10089361758761357 -0.96899610679903647 1.1361793128732611 0.27524055770016886 -0.26765052832298192 0.11021452524566436 -0.29990175732906021 1.0000000180025095e-35 0.5051130308628109 -0.19291582231037502 -0.71908735491584197 -1.3559646342373004 -0.41782242612145276 -0.22229917696236254 2.5952785655479396 -0.57351962462742467 0.26218668395397166
decision_type=2 2 2 2 2 2 2 2 2 2 2 2 2 2 2 2 2 2 2 2 2 2 2 2 2 2 2 2 2 2
left_child=2 14 3 5 7 -1 25 10 9 -9 11 -5 13 -10 -2 23 19 -18 -19 20 -11 -16 -21 24 27 -6 -15 28 -4 -13
right_child=1 -3 15 4 6 -7 -8 8 12 16 -12 29 -14 26 21 -17 17 18 -20 22 -22 -23 -24 -25 -26 -27 -28 -29 -30 -31
leaf_value=0.035391912445575845 0 0.012753006705477628 -0.022848899903337751 -0.0022265852367755511 -0.0040487185671900933 0.0025327604906883508 0.0033399586939045923 -0.023709238972565373 0.024076195545565272 0.021606675646320388 -0.0029770376201222427 0.013691987249730142 0.026872992294926613 0.0024164550004812306 -0.031009601256741123 0.0073930911252719942 -0.0090221247487916635 0.035484676079068772 0.0042346244339638911 -0.0026763076284576216 -0.0027091775856284937 -0.0043803161065632508 -0.02538441166623024 -0.027909947132761799 0.011575757799354443 -0.028081263069556904 -0.015945162332974345 -0.024741482438904065 0.0061509971638283398 0.037389121997738237
leaf_weight=9.7238037288188952 5.6288344711065355 5.4156796485185614 5.1659648120403308 5.1945384591817918 4.9349425137042999 6.9515307098627082 9.3929379582405073 9.1244233548641187 4.9710397422313699 5.2187136560678473 6.9340306222438803 4.9858298003673536 8.2108463048934919 4.953819051384925 13.852842032909395 6.9280451238155356 8.1614245474338549 5.7310795783996573 8.6825071126222593 11.38860599696636 10.172944605350493 5.6502847522497168 6.8727954328060177 5.18307036161423 7.1837819814681998 7.6298074722290057 5.4244642108678827 4.8796018958091727 5.1900167763233185 7.7238763123750687
leaf_count=39 23 22 21 21 20 28 38 37 20 21 28 20 33 20 57 28 33 23 35 46 41 23 28 21 29 31 22 20 21 31
internal_value=0 -0.0130448 0.00224325 0.00464866 0.00207506 0.0233634 -0.010489 0.00465735 0.00158276 -0.00267513 0.0147186 0.0215814 0.0130862 0.00361924 -0.0192344 -0.00795698 0.00116161 0.00882845 0.0192107 -0.003968 0.00636675 -0.0244443 -0.0128044 -0.0121984 -0.00679279 -0.0205073 -0.0074772 -0.0160736 -0.00886976 0.030942
internal_weight=217.462 30.5476 186.914 152.384 135.709 16.6753 21.9577 113.751 88.9127 65.3525 24.8383 17.9042 23.5602 15.3493 25.132 34.5305 56.2281 22.575 14.4136 33.6531 15.3917 19.5031 18.2614 27.6024 22.4194 12.5647 10.3783 15.2356 10.356 12.7097
internal_count=880 125 755 615 548 67 89 459 359 264 100 72 95 62 103 140 227 91 58 136 62 80 74 112 91 51 42 62 42 51
is_linear=0
shrinkage=0.03


Tree=12
num_leaves=32
num_cat=0
split_feature=39 36 27 24 5 5 38 30 30 28 5 34 36 15 25 19 3 25 35 14 37 15 30 41 40 38 27 15 15 31 1
split_gain=6.54244 5.28314 9.50272 5.93385 4.90787 4.69748 4.2316 5.87257 4.07355 3.78782 3.36231 3.26802 4.50844 3.72783 3.59845 3.80001 3.8902 3.18224 2.78907 6.75346 5.78843 2.02958 1.79036 1.69781 2.18995 1.17862 0.917943 0.315913 1.48851 0.258304 0.192342
threshold=1.0000000180025095e-35 -0.37851068049059794 0.11418784661886859 -0.67365291601668231 -0.086277237726981315 0.74765857562268012 1.5339598283938733 0.94594639097511424 -0.49754632384729786 0.664665335697602 0.37974571679194713 -0.36642283681955629 0.071027803506143697 0.93454618191736782 1.0000000180025095e-35 0.11021452524566436 -0.11931652738521438 0.5051130308628109 0.88715335331570355 -1.4655642714481831 0.73246256531747167 0.35235685720599852 -0.49754632384729786 554.50000000000011 289.50000000000006 -0.54758936048293216 0.6603464667350184 -0.81202179221673998 -1.3942111169281091 -0.70505091306524637 -0.40124826069218272
decision_type=2 2 2 2 2 2 2 2 2 2 2 2 2 2 2 2 2 2 2 2 2 2 2 2 2 2 2 2 2 2 2
left_child=4 2 8 22 6 10 7 23 21 11 17 -5 30 14 15 16 -14 -6 20 -20 -7 -2 -3 24 -1 -9 -4 28 -26 -10 -13
right_child=1 3 26 9 5 18 -8 25 29 -11 -12 12 13 -15 -16 -17 -18 -19 19 -21 -22 -23 -24 -25 27 -27 -28 -29 -30 -31 -32
leaf_value=0.0047750604645624478 -0.0059780479708363508 -0.0088106510841362284 0.010880126523106819 0.0085227497335962493 -0.012171035690281599 -0.0041293234590580293 -0.0081539268807381288 -0.013880690164364861 -0.023995833932151427 0.010864531439557528 -0.026237630489129884 -0.011795760375728669 0.01763203864117556 0.0097534077926024598 -0.025889810555176689 -0.021832591639087386 -0.010906517526519442 0.014329015883243314 0.013101328285923681 -0.026311271852261984 0.035306858494382726 0.016697399289723549 -0.037096519247661712 0.0035319473335137376 0.0254394331665658 0.0031864372240632275 0.0363207517255325 0.031963400565817486 0.0050528232833395538 -0.0076117850682314615 -0.030786216159729842
leaf_weight=7.4697063267230979 5.3712209463119525 5.1352937817573547 4.9666907638311368 7.4426124989986411 9.3155924677848834 5.4487717747688311 7.9160267263650885 4.9540498852729797 5.408603772521019 9.4227688610553724 7.5370852351188651 4.8977570384740829 8.1707506775855965 9.3928050547838193 8.1115116029977781 5.138515129685401 6.1507632285356619 4.9778641909360877 8.4498967230319959 4.915028288960456 5.4726695567369461 5.6938679665327072 6.7354714423418027 7.1981314569711676 8.9711402356624586 6.4415230602025968 4.9913239926099777 11.44953563809395 7.2237973064184215 4.9064587801694888 7.6088334023952466
leaf_count=30 22 21 20 30 38 22 32 20 22 38 31 20 33 38 33 21 25 20 34 20 22 23 28 29 36 26 20 46 29 20 31
internal_value=0 -0.00510431 0.00501332 -0.00925184 0.0052361 -0.00203433 0.0106911 0.0137234 -0.0061844 -0.00532855 -0.0118269 -0.00832238 -0.0111506 -0.00521164 -0.0107564 -0.00276069 0.00512415 -0.00207779 0.00671125 -0.00218169 0.0170262 0.00581312 -0.02767 0.0187601 0.0214453 -0.0045195 0.027241 0.0252662 0.0178842 -0.0186662 -0.0258373
internal_weight=217.286 109.545 31.3382 78.2071 107.741 46.1169 61.6239 53.7079 21.3802 66.3363 21.8305 56.9135 49.4709 36.9643 27.5715 19.46 14.3215 14.2935 24.2864 13.3649 10.9214 11.0651 11.8708 42.3123 35.1142 11.3956 9.95801 27.6445 16.1949 10.3151 12.5066
internal_count=880 445 127 318 435 187 248 216 87 269 89 231 201 150 112 79 58 58 98 54 44 45 49 170 141 46 40 111 65 42 51
is_linear=0
shrinkage=0.03


Tree=13
num_leaves=33
num_cat=0
split_feature=2 0 19 28 25 23 24 23 27 15 7 16 35 34 22 2 9 16 30 15 16 38 25 32 13 34 31 13 24 2 19 17
split_gain=4.271 8.07516 5.37569 5.30131 5.33488 5.63517 5.39582 5.44977 4.15584 3.92628 5.90398 3.68708 4.12892 3.46365 3.00331 2.93064 5.32659 3.34054 2.87633 2.58752 2.36242 2.30366 1.92041 1.91591 1.89437 1.50785 3.63722 1.43441 1.32443 1.29439 0.997775 0.0291512
threshold=-0.5789841277879435 0.024749309841518446 -1.0780498906890543 0.89038483114527045 0.5051130308628109 -0.54796716903931764 0.25530290720020415 0.70874546100850522 0.51139411579425043 1.0000000180025095e-35 -0.25909761184100721 0.87396116565887072 -0.29990175732906021 -1.0329947636590764 0.85311424850666373 -0.67963403499323949 -1.1258210798824091 -0.96156586484185991 -0.30218640755554294 -0.57914606233219212 -0.96156586484185991 -0.54758936048293216 1.0000000180025095e-35 1.0246987006470345 0.038560826490172888 -0.72673198646254 -1.0000000180025095e-35 -0.53024697514881736 0.25530290720020415 0.23677109573205254 1.0000000180025095e-35 0.48508908183962862
decision_type=2 2 2 2 2 2 2 2 2 2 2 2 2 2 2 2 2 2 2 2 2 2 2 2 2 2 2 2 2 2 2 2
left_child=15 2 25 4 5 13 7 9 -5 19 -11 12 30 -4 -10 16 17 -1 28 -7 -16 -22 23 -8 -13 -2 -27 -3 -19 -14 -6 -15
right_child=1 27 3 8 11 6 22 -9 14 10 -12 24 29 31 20 -17 -18 18 -20 -21 21 -23 -24 -25 -26 26 -28 -29 -30 -31 -32 -33
leaf_value=-0.023384181562209113 0.027413946777299317 0.0090703230905175361 -0.0021387469362990873 -0.0091165383697805608 0.0060158503900730612 -0.0021029523961407929 -0.030967637726296651 0.022319421896510875 0.031079541419169077 0.029371210454159559 -0.009906677710491427 -0.019750767723728267 0.030485292555864147 -0.035779388762718044 0.021117915159268957 -0.02194801328747676 0.020097892995570282 -0.018968224945471616 0.010512525741187792 -0.027158215574232668 -0.014315780000947265 0.0084850113516483101 -0.00086328631624404137 -0.0053772969141711461 0.003122667723457108 -0.009974617398761593 0.019089021732606487 0.030498831399679731 0 0.0064177647537523386 -0.010353476376067835 -0.016749265872835751
leaf_weight=8.3409590423107129 4.9804448634386089 8.1874249726533872 6.3848833590745953 7.9347991198301306 4.9518766701221502 9.6272149085998482 7.6030309647321719 8.1668623536825162 5.7193899303674725 4.9698731154203415 5.891510605812071 5.1850856989622098 6.7266920804977417 7.9471675753593427 5.4765644967556026 9.356659069657324 5.4493996948003796 6.1363065391778946 8.3908840119838715 5.5745182335376802 4.9558285474777248 8.9204572886228508 6.1663931161165229 5.6744214296340942 4.9366980791091919 5.1592405885458001 7.7013254463672611 7.708490476012229 6.1456951498985291 4.9566894173622131 5.1713110953569412 6.5922530591487885
leaf_count=34 20 33 26 32 20 39 31 33 23 20 24 21 27 33 22 38 22 25 34 23 20 36 25 23 20 21 31 31 25 20 21 27
internal_value=0 0.00214473 0 -0.00203325 -0.00531764 -0.00967808 -0.0041336 0.00293955 0.00816328 -0.00379959 0.00896362 0.0046678 0.0114977 -0.022405 0.0140637 -0.00819012 -0.00352842 -0.0089324 -0.00164341 -0.013264 0.0068733 0 -0.0161908 -0.022093 -0.00911529 0.0148325 0.0071878 0.0215405 -0.0106238 0.0226217 -0.00208701 -0.0298984
internal_weight=217.09 173.27 157.375 139.534 106.526 74.5981 53.6738 34.23 33.007 26.0631 10.8614 31.9284 21.8066 20.9243 25.0722 43.8199 34.4632 29.0138 20.6729 15.2017 19.3529 13.8763 19.4438 13.2775 10.1218 17.841 12.8606 15.8959 12.282 11.6834 10.1232 14.5394
internal_count=880 702 638 566 433 304 218 139 133 106 44 129 88 86 101 178 140 118 84 62 78 56 79 54 41 72 52 64 50 47 41 60
is_linear=0
shrinkage=0.03


Tree=14
num_leaves=32
num_cat=0
split_feature=39 36 27 24 21 17 8 36 33 3 20 28 28 40 16 19 32 15 36 27 27 16 15 28 24 15 38 15 22 27 29
split_gain=6.11604 4.96679 8.98865 5.58949 4.45673 3.95739 6.69212 4.58273 4.00818 3.88146 3.94948 3.64188 3.59657 3.29524 3.17452 3.87703 3.15772 4.3202 2.88413 3.20482 3.00505 2.87194 2.54138 2.45369 2.31646 2.07109 1.99345 1.86523 1.69113 0.831286 0.746605
threshold=1.0000000180025095e-35 -0.37851068049059794 0.11418784661886859 -0.67365291601668231 0.84106831997264597 0.48508908183962862 0.30905290519898398 -1.1707616193508628 -0.41782242612145276 -0.67747044511510379 0.81592555238980469 -0.46393214154074042 0.664665335697602 429.50000000000006 -0.69934771762746983 0.11021452524566436 1.0000000180025095e-35 -1.1613353870435612 0.8092088033065491 -0.68022469173189426 -1.0000000180025095e-35 -0.69934771762746983 0.70167045203282019 -0.46393214154074042 -1.0000000180025095e-35 0.35235685720599852 -0.54758936048293216 -0.69558392727446605 -0.24764844092385738 0.6603464667350184 1.0000000180025095e-35
decision_type=2 2 2 2 2 2 2 2 2 2 2 2 2 2 2 2 2 2 2 2 2 2 2 2 2 2 2 2 2 2 2
left_child=4 2 21 28 5 6 14 -7 13 10 -8 -10 16 -9 -1 -16 25 -18 19 -19 -20 -2 23 -6 30 27 -13 -5 -3 -4 -23
right_child=1 3 29 12 22 7 9 8 11 -11 -12 26 -14 -15 15 -17 17 18 20 -21 -22 24 -24 -25 -26 -27 -28 -29 -30 -31 -32
leaf_value=0.033103705782099854 -0.021188603137495782 -0.0085401826006041362 0.010644008478508136 0.0064640296095992266 0.036139657564462566 -0.027890527982757041 0.016655057973302717 -0.023073467869242133 -0.010307081798703608 -0.018294400762267533 -0.011081595684771479 0.0016685652369640856 0.01060202129914008 0.0046974389936005811 0.021907812503346794 -0.0041742072997568956 -0.031787210432429443 -0.028836617168211905 0.01331021181676533 -0.002261687266045696 -0.0095042631880440601 0.015989714707215445 0 0.0093492351110037106 -0.013221393420693874 0.015503886585032507 0.025077283507241449 -0.016243952856492067 -0.036150860266474474 0.035218475663032274 0
leaf_weight=7.456571206450465 6.0743888765573546 5.120875746011734 4.9686566740274412 4.959998980164527 6.2032801210880288 5.1563233733177176 9.3973602205514926 8.101275295019148 5.4676702469587317 8.5595469325780851 6.4336418211460105 6.451695650815962 9.4208639115095121 5.1836934685707083 8.6778095513582247 8.9127715677022916 7.073007345199577 7.084516882896426 8.4002337902784294 9.3632968813180977 9.3251916319131904 4.9524349272251147 5.2017354667186728 8.9533022940158844 4.9272745698690388 5.7123895436525336 7.4491672515869176 4.8852104246616355 6.6616137176752073 4.988941416144371 5.3867280036211014
leaf_count=30 25 21 20 20 25 21 38 33 22 35 26 26 38 21 35 36 29 29 34 38 38 20 21 36 20 23 30 20 28 20 22
internal_value=0 -0.0049473 0.00486321 -0.00897647 0.00505899 0.00191143 0.00745125 -0.00518737 -0.000359146 -0.00349373 0.0050533 0.00794844 -0.00516947 -0.0124544 0.0179305 0.0090887 -0.00809354 -0.0123459 -0.00698644 -0.0154959 0.00119055 -0.00603644 0.0172168 0.0229413 0.000990873 0.00292284 0.0158231 -0.00493278 -0.0269221 0.0264788 0.00908771
internal_weight=216.911 109.306 31.2984 78.0072 107.606 87.2475 49.4377 37.8098 32.6535 24.3905 15.831 19.3685 66.2247 13.285 25.0472 17.5906 56.8038 41.2462 34.1732 16.4478 17.7254 21.3408 20.3583 15.1566 15.2664 15.5576 13.9009 9.84521 11.7825 9.9576 10.3392
internal_count=880 445 127 318 435 353 200 153 132 99 64 78 269 54 101 71 231 168 139 67 72 87 82 61 62 63 56 40 49 40 42
is_linear=0
shrinkage=0.03


Tree=15
num_leaves=31
num_cat=0
split_feature=12 28 32 26 26 38 23 40 39 1 16 33 32 1 40 22 32 29 25 36 25 36 33 20 19 41 24 32 20 29
split_gain=6.28705 7.34193 4.81745 5.35126 3.95929 6.17588 5.7221 6.38162 5.30524 7.38562 6.01387 6.15164 5.09466 4.20908 3.73419 4.77478 3.53244 3.26447 4.28209 3.59173 2.77168 2.47564 2.25025 2.02264 1.66381 1.55668 1.2396 1.01345 0.745717 0.380774
threshold=1.2332677804363283 0.43894584024993327 -1.146895945178986 -1.2116274980069606 1.6010184759262442 -0.54758936048293216 0.39456730349654956 496.50000000000006 0.62639583956167022 -0.098021650268088942 -0.69934771762746983 -0.26765052832298192 -0.49541755143117999 0.61545272720036737 278.50000000000006 0.85311424850666373 -0.49541755143117999 0.21175668052991956 1.0000000180025095e-35 0.8092088033065491 0.5051130308628109 0.23111524924599083 1.0000000180025095e-35 1.0000000180025095e-35 0.11021452524566436 386.00000000000006 0.25530290720020415 -0.49541755143117999 -0.61201177496126824 0.21175668052991956
decision_type=2 2 2 2 2 2 2 2 2 2 2 2 2 2 2 2 2 2 2 2 2 2 2 2 2 2 2 2 2 2
left_child=2 21 3 -1 6 -6 8 17 9 10 11 -4 20 -14 -12 16 -16 18 26 -19 -11 27 24 28 -9 -5 -8 -2 -10 -13
right_child=1 -3 4 25 5 -7 7 22 23 12 14 29 13 -15 15 -17 -18 19 -20 -21 -22 -23 -24 -25 -26 -27 -28 -29 -30 -31
leaf_value=0.038807457895911758 -0.032238420029275204 0.014505228464808246 -0.0026532195192514106 0.012884376776223987 -0.033185069405144561 0.0061626471439919298 -0.024619119750074671 0.040800938259561825 -0.0092275657290822998 -0.03721317960468213 -0.016608369951622407 0.0414685259830221 -0.016887076365375474 0.015292874567837475 0.021558580752565323 -0.01852036942403569 0.0011950957652218986 0 0.011271418295747898 0.027204107472706997 -0.0061028384117224497 -0.0021341579612765543 0.0041842796118756066 0 0.011527542079525336 -0.0062305864156358163 -0.0045335580496981224 -0.012297396049281742 -0.028630817166739916 0.016631461127752167
leaf_weight=4.9743983447551754 9.5684194266796165 5.9280487149953833 5.9030946791172054 6.4357710331678373 6.0955540090799332 5.6557052135467512 5.6419354528188723 6.4651576578617114 6.3900675773620614 6.3111539036035555 7.661122351884841 5.4864665418863279 4.907698452472685 6.9576508700847626 11.416236266493792 5.1676929891109458 21.032160669565204 9.1246857047080976 7.179452419281005 6.1962260901927939 5.6899821758270264 6.6182013452053061 4.9582603126764289 5.9063198715448371 5.214043915271759 5.677716001868248 7.3868376910686493 8.2280329465866107 7.0459491461515436 5.4838079512119293
leaf_count=20 40 24 24 26 25 23 23 26 26 26 31 22 20 28 46 21 85 37 29 25 23 27 20 24 21 23 30 34 29 22
internal_value=0 -0.0123117 0.00210407 0.016612 0.000471372 -0.0152409 0.00181392 0.00981369 -0.00217301 0.00103464 0.00653524 0.021021 -0.0125923 0.00113237 0.000507605 0.00465015 0.00917227 0.00214052 -0.00544897 0.012101 -0.0252243 -0.0195173 0.0243367 -0.0157735 0.0309869 0.00378493 -0.0152881 -0.0250024 -0.021658 0.0330281
internal_weight=216.708 30.3427 186.365 17.0879 169.277 11.7513 157.526 52.1666 105.359 86.0171 62.1506 16.8734 23.8665 11.8653 45.2772 37.6161 32.4484 35.5291 20.2082 15.3209 12.0011 24.4147 16.6375 19.3423 11.6792 12.1135 13.0288 17.7965 13.436 10.9703
internal_count=880 125 755 69 686 48 638 211 427 348 251 68 97 48 183 152 131 144 82 62 49 101 67 79 47 49 53 74 55 44
is_linear=0
shrinkage=0.03


Tree=16
num_leaves=28
num_cat=0
split_feature=12 28 13 35 32 39 20 21 35 25 6 32 32 24 27 15 12 20 15 36 15 25 36 15 32 12 34
split_gain=5.97978 7.00869 4.60306 6.77734 4.70283 3.77241 3.15167 2.64928 5.24485 4.00268 6.3299 5.72667 6.11369 4.74505 4.13321 3.68366 2.55623 2.57497 2.50392 2.36405 2.2308 2.14398 2.06492 1.08582 0.970404 0.897672 0.344191
threshold=1.2332677804363283 0.43894584024993327 -0.7942695278768056 -1.019711771230672 1.0000000180025095e-35 0.62639583956167022 1.0000000180025095e-35 -1.3549216562694479 1.7395599487255073 0.21755587125718426 -0.32951527064414426 -1.146895945178986 -0.49541755143117999 0.67755555411697099 -0.68022469173189426 0.8181083169750939 -0.34897853875733681 -0.61201177496126824 0.70167045203282019 0.23111524924599083 0.11948112732145078 1.0000000180025095e-35 0.65229769577582608 0.8181083169750939 -0.49541755143117999 -0.38493453457289173 0.34390091533375522
decision_type=2 2 2 2 2 2 2 2 2 2 2 2 2 2 2 2 2 2 2 2 2 2 2 2 2 2 2
left_child=2 19 16 4 -4 7 26 20 9 10 18 -11 25 14 -12 -14 17 21 -9 24 -5 -1 -19 -18 -2 -13 -7
right_child=1 -3 3 5 -6 6 -8 8 -10 11 13 12 15 -15 -16 -17 23 22 -20 -21 -22 -23 -24 -25 -26 -27 -28
leaf_value=0.0073997311849881443 -0.031581590351601636 0.01414785470691444 0.033718270326461665 -0.021351999369188617 0.00077633747363991753 -0.024695199979780941 0.0030647869358336401 -0.0018744844185601224 0.027570205799902502 0.033970487977787421 0.028561832270485286 -0.018962414540920482 0.0042267547018653645 -0.017688878997867117 0.003004534034633256 0.029317963571129795 0.012270600480544808 -0.031590053050519047 -0.027734739278396189 -0.0020824317688622716 0.0030463538865698361 -0.014327588325965401 -0.0041995300140207706 -0.0039313722513460722 -0.012006492743151661 -0.0012096614849383871 -0.0081376938074985052
leaf_weight=7.3958622962236387 9.5065329223871284 5.9332650154829016 9.6910123527050036 4.8978403061628324 6.684208244085311 5.8250546455383319 9.358532249927519 6.3985969871282569 7.679423749446868 6.2193076759576789 6.2173952758312145 5.9154781401157379 16.830161347985271 5.651550665497779 26.228982418775566 7.1963345855474463 5.4174074083566648 6.6054417341947573 8.0164441466331464 6.6164035499095908 5.7018439173698425 5.9169974327087402 5.1374859064817429 6.1457359045743942 8.2111677378416079 5.4438029527664167 5.6345890760421753
leaf_count=30 40 24 39 20 27 24 38 26 31 25 25 24 68 23 106 29 22 27 33 27 23 24 21 25 34 22 23
internal_value=0 -0.012023 0.0020512 0.00441175 0.0218009 0.00201074 -0.00921552 0.00423673 0.00578154 0.00353637 -0.00187935 0.0103387 0.00481001 0.00447581 0.00912426 0.0132582 -0.00722853 -0.0124405 -0.0178914 -0.0190873 -0.008981 -0.00232505 -0.0218929 0.00373742 -0.0244671 -0.0120547 -0.0189012
internal_weight=216.477 30.2674 186.209 149.591 16.3752 133.215 20.8182 112.397 101.797 94.1181 52.513 41.6051 35.3858 38.0979 32.4464 24.0265 36.6189 25.0558 14.415 24.3341 10.5997 13.3129 11.7429 11.5631 17.7177 11.3593 11.4596
internal_count=880 125 755 606 66 540 85 455 412 381 213 168 143 154 131 97 149 102 59 101 43 54 48 47 74 46 47
is_linear=0
shrinkage=0.03


Tree=17
num_leaves=31
num_cat=0
split_feature=12 14 5 15 32 23 31 24 36 14 0 32 33 27 32 30 20 39 25 27 32 14 25 9 17 17 14 34 22 21
split_gain=5.68774 5.16471 7.71217 5.06252 4.8514 4.61023 4.58532 3.96058 7.67619 3.93391 3.90586 5.60644 5.51985 4.04386 3.47757 3.32906 3.56905 3.17912 3.12401 2.91183 2.62142 2.43192 3.43102 3.32258 2.31342 2.29016 1.4055 1.26667 0.513275 0.26889
threshold=-0.21292608247889025 0.74599332620250347 -0.24570614322029902 -0.57914606233219212 -1.146895945178986 0.39456730349654956 -0.89710157209832331 0.25530290720020415 0.31370004268321344 -1.1318081506399336 -0.4332125517517032 -0.49541755143117999 -0.26765052832298192 0.31279098120655963 -0.49541755143117999 -0.64949292540755177 -1.0000000180025095e-35 1.0000000180025095e-35 1.0000000180025095e-35 -0.53836530988354381 1.0000000180025095e-35 0.99136798119614578 -0.93267276716532133 -1.3691675118391453 0.48508908183962862 0.48508908183962862 0.74599332620250347 -0.87085564631973378 0.48619335202982339 1.0000000180025095e-35
decision_type=2 2 2 2 2 2 2 2 2 2 2 2 2 2 2 2 2 2 2 2 2 2 2 2 2 2 2 2 2 2
left_child=1 2 15 -2 6 10 -4 8 -7 -5 11 -6 19 20 29 -1 -17 -16 24 -12 27 -3 -23 -24 -9 -15 -19 -14 -21 -11
right_child=3 21 4 9 5 7 -8 18 -10 14 12 -13 13 25 17 16 -18 26 -20 28 -22 22 23 -25 -26 -27 -28 -29 -30 -31
leaf_value=0.034483769030771987 0.012895657570286023 -0.023048400489455639 0.029117238630709689 0.0071528720471691022 -0.028849780107243376 -0.0019350792207652129 -0.0040054667316316043 0.0042803849349661565 0.042381170513282648 -0.016910267821465378 0.0027581066863624146 0.0010272915557402347 0.013609534103844483 0.0037091094115014739 0.0093459118512157578 -0.0061171297286661949 0.023842916749817998 -0.023136176933710468 0.016254801258911392 -0.010236220329838387 -0.016515925845607224 -0.017160469009872566 -0.0052839786047746201 0.020802906746041811 -0.015919233963847545 0.027859857070088322 -0.0023298250294514948 -0.0040582191525027206 -0.029276439523939636 -0.036068115987175145
leaf_weight=8.6856864243745822 6.4591586589813224 6.3628633171319988 8.9330200105905515 5.9220377951860419 10.71936145424843 6.1397244632244092 4.9193984717130652 8.6508994400501287 5.7209092527627945 8.8075116723775846 5.9277364164590862 9.6407998502254468 6.2009750157594654 7.6619878560304624 5.6399819999933269 6.1584057360887527 5.2226637750864011 6.9514184445142728 6.6925035566091529 6.6192931532859784 6.1523738950490943 8.3292941898107582 9.5724622905254382 5.6953336447477261 8.5758608430624008 7.7065504640340805 6.1184960454702377 5.2092290371656462 4.8550553023815155 6.002996399998664
leaf_count=35 26 26 36 24 44 25 20 35 23 37 24 39 25 31 23 25 21 29 27 27 25 34 39 23 35 31 25 21 20 25
internal_value=0 0.0025452 0.00499057 -0.00919268 0.00194904 -0.000265115 0.0177215 0.00824746 0.0213498 -0.0132964 -0.00473852 -0.0153284 -1.94597e-05 0.00701892 -0.0172321 0.0215462 0.00834096 -0.00725158 0.000637992 -0.0131561 -0.00256035 -0.00841465 -0.00308793 0.00507981 -0.00592469 0.0175757 -0.0150504 0.00554439 -0.0212083 -0.0276461
internal_weight=216.254 170.352 140.392 45.9016 120.326 106.473 13.8524 35.7799 11.8606 39.4424 70.6934 20.3602 50.3332 32.9311 33.5204 20.0668 11.3811 18.7099 23.9193 17.4021 17.5626 29.96 23.5971 15.2678 17.2268 15.3685 13.0699 11.4102 11.4743 14.8105
internal_count=880 691 569 189 488 432 56 145 48 163 287 83 204 133 139 81 46 77 97 71 71 122 96 62 70 62 54 46 47 62
is_linear=0
shrinkage=0.03


Tree=18
num_leaves=24
num_cat=0
split_feature=12 28 26 38 21 35 12 1 14 26 35 27 39 15 38 22 27 23 20 17 35 1 13
split_gain=5.49278 6.54871 4.35551 5.94702 4.64183 6.15583 5.0991 5.10074 5.67545 5.58642 4.53684 3.96639 3.80432 4.11319 3.2237 3.04385 2.74006 2.74459 2.12725 1.67123 1.49293 1.25377 0.866154
threshold=1.2332677804363283 0.43894584024993327 1.6010184759262442 -0.54758936048293216 -1.3549216562694479 1.7395599487255073 -0.69550781897409253 -0.098021650268088942 0.77411162647655851 -1.2116274980069606 -1.019711771230672 -1.0774309609072759 0.62639583956167022 0.46879472214827234 -0.54758936048293216 0.85311424850666373 0.6603464667350184 0.39456730349654956 -0.96899610679903647 -1.0000000180025095e-35 -0.79068131226197746 -0.25855338519849175 1.0067273739765381
decision_type=2 2 2 2 2 2 2 2 2 2 2 2 2 2 2 2 2 2 2 2 2 2 2
left_child=2 18 4 -4 21 6 -6 8 10 -9 11 -8 15 -14 -10 -12 17 22 -2 -20 -16 -1 -11
right_child=1 -3 3 -5 5 -7 7 9 14 16 12 -13 13 -15 20 -17 -18 -19 19 -21 -22 -23 -24
leaf_value=-0.020063023142313272 -0.0002957137976338881 0.013706325396158268 -0.032311153334718824 0.0063164706715786167 0.023817431507742202 0.029027451095809134 0.0048506693707061638 0.013081034614673564 0.0071825357599027201 -0.031412491775073874 0.010894145755100304 0.036158627080624339 -0.018920125328697281 0.010477073606446792 -0.025483796316131697 -0.0065248024442647878 0.001343259807420975 -0.00039102707546504785 -0.006926694018141181 -0.029094715063896479 -0.0036457854040531255 -0.00084076088877979528 -0.0093659002146210691
leaf_weight=7.3313695937395096 5.3300276994705262 5.9317806810140601 6.050735279917717 5.650438040494917 8.6469983756542188 7.425103783607482 7.9189833998680115 7.1753566265106192 5.9134332835674313 9.6964209526777321 51.765469819307327 7.4319119453430158 9.7275477796792966 5.4215427041053763 7.0749225169420251 9.3707094490528089 6.6323208808898917 5.6476414650678626 6.4662307202816072 12.38950559496879 6.1499722152948353 5.9246971607208234 4.9245818704366675
leaf_count=30 22 24 25 23 35 30 32 29 24 40 209 30 40 22 29 38 27 23 27 52 25 24 20
internal_value=0 -0.0115584 0.00195954 -0.0146053 0.00322171 0.00468785 0.00320224 0.0016991 0.00485358 -0.00815902 0.00798935 0.0222335 0.00467239 -0.00804303 -0.0093595 0.00803613 -0.0144273 -0.0196004 -0.018427 -0.022858 -0.0171418 -0.0128372 -0.0259214
internal_weight=215.998 30.1175 185.88 11.7012 174.179 160.923 153.498 144.851 110.774 34.0763 91.6362 15.3509 76.2853 15.1491 19.1383 61.1362 26.901 20.2686 24.1858 18.8557 13.2249 13.2561 14.621
internal_count=880 125 755 48 707 653 623 588 449 139 371 62 309 62 78 247 110 83 101 79 54 54 60
is_linear=0
shrinkage=0.03


Tree=19
num_leaves=25
num_cat=0
split_feature=12 15 32 31 34 21 16 14 0 16 35 22 21 17 0 11 15 16 5 13 14 23 35 13
split_gain=5.2086 6.40429 4.22703 7.54657 4.35656 3.91831 3.51503 3.40941 6.12543 4.98784 5.77374 4.95426 3.55591 4.52127 3.91313 4.2394 3.24193 2.43789 2.9616 4.32431 2.36505 1.83799 1.64056 0.405133
threshold=1.2332677804363283 -0.57914606233219212 -1.146895945178986 -0.70505091306524637 -1.4473502857485079 -1.0000000180025095e-35 -0.43712957041307982 0.77411162647655851 1.0000000180025095e-35 1.1361793128732611 0.61985548265633295 -0.85918326838525771 0.84106831997264597 -0.56893163919462553 -0.95729724897603141 -0.63835404908616245 -0.92845965715901368 1.1361793128732611 -0.71908735491584197 -1.187123114516655 -0.27666708444303528 0.70874546100850522 -0.23068925599236673 -0.58799678133453315
decision_type=2 2 2 2 2 2 2 2 2 2 2 2 2 2 2 2 2 2 2 2 2 2 2 2
left_child=2 -2 3 6 -4 20 -1 8 9 12 22 -10 13 -6 -15 -16 -14 18 19 21 -3 -9 -11 -13
right_child=1 5 4 -5 7 -7 -8 17 11 10 -12 23 16 14 15 -17 -18 -19 -20 -21 -22 -23 -24 -25
leaf_value=0.04102157756949526 0.012605744044203801 0.0018813038004065774 -0.023808905531553539 -0.011072133458202548 0.019797389376431683 -0.037515498259090833 0.005700481073496663 0 -0.002839725812090211 -0.0054917325182407837 0.012866076195039907 0.014665267802961113 0.02657318402857789 0.018492873897400626 -0.018248982669774243 0 0.0015432922696973106 0.0077953436618745748 -0.029370604483541216 0.016113980902590339 -0.018507327203895665 -0.020139617385937888 -0.027288121559846047 0.037200766433520306
leaf_weight=6.4333761483430871 6.4575324058532741 8.1840959191322398 4.9334296882152548 5.3909899890422812 8.375298395752905 5.854136615991588 5.1978261172771463 7.33562999963761 5.4350149184465435 6.6563729196786943 5.1718871444463721 5.6890460997819909 9.1702582389116305 5.9440370202064505 13.633944079279891 45.339828714728363 9.5805023461580259 6.4086317420005789 4.8630533814430263 4.9454016536474219 9.5416616350412369 9.4952367246150953 9.7895988523960096 5.953093305230138
leaf_count=26 26 34 20 22 34 25 21 30 22 27 21 23 37 24 56 184 39 26 20 20 40 39 40 24
internal_value=0 -0.0112792 0.00189944 0.0155123 0.000366191 -0.0184222 0.0281483 0.00134013 0.00355159 0.000874088 -0.0115505 0.0195399 0.00399476 0.000816142 -0.00193417 -0.00449988 0.0151423 -0.00700915 -0.0110096 -0.00502296 -0.00936935 -0.0123713 -0.0199969 0.0295759
internal_weight=215.78 30.0374 185.742 17.0222 168.72 23.5799 11.6312 163.787 130.739 113.662 21.6179 17.0772 92.0439 73.2931 64.9178 58.9738 18.7508 33.048 26.6393 21.7763 17.7258 16.8309 16.446 11.6421
internal_count=880 125 755 69 686 99 47 666 531 462 88 69 374 298 264 240 76 135 109 89 74 69 67 47
is_linear=0
shrinkage=0.03


end of trees

feature_importances:
Column_15=44
Column_32=37
Column_36=29
Column_35=25
Column_16=23
Column_22=23
Column_30=23
Column_27=22
Column_24=21
Column_12=20
Column_25=20
Column_23=19
Column_28=19
Column_39=18
Column_34=16
Column_5=15
Column_14=15
Column_20=15
Column_33=15
Column_26=14
Column_38=14
Column_31=13
Column_17=11
Column_19=11
Column_29=11
Column_40=11
Column_2=10
Column_13=10
Column_21=10
Column_0=9
Column_1=6
Column_3=6
Column_9=6
Column_41=6
Column_6=4
Column_37=4
Column_11=3
Column_4=2
Column_7=1
Column_8=1
Column_10=1
Column_18=1

parameters:
[boosting: gbdt]
[objective: binary]
[metric: binary_logloss]
[tree_learner: serial]
[device_type: cpu]
[data_sample_strategy: bagging]
[data: ]
[valid: ]
[num_iterations: 900]
[learning_rate: 0.03]
[num_leaves: 96]
[num_threads: 2]
[seed: 42]
[deterministic: 0]
[force_col_wise: 1]
[force_row_wise: 0]
[histogram_pool_size: -1]
[max_depth: 10]
[min_data_in_leaf: 20]
[min_sum_hessian_in_leaf: 0.001]
[bagging_fraction: 0.85]
[pos_bagging_fraction: 1]
[neg_bagging_fraction: 1]
[bagging_freq: 0]
[bagging_seed: 400]
[bagging_by_query: 0]
[feature_fraction: 0.8]
[feature_fraction_bynode: 1]
[feature_fraction_seed: 30056]
[extra_trees: 0]
[extra_seed: 12879]
[early_stopping_round: 0]
[early_stopping_min_delta: 0]
[first_metric_only: 0]
[max_delta_step: 0]
[lambda_l1: 0.2]
[lambda_l2: 1.5]
[linear_lambda: 0]
[min_gain_to_split: 0]
[drop_rate: 0.1]
[max_drop: 50]
[skip_drop: 0.5]
[xgboost_dart_mode: 0]
[uniform_drop: 0]
[drop_seed: 17869]
[top_rate: 0.2]
[other_rate: 0.1]
[min_data_per_group: 100]
[max_cat_threshold: 32]
[cat_l2: 10]
[cat_smooth: 10]
[max_cat_to_onehot: 4]
[top_k: 20]
[monotone_constraints: ]
[monotone_constraints_method: basic]
[monotone_penalty: 0]
[feature_contri: ]
[forcedsplits_filename: ]
[refit_decay_rate: 0.9]
[cegb_tradeoff: 1]
[cegb_penalty_split: 0]
[cegb_penalty_feature_lazy: ]
[cegb_penalty_feature_coupled: ]
[path_smooth: 0]
[interaction_constraints: ]
[verbosity: -1]
[saved_feature_importance_type: 0]
[use_quantized_grad: 0]
[num_grad_quant_bins: 4]
[quant_train_renew_leaf: 0]
[stochastic_rounding: 1]
[linear_tree: 0]
[max_bin: 255]
[max_bin_by_feature: ]
[min_data_in_bin: 3]
[bin_construct_sample_cnt: 200000]
[data_random_seed: 175]
[is_enable_sparse: 1]
[enable_bundle: 1]
[use_missing: 1]
[zero_as_missing: 0]
[feature_pre_filter: 1]
[pre_partition: 0]
[two_round: 0]
[header: 0]
[label_column: ]
[weight_column: ]
[group_column: ]
[ignore_column: ]
[categorical_feature: ]
[forcedbins_filename: ]
[precise_float_parser: 0]
[parser_config_file: ]
[objective_seed: 16083]
[num_class: 1]
[is_unbalance: 0]
[scale_pos_weight: 1]
[sigmoid: 1]
[boost_from_average: 1]
[reg_sqrt: 0]
[alpha: 0.9]
[fair_c: 1]
[poisson_max_delta_step: 0.7]
[tweedie_variance_power: 1.5]
[lambdarank_truncation_level: 30]
[lambdarank_norm: 1]
[label_gain: ]
[lambdarank_position_bias_regularization: 0]
[eval_at: ]
[multi_error_top_k: 1]
[auc_mu_weights: ]
[num_machines: 1]
[local_listen_port: 12400]
[time_out: 120]
[machine_list_filename: ]
[machines: ]
[gpu_platform_id: -1]
[gpu_device_id: -1]
[gpu_device_id_list: ]
[gpu_use_dp: 0]
[num_gpu: 1]

end of parameters

pandas_categorical:null
