tree
version=v4
num_class=1
num_tree_per_iteration=1
label_index=0
max_feature_idx=62
objective=binary sigmoid:1
feature_names=Column_0 Column_1 Column_2 Column_3 Column_4 Column_5 Column_6 Column_7 Column_8 Column_9 Column_10 Column_11 Column_12 Column_13 Column_14 Column_15 Column_16 Column_17 Column_18 Column_19 Column_20 Column_21 Column_22 Column_23 Column_24 Column_25 Column_26 Column_27 Column_28 Column_29 Column_30 Column_31 Column_32 Column_33 Column_34 Column_35 Column_36 Column_37 Column_38 Column_39 Column_40 Column_41 Column_42 Column_43 Column_44 Column_45 Column_46 Column_47 Column_48 Column_49 Column_50 Column_51 Column_52 Column_53 Column_54 Column_55 Column_56 Column_57 Column_58 Column_59 Column_60 Column_61 Column_62
feature_infos=[-1.431484363001875:10.219718458755434] [-0.96739865687826576:11.656590880904895] [-1.2205259354950739:10.126097195741448] [-1.4372599075348882:10.18377208099232] [-0.89030834346044074:12.800515307250054] [-1.2264634469067024:10.060684385071369] [-2.6780988915232773:6.1110800125381681] [-1.3579723673700559:8.9286034790314144] [-2.8051843408631552:5.605468553968814] [-3.4670637744283397:4.107183958573299] [-6.9093735683113993:1.7835643680778301] [-2.8282818729880836:4.8759956921352661] [-1.671708446440624:2.3691014232730803] [-3.4243318794680846:4.2663114627956666] [-2.7990509348575663:5.0994012248330325] [-3.4243318794680846:4.2663114627956666] [-7.1561837690392611:1.9222195155807384] [-2.7990509348575663:5.0994012248330325] [-7.5106774206042717:0.67708197210121557] [-1.7178086325690016:1.8266732966491432] [-1.4834165666614634:1.3631053197922209] [-2.1742404499442727:1.0944521210326474] [-1.5571066134297114:0.64221678295833706] [-2.1255102044705816:2.6661701706705747] [-1.9626853132433386:4.1439459514786519] [-2.3538351560471722:3.5794805854164702] [-2.7946885178710241:3.8817567434361457] [-2.1982400167419631:2.6084701176636353] [-2.2969239529383985:5.0079496302068192] [-2.3772192445274376:4.5031516537451202] [-3.8154946707271113:3.3213669360440568] [-2.3668420884562384:3.4095459661177223] [-2.3307540446590731:3.9245860777385615] [-2.6325085101181629:4.0507772168885685] [-3.4413369610308253:3.2475638997562926] [-2.8829480148642213:3.4429679681088468] [-3.0643417393329369:4.578568806776234] [-2.865347897141135:4.1535961830147103] [-3.6754139239098658:4.4465154255762291] [-2.953502069377461:4.1861383839397019] [-3.6260144284022915:4.0520556253054094] [-2.5995081187278148:2.2544027129416344] [-4.144647519872704:3.0588426974519929] [-1.7564120994783146:3.0366459965902721] [-3.2720567443116826:3.2173919734477008] [-2.2164859860107966:4.9107963001057655] [-1.9344245930133994:5.2451426307522473] [-4.5332153533412907:4.4791318592770972] [-3.975015465792969:3.0602565988057995] [-1.1834141476072055:4.670920985831863] [-1.1842083479566974:4.6634782636061392] [-9.6218611203164492:8.793667574888465] [-4.6848728626534033:5.3668175021213784] [-5.640305789822448:9.9717259109536354] [-2.2271816506068713:3.1973370855731935] [-2.6911213375963521:3.1874557596106534] [-1.2356359733699338:3.0316589656484858] [-1.0576279843411547:3.7554822933212644] [-1.2815583884186699:2.9420722142729678] [-2.6776602799398534:2.7529625541482527] [61:815] [61:815] [0:2]
tree_sizes=4401 3953 4104 4686 4524 4401 4257 4601 4677 5018 4867 4402 4670 4596 5132 4980 4992

Tree=0
num_leaves=41
num_cat=0
split_feature=16 62 45 29 58 45 26 46 7 26 46 16 7 28 13 39 46 45 45 39 37 24 37 40 50 27 45 45 27 55 24 41 46 54 50 4 45 5 55 55
split_gain=16.518 9.72939 13.5182 11.0811 9.70885 9.35989 8.86619 8.69759 7.13289 6.60759 6.5119 6.91932 7.19925 5.62509 5.57825 7.31071 5.76802 5.21163 5.14434 5.11711 4.59243 4.40323 4.10639 3.96746 3.56779 3.71342 3.97597 3.12337 2.71981 8.79082 2.81028 2.65875 2.50058 2.3549 1.80225 1.6489 1.40198 0.547261 0.357402 0.260966
threshold=-0.1111035960726024 1.5000000000000002 -0.11447129028353152 0.24818544033972276 1.0000000180025095e-35 -0.49056559973347574 1.0000000180025095e-35 -0.35139833561864614 0.25286862250683112 1.3780897704459576 1.4408055752864644 -0.85989256476523979 0.93841752726523897 0.22499668886173604 -0.75276216413817176 -0.33988368914528505 -0.8448938629774424 0.86945749121842553 -0.87043699022987064 -0.50987512850997929 -0.40871746908658946 -1.4238649075325747 -1.1106118771021738 0.52190847417543196 1.1347018600768413 0.48550647496782956 1.1994067653831202 1.4459560383817767 0.8460097350482495 0.14901294712961297 -0.34622409611104704 1.0000000180025095e-35 0.67658990495340232 0.64431640884126085 -0.27680870133487795 -0.21432392570661005 0.62871879771574124 2.3885447296945697 0.83217778416084964 -0.93911067813238969
decision_type=2 2 2 2 2 2 2 2 2 2 2 2 2 2 2 2 2 2 2 2 2 2 2 2 2 2 2 2 2 2 2 2 2 2 2 2 2 2 2 2
left_child=10 2 3 14 5 13 -3 -6 9 21 11 12 -1 18 15 23 20 -14 -5 -13 -16 -4 -18 -2 25 26 39 -28 29 35 -31 -21 -27 -8 -22 -24 -33 -19 -30 -23
right_child=1 6 8 4 7 -7 33 -9 -10 -11 -12 19 17 -15 16 -17 22 37 -20 31 34 24 28 -25 -26 32 27 -29 38 30 -32 36 -34 -35 -36 -37 -38 -39 -40 -41
leaf_value=0.059101483296431528 0.081611335446163155 0.088550495784940536 0.086379605735955559 0.08505447724376497 0.044269920667167235 0.11266512812062845 0.040353040461041358 0.088044964666584458 0.097644829615101084 0.09094459516700322 0.11553258523362435 0.078583968861783787 0.10991485785465392 0.094344240179226144 0.098876722725293326 0.1019088564836937 0.081571171098313286 0.071408294486053375 0.050882179263176446 0.089873536738608178 0.059087842587282842 0.063948858848653103 0.11698500237679374 0.047219190623029032 0.081611335446163155 0.086379605735955559 0.088044964666584458 0.059087842587282835 0.097287559211323954 0.092666261938954206 0.066885105010577928 0.11902467529005029 0.063985225862701833 0.069106262454599082 0.081611335446163155 0.095798756309176447 0.092666261938954206 0.083423667394214723 0.12098706853901733 0.044673269633047859
leaf_weight=9.234614774584772 5.2412678450345975 6.2396045774221447 6.4891887605190268 5.7404362112283733 11.980040788650514 6.4891887605190268 10.232951506972315 4.9916836619377127 6.4891887605190268 8.4858622252941114 9.9833673238754255 7.7371096760034552 5.7404362112283698 7.2379413098096839 5.990020394325259 4.9916836619377127 8.7354464083909971 4.9916836619377118 8.2362780421972293 9.4841989576816577 5.4908520281314859 6.738772943615909 10.732119873166077 5.2412678450345993 7.7371096760034552 6.4891887605190268 4.9916836619377118 5.490852028131485 4.9916836619377127 4.9916836619377136 7.4875254929065687 10.482535690069197 8.7354464083909971 6.4891887605190268 5.740436211228368 10.981704056262977 4.9916836619377127 4.9916836619377136 8.4858622252941114 19.966734647750862
leaf_count=37 21 25 26 23 48 26 41 20 26 34 40 31 23 29 24 20 35 20 33 38 22 27 43 21 31 26 20 22 20 20 30 42 35 26 23 44 20 20 34 80
internal_value=0.0816113 0.0778873 0.0799656 0.0857961 0.0738474 0.0847307 0.0599334 0.0569467 0.0704334 0.0677368 0.0945308 0.0900248 0.0783921 0.0749637 0.0918828 0.0761956 0.0953019 0.0903469 0.0642783 0.0988318 0.0804784 0.064553 0.0998434 0.0624423 0.0620422 0.0593074 0.0542088 0.0724569 0.103213 0.0971659 0.0777064 0.105151 0.0734607 0.0492339 0.0693165 0.108138 0.112604 0.0773905 0.115059 0.0481265
internal_weight=305.99 238.353 215.391 133.777 44.6756 27.7038 22.9617 16.9717 81.614 75.1248 67.6373 57.6539 24.9584 21.2147 89.1016 15.4742 73.6273 15.7238 13.9767 32.6955 17.2213 66.639 56.406 10.4825 60.1498 52.4127 37.188 10.4825 47.6706 34.193 12.4792 24.9584 15.2246 16.7221 11.2313 21.7138 15.4742 9.98337 13.4775 26.7055
internal_count=1226 955 863 536 179 111 92 68 327 301 271 231 100 85 357 62 295 63 56 131 69 267 226 42 241 210 149 42 191 137 50 100 61 67 45 87 62 40 54 107
is_linear=0
shrinkage=1


Tree=1
num_leaves=36
num_cat=0
split_feature=62 29 4 55 26 4 46 33 52 54 61 49 40 32 47 61 51 60 41 43 19 28 38 21 53 25 54 7 37 12 54 42 19 46 49
split_gain=13.1665 9.3115 15.1175 10.6568 8.4193 7.80639 10.8897 10.5571 6.18611 6.09103 5.66603 5.37828 5.77459 4.96489 5.55372 5.50359 4.85667 5.66042 5.13066 4.79177 4.71226 4.57906 4.19143 4.09698 3.97418 3.76644 3.18989 2.73851 2.64403 2.53584 2.20845 1.92224 1.69786 1.54525 1.45059
threshold=1.5000000000000002 0.24818544033972276 -0.29989157352355067 0.10322615777147763 1.0000000180025095e-35 0.42743343292044439 0.46762512019375196 0.44575363507951876 0.34097231973398773 0.25581269261426137 130.50000000000003 0.33063804207531222 -0.25031121513425053 -0.36148030242278056 -0.42918346015236003 720.50000000000011 0.21370534189526688 138.50000000000003 -1.1433348692269798 0.56023264695483566 -0.19001469756118053 1.0000000180025095e-35 -0.68715689909894417 0.27727897828841741 1.0000000180025095e-35 -1.0000000180025095e-35 -0.26523104743151421 -0.24599930407151974 -0.23324386708269348 -0.50463100756091195 0.64431640884126085 0.69907866074217861 -0.31223821236180621 -0.64777918408696 -0.47685645908869723
decision_type=2 2 2 2 2 2 2 2 2 2 2 2 2 2 2 2 2 2 2 2 2 2 2 2 2 2 2 2 2 2 2 2 2 2 2
left_child=1 5 3 34 -2 6 10 8 19 13 -1 12 20 14 -4 -15 17 -12 28 29 -11 -7 -17 32 26 -25 -18 -9 -19 -8 -6 -14 -20 -16 -3
right_child=4 2 9 -5 30 21 7 27 -10 11 16 -13 31 15 33 22 24 18 23 -21 -22 -23 -24 25 -26 -27 -28 -29 -30 -31 -32 -33 -34 -35 -36
leaf_value=-0.017211771637386401 0.0067729682105623834 -0.014315128988116424 0.018409222248155849 0.010069027717798546 -0.040133983029052307 0.0065699392654651129 -0.00075299144213462161 -0.0028756523674806694 -0.038460393376975446 -0.016631660810272075 -0.0086242177114530718 0.01268189773341072 -0.042076490434973655 0.035851652053942071 -0.022240638041633169 -0.0073857385437473824 0.0017434995787197207 0.0098739742356915901 0.014721144867978802 0.0093052162262410743 0.014715149750086946 0.037200298134382047 0.022815800264018117 0.020923586498620819 0.012005340490691786 0.0044362429282512146 -0.027921381334262658 0.021528517165523859 -0.014072012790414125 -0.029240914161195234 -0.012195615269672468 -0.011437113681372995 0.03608035983656302 -0.0010587161780770925 -0.039273814969179886
leaf_weight=5.9888991117477408 6.2377642840147045 6.2428645491600099 6.2375320792198208 5.4897533953189841 10.245828449726107 9.7312262654304522 4.9930506795644769 6.2417464107275009 8.9873124212026578 7.238580033183097 9.232357516884802 7.2363279759883872 4.9947720021009427 8.2358586341142654 6.241099327802659 8.486210957169531 4.9906030893325815 6.7365627884864807 10.478728920221331 7.2373839765787116 6.9844356477260616 9.2222607582807523 5.4885598868131646 23.201394140720364 6.4853510260581961 29.685880571603779 5.7408833056688318 7.7342898398637754 6.7374027669429761 6.991245493292813 6.4922455847263327 5.7401571273803711 12.720445141196249 6.4905059635639164 14.733238235116003
leaf_count=24 25 25 25 22 41 39 20 25 36 29 37 29 20 33 25 34 20 27 42 29 28 37 22 93 26 119 23 31 27 28 26 23 51 26 59
internal_value=0 0.00182905 -0.00545909 -0.0242439 -0.0211012 0.00584686 0.0035905 -0.00926372 -0.0195639 0.00158637 0.00814238 -0.00788792 -0.0144596 0.00915085 -0.00186548 0.0183353 0.00970533 0.0122587 0.0145839 -0.00829459 -0.000921411 0.0234024 0.00514993 0.0175625 -0.0044341 0.0121571 -0.0151134 0.0110195 -0.00190926 -0.019221 -0.0315207 -0.0295943 0.0281556 -0.0131135 -0.0335637
internal_weight=305.953 282.977 99.8399 26.4659 22.9758 183.137 164.184 42.185 28.209 73.374 121.999 32.1943 24.9579 41.1798 18.9691 22.2106 116.01 98.7928 89.5604 19.2217 14.223 18.9535 13.9748 76.0864 17.2168 52.8873 10.7315 13.976 13.474 11.9843 16.7381 10.7349 23.1992 12.7316 20.9761
internal_count=1226 1134 400 106 92 734 658 169 113 294 489 129 100 165 76 89 465 396 359 77 57 76 56 305 69 212 43 56 54 48 67 43 93 51 84
is_linear=0
shrinkage=0.03


Tree=2
num_leaves=38
num_cat=0
split_feature=16 30 37 30 55 20 55 24 60 19 25 58 37 40 59 19 45 47 55 55 42 45 36 40 58 36 45 45 61 45 24 2 60 38 35 2 27
split_gain=14.7809 10.8938 11.0312 6.63615 8.22734 6.51983 6.03545 6.46222 6.92035 5.87756 6.30344 5.71933 5.44971 9.70426 5.25136 4.74784 7.76948 4.6323 4.60616 4.30791 3.92488 3.89414 4.1621 3.70179 3.68296 3.61583 3.5761 3.4508 4.92039 3.33612 2.97965 2.57012 2.306 1.85189 1.75311 7.03724 0.588349
threshold=-0.1111035960726024 -0.24706386734152777 -1.3445766797740355 -0.36601156078771391 -0.68811111664485447 0.1986190935157138 1.3844798426292761 -1.4238649075325747 138.50000000000003 -0.92335578636493454 1.3108598607391955 1.0000000180025095e-35 -0.40871746908658946 0.13947586613635091 0.85224456221741562 -1.1678028159661857 -0.10754480234796056 -0.056598666903046352 -0.96476327923957472 1.1214921076649611 1.0000000180025095e-35 -0.49056559973347574 -0.63250656557092755 1.2058744847068654 -0.85919532814950605 0.75711353372164891 -0.15179132843318835 -0.22725876705667664 711.50000000000011 -0.42729860944501985 -1.0000000180025095e-35 -0.24433311932068577 687.50000000000011 -0.30404702412318535 0.38544190967186387 -0.97971444503295679 -1.0766743187139898
decision_type=2 2 2 2 2 2 2 2 2 2 2 2 2 2 2 2 2 2 2 2 2 2 2 2 2 2 2 2 2 2 2 2 2 2 2 2 2
left_child=3 11 19 4 5 36 7 -4 29 12 14 15 30 -14 25 18 21 27 -2 32 -18 22 -17 -8 -5 -11 -26 28 -13 -9 -10 -16 -3 -19 -28 -36 -1
right_child=1 2 6 24 -6 -7 23 8 9 10 -12 17 13 -15 31 16 20 33 -20 -21 -22 -23 -24 -25 26 -27 34 -29 -30 -31 -32 -33 -34 -35 35 -37 -38
leaf_value=0.032832547101493734 0.0018615259120249687 -0.019010679293913528 0.025673901034125406 0 -0.020842543224689286 -0.0058720071620458007 0.03082462120859689 0 -0.034590415238112397 0.010338603534449155 -0.017469505735179344 0.019445636602274746 -0.016101865675970176 0.029018985714262622 0.0096183304767166276 0.020286350808141916 -0.024561026408752538 -0.036111703804262485 -0.030911037600407306 -0.036010355243792008 0.0024160247157848642 0.030587336905459624 -0.011966889397359298 0 0.0009534255405464747 -0.0068221110599799911 0.036353870460699225 -0.023152736134905445 -0.016099746662694901 -0.028736670479537495 -0.0030675439612553737 0.04011328624449622 0.0049518813834419544 -0.0092541829658104851 0.037326424844364436 -0.0058979736225238501 0.011548243416370858
leaf_weight=5.983850300312044 5.4923361241817465 4.9930675178766268 7.98451243340969 6.2313429415225974 8.7294121533632261 9.7277055680751783 9.9718994349241239 5.2417358607053748 6.4901725202798843 37.92022916674614 6.7398623079061499 5.7331948876380938 8.4875686317682248 5.9852768778800955 6.7324008941650391 4.9896409064531317 9.2410533130168933 14.238764122128488 8.4892343431711179 6.9923308640718451 7.7381636947393408 6.4820762425661114 6.4922217279672614 5.2389570921659461 5.4839080125093487 13.722282752394674 14.699573904275896 6.4931118637323371 5.2430442124605179 8.740202382206915 5.2402559220790881 5.7321835160255414 6.4893234521150589 4.9969923347234717 4.9719983041286469 5.9799439609050733 5.7373911887407338
leaf_count=24 22 20 32 25 35 39 40 21 26 152 27 23 34 24 27 20 37 57 34 28 31 26 26 21 22 55 59 26 21 35 21 23 26 20 20 24 23
internal_value=0 -0.00351615 0.00126623 0.0122362 0.00139391 0.0114761 0.00435389 0.00190271 -7.2836e-05 0.00280447 0.0073126 -0.0119883 -0.00890374 0.00315515 0.0103493 -0.00486058 0.00106105 -0.0207681 -0.0187165 -0.019509 -0.0127436 0.0143938 0.00231162 0.0212817 0.0204465 0.00560196 0.0244837 -0.00806404 0.0020914 -0.0187688 -0.0229062 0.0268743 -0.00599854 -0.0305983 0.0289626 0.0153759 0.0253602
internal_weight=305.877 238.332 152.702 67.5451 30.1784 21.4489 134.228 119.017 111.032 97.0502 70.847 85.6298 26.2033 14.4728 64.1071 48.9247 34.9432 36.7051 13.9816 18.4747 16.9792 17.9639 11.4819 15.2109 37.3668 51.6425 31.1354 17.4694 10.9762 13.9819 11.7304 12.4646 11.4824 19.2358 25.6515 10.9519 11.7212
internal_count=1226 955 612 271 121 86 538 477 445 389 284 343 105 58 257 196 140 147 56 74 68 72 46 61 150 207 125 70 44 56 47 50 46 77 103 44 47
is_linear=0
shrinkage=0.03


Tree=3
num_leaves=43
num_cat=0
split_feature=16 30 37 30 55 54 46 16 16 54 27 54 55 18 49 58 34 16 28 55 40 36 37 50 37 49 58 45 50 49 47 41 37 14 47 46 41 35 2 26 35 44
split_gain=14.0528 10.3105 10.491 6.29389 7.82279 5.89376 5.82828 7.47487 6.50056 7.36403 7.00609 6.61515 8.97623 6.05983 6.42705 5.50452 5.00783 4.70629 4.36217 4.08601 3.9355 5.58558 4.0053 3.65365 3.5292 3.51839 3.50923 3.39492 3.38499 3.27544 4.52946 3.18405 3.03532 2.66699 2.46045 2.24882 2.13655 1.63725 6.73926 1.2048 0.383151 0.0434479
threshold=-0.1111035960726024 -0.24706386734152777 -1.3445766797740355 -0.36601156078771391 -0.68811111664485447 -1.1138715825582193 0.73812366505563365 0.62259583099587867 0.26387480034983951 -1.0671185865810136 -0.43577963412657694 -0.055828385615751382 1.4863180998352419 0.57180377098595803 -0.27498283379769484 1.0000000180025095e-35 1.0179302794939205 0.20585279819115526 -0.73159389940728037 1.1214921076649611 0.13947586613635091 0.29390683395745648 -0.87664707443031242 -0.27680870133487795 0.29317693892899488 0.734385292657317 -0.85919532814950605 -0.15179132843318835 -0.6800974331667976 0.12876441678430986 0.12850906351877253 0.47463540799616977 -0.23324386708269348 0.48925018428070116 1.0272189655784658 1.3332566743210419 1.0000000180025095e-35 0.38544190967186387 -0.97971444503295679 1.0000000180025095e-35 -0.87974128692274978 -0.14321539824912258
decision_type=2 2 2 2 2 2 2 2 2 2 2 2 2 2 2 2 2 2 2 2 2 2 2 2 2 2 2 2 2 2 2 2 2 2 2 2 2 2 2 2 2 2
left_child=3 5 19 4 23 18 8 35 10 -10 -4 20 16 -11 -15 17 24 -7 -2 36 21 -12 -22 -1 -13 28 -5 -28 -17 30 39 -25 -24 -9 40 -8 -3 -29 -39 -19 -32 -30
right_child=1 2 6 26 -6 15 7 33 9 13 11 12 -14 14 -16 25 -18 29 -20 -21 22 -23 32 31 -26 -27 27 37 41 -31 34 -33 -34 -35 -36 -37 -38 38 -40 -41 -42 -43
leaf_value=0.02457234685756321 0.020962183435349467 0.0062060568604552103 0.027966814431535453 0 -0.020293950975758486 0.012552425432973012 -0.0054309457281498576 -0.0048864477570673978 -0.0085339129160775466 0.035695884582259391 0.01069829834607362 -0.031203075926324354 0.020882267979385208 0.024271954600797542 -0.012464924767500463 -0.0063327983854317375 0.0049238035261938576 -0.0098233178348349701 -0.0098317146005904767 -0.035100602020396415 -0.0029207708318544521 -0.02251025498292996 0.03789358357681278 0.014099123141752656 -0.0028923258828123626 -9.9156829010934618e-05 0.00093100338958037731 0.035441986285470732 -0.040020986378619623 0.0042816666990546943 -0.016020286345683282 -0.01290172168897261 0.0065089742343503055 -0.035000100461756771 -0.0047885020196889927 0.018500094347734624 -0.016735705372954393 0.036555387097311119 -0.0057550172631294057 0.0082480651962892129 -0.040451478925955721 -0.020244408285327052
leaf_weight=8.7226277142763173 6.7357325851917267 5.4917868971824664 6.7322438061237326 6.2313429415225974 8.736855208873747 7.2309228479862204 4.9910603314638156 5.4934320449829084 6.9841860383748999 15.692014068365099 9.4745369404554349 15.478592082858091 5.2298733890056601 7.7240884751081467 6.4880236834287626 6.2412989735603395 5.9846108108758918 4.9920458346605319 6.7405872493982297 6.9971463084220877 5.7387452721595755 6.2374731600284568 6.4782921671867353 6.2311496734619141 6.2376765906810752 4.9938674271106711 5.4836321026086834 14.664552211761476 11.994897380471235 7.4861757904291144 5.2439628839492789 6.4829918742179871 6.2321225404739415 6.7434048652648926 4.9951621294021598 6.2369444668292999 5.9919098317623138 4.9564312100410461 5.9818624407052976 5.2362969815731049 6.2462516874074963 7.4946527481079057
leaf_count=35 27 22 27 25 35 29 20 22 28 63 38 62 21 31 26 25 24 20 27 28 23 25 26 25 25 20 22 59 48 30 21 26 25 27 20 25 24 20 24 21 25 30
internal_value=0 -0.00342845 0.00122433 0.0119359 0.00137199 -0.0116702 0.0042379 -0.0088449 0.00714536 0.0171822 0.0018082 -0.00128337 -0.0107107 0.0235001 0.00753028 -0.0150494 -0.0176471 -0.00728222 0.00571701 -0.0190305 0.0077044 -0.00294931 0.0166178 0.0112135 -0.0240419 -0.0245103 0.0199398 0.0238861 -0.0287613 -0.0119952 -0.0167543 5.69283e-07 0.0252388 -0.0239279 -0.025826 0.00800452 -0.0058528 0.0282577 0.0150309 -0.000188604 -0.0329007 -0.0346921
internal_weight=305.781 238.29 152.658 67.4914 30.1736 85.6319 134.177 23.4648 110.712 36.8883 73.8242 67.0919 32.9308 29.9041 14.2121 72.1555 27.7009 41.4308 13.4763 18.4808 34.1612 15.712 18.4492 21.4368 21.7163 30.7247 37.3178 31.0865 25.7308 34.1999 26.7137 12.7141 12.7104 12.2368 16.4854 11.228 11.4837 25.6028 10.9383 10.2283 11.4902 19.4896
internal_count=1226 955 612 271 121 343 538 94 444 148 296 269 132 120 57 289 111 166 54 74 137 63 74 86 87 123 150 125 103 137 107 51 51 49 66 45 46 103 44 41 46 78
is_linear=0
shrinkage=0.03


Tree=4
num_leaves=42
num_cat=0
split_feature=16 30 37 30 55 55 24 46 19 31 34 54 42 55 48 40 47 41 54 31 60 18 55 3 12 47 50 58 45 41 49 45 19 55 60 59 54 54 18 55 54
split_gain=13.3549 9.80062 9.97898 5.98425 7.42792 5.6264 6.1085 6.51283 8.22384 6.6965 6.32021 5.60395 7.17126 5.45891 4.70684 5.98997 4.72042 4.6144 4.45268 4.29535 4.14149 4.23676 3.90484 3.61682 3.57991 3.50175 3.47464 3.34607 3.22564 3.0318 2.97464 2.78188 5.92046 2.71519 2.52447 2.48095 1.7739 1.75962 1.26806 2.72465 0.196977
threshold=-0.1111035960726024 -0.24706386734152777 -1.3445766797740355 -0.36601156078771391 -0.68811111664485447 1.3844798426292761 -1.4238649075325747 0.41801391835618235 -0.92335578636493454 0.41820215214192141 -0.82320657360152383 -1.1138715825582193 -0.54290241121035543 0.19643916318401602 0.17377921057813997 0.64325728249552505 1.0438663394051442 -0.17255270289309019 -0.021136820227252176 -1.4728772704864588 203.00000000000003 0.59273817785655247 1.2860248645794223 0.071126567743643079 -0.35028996512570426 -0.41314832730023759 -0.27680870133487795 -0.85919532814950605 -0.15179132843318835 0.47463540799616977 -0.47685645908869723 0.25041959497751792 -1.0455793011655601 -0.090344464509006503 687.50000000000011 0.3091822788086051 0.1072820694040698 0.19002908503077895 -1.033459917580374 0.56145961751359663 0.37853983345915271
decision_type=2 2 2 2 2 2 2 2 2 2 2 2 2 2 2 2 2 2 2 2 2 2 2 2 2 2 2 2 2 2 2 2 2 2 2 2 2 2 2 2 2
left_child=3 11 22 4 26 6 -4 8 18 13 30 19 35 -9 15 17 31 -14 25 -2 -12 -22 34 40 -15 -8 -1 -5 -29 -28 -10 32 -16 -20 -3 -13 -34 -19 -30 -40 -7
right_child=1 2 5 27 -6 23 7 9 10 -11 20 12 14 24 16 -17 -18 37 33 -21 21 -23 -24 -25 -26 -27 29 28 38 -31 -32 -33 36 -35 -36 -37 -38 -39 39 -41 -42
leaf_value=0.023973442945994215 -0.0098452400335049903 -0.019890119137896876 0.024896926650576495 0 -0.019763684449991221 0.037401541875956339 0.018142083855411023 -0.020755941927606766 0.0071437912257228432 -0.036839442231290313 -0.0047888631906947291 -0.043747908575850501 -0.010016258341490916 0.023916268718146266 -0.030984979540805677 -0.022856215842266318 0.0030739733094127877 0.026971374097509705 -0.00032967888474704957 0.020712314188068754 0.023438105698469606 -0.0037116779611549933 -0.035603491124578446 0 -0.0065677434828953522 -0.009124712870632953 0.013767234534899898 0.00090910832796050689 0.036306475746746003 -0.012581307449951786 -0.018994588275361546 -0.039451885736773412 0.011752936954372253 -0.027130527325732821 0.0046101374223901049 -0.011302527061852471 -0.0092168321111032788 0.0024252650944375648 0.027227325267149136 0.00032006332158127961 0.014616019342931648
leaf_weight=8.7099808454513585 6.7399418354034424 5.2462327182292956 7.9702980816364279 6.2313429415225974 8.742287337779997 4.9716542512178403 6.2289697229862213 7.4922500103712144 5.7330811619758606 6.2453410625457755 6.4880668669939032 7.9954547584056836 6.241270184516913 5.7344729453325307 8.995761424303053 5.7438091933727256 7.7420640736818305 7.4786157906055433 5.4917813688516626 6.7317474186420423 32.104924947023392 5.2342710793018332 6.2476187795400611 5.2318034023046485 5.2441688030958122 7.7359715998172778 6.2261599153280258 5.4833603203296688 11.390868887305261 6.4867956638336182 6.9856683611869794 5.9963473230600348 4.991053253412252 10.238673552870747 6.9889285117387772 5.2421734631061554 6.7388419061899185 4.9894218295812607 8.1772561818361265 5.9746800959110251 4.9765761345624924
leaf_count=35 27 21 32 25 35 20 25 30 23 25 26 32 25 23 36 23 31 30 22 27 129 21 25 21 21 31 25 22 46 26 28 24 20 41 28 21 27 20 33 24 20
internal_value=0 -0.00334621 0.00119076 0.0116381 0.00133353 0.00413232 0.00176513 -0.000153036 0.00371591 -0.0133219 0.0103862 -0.0113815 -0.0146766 -0.00289997 -0.00955678 0.000339055 -0.0164662 0.00892488 -0.00868197 0.0055688 0.0157165 0.0194814 -0.0185605 0.0204918 0.00983501 0.0032295 0.0109345 0.0194518 0.023312 0 -0.00727984 -0.0222026 -0.0146164 -0.0189653 -0.00648323 -0.0337646 0 0.0188934 0.0275822 0.0173703 0.0299358
internal_weight=305.64 238.217 152.591 67.4227 30.1652 134.108 118.928 110.958 86.2414 24.7162 56.546 85.6265 72.1548 18.4709 58.9172 24.4531 34.4641 18.7093 29.6954 13.4717 43.8273 37.3392 18.4828 15.18 10.9786 13.9649 21.4229 37.2575 31.0262 12.713 12.7187 26.722 20.7257 15.7305 12.2352 13.2376 11.7299 12.468 25.5428 14.1519 9.94823
internal_count=1226 955 612 271 121 538 477 445 346 99 227 343 289 74 236 98 138 75 119 54 176 150 74 61 44 56 86 150 125 51 51 107 83 63 49 53 47 50 103 57 40
is_linear=0
shrinkage=0.03


Tree=5
num_leaves=41
num_cat=0
split_feature=16 30 37 30 55 20 55 45 54 58 20 57 19 45 45 56 31 44 39 18 40 36 28 20 55 0 49 19 24 37 58 55 55 37 57 55 58 55 27 55
split_gain=12.7216 9.29824 9.49298 5.69602 7.05423 6.18159 5.40023 5.87714 5.3314 5.16154 5.05915 5.59888 4.72194 5.04144 4.71511 4.38446 5.42904 4.72973 4.53434 4.13561 4.69285 5.57838 4.1047 3.72974 3.71644 3.46624 3.29342 3.20801 4.71541 4.26934 3.19433 3.13269 5.06983 2.50943 2.49787 2.08501 1.59253 0.632817 0.572015 0.243184
threshold=-0.1111035960726024 -0.24706386734152777 -1.3445766797740355 -0.36601156078771391 -0.68811111664485447 0.1986190935157138 1.3844798426292761 -0.0263872638255244 -1.1138715825582193 1.0000000180025095e-35 -0.57770505733529098 1.0000000180025095e-35 -1.1678028159661857 -0.10754480234796056 -0.49056559973347574 -0.80890647946809169 -1.4728772704864588 0.32031665301940476 -1.0000000180025095e-35 0.59273817785655247 0.13947586613635091 0.29390683395745648 -0.73159389940728037 0.71616852741638382 1.2860248645794223 0.070566556891003607 0.734385292657317 1.1544439652457024 0.37220311150330476 -0.23324386708269348 -0.85919532814950605 0.52677251848610684 1.224607914142519 -0.87664707443031242 -0.57631695657491266 -0.86746778475443709 -1.0000000180025095e-35 -0.41649300188632371 -1.0766743187139898 1.6748016458481965
decision_type=2 2 2 2 2 2 2 2 2 2 2 2 2 2 2 2 2 2 2 2 2 2 2 2 2 2 2 2 2 2 2 2 2 2 2 2 2 2 2 2
left_child=3 8 24 4 5 38 7 15 22 12 11 -9 35 14 -14 17 -17 18 -4 20 21 -18 -2 -15 36 39 34 28 -12 -29 -5 37 -33 -22 -11 -10 -3 -32 -1 -8
right_child=1 2 6 30 -6 -7 25 10 9 26 27 -13 13 23 -16 16 19 -19 -20 -21 33 -23 -24 -25 -26 -27 -28 29 -30 -31 31 32 -34 -35 -36 -37 -38 -39 -40 -41
leaf_value=0.031505089510243646 0.020245099870609254 -0.015274641109051626 0.017772160332595831 0 -0.019250795807827112 -0.0061700857975283234 0.014099793909895431 0.026677874854503018 -0.0041164566983228033 -0.010219112041653674 -0.033400353799170432 -0.0088744549827256235 -0.0026502183307515253 -0.021877581066034511 0.028985473926784119 -0.014380220561620288 0.015807041624788232 -0.020150886115502933 -0.013923175775548762 -0.0070281916047948267 0.0054934239689123955 -0.014047483499673118 -0.009625273720879084 0.0070543414074927865 -0.034759663270973691 0 0 -0.018391044749643093 0 0.015969947772586028 0.01337149209088963 -0.0084747227837022373 0.024240756924012355 0.031965418168818371 -0.034005438775579828 -0.030682143527002898 0.0040342909658899794 0.036398072522424489 0.010862818503831207 0.036804727120590033
leaf_weight=5.9586068540811556 6.7248200923204422 6.49355772137642 9.2193074822425825 6.2313429415225974 8.7458519041538221 9.7195464074611646 4.9677832275629026 5.4793415963649732 5.4951273500919342 8.2421468198299461 10.479837268590929 7.7362330257892609 8.2310567647218651 9.4915717393159884 6.2192365229129818 5.4835748970508567 16.170780375599865 8.7273182272911054 4.9932558983564403 6.2371764630079261 5.4796076864004162 6.7313941568136206 6.7416135072708112 4.9918177872896186 6.2437708228826514 5.2318034023046485 4.9931244552135459 4.9916489124298096 5.2363629639148703 4.9892905652523023 4.9541503638029125 6.2133688479661933 8.1710252016782743 16.910305187106133 17.483180463314056 6.9934503287076932 5.7416247725486764 11.622160822153093 5.7276750952005422 4.9602019488811493
leaf_count=24 27 26 37 25 35 39 20 22 22 33 42 31 33 38 25 22 65 35 20 25 22 27 27 20 25 21 20 20 21 20 20 25 33 68 70 28 23 47 23 20
internal_value=0 -0.00327761 0.00114246 0.0113543 0.00129632 0.0106642 0.004014 0.00169438 -0.0111047 -0.0143193 -0.00761612 0.00667507 -0.00680555 0 0.0120347 0.00635624 0.0107621 -0.00433681 0.00598874 0.0138819 0.0170227 0.00646223 0.00542444 -0.0118043 -0.0181218 0.0200515 -0.0234763 -0.0151492 -0.0230167 -0.000849632 0.0189869 0.0227656 0.0102657 0.0264896 -0.0275878 -0.0211167 -0.00632565 0.0315287 0.0242295 0.0293105
internal_weight=305.455 238.111 152.504 67.3437 30.1517 21.4058 134.025 118.865 85.6071 72.1407 38.9127 13.2156 41.4223 28.9337 14.4503 79.9527 57.0128 22.9399 14.2126 51.5293 45.2921 22.9022 13.4664 14.4834 18.479 15.1598 30.7185 25.6971 15.7162 9.98094 37.192 30.9607 14.3844 22.3899 25.7253 12.4886 12.2352 16.5763 11.6863 9.92799
internal_count=1226 955 612 271 121 86 538 477 343 289 156 53 166 116 58 321 229 92 57 207 182 92 54 58 74 61 123 103 63 40 150 125 58 90 103 50 49 67 47 40
is_linear=0
shrinkage=0.03


Tree=6
num_leaves=39
num_cat=0
split_feature=62 30 10 26 0 18 30 1 60 36 42 48 30 2 44 27 44 38 40 46 46 54 19 45 37 55 50 44 55 50 50 54 12 42 27 38 54 44
split_gain=11.166 12.6477 8.27262 7.59141 6.12747 7.51709 6.15206 5.99541 5.96371 6.64797 6.8211 6.29445 6.33506 7.35071 6.06985 5.74533 5.17885 4.6556 6.39419 4.22731 6.71258 4.19346 4.08481 4.08173 3.58954 3.24257 3.98187 3.8022 3.20996 3.64481 2.84192 2.77045 2.51408 2.0349 1.91396 1.51493 1.34634 1.32667
threshold=1.5000000000000002 -0.24706386734152788 -1.3613796976802488 1.0000000180025095e-35 0.055840567480289156 0.40095219692939604 1.2992561474588924 -0.4731902752480181 192.50000000000003 -0.63250656557092755 -0.54290241121035543 0.11643116262492971 -1.0796977214648305 0.65935731262854891 -1.070279500786177 -0.43577963412657694 -0.37498142388338623 0.17484031959651389 0.27921085753524594 1.8276422349514403 0.73812366505563365 -0.45078831264227176 -0.31223821236180621 0.11913013145615022 -0.87664707443031242 1.2448336508824895 -0.47845306725083786 1.0000000180025095e-35 -0.47106129593221252 -0.27680870133487795 -0.6800974331667976 -0.69328796716994712 0.14016575178393861 0.45068244635167171 0.8460097350482495 0.84528260080409245 -1.1735406564015156 -0.83851347515191355
decision_type=2 2 2 2 2 2 2 2 2 2 2 2 2 2 2 2 2 2 2 2 2 2 2 2 2 2 2 2 2 2 2 2 2 2 2 2 2 2
left_child=1 7 -3 -2 5 6 15 -1 -9 11 36 31 13 -13 -12 -4 -16 28 33 20 25 -22 -18 -24 -20 26 35 -28 -17 -30 -7 -10 37 -19 -5 -6 -11 -14
right_child=3 2 4 34 19 30 -8 8 9 10 14 12 32 -15 16 17 22 18 24 -21 21 -23 23 -25 -26 -27 27 -29 29 -31 -32 -33 -34 -35 -36 -37 -38 -39
leaf_value=-0.031876926793652859 0.0069095144679260463 0.030289183984921544 0.022232277136383313 -0.035815457815073989 0 0.0046556085031443902 0.025375041884856522 0.016723706655752357 0.031738651618824609 -0.013382535205245554 -0.026822650595666672 -0.011356648924803491 -0.016199581822996672 0.025513212065276892 0.019218544458947679 -0.011752113962560583 -0.021543267597365131 -0.034072453216945145 -0.012380010205351056 0.018611380377942442 -0.0024022267165522606 -0.031133533199122796 0.018679796619627008 -0.012858512571093697 0.013207991239743403 0.017651871922043528 0.0058947846787769168 -0.023726456161793748 0.021248349919478642 0.00032685320650623008 0.033028042896008733 0.0030541343566706453 -0.032957002456228547 -0.0060369590053546097 -0.0085235585005637802 0.019505817385011323 -0.041132153520040467 0.0023700443427693823
leaf_weight=6.2371641993522635 6.2292078584432629 11.091084375977514 9.1894154846668226 11.735556915402414 6.7268963903188705 5.462678641080859 10.183007553219793 9.4677685946226102 5.7256153672933578 5.4925428032875061 8.489715218544001 8.2323816120624524 5.2378974109888068 8.208207428455351 7.7252592891454652 6.2209136635064999 8.7388998270034772 7.4866576790809649 7.2396501898765591 5.7082586139440528 8.7288005352020281 10.238861247897146 6.2313629686832552 5.4837041199207306 9.6919955760240537 7.7175460606813422 4.9810527265071878 8.9857905209064466 12.409365534782404 17.655586734414115 12.913234159350393 6.7271680086851102 5.2414260953664771 4.9782558083534241 4.9869057089090338 4.9782295376062393 6.9913837015628797 5.4858692586421993
leaf_count=25 25 45 37 47 27 22 41 38 23 22 34 33 21 33 31 25 35 30 29 23 35 41 25 22 39 31 20 36 50 71 52 27 21 20 20 20 28 22
internal_value=0 0.0016643 0.0067217 -0.0194639 0.0048025 0.0091485 0.00507773 -0.00622057 -0.00418361 -0.00658155 -0.0140458 0.00165767 -0.00523837 0.00731081 -0.0067231 0.00179445 0.000179821 -0.00140817 -0.0100878 -0.00287364 -0.00578058 -0.0193497 -0.00755941 0.00367915 0.00182441 0.00225623 -0.00287018 -0.0132274 0.00558609 0.00975171 0.0258834 0.0186671 -0.0180228 -0.0251564 -0.0293774 0.00913266 -0.0320973 -0.00708409
internal_weight=305.255 282.304 172.587 22.9517 161.496 103.431 85.0548 109.716 103.479 94.0114 49.1529 44.8586 32.4058 16.4406 36.6689 74.8718 28.1792 65.6824 29.3966 58.0654 52.3572 18.9677 20.454 11.7151 16.9316 33.3895 25.672 13.9668 36.2859 30.065 18.3759 12.4528 15.9652 12.4649 16.7225 11.7051 12.4839 10.7238
internal_count=1226 1134 694 92 649 416 342 440 415 377 197 180 130 66 147 301 113 264 118 233 210 76 82 47 68 134 103 56 146 121 74 50 64 50 67 47 50 43
is_linear=0
shrinkage=0.03


Tree=7
num_leaves=42
num_cat=0
split_feature=16 30 40 35 45 45 49 3 60 56 58 18 38 46 19 26 30 49 33 38 29 34 19 41 55 20 33 46 49 41 0 57 49 20 46 29 55 60 46 50 45
split_gain=11.6296 8.42286 8.58329 6.30439 7.01898 6.72635 5.86164 5.22474 5.35051 5.17212 4.86718 4.73083 6.32413 4.36637 8.80286 4.18177 4.44909 4.12218 6.8604 6.93731 6.34759 7.70992 5.58328 4.93072 4.08947 3.90582 5.37715 3.82828 3.60495 3.38423 4.02204 3.15204 2.82087 2.45135 2.37078 2.09123 1.92902 1.58476 1.28241 0.262779 0.124579
threshold=-0.1111035960726024 -0.24706386734152777 2.0001575937111107 1.2288973740682729 -0.02047811511866859 0.43603475747143494 1.0000000180025095e-35 -0.69950045250566106 246.50000000000003 1.0000000180025095e-35 1.0000000180025095e-35 0.39896569803080056 -0.68715689909894417 -0.073564044461171776 -1.1678028159661857 0.30508963916444826 -0.60390694768008601 -0.47685645908869723 -0.67361441771963804 1.0000000180025095e-35 -0.38553293186959176 -0.24890700474606453 -0.43446172716243187 1.0000000180025095e-35 -0.96476327923957472 0.45739381046604882 1.0000000180025095e-35 -0.43015313321448034 -0.27498283379769484 1.0000000180025095e-35 -0.42422668730900354 -0.57631695657491266 -0.47685645908869723 0.45739381046604882 -0.10521079810864455 -0.74765771598919994 -0.44641514211673194 593.50000000000011 -0.57879267919214994 -0.47845306725083786 0.1470800702129921
decision_type=2 2 2 2 2 2 2 2 2 2 2 2 2 2 2 2 2 2 2 2 2 2 2 2 2 2 2 2 2 2 2 2 2 2 2 2 2 2 2 2 2
left_child=7 10 3 4 17 9 -7 8 -1 -6 13 39 -13 14 24 28 -17 18 -3 -20 23 22 -22 31 -2 26 -16 -25 -10 30 -9 -19 -5 -8 -31 -34 -15 -21 -27 -12 -32
right_child=1 2 -4 32 5 6 33 29 15 -11 11 12 -14 36 25 16 -18 20 19 37 21 -23 -24 27 -26 38 -28 -29 -30 34 40 -33 35 -35 -36 -37 -38 -39 -40 -41 -42
leaf_value=0.027409522546817579 0.0025159399940209272 -0.010803773745518951 -0.029191932648764289 0.0029029262339282077 -0.035942976235894222 0.017162583353571785 0.00098137373387111883 -0.0058252864919825136 0.025384434761658047 -0.0027037613477626185 -0.01528425953591139 -0.02332891952675533 0.0094239195768029589 -0.028734295485333409 0.01745700848303278 -0.026345983585806084 0.00181164687925838 -0.011308477131521751 -0.001863777340931198 0.012371167100497019 0.010436258880457528 0.028013965554892242 -0.025624686106389839 -0.037283014151971279 -0.028185788856992144 0.0085140493958642659 -0.01736535146117868 -0.0029932920194517291 -0.0036733027161217719 0.043301614177693439 0.0095044131079957822 0.015946704143171633 0.0065149674429653285 -0.023656977115782917 0.013753831779050424 0.035286821901978578 -0.0027772609644064329 0.034668550518586243 0.034159304654912383 -0.033729574114722806 0.026185791574852964
leaf_weight=4.952322080731391 5.4913731813430777 7.9604162275791159 6.4757250845432273 8.9476129859685916 9.9840921014547366 9.710652247071268 5.9786152243614179 7.9554947763681438 5.4480541497468948 7.7265746444463721 6.7398073226213482 8.7198086678981799 9.4742833971977216 6.2396990209817886 6.7260784357786232 7.9764110594987896 9.6543160676956159 6.2228373736143103 9.6875200569629687 7.9563715606927881 7.4744352549314499 9.9530991911888105 5.2335013747215289 6.4878093600273132 8.482328042387957 5.234814241528511 6.2375082075595856 5.7268975377082807 7.2226779013872164 6.1846300363540649 4.9636501669883746 5.9608605653047588 4.9729427397251129 5.99410080909729 7.9114639461040479 7.2025966197252256 5.2340728938579542 12.661698177456856 5.225018382072447 11.730868116021155 4.9164504259824753
leaf_count=20 22 32 26 36 40 39 24 32 22 31 27 35 38 25 27 32 39 25 39 32 30 40 21 26 34 21 25 23 29 25 20 24 20 24 32 29 21 51 21 47 20
internal_value=0 -0.00313854 0.00106978 0.00273769 4.58901e-05 -0.0101546 0.000968595 0.0108655 0.00249576 -0.0230975 -0.0105908 -0.0186876 -0.00655 -0.0040215 0.000990581 -0.00248813 -0.0116806 0.00491856 0.0120428 0.018459 -0.000943932 0.0100146 -0.00512983 -0.0113443 -0.0166586 0.0121292 0.000223884 -0.0237294 0.00976177 0.0193999 0.00901819 0.00187395 0.0173091 -0.0121689 0.0300204 0.0259776 -0.0190459 0.0277579 0.0245039 -0.028953 0.0206899
internal_weight=305.039 237.854 152.318 145.843 124.719 39.394 21.6834 67.1855 35.2538 17.7107 85.5357 36.6648 18.1941 48.8709 37.3971 30.3015 17.6307 85.3254 38.266 30.3056 47.0594 22.661 12.7079 24.3984 13.9737 23.4234 12.9636 12.2147 12.6707 31.9317 17.8356 12.1837 21.1232 11.9727 14.0961 12.1755 11.4738 20.6181 10.4598 18.4707 9.8801
internal_count=1226 955 612 586 501 158 87 271 142 71 343 147 73 196 150 122 71 343 154 122 189 91 51 98 56 94 52 49 51 129 72 49 85 48 57 49 46 83 42 74 40
is_linear=0
shrinkage=0.03


Tree=8
num_leaves=43
num_cat=0
split_feature=16 30 37 46 16 7 55 24 46 19 31 34 35 54 42 39 45 40 48 36 54 55 31 32 45 46 55 40 55 37 34 31 49 55 59 47 26 49 37 30 39 61
split_gain=11.1147 7.98084 8.60523 5.07252 6.32485 6.37367 4.96117 5.7739 5.62711 7.28164 6.22508 5.84593 5.59594 4.89487 6.60385 4.81055 4.60273 4.25221 6.8419 4.05244 5.8149 4.441 4.00309 3.94313 3.91969 3.60212 3.51933 3.4153 3.40756 3.27871 3.97772 3.95559 2.74155 2.61333 2.18845 2.07147 1.89553 1.88989 2.02892 1.59202 0.609081 0.55881
threshold=-0.1111035960726024 -0.24706386734152777 -1.3445766797740355 1.4408055752864644 -0.85989256476523979 0.93841752726523897 1.3844798426292761 -1.4238649075325747 0.41801391835618235 -0.92335578636493454 0.41820215214192141 -0.82320657360152383 0.5172318259838028 -1.1138715825582193 -0.54290241121035543 -0.50987512850997929 0.86945749121842553 0.64325728249552505 0.17377921057813997 0.75711353372164891 -0.021136820227252176 -0.090344464509006503 -1.4728772704864588 -1.0000000180025095e-35 -0.54076241766023847 1.3332566743210419 1.2860248645794223 1.2058744847068654 -0.50401844478841618 -0.23324386708269348 0.43518512874352727 0.13822415970083637 -0.47685645908869723 -0.96476327923957472 0.3091822788086051 -0.53795693209333861 1.0000000180025095e-35 0.12876441678430986 -0.23324386708269348 -0.84180233457245801 1.3175328446604853 715.00000000000011
decision_type=2 2 2 2 2 2 2 2 2 2 2 2 2 2 2 2 2 2 2 2 2 2 2 2 2 2 2 2 2 2 2 2 2 2 2 2 2 2 2 2 2 2
left_child=3 13 26 4 5 -1 7 -4 9 19 12 32 25 22 34 -6 -7 18 28 20 35 -22 -2 41 -25 -10 36 -8 33 30 -13 -31 -11 -16 -15 -9 -3 38 -17 -26 -18 -20
right_child=1 2 6 -5 15 16 27 8 10 11 -12 29 -14 14 17 37 40 -19 23 -21 21 -23 -24 24 39 -27 -28 -29 -30 31 -32 -33 -34 -35 -36 -37 -38 -39 -40 -41 -42 -43
leaf_value=-0.022503506046443071 -0.0093774676307190816 0.0065277340892863607 0.024068324723992698 0.029312790551622593 -0.004315034137916526 0.025508758345611997 0.028386158860787016 0.014514458156969726 -0.02795507833595149 0.0065058972846492365 -0.03522863598200527 0.029951516551747687 0.016784060982040844 -0.041120165154819636 0.010849527755380877 0.0099061357506744722 -0.011345218563234375 -0.026346723661943218 -0.010417619902813587 0.012571728783409616 -0.0022382182106288184 -0.038833590798196441 0.020131778441164573 -0.021358106103430332 -0.0036094714384302951 0.0023390304296747101 -0.033511352814416626 0 0.02231362613339969 -0.0064395509336765385 0.0031054925092937453 0.018928833300397414 -0.018600301940358568 -0.015251925685898299 -0.010537405305326096 -0.0082283691908334681 -0.014756263517072231 0.0040387471946144986 0.033829912375650285 0.016064891456109617 0.0014032328718728655 -0.029208049988376648
leaf_weight=9.2137695997953433 6.7365224659442902 4.9883266538381594 7.9478231966495505 9.7922015190124494 7.7069566845893851 5.6769585609436026 9.887614890933035 4.9643674790859222 6.2439500987529808 5.7204453945159912 6.2413985133171073 16.108054667711258 6.7166856676340094 7.9700300842523557 5.4803245812654504 7.6815579235553768 4.9664706736803037 8.7287258207797986 5.9800669550895647 5.2313348203897467 5.2347000092268017 7.7360644638538316 6.7166567295789701 4.9897820949554434 5.4920223802328083 5.4888603389263153 6.2276791185140601 5.2182030379772177 7.9670370370149604 11.184864729642873 8.1841244250535947 8.1955516934394819 6.9855976551771146 5.233275994658471 5.2364904880523682 6.4813637435436302 7.2372156083583832 5.9630018323659888 11.134938418865206 6.2313085794448968 4.9735210090875626 8.7295408695936185
leaf_count=37 27 20 32 40 31 23 40 20 25 23 25 65 27 32 22 31 20 35 24 21 21 31 27 20 22 22 25 21 32 45 33 33 28 21 21 26 29 24 45 25 20 35
internal_value=0 -0.00306448 0.00103243 0.0106328 0.00667328 -0.00441696 0.00377205 0.00154725 -0.000316059 0.00328447 -0.0125595 0.00957941 -0.00251767 -0.0103203 -0.0134074 0.0151474 0.00694023 -0.00851231 -0.0046135 -0.00837829 -0.0135663 -0.0262421 0.0054957 -0.0130109 -0.00217669 -0.0146708 -0.0173175 0.0191694 0.00913161 0.014728 0.0218462 0.00458998 -0.00738131 -0.0017163 -0.0317134 0.00171123 -0.00587041 0.0213297 0.0258112 0.00703039 -0.00509438 -0.02361
internal_weight=304.825 237.716 152.224 67.1094 57.3172 24.8307 133.771 118.665 110.717 86.0265 24.6909 56.3786 18.4495 85.4918 72.0386 32.4865 15.617 58.8321 50.1034 29.6478 24.4165 12.9708 13.4532 31.4227 16.7131 11.7328 18.4532 15.1058 18.6806 43.6726 24.2922 19.3804 12.706 10.7136 13.2065 11.4457 12.2255 24.7795 18.8165 11.7233 9.93999 14.7096
internal_count=1226 955 612 271 231 100 538 477 445 346 99 227 74 343 289 131 63 236 201 119 98 52 54 126 67 47 74 61 75 176 98 78 51 43 53 46 49 100 76 47 40 59
is_linear=0
shrinkage=0.03


Tree=9
num_leaves=46
num_cat=0
split_feature=16 45 62 37 26 58 54 45 39 28 46 37 45 57 33 26 46 16 57 46 1 45 42 18 41 0 37 39 54 45 33 46 50 55 49 23 33 57 60 45 18 57 18 50 26
split_gain=10.6341 8.64026 11.715 9.24641 6.48417 6.0156 6.00788 5.94265 5.74521 6.10545 5.6957 6.18452 5.68239 5.6866 5.20544 4.63741 4.48843 4.77882 6.20247 6.73156 6.0523 4.39694 4.04694 3.79673 3.55249 4.07698 3.39673 3.142 2.76677 4.53319 4.27377 2.66682 2.8555 2.45748 2.28249 2.13652 2.04452 2.00702 1.45674 1.35987 1.32798 1.07964 0.790346 0.787494 0.371832
threshold=0.12211515997206886 -0.11447129028353152 1.5000000000000002 -0.23324386708269348 1.3780897704459576 1.0000000180025095e-35 0.80864841280525923 -0.59111759381597018 -0.72236442771584708 0.22499668886173604 -0.35713930458799337 0.7221124104940746 1.1994067653831202 1.0000000180025095e-35 -0.67361441771963804 1.0000000180025095e-35 1.4408055752864644 -0.85989256476523979 1.348927154490055 0.55521877535160125 0.67129229273781788 0.86945749121842553 -1.0000000180025095e-35 0.57180377098595803 -0.17255270289309019 -0.7305272670518651 -1.1106118771021738 -1.0000000180025095e-35 0.21311649087759185 -0.46210844851283212 -0.21269816068469122 0.028322442450669231 -0.47845306725083786 0.24446647303744576 -0.47685645908869723 -0.68800609192823436 0.24821809635025563 -0.57631695657491266 480.50000000000006 -0.52209481951243919 -0.93812697615927365 -0.57631695657491266 0.53890547463988037 -1.0000000180025095e-35 0.66275634959161811
decision_type=2 2 2 2 2 2 2 2 2 2 2 2 2 2 2 2 2 2 2 2 2 2 2 2 2 2 2 2 2 2 2 2 2 2 2 2 2 2 2 2 2 2 2 2 2
left_child=16 2 3 26 6 7 12 8 43 -10 11 35 13 14 -3 -4 17 20 19 24 -1 -22 -9 -14 36 -26 37 42 30 -30 -28 32 -32 -34 -15 -7 -19 -2 -23 -12 -18 -17 -16 -5 -8
right_child=1 4 15 5 -6 10 44 22 9 -11 39 -13 23 34 27 41 40 18 -20 -21 21 38 -24 -25 25 -27 28 -29 29 -31 31 -33 33 -35 -36 -37 -38 -39 -40 -41 -42 -43 -44 -45 -46
leaf_value=-0.021908257547592704 -0.013895641663683839 0.017428978673829795 0.0013087618550474056 0.019639006162609014 0.010375514071147457 0.0058604693188071318 -0.041448959950979955 0.00015424361258958765 -0.02799522953311746 0.0062723224258196871 0.012707405893731238 -0.040969481773683737 0.017129324297152488 -0.0091401276112675015 -0.031445668723187215 -0.03722288005924209 0.03394813331424075 -0.0059717580093360863 -0.013758050830063602 -0.0064519356910881518 0.024959619960876828 0.0051350458124202279 0.031071793757903698 -0.010914541111417783 0.0067886276649042811 0.038633431942063895 0.040517032939014548 0.00031666909241050807 -0.013472726929521275 0.018772055143030437 0.032166379929239895 -0.00061498679067910431 0.018156045255353078 -0.0067075222082928912 -0.037489469729031159 -0.01619849220377775 0.017337170703461975 0.0088161533709816536 -0.014818416478149923 -0.0058974429838886009 0.0082993674488385846 -0.011565523674925707 -0.0087313537799418792 0.0016497928868098688 -0.017855697841976027
leaf_weight=9.2208253592252749 4.9846900701522827 5.2196433842182115 5.4724004715681103 4.9769033342599869 9.2075968384742719 5.475089609622958 5.978806793689726 6.9598700404167184 9.9786435961723345 6.7175193876028052 5.9705142229795456 7.4748215824365607 8.7127023190259916 5.736453264951705 4.9849123507738096 7.7049900442361841 6.56910739839077 4.9775024056434614 5.9727421104907981 8.2086589038372022 5.6610431373119345 4.9649570882320386 8.1824819147586787 5.9802235364913932 6.4354993253946295 13.32713589072228 6.9132070988416627 8.2091992646455854 5.9622916132211685 6.6763382703065854 7.6671667397022256 7.7093910574913016 6.442572057247169 4.9626509696245193 9.7341272383928281 7.4731542766094234 5.4658739864826202 5.9732095003128034 4.9781491756439209 4.9675731211900693 4.9250683188438398 4.978875279426572 4.9783096611499786 4.9816031008958834 6.4817721992731094
leaf_count=37 20 21 22 20 37 22 24 28 40 27 24 30 35 23 20 31 27 20 24 33 23 20 33 24 26 54 28 33 24 27 31 31 26 20 39 30 22 24 20 20 20 20 20 20 26
internal_value=0 -0.00338891 0.000786748 0.00403592 -0.0115703 -0.00296195 -0.0148826 0.00434778 -0.0040459 -0.0144978 -0.0126404 -0.0215375 -0.00981383 -0.0156977 -0.00539512 -0.0207793 0.00921642 0.00591686 0.0117098 0.0161881 -0.00429006 0.00677841 0.0185164 0.00539084 0.022544 0.0297562 0.0129215 -0.0130849 0.016388 0.00332064 0.0207685 0.0135801 0.0192361 0.0073503 -0.0290682 -0.00681566 0.0063706 -0.00146284 -0.00496352 0.00408332 0.0256465 -0.0298627 -0.0232471 0.0125578 -0.0328431
internal_weight=304.536 223.83 148.606 130.45 75.2237 73.1582 66.0162 41.797 26.6547 16.6962 31.3612 20.4231 53.5556 38.8626 23.3921 18.1563 80.7066 69.2124 44.3874 38.4147 24.825 15.6041 15.1424 14.6929 30.206 19.7626 57.2915 18.1724 46.3336 12.6386 33.695 26.7818 19.0724 11.4052 15.4706 12.9482 10.4434 10.9579 9.94311 10.9381 11.4942 12.6839 9.96322 9.95851 12.4606
internal_count=1226 900 598 525 302 294 265 168 107 67 126 82 215 156 94 73 326 279 179 155 100 63 61 59 122 80 231 73 187 51 136 108 77 46 62 52 42 44 40 44 47 51 40 40 50
is_linear=0
shrinkage=0.03


Tree=10
num_leaves=45
num_cat=0
split_feature=16 30 40 35 45 45 49 56 30 55 20 58 18 38 46 19 40 42 49 25 38 19 19 30 16 36 55 40 29 29 46 16 39 43 39 20 61 33 55 31 27 12 53 50
split_gain=10.1417 7.39661 7.86258 5.8878 6.17225 6.2661 5.43282 4.70092 4.67683 7.41041 5.17287 4.49405 4.45901 5.80726 4.11804 8.09739 3.82961 3.81285 3.71114 6.33356 6.22491 6.25381 6.13321 5.83541 4.7835 5.03187 3.72313 5.42039 3.45514 3.16384 3.13779 3.04288 4.58349 2.6314 5.18321 2.2405 2.20688 2.28297 1.76061 1.11208 0.944924 0.813874 2.22544 0.254989
threshold=-0.1111035960726024 -0.24706386734152777 2.0001575937111107 1.2288973740682729 -0.02047811511866859 0.43603475747143494 1.0000000180025095e-35 1.0000000180025095e-35 -0.60390694768008601 -0.68811111664485447 0.1986190935157138 1.0000000180025095e-35 0.39896569803080056 -0.68715689909894417 -0.073564044461171776 -1.1678028159661857 -0.51507225146899904 -0.79129862560086217 -0.47685645908869723 0.26380414165737603 0.46217272582833319 1.0000000180025095e-35 -0.80113227156430888 0.22872690644321683 0.38431964780832922 0.52551018383955284 0.88894452574841176 0.41159137570262022 -0.38553293186959176 -0.74765771598919994 -0.8841806813859866 -0.44724832306310131 0.29758420847231876 1.5987285677696963 -0.084896530098243328 0.45739381046604882 173.50000000000003 -1.1345306747545847 -0.44641514211673194 -1.0000000180025095e-35 -1.0766743187139898 -1.1434012070235109 -1.0000000180025095e-35 -0.47845306725083786
decision_type=2 2 2 2 2 2 2 2 2 2 2 2 2 2 2 2 2 2 2 2 2 2 2 2 2 2 2 2 2 2 2 2 2 2 2 2 2 2 2 2 2 2 2 2
left_child=8 11 3 4 18 7 -7 -6 9 10 40 14 43 -14 15 16 -2 -17 19 24 21 22 28 -21 25 29 27 -22 -20 -3 -19 36 -33 34 -5 -8 -10 -38 -16 -32 -1 -39 -43 -13
right_child=1 2 -4 33 5 6 35 -9 31 -11 -12 12 13 -15 38 17 -18 30 20 23 26 -23 -24 -25 -26 -27 -28 -29 -30 -31 39 32 -34 -35 -36 -37 37 41 -40 -41 -42 42 -44 -45
leaf_value=0.029129014691325367 -0.00079247792425908982 0.019300197102168109 -0.027979263362278718 0 -0.03433021081072915 0.016760941288442324 0.0010304585177919883 -0.0025767482919868676 0.001539751790226022 -0.027610897723468673 -0.0078401544545996897 -0.014497869964764161 -0.022085950596621398 0.0093149208365181837 -0.027487659926575151 -0.0086891143480779115 -0.031684049749065468 -0.00015244179432760671 -0.010877099743033882 0 -0.018673563814040599 -0.015511084848975919 0.035192570426563839 0.038373487987600659 0.020638390228124338 -0.028676818067119303 -0.032574880870428126 0.014730334311863779 0.016351593751114564 -0.008475898390228229 0.033929729225557377 -0.011641413583279712 0.020689621353644782 0 0.035787632454515349 -0.022486592061288599 0.0036951805781197051 0.038127349219620854 -0.0026210628116029849 0.010657712161550634 0.0071350007998405547 0.0027909501117803336 0.030413906481745707 -0.032293978751765942
leaf_weight=5.6662642061710384 8.2207255363464338 4.9517008960247058 6.4603441208600989 5.9468299597501764 9.9650159776210803 9.6888366043567675 5.9711370319128019 7.7186354398727408 5.1758283525705364 5.2428904771804801 8.4651212990283948 6.7290231436491039 8.6932173967361468 9.4615817517042142 6.2312645018100739 4.9834920167922965 5.7195005118846849 5.4862335473299035 6.9593972265720394 5.447021320462226 8.4723258465528506 6.2153167575597754 7.4229874610900906 9.3949582278728467 6.408392682671546 4.976110264658927 4.9834637492895117 6.2171400338411322 6.7109435945749274 6.9588566571474111 6.6921978890895844 7.1940259486436826 5.6558807790279388 6.197121560573577 8.9103506505489349 5.9873776137828827 4.9312997907400158 8.5421027839183861 5.2280178666114789 6.2179422974586558 5.2153359502553966 5.9334549009799993 4.8947490602731616 11.698434710502623
leaf_count=23 33 20 26 24 40 39 24 31 21 21 34 27 35 38 25 20 23 22 28 22 34 25 30 38 26 20 20 25 27 28 27 29 23 25 36 24 20 35 21 25 21 24 20 47
internal_value=-3.7502e-07 -0.00293716 0.00100913 0.00260939 5.08788e-06 -0.00956337 0.00116076 -0.0220683 0.0101635 -6.30598e-05 0.00856404 -0.00992769 -0.0177131 -0.00595379 -0.00361543 0.00124594 -0.0157023 0.0119299 0.00458473 0.0113597 -0.000972382 0.00800448 0.0157689 0.025697 0.00098104 -0.0072276 -0.0134011 -0.00411025 0.00238942 0.00349148 0.018051 0.0160402 0.00284613 0.016713 0.0230203 -0.0114921 0.0211818 0.0248 -0.0182224 0.0254137 0.0212137 0.0292336 0.0179455 -0.0276771
internal_weight=304.243 237.326 151.964 145.504 124.45 39.331 21.6474 17.6837 66.917 24.5896 19.3467 85.3616 36.5823 18.1548 48.7794 37.3201 13.9402 23.3799 85.1186 38.137 46.9816 27.3086 21.0933 14.842 23.2951 16.8867 19.6729 14.6895 13.6703 11.9106 18.3964 42.3273 12.8499 21.0543 14.8572 11.9585 29.4774 24.3016 11.4593 12.9101 10.8816 19.3703 10.8282 18.4275
internal_count=1226 955 612 586 501 158 87 71 271 99 78 343 147 73 196 150 56 94 343 154 189 110 85 60 94 68 79 59 55 48 74 172 52 85 60 48 120 99 46 52 44 79 44 74
is_linear=0
shrinkage=0.03


Tree=11
num_leaves=40
num_cat=0
split_feature=62 30 10 0 15 1 35 30 27 49 53 46 46 20 35 49 40 55 25 40 49 46 43 12 30 25 19 41 37 55 38 20 55 30 12 38 55 31 55
split_gain=9.42744 10.2311 6.93794 5.55095 6.13003 5.43307 6.38319 5.22779 6.35536 4.70566 4.62351 3.81597 5.5454 7.42812 4.92022 4.40731 3.78148 5.2705 3.62781 3.54599 3.5405 3.21709 4.84091 5.88204 4.83827 4.62391 3.02707 2.86585 4.09093 6.15697 4.24885 2.53634 2.30603 1.82527 1.24995 1.03921 0.883348 0.817407 0.0738582
threshold=1.5000000000000002 -0.24706386734152788 -1.3613796976802488 0.055840567480289156 -0.081959413112028701 -0.4731902752480181 -0.87974128692274978 1.2992561474588924 -0.43577963412657694 -0.47685645908869723 -0.90093902351542221 1.8276422349514403 0.73812366505563365 -0.83647977428562592 1.2288973740682729 -0.47685645908869723 0.94111344837211675 0.23115247084941079 0.96184128771192234 -1.3327166283851333 -0.67873008437969962 -0.75757892485516154 0.32057974215140617 -0.71012100052395588 -0.84180233457245801 0.49648319034222493 -0.43446172716243187 -1.1433348692269798 -0.40871746908658946 0.32646098348610803 0.53879470082348513 0.1986190935157138 -1.4078255605343344 0.22872690644321694 0.11144090123409763 0.46217272582833319 -0.59027867801828748 0.13822415970083637 -0.96871628644207208
decision_type=2 2 2 2 2 2 2 2 2 2 2 2 2 2 2 2 2 2 2 2 2 2 2 2 2 2 2 2 2 2 2 2 2 2 2 2 2 2 2
left_child=1 5 -3 4 35 -1 9 8 36 19 -11 12 14 -14 15 20 17 -2 32 -7 -5 26 23 -23 -24 34 -8 -10 30 -30 -29 -9 -12 -17 -25 -4 -6 -15 -34
right_child=16 2 3 11 7 6 21 31 27 10 18 -13 13 37 -16 33 -18 -19 -20 -21 -22 22 24 25 -26 -27 -28 28 29 -31 -32 -33 38 -35 -36 -37 -38 -39 -40
leaf_value=-0.030026160061374318 -0.021565907247090413 0.027841755433926425 0.03564412209207423 -0.006211403966067796 0.0084175374669660085 -0.00052570282958632321 -0.032582690142945438 0.036617201011833952 -0.017550002734928662 0.013687517407767269 -0.00016598678237834621 0.01748528708975888 0.0096152650638576705 -0.016288445438941285 0.020294213054227777 -0.0009171784050750482 -0.036797574084250537 0.0095634216552295172 0.0075390639287190803 0.027060651145496058 0.02200066687012835 -0.016669035292134718 0.0020336235269443645 0.032951081334793957 -0.028940071093768432 -0.0068087032946025517 -0.0021962259230284015 0.0036323002203934945 -0.0011938611504412784 0.023369121366790431 -0.019519825184092236 0.0048227038282525614 -0.031128371801055897 -0.025317741781925602 0.0090011728402164815 0.012511092610388715 0.031776845939862401 -0.039547901409621118 -0.012202213160086118
leaf_weight=6.2103963792324057 10.183581441640859 10.907927408814428 6.4098438024520856 7.4390567988157255 4.9403593391180038 5.9518947154283515 8.2112313359975797 5.1727511584758741 6.7217326760291973 9.4291694462299329 5.4695350378751764 5.6679210513830176 5.2270047813653973 8.2169964462518674 7.923435613512992 4.9794269204139709 5.7145500779151908 6.9516490846872321 6.2211001217365256 9.6854855567216855 5.690327852964403 8.2235186100006086 6.4667938500642803 4.9505131095647865 10.450994893908499 6.4594319462776175 5.2111376523971549 13.364732488989825 24.783006846904769 12.593288123607634 12.182876423001288 4.9523193389177322 4.9884034097194672 7.2344610393047333 6.4562458992004395 6.9076854586601257 4.9363709241151792 5.4664739072322837 4.9738121777772939
leaf_count=25 41 45 26 30 20 24 33 21 27 38 22 23 21 33 32 20 23 28 25 39 23 33 26 20 42 26 21 54 100 51 49 20 20 29 26 28 20 22 20
internal_value=-6.06656e-07 0.00152324 0.00608728 0.00433102 0.00848042 -0.00557455 -0.00363576 0.00534056 0.0024601 0.00440584 -0.00228108 -0.00298154 -0.00574309 -0.018084 0.00157707 -0.00485826 -0.0179311 -0.00886173 -0.00993032 0.0170837 0.00660779 -0.0103388 -0.00574666 0.00224329 -0.0175733 0.011875 -0.0225941 -0.000835134 0.00122432 0.00751022 -0.00765665 0.024211 -0.0173712 -0.0169959 0.0224818 0.0265313 0.0232703 -0.0289647 -0.025036
internal_weight=303.927 281.078 171.718 160.81 102.965 109.36 103.149 89.6474 79.5224 46.7194 31.082 57.8451 52.1772 18.9105 33.2667 25.3433 22.8498 17.1352 21.6529 15.6374 13.1294 56.4299 43.0075 26.0897 16.9178 17.8662 13.4224 69.6456 62.9239 37.3763 25.5476 10.1251 15.4318 12.2139 11.4068 13.3175 9.87673 13.6835 9.96222
internal_count=1226 1134 694 649 416 440 415 362 321 188 125 233 210 76 134 102 92 69 87 63 53 227 173 105 68 72 54 281 254 151 103 41 62 49 46 54 40 55 40
is_linear=0
shrinkage=0.03


Tree=12
num_leaves=43
num_cat=0
split_feature=16 45 30 30 46 23 26 56 52 54 45 54 57 33 38 40 34 37 38 45 30 54 20 40 26 18 13 20 40 44 38 50 14 39 27 26 33 49 34 49 18 26
split_gain=9.40953 7.82679 6.43513 8.62327 6.2228 6.05749 5.98741 5.66771 6.8139 5.65431 5.35179 5.31637 5.20768 4.91035 4.52106 5.25634 6.57151 6.1347 5.79927 4.02851 3.93007 3.88311 4.20928 4.61289 3.66584 3.55229 3.34489 3.30863 3.09662 3.05065 3.39996 3.04938 5.17094 2.82893 2.52283 2.49553 2.43533 2.09975 1.75882 1.64746 0.772432 0.33631
threshold=0.12211515997206886 -0.11447129028353152 -0.60390694768008601 -1.0796977214648305 -0.75757892485516154 -1.3268968086137221 1.3780897704459576 1.0000000180025095e-35 -0.84157948788657488 0.80864841280525923 1.1994067653831202 -1.0546886369906117 1.0000000180025095e-35 -0.67361441771963804 0.99852655079439601 0.64325728249552505 -0.93299913823565583 0.29317693892899488 0.34723976333560558 -0.22725876705667664 -0.84180233457245801 -0.42483444277307714 0.71616852741638382 -0.25031121513425053 0.18586740235539143 0.57180377098595803 0.6461311144740175 0.1986190935157138 -0.51507225146899904 1.0000000180025095e-35 -0.15080307413288155 -0.47845306725083786 0.13690439787005623 -1.0000000180025095e-35 1.0000000180025095e-35 0.18586740235539143 0.24821809635025563 -0.47685645908869723 -0.17289676769166532 -0.27498283379769484 0.53890547463988037 0.66275634959161811
decision_type=2 2 2 2 2 2 2 2 2 2 2 2 2 2 2 2 2 2 2 2 2 2 2 2 2 2 2 2 2 2 2 2 2 2 2 2 2 2 2 2 2 2
left_child=2 4 3 27 5 -2 9 8 36 10 12 -9 13 -3 15 16 -10 18 -18 -4 -7 -21 23 -23 -5 -12 -25 -1 34 30 -30 -13 -33 40 39 -16 -6 -14 -17 -22 -15 -11
right_child=1 6 19 24 7 20 -8 11 14 41 25 31 37 33 35 38 17 -19 -20 21 28 22 -24 26 -26 -27 -28 -29 29 -31 -32 32 -34 -35 -36 -37 -38 -39 -40 -41 -42 -43
leaf_value=0.022628982309763786 0.019701285514115815 0.017071159299481737 -0.0030242507367135266 0 0.0021009628572431836 -0.027307363656388889 0.010098570281153785 -0.0058956047282002462 -0.023942047206760835 -0.039918968003856532 0.016830412461594953 0.033788240922479278 -0.0086511135888233184 -0.030252259130440017 0.022188370738712292 -0.0079620056988875948 0.024045765910220819 -0.017176949290828799 -0.0094414345470704222 0.03460399252986094 0.021484297246770045 0.018794454082539571 0.0268717863038638 0.009845460694919126 -0.032082487988028111 -0.010310237322646555 -0.017745242953500207 -0.0024101095686738716 -0.016624835713790344 -0.027921390426809543 0.012482191551185202 0.024134049591208805 -0.010065664795045098 0.00013192357036266971 -0.00990563673886336 -0.0029721154378250852 0.031391557056019335 -0.035879727942822549 -0.034285022938877009 0 -0.0081300744860138691 -0.017148806878133326
leaf_weight=8.6368634849786812 4.9577225744724265 5.2041419744491533 8.4388788789510709 5.2039460837841016 4.9545522630214673 9.4403689652681333 9.1907017081975919 6.950707063078883 7.4652553349733273 5.9499049633741361 8.6995232403278333 10.32335744798184 5.7291121184825888 4.9749145060777646 6.4266456067562086 5.9630325585603714 13.571939066052449 6.2055243253707877 5.4605653136968604 9.7562832087278348 5.2013092339038858 9.5556138455867732 10.555271595716475 5.1478843390941664 7.2187348455190659 5.9692468196153632 8.15175613760948 7.7181083261966696 6.2073383778333646 6.961426079273223 5.2030642032623362 7.9036607295274681 5.4680729508399963 8.1890660226345151 6.7181760221719733 5.1885204762220383 5.9453910291194916 9.7108219414949399 6.2092696875333768 5.4624361544847462 4.971093013882637 6.4686554968357086
leaf_count=35 20 21 34 21 20 38 37 28 30 24 35 42 23 20 26 24 55 25 22 40 21 39 43 21 29 24 33 31 25 28 21 32 22 33 27 21 24 39 25 22 20 26
internal_value=0 -0.00319004 0.00868858 -0.00244122 0.000788515 -0.00762203 -0.010985 0.00520134 0.000163228 -0.0141753 -0.00926139 0.015569 -0.0149841 -0.00510344 -0.00407027 -0.00845355 -0.0016462 0.00569755 0.014158 0.0149017 -0.0112844 0.0185243 0.0123719 0.00418649 -0.020189 0.00548294 -0.00674484 0.0112669 -0.00596355 -0.0141265 -0.00297933 0.0220797 0.0101407 -0.0125904 0.00278332 0.0114372 0.0204262 -0.0277912 -0.0241169 0.0115064 -0.0222341 -0.0316157
internal_weight=303.629 223.246 80.3833 28.7777 148.188 50.1518 75.0572 98.0365 67.3907 65.8665 53.4479 30.6458 38.7791 23.3392 56.4908 44.8756 32.7033 25.238 19.0325 51.6057 45.1941 43.1668 33.4105 22.8553 12.4227 14.6688 13.2996 16.355 35.7538 18.3718 11.4104 23.6951 13.3717 18.1351 17.3819 11.6152 10.8999 15.4399 12.1723 10.6637 9.94601 12.4186
internal_count=1226 900 326 116 598 202 302 396 272 265 215 124 156 94 228 181 132 102 77 210 182 176 136 93 50 59 54 66 144 74 46 96 54 73 70 47 44 62 49 43 40 50
is_linear=0
shrinkage=0.03


Tree=13
num_leaves=42
num_cat=0
split_feature=30 10 37 41 35 49 60 17 54 40 46 19 36 60 34 49 52 32 59 31 32 42 24 41 49 37 25 47 42 55 42 55 42 19 29 0 31 36 54 31 1
split_gain=7.66474 7.88096 7.66908 5.46149 5.32144 7.48655 6.3075 5.11365 4.79455 8.79187 6.40437 8.33334 6.3933 4.62875 4.39848 5.08093 4.1518 4.16312 4.01953 3.92515 3.81912 6.1775 3.56558 3.43056 2.76916 2.72783 2.58103 2.42526 4.02809 2.39247 2.33287 2.26673 2.13265 2.07783 1.88684 1.32002 1.04129 0.569105 0.478813 0.0747323 0.040314
threshold=-0.24706386734152788 -1.3613796976802488 -1.3445766797740355 -1.1433348692269798 -0.87974128692274978 -0.47685645908869723 217.00000000000003 0.12711014035878557 -0.45078831264227176 -0.69893408225701836 0.55521877535160125 -0.92335578636493454 0.75711353372164891 737.50000000000011 -0.24890700474606436 0.12876441678430986 -0.84157948788657488 1.0285952803322493 0.3091822788086051 0.13822415970083637 -0.36148030242278056 0.94747487513268547 -0.7054376999182228 1.0000000180025095e-35 0.12876441678430986 -0.23324386708269348 0.49648319034222493 0.12850906351877253 -0.54290241121035543 0.11166983604764273 0.20228623196116488 -0.23146399216556798 1.0000000180025095e-35 1.0000000180025095e-35 0.70084142048923348 0.30029199169814963 -0.81959528812392735 1.0000000180025095e-35 0.64431640884126085 -0.61329571474628586 1.5556651861814188
decision_type=2 2 2 2 2 2 2 2 2 2 2 2 2 2 2 2 2 2 2 2 2 2 2 2 2 2 2 2 2 2 2 2 2 2 2 2 2 2 2 2 2
left_child=4 40 23 22 5 13 -6 20 9 -5 11 12 18 -1 -13 30 -8 27 29 -12 -7 24 26 33 -22 -24 -4 28 -18 -10 -16 -11 -30 -3 -29 36 -33 -17 -25 -38 -2
right_child=1 2 3 8 6 7 16 -9 10 31 19 14 -14 -15 15 37 17 -19 -20 -21 21 -23 25 38 -26 -27 -28 34 32 -31 -32 35 -34 -35 -36 -37 39 -39 -40 -41 -42
leaf_value=-0.0021550839309442023 0.033428311521925748 0.011159028369708005 -0.0099140990607781681 -0.014581074474192882 0.011107875614454811 -0.01675611862026178 0.0029909045451749659 -0.030376841792546128 -0.0051738052027538424 0.0007324043166756348 0.00067477331151271887 -0.0050121471505970494 0.019561817898192412 0.028856091093976841 0.0091329131613209387 -0.0076708186973785501 -0.029600540939519401 0 0.0038108001357764452 -0.026701663790492245 0.0025237433476132773 -0.017908358117922994 -0.0018046840388724191 -0.031799974135226512 0.027815997955731427 -0.030345090660173022 0.016296675835095503 -0.040627214749071383 0.0089825477009644935 -0.031835975320336198 0.028315803919533224 0.037384090055607583 -0.013226237478309692 -0.01285516472541133 -0.015079593809934832 0.0091473174923209256 0.0082038355290300347 0.0047753085950449732 -0.011157529887504148 0.021452324522252906 0.014103185133276406
leaf_weight=6.2096938192844364 5.2576139718294126 4.9684899449348467 4.9689178168773669 6.2151977866888037 7.9033544957637778 8.440398231148718 8.2027413547039014 5.2097092419862738 6.2194840312004152 4.961323842406272 8.4416219741106051 8.6517161875963193 4.9544497579336158 9.6512379199266434 11.588013365864752 4.9482982158660871 6.9520902633666966 8.6747431010007841 6.6966214627027503 7.9484004378318778 9.1753938198089653 5.7286458164453498 5.9358092397451401 5.7010139226913434 6.7073909789323798 6.4754639565944654 5.4336675107479095 9.9226792156696337 6.2154247164726293 8.4280978888273221 21.868889823555946 9.1021965742111224 6.2037454694509506 4.9540868103504181 8.1913917362689954 7.4033294469118109 5.4248472303152093 4.9428433328866959 5.4764684289693832 7.3872915059328088 5.5622092485427856
leaf_count=25 22 20 20 25 32 34 33 21 25 20 34 35 20 39 47 20 28 35 27 32 37 23 24 23 27 26 22 40 25 34 89 37 25 20 33 30 22 20 22 30 23
internal_value=-8.54035e-06 0.00364842 0.00199822 0.00432919 -0.00615352 0.000922978 -0.0119427 -0.0066536 0.00665091 0.0151329 0.00278171 0.00643056 -0.00692528 0.0172321 0.0133021 0.0171366 -0.0156095 -0.0190308 -0.0142169 -0.0133918 -0.00110222 0.00544257 -0.00874288 -0.0143194 0.0150286 -0.0187931 0.00360109 -0.0232135 -0.0135485 -0.0224188 0.0225203 0.0210736 -0.00191013 -0.00041902 -0.0314169 0.0241179 0.0280092 -0.00111465 -0.0246762 0.0177097 0.0269075
internal_weight=303.305 189.916 179.097 157.996 113.389 51.1225 62.2662 35.2615 135.183 40.4942 94.6884 78.2984 26.2987 15.8609 51.9998 43.348 54.3628 46.1601 21.3442 16.39 30.0518 21.6114 22.8139 21.1001 15.8828 12.4113 10.4026 37.4853 19.3713 14.6476 33.4569 34.279 12.4192 9.92258 18.1141 29.3177 21.9143 9.89114 11.1775 12.8121 10.8198
internal_count=1226 769 724 639 457 206 251 142 547 164 383 317 106 64 211 176 219 186 86 66 121 87 92 85 64 50 42 151 78 59 136 139 50 40 73 119 89 40 45 52 45
is_linear=0
shrinkage=0.03


Tree=14
num_leaves=47
num_cat=0
split_feature=16 45 62 37 30 30 26 54 35 45 57 61 33 26 59 19 38 43 45 50 0 18 45 33 39 35 37 33 39 57 44 30 47 20 54 54 44 54 61 33 60 61 57 18 45 26
split_gain=8.72724 7.29481 10.2416 7.93905 5.88306 8.07437 5.61577 5.36262 5.2016 5.07124 4.90794 4.76729 4.67864 4.2063 3.9295 4.28288 3.84944 3.90708 3.75679 3.72454 3.55534 3.32564 3.01681 2.99261 3.89446 3.42691 2.76511 3.69934 2.66263 2.51296 4.43774 3.45171 3.81235 2.69309 2.48821 2.42129 2.39466 3.64817 1.88781 2.44194 1.59835 1.5362 1.02406 0.73965 0.378874 0.312202
threshold=0.12211515997206886 -0.11447129028353152 1.5000000000000002 -0.23324386708269348 -0.60390694768008601 -1.0796977214648305 1.3780897704459576 0.80864841280525923 1.0000000180025095e-35 1.1994067653831202 1.0000000180025095e-35 632.50000000000011 -0.67361441771963804 1.0000000180025095e-35 -0.7769422880090161 -0.067791182760554847 0.17484031959651389 0.91971200415997978 -0.52209481951243919 1.0000000180025095e-35 -0.70284240695972167 0.57575738432533197 -0.45581846556340216 0.44575363507951876 -0.084896530098243328 0.5172318259838028 -0.87664707443031242 -1.0000000180025095e-35 -1.0000000180025095e-35 -0.57631695657491266 -0.37498142388338623 -0.36601156078771391 0.37669850178359093 -0.57770505733529098 0.23886014839669009 -0.46350590014279869 1.0000000180025095e-35 -0.32926189156622215 603.00000000000011 -1.1345306747545847 532.50000000000011 719.00000000000011 -0.57631695657491266 0.53890547463988037 -0.68733614558370959 0.66275634959161811
decision_type=2 2 2 2 2 2 2 2 2 2 2 2 2 2 2 2 2 2 2 2 2 2 2 2 2 2 2 2 2 2 2 2 2 2 2 2 2 2 2 2 2 2 2 2 2 2
left_child=4 2 3 16 5 11 7 9 14 10 12 -1 -3 -4 15 -5 19 26 -6 -2 -7 -11 36 24 -20 38 41 -28 43 31 33 32 -16 -31 -13 -29 37 -10 -26 -40 -12 -18 -15 -14 -19 -9
right_child=1 6 13 8 18 20 -8 45 22 21 40 34 28 42 29 -17 17 44 23 -21 -22 -23 -24 -25 25 -27 27 35 -30 30 -32 -33 -34 -35 -36 -37 -38 -39 39 -41 -42 -43 -44 -45 -46 -47
leaf_value=0.028463124554323475 0.034587781693872229 0.016741456365193811 0.0014859862630937787 -0.037050249791413234 -0.006113219049749534 -0.031167336523102447 0.009790849892398 -0.038825050343906292 0.023238007726666954 0.015771400938461341 -0.0083604814150062406 -0.015327265171418263 -0.029427813339414629 -0.035267957546448549 0.030094217802779401 -6.0274860173089175e-05 0.00065957411617319846 0.0085623093968382556 -0.008433736585224904 0.005416203435643527 0 -0.010777318177302649 0.022848950151818474 0.030147691168522044 0.005918267735951839 -0.0023756919783066753 0.024915758718364434 0.010756058981629821 0.00010285565752110701 -0.010975370444675931 -0.026130946545280691 -0.011668264404418651 -0.0028421694584530232 0.013140438537047446 0.010886066562553398 -0.014005422446635479 -0.010862218588872439 -0.0076649079795280822 0.007523743947951988 0.036343416734260621 -0.033678504830553846 -0.018435360820136245 -0.010624563652302134 -0.0078149362041887837 0.027261071298870742 -0.016638331602877501
leaf_weight=6.3987924754619643 9.7712405771017092 5.19394432008266 5.4630715101957348 6.1903014779090881 5.9647973775863639 7.2181466370820999 9.1823761314153654 5.9184502363204938 5.9295798242092168 9.1864542514085752 5.2201745957136145 4.9693182706832886 4.9654672741889936 7.6396897733211526 5.2142772525548917 4.972346678376196 5.9506438076496107 4.9230630248785019 5.8765150308608964 7.9109633713960639 5.1943401992320997 5.4640089124441138 6.8875131756067267 11.660003945231436 7.1140728890895923 6.1535635292530051 5.6456285119056728 5.1877746731042871 8.1811127960682004 6.9390889257192585 7.4600953459739712 5.2342386692762366 4.9690293073654175 6.6797956228256234 4.9578546285629272 5.9449049979448327 7.4572069346904746 4.9573102742433566 5.6155434846878061 9.0217448025941831 10.186484441161154 6.4648024886846542 4.9628898501396153 4.9651367664337158 5.155633404850958 6.4572480916976929
leaf_count=26 40 21 22 25 24 29 37 24 24 37 21 20 20 31 21 20 24 20 24 32 21 22 28 48 29 25 23 21 33 28 30 21 20 27 20 24 30 20 23 37 41 26 20 20 21 26
internal_value=-1.5085e-05 -0.00309113 0.000752257 0.00379954 0.00836363 -0.00227464 -0.0106232 -0.0137187 -0.00268833 -0.00893151 -0.0145103 0.0109934 -0.00490723 -0.0194553 -0.00849265 -0.0230061 0.0120613 0.00618604 0.0143202 0.0232934 -0.0194609 0.005417 0.00791216 0.0172398 0.0115221 0.0161446 0.000123284 0.00797141 -0.012227 -0.00316276 -0.00971132 0.00550304 0.0152076 0.000586285 -0.00200017 -0.00208467 0.000698384 0.0094579 0.0214573 0.0273857 -0.0269579 -0.00976755 -0.0281511 -0.0215902 0.0209381 -0.0307312
internal_weight=302.977 222.832 147.911 129.845 80.1447 28.7385 74.9209 65.7385 72.8908 53.3628 38.7123 16.326 23.3057 18.0657 47.6592 11.1626 56.9547 39.2725 51.4062 17.6822 12.4125 14.6505 25.2316 45.4414 33.7814 27.9049 29.1938 16.7783 18.1117 36.4965 21.079 15.4175 10.1833 13.6189 9.92717 11.1327 18.3441 10.8869 21.7514 14.6373 15.4067 12.4154 12.6026 9.9306 10.0787 12.3757
internal_count=1226 900 598 525 326 116 302 265 294 215 156 66 94 73 192 45 231 159 210 72 50 59 102 186 138 114 118 68 73 147 85 62 41 55 40 45 74 44 89 60 62 50 51 40 41 50
is_linear=0
shrinkage=0.03


Tree=15
num_leaves=46
num_cat=0
split_feature=16 45 62 37 30 30 58 30 26 45 31 61 26 47 42 38 40 45 50 31 34 46 43 23 26 0 31 5 47 40 61 46 45 31 61 31 56 28 28 45 33 45 40 36 36
split_gain=8.29858 6.95883 9.75832 7.58025 5.59129 7.68485 5.4096 5.53466 5.35109 5.17039 4.95613 4.5533 4.02474 3.72585 3.72443 3.65612 6.28798 3.58423 3.55745 3.47887 6.21149 9.51945 4.22693 3.72278 3.45235 3.26655 3.5701 2.91427 6.41755 3.10021 4.47368 2.82829 3.38183 2.33741 2.18449 3.39153 1.97104 1.61585 1.01246 0.917787 0.886611 0.467645 0.465691 0.301847 0.10931
threshold=0.12211515997206886 -0.11447129028353152 1.5000000000000002 -0.23324386708269348 -0.60390694768008601 -1.0796977214648305 1.0000000180025095e-35 0.22872690644321683 1.3780897704459576 -0.59111759381597018 1.0000000180025095e-35 632.50000000000011 1.0000000180025095e-35 -0.55241043484488594 -1.0000000180025095e-35 0.17484031959651389 0.27921085753524594 -0.52209481951243919 1.0000000180025095e-35 0.13822415970083637 1.0000000180025095e-35 1.3218959518787805 0.32057974215140617 -0.36856073358549074 0.18586740235539143 0.50645584344815264 -0.20069656799100311 0.058294854705548113 0.52734807054278032 1.0000000180025095e-35 603.00000000000011 0.60418112534431812 0.38428064614020968 0.13822415970083637 763.50000000000011 -0.81959528812392735 1.0000000180025095e-35 0.22499668886173604 1.0000000180025095e-35 0.13726758158280505 0.44575363507951876 -0.89263302512752862 0.76460609081561792 1.0000000180025095e-35 -0.40090321568883164
decision_type=2 2 2 2 2 2 2 2 2 2 2 2 2 2 2 2 2 2 2 2 2 2 2 2 2 2 2 2 2 2 2 2 2 2 2 2 2 2 2 2 2 2 2 2 2
left_child=4 2 3 15 5 11 9 13 19 10 34 -1 -4 -8 -11 18 37 -6 -2 20 21 22 -3 -23 -7 26 41 40 -29 30 -30 32 39 -13 -5 -36 -15 -17 -14 -21 -19 -18 -28 -12 -32
right_child=1 8 12 6 17 24 7 -9 -10 14 43 33 38 36 -16 16 25 27 -20 31 -22 23 -24 -25 -26 -27 42 28 29 -31 44 -33 -34 -35 35 -37 -38 -39 -40 -41 -42 -43 -44 -45 -46
leaf_value=0.027840627195069738 0.033840227350291498 -0.036203996843783968 0.001451081003284457 0.019094599451810357 -0.0059649487239883418 0 0.0025304144279983697 0.0082310649693269379 0.0095421218151457484 0 -0.024849197685685432 -0.014867936505642377 -0.034565318664397542 -0.032034885849499886 0.029644942330681778 -0.018138523328886685 0.014649843527093857 0.01439608184516164 0.0052813106088477977 -0.0092076031179859821 0.01461707272851827 -0.0070637954905345282 -0.0044994687166567326 0.023197914451401815 -0.030541053929437196 -0.0056071490413878633 -0.0015708842180923751 -0.015884520918544847 0 0.00025441610349609688 0.016779242639586418 -0.034934536624237268 0.0064984087586219767 0.01053274661449256 0.012961436471390831 -0.016566328386973302 -0.0080442376307476981 0.001570870020610251 -0.010244378092277701 -0.028524426620662277 0.035465504135111882 0.037275020037965213 0.0095098610574756801 -0.0077323442485935966 0.040206843418572856
leaf_weight=6.3794386535882994 9.7213681340217608 11.412587136030202 5.4627359509468105 5.7073512971401259 5.966924086213111 5.20290659368038 4.9551895409822526 7.9050730019807807 9.1782367676496488 6.9262730032205591 4.9813146442174894 4.9706065803766251 7.6214806437492353 11.635069325566294 8.1236567795276606 7.4440188109874708 5.912835270166398 8.3020939230918867 7.9079889208078376 8.182605862617498 7.9366550892591468 6.4638891816139221 6.689500778913497 5.2270026504993421 7.2040939480066299 4.9536841064691535 4.9307690560817736 5.4374257475137737 4.9125123172998473 7.8587728142738333 5.1017196029424703 8.8786639571189863 4.9435966759920111 4.9575110822916031 5.4498997479677209 5.4797519892454138 6.7156064361333838 5.1724793165922165 4.9491187632083893 5.9302280098199835 7.6862560659646979 5.8776046335697183 4.9414831399917603 4.9541940838098526 6.0372230857610667
leaf_count=26 40 46 22 23 24 21 20 32 37 28 20 20 31 47 33 30 24 34 32 33 32 26 27 21 29 20 20 22 20 32 21 36 20 20 22 22 27 21 20 24 32 24 20 20 25
internal_value=-1.93549e-05 -0.00302067 0.000734833 0.00371132 0.0081573 -0.00221163 -0.00262772 -0.0118346 -0.0103809 0.0043085 -0.0035226 0.0107359 -0.019006 -0.0189687 0.0175639 0.0117925 0.00605939 0.0139724 0.0227619 -0.0134058 -0.00679594 -0.0131192 -0.0260348 0.00711075 -0.0189834 0.0141756 0.0190286 0.0168316 0.0100305 0.0167498 0.0237721 -0.0213282 -0.0126103 -0.00194164 0.00617926 -0.00157271 -0.0248288 -0.0103248 -0.0275293 -0.0196695 0.0270413 0.0293141 0.00397068 -0.0189726 0.0332164
internal_weight=302.589 222.572 147.729 129.696 80.0175 28.7146 72.8334 31.2109 74.843 41.6224 26.5725 16.3076 18.0333 23.3059 15.0499 56.8622 39.2329 51.3029 17.6294 65.6647 37.7296 29.793 18.1021 11.6909 12.407 26.6164 21.6627 45.336 29.3477 23.9102 16.0515 27.9351 19.0564 9.92812 16.637 10.9297 18.3507 12.6165 12.5706 14.1128 15.9883 11.7904 9.87225 9.93551 11.1389
internal_count=1226 900 598 525 326 116 294 126 302 168 107 66 73 94 61 231 159 210 72 265 152 120 73 47 50 108 88 186 120 98 66 113 77 40 67 44 74 51 51 57 66 48 40 40 46
is_linear=0
shrinkage=0.03


Tree=16
num_leaves=46
num_cat=0
split_feature=16 45 62 37 30 30 26 58 35 45 39 28 61 35 43 55 26 42 54 45 57 33 45 0 30 47 26 18 33 61 40 40 49 30 39 33 54 49 12 45 55 16 57 54 50
split_gain=7.9029 6.62509 9.37151 8.27668 5.33218 7.315 5.02518 4.77207 5.60045 4.38601 4.98307 5.41263 4.3503 3.9303 4.42345 4.53243 3.85282 3.73809 3.68106 4.96055 5.30368 4.37976 3.42943 3.39115 3.23085 5.00661 3.19969 3.18407 2.78304 2.98453 6.10521 2.87495 2.67387 4.14136 2.53545 2.43343 2.29956 2.20735 1.70553 1.6516 1.19041 1.11348 1.00206 0.759687 0.694305
threshold=0.12211515997206886 -0.12905036635193376 1.5000000000000002 -0.23324386708269348 -0.60390694768008601 -1.0796977214648305 1.3780897704459576 1.0000000180025095e-35 1.0000000180025095e-35 -0.59111759381597018 -0.72236442771584708 0.22499668886173604 632.50000000000011 0.5172318259838028 0.91971200415997978 0.7818213698545099 1.0000000180025095e-35 1.0000000180025095e-35 0.80864841280525923 1.1994067653831202 1.0000000180025095e-35 -0.67361441771963804 -0.52209481951243919 -0.70284240695972167 -0.12811617389534155 -0.15445746576960365 0.82171933200369363 0.57180377098595803 -0.90407254623711153 603.00000000000011 -0.11793069696687632 -0.11793069696687632 -0.27498283379769484 0.34767459988940308 -1.0000000180025095e-35 0.24821809635025563 0.23886014839669009 -0.47685645908869723 -0.9320325752724955 -0.76099208248469008 0.43411912816449477 0.26036550090698307 -0.57631695657491266 -0.58775359207138367 -1.0000000180025095e-35
decision_type=2 2 2 2 2 2 2 2 2 2 2 2 2 2 2 2 2 2 2 2 2 2 2 2 2 2 2 2 2 2 2 2 2 2 2 2 2 2 2 2 2 2 2 2 2
left_child=4 2 3 13 5 12 18 9 24 10 44 -12 -1 32 15 -15 -4 -11 19 20 21 -3 -6 -7 25 -9 -20 -21 31 30 -30 -24 41 -34 43 -17 -14 -22 -32 -10 -31 -2 -18 -23 -5
right_child=1 6 16 7 22 23 -8 8 39 17 11 -13 36 14 -16 35 42 -19 26 27 37 34 28 -25 -26 -27 -28 -29 29 40 38 -33 33 -35 -36 -37 -38 -39 -40 -41 -42 -43 -44 -45 -46
leaf_value=0.027239126249551004 0.03681340613397821 0.016547783060013484 0.0014169960941268138 0.018692291172017605 -0.0058203893986930582 -0.029972765149181547 0.0093000026925648717 -0.0026972976571624334 -0.0058163983600922941 -7.1427767410439495e-05 -0.02598466280758378 0.0062635418820506522 -0.01470623950807582 -0.022822822934401358 0.019093813719536473 0.018917597107263838 -0.033914372276012142 0.028416737789058576 -0.037869359431996374 0.016137537251069926 -0.0077447828620304795 -0.0071877793520381521 0.015920041928019959 0 0 -0.038836082028386218 -0.0050678217007140512 -0.0095693709430038475 -0.011526184050042142 0.035517694786050415 0.031693244626419405 -0.012444581732474239 0.019852634239129481 -0.0098204614009023642 0.00013627016928445816 -0.0059372607350119695 0.010488261076305896 -0.034917239033220665 0.0050007142906723749 0.014946907911985536 0.013377694038740399 0.013291943921414053 -0.0099076351137849968 -0.028520473483418882 0.0016283184021738885
leaf_weight=6.3581454455852553 7.7826561778783816 5.1887205094099 5.4624025821685818 4.9512513428926468 5.9688934534788123 7.203821673989296 9.1737890988588315 5.9529251158237484 4.943006843328476 6.6864519119262678 9.9357501119375247 6.6968101412057868 4.9747891575098038 6.4519575685262742 8.8149767965078336 5.1650252193212491 7.5820903778076181 7.8543439954519272 7.606891527771948 8.679225876927374 5.7127417474985132 4.9680389314889863 4.8626876026391983 5.1948584467172605 5.2236451655626324 9.3760656118392927 5.1971077620983124 5.9570543617010108 6.4016810208559063 10.903167486190798 5.9699987024068841 4.9284754544496518 9.3658409118652326 5.4528281688690177 8.6654394716024488 5.9382380694150925 4.9531415551900864 10.14429302513599 4.8135394304990742 5.6865184903144819 7.3381434977054587 6.8056405186653137 4.9529462456703159 4.9408026039600399 4.9695774465799349
leaf_count=26 32 21 22 20 24 29 37 24 20 27 40 27 20 26 36 21 31 32 31 35 23 20 20 21 21 38 21 24 26 45 25 20 38 22 35 24 20 41 20 23 30 28 20 20 20
internal_value=-1.15444e-05 -0.00294231 0.000777748 0.00372694 0.00797503 -0.0021499 -0.0100239 -0.00290216 -0.0115248 0.00367528 -0.00344664 -0.0132255 0.0104864 0.0122728 0.00327912 -0.00522495 -0.0185707 0.016161 -0.0129006 -0.00885382 -0.0142647 -0.00443799 0.0136625 -0.0185202 -0.0202514 -0.0266496 -0.0269024 0.0053859 0.0164671 0.0202567 0.00948581 0.00135456 0.019593 0.0086671 -0.0113977 0.00602411 -0.00188464 -0.0269889 0.0223324 0.00527153 0.0286083 0.0284756 -0.0269288 -0.020702 0.0120064
internal_weight=302.156 222.285 146.051 128.054 79.8713 28.6848 76.2341 72.2763 31.1822 41.0942 26.5534 16.6326 16.2861 55.7772 26.3702 17.5552 17.9974 14.5408 67.0603 54.2563 39.62 23.763 51.1866 12.3987 20.5526 15.329 12.804 14.6363 45.2177 35.4265 17.1852 9.79116 29.407 14.8187 18.5743 11.1033 9.92793 15.857 10.7835 10.6295 18.2413 14.5883 12.535 9.90884 9.92083
internal_count=1226 900 592 519 326 116 308 292 126 166 107 67 66 227 107 71 73 59 271 219 160 96 210 50 83 62 52 59 186 146 71 40 120 60 75 45 40 64 45 43 75 60 51 40 40
is_linear=0
shrinkage=0.03


end of trees

feature_importances:
Column_45=51
Column_55=47
Column_30=36
Column_54=32
Column_46=31
Column_37=28
Column_49=26
Column_40=25
Column_26=23
Column_16=22
Column_19=19
Column_33=17
Column_31=16
Column_50=16
Column_18=15
Column_38=15
Column_39=14
Column_42=14
Column_58=14
Column_20=13
Column_35=13
Column_57=13
Column_61=13
Column_41=12
Column_47=12
Column_60=12
Column_36=11
Column_27=10
Column_0=9
Column_34=9
Column_44=9
Column_24=8
Column_28=8
Column_62=8
Column_12=7
Column_29=7
Column_25=6
Column_43=6
Column_56=5
Column_59=5
Column_1=4
Column_2=4
Column_7=4
Column_32=4
Column_4=3
Column_10=3
Column_23=3
Column_48=3
Column_52=3
Column_53=3
Column_3=2
Column_5=2
Column_13=2
Column_14=2
Column_15=1
Column_17=1
Column_21=1
Column_51=1

parameters:
[boosting: gbdt]
[objective: binary]
[metric: binary_logloss]
[tree_learner: serial]
[device_type: cpu]
[data_sample_strategy: bagging]
[data: ]
[valid: ]
[num_iterations: 1400]
[learning_rate: 0.03]
[num_leaves: 96]
[num_threads: 2]
[seed: 42]
[deterministic: 0]
[force_col_wise: 1]
[force_row_wise: 0]
[histogram_pool_size: -1]
[max_depth: 10]
[min_data_in_leaf: 20]
[min_sum_hessian_in_leaf: 0.001]
[bagging_fraction: 0.85]
[pos_bagging_fraction: 1]
[neg_bagging_fraction: 1]
[bagging_freq: 0]
[bagging_seed: 400]
[bagging_by_query: 0]
[feature_fraction: 0.8]
[feature_fraction_bynode: 1]
[feature_fraction_seed: 30056]
[extra_trees: 0]
[extra_seed: 12879]
[early_stopping_round: 0]
[early_stopping_min_delta: 0]
[first_metric_only: 0]
[max_delta_step: 0]
[lambda_l1: 0.2]
[lambda_l2: 1.5]
[linear_lambda: 0]
[min_gain_to_split: 0]
[drop_rate: 0.1]
[max_drop: 50]
[skip_drop: 0.5]
[xgboost_dart_mode: 0]
[uniform_drop: 0]
[drop_seed: 17869]
[top_rate: 0.2]
[other_rate: 0.1]
[min_data_per_group: 100]
[max_cat_threshold: 32]
[cat_l2: 10]
[cat_smooth: 10]
[max_cat_to_onehot: 4]
[top_k: 20]
[monotone_constraints: ]
[monotone_constraints_method: basic]
[monotone_penalty: 0]
[feature_contri: ]
[forcedsplits_filename: ]
[refit_decay_rate: 0.9]
[cegb_tradeoff: 1]
[cegb_penalty_split: 0]
[cegb_penalty_feature_lazy: ]
[cegb_penalty_feature_coupled: ]
[path_smooth: 0]
[interaction_constraints: ]
[verbosity: -1]
[saved_feature_importance_type: 0]
[use_quantized_grad: 0]
[num_grad_quant_bins: 4]
[quant_train_renew_leaf: 0]
[stochastic_rounding: 1]
[linear_tree: 0]
[max_bin: 255]
[max_bin_by_feature: ]
[min_data_in_bin: 3]
[bin_construct_sample_cnt: 200000]
[data_random_seed: 175]
[is_enable_sparse: 1]
[enable_bundle: 1]
[use_missing: 1]
[zero_as_missing: 0]
[feature_pre_filter: 1]
[pre_partition: 0]
[two_round: 0]
[header: 0]
[label_column: ]
[weight_column: ]
[group_column: ]
[ignore_column: ]
[categorical_feature: ]
[forcedbins_filename: ]
[precise_float_parser: 0]
[parser_config_file: ]
[objective_seed: 16083]
[num_class: 1]
[is_unbalance: 0]
[scale_pos_weight: 1]
[sigmoid: 1]
[boost_from_average: 1]
[reg_sqrt: 0]
[alpha: 0.9]
[fair_c: 1]
[poisson_max_delta_step: 0.7]
[tweedie_variance_power: 1.5]
[lambdarank_truncation_level: 30]
[lambdarank_norm: 1]
[label_gain: ]
[lambdarank_position_bias_regularization: 0]
[eval_at: ]
[multi_error_top_k: 1]
[auc_mu_weights: ]
[num_machines: 1]
[local_listen_port: 12400]
[time_out: 120]
[machine_list_filename: ]
[machines: ]
[gpu_platform_id: -1]
[gpu_device_id: -1]
[gpu_device_id_list: ]
[gpu_use_dp: 0]
[num_gpu: 1]

end of parameters

pandas_categorical:null
