tree
version=v4
num_class=1
num_tree_per_iteration=1
label_index=0
max_feature_idx=42
objective=binary sigmoid:1
feature_names=Column_0 Column_1 Column_2 Column_3 Column_4 Column_5 Column_6 Column_7 Column_8 Column_9 Column_10 Column_11 Column_12 Column_13 Column_14 Column_15 Column_16 Column_17 Column_18 Column_19 Column_20 Column_21 Column_22 Column_23 Column_24 Column_25 Column_26 Column_27 Column_28 Column_29 Column_30 Column_31 Column_32 Column_33 Column_34 Column_35 Column_36 Column_37 Column_38 Column_39 Column_40 Column_41 Column_42
feature_infos=[-2.3020012278273509:4.1354293558739839] [-1.9274405356286688:11.833027741587877] [-1.6413510493392547:7.7724297761838388] [-2.2265001525010266:4.0514751858411255] [-1.9694481610629884:11.408667218723862] [-1.6165045567311846:7.5672393295824687] [-3.2620324188155601:3.1957823926593769] [-2.4734887292815104:9.0766668004685904] [-2.4948160256720717:4.5615276202945925] [-2.4333059797837815:4.5761611400292006] [-6.8369323390013133:2.9747154338893318] [-2.7257502832331095:3.5341364865379674] [-1.0560717773040376:3.3016855551807707] [-2.4450654989635305:4.3262518453468388] [-2.7424681940962183:3.348562829203376] [-1.8122885570264247:1.1896618135081731] [-1.4601098489828328:1.3829465270509538] [-2.2992271906504054:0.98085570710723702] [-1.5222705713202542:0.65691344156558684] [-2.4739883056420791:2.2925379347517199] [-2.2832887774218809:4.7006901945224042] [-2.1221870986637237:3.6159153569506337] [-3.0215544061441366:4.9572919016991639] [-1.9023593381572403:3.0839868926195866] [-2.0538451685153891:3.3423210594760469] [-1.9985378515222323:4.5538540874882178] [-2.7488671295490446:2.7965523794330451] [-3.1235771001342387:2.9066534178553258] [-2.7840286862990395:5.696249150141151] [-2.7140551449534374:3.2552452009153474] [-3.6806452225866941:6.0601631440288477] [-2.2862462494718074:3.7541366444199982] [-2.2141843179957577:4.5041762238864589] [-2.1906830707699609:5.9400341771004559] [-3.0132351747858364:2.4559495351662841] [-3.9329408281700666:3.7824426229090897] [-2.4702746637974129:4.1284910457871344] [-0.94854794976105039:2.6674635714274841] [-0.88082331793849855:3.5619258734179629] [-0.93886727807655668:3.3608125131147539] [25:779] [25:779] none
tree_sizes=1494 1597 1701 1604 1605 1604 1585 1710 1520 1373 1628 1624 1513 1515 1419 1630 1403 1518 1422 1538 1504 1640 1588 1615 1410 1589 1498 1638 1630 1397 1515 1525

Tree=0
num_leaves=13
num_cat=0
split_feature=29 37 40 34 31 37 32 5 35 36 28 16
split_gain=9.42046 8.39951 5.26454 4.57099 7.37607 5.37544 4.13615 2.6265 4.32633 1.41222 0.772508 3.33361
threshold=-0.50800936495845128 -0.49654650961248353 185.50000000000003 0.085969494187031995 -0.97749662246191604 1.0000000180025095e-35 1.0000000180025095e-35 -0.37159705214200051 0.76058410456975378 -1.0000000180025095e-35 -0.34594880832248448 0.2198780095825866
decision_type=2 2 2 2 2 2 2 2 2 2 2 2
left_child=1 9 -2 4 -4 6 -5 -3 -9 -1 -6 -12
right_child=2 7 3 5 10 -7 -8 8 -10 -11 11 -13
leaf_value=-0.39810440447893092 -0.36881261665161286 -0.37123983489699364 -0.36698792558166532 -0.36315610123648517 -0.31966289125687664 -0.37499733669227187 -0.33394348625207149 -0.33308436201195474 -0.36698792558166532 -0.36992307246311656 -0.35737892144052685 -0.32626258800938102
leaf_weight=6.5389792174100876 9.6873766183853132 5.5702415555715605 4.8436883091926566 6.2967948019504574 7.7499012947082546 7.2655324637889853 8.7186389565467817 5.8124259710311854 4.8436883091926575 5.328057140111925 5.328057140111925 5.5702415555715561
leaf_count=27 40 23 20 26 32 30 36 24 20 22 22 23
internal_value=-0.357379 -0.37111 -0.350245 -0.34595 -0.337122 -0.356202 -0.345969 -0.357001 -0.348273 -0.388728 -0.328929 -0.339768
internal_weight=83.5536 28.0934 55.4602 45.7729 23.4919 22.281 15.0154 16.2264 10.6561 11.867 18.6482 10.8983
internal_count=345 116 229 189 97 92 62 67 44 49 77 45
is_linear=0
shrinkage=1


Tree=1
num_leaves=14
num_cat=0
split_feature=29 37 40 41 16 33 22 20 5 35 16 36 24
split_gain=8.98062 8.04997 4.99432 6.45365 4.50241 5.83931 3.65501 3.355 2.50104 4.1145 1.65779 1.35632 0.952112
threshold=-0.50800936495845128 -0.49654650961248353 185.50000000000003 159.50000000000003 1.2537166917766911 -0.32739370146632396 -0.49491974199375804 -0.36269456013720225 -0.37159705214200051 0.76058410456975378 1.0000000180025095e-35 -1.0000000180025095e-35 -1.0000000180025095e-35
decision_type=2 2 2 2 2 2 2 2 2 2 2 2 2
left_child=1 11 12 -4 5 6 -5 -7 -3 -10 -9 -1 -2
right_child=2 8 3 4 -6 7 -8 10 9 -11 -12 -13 -14
leaf_value=-0.039981661228094566 0 -0.013560358734329475 -0.015191126847641219 -0.014363133430252273 -0.0059437854734562551 0.044116704300553707 0.014520004699314375 0.00059249972039354692 0.023635835517178874 -0.0094014294465438585 0.023696269312538862 -0.012272407472520147 -0.018835084702875732
leaf_weight=6.4894618839025497 4.8337531089782715 5.5563484430313155 5.8165410012006751 4.8442965894937506 6.3038776665925971 8.0269416570663417 8.7239416688680596 5.0902541875839304 5.8366116285324061 4.8353579640388489 7.0426622778177261 5.3160505294799822 4.8337531089782697
leaf_count=27 20 23 24 20 26 33 36 21 24 20 29 22 20
internal_value=0 -0.0134396 0.00694251 0.0111181 0.0154959 0.0197558 0.00340635 0.0294846 0.000347405 0.00886015 0.0155751 -0.0307453 -0.0111568
internal_weight=83.5499 28.0338 55.516 45.8485 40.032 33.7281 13.5682 20.1599 16.2283 10.672 12.1329 11.8055 9.66751
internal_count=345 116 229 189 165 139 56 83 67 44 50 49 40
is_linear=0
shrinkage=0.03


Tree=2
num_leaves=15
num_cat=0
split_feature=29 37 40 41 19 34 32 12 5 35 3 5 36 24
split_gain=8.55236 7.71837 4.75605 6.13487 3.44803 7.49168 5.39294 3.28823 2.38171 3.91421 1.79213 1.70689 1.3054 0.910312
threshold=-0.50800936495845128 -0.49654650961248353 185.50000000000003 159.50000000000003 -0.72626201749768593 0.268275651185436 1.0000000180025095e-35 -0.5564131739021998 -0.37159705214200051 0.76058410456975378 0.32576084953526868 1.0000000180025095e-35 -1.0000000180025095e-35 -1.0000000180025095e-35
decision_type=2 2 2 2 2 2 2 2 2 2 2 2 2 2
left_child=1 12 13 -4 5 -5 7 -6 -3 -10 -8 -9 -1 -2
right_child=2 8 3 4 6 -7 10 11 9 -11 -12 -13 -14 -15
leaf_value=-0.039273058260623515 0 -0.013266854787881057 -0.014861257905841309 0.019924754747799082 0.022793093327175416 -0.023617482510633139 0.040895330590442709 0.007078861903445084 0.023001645201418109 -0.0091984678349272871 0.011342420045096965 -0.014734460439810689 -0.012006917301251729 -0.018454092947163953
leaf_weight=6.436220571398735 4.8337531089782715 5.5422925353050276 5.8008131831884375 6.5891268104314751 5.1080794483423189 4.8349608778953552 9.0022661089897138 4.8542079776525586 5.8586239814758265 4.8270127177238464 4.8698059171438208 4.8585361242294312 5.3039396703243273 4.8167678713798505
leaf_count=27 20 23 24 27 21 20 37 20 24 20 20 20 22 20
internal_value=0 -0.013158 0.00674357 0.0108126 0.015071 0.000430053 0.0203906 0.00624414 0.000317723 0.00862176 0.0330302 -0.00380897 -0.0301638 -0.0109293
internal_weight=83.5364 27.9681 55.5683 45.9178 40.117 11.4241 28.6929 14.8208 16.2279 10.6856 13.8721 9.71274 11.7402 9.65052
internal_count=345 116 229 189 165 47 118 61 67 44 57 40 49 40
is_linear=0
shrinkage=0.03


Tree=3
num_leaves=14
num_cat=0
split_feature=29 37 40 34 31 37 32 5 35 20 28 32 24
split_gain=8.15118 7.4035 4.53284 4.09292 6.72037 4.95269 3.66621 2.2682 3.72472 2.14301 2.47573 1.10778 0.870427
threshold=-0.50800936495845128 -0.49654650961248353 185.50000000000003 0.085969494187031995 -0.97749662246191604 1.0000000180025095e-35 1.0000000180025095e-35 -0.37159705214200051 0.76058410456975378 1.0000000180025095e-35 -0.55795575423348909 -1.0000000180025095e-35 -1.0000000180025095e-35
decision_type=2 2 2 2 2 2 2 2 2 2 2 2 2
left_child=1 11 12 4 -4 6 -5 -3 -9 10 -6 -1 -2
right_child=2 7 3 5 9 -7 -8 8 -10 -11 -12 -13 -14
leaf_value=-0.038625470696152027 0 -0.012980181680795799 -0.0095936638829959286 -0.0055308054886711849 0.024897077132111946 -0.017234602314092785 0.021905871790935481 0.022390570541268331 -0.0089999952174128709 0.037948452743030874 -0.0013762749437587294 -0.012524478022015839 -0.018082442192854341
leaf_weight=6.1688422560691833 4.8337531089782715 5.5281009078025862 4.8418114483356467 6.2838208377361324 5.6343270391225824 7.2410789281129828 8.7922640144824964 5.878586053848263 4.818662703037262 8.29975977540016 4.8842443972826048 5.502515837550165 4.7993883490562421
leaf_count=26 20 23 20 26 23 30 36 24 20 34 20 23 20
internal_value=0 -0.0128858 0.00655638 0.0105238 0.0188346 0.000829704 0.0106425 0.000288671 0.00839065 0.0266126 0.0135488 -0.0296033 -0.0107072
internal_weight=83.5072 27.8967 55.6104 45.9773 23.6601 22.3172 15.0761 16.2253 10.6972 18.8183 10.5186 11.6714 9.63314
internal_count=345 116 229 189 97 92 62 67 44 77 43 49 40
is_linear=0
shrinkage=0.03


Tree=4
num_leaves=14
num_cat=0
split_feature=29 37 40 41 16 33 28 22 5 35 16 32 24
split_gain=7.76625 7.10403 4.31773 5.77488 4.22647 5.24563 3.63755 3.33989 2.1602 3.54535 1.80791 1.06981 0.832355
threshold=-0.50800936495845128 -0.49654650961248353 185.50000000000003 159.50000000000003 1.2537166917766911 -0.32739370146632396 -0.34594880832248448 -0.49491974199375804 -0.37159705214200051 0.76058410456975378 -0.8139606726115175 -1.0000000180025095e-35 -1.0000000180025095e-35
decision_type=2 2 2 2 2 2 2 2 2 2 2 2 2
left_child=1 11 12 -4 5 7 -7 -5 -3 -10 -8 -1 -2
right_child=2 8 3 4 -6 6 10 -9 9 -11 -12 -13 -14
leaf_value=-0.037972457288879206 0 -0.012700122928956659 -0.014668599101766374 -0.013996222941596193 -0.0063072197523444343 0.039564948885974095 -0.0011083448162045018 0.013609436550493643 0.021801308492027591 -0.008805899739877044 0.021575638595018244 -0.012254848294258491 -0.017719764626967834
leaf_weight=6.1133131980895996 4.8337531089782715 5.5137996077537581 5.7895304560661307 4.8265872448682776 6.3161329180002204 10.310789525508875 4.8752717971801758 8.7685320675373024 5.896614789962765 4.8103168606758118 5.1434338837862104 5.4880967289209384 4.7816616296768171
leaf_count=26 20 23 24 20 26 42 20 36 24 20 21 23 20
internal_value=-2.23515e-06 -0.0126226 0.0063685 0.0102364 0.0143617 0.0184833 0.027649 0.00299439 0.000260246 0.0081665 0.0113095 -0.0290606 -0.0104905
internal_weight=83.4678 27.8221 55.6457 46.0303 40.2407 33.9246 20.3295 13.5951 16.2207 10.7069 10.0187 11.6014 9.61541
internal_count=345 116 229 189 165 139 83 56 67 44 41 49 40
is_linear=0
shrinkage=0.03


Tree=5
num_leaves=14
num_cat=0
split_feature=29 37 40 41 16 33 28 22 16 16 36 4 24
split_gain=7.39444 6.81918 4.10936 5.48782 4.00736 4.96156 3.39841 3.17994 1.98574 1.72278 1.29486 1.19646 0.796002
threshold=-0.50800936495845128 -0.49654650961248353 185.50000000000003 159.50000000000003 1.2537166917766911 -0.32739370146632396 -0.34594880832248448 -0.49491974199375804 0.47833768013111272 -0.8139606726115175 -1.0000000180025095e-35 0.18591487234711551 -1.0000000180025095e-35
decision_type=2 2 2 2 2 2 2 2 2 2 2 2 2
left_child=1 10 12 -4 5 7 -7 -5 11 -8 -1 -3 -2
right_child=2 8 3 4 -6 6 9 -9 -10 -11 -12 -13 -14
leaf_value=-0.037553932269992672 0 -0.0019904491221622521 -0.014351250570352699 -0.013703784078635109 -0.0061596415553273427 0.038363675097825539 -0.0010830642346423296 0.013236505632725545 -0.012466074091978625 0.021026176800023264 -0.010910998010859549 0.015589699160071229 -0.017365714543135378
leaf_weight=6.2793755382299423 4.8337531089782715 5.0760191231966036 5.7734421938657752 4.8139023035764685 6.3094768822193137 10.360815092921252 4.874425858259201 8.7870865315198845 5.3151240199804297 5.158472254872331 5.2493224143981951 5.823076456785202 4.7636312246322614
leaf_count=27 20 21 24 20 26 42 20 36 22 21 22 24 20
internal_value=-2.9002e-05 -0.0123678 0.00617766 0.00994747 0.0139618 0.0179679 0.0268626 0.00288992 0.00023244 0.0110205 -0.0285361 0.00766792 -0.0102789
internal_weight=83.4179 27.7429 55.675 46.0776 40.3042 33.9947 20.3937 13.601 16.2142 10.0329 11.5287 10.8991 9.59738
internal_count=345 116 229 189 165 139 83 56 67 41 49 45 40
is_linear=0
shrinkage=0.03


Tree=6
num_leaves=14
num_cat=0
split_feature=29 37 40 41 16 33 20 12 5 35 16 36 24
split_gain=7.03864 6.5502 3.91201 5.2164 3.80132 4.6969 3.18158 3.10941 2.00997 3.39715 1.42275 1.25362 0.76128
threshold=-0.50800936495845128 -0.49654650961248353 185.50000000000003 159.50000000000003 1.2537166917766911 -0.32739370146632396 -0.36269456013720225 -0.57233148774977238 -0.37159705214200051 0.76058410456975378 1.0000000180025095e-35 -1.0000000180025095e-35 -1.0000000180025095e-35
decision_type=2 2 2 2 2 2 2 2 2 2 2 2 2
left_child=1 11 12 -4 5 7 -7 -5 -3 -10 -8 -1 -2
right_child=2 8 3 4 -6 6 10 -9 9 -11 -12 -13 -14
leaf_value=-0.036952790156030355 0 -0.012308996649988259 -0.014041397333977509 0.016174626176946125 -0.0060155152684019733 0.039996230627318323 0 -0.0096957181025850141 0.021173858180912022 -0.0087558825153823058 0.020514919713386488 -0.010676236663282523 -0.017019966196788656
leaf_weight=6.2154490649700165 4.8337531089782715 5.4930148422718093 5.7571687102317801 6.5836375206708908 6.3028659969568244 8.1674583107233012 5.125255435705192 7.0218466073274559 5.9142380058765376 4.807971179485321 7.1548041254281998 5.2369798123836535 4.745338559150694
leaf_count=27 20 23 24 27 26 33 21 29 24 20 29 22 20
internal_value=-5.40478e-05 -0.0121146 0.00599326 0.00966877 0.0135766 0.0174725 0.0261111 0.00278868 0.000207684 0.0078346 0.0130923 -0.0280282 -0.0100723
internal_weight=83.3598 27.6677 55.6921 46.113 40.3559 34.053 20.4475 13.6055 16.2152 10.7222 12.2801 11.4524 9.57909
internal_count=345 116 229 189 165 139 83 56 67 44 50 49 40
is_linear=0
shrinkage=0.03


Tree=7
num_leaves=15
num_cat=0
split_feature=29 37 40 41 16 32 34 29 12 16 36 9 24 12
split_gain=6.71386 6.29154 3.73103 4.96599 3.61373 4.49138 3.68382 2.59873 2.40583 1.87994 1.21548 1.09737 0.728105 0.10483
threshold=-0.50800936495845128 -0.49654650961248353 185.50000000000003 159.50000000000003 1.2537166917766911 1.0000000180025095e-35 0.085969494187031995 0.75722277356808465 -0.55298594863631423 0.47833768013111272 -1.0000000180025095e-35 0.5656630540554054 -1.0000000180025095e-35 -0.35215954268805699
decision_type=2 2 2 2 2 2 2 2 2 2 2 2 2 2
left_child=1 10 12 -4 5 6 8 13 -5 11 -1 -3 -2 -7
right_child=2 9 3 4 -6 7 -8 -9 -10 -11 -12 -13 -14 -15
leaf_value=-0.036376404226394259 0 -0.0012145611445016995 -0.01373879496826203 0.028586912798961757 -0.0058747572408424792 0.01884606675387978 -0.0094490907425936691 0.0070283163838211135 0.001831542999184828 -0.012185787393030924 -0.010446682441770843 0.015569671819627606 -0.0166822159824393 0.045607056649017617
leaf_weight=6.1492830067873001 4.8337531089782715 5.5594834387302416 5.7407422959804526 5.1897971779108003 6.2963049560785285 4.9160697609186164 7.0071867704391471 5.160506695508956 6.8833559006452623 5.2988006025552741 5.2246441841125506 5.3484574854373932 4.7268217802047712 4.943632408976554
leaf_count=27 20 23 24 21 26 20 29 21 28 22 22 22 20 20
internal_value=-7.00395e-05 -0.0118738 0.00582817 0.00941556 0.0132233 0.017017 0.00613255 0.0286682 0.0156629 0.000181023 -0.0275366 0.00741896 -0.00987055 0.0370426
internal_weight=83.2788 27.5807 55.6982 46.1376 40.3969 34.1005 19.0803 15.0202 12.0732 16.2067 11.3739 10.9079 9.56057 9.8597
internal_count=345 116 229 189 165 139 78 61 49 67 49 45 40 40
is_linear=0
shrinkage=0.03


Tree=8
num_leaves=13
num_cat=0
split_feature=15 30 12 15 32 32 27 27 12 0 27 28
split_gain=6.44388 7.1668 7.92049 4.35567 8.9421 7.92035 3.77318 1.54226 1.49164 1.3278 1.26923 0.431393
threshold=0.93949928263029003 -0.51488250343664288 -0.62349797112857674 1.0000000180025095e-35 -0.65456490648738586 1.0000000180025095e-35 0.15954840410452448 -1.0129964188378908 -0.45594930598305461 -0.20632678546975139 0.39405736869300739 1.0000000180025095e-35
decision_type=2 2 2 2 2 2 2 2 2 2 2 2
left_child=1 2 -1 5 -5 -3 -2 -4 9 -6 -10 -7
right_child=6 3 7 4 8 11 -8 -9 10 -11 -12 -13
leaf_value=-0.017441954207456905 0.00063665308425761037 -0.033397752231836574 0.02950665906780426 0.025044335990424566 -0.011254024877476912 0.0068606091893746749 0.034051786216707465 0.007819075308343075 -0.0041777992039868797 0.0078782065150931752 -0.026528552187175855 -0.0040471498731509958
leaf_weight=5.3155134916305569 6.0815611779689771 12.775443017482759 8.0765536427497864 6.8146053999662426 5.0747164785861969 4.8301965743303281 5.6025630384683609 7.7617062032222721 5.3268619626760465 4.8102873414754885 5.9285441786050797 4.7964038401842117
leaf_count=22 25 54 33 28 21 20 23 32 22 20 25 20
internal_value=-6.6822e-05 -0.00362058 0.0104227 -0.00976637 -0.00141349 -0.0191959 0.0191656 0.0208204 -0.0113014 -0.00160547 -0.0181562 0.00107369
internal_weight=83.195 71.5108 21.1538 50.3571 27.955 22.402 11.6841 15.8383 21.1404 9.885 11.2554 9.6266
internal_count=345 297 87 210 116 94 48 65 88 41 47 40
is_linear=0
shrinkage=0.03


Tree=9
num_leaves=12
num_cat=0
split_feature=29 15 26 40 41 34 19 15 34 35 34
split_gain=6.18268 4.62628 4.75399 3.53418 4.86972 3.48916 6.87568 3.49345 3.25125 2.53566 2.11321
threshold=-0.50800936495845128 0.27239920028926828 0.023842624942000193 197.00000000000003 159.50000000000003 0.268275651185436 -0.40849360147143277 -0.22792586146649804 -0.18748974131057392 0.20171338022876353 0.26827565118543623
decision_type=2 2 2 2 2 2 2 2 2 2 2
left_child=1 8 -3 10 -5 7 -7 -6 -1 -9 -2
right_child=3 2 -4 4 5 6 -8 9 -10 -11 -12
leaf_value=-0.035296382892099978 -0.018918058395665162 0.017377361211577683 -0.01376614515012731 -0.013481346907427682 0 -0.021672229108116739 0.01659637964331398 0.032653534029795442 -0.0033121374584251157 0.0045197076821519517 0.0042267933472238828
leaf_weight=7.1599686145782471 5.9766430854797346 6.5123893022537223 8.3100400269031507 5.7240643501281729 6.1362048536539069 5.523999571800231 9.0534978955984098 13.095389559865003 5.4491174370050448 4.9214058071374884 5.2725832611322403
leaf_count=31 25 27 35 24 25 23 37 53 23 20 22
internal_value=-5.39191e-05 -0.0114233 0 0.00559283 0.00941687 0.0133267 0.00105266 0.020006 -0.023721 0.026214 -0.00837833
internal_weight=83.1353 27.4315 14.8224 55.7038 44.4546 38.7305 14.5775 24.153 12.6091 18.0168 11.2492
internal_count=345 116 62 229 182 158 60 98 54 73 47
is_linear=0
shrinkage=0.03


Tree=10
num_leaves=14
num_cat=0
split_feature=15 29 4 28 34 27 34 37 37 33 27 36 27
split_gain=5.98509 5.57497 5.90242 5.24564 4.89336 3.5849 3.32478 4.08389 3.3136 2.9818 2.57297 1.43208 0.564954
threshold=0.93949928263029003 -0.50800936495845128 0.18591487234711551 -0.34594880832248448 -0.096336662811371959 0.15954840410452448 -0.36979589830897797 -0.49654650961248353 -0.49654650961248353 -0.32739370146632396 0.15954840410452448 -1.0000000180025095e-35 -1.0129964188378908
decision_type=2 2 2 2 2 2 2 2 2 2 2 2 2
left_child=1 8 3 9 -4 -2 -5 -8 11 -3 -10 -1 -11
right_child=5 2 4 6 -6 -7 7 -9 10 12 -12 -13 -14
leaf_value=-0.035138721955429969 0.00039489708998161012 0.0019501972016957418 0.0034358917501345816 -0.018732704736453797 -0.029289918060639977 0.032885412704985781 0.021575963486995257 -0.010734813784623548 0.011380629902770258 0.037461132920346224 -0.012842920653192496 -0.0084433800823847261 0.01309057927296868
leaf_weight=5.9880014359951019 6.0820080339908582 6.0472863465547588 7.2995203584432602 5.5881062000989905 6.5059250593185407 5.6349161863327026 6.0491763055324528 5.0538365691900333 4.8509184122085562 5.4392052739858636 8.6473063677549344 4.9545128941535967 4.9174928814172683
leaf_count=27 25 25 30 23 27 23 25 21 20 22 36 21 20
internal_value=-6.93628e-05 -0.00350754 0.00248275 0.00937777 -0.0129535 0.0184331 -0.00221278 0.00686554 -0.0147128 0.0207037 -0.00346998 -0.0260089 0.0295157
internal_weight=83.0582 71.3413 46.9005 33.0951 13.8054 11.7169 16.6911 11.103 24.4407 16.404 13.4982 10.9425 10.3567
internal_count=345 297 193 136 57 48 69 46 104 67 56 48 42
is_linear=0
shrinkage=0.03


Tree=11
num_leaves=14
num_cat=0
split_feature=29 37 40 41 34 19 31 34 20 2 4 34 32
split_gain=5.64077 5.63138 3.3183 4.60269 3.31469 6.50028 2.08852 1.99557 1.87607 1.80046 1.60638 2.80386 1.06745
threshold=-0.50800936495845128 -0.49654650961248353 197.00000000000003 159.50000000000003 0.268275651185436 -0.40849360147143277 -0.77615052599885581 0.26827565118543623 -1.0000000180025095e-35 -0.16861733796853057 0.18591487234711551 -0.36979589830897797 -1.0000000180025095e-35
decision_type=2 2 2 2 2 2 2 2 2 2 2 2 2
left_child=1 12 7 -4 6 -6 -5 -2 9 -3 11 -8 -1
right_child=2 8 3 4 5 -7 10 -9 -10 -11 -12 -13 -14
leaf_value=-0.034805750876114774 -0.018490662317593106 -0.0034041817698469107 -0.013241122992043138 0.0011621221063272667 -0.021271032691547516 0.015964669310771354 0.0093050952457093689 0.004003010262560041 -0.010433666312537509 0.019234889340783434 0.0076910480651180731 0.041869750921226953 -0.010132467905475204
leaf_weight=5.7477295845746994 5.9495637416839582 4.7754922956228283 5.708818867802619 5.3850861042737916 5.4985809177160254 9.0774518847465497 5.6931481659412375 5.2796844840049744 6.4961999356746665 4.9001499265432349 6.4258984029293051 6.6824702471494772 5.3501076549291628
leaf_count=26 25 20 24 22 23 37 23 22 27 20 26 27 23
internal_value=-5.83577e-05 -0.0109615 0.0053221 0.00902813 0.012828 0.000870767 0.0193288 -0.00821794 0.000357268 0.00856714 0.0237662 0.0299468 -0.0260101
internal_weight=82.9704 27.2697 55.7007 44.4715 38.7626 14.576 24.1866 11.2292 16.1718 9.67564 18.8015 12.3756 11.0978
internal_count=345 116 229 182 158 60 98 47 67 40 76 50 49
is_linear=0
shrinkage=0.03


Tree=12
num_leaves=13
num_cat=0
split_feature=15 30 36 15 34 10 6 15 34 27 25 4
split_gain=5.6193 6.33942 4.3265 4.05895 4.73746 4.20333 7.28385 3.60832 3.5969 3.37458 2.49239 1.51557
threshold=0.93949928263029003 -0.51488250343664288 0.11424190578986798 0.60594924145977924 -0.36979589830897797 -0.19386873905621096 0.080054949633457204 0.27239920028926828 0.17712257268623399 0.15954840410452448 1.0000000180025095e-35 -0.63163662308430346
decision_type=2 2 2 2 2 2 2 2 2 2 2 2
left_child=1 2 10 4 7 -6 -7 -3 -5 -2 -1 -8
right_child=9 3 -4 8 5 6 11 -9 -10 -11 -12 -13
leaf_value=0.0055940066512752294 0.00031230223389385153 -0.036131578572126309 -0.0061259859481037557 0.021395437245859999 -0.0229674092913945 0.028445631826926485 -0.019750888782560757 -0.0035198423025082095 -0.0076824901445326603 0.031824386514588264 0.033223842500698111 0.00021086459403183816
leaf_weight=7.5118610113859194 6.0792134404182416 9.7371086627244896 8.1955801993608457 5.121485769748686 6.1393551826477042 5.3291289359331229 5.2113628685474378 5.2727223336696616 7.4246125370264053 5.6594082415103912 5.4376874566078186 5.7501407414674759
leaf_count=31 25 42 34 21 26 22 22 22 31 23 22 24
internal_value=-6.218e-05 -0.00340704 0.00978197 -0.00922526 -0.014075 -0.00443894 0.00355425 -0.0263996 0.00477758 0.0178426 0.0198559 -0.010033
internal_weight=82.8697 71.131 21.1451 49.9859 37.4398 22.43 16.2906 15.0098 12.5461 11.7386 12.9495 10.9615
internal_count=345 297 87 210 158 94 68 64 52 48 53 46
is_linear=0
shrinkage=0.03


Tree=13
num_leaves=13
num_cat=0
split_feature=15 30 15 15 34 10 0 15 34 27 30 11
split_gain=5.34778 6.04225 3.98375 3.87892 4.53818 4.02262 6.92774 3.46723 3.42393 3.197 2.70474 1.20991
threshold=0.93949928263029003 -0.51488250343664288 0.60594924145977924 0.60594924145977924 -0.36979589830897797 -0.19386873905621096 -0.025838077515508685 0.27239920028926828 0.17712257268623399 0.15954840410452448 -0.92074951871229038 0.82962108941086588
decision_type=2 2 2 2 2 2 2 2 2 2 2 2
left_child=1 2 10 4 7 -6 -7 -3 -5 -2 -1 -8
right_child=9 3 -4 8 5 6 11 -9 -10 -11 -12 -13
leaf_value=0.027860363145622544 0.00030477667940070788 -0.035477013868128945 -0.0089391853461320992 0.020853985663375534 -0.022510576194737363 0.027690390031478527 -0.0178422767669289 -0.0034393536957669671 -0.0075002167939720154 0.03098710521141515 0.0019009847006506955 1.3369125290268025e-05
leaf_weight=8.1011347472667694 6.0794794559478742 9.6482793986797279 6.0348824858665457 5.1355526894330961 6.1069633066654196 5.3508164137601844 5.6780129820108503 5.269385114312171 7.4135203659534454 5.6781913489103317 7.0200204253196725 5.2612407207489014
leaf_count=33 25 42 25 21 26 22 24 22 31 23 29 22
internal_value=-4.40141e-05 -0.00331566 0.00954853 -0.0090099 -0.0137656 -0.0043318 0.00346936 -0.025874 0.00466397 0.0174044 0.0174288 -0.00980619
internal_weight=82.7775 71.0198 21.156 49.8638 37.3147 22.397 16.2901 14.9177 12.5491 11.7577 15.1212 10.9393
internal_count=345 297 87 210 158 94 68 64 52 48 62 46
is_linear=0
shrinkage=0.03


Tree=14
num_leaves=12
num_cat=0
split_feature=15 29 1 28 34 33 26 27 37 27 36
split_gain=5.09379 4.77426 4.58187 5.22429 4.25542 3.39157 3.18495 3.03073 3.00027 2.38122 1.3767
threshold=0.93949928263029003 -0.50800936495845128 0.044893250772369518 -0.34594880832248448 -0.096336662811371959 -0.32739370146632396 0.023842624942000193 0.15954840410452448 -0.49654650961248353 0.15954840410452448 -1.0000000180025095e-35
decision_type=2 2 2 2 2 2 2 2 2 2 2
left_child=1 8 3 5 -4 -3 -5 -2 10 -10 -1
right_child=7 2 4 6 -6 -7 -8 -9 9 -11 -12
leaf_value=-0.033669817864361948 0.0002974326211442944 0.0016971796582959029 0.0041210654120903334 -0.017403296211611959 -0.023395863938074551 0.0315200481658044 0.008261275402241159 0.030184986570734151 0.011201716517680687 -0.012131309458159685 -0.0076301119302861851
leaf_weight=5.7602578401565552 6.0797388255596143 6.0552350878715488 9.2335613965988177 6.2697776705026635 8.1361434012651426 8.8993116021156329 8.2159178704023343 5.6938206404447556 4.8461399525403968 8.5822360366582853 4.9058347940444964
leaf_count=27 25 25 38 26 34 36 34 23 20 36 21
internal_value=-3.21781e-05 -0.00323335 0.00228614 0.00942641 -0.00928537 0.0210647 -0.00306235 0.0169811 -0.0136964 -0.00302934 -0.0246035
internal_weight=82.678 70.9044 46.8099 29.4402 17.3697 14.9545 14.4857 11.7736 24.0945 13.4284 10.6661
internal_count=345 297 193 121 72 61 60 48 104 56 48
is_linear=0
shrinkage=0.03


Tree=15
num_leaves=14
num_cat=0
split_feature=29 37 40 41 33 23 37 28 20 2 12 35 24
split_gain=4.86372 5.02553 3.06722 4.2412 2.73709 3.5831 3.25535 2.81798 1.81411 1.6531 1.50549 1.10295 1.0238
threshold=-0.50800936495845128 -0.49654650961248353 197.00000000000003 159.50000000000003 0.40662938341086657 -0.40645546892419221 -1.0000000180025095e-35 -0.34594880832248448 -1.0000000180025095e-35 -0.16861733796853057 -0.24827435174848353 0.44667389553074849 -1.0000000180025095e-35
decision_type=2 2 2 2 2 2 2 2 2 2 2 2 2
left_child=1 11 12 -4 5 -5 10 -6 9 -3 -7 -1 -2
right_child=2 8 3 4 7 6 -8 -9 -10 -11 -12 -13 -14
leaf_value=-0.03405739956741731 0.00021835890446719039 -0.0030398098742603426 -0.012886657262019605 -0.0111271581674845 0.036052174384089052 0.0081211190866620105 -0.0052347815862279169 0.0069932308889877372 -0.01024162160067606 0.018662862603960557 0.031667960784517009 -0.0095845526263092142 -0.015880741483177929
leaf_weight=5.2626423537731188 5.7680031806230545 4.7555148750543621 5.6772157102823249 6.8309772610664359 5.9882333427667618 7.8537744879722586 5.5389813482761445 7.608614116907118 6.4679423570632926 4.9012620151042929 4.9275191426277152 5.5556787550449371 5.4331589639186841
leaf_count=24 24 20 24 28 24 32 23 31 27 20 20 25 23
internal_value=-2.94665e-05 -0.0102344 0.00494728 0.00851681 0.0121652 0.00540169 0.0122431 0.0224991 0.000388412 0.00846573 0.0199919 -0.0246741 -0.00807144
internal_weight=82.5695 26.943 55.6265 44.4253 38.7481 25.1513 18.3203 13.5968 16.1247 9.65678 12.7813 10.8183 11.2012
internal_count=345 116 229 182 158 103 75 55 67 40 52 49 47
is_linear=0
shrinkage=0.03


Tree=16
num_leaves=12
num_cat=0
split_feature=15 30 12 36 22 37 20 28 4 37 19
split_gain=4.8649 5.36973 6.59259 3.72394 2.90624 2.47609 2.40284 2.21666 4.7569 3.22613 0.369994
threshold=0.93949928263029003 -0.51488250343664288 -0.62349797112857674 -0.67394399841050812 1.0000000180025095e-35 -0.49654650961248353 1.3833001828488694 0.4717922687628196 -0.63163662308430346 -1.0000000180025095e-35 -1.0000000180025095e-35
decision_type=2 2 2 2 2 2 2 2 2 2 2
left_child=1 2 -1 10 -2 -4 7 8 -5 -10 -3
right_child=4 3 5 6 -6 -7 -8 -9 9 -11 -12
leaf_value=-0.016594152015454638 0 -0.0079471435421316367 0.029738151382779882 -0.017979065194627948 0.027712968268119996 0.0049472246430523363 0.013858587331710186 -0.017521055112136252 0.01943479995802827 -0.0067156674878434486 -0.025628355538387292
leaf_weight=5.2356601506471661 5.1165657937526685 4.5476708263158807 7.4010813087224969 7.7021914124488822 6.6617944091558456 8.5170304030179942 4.751079022884368 9.2668002098798734 8.800513491034506 5.7696507126092973 8.6925618648529017
leaf_count=22 21 19 30 33 27 35 20 39 37 24 38
internal_value=-3.16382e-05 -0.00317089 0.00893827 -0.00857084 0.0165858 0.0183865 -0.00307205 -0.00631749 -0.00059224 0.00904582 -0.0213891
internal_weight=82.4626 70.6842 21.1538 49.5305 11.7784 15.9181 36.2902 31.5392 22.2724 14.5702 13.2402
internal_count=345 297 87 210 48 65 153 133 94 61 57
is_linear=0
shrinkage=0.03


Tree=17
num_leaves=13
num_cat=0
split_feature=15 30 12 15 34 10 0 15 34 27 37 4
split_gain=4.62111 5.10794 6.28162 3.66656 4.26425 3.77285 6.53238 3.25038 3.1959 2.82941 2.34307 1.39502
threshold=0.93949928263029003 -0.51488250343664288 -0.62349797112857674 0.60594924145977924 -0.36979589830897797 -0.19386873905621096 -0.025838077515508685 0.27239920028926828 0.17712257268623399 0.15954840410452448 -0.49654650961248353 -0.63163662308430346
decision_type=2 2 2 2 2 2 2 2 2 2 2 2
left_child=1 2 -1 4 7 -6 -7 -3 -5 -2 -4 -8
right_child=9 3 10 8 5 6 11 -9 -10 -11 -12 -13
leaf_value=-0.016247124835066004 5.394457094830835e-05 -0.034307027523159984 0.028952855578332649 0.020493303532844429 -0.021637682370328974 0.027084088737344376 -0.018756548972889527 -0.0031560881342688699 -0.0069234106881293275 0.02887242691098954 0.004818324823124864 0.00039915634326589337
leaf_weight=5.219352766871455 6.0801468789577466 9.434807330369944 7.4142422080039987 5.1369349807500821 6.0304165482521048 5.3584248870611182 5.1365186572074872 5.2397150993347159 7.3684414625167847 5.7137229889631271 8.5225743353366816 5.7305547893047439
leaf_count=22 25 42 30 21 26 22 22 22 31 23 35 24
internal_value=-3.19056e-05 -0.00309831 0.00870468 -0.00837481 -0.0130415 -0.0039055 0.00361976 -0.0248794 0.00489904 0.0161493 0.0179152 -0.00934676
internal_weight=82.3859 70.592 21.1562 49.4358 36.9304 22.2559 16.2255 14.6745 12.5054 11.7939 15.9368 10.8671
internal_count=345 297 87 210 158 94 68 64 52 48 65 46
is_linear=0
shrinkage=0.03


Tree=18
num_leaves=12
num_cat=0
split_feature=29 37 34 15 37 20 27 12 20 2 35
split_gain=4.42276 4.70615 2.6691 4.72931 4.32768 3.54918 5.88489 2.79642 1.74241 1.55448 1.07035
threshold=-0.50800936495845128 -0.49654650961248353 0.085969494187031995 -0.22792586146649804 1.0000000180025095e-35 -1.0000000180025095e-35 -0.6109810509719199 -0.30867951675642818 1.0000000180025095e-35 -0.16861733796853057 0.44667389553074849
decision_type=2 2 2 2 2 2 2 2 2 2 2
left_child=1 10 3 -2 7 6 -5 -4 9 -3 -1
right_child=2 8 4 5 -6 -7 -8 -9 -10 -11 -12
leaf_value=-0.033207030033254252 -0.0061806033901479736 -0.0028192065851900096 -0.0041883432034503952 0.023103251639579214 -0.017108907498003149 0.03228204073464961 -0.015871252855613961 0.017535398687598416 -0.0099987187112155658 0.018229449754035138 -0.0091117369152119605
leaf_weight=5.1446663886308688 8.676706016063692 4.7414408922195461 9.4690419137477893 6.1805866807699221 9.2715691328048688 8.3295094221830333 4.8408420085907 8.7565668374300021 6.4394937753677359 4.9012811332941046 5.5023675113916397
leaf_count=24 36 20 39 25 39 34 20 36 27 20 25
internal_value=-2.26049e-05 -0.00980339 0.0047146 0.0110144 -0.00173737 0.0189021 0.00565506 0.00648451 0.000438577 0.00835486 -0.0239115
internal_weight=82.2541 26.7292 55.5248 28.0276 27.4972 19.3509 11.0214 18.2256 16.0822 9.64272 10.647
internal_count=345 116 229 115 114 79 45 75 67 40 49
is_linear=0
shrinkage=0.03


Tree=19
num_leaves=13
num_cat=0
split_feature=15 30 12 36 22 12 38 20 33 32 20 19
split_gain=4.33797 4.75428 5.90158 3.52252 2.72745 2.24661 3.73647 3.53143 2.59635 2.42337 1.7513 0.349279
threshold=0.93949928263029003 -0.51488250343664288 -0.62349797112857674 -0.67394399841050812 1.0000000180025095e-35 -0.45594930598305461 1.0000000180025095e-35 -0.36269456013720225 -1.0000000180025095e-35 0.30520088521007355 -0.36269456013720225 -1.0000000180025095e-35
decision_type=2 2 2 2 2 2 2 2 2 2 2 2
left_child=1 2 -1 11 -2 7 9 -5 -8 -7 -4 -3
right_child=4 3 10 5 -6 6 8 -9 -10 -11 -12 -13
leaf_value=-0.015865782539106549 -0.00032708900316876546 -0.0075846662345787162 0.025140736968087454 -0.010833776504578538 0.026401122624434493 0.017311948871841579 -0.030543386839944862 0.016978893230001839 -0.0012852922994116087 -0.0078705230467045542 0.003557018884828993 -0.024805813999323488
leaf_weight=5.1918448507785824 5.1136991679668409 4.5215567052364358 9.0704380869865417 5.3212372809648505 6.6845813095569611 4.7514829039573723 6.3134846538305229 8.6821075081825203 5.0958241671323812 5.9627949744462967 6.8807666897773716 8.5683841407299006
leaf_count=22 21 19 37 23 27 20 27 36 22 25 28 38
internal_value=-3.31915e-05 -0.00301553 0.00836406 -0.00812517 0.015635 -0.00278145 -0.00862014 0.00599749 -0.0196082 0.00356053 0.0172801 -0.0206598
internal_weight=82.1582 70.3599 21.143 49.2169 11.7983 36.1269 22.1236 14.0033 11.4093 10.7143 15.9512 13.0899
internal_count=345 297 87 210 48 153 94 59 49 45 65 57
is_linear=0
shrinkage=0.03


Tree=20
num_leaves=13
num_cat=0
split_feature=15 30 12 15 34 10 0 15 34 27 37 4
split_gain=4.12657 4.52515 5.62043 3.39354 4.02225 3.62043 6.11917 3.11102 2.94664 2.67676 2.21059 1.32925
threshold=0.93949928263029003 -0.51488250343664288 -0.62349797112857674 0.60594924145977924 -0.36979589830897797 -0.19386873905621096 -0.025838077515508685 0.27239920028926828 0.17712257268623399 0.15954840410452448 -0.49654650961248353 -0.63163662308430346
decision_type=2 2 2 2 2 2 2 2 2 2 2 2
left_child=1 2 -1 4 7 -6 -7 -3 -5 -2 -4 -8
right_child=9 3 10 8 5 6 11 -9 -10 -11 -12 -13
leaf_value=-0.015535988039016327 0 -0.033378555508285418 0.027511258863215007 0.019751546346865843 -0.021063935762165819 0.026398760823836888 -0.018116582965158629 -0.0028538544142549501 -0.0065751847896696235 0.027578414487778386 0.0042165199765144684 0.00058231090027232647
leaf_weight=5.1750914752483395 6.0831250697374326 9.2625460475683159 7.4284715950489053 5.1445837169885618 5.9761330783367148 5.3703851550817481 5.0859839171171171 5.2208987176418296 7.3376728296279907 5.7254573106765747 8.5422605723142588 5.716916590929042
leaf_count=22 25 42 30 21 26 22 22 22 31 23 35 24
internal_value=-4.26511e-05 -0.00295752 0.00813716 -0.00795232 -0.0124732 -0.00360348 0.00374897 -0.0240511 0.00480119 0.0152285 0.0168268 -0.00886889
internal_weight=82.0695 70.2609 21.1458 49.1151 36.6329 22.1494 16.1733 14.4834 12.4823 11.8086 15.9707 10.8029
internal_count=345 297 87 210 158 94 68 64 52 48 65 46
is_linear=0
shrinkage=0.03


Tree=21
num_leaves=14
num_cat=0
split_feature=29 37 40 41 19 32 14 20 0 8 36 24 35
split_gain=3.98816 4.36303 2.83472 3.90241 2.45394 3.17649 2.57819 1.69968 1.56821 1.46955 1.13606 1.03694 0.917965
threshold=-0.50800936495845128 -0.49654650961248353 197.00000000000003 159.50000000000003 -0.72626201749768593 1.0000000180025095e-35 -0.44628850681279492 1.0000000180025095e-35 0.37524794016058732 -0.045752999231097213 -1.0000000180025095e-35 -1.0000000180025095e-35 -0.65390286146142496
decision_type=2 2 2 2 2 2 2 2 2 2 2 2 2
left_child=1 10 11 -4 8 6 -6 9 -5 -3 -1 -2 -7
right_child=2 7 3 4 5 12 -8 -9 -10 -11 -12 -13 -14
leaf_value=-0.031856802827290608 0.00029906919180989848 -0.0026118781555030997 -0.012663342456812055 0.0085713611898562605 -0.0095113082037466355 0.03690834113561689 0.013946240567342125 -0.0098762323295859388 -0.011629603963140469 0.017862287230626699 -0.0076040884056851124 -0.015925893362110314 0.014025560209416517
leaf_weight=5.4248882234096527 5.7373669147491455 4.7259332537651089 5.6326154172420493 6.1102004796266502 5.3107680827379182 4.9821928888559333 9.2915874868631452 6.4145237207412711 4.8042453974485397 4.8980451673269263 5.034376800060274 5.4217403233051282 8.1302209347486478
leaf_count=27 24 20 24 25 22 20 38 27 20 20 22 23 33
internal_value=-3.44814e-05 -0.00937347 0.00445459 0.00790244 0.011412 0.0159522 0.004951 0.000447967 -0.000168038 0.00827243 -0.0231028 -0.008063 0.0260269
internal_weight=81.9187 26.4978 55.4209 44.2618 38.6292 27.7148 14.6024 16.0385 10.9144 9.62398 10.4593 11.1591 13.1124
internal_count=345 116 229 182 158 113 60 67 45 40 49 47 53
is_linear=0
shrinkage=0.03


Tree=22
num_leaves=14
num_cat=0
split_feature=15 33 23 27 33 13 7 1 6 27 27 32 31
split_gain=3.84605 3.71831 7.97661 7.28729 4.93268 4.03225 5.83753 3.70297 3.14081 2.59863 2.06159 2.74714 1.45281
threshold=0.93949928263029003 -0.32739370146632396 -0.40645546892419221 -1.0129964188378908 0.85833589718144532 -0.32771876142306283 1.0000000180025095e-35 -0.19973729637814705 0.40742374829834266 0.15954840410452448 0.59506505262599296 1.0000000180025095e-35 0.83461824570562582
decision_type=2 2 2 2 2 2 2 2 2 2 2 2 2
left_child=1 2 -1 -3 8 12 -7 -6 10 -2 11 -5 -4
right_child=9 3 5 4 7 6 -8 -9 -10 -11 -12 -13 -14
leaf_value=-0.033262849468792217 0 0.026359492269838625 0 0.0020375494501371294 -0.032864433253953627 0.030065962723210684 -0.0096972134240346178 -0.00056923360206718727 -0.012657008678331106 0.026858728397250689 -0.0029061168271003746 0.03248490990259862 -0.021184047690162754
leaf_weight=8.2144163846969622 6.0819877684116346 7.8724737614393225 5.4446727931499499 5.7652903497219103 5.4915146678686142 5.553236708045004 4.922989547252655 6.7038200646638852 4.8224375396966925 5.7254243195056915 4.7083393037319174 4.8374051749706268 5.6565924137830734
leaf_count=36 25 32 23 24 24 23 21 29 21 23 20 20 24
internal_value=-4.17931e-05 -0.00286785 -0.0106817 0.00295482 -0.00348324 -0.000221968 0.0120052 -0.0175565 0.00539017 0.0146949 0.0120535 0.0187292 -0.0122924
internal_weight=81.8006 69.9932 29.7919 40.2013 32.3288 21.5775 10.4762 12.1953 20.1335 11.8074 15.311 10.6027 11.1013
internal_count=345 297 127 170 138 91 44 53 85 48 64 44 47
is_linear=0
shrinkage=0.03


Tree=23
num_leaves=14
num_cat=0
split_feature=29 37 26 37 26 28 36 32 19 4 12 34 36
split_gain=3.69405 4.18771 2.66731 4.74889 3.6545 3.03567 2.44991 2.44347 1.61535 1.5581 1.48422 1.41487 1.11979
threshold=-0.50800936495845128 -0.49654650961248353 -0.80797030140531279 1.0000000180025095e-35 0.023842624942000193 -0.34594880832248448 0.44418019126909564 -0.1746820106386561 0.54481164660732717 -1.0000000180025095e-35 -0.30867951675642818 -0.36979589830897797 -1.0000000180025095e-35
decision_type=2 2 2 2 2 2 2 2 2 2 2 2 2
left_child=1 12 5 4 11 -2 10 -5 9 -3 -6 -4 -1
right_child=2 8 3 7 6 -7 -8 -9 -10 -11 -12 -13 -14
leaf_value=-0.031359070973733014 0.030461921185268654 -0.0030140557896992338 -0.015383985243004132 0.0002047912631770659 0.0093354850128416246 0.0002383477868978388 0 -0.02337809847084197 -0.0095450452770321249 0.018074161599787402 0.033616864400648455 0.0037785143091013116 -0.0073129164260046673
leaf_weight=5.3243014812469482 5.1316373497247696 4.7211190313100806 5.3144886195659637 6.2341312617063522 7.5841368734836569 6.2378935664892179 7.2326787114143363 7.3070033788681013 6.3922338038682929 4.883982688188552 4.9386734217405346 5.3533119857311267 5.0109740793705004
leaf_count=27 21 20 22 26 31 26 30 31 27 20 20 22 22
internal_value=-4.20311e-05 -0.00906546 0.00427244 0.000593058 0.00724456 0.0163065 0.0145943 -0.0131843 0.000531658 0.0081615 0.0219109 -0.0059944 -0.0226119
internal_weight=81.6666 26.3326 55.334 43.9644 30.4233 11.3695 19.7555 13.5411 15.9973 9.6051 12.5228 10.6678 10.3353
internal_count=345 116 229 182 125 47 81 57 67 40 51 44 49
is_linear=0
shrinkage=0.03


Tree=24
num_leaves=12
num_cat=0
split_feature=15 30 36 36 22 25 20 28 4 37 41
split_gain=3.65286 3.96233 3.43636 3.24009 2.52484 2.19495 2.15869 2.13795 4.20275 2.95884 0.490538
threshold=0.93949928263029003 -0.51488250343664288 0.11424190578986798 -0.67394399841050812 1.0000000180025095e-35 1.0000000180025095e-35 1.3833001828488694 0.4717922687628196 -0.63163662308430346 -1.0000000180025095e-35 366.00000000000006
decision_type=2 2 2 2 2 2 2 2 2 2 2
left_child=1 2 5 10 -2 -1 7 8 -5 -10 -3
right_child=4 3 -4 6 -6 -7 -8 -9 9 -11 -12
leaf_value=0.0036284544041638952 -0.00087477167680156606 -0.0065071475170144534 -0.0065237285395703757 -0.016567030217877858 0.024693070677469346 0.029009411281135669 0.01364256114809281 -0.016572322991269862 0.019031686371142741 -0.0060944718303455091 -0.024227875624767792
leaf_weight=7.5336083322763461 5.110633432865141 4.5928790271282187 8.125491335988043 7.4859488755464545 6.6954855620861053 5.4353072047233582 4.73358529806137 9.1286276876926404 8.7451276183128339 5.7222442179918351 8.2350437194108945
leaf_count=31 21 20 34 33 27 22 20 39 37 24 37
internal_value=-3.30889e-05 -0.00279819 0.00757591 -0.00750865 0.0143234 0.016585 -0.00238515 -0.00552592 0 0.00907891 -0.0196474
internal_weight=81.544 69.7379 21.0944 48.6435 11.8061 12.9689 35.8155 31.0819 21.9533 14.4674 12.8279
internal_count=345 297 87 210 48 53 153 133 94 61 57
is_linear=0
shrinkage=0.03


Tree=25
num_leaves=14
num_cat=0
split_feature=29 37 40 41 34 19 15 35 34 20 3 35 35
split_gain=3.49873 4.02634 2.60397 3.59216 2.83622 5.6342 2.53835 2.15269 1.6445 1.55573 1.35321 1.1263 0.102272
threshold=-0.50800936495845128 -0.49654650961248353 197.00000000000003 159.50000000000003 0.268275651185436 -0.40849360147143277 -0.22792586146649804 0.20171338022876353 0.26827565118543623 1.0000000180025095e-35 -0.26096581759951198 0.44667389553074849 -1.1682617582000352
decision_type=2 2 2 2 2 2 2 2 2 2 2 2 2
left_child=1 11 8 -4 6 -6 -5 12 -2 10 -3 -1 -8
right_child=2 9 3 4 5 -7 7 -9 -10 -11 -12 -13 -14
leaf_value=-0.031642187201555913 -0.017260734546483764 0.017221174844988384 -0.012282913401438698 0 -0.020823245273833928 0.013989186562746154 0.013690817556898384 0.0026591992019832653 0.0032108690885838298 -0.0093609458193303213 -0.0024192531879840022 -0.0076352254309943945 0.033020671805195828
leaf_weight=4.8895708620548266 5.8370958715677244 4.8993599861860266 5.5971447080373755 6.021332010626792 5.4257688969373694 9.0658617019653303 5.1727336198091498 4.9247978180646887 5.2719131708145142 6.3642417192459098 4.7063367366790763 5.3337786793708801 7.9332635104656282
leaf_count=24 25 20 24 25 23 37 21 20 22 27 20 25 32
internal_value=-2.80507e-05 -0.00883912 0.00416666 0.00747921 0.0108514 0 0.0168652 0.0221155 -0.00784359 0.000547973 0.008031 -0.0222085 0.0279918
internal_weight=81.4432 26.1933 55.2499 44.1409 38.5438 14.4916 24.0521 18.0308 11.109 15.9699 9.6057 10.2233 13.106
internal_count=345 116 229 182 158 60 98 73 47 67 40 49 53
is_linear=0
shrinkage=0.03


Tree=26
num_leaves=13
num_cat=0
split_feature=15 30 36 36 26 27 25 35 30 36 35 41
split_gain=3.40074 3.74811 3.2265 3.12765 3.5506 2.44951 2.03335 1.83051 2.06486 2.83707 1.61466 0.474997
threshold=0.93949928263029003 -0.51488250343664288 0.11424190578986798 -0.67394399841050812 -0.94660578912986504 0.15954840410452448 1.0000000180025095e-35 0.39624655271323789 0.37802493016978173 0.22422133428294386 0.080895562450875466 366.00000000000006
decision_type=2 2 2 2 2 2 2 2 2 2 2 2
left_child=1 2 6 11 -5 -2 -1 10 -9 -10 -6 -3
right_child=5 3 -4 4 7 -7 -8 8 9 -11 -12 -13
leaf_value=0.0035744652711883016 0 -0.0063310839865276065 -0.0062966593480714445 0.018753500615807047 -0.003281032761865154 0.025622354950123587 0.028089919579212658 0.01216444288873391 -0.020208695746839603 0.0073132825370383382 -0.024388043919614025 -0.023802435255244583
leaf_weight=7.527623265981676 6.0757202208042127 4.5758105069398871 8.1009656339883787 4.5256335735321001 8.4546629637479835 5.72269606590271 5.4262001812458038 6.6046579182148006 5.5245145559310895 4.9405423551797867 5.6653080433607093 8.1652226448059064
leaf_count=31 25 20 34 19 36 23 22 28 24 21 25 37
internal_value=-3.79055e-05 -0.00271542 0.00737632 -0.0073103 -0.00227524 0.0138126 0.0161082 -0.00623058 0.000201073 -0.00742619 -0.0136626 -0.0192769
internal_weight=81.3096 69.5111 21.0548 48.4564 35.7153 11.7984 12.9538 31.1897 17.0697 10.4651 14.12 12.741
internal_count=345 297 87 210 153 48 53 134 73 45 61 57
is_linear=0
shrinkage=0.03


Tree=27
num_leaves=14
num_cat=0
split_feature=29 37 26 37 26 21 21 28 21 2 20 2 36
split_gain=3.27686 3.85676 2.49964 4.31893 3.56207 4.3575 3.38579 2.79121 2.52746 2.28827 1.50765 1.30647 1.10751
threshold=-0.50800936495845128 -0.49654650961248353 -0.80797030140531279 1.0000000180025095e-35 0.023842624942000193 0.849330244422283 -0.27779702364482289 -0.34594880832248448 0.54193189858579949 -0.43220320108317711 1.0000000180025095e-35 -0.16861733796853057 -1.0000000180025095e-35
decision_type=2 2 2 2 2 2 2 2 2 2 2 2 2
left_child=1 12 7 4 8 6 -6 -2 -4 -5 11 -3 -1
right_child=2 10 3 9 5 -7 -8 -9 -10 -11 -12 -13 -14
leaf_value=-0.03053395340161888 0.029274713224082993 -0.0023256798552295705 -0.018612303577540901 -0.025049498372830801 0.0021358766458170132 -0.0059633578597493662 0.033257424240415667 0.0002115140378618675 0.0071289613307161668 -0.00059262453554292341 -0.0091891403214438075 0.016973287133543541 -0.0067486440485950714
leaf_weight=5.1485023498535156 5.1163581162691116 4.6978189200162879 5.4585890173912066 5.6325687021017075 5.5843489915132514 5.8025731593370429 8.3411611467599887 6.2159838080406171 5.1752592772245407 7.8185940980911237 6.3426583856344214 4.8965019881725302 4.9627036750316638
leaf_count=27 21 20 23 24 23 24 34 26 21 33 27 20 22
internal_value=-2.96224e-05 -0.00858609 0.00402648 0.000458095 0.00680898 0.0140792 0.0225875 0.0156888 -0.00625751 -0.0127207 0.000578554 0.007946 -0.0217565
internal_weight=81.1936 26.0482 55.1454 43.8131 30.3619 19.7281 13.9255 11.3323 10.6338 13.4512 15.937 9.59432 10.1112
internal_count=345 116 229 182 125 81 57 47 44 57 67 40 49
is_linear=0
shrinkage=0.03


Tree=28
num_leaves=14
num_cat=0
split_feature=29 18 41 26 37 26 21 21 28 21 32 0 23
split_gain=3.13355 3.7623 3.40866 2.39319 4.11927 3.38238 4.14349 3.19807 2.65817 2.41794 2.3236 1.02449 0.198174
threshold=-0.50800936495845128 1.0000000180025095e-35 424.00000000000006 -0.80797030140531279 1.0000000180025095e-35 0.023842624942000193 0.849330244422283 -0.27779702364482289 -0.34594880832248448 0.54193189858579949 -0.1746820106386561 -0.66757570579726144 1.0000000180025095e-35
decision_type=2 2 2 2 2 2 2 2 2 2 2 2 2
left_child=1 11 -3 8 5 9 7 -7 -2 -5 -6 -1 -4
right_child=3 2 12 4 10 6 -8 -9 -10 -11 -12 -13 -14
leaf_value=0.014141570299417939 0.028592859608383928 0.002912766926888652 -0.030968809896387266 -0.018220165215133366 0.00052889133723117948 0.0020850095219594926 -0.0058243025447280135 0.032361013964109571 0.00020639591580974594 0.006962210969279535 -0.022481279423097536 -0.0028388507542975679 -0.012344495534246035
leaf_weight=4.5871726274490356 5.1169726997613907 4.850587964057925 5.8838820904493314 5.4413334578275698 6.2023742645978928 5.585546374320983 5.798747554421424 8.3563524931669253 6.2162061333656293 5.1761461794376373 7.2141060382127744 4.928164944052698 5.7038470804691315
leaf_count=20 21 21 28 23 26 23 24 34 26 21 31 22 25
internal_value=-3.72199e-05 -0.00842389 -0.0166738 0.00392514 0.000428559 0.00663044 0.0137107 0.0220009 0.0153345 -0.00610618 -0.0124581 0.00561341 -0.0247253
internal_weight=81.0614 25.9537 16.4383 55.1078 43.7746 30.3581 19.7406 13.9419 11.3332 10.6175 13.4165 9.51534 11.5877
internal_count=345 116 74 229 182 125 81 57 47 44 57 42 53
is_linear=0
shrinkage=0.03


Tree=29
num_leaves=12
num_cat=0
split_feature=15 26 27 34 37 26 21 1 31 34 41
split_gain=3.20715 6.50518 6.37789 5.76078 4.43566 4.1235 2.6208 2.3254 2.09851 1.81909 0.283349
threshold=0.27239920028926828 0.16247811266655249 -0.40997336703893456 -0.096336662811371959 1.0000000180025095e-35 1.0000000180025095e-35 -0.27779702364482289 -0.16915847798433248 0.43192605277950519 -0.91671436930418992 587.50000000000011
decision_type=2 2 2 2 2 2 2 2 2 2 2
left_child=1 2 -1 5 8 9 -3 -6 -5 -2 -4
right_child=3 6 10 4 7 -7 -8 -9 -10 -11 -12
leaf_value=0.0045383425771324095 0.0081108688019482789 -0.0055473933086435303 -0.013208430052535686 -0.0029643556618966309 0 -0.0030277755586226433 0.018658270711057731 -0.025962705344238068 0.017526577234669504 0.033277449756333642 -0.034313870703771766
leaf_weight=6.9153600782155982 6.2899849265813836 5.7446739673614502 4.8918540924787548 8.4998225867748278 4.9256897121667862 6.1496382355689994 7.5712440162897092 7.2270172238349897 6.548556759953498 8.0941809713840485 8.0821251422166807
leaf_count=29 26 25 22 36 21 26 31 31 27 33 38
internal_value=-3.2999e-05 -0.00708739 -0.0175337 0.00481872 -0.00404315 0.0163064 0.00830625 -0.0166607 0.00637045 0.0244554 -0.0289641
internal_weight=80.9401 33.2053 19.8893 47.7349 27.2011 20.5338 13.3159 12.1527 15.0484 14.3842 12.974
internal_count=345 145 89 200 115 85 56 52 63 59 60
is_linear=0
shrinkage=0.03


Tree=30
num_leaves=13
num_cat=0
split_feature=15 30 12 15 34 4 0 15 34 19 37 4
split_gain=3.1024 3.25216 4.84975 2.98917 3.50239 3.21957 3.06794 2.68202 2.48345 2.38104 1.83137 1.60607
threshold=0.93949928263029003 -0.51488250343664288 -0.62349797112857674 0.60594924145977924 -0.36979589830897797 0.18591487234711551 -0.025838077515508685 0.27239920028926828 0.17712257268623399 1.0000000180025095e-35 -0.49654650961248353 -0.63163662308430346
decision_type=2 2 2 2 2 2 2 2 2 2 2 2
left_child=1 2 -1 4 7 6 -6 -3 -5 -2 -4 -8
right_child=9 3 10 8 5 -7 11 -9 -10 -11 -12 -13
leaf_value=-0.015249505850952118 -0.0014465022712238911 -0.031306577462517159 0.024638933923268529 0.018686191470647474 0.017387824601025115 -0.021240594638695987 -0.016798959939001174 -0.0025332521847491276 -0.0055385836540715406 0.023285062655964327 0.0034252867937802712 0.004045960006780279
leaf_weight=5.0999771952629116 5.0860051512718183 8.7316502630710549 7.3900291621685037 5.13880807161331 6.6985719949007025 4.9270675480365744 4.9569879025220853 5.1476069241762152 7.2256533354520798 6.6907595843076706 8.5012704730033839 5.2073501497507202
leaf_count=22 21 42 30 21 28 22 22 22 31 27 35 22
internal_value=-3.49544e-05 -0.00261003 0.00678715 -0.00691901 -0.011258 -0.0029752 0.00333402 -0.022313 0.00502914 0.0131957 0.0149096 -0.0064584
internal_weight=80.8017 69.025 20.9913 48.0337 35.6692 21.79 16.8629 13.8793 12.3645 11.7768 15.8913 10.1643
internal_count=345 297 87 210 158 94 72 64 52 48 65 44
is_linear=0
shrinkage=0.03


Tree=31
num_leaves=13
num_cat=0
split_feature=15 30 12 36 26 22 12 41 36 26 37 41
split_gain=2.9499 3.09768 4.62812 2.87303 3.21397 2.31836 2.30468 2.31042 2.04236 1.90879 1.74036 0.394565
threshold=0.93949928263029003 -0.51488250343664288 -0.62349797112857674 -0.67394399841050812 -0.94660578912986504 1.0000000180025095e-35 -0.45594930598305461 496.50000000000006 0.22422133428294386 0.71702006356476167 -0.49654650961248353 366.00000000000006
decision_type=2 2 2 2 2 2 2 2 2 2 2 2
left_child=1 2 -1 11 -5 -2 8 -8 -6 -9 -4 -3
right_child=5 3 10 4 6 -7 7 9 -10 -11 -12 -13
leaf_value=-0.014934581626574185 -0.0015340176758510779 -0.0060950169438550444 0.024043558031110825 0.018055941677667369 -0.0067639573325258299 0.022835502365119144 -0.026826018935195529 -0.012421253334080024 0.014957728134612455 0.0083033857313282566 0.003336926577605846 -0.022632137660408273
leaf_weight=5.0831807702779797 5.0930808931589109 4.5398456603288633 7.3830781131982812 4.5139437466859773 6.4854263216257078 6.6827163845300674 5.1876665055751898 8.1061411052942258 5.9163349270820618 5.1907826066017142 8.5042600184678996 7.9510093182325363
leaf_count=22 21 20 30 19 28 27 23 36 25 22 35 37
internal_value=-3.6299e-05 -0.00255429 0.00661521 -0.00676986 -0.00194204 0.0128612 -0.00575085 -0.0121678 0.00366273 -0.0039038 0.0145488 -0.0183484
internal_weight=80.6375 68.8617 20.9705 47.8912 35.4003 11.7758 30.8864 18.4846 12.4018 13.2969 15.8873 12.4909
internal_count=345 297 87 210 153 48 134 81 53 58 65 57
is_linear=0
shrinkage=0.03


end of trees

feature_importances:
Column_37=33
Column_15=31
Column_34=29
Column_36=22
Column_29=20
Column_27=18
Column_12=17
Column_41=17
Column_35=15
Column_20=14
Column_32=14
Column_26=13
Column_28=13
Column_30=13
Column_40=13
Column_16=12
Column_4=11
Column_33=10
Column_19=9
Column_24=9
Column_0=7
Column_5=7
Column_21=7
Column_22=7
Column_2=5
Column_31=5
Column_10=4
Column_1=3
Column_23=3
Column_25=3
Column_3=2
Column_6=2
Column_7=1
Column_8=1
Column_9=1
Column_11=1
Column_13=1
Column_14=1
Column_18=1
Column_38=1

parameters:
[boosting: gbdt]
[objective: binary]
[metric: binary_logloss]
[tree_learner: serial]
[device_type: cpu]
[data_sample_strategy: bagging]
[data: ]
[valid: ]
[num_iterations: 350]
[learning_rate: 0.03]
[num_leaves: 96]
[num_threads: 2]
[seed: 42]
[deterministic: 0]
[force_col_wise: 1]
[force_row_wise: 0]
[histogram_pool_size: -1]
[max_depth: 10]
[min_data_in_leaf: 20]
[min_sum_hessian_in_leaf: 0.001]
[bagging_fraction: 0.85]
[pos_bagging_fraction: 1]
[neg_bagging_fraction: 1]
[bagging_freq: 0]
[bagging_seed: 400]
[bagging_by_query: 0]
[feature_fraction: 0.8]
[feature_fraction_bynode: 1]
[feature_fraction_seed: 30056]
[extra_trees: 0]
[extra_seed: 12879]
[early_stopping_round: 0]
[early_stopping_min_delta: 0]
[first_metric_only: 0]
[max_delta_step: 0]
[lambda_l1: 0.2]
[lambda_l2: 1.5]
[linear_lambda: 0]
[min_gain_to_split: 0]
[drop_rate: 0.1]
[max_drop: 50]
[skip_drop: 0.5]
[xgboost_dart_mode: 0]
[uniform_drop: 0]
[drop_seed: 17869]
[top_rate: 0.2]
[other_rate: 0.1]
[min_data_per_group: 100]
[max_cat_threshold: 32]
[cat_l2: 10]
[cat_smooth: 10]
[max_cat_to_onehot: 4]
[top_k: 20]
[monotone_constraints: ]
[monotone_constraints_method: basic]
[monotone_penalty: 0]
[feature_contri: ]
[forcedsplits_filename: ]
[refit_decay_rate: 0.9]
[cegb_tradeoff: 1]
[cegb_penalty_split: 0]
[cegb_penalty_feature_lazy: ]
[cegb_penalty_feature_coupled: ]
[path_smooth: 0]
[interaction_constraints: ]
[verbosity: -1]
[saved_feature_importance_type: 0]
[use_quantized_grad: 0]
[num_grad_quant_bins: 4]
[quant_train_renew_leaf: 0]
[stochastic_rounding: 1]
[linear_tree: 0]
[max_bin: 255]
[max_bin_by_feature: ]
[min_data_in_bin: 3]
[bin_construct_sample_cnt: 200000]
[data_random_seed: 175]
[is_enable_sparse: 1]
[enable_bundle: 1]
[use_missing: 1]
[zero_as_missing: 0]
[feature_pre_filter: 1]
[pre_partition: 0]
[two_round: 0]
[header: 0]
[label_column: ]
[weight_column: ]
[group_column: ]
[ignore_column: ]
[categorical_feature: ]
[forcedbins_filename: ]
[precise_float_parser: 0]
[parser_config_file: ]
[objective_seed: 16083]
[num_class: 1]
[is_unbalance: 0]
[scale_pos_weight: 1]
[sigmoid: 1]
[boost_from_average: 1]
[reg_sqrt: 0]
[alpha: 0.9]
[fair_c: 1]
[poisson_max_delta_step: 0.7]
[tweedie_variance_power: 1.5]
[lambdarank_truncation_level: 30]
[lambdarank_norm: 1]
[label_gain: ]
[lambdarank_position_bias_regularization: 0]
[eval_at: ]
[multi_error_top_k: 1]
[auc_mu_weights: ]
[num_machines: 1]
[local_listen_port: 12400]
[time_out: 120]
[machine_list_filename: ]
[machines: ]
[gpu_platform_id: -1]
[gpu_device_id: -1]
[gpu_device_id_list: ]
[gpu_use_dp: 0]
[num_gpu: 1]

end of parameters

pandas_categorical:null
