tree
version=v4
num_class=1
num_tree_per_iteration=1
label_index=0
max_feature_idx=23
objective=binary sigmoid:1
feature_names=Column_0 Column_1 Column_2 Column_3 Column_4 Column_5 Column_6 Column_7 Column_8 Column_9 Column_10 Column_11 Column_12 Column_13 Column_14 Column_15 Column_16 Column_17 Column_18 Column_19 Column_20 Column_21 Column_22 Column_23
feature_infos=[-1.7335956386696838:1.3605970660464499] [-1.2102600904533645:1.8897043517605168] [-2.6632632701267802:1.2511975094555339] [-1.1639753904947556:0.85912469298422445] [-2.4572686518640263:2.2684554733453854] [-2.56440360749012:2.3760352756445728] [-4.6824986587443194:2.6697185606886711] [-2.8181995455025017:2.4063619643375112] [-2.9028722718396009:2.0655291421101531] [-3.0452735038416341:2.9343308626020486] [-5.6741339410436611:2.0483856254742165] [-2.7643960189888386:2.7672349570305199] [-3.3844419102725043:1.9860165284064208] [-2.1324465495365428:3.4929914512976632] [-6.3063713132845791:1.8393886671313433] [-2.4598714488479665:2.3486218809588024] [-3.1548411370901199:3.0210586190151618] [-2.6522239773278478:2.3409439886303058] [-2.4537149596827286:2.1301576215409734] [-0.59284131642240345:3.9074099243577125] [-0.60641469228422218:4.0574946179965385] [-6.3452327013346981:8.2438062655135855] [-1.3897656205649198:6.5538827853747108] [-1.1728832116647172:8.4102384927827298]
tree_sizes=866 974 872 977 857 856 862 971 973 776 974 776 776 857 885 859 888 887 886 856 887 789 988 876 857 875 874 990 779 874 886 779 882 992 886 883 889 883 889 967 891 885 883 965 788 983 996 777 974 999 886 971 973 972 994 988 965 984 874 961 982 871 961 985 978 872 983 986 878 873 984 988

Tree=0
num_leaves=7
num_cat=0
split_feature=4 17 8 21 8 12
split_gain=6.17549 5.29961 3.84678 3.12982 1.55588 0.687053
threshold=1.0000000180025095e-35 0.70012589482199172 -1.0874948321271904 -0.082956541036614678 -0.32312538382722866 0.15019655191923714
decision_type=2 2 2 2 2 2
left_child=2 3 -1 -2 -4 -5
right_child=1 -3 4 5 -6 -7
leaf_value=-0.2860678172500889 -0.27278810215033128 -0.25830381882165571 -0.24100880648054709 -0.28385625309268658 -0.26907705766506401 -0.31068694951441095
leaf_weight=3.9249389171600333 4.1702475994825354 3.9249389171600333 6.1327170580625525 3.6796302348375347 5.8874083757400504 8.0951865166425687
leaf_count=16 17 16 25 15 24 33
internal_value=-0.275706 -0.288192 -0.260489 -0.296961 -0.251475 -0.305084
internal_weight=35.8151 19.87 15.9451 15.9451 12.0201 11.7748
internal_count=146 81 65 65 49 48
is_linear=0
shrinkage=1


Tree=1
num_leaves=8
num_cat=0
split_feature=4 17 8 21 20 20 7
split_gain=5.83025 5.04468 3.65022 2.98511 1.50719 3.57293 0.733261
threshold=1.0000000180025095e-35 0.70012589482199172 -1.0874948321271904 -0.082956541036614678 0.05430579333888555 -0.25662149401316509 -0.48089571215302207
decision_type=2 2 2 2 2 2 2
left_child=2 3 -1 -2 5 -4 -5
right_child=1 -3 4 6 -6 -7 -8
leaf_value=-0.010131557094489711 0.0028479807723615358 0.016972121123582859 0.027139366269090127 -0.0075797965063135716 0.038835740027001076 -0.010861847631954854 -0.034336131548520867
leaf_weight=3.9192686080932608 4.1719060838222495 3.9340140819549552 4.4282764196395856 3.6657832562923423 3.6881871968507758 3.9363429993391037 8.0637550354003924
leaf_count=16 17 16 18 15 15 16 33
internal_value=0 -0.0121342 0.014782 -0.02072 0.0235458 0.0101045 -0.0286787
internal_weight=35.8075 19.8355 15.9721 15.9014 12.0528 8.36462 11.7295
internal_count=146 81 65 65 49 34 48
is_linear=0
shrinkage=0.035


Tree=2
num_leaves=7
num_cat=0
split_feature=4 17 8 21 8 7
split_gain=5.52581 4.80266 3.47758 2.84806 1.51839 0.688017
threshold=1.0000000180025095e-35 0.70012589482199172 -1.0874948321271904 -0.082956541036614678 -0.32312538382722866 -0.48089571215302207
decision_type=2 2 2 2 2 2
left_child=2 3 -1 -2 -4 -5
right_child=1 -3 4 5 -6 -7
leaf_value=-0.00990653745461011 0.002779867909547486 0.016554713619199569 0.033190323021902106 -0.0074137568035155541 0.0059044944262424959 -0.033521539772558097
leaf_weight=3.9135329723358145 4.1735088378190985 3.9423196315765372 6.1710946410894385 3.6615741252899161 5.9076168686151496 8.0199910998344439
leaf_count=16 17 16 25 15 24 33
internal_value=0 -0.0117938 0.0144123 -0.0202014 0.0229525 -0.0280018
internal_weight=35.7896 19.7974 15.9922 15.8551 12.0787 11.6816
internal_count=146 81 65 65 49 48
is_linear=0
shrinkage=0.035


Tree=3
num_leaves=8
num_cat=0
split_feature=4 17 20 21 13 12 9
split_gain=5.21867 4.57317 3.47785 2.71855 2.17659 0.730487 0.0773006
threshold=1.0000000180025095e-35 0.70012589482199172 0.05430579333888555 -0.082956541036614678 0.35416010300611367 0.15019655191923714 -0.46785782865039166
decision_type=2 2 2 2 2 2 2
left_child=2 3 4 -2 -1 -5 -7
right_child=1 -3 -4 5 -6 6 -8
leaf_value=0.014268193015055965 0.0027133992305034952 0.016149342764853535 0.035325489085786491 -0.0068730062497788609 -0.01168980647708609 -0.012652625927725421 -0.039717457817872455
leaf_weight=6.4018706381320971 4.1750576347112665 3.9498977661132804 4.1997372955083838 3.6467528343200684 5.4103794097900391 3.6344325095415115 4.349263072013855
leaf_count=26 17 16 17 15 22 15 18
internal_value=0 -0.0114654 0.0140052 -0.0197002 0.00202745 -0.0273489 -0.0329254
internal_weight=35.7674 19.7554 16.012 15.8055 11.8123 11.6304 7.9837
internal_count=146 81 65 65 48 48 33
is_linear=0
shrinkage=0.035


Tree=4
num_leaves=7
num_cat=0
split_feature=7 4 15 14 21 12
split_gain=5.16335 5.48458 3.84991 3.68923 2.84071 1.3563
threshold=0.89398889569961304 1.0000000180025095e-35 -0.41441236316862562 -0.36519774958672735 -0.082956541036614678 -0.49827717111852426
decision_type=2 2 2 2 2 2
left_child=1 2 -1 -3 -5 -4
right_child=-2 3 5 4 -6 -7
leaf_value=0.029559663047676231 0.026930053173971003 0.0087986855630829836 -0.016219179296275522 0 -0.034093391641644315 0.0071520870420816868
leaf_weight=4.9459372311830512 5.1796739250421515 3.6691476255655315 3.9212486594915381 3.9341140091419229 9.8989180475473368 4.1985074579715755
leaf_count=20 21 15 16 16 41 17
internal_value=0 -0.00585959 0.0101963 -0.0179312 -0.0255687 -0.00459058
internal_weight=35.7475 30.5679 13.0657 17.5022 13.833 8.11976
internal_count=146 125 53 72 57 33
is_linear=0
shrinkage=0.035


Tree=5
num_leaves=7
num_cat=0
split_feature=7 4 15 14 21 12
split_gain=4.88134 5.18848 3.65337 3.5131 2.70459 1.29627
threshold=0.89398889569961304 1.0000000180025095e-35 -0.41441236316862562 -0.36519774958672735 -0.082956541036614678 -0.49827717111852426
decision_type=2 2 2 2 2 2
left_child=1 2 -1 -3 -5 -4
right_child=-2 3 5 4 -6 -7
leaf_value=0.028764797346051856 0.026195590242123399 0.008592348937284432 -0.015867866412030727 0 -0.033283948012855155 0.0069788846065121516
leaf_weight=4.9597306102514258 5.1943343430757514 3.6736998409032848 3.9122223407030097 3.9341140091419229 9.8345427960157359 4.2016905546188381
leaf_count=20 21 15 16 16 41 17
internal_value=0 -0.00566315 0.00992871 -0.017439 -0.0249264 -0.00447734
internal_weight=35.7103 30.516 13.0736 17.4424 13.7687 8.11391
internal_count=146 125 53 72 57 33
is_linear=0
shrinkage=0.035


Tree=6
num_leaves=7
num_cat=0
split_feature=7 4 15 14 18 12
split_gain=4.61611 4.90932 3.46815 3.34643 2.62429 1.23901
threshold=0.89398889569961304 1.0000000180025095e-35 -0.41441236316862562 -0.36519774958672735 1.2593625418692296 -0.49827717111852426
decision_type=2 2 2 2 2 2
left_child=1 2 -1 -3 -5 -4
right_child=-2 3 5 4 -6 -7
leaf_value=0.028000657439302579 0.025488486004503624 0.0083911288817171258 -0.015525208707213344 -0.032837999233554759 0 0.0068100356201765948
leaf_weight=4.9711234569549552 5.2068451195955268 3.6780162155628231 3.9029263257980338 9.5836858004331571 4.1172791123390189 4.2046964615583446
leaf_count=20 21 15 16 40 17 17
internal_value=2.00465e-05 -0.0054744 0.00966964 -0.0169639 -0.0243066 -0.004367
internal_weight=35.6646 30.4577 13.0787 17.379 13.701 8.10762
internal_count=146 125 53 72 57 33
is_linear=0
shrinkage=0.035


Tree=7
num_leaves=8
num_cat=0
split_feature=7 4 15 14 21 12 9
split_gain=4.36711 4.64654 3.29348 3.18827 2.56536 1.18437 0.0242061
threshold=0.89398889569961304 1.0000000180025095e-35 -0.41441236316862562 -0.36519774958672735 -0.082956541036614678 -0.49827717111852426 -0.46785782865039166
decision_type=2 2 2 2 2 2 2
left_child=1 2 -1 -3 -5 -4 -6
right_child=-2 3 5 4 6 -7 -8
leaf_value=0.027265349503600881 0.024807143854477954 0.0081948748817482122 -0.015190909306333312 0 -0.012593935748219227 0.0066454191574943904 -0.037365705203019538
leaf_weight=4.9802727997303 5.2173458933830252 3.6821081936359432 3.8933899998664847 3.9255596995353708 3.8049604296684274 4.2075341194868114 5.9057815521955446
leaf_count=20 21 15 16 16 16 17 25
internal_value=5.95925e-05 -0.00529482 0.0094187 -0.0165047 -0.0237051 -0.00425944 -0.0319162
internal_weight=35.617 30.3996 13.0812 17.3184 13.6363 8.10092 9.71074
internal_count=146 125 53 72 57 33 41
is_linear=0
shrinkage=0.035


Tree=8
num_leaves=8
num_cat=0
split_feature=7 4 15 14 21 12 9
split_gain=4.14342 4.42085 3.12863 3.05241 2.46409 1.13223 0.0174208
threshold=0.89398889569961304 1.0000000180025095e-35 -0.41441236316862562 -0.36519774958672735 -0.082956541036614678 -0.49827717111852426 -0.46785782865039166
decision_type=2 2 2 2 2 2 2
left_child=1 2 -1 -3 -5 -4 -6
right_child=-2 3 5 4 6 -7 -8
leaf_value=0.026557140344942585 0.024150107626501726 0.0080034492945030931 -0.01486468635242949 0 -0.012328080311966503 0.0064849203620828792 -0.03663863150039557
leaf_weight=4.9873282313346854 5.2259689420461646 3.6859859675169018 3.883641153573989 3.9255596995353708 3.7942890375852594 4.2102119922637966 5.8527985811233476
leaf_count=20 21 15 16 16 16 17 25
internal_value=6.24977e-05 -0.00516114 0.00917552 -0.0161246 -0.0232006 -0.00415458 -0.0312866
internal_weight=35.5658 30.3398 13.0812 17.2586 13.5726 8.09385 9.64709
internal_count=146 125 53 72 57 33 41
is_linear=0
shrinkage=0.035


Tree=9
num_leaves=6
num_cat=0
split_feature=7 8 1 13 16
split_gain=3.93218 4.23512 2.64465 4.10196 3.73899
threshold=0.89398889569961304 -0.70531010797720961 0.4806296052996617 -0.28395396230590486 0.71651266848273487
decision_type=2 2 2 2 2
left_child=1 -1 3 4 -3
right_child=-2 2 -4 -5 -6
leaf_value=0.017193215491464513 0.023516024821049336 0.025054737748567774 -0.026984954448069708 -0.020227198092871893 -0.012527979375570455
leaf_weight=6.1141951233148601 5.2328403294086447 6.1171014308929497 7.191778600215911 7.2459689974784842 3.6062804013490677
leaf_count=25 21 25 30 30 15
internal_value=6.46117e-05 -0.00503215 -0.0117416 -0.00284056 0.0109087
internal_weight=35.5082 30.2753 24.1611 16.9694 9.72338
internal_count=146 125 100 70 40
is_linear=0
shrinkage=0.035


Tree=10
num_leaves=8
num_cat=0
split_feature=7 4 15 14 21 12 9
split_gain=3.73152 4.03161 2.95028 2.89667 2.39306 1.09813 0.0134739
threshold=0.89398889569961304 1.0000000180025095e-35 -0.41441236316862562 -0.36519774958672735 -0.082956541036614678 -0.49827717111852426 -0.46785782865039166
decision_type=2 2 2 2 2 2 2
left_child=1 2 -1 -3 -5 -4 -6
right_child=-2 3 5 4 6 -7 -8
leaf_value=0.02564053807186812 0.022903651604637167 0.0079818998471011086 -0.01470385061775434 0 -0.011929063884798186 0.0063226448143564656 -0.035634478965016578
leaf_weight=4.9930538088083258 5.2380792796611777 3.6866714060306576 3.8789438158273688 3.9174249619245538 3.7773986905813226 4.2115730196237591 5.7708238959312395
leaf_count=20 21 15 16 16 16 17 25
internal_value=6.76566e-05 -0.00490115 0.00876027 -0.0154226 -0.0223734 -0.00415435 -0.0304011
internal_weight=35.474 30.2359 13.0836 17.1523 13.4656 8.09052 9.54822
internal_count=146 125 53 72 57 33 41
is_linear=0
shrinkage=0.035


Tree=11
num_leaves=6
num_cat=0
split_feature=7 8 1 13 16
split_gain=3.54238 3.99044 2.47841 3.83594 3.48182
threshold=0.89398889569961304 -0.70531010797720961 0.4806296052996617 -0.28395396230590486 0.71651266848273487
decision_type=2 2 2 2 2
left_child=1 -1 3 4 -3
right_child=-2 2 -4 -5 -6
leaf_value=0.016759765245471552 0.022311840772384038 0.024191974183834227 -0.02614475153446413 -0.019580745023819828 -0.012093102847983249
leaf_weight=6.1196286082267788 5.2417991310358039 6.1281595230102592 7.1288254410028449 7.2026633173227301 3.5867523550987244
leaf_count=25 21 25 30 30 15
internal_value=7.00419e-05 -0.00477857 -0.0113275 -0.00270225 0.0105699
internal_weight=35.4078 30.166 24.0464 16.9176 9.71491
internal_count=146 125 100 70 40
is_linear=0
shrinkage=0.035


Tree=12
num_leaves=6
num_cat=0
split_feature=7 8 1 13 16
split_gain=3.36301 3.78625 2.35509 3.63048 3.30744
threshold=0.89398889569961304 -0.70531010797720961 0.4806296052996617 -0.28395396230590486 0.71651266848273487
decision_type=2 2 2 2 2
left_child=1 -1 3 4 -3
right_child=-2 2 -4 -5 -6
leaf_value=0.016292962420970721 0.021739530276394373 0.023512771985723026 -0.025538522618353977 -0.019098405478844012 -0.011839063858636839
leaf_weight=6.1317170113325146 5.2441071718931189 6.1420178115367943 7.0907677412033072 7.1770768016576758 3.5785470455884933
leaf_count=25 21 25 30 30 15
internal_value=7.19289e-05 -0.00465583 -0.0110544 -0.002639 0.0102509
internal_weight=35.3642 30.1201 23.9884 16.8976 9.72056
internal_count=146 125 100 70 40
is_linear=0
shrinkage=0.035


Tree=13
num_leaves=7
num_cat=0
split_feature=7 8 1 7 8 16
split_gain=3.19341 3.59322 2.2382 3.50054 3.03864 1.75389
threshold=0.89398889569961304 -0.70531010797720961 0.4806296052996617 0.27529082216592721 0.82342878862271462 0.25092288995861722
decision_type=2 2 2 2 2 2
left_child=1 -1 3 4 5 -3
right_child=-2 2 -4 -5 -6 -7
leaf_value=0.015841198239281356 0.021185736083463379 0 -0.024950665447471137 -0.025641004411102574 -0.014180928627017201 0.028130846685932333
leaf_weight=6.1426896005868938 5.245104804635047 4.4109196066856438 7.0516249090433112 3.8040176481008521 4.0144535899162284 4.6457161009311676
leaf_count=25 21 18 30 16 17 19
internal_value=7.31158e-05 -0.00453749 -0.0107902 -0.00257802 0.00629751 0.0167728
internal_weight=35.3145 30.0694 23.9267 16.8751 13.0711 9.05664
internal_count=146 125 100 70 54 37
is_linear=0
shrinkage=0.035


Tree=14
num_leaves=7
num_cat=0
split_feature=7 15 3 5 4 18
split_gain=3.05939 5.06868 2.95079 3.40072 1.66886 0.831172
threshold=1.0000000180025095e-35 -0.77689878341559737 1.0000000180025095e-35 0.56454101849518568 0.22064168575464035 -0.1207002933602669
decision_type=2 2 2 2 2 2
left_child=1 4 -2 -4 -1 -3
right_child=2 5 3 -5 -6 -7
leaf_value=0.021647855233588736 0.027489398189270545 -0.0072096662620507769 0.017436993877355349 -0.015165293884962832 -0.0052694719116036272 -0.032107406390426078
leaf_weight=4.1813899874687221 5.4108893275260934 4.8687015175819406 5.1090719997882843 6.7180281728506088 3.5797307789325714 5.3962865471839878
leaf_count=17 22 20 21 28 15 23
internal_value=6.40093e-05 -0.00937951 0.0101606 -0.00021701 0.0101588 -0.0238277
internal_weight=35.2641 18.0261 17.238 11.8271 7.76112 10.265
internal_count=146 75 71 49 32 43
is_linear=0
shrinkage=0.035


Tree=15
num_leaves=7
num_cat=0
split_feature=7 8 1 7 8 16
split_gain=3.00545 3.35027 2.10738 3.35931 2.84036 1.66969
threshold=0.89398889569961304 -0.70531010797720961 0.4806296052996617 0.27529082216592721 0.82342878862271462 0.25092288995861722
decision_type=2 2 2 2 2 2
left_child=1 -1 3 4 5 -3
right_child=-2 2 -4 -5 -6 -7
leaf_value=0.015234023474089106 0.020549039572169667 0 -0.024272336711435055 -0.025150764449394385 -0.013668622319627503 0.027357828637415111
leaf_weight=6.1520544737577465 5.2428746819496146 4.4092328697443062 6.9954030960798255 3.7813305705785742 3.9908192902803412 4.6553512513637543
leaf_count=25 21 18 30 16 17 19
internal_value=6.37918e-05 -0.00441497 -0.0104772 -0.00249823 0.00618359 0.0162891
internal_weight=35.2271 29.9842 23.8321 16.8367 13.0554 9.06458
internal_count=146 125 100 70 54 37
is_linear=0
shrinkage=0.035


Tree=16
num_leaves=7
num_cat=0
split_feature=7 15 3 5 4 18
split_gain=2.90543 4.79858 2.75452 3.22797 1.5679 0.768024
threshold=1.0000000180025095e-35 -0.77689878341559737 1.0000000180025095e-35 0.56454101849518568 0.22064168575464035 -0.1207002933602669
decision_type=2 2 2 2 2 2
left_child=1 4 -2 -4 -1 -3
right_child=2 5 3 -5 -6 -7
leaf_value=0.020970021586320001 0.026617791726575257 -0.0071157415083228882 0.017019636534219527 -0.014772418121004938 -0.0051118071469067536 -0.031329196115117232
leaf_weight=4.1814465373754528 5.4192078709602365 4.864513725042344 5.1093003898859024 6.6847851425409317 3.5702309757471085 5.3407429158687565
leaf_count=17 22 20 21 28 15 23
internal_value=5.40971e-05 -0.00916596 0.00989863 -0.000148438 0.00983432 -0.0232749
internal_weight=35.1702 17.9569 17.2133 11.7941 7.75168 10.2053
internal_count=146 75 71 49 32 43
is_linear=0
shrinkage=0.035


Tree=17
num_leaves=7
num_cat=0
split_feature=7 4 15 14 18 12
split_gain=2.83044 3.14455 2.55388 2.50718 2.28272 1.11113
threshold=0.89398889569961304 1.0000000180025095e-35 -0.41441236316862562 -0.36519774958672735 1.2593625418692296 -0.49827717111852426
decision_type=2 2 2 2 2 2
left_child=1 2 -1 -3 -5 -4
right_child=-2 3 5 4 -6 -7
leaf_value=0.023459009024084106 0.019940238795334356 0.0078255452234832542 -0.014826238999207892 -0.028567490287245166 0.00063425391610662707 0.0063459214453479096
leaf_weight=4.9851316213607779 5.2380597293376914 3.6851535141468075 3.8741007298231116 9.1057108938693982 4.0430011898279181 4.1953784525394466
leaf_count=20 21 15 16 40 17 17
internal_value=5.32612e-05 -0.0042994 0.00771118 -0.0137221 -0.0203436 -0.0042232
internal_weight=35.1265 29.8885 13.0546 16.8339 13.1487 8.06948
internal_count=146 125 53 72 57 33
is_linear=0
shrinkage=0.035


Tree=18
num_leaves=7
num_cat=0
split_feature=7 15 3 5 4 18
split_gain=2.72297 4.51149 2.56401 3.05281 1.42765 0.727692
threshold=1.0000000180025095e-35 -0.77689878341559737 1.0000000180025095e-35 0.56454101849518568 0.22064168575464035 -0.1207002933602669
decision_type=2 2 2 2 2 2
left_child=1 4 -2 -4 -1 -3
right_child=2 5 3 -5 -6 -7
leaf_value=0.020159280314156355 0.025732144442420876 -0.0068653899974668135 0.01657591340153881 -0.01437532279693606 -0.0047476240397449328 -0.030497979661484233
leaf_weight=4.1782932728529003 5.4252710789442071 4.8517971038818368 5.1069160997867584 6.6480065286159515 3.5551592707633972 5.276426583528516
leaf_count=17 22 20 21 28 15 23
internal_value=8.83718e-05 -0.00886282 0.00962211 -9.19132e-05 0.00954709 -0.022609
internal_weight=35.0419 17.8617 17.1802 11.7549 7.73345 10.1282
internal_count=146 75 71 49 32 43
is_linear=0
shrinkage=0.035


Tree=19
num_leaves=7
num_cat=0
split_feature=7 8 1 7 8 16
split_gain=2.65651 3.04257 1.93553 3.21694 2.5399 1.61102
threshold=0.89398889569961304 -0.70531010797720961 0.4806296052996617 0.27529082216592721 0.82342878862271462 0.25092288995861722
decision_type=2 2 2 2 2 2
left_child=1 -1 3 4 5 -3
right_child=-2 2 -4 -5 -6 -7
leaf_value=0.014555036311881681 0.019357926818145247 0 -0.023282722220918536 -0.024578826789348529 -0.012722276916852316 0.026576695381330583
leaf_weight=6.1467497348785427 5.2309255003929129 4.3990934938192421 6.8868283480405799 3.740505412220954 3.9388153105974189 4.6487720012664795
leaf_count=25 21 18 30 16 17 19
internal_value=8.58901e-05 -0.00414186 -0.00997012 -0.00230762 0.0061808 0.0156985
internal_weight=34.9917 29.7608 23.614 16.7272 12.9867 9.04787
internal_count=146 125 100 70 54 37
is_linear=0
shrinkage=0.035


Tree=20
num_leaves=7
num_cat=0
split_feature=7 15 3 5 4 18
split_gain=2.59089 4.27367 2.39597 2.89846 1.34254 0.673974
threshold=1.0000000180025095e-35 -0.77689878341559737 1.0000000180025095e-35 0.56454101849518568 0.22064168575464035 -0.1207002933602669
decision_type=2 2 2 2 2 2
left_child=1 4 -2 -4 -1 -3
right_child=2 5 3 -5 -6 -7
leaf_value=0.019535938131345337 0.024941860975214829 -0.0067782317061765478 0.016186489571650687 -0.014004834415505938 -0.0046109284675356849 -0.029792391603055853
leaf_weight=4.1738652437925365 5.4267223477363595 4.8472663313150415 5.104295015335083 6.6128583401441574 3.5454330593347549 5.2169495671987507
leaf_count=17 22 20 21 28 15 23
internal_value=7.38836e-05 -0.0086754 0.00938202 -2.75609e-05 0.00923859 -0.0221044
internal_weight=34.9274 17.7835 17.1439 11.7172 7.7193 10.0642
internal_count=146 75 71 49 32 43
is_linear=0
shrinkage=0.035


Tree=21
num_leaves=6
num_cat=0
split_feature=7 8 9 2 2
split_gain=2.50539 2.84243 1.83265 5.22175 1.07311
threshold=0.89398889569961304 -0.70531010797720961 -1.0000000180025095e-35 1.0000000180025095e-35 -1.0000000180025095e-35
decision_type=2 2 2 2 2
left_child=1 -1 3 -3 -4
right_child=-2 2 4 -5 -6
leaf_value=0.014011338116701688 0.018800011677109211 -0.019926491937565141 -0.0015344587278964446 0.018555395542130274 -0.026512146227697628
leaf_weight=6.1494923382997539 5.2217061519622794 6.5615288019180333 3.775199294090271 6.7077149152755737 6.4564160704612696
leaf_count=25 21 28 16 28 28
internal_value=7.0996e-05 -0.00404104 -0.00969911 -0.000247304 -0.0194831
internal_weight=34.8721 29.6504 23.5009 13.2692 10.2316
internal_count=146 125 100 56 44
is_linear=0
shrinkage=0.035


Tree=22
num_leaves=8
num_cat=0
split_feature=7 15 6 2 5 4 18
split_gain=2.41713 4.07088 2.26932 3.05104 2.60713 1.23653 0.61925
threshold=1.0000000180025095e-35 -0.77689878341559737 -0.5608011266379459 1.0000000180025095e-35 0.56454101849518568 0.22064168575464035 -0.1207002933602669
decision_type=2 2 2 2 2 2 2
left_child=1 5 -2 -4 -5 -1 -3
right_child=2 6 3 4 -6 -7 -8
leaf_value=0.018932474807662043 0.026506513339864386 -0.0066807754264245258 0.020106577677997704 0.0072837210183273222 -0.024891870195669435 -0.0042653351211587396 -0.029034074373399488
leaf_weight=4.1710265129804638 4.1911597400903728 4.8425514549016961 4.1880669593811009 4.1082539111375809 4.6277070045471191 3.5322157144546509 5.1559919267892811
leaf_count=17 17 20 17 17 20 15 23
internal_value=6.91692e-05 -0.00840001 0.00906566 0.000263712 -0.0107336 0.0090677 -0.0215635
internal_weight=34.817 17.7018 17.1152 12.924 8.73596 7.70324 9.99854
internal_count=146 75 71 54 37 32 43
is_linear=0
shrinkage=0.035


Tree=23
num_leaves=7
num_cat=0
split_feature=15 4 20 20 14 18
split_gain=2.35822 3.62898 1.91108 2.20551 1.44699 2.18015
threshold=1.2426684151032457 1.0000000180025095e-35 0.05430579333888555 -0.25662149401316509 1.0000000180025095e-35 1.2593625418692296
decision_type=2 2 2 2 2 2
left_child=1 2 3 -1 -3 -6
right_child=-2 4 -4 -5 5 -7
leaf_value=0.013509357986274338 0.020967276759891972 0.0015533118778896363 0.025289718344421154 -0.014254346821008021 -0.027515269036284803 0.0011298252209493418
leaf_weight=5.1719809621572486 3.7121214866638175 4.8180599212646511 3.7065714150667182 4.855027228593829 8.4793018549680692 4.0053156763315192
leaf_count=21 15 20 15 20 38 17
internal_value=7.60539e-05 -0.00338182 0.00912014 0 -0.0134937 -0.0190758
internal_weight=34.7484 31.0363 13.7336 10.027 17.3027 12.4846
internal_count=146 131 56 41 75 55
is_linear=0
shrinkage=0.035


Tree=24
num_leaves=7
num_cat=0
split_feature=7 8 1 7 8 16
split_gain=2.2765 2.5123 1.76621 3.01252 2.26595 1.55509
threshold=0.89398889569961304 -0.70531010797720961 0.4806296052996617 0.27529082216592721 0.82342878862271462 0.25092288995861722
decision_type=2 2 2 2 2 2
left_child=1 -1 3 4 5 -3
right_child=-2 2 -4 -5 -6 -7
leaf_value=0.013121732538292498 0.017990869491609395 0 -0.021990421203936728 -0.023603766250937804 -0.011709795401596135 0.025961927417825954
leaf_weight=6.1569752693176296 5.2058753818273535 4.3875484168529564 6.7452901899814597 3.6738226860761634 3.8745853751897803 4.6304785460233688
leaf_count=25 21 18 30 16 17 19
internal_value=0.000122112 -0.0038105 -0.00917342 -0.00186533 0.00631461 0.0152551
internal_weight=34.6746 29.4687 23.3117 16.5664 12.8926 9.01803
internal_count=146 125 100 70 54 37
is_linear=0
shrinkage=0.035


Tree=25
num_leaves=7
num_cat=0
split_feature=7 15 3 5 4 18
split_gain=2.26643 3.85183 2.09185 2.66094 1.13395 0.543489
threshold=1.0000000180025095e-35 -0.77689878341559737 1.0000000180025095e-35 0.56454101849518568 0.22064168575464035 -0.1207002933602669
decision_type=2 2 2 2 2 2
left_child=1 4 -2 -4 -1 -3
right_child=2 5 3 -5 -6 -7
leaf_value=0.018311056248783725 0.023359360564130537 -0.0066690495371691614 0.015517756628729666 -0.013500091459785984 -0.0039404694358523822 -0.028175865283258987
leaf_weight=4.1565676033496883 5.419390708208085 4.8380890488624582 5.0843394845724106 6.5251753181219101 3.511914074420929 5.0668466687202427
leaf_count=17 22 20 21 28 15 23
internal_value=0.000107924 -0.00812093 0.0088368 0 0.00887044 -0.020997
internal_weight=34.6023 17.5734 17.0289 11.6095 7.66848 9.90494
internal_count=146 75 71 49 32 43
is_linear=0
shrinkage=0.035


Tree=26
num_leaves=7
num_cat=0
split_feature=15 4 20 20 14 18
split_gain=2.16694 3.30697 1.79374 2.05812 1.31522 2.0817
threshold=1.2426684151032457 1.0000000180025095e-35 0.05430579333888555 -0.25662149401316509 1.0000000180025095e-35 1.2593625418692296
decision_type=2 2 2 2 2 2
left_child=1 2 3 -1 -3 -6
right_child=-2 4 -4 -5 5 -7
leaf_value=0.012940289917033542 0.020132957961858093 0.0013827643303687988 0.024385431892782531 -0.013909994775711171 -0.026644201173510934 0.0013294379075741536
leaf_weight=5.1640213876962653 3.7072158604860297 4.8124244809150722 3.6933841109275809 4.8302815705537823 8.3420561701059324 3.9889872819185248
leaf_count=21 15 20 15 20 38 17
internal_value=0.000102912 -0.00322538 0.00870307 0 -0.0129378 -0.018306
internal_weight=34.5384 30.8312 13.6877 9.9943 17.1435 12.331
internal_count=146 131 56 41 75 55
is_linear=0
shrinkage=0.035


Tree=27
num_leaves=8
num_cat=0
split_feature=7 16 16 6 2 5 19
split_gain=2.11948 3.76188 4.84465 1.98362 2.68509 2.36643 0.188456
threshold=1.0000000180025095e-35 0.71651266848273487 0.19958825954927242 -0.5608011266379459 1.0000000180025095e-35 0.56454101849518568 -0.18031828601755942
decision_type=2 2 2 2 2 2 2
left_child=1 2 6 -2 -5 -6 -1
right_child=3 -3 -4 4 5 -7 -8
leaf_value=-0.0033965454963936418 0.024880411694620751 -0.028337386611664642 0.024758471335915286 0.018873556683187624 0.0069855730351647992 -0.023769958216949796 -0.018561655714162469
leaf_weight=3.8426993042230615 4.1883778274059322 5.0706564933061591 5.0645110458135605 4.1816359460353825 4.0851689875125885 4.5312713533639908 3.4956862777471551
leaf_count=16 17 23 21 17 17 20 15
internal_value=0.000146399 -0.00783429 0.00295444 0.00859293 0.000265562 -0.0101248 -0.0136109
internal_weight=34.46 17.4736 12.4029 16.9865 12.7981 8.61644 7.33839
internal_count=146 75 52 71 54 37 31
is_linear=0
shrinkage=0.035


Tree=28
num_leaves=6
num_cat=0
split_feature=7 8 9 2 2
split_gain=2.06173 2.18988 1.66819 4.64358 0.922551
threshold=0.89398889569961304 -0.70531010797720961 -1.0000000180025095e-35 1.0000000180025095e-35 -1.0000000180025095e-35
decision_type=2 2 2 2 2
left_child=1 -1 3 -3 -4
right_child=-2 2 4 -5 -6
leaf_value=0.012159335430907447 0.017173168141829519 -0.018522708323104459 -0.0013093024571545833 0.017998648685202349 -0.024714918014776127
leaf_weight=6.1533241868019131 5.1786879003047934 6.4171254336833989 3.7235300987958908 6.6449607163667679 6.267776340246197
leaf_count=25 21 28 16 28 28
internal_value=0.000138193 -0.0036211 -0.00867713 0 -0.0181032
internal_weight=34.3854 29.2067 23.0534 13.0621 9.99131
internal_count=146 125 100 56 44
is_linear=0
shrinkage=0.035


Tree=29
num_leaves=7
num_cat=0
split_feature=15 4 20 20 21 14
split_gain=1.995 2.9623 1.66544 1.89222 1.26359 1.87411
threshold=1.2426684151032457 1.0000000180025095e-35 0.05430579333888555 -0.25662149401316509 -0.082956541036614678 -1.0000000180025095e-35
decision_type=2 2 2 2 2 2
left_child=1 2 3 -1 -3 -6
right_child=-2 4 -4 -5 5 -7
leaf_value=0.012264433345989043 0.0193602413654256 0.0023813850663625645 0.023338874574571945 -0.01349923828329864 0.00064722556203888068 -0.025390713819708047
leaf_weight=5.1581625193357459 3.6996722221374503 4.282756686210635 3.6791649907827368 4.8115319758653667 4.3132760375738171 8.3757193982601112
leaf_count=21 15 18 15 20 18 39
internal_value=0.00013308 -0.00307362 0.00820415 0 -0.0123288 -0.0172994
internal_weight=34.3203 30.6206 13.6489 9.96969 16.9718 12.689
internal_count=146 131 56 41 75 57
is_linear=0
shrinkage=0.035


Tree=30
num_leaves=7
num_cat=0
split_feature=7 15 3 5 4 17
split_gain=1.93485 3.62197 1.84272 2.44421 0.971119 0.464919
threshold=1.0000000180025095e-35 -0.77689878341559737 1.0000000180025095e-35 0.56454101849518568 0.22064168575464035 0.16648224004018408
decision_type=2 2 2 2 2 2
left_child=1 4 -2 -4 -1 -3
right_child=2 5 3 -5 -6 -7
leaf_value=0.017672761047115248 0.021890091002292038 -0.027162154615042493 0.014810166824675723 -0.013090044224306718 -0.0030714170984528985 -0.0067010909807971785
leaf_weight=4.124056056141856 5.4033686816692361 4.7771595865488035 5.0592562854290009 6.4377577006816864 3.4659291803836823 4.9658868908882141
leaf_count=17 22 22 21 28 15 21
internal_value=0.000174924 -0.0074779 0.00826219 -4.82965e-05 0.00898759 -0.020098
internal_weight=34.2334 17.333 16.9004 11.497 7.58999 9.74305
internal_count=146 75 71 49 32 43
is_linear=0
shrinkage=0.035


Tree=31
num_leaves=6
num_cat=0
split_feature=7 8 9 2 2
split_gain=1.88389 1.9766 1.61566 4.29999 0.851205
threshold=0.89398889569961304 -0.70531010797720961 -1.0000000180025095e-35 1.0000000180025095e-35 -1.0000000180025095e-35
decision_type=2 2 2 2 2
left_child=1 -1 3 -3 -4
right_child=-2 2 4 -5 -6
leaf_value=0.011534581071306605 0.016474511359302082 -0.017710713544948669 -0.0013202495225927758 0.017529341134217495 -0.023995908663709271
leaf_weight=6.1468133479356792 5.1561425328254691 6.3420605063438451 3.7050311118364334 6.6268428415060043 6.1901719719171489
leaf_count=25 21 28 16 28 28
internal_value=0.000166737 -0.00343794 -0.00827835 0 -0.0175964
internal_weight=34.1671 29.0109 22.8641 12.9689 9.8952
internal_count=146 125 100 56 44
is_linear=0
shrinkage=0.035


Tree=32
num_leaves=7
num_cat=0
split_feature=15 4 20 20 21 14
split_gain=1.83153 2.72193 1.55056 1.76831 1.19615 1.74523
threshold=1.2426684151032457 1.0000000180025095e-35 0.05430579333888555 -0.25662149401316509 -0.082956541036614678 -1.0000000180025095e-35
decision_type=2 2 2 2 2 2
left_child=1 2 3 -1 -3 -6
right_child=-2 4 -4 -5 5 -7
leaf_value=0.011825563012117155 0.018595236807967541 0.0024166501607290479 0.022510339575502802 -0.013111764256957458 0.00056433061006490239 -0.024614434656962628
leaf_weight=5.1456127017736426 3.6897716522216788 4.2666182816028622 3.661310374736785 4.7875767797231701 4.3029729723930386 8.2444935441017098
leaf_count=21 15 18 15 20 18 39
internal_value=0.000160207 -0.00292421 0.00788366 0 -0.0118508 -0.0167284
internal_weight=34.0984 30.4086 13.5945 9.93319 16.8141 12.5475
internal_count=146 131 56 41 75 57
is_linear=0
shrinkage=0.035


Tree=33
num_leaves=8
num_cat=0
split_feature=7 15 6 2 5 4 17
split_gain=1.75889 3.46381 1.75021 2.34765 2.14783 0.867054 0.430908
threshold=1.0000000180025095e-35 -0.77689878341559737 -0.5608011266379459 1.0000000180025095e-35 0.56454101849518568 0.22064168575464035 0.16648224004018408
decision_type=2 2 2 2 2 2 2
left_child=1 5 -2 -4 -5 -1 -3
right_child=2 6 3 4 -6 -7 -8
leaf_value=0.017148375472487608 0.023214038498291206 -0.026440117371319478 0.017499017336662856 0.0065716414617684659 -0.022858260126340457 -0.0025389430753560796 -0.006519942756523579
leaf_weight=4.1056269854307201 4.1720949411392239 4.6963036805391294 4.1587824970483753 4.0590072721242905 4.4294726401567459 3.4395366311073303 4.9479759484529495
leaf_count=17 17 22 17 17 20 15 21
internal_value=0.00019974 -0.00712426 0.00792551 4.25818e-05 -0.00971532 0.00897218 -0.0195462
internal_weight=34.0088 17.1894 16.8194 12.6473 8.48848 7.54516 9.64428
internal_count=146 75 71 54 37 32 43
is_linear=0
shrinkage=0.035


Tree=34
num_leaves=7
num_cat=0
split_feature=15 4 15 21 14 7
split_gain=1.73086 2.51488 1.50836 1.11988 1.64066 1.05501
threshold=1.2426684151032457 1.0000000180025095e-35 -0.19987958383878515 -0.082956541036614678 -1.0000000180025095e-35 0.52735300027224363
decision_type=2 2 2 2 2 2
left_child=1 2 -1 -3 -5 -4
right_child=-2 3 5 4 -6 -7
leaf_value=0.018498641897038037 0.018126208486371646 0.0023375612607798493 -0.013344497202882413 0.0005337100295832 -0.023902688286130184 0.007593536935760716
leaf_weight=5.8579013645648956 3.6828302890062323 4.2606428116560009 3.5572708547115344 4.2977593988180187 8.1314943879842705 4.139418438076973
leaf_count=24 15 18 15 18 39 17
internal_value=0.000199165 -0.00280987 0.0075747 -0.0114326 -0.0161865 -0.00229863
internal_weight=33.9273 30.2445 13.5546 16.6899 12.4293 7.69669
internal_count=146 131 56 75 57 32
is_linear=0
shrinkage=0.035


Tree=35
num_leaves=7
num_cat=0
split_feature=7 5 7 6 16 15
split_gain=1.67179 1.78747 1.80448 2.1463 1.48356 2.40317
threshold=0.89398889569961304 -1.0822719425497118 1.0000000180025095e-35 -1.0000000180025095e-35 0.71651266848273487 -0.19987958383878515
decision_type=2 2 2 2 2 2
left_child=1 -1 4 -4 5 -3
right_child=-2 2 3 -5 -6 -7
leaf_value=0.012532370430136639 0.015616309165936293 0.011317472057633046 0.013520945090201445 -0.012564857076325413 -0.031158375986947276 -0.018962877131266556
leaf_weight=4.9607540965080288 5.1219242364168158 4.0566782653331765 6.8232981115579605 4.8125498294830305 3.2479405254125586 4.8159243315458307
leaf_count=21 21 17 28 22 16 21
internal_value=0.00022135 -0.00319155 -0.007397 0.00208646 -0.015879 -0.00510027
internal_weight=33.8391 28.7171 23.7564 11.6358 12.1205 8.8726
internal_count=146 125 104 50 54 38
is_linear=0
shrinkage=0.035


Tree=36
num_leaves=7
num_cat=0
split_feature=15 4 20 13 21 14
split_gain=1.61942 2.30273 1.4547 1.63983 1.05387 1.5621
threshold=1.2426684151032457 1.0000000180025095e-35 0.05430579333888555 0.35416010300611367 -0.082956541036614678 -1.0000000180025095e-35
decision_type=2 2 2 2 2 2
left_child=1 2 3 -1 -3 -6
right_child=-2 4 -4 -5 5 -7
leaf_value=0.0092030537638981783 0.017550639600099432 0.0023005625843126056 0.021432957954828621 -0.015300263434712155 0.00058874021706426221 -0.023259671041131674
leaf_weight=6.3133847713470477 3.672565519809722 4.2551659345626858 3.6322456151247016 3.5778093636035919 4.2905308008193996 8.0211885869502968
leaf_count=26 15 18 15 15 18 39
internal_value=0.000194161 -0.00272242 0.00720731 -0.000301351 -0.011014 -0.015661
internal_weight=33.7629 30.0903 13.5234 9.89119 16.5669 12.3117
internal_count=146 131 56 41 75 57
is_linear=0
shrinkage=0.035


Tree=37
num_leaves=7
num_cat=0
split_feature=7 5 7 5 16 16
split_gain=1.57116 1.70893 1.72363 1.99818 1.40508 2.34993
threshold=0.89398889569961304 -1.0822719425497118 1.0000000180025095e-35 0.56454101849518568 0.71651266848273487 0.049901489547381807
decision_type=2 2 2 2 2 2
left_child=1 -1 4 -4 5 -3
right_child=-2 2 3 -5 -6 -7
leaf_value=0.012274320124157924 0.015163289025247609 -0.017712225629430835 0.01507344471630942 -0.0099354908180436657 -0.030557466400677476 0.01248922466671252
leaf_weight=4.952851831912997 5.1057754307985297 5.2882349044084567 5.5128252357244474 6.0778983384370804 3.1841043084859839 3.5525900423526764
leaf_count=21 21 23 23 27 16 15
internal_value=0.000221962 -0.00309399 -0.00722879 0.00204082 -0.0155549 -0.00502668
internal_weight=33.6743 28.5685 23.6157 11.5907 12.0249 8.84082
internal_count=146 125 104 50 54 38
is_linear=0
shrinkage=0.035


Tree=38
num_leaves=7
num_cat=0
split_feature=15 4 20 20 21 14
split_gain=1.52333 2.1509 1.39799 1.63604 0.984594 1.48934
threshold=1.2426684151032457 1.0000000180025095e-35 0.05430579333888555 -0.25662149401316509 -0.082956541036614678 -1.0000000180025095e-35
decision_type=2 2 2 2 2 2
left_child=1 2 3 -1 -3 -6
right_child=-2 4 -4 -5 5 -7
leaf_value=0.01098144208011765 0.017053516191214323 0.0021674502506923324 0.020933656224326753 -0.013035701662407201 0.00061366921073576115 -0.022684115129470873
leaf_weight=5.1238055527210227 3.6633326411247245 4.2521971613168743 3.6180990636348715 4.7484963685274151 4.2839293777942675 7.9173524677753413
leaf_count=21 15 18 15 20 18 39
internal_value=0.000207446 -0.00262783 0.00696339 -0.000378337 -0.0106787 -0.0152
internal_weight=33.6072 29.9439 13.4904 9.8723 16.4535 12.2013
internal_count=146 131 56 41 75 57
is_linear=0
shrinkage=0.035


Tree=39
num_leaves=8
num_cat=0
split_feature=15 8 1 9 21 0 14
split_gain=1.45007 2.051 1.97032 1.96954 1.73194 1.21696 0.305506
threshold=1.2426684151032457 -0.13203302175223819 0.4806296052996617 0.1163563910596235 -0.082956541036614678 1.0000000180025095e-35 0.59612421640897983
decision_type=2 2 2 2 2 2 2
left_child=1 3 4 5 -3 -1 -6
right_child=-2 2 -4 -5 6 -7 -8
leaf_value=0 0.016682486414678184 0.014004908981809039 -0.026479291753854994 -0.007079758040288482 -0.00043289907724631995 0.024181754282855236 -0.015716685968060574
leaf_weight=3.4600391238927859 3.6583090722560874 3.5778813660144788 4.3886958211660376 6.2192208170890799 3.4186542481184006 5.0551963597536087 3.7368930280208588
leaf_count=15 15 15 21 26 15 21 18
internal_value=0.000241961 -0.00252857 -0.0110273 0.00615554 -0.00113033 0.0158294 -0.0106778
internal_weight=33.5149 29.8566 15.1221 14.7345 10.7334 8.51524 7.15555
internal_count=146 131 69 62 48 36 33
is_linear=0
shrinkage=0.035


Tree=40
num_leaves=7
num_cat=0
split_feature=7 15 3 5 18 17
split_gain=1.45667 3.08593 1.56423 2.12993 0.712295 0.416268
threshold=1.0000000180025095e-35 -0.77689878341559737 1.0000000180025095e-35 0.56454101849518568 0.89748221899690062 0.16648224004018408
decision_type=2 2 2 2 2 2
left_child=1 4 -2 -4 -1 -3
right_child=2 5 3 -5 -6 -7
leaf_value=0.016998493678696738 0.019883475777202075 -0.025198332782058731 0.013524918895015448 -0.012687821921823047 -0.00095894467608909008 -0.0058897178324094114
leaf_weight=3.4773531556129482 5.3474865853786477 4.5059868246316892 4.996243953704834 6.2700062096118927 3.9530937820672989 4.8978242129087448
leaf_count=15 22 22 21 28 17 21
internal_value=0.000229086 -0.00649976 0.00729509 -0.000381022 0.00871094 -0.0183988
internal_weight=33.448 16.8343 16.6137 11.2663 7.43045 9.40381
internal_count=146 75 71 49 32 43
is_linear=0
shrinkage=0.035


Tree=41
num_leaves=7
num_cat=0
split_feature=7 5 7 6 16 16
split_gain=1.43798 1.59571 1.54674 1.85493 1.3407 2.23453
threshold=0.89398889569961304 -1.0822719425497118 1.0000000180025095e-35 -1.0000000180025095e-35 0.71651266848273487 0.049901489547381807
decision_type=2 2 2 2 2 2
left_child=1 -1 4 -4 5 -3
right_child=-2 2 3 -5 -6 -7
leaf_value=0.011899924705070104 0.014549181337290731 -0.017150633373183278 0.012457376566682912 -0.01189157680073796 -0.029736044805066548 0.012347338919852948
leaf_weight=4.9238662719726589 5.0728488117456427 5.2419239431619662 6.7953394204378128 4.7262340635061246 3.0851725935935965 3.5383223742246628
leaf_count=21 21 23 28 22 16 15
internal_value=0.000221741 -0.0029629 -0.00698986 0.00179944 -0.0149316 -0.00469099
internal_weight=33.3837 28.3109 23.387 11.5216 11.8654 8.78025
internal_count=146 125 104 50 54 38
is_linear=0
shrinkage=0.035


Tree=42
num_leaves=7
num_cat=0
split_feature=7 5 7 5 16 15
split_gain=1.37144 1.52356 1.47821 1.83459 1.30844 2.16007
threshold=0.89398889569961304 -1.0822719425497118 1.0000000180025095e-35 0.56454101849518568 0.71651266848273487 -0.19987958383878515
decision_type=2 2 2 2 2 2
left_child=1 -1 4 -4 5 -3
right_child=-2 2 3 -5 -6 -7
leaf_value=0.011595205074251328 0.014204262845087383 0.010950157294970959 0.014256805854640243 -0.0097681893837470394 -0.029332117448825967 -0.017851047790194426
leaf_weight=4.9288694262504604 5.0629121065139762 4.0280392467975625 5.4940724670886976 6.0116921216249466 3.0464176833629599 4.7344727367162713
leaf_count=21 21 17 23 27 16 21
internal_value=0.0001987 -0.00291163 -0.00685964 0.00172754 -0.014645 -0.00454907
internal_weight=33.3065 28.2436 23.3147 11.5058 11.8089 8.76251
internal_count=146 125 104 50 54 38
is_linear=0
shrinkage=0.035


Tree=43
num_leaves=8
num_cat=0
split_feature=15 8 9 1 21 0 14
split_gain=1.3319 1.91138 1.88961 1.85118 1.622 1.06923 0.274855
threshold=1.2426684151032457 -0.13203302175223819 0.1163563910596235 0.4806296052996617 -0.082956541036614678 1.0000000180025095e-35 0.59612421640897983
decision_type=2 2 2 2 2 2 2
left_child=1 2 5 4 -3 -1 -6
right_child=-2 3 -4 -5 6 -7 -8
leaf_value=0 0.015972808552702965 0.013535827231456085 -0.0070427854391251115 -0.025837012665924759 -0.00051374029951170217 0.023274023664844153 -0.015236855272372965
leaf_weight=3.4328982979059237 3.6361149102449408 3.5635031014680845 6.1896752864122382 4.3018262684345236 3.4161400645971298 5.0151955336332321 3.678670197725296
leaf_count=15 15 15 26 21 15 21 18
internal_value=0.000179514 -0.00248275 0.00591256 -0.0107352 -0.00110607 0.0154382 -0.0103969
internal_weight=33.234 29.5979 14.6378 14.9601 10.6583 8.44809 7.09481
internal_count=146 131 62 69 48 36 33
is_linear=0
shrinkage=0.035


Tree=44
num_leaves=6
num_cat=0
split_feature=7 8 9 2 2
split_gain=1.30509 1.43575 1.43658 3.75763 0.778615
threshold=0.89398889569961304 -0.70531010797720961 1.0000000180025095e-35 1.0000000180025095e-35 -1.0000000180025095e-35
decision_type=2 2 2 2 2
left_child=1 -1 3 -3 -4
right_child=-2 2 4 -5 -6
leaf_value=0.009874907364711109 0.013849596745938263 -0.016219519456626291 -0.00062900742792913777 0.017120221264556285 -0.022284164714604746
leaf_weight=6.0656998604536083 5.0474872440099707 6.0886342376470584 3.593698114156723 6.4614628702402115 5.9075493365526182
leaf_count=25 21 28 16 28 28
internal_value=0.00016891 -0.00286931 -0.00712281 0.000578577 -0.0160836
internal_weight=33.1645 28.117 22.0513 12.5501 9.50125
internal_count=146 125 100 56 44
is_linear=0
shrinkage=0.035


Tree=45
num_leaves=8
num_cat=0
split_feature=7 15 6 2 5 18 17
split_gain=1.24837 2.76516 1.52801 2.04821 1.8048 0.677622 0.437036
threshold=1.0000000180025095e-35 -0.77689878341559737 -0.5608011266379459 1.0000000180025095e-35 0.56454101849518568 0.89748221899690062 0.16648224004018408
decision_type=2 2 2 2 2 2 2
left_child=1 5 -2 -4 -5 -1 -3
right_child=2 6 3 4 -6 -7 -8
leaf_value=0.016413245461760977 0.021042006576515424 -0.024352670452080064 0.015784106501868074 0.0052773338734676241 -0.022022343296497101 -0.0010827006334905903 -0.0052231734556597229
leaf_weight=3.4434000551700619 4.1190257519483593 4.3827424943447095 4.1048021167516682 4.0101120918989182 4.2509725093841553 3.9340998232364655 4.8463962525129318
leaf_count=15 17 22 17 17 20 17 21
internal_value=0.000160836 -0.00610146 0.00673099 0 -0.00981316 0.00828249 -0.0174944
internal_weight=33.0916 16.6066 16.4849 12.3659 8.26108 7.3775 9.22914
internal_count=146 75 71 54 37 32 43
is_linear=0
shrinkage=0.035


Tree=46
num_leaves=8
num_cat=0
split_feature=15 4 20 20 16 16 14
split_gain=1.23828 1.73067 1.29352 1.53612 0.990722 2.3092 1.06421
threshold=1.2426684151032457 1.0000000180025095e-35 0.05430579333888555 -0.25662149401316509 0.37616209867516009 0.78580496004469225 -0.066270777828344951
decision_type=2 2 2 2 2 2 2
left_child=1 2 3 -1 6 -6 -3
right_child=-2 4 -4 -5 5 -7 -8
leaf_value=0.010260522118535885 0.015414474623402639 -0.00070382978396969624 0.019731471228808379 -0.013077224385429298 0.016345046765510015 -0.013645281749805196 -0.027254857528706045
leaf_weight=5.0847103446722022 3.6192549765110007 3.5282912999391556 3.5615555495023719 4.6869094073772457 3.4503832012414914 5.3933861404657364 3.6876092404127148
leaf_count=21 15 15 15 20 15 27 18
internal_value=0.000161319 -0.00241201 0.00619469 -0.000807314 -0.00974293 -0.000603855 -0.0178123
internal_weight=33.0121 29.3928 13.3332 9.77162 16.0597 8.84377 7.2159
internal_count=146 131 56 41 75 42 33
is_linear=0
shrinkage=0.035


Tree=47
num_leaves=6
num_cat=0
split_feature=7 5 7 5 17
split_gain=1.1934 1.42219 1.35222 1.70745 1.70368
threshold=0.89398889569961304 -1.0822719425497118 1.0000000180025095e-35 0.56454101849518568 -1.0999821791404261
decision_type=2 2 2 2 2
left_child=1 -1 4 -4 -3
right_child=-2 2 3 -5 -6
leaf_value=0.011286496337230731 0.013282366315746908 0.0046323655985183298 0.013733530258171154 -0.0095154832217155035 -0.021174508440685098
leaf_weight=4.8899856805801418 5.0129164904355994 3.1676621288061169 5.466378912329672 5.9376881271600723 8.454529941081999
leaf_count=21 21 14 23 27 40
internal_value=0.000164324 -0.00274628 -0.00659996 0.0016233 -0.0141079
internal_weight=32.9292 27.9162 23.0263 11.4041 11.6222
internal_count=146 125 104 50 54
is_linear=0
shrinkage=0.035


Tree=48
num_leaves=8
num_cat=0
split_feature=15 8 9 1 21 0 17
split_gain=1.16714 1.69463 1.79578 1.79037 1.49312 0.966326 0.300315
threshold=1.2426684151032457 -0.13203302175223819 0.1163563910596235 0.4806296052996617 -0.082956541036614678 1.0000000180025095e-35 -0.64069252151812717
decision_type=2 2 2 2 2 2 2
left_child=1 2 5 4 -3 -1 -6
right_child=-2 3 -4 -5 6 -7 -8
leaf_value=0 0.015010920505979254 0.013275925328532343 -0.0070332399663575792 -0.025141918370021676 -0.015423447646775683 0.022394169576260125 -0.00054727401854404514
leaf_weight=3.4080008864402789 3.6071740537881842 3.5421499758958799 6.1508443504571906 4.1920746713876715 3.1492896080017072 4.9719352126121521 3.8406447023153323
leaf_count=15 15 15 26 21 15 21 18
internal_value=0.000188138 -0.00231515 0.00558714 -0.0101631 -0.000721274 0.0149265 -0.00977385
internal_weight=32.8621 29.2549 14.5308 14.7242 10.5321 8.37994 6.98993
internal_count=146 131 62 69 48 36 33
is_linear=0
shrinkage=0.035


Tree=49
num_leaves=8
num_cat=0
split_feature=8 18 2 9 2 8 4
split_gain=1.14926 2.14552 1.61864 1.61261 2.53472 1.49072 0.0611511
threshold=-1.0874948321271904 0.37680790279926174 1.0000000180025095e-35 -1.0000000180025095e-35 1.0000000180025095e-35 -1.0000000180025095e-35 0.85073823578256202
decision_type=2 2 2 2 2 2 2
left_child=-1 3 6 -2 -5 -6 -3
right_child=1 2 -4 4 5 -7 -8
leaf_value=-0.013818501447806769 0.024862100552382842 -0.021836215941275793 0.0048684075902524597 0.018784716608214416 0.0039366988438369419 -0.021797820920789846 -0.0053081292175087696
leaf_weight=3.9113169461488715 4.5752605348825481 3.1832120865583402 5.8007838726043701 4.6859157681465167 4.0639984756708163 3.3714333176612836 3.2055822014808655
leaf_count=16 20 15 27 20 17 16 15
internal_value=0.000174801 0.00301164 -0.00724731 0.0107562 0.00229296 -0.00932267 -0.0174118
internal_weight=32.7975 28.8862 12.1896 16.6966 12.1213 7.43543 6.38879
internal_count=146 130 57 73 53 33 30
is_linear=0
shrinkage=0.035


Tree=50
num_leaves=7
num_cat=0
split_feature=13 4 16 16 16 8
split_gain=1.11732 1.88733 1.27292 2.11422 1.10932 1.0351
threshold=1.2305870379186892 1.0000000180025095e-35 0.37616209867516009 0.78580496004469225 -0.95693941918206959 -0.32312538382722866
decision_type=2 2 2 2 2 2
left_child=1 4 -3 -4 -1 -6
right_child=-2 2 3 -5 5 -7
leaf_value=-0.0069846504896837339 0.013686184565461459 -0.020437418605253343 0.01567422772441892 -0.013103015951913264 0.019982071447054935 -0.00020938333905177865
leaf_weight=3.6031900942325583 4.2982720583677283 6.2379425317049018 3.440417528152464 5.3152320384979248 5.4401826262474051 4.4128459542989757
leaf_count=15 18 29 15 27 23 19
internal_value=0.000142482 -0.00249586 -0.0105298 -0.000495299 0.00632051 0.0119866
internal_weight=32.7481 28.4498 14.9936 8.75565 13.4562 9.85303
internal_count=146 128 71 42 57 42
is_linear=0
shrinkage=0.035


Tree=51
num_leaves=8
num_cat=0
split_feature=8 17 4 7 21 7 17
split_gain=1.10632 2.07371 1.73387 1.46203 1.61493 0.326933 0.235552
threshold=-1.0874948321271904 0.70012589482199172 1.0000000180025095e-35 -0.75587263372354896 -0.082956541036614678 -0.2059187905824951 0.16648224004018408
decision_type=2 2 2 2 2 2 2
left_child=-1 2 5 -4 -5 -2 -6
right_child=1 -3 3 4 6 -7 -8
leaf_value=-0.013582592598177375 0 0.016677193247906487 0.0061537100753954752 0.0028896867214450307 -0.029689878041669861 0.013621457800142211 -0.0070247194084185104
leaf_weight=3.9075327813625327 3.4846107810735703 7.487276390194892 3.5185312926769283 3.0171296745538729 3.7598566114902425 4.2725353538990083 3.2294435352087021
leaf_count=16 15 32 16 13 21 18 15
internal_value=0.000144071 0.00294077 -0.00268385 -0.00992192 -0.0160953 0.00884499 -0.0236943
internal_weight=32.6769 28.7694 21.2821 13.525 10.0064 7.75715 6.9893
internal_count=146 130 98 65 49 33 36
is_linear=0
shrinkage=0.035


Tree=52
num_leaves=8
num_cat=0
split_feature=16 18 9 19 2 1 4
split_gain=1.36666 1.95083 2.0412 2.86658 1.52588 0.562903 0.0806805
threshold=-1.3081574347223817 0.37680790279926174 -1.0000000180025095e-35 -0.55533922274923564 1.0000000180025095e-35 -0.50572271722293682 0.85073823578256202
decision_type=2 2 2 2 2 2 2
left_child=-1 2 -2 -4 6 -5 -3
right_child=1 4 3 5 -6 -7 -8
leaf_value=-0.016843903339928384 0.025603346666714571 -0.021400443137622235 0.017578248384147583 -0.0183943350922364 0.0047599633859942737 0 -0.0049213060627573673
leaf_weight=2.9472237825393668 4.7918429076671627 3.1425590813159925 5.4133177697658557 3.7060529142618197 5.7747632712125778 3.6541111767292005 3.1805228888988495
leaf_count=12 21 15 23 16 27 17 15
internal_value=0.000117149 0.00292564 0.0100395 0.00116977 -0.00698975 -0.0115149 -0.0169166
internal_weight=32.6104 29.6632 17.5653 12.7735 12.0978 7.36016 6.32308
internal_count=146 134 77 56 57 33 30
is_linear=0
shrinkage=0.035


Tree=53
num_leaves=8
num_cat=0
split_feature=16 18 9 19 2 1 4
split_gain=1.30521 1.86112 1.94942 2.72976 1.4655 0.537471 0.0756168
threshold=-1.3081574347223817 0.37680790279926174 -1.0000000180025095e-35 -0.55533922274923564 1.0000000180025095e-35 -0.50572271722293682 0.85073823578256202
decision_type=2 2 2 2 2 2 2
left_child=-1 2 -2 -4 6 -5 -3
right_child=1 4 3 5 -6 -7 -8
leaf_value=-0.016506216965418197 0.024994955993925667 -0.021015402949870161 0.017123809660261155 -0.017996708905571542 0.0046336011338479633 0 -0.0048204003121411747
leaf_weight=2.943241447210311 4.7854736894369152 3.1250854730606061 5.4155197292566317 3.6996596604585665 5.7790811657905579 3.6541111767292005 3.1754105240106583
leaf_count=12 21 15 23 16 27 17 15
internal_value=7.18567e-05 0.00282379 0.009777 0.00110597 -0.00686158 -0.0112679 -0.0166139
internal_weight=32.5776 29.6343 17.5548 12.7693 12.0796 7.35377 6.3005
internal_count=146 134 77 56 57 33 30
is_linear=0
shrinkage=0.035


Tree=54
num_leaves=8
num_cat=0
split_feature=16 14 16 16 17 11 5
split_gain=1.24658 1.84188 2.25151 2.62147 1.43223 1.04514 1.03927
threshold=-1.3081574347223817 -0.49048331863252004 0.12532720465747413 0.78580496004469225 0.70012589482199172 -0.40531810274528851 1.0000000180025095e-35
decision_type=2 2 2 2 2 2 2
left_child=-1 -2 4 6 -3 -5 -4
right_child=1 2 3 5 -6 -7 -8
leaf_value=-0.016176510195756562 0.016384526923437649 -0.024793991321871371 0.026655171715997603 -0.018891206011195219 0.00066839299883334185 0.0036959962244147849 0.0011438273333889038
leaf_weight=2.9389562457799903 6.8469461798667934 4.6108593642711657 4.1574956178665143 3.2497621923685074 3.7552069574594498 3.1759754717350006 3.8070313334465027
leaf_count=12 29 22 18 16 16 16 17
internal_value=2.81537e-05 0.00272496 -0.00216452 0.00585576 -0.0149346 -0.00887684 0.0176648
internal_weight=32.5422 29.6033 22.7563 14.3903 8.36607 6.42574 7.96453
internal_count=146 134 105 67 38 32 35
is_linear=0
shrinkage=0.035


Tree=55
num_leaves=8
num_cat=0
split_feature=16 14 16 16 17 11 5
split_gain=1.19418 1.74328 2.1467 2.50463 1.37521 1.00695 0.98805
threshold=-1.3081574347223817 -0.49048331863252004 0.12532720465747413 0.78580496004469225 0.70012589482199172 -0.40531810274528851 1.0000000180025095e-35
decision_type=2 2 2 2 2 2 2
left_child=-1 -2 4 6 -3 -5 -4
right_child=1 2 3 5 -6 -7 -8
leaf_value=-0.015854514869202987 0.015944977865947948 -0.024294461490625245 0.026036801445147452 -0.018558502140304464 0.00065312120294885889 0.0036142963643721032 0.0011175121438899737
leaf_weight=2.9343911856412879 6.84461681544781 4.5825924873352069 4.1548116952180845 3.2284739762544632 3.7552727907896042 3.1792458295822144 3.8073856979608536
leaf_count=12 29 22 18 16 16 16 17
internal_value=9.02693e-06 0.0026557 -0.00210393 0.00572258 -0.014598 -0.00869003 0.0172644
internal_weight=32.4868 29.5524 22.7078 14.3699 8.33787 6.40772 7.9622
internal_count=146 134 105 67 38 32 35
is_linear=0
shrinkage=0.035


Tree=56
num_leaves=8
num_cat=0
split_feature=16 18 9 19 2 1 4
split_gain=1.14405 1.70867 1.79147 2.56178 1.36421 0.511107 0.0875371
threshold=-1.3081574347223817 0.37680790279926174 -1.0000000180025095e-35 -0.55533922274923564 -1.0000000180025095e-35 -0.50572271722293682 0.85073823578256202
decision_type=2 2 2 2 2 2 2
left_child=-1 2 -2 -4 6 -5 -3
right_child=1 4 3 5 -6 -7 -8
leaf_value=-0.01553997849329232 0.023893715911420296 -0.020567264842405866 0.016491837017349426 -0.017617757165796277 0.0043806673109748808 0 -0.0045062388116885021
leaf_weight=2.9295681715011588 4.7553042322397259 3.0902408361434937 5.4076945781707781 3.6795526295900363 5.7721258103847486 3.6379518061876279 3.1567014008760452
leaf_count=12 21 15 23 16 27 17 15
internal_value=0 0.00258821 0.0092739 0.000950812 -0.00669678 -0.0110454 -0.016149
internal_weight=32.4291 29.4996 17.4805 12.7252 12.0191 7.3175 6.24694
internal_count=146 134 77 56 57 33 30
is_linear=0
shrinkage=0.035


Tree=57
num_leaves=8
num_cat=0
split_feature=16 14 16 16 17 11 5
split_gain=1.09277 1.64353 2.05073 2.34411 1.29586 0.964463 0.928026
threshold=-1.3081574347223817 -0.49048331863252004 0.12532720465747413 0.78580496004469225 0.70012589482199172 -0.40531810274528851 1.0000000180025095e-35
decision_type=2 2 2 2 2 2 2
left_child=-1 -2 4 6 -3 -5 -4
right_child=1 2 3 5 -6 -7 -8
leaf_value=-0.015232659917512001 0.015406656860553973 -0.023799146558434032 0.025222091913772636 -0.018139464289917528 0.00046627242416631231 0.0035653889261902348 0.0010346079310667039
leaf_weight=2.9245078563690177 6.8381844907999065 4.5500700920820254 4.1416197121143323 3.1987223029136658 3.7569304555654526 3.1774450540542603 3.8023423701524734
leaf_count=12 29 22 18 16 16 16 17
internal_value=0 0.00249577 -0.00212719 0.00553398 -0.0143545 -0.00842777 0.0167094
internal_weight=32.3898 29.4653 22.6271 14.3201 8.307 6.37617 7.94396
internal_count=146 134 105 67 38 32 35
is_linear=0
shrinkage=0.035


Tree=58
num_leaves=7
num_cat=0
split_feature=13 13 17 6 5 20
split_gain=1.07074 1.73169 2.79455 1.88187 1.52473 1.21922
threshold=1.2305870379186892 0.21148595081104316 -0.18598643228973175 -0.33800666544300684 -0.42354675813175313 -0.17888967217515248
decision_type=2 2 2 2 2 2
left_child=1 2 4 -3 -1 -4
right_child=-2 3 5 -5 -6 -7
leaf_value=0.0035430088566363697 0.013257304139591345 0.0034648013044130616 0.026867132006748444 -0.025212714420436627 -0.019549036105446435 0.0018936941634854567
leaf_weight=5.3649838417768487 4.2533428221940985 3.5234638005495071 3.7901806384325027 4.8941323757171613 5.0025619268417367 5.5008038282394427
leaf_count=24 18 15 16 23 25 25
internal_value=0 -0.00265864 0.00296514 -0.0143442 -0.00853436 0.0155008
internal_weight=32.3295 28.0761 19.6585 8.4176 10.3675 9.29098
internal_count=146 128 90 38 49 41
is_linear=0
shrinkage=0.035


Tree=59
num_leaves=8
num_cat=0
split_feature=16 18 9 19 6 1 13
split_gain=1.07685 1.55982 1.67346 2.42276 0.933154 0.486034 0.401298
threshold=-1.3081574347223817 0.37680790279926174 -1.0000000180025095e-35 -0.55533922274923564 0.2746781028430757 -0.50572271722293682 -0.49509080291692464
decision_type=2 2 2 2 2 2 2
left_child=-1 2 -2 -4 -3 -5 -6
right_child=1 4 3 5 6 -7 -8
leaf_value=-0.015117584675522797 0.023063109630459343 0.0030842345246805116 0.015978208608519829 -0.017260275808259444 -0.019872458899248869 0 -0.001052723501465109
leaf_weight=2.921172469854354 4.72013130784035 5.5193245708942396 5.3927920311689395 3.6597594171762484 3.3886599242687225 3.6182926148176175 3.0394471734762192
leaf_count=12 21 25 23 16 16 17 16
internal_value=0 0.00249096 0.00889653 0.000836713 -0.00639542 -0.0108426 -0.0139582
internal_weight=32.2596 29.3384 17.391 12.6708 11.9474 7.27805 6.42811
internal_count=146 134 77 56 57 33 32
is_linear=0
shrinkage=0.035


Tree=60
num_leaves=8
num_cat=0
split_feature=16 14 16 16 17 11 5
split_gain=1.0293 1.51847 1.96627 2.1883 1.22198 0.909609 0.847629
threshold=-1.3081574347223817 -0.49048331863252004 0.12532720465747413 0.78580496004469225 0.70012589482199172 -0.40531810274528851 1.0000000180025095e-35
decision_type=2 2 2 2 2 2 2
left_child=-1 -2 4 6 -3 -5 -4
right_child=1 2 3 5 -6 -7 -8
leaf_value=-0.014819914359839953 0.014829731831136525 -0.02327580167000624 0.024438092962613452 -0.017562876044786284 0.00034049526568456578 0.0035237701166627939 0.0011005203865691682
leaf_weight=2.9158184677362433 6.8150068819522884 4.5022196024656314 4.1199855506420118 3.1617805063724518 3.7501021325588226 3.1678061038255692 3.7810523957014084
leaf_count=12 29 22 18 16 16 16 17
internal_value=0 0.00240639 -0.00204874 0.00546667 -0.0140589 -0.00806709 0.0162784
internal_weight=32.2138 29.298 22.4829 14.2306 8.25232 6.32959 7.90104
internal_count=146 134 105 67 38 32 35
is_linear=0
shrinkage=0.035


Tree=61
num_leaves=7
num_cat=0
split_feature=13 13 17 6 5 20
split_gain=1.02463 1.66736 2.58329 1.81394 1.4643 1.1617
threshold=1.2305870379186892 0.21148595081104316 -0.18598643228973175 -0.33800666544300684 -0.42354675813175313 -0.17888967217515248
decision_type=2 2 2 2 2 2
left_child=1 2 4 -3 -1 -4
right_child=-2 3 5 -5 -6 -7
leaf_value=0.0036083984069355123 0.012957777639108442 0.003359351115392263 0.026071741174989855 -0.024825354082933571 -0.019052638388547274 0.0016926788019496152
leaf_weight=5.3410681039094934 4.2366367429494849 3.5186594128608704 3.7709370255470276 4.862394377589224 4.9495617598295221 5.4719707965850848
leaf_count=24 18 15 16 23 25 25
internal_value=0 -0.00263698 0.00289957 -0.0141192 -0.00819063 0.0149744
internal_weight=32.1512 27.9146 19.5335 8.38105 10.2906 9.24291
internal_count=146 128 90 38 49 41
is_linear=0
shrinkage=0.035


Tree=62
num_leaves=8
num_cat=0
split_feature=16 18 9 19 6 1 13
split_gain=1.01448 1.42346 1.56477 2.29289 0.885682 0.462108 0.37765
threshold=-1.3081574347223817 0.37680790279926174 -1.0000000180025095e-35 -0.55533922274923564 0.2746781028430757 -0.50572271722293682 -0.49509080291692464
decision_type=2 2 2 2 2 2 2
left_child=-1 2 -2 -4 -3 -5 -6
right_child=1 4 3 5 6 -7 -8
leaf_value=-0.01470858170868604 0.022277881010402366 0.003101658793897745 0.015491031835865596 -0.016911149764455007 -0.019277893738025669 0 -0.00095837426872369012
leaf_weight=2.9121266901493064 4.6822808384895351 5.499881371855734 5.3756963759660739 3.6391293406486529 3.3471244275569916 3.598811060190199 3.0248091667890549
leaf_count=12 21 25 23 16 16 17 16
internal_value=0 0.00240343 0.00854037 0.000730639 -0.00610121 -0.0106441 -0.013515
internal_weight=32.0799 29.1677 17.2959 12.6136 11.8718 7.23794 6.37193
internal_count=146 134 77 56 57 33 32
is_linear=0
shrinkage=0.035


Tree=63
num_leaves=8
num_cat=0
split_feature=7 15 6 2 5 18 17
split_gain=0.986288 2.44554 1.46238 2.01686 1.32542 0.498696 0.256895
threshold=1.0000000180025095e-35 -0.77689878341559737 -0.5608011266379459 1.0000000180025095e-35 0.56454101849518568 0.89748221899690062 0.16648224004018408
decision_type=2 2 2 2 2 2 2
left_child=1 5 -2 -4 -5 -1 -3
right_child=2 6 3 4 -6 -7 -8
leaf_value=0.015057490194919221 0.019971784604072083 -0.022549721399925369 0.015044270937862259 0.0029256697658496711 -0.021000581524254665 -0.00021107657303528194 -0.0056037123873011116
leaf_weight=3.2517573982477215 4.0106083750724819 4.1200058162212354 4.0192529261112195 3.8908919990062714 4.0955378860235214 3.8337753564119339 4.8101606220006943
leaf_count=15 17 22 17 17 20 17 21
internal_value=0 -0.00574886 0.0058321 -0.000693987 -0.0105668 0.00799039 -0.0165978
internal_weight=32.032 16.0157 16.0163 12.0057 7.98643 7.08553 8.93017
internal_count=146 75 71 54 37 32 43
is_linear=0
shrinkage=0.035


Tree=64
num_leaves=8
num_cat=0
split_feature=16 7 16 16 19 14 20
split_gain=0.984267 1.39001 2.30457 2.65142 1.2418 2.981 0.200902
threshold=-1.3081574347223817 -1.0000000180025095e-35 0.71651266848273487 0.19958825954927242 -0.25532247336389463 -0.066270777828344951 -0.56754878136521569
decision_type=2 2 2 2 2 2 2
left_child=-1 2 3 -2 6 -6 -3
right_child=1 4 -4 -5 5 -7 -8
leaf_value=-0.014518122707188236 -0.0097642468058162565 0.0055773840530706931 -0.021778161170678264 0.019934777297171743 0.016714443861717908 -0.02064343247616985 0.023425406364114842
leaf_weight=2.9074736982584026 5.9599661082029396 3.947095587849617 4.2413122951984397 4.8139866441488266 3.3890973925590515 3.0592268407344765 3.6323406100273132
leaf_count=12 27 17 23 21 15 15 16
internal_value=0 0.00234942 -0.00457307 0.00413828 0.0097328 -0.0010788 0.0177838
internal_weight=31.9505 29.043 15.0153 10.774 14.0278 6.44832 7.57944
internal_count=146 134 71 48 63 30 33
is_linear=0
shrinkage=0.035


Tree=65
num_leaves=7
num_cat=0
split_feature=13 13 17 6 9 17
split_gain=0.948895 1.57818 2.3375 1.71635 1.54721 1.15842
threshold=1.2305870379186892 0.21148595081104316 -0.64069252151812717 -0.33800666544300684 1.0000000180025095e-35 -1.3220303965089293
decision_type=2 2 2 2 2 2
left_child=1 2 5 -3 -4 -1
right_child=-2 3 4 -5 -6 -7
leaf_value=0.0043807883183882516 0.01248159985498476 0.0032250177839816554 0.02205569865967217 -0.024238668992183108 -0.0017271479242503675 -0.017589484664276248
leaf_weight=3.3320407569408417 4.211055487394332 3.508424699306488 6.2101659476757067 4.8085896298289281 4.5644169002771378 5.2245985418558174
leaf_count=15 18 15 28 23 21 26
internal_value=0 -0.00256311 0.0028491 -0.0137653 0.0128766 -0.00932763
internal_weight=31.8593 27.6482 19.3312 8.31701 10.7746 8.55664
internal_count=146 128 90 38 49 41
is_linear=0
shrinkage=0.035


Tree=66
num_leaves=8
num_cat=0
split_feature=16 7 16 16 19 14 20
split_gain=0.970214 1.3099 2.20632 2.46994 1.18383 2.82297 0.184083
threshold=-1.3081574347223817 1.0000000180025095e-35 0.71651266848273487 0.19958825954927242 -0.25532247336389463 -0.066270777828344951 -0.56754878136521569
decision_type=2 2 2 2 2 2 2
left_child=-1 2 3 -2 6 -6 -3
right_child=1 4 -4 -5 5 -7 -8
leaf_value=-0.014418491910862835 -0.0093457206968059585 0.0054645114365124235 -0.021324790990430349 0.019353352201982778 0.016255966842882712 -0.02018322060470466 0.022849302243450421
leaf_weight=2.9039297103881863 5.9283191114664096 3.944356843829155 4.1906739994883528 4.8034026771783829 3.3693641424179077 3.0295302420854551 3.6211756467819214
leaf_count=12 27 17 23 21 15 15 16
internal_value=0 0.00233928 -0.00439902 0.00410964 0.00951773 -0.00106894 0.0173721
internal_weight=31.7908 28.8868 14.9224 10.7317 13.9644 6.39889 7.56553
internal_count=146 134 71 48 63 30 33
is_linear=0
shrinkage=0.035


Tree=67
num_leaves=8
num_cat=0
split_feature=16 14 16 16 17 11 5
split_gain=0.931256 1.25558 1.77606 1.81876 1.12743 0.823697 0.749892
threshold=-1.3081574347223817 -0.49048331863252004 0.12532720465747413 0.78580496004469225 0.70012589482199172 -0.40531810274528851 1.0000000180025095e-35
decision_type=2 2 2 2 2 2 2
left_child=-1 -2 4 6 -3 -5 -4
right_child=1 2 3 5 -6 -7 -8
leaf_value=-0.014136603366800348 0.013632529521879887 -0.02223275818380888 0.022963292122979168 -0.016306108147575608 0.00046578319044841452 0.0038055575813142456 0.00086641413838972712
leaf_weight=2.8981538563966778 6.7310890704393449 4.4079070538282377 4.0606791377067548 3.0668117851018906 3.7200252711772919 3.0943293571472168 3.7195011824369431
leaf_count=12 29 22 18 16 16 16 17
internal_value=0 0.00229287 -0.00179298 0.0054039 -0.0132852 -0.00710479 0.0152736
internal_weight=31.6985 28.8003 22.0693 13.9413 8.12793 6.16114 7.78018
internal_count=146 134 105 67 38 32 35
is_linear=0
shrinkage=0.035


Tree=68
num_leaves=7
num_cat=0
split_feature=7 13 16 1 12 2
split_gain=0.921902 1.21737 2.4633 2.3622 1.22329 1.20929
threshold=0.89398889569961304 -0.28395396230590486 0.71651266848273487 1.0000000180025095e-35 -0.37040911305474034 1.0000000180025095e-35
decision_type=2 2 2 2 2 2
left_child=1 2 5 4 -3 -1
right_child=-2 3 -4 -5 -6 -7
leaf_value=-4.4027507110895441e-05 0.0116008653302547 -0.027699816988542042 -0.01212919800900073 0.0081356532361585489 -0.0017281465538291686 0.023947650628502976
leaf_weight=3.4921990633010918 4.8163549453020087 4.9605479985475558 4.7375546395778647 4.6359431594610205 4.3569167554378474 4.6335790455341339
leaf_count=16 21 21 24 23 21 20
internal_value=0 -0.00271225 0.00446708 -0.00939009 -0.0184707 0.0151462
internal_weight=31.6331 26.8167 12.8633 13.9534 9.31746 8.12578
internal_count=146 125 60 65 42 36
is_linear=0
shrinkage=0.035


Tree=69
num_leaves=7
num_cat=0
split_feature=13 13 17 6 5 20
split_gain=0.900385 1.46626 2.17623 1.6285 1.35752 1.07636
threshold=1.2305870379186892 0.21148595081104316 -0.18598643228973175 -0.33800666544300684 -0.42354675813175313 -0.17888967217515248
decision_type=2 2 2 2 2 2
left_child=1 2 4 -3 -1 -4
right_child=-2 3 5 -5 -6 -7
leaf_value=0.0037818515476577544 0.012160057216452457 0.0031743685182036635 0.024541394655830419 -0.023617566592876397 -0.018164748315281479 0.0011185584261928917
leaf_weight=5.2402681410312697 4.1858914643526068 3.4892457723617554 3.7130209505558014 4.7568272575736028 4.8158331513404855 5.3699170500040072
leaf_count=24 18 15 16 23 25 25
internal_value=0 -0.00253128 0.00270934 -0.0133617 -0.00756267 0.0138681
internal_weight=31.571 27.3851 19.139 8.24607 10.0561 9.08294
internal_count=146 128 90 38 49 41
is_linear=0
shrinkage=0.035


Tree=70
num_leaves=8
num_cat=0
split_feature=16 7 16 16 19 14 20
split_gain=0.882396 1.21091 2.01239 2.19454 1.13195 2.63215 0.174657
threshold=-1.3081574347223817 -1.0000000180025095e-35 0.71651266848273487 0.19958825954927242 -0.25532247336389463 -0.066270777828344951 -0.56754878136521569
decision_type=2 2 2 2 2 2 2
left_child=-1 2 3 -2 6 -6 -3
right_child=1 4 -4 -5 5 -7 -8
leaf_value=-0.013770518532373537 -0.0088388045849824935 0.0052492843099529269 -0.02054868767420975 0.018269800927928813 0.015589488404376711 -0.019708277297230483 0.022216878283159817
leaf_weight=2.8845491409301784 5.877886921167379 3.9273331612348557 4.1093614175915709 4.7770445197820663 3.3378885984420776 2.9918195605277962 3.5913000404834747
leaf_count=12 27 17 23 21 15 15 16
internal_value=0 0.00224793 -0.00425638 0.0038668 0.00917574 -0.00119034 0.0168706
internal_weight=31.4972 28.6126 14.7643 10.6549 13.8483 6.32971 7.51863
internal_count=146 134 71 48 63 30 33
is_linear=0
shrinkage=0.035


Tree=71
num_leaves=8
num_cat=0
split_feature=7 5 7 17 20 6 20
split_gain=0.853813 1.16275 0.966055 1.63947 1.39917 1.05058 0.0516896
threshold=0.89398889569961304 -1.0822719425497118 1.0000000180025095e-35 -1.0999821791404261 -0.48981695952720311 1.0000000180025095e-35 -0.56754878136521569
decision_type=2 2 2 2 2 2 2
left_child=1 -1 3 -3 -4 -6 -5
right_child=-2 2 4 6 5 -7 -8
leaf_value=0.010311109944412859 0.011200562134827275 0.0057214520399818791 -0.012311375473354539 -0.006291546583786385 0.019151044163185662 -0.0028630199638178108 -0.023608211224792938
leaf_weight=4.6224644631147447 4.7857502251863471 2.9878519028425279 3.7934063673019409 3.2428708076477095 3.6934967488050443 3.4794243276119232 4.798163525760164
leaf_count=21 21 14 17 16 16 17 24
internal_value=0 -0.00260789 -0.00617484 -0.0126596 0.000888756 0.00960422 -0.0197916
internal_weight=31.4034 26.6177 21.9952 11.0289 10.9663 7.17292 8.04103
internal_count=146 125 104 54 50 33 40
is_linear=0
shrinkage=0.035


end of trees

feature_importances:
Column_7=55
Column_16=50
Column_4=33
Column_15=32
Column_5=29
Column_8=27
Column_14=25
Column_17=24
Column_20=24
Column_2=19
Column_18=19
Column_9=18
Column_21=18
Column_13=17
Column_1=16
Column_6=14
Column_12=10
Column_19=9
Column_3=7
Column_11=5
Column_0=3

parameters:
[boosting: gbdt]
[objective: binary]
[metric: binary_logloss]
[tree_learner: serial]
[device_type: cpu]
[data_sample_strategy: bagging]
[data: ]
[valid: ]
[num_iterations: 600]
[learning_rate: 0.035]
[num_leaves: 48]
[num_threads: 0]
[seed: 42]
[deterministic: 0]
[force_col_wise: 0]
[force_row_wise: 0]
[histogram_pool_size: -1]
[max_depth: 8]
[min_data_in_leaf: 15]
[min_sum_hessian_in_leaf: 0.001]
[bagging_fraction: 1]
[pos_bagging_fraction: 1]
[neg_bagging_fraction: 1]
[bagging_freq: 0]
[bagging_seed: 400]
[bagging_by_query: 0]
[feature_fraction: 1]
[feature_fraction_bynode: 1]
[feature_fraction_seed: 30056]
[extra_trees: 0]
[extra_seed: 12879]
[early_stopping_round: 0]
[early_stopping_min_delta: 0]
[first_metric_only: 0]
[max_delta_step: 0]
[lambda_l1: 0.15]
[lambda_l2: 2]
[linear_lambda: 0]
[min_gain_to_split: 0]
[drop_rate: 0.1]
[max_drop: 50]
[skip_drop: 0.5]
[xgboost_dart_mode: 0]
[uniform_drop: 0]
[drop_seed: 17869]
[top_rate: 0.2]
[other_rate: 0.1]
[min_data_per_group: 100]
[max_cat_threshold: 32]
[cat_l2: 10]
[cat_smooth: 10]
[max_cat_to_onehot: 4]
[top_k: 20]
[monotone_constraints: ]
[monotone_constraints_method: basic]
[monotone_penalty: 0]
[feature_contri: ]
[forcedsplits_filename: ]
[refit_decay_rate: 0.9]
[cegb_tradeoff: 1]
[cegb_penalty_split: 0]
[cegb_penalty_feature_lazy: ]
[cegb_penalty_feature_coupled: ]
[path_smooth: 0]
[interaction_constraints: ]
[verbosity: -1]
[saved_feature_importance_type: 0]
[use_quantized_grad: 0]
[num_grad_quant_bins: 4]
[quant_train_renew_leaf: 0]
[stochastic_rounding: 1]
[linear_tree: 0]
[max_bin: 255]
[max_bin_by_feature: ]
[min_data_in_bin: 3]
[bin_construct_sample_cnt: 200000]
[data_random_seed: 175]
[is_enable_sparse: 1]
[enable_bundle: 1]
[use_missing: 1]
[zero_as_missing: 0]
[feature_pre_filter: 1]
[pre_partition: 0]
[two_round: 0]
[header: 0]
[label_column: ]
[weight_column: ]
[group_column: ]
[ignore_column: ]
[categorical_feature: ]
[forcedbins_filename: ]
[precise_float_parser: 0]
[parser_config_file: ]
[objective_seed: 16083]
[num_class: 1]
[is_unbalance: 0]
[scale_pos_weight: 1]
[sigmoid: 1]
[boost_from_average: 1]
[reg_sqrt: 0]
[alpha: 0.9]
[fair_c: 1]
[poisson_max_delta_step: 0.7]
[tweedie_variance_power: 1.5]
[lambdarank_truncation_level: 30]
[lambdarank_norm: 1]
[label_gain: ]
[lambdarank_position_bias_regularization: 0]
[eval_at: ]
[multi_error_top_k: 1]
[auc_mu_weights: ]
[num_machines: 1]
[local_listen_port: 12400]
[time_out: 120]
[machine_list_filename: ]
[machines: ]
[gpu_platform_id: -1]
[gpu_device_id: -1]
[gpu_device_id_list: ]
[gpu_use_dp: 0]
[num_gpu: 1]

end of parameters

pandas_categorical:null
