tree
version=v4
num_class=1
num_tree_per_iteration=1
label_index=0
max_feature_idx=62
objective=binary sigmoid:1
feature_names=Column_0 Column_1 Column_2 Column_3 Column_4 Column_5 Column_6 Column_7 Column_8 Column_9 Column_10 Column_11 Column_12 Column_13 Column_14 Column_15 Column_16 Column_17 Column_18 Column_19 Column_20 Column_21 Column_22 Column_23 Column_24 Column_25 Column_26 Column_27 Column_28 Column_29 Column_30 Column_31 Column_32 Column_33 Column_34 Column_35 Column_36 Column_37 Column_38 Column_39 Column_40 Column_41 Column_42 Column_43 Column_44 Column_45 Column_46 Column_47 Column_48 Column_49 Column_50 Column_51 Column_52 Column_53 Column_54 Column_55 Column_56 Column_57 Column_58 Column_59 Column_60 Column_61 Column_62
feature_infos=[-1.0402446817511055:9.191695076126198] [-0.85066202141296643:7.2811481027561946] [-1.1915638952954855:6.6880312051825195] [-1.0334098097064044:9.1138413014198694] [-0.85547130740317268:7.3208196803050365] [-1.2074471338221724:6.7892521287154812] [-2.0741568772499028:5.5641771118406647] [-1.1217228547233362:6.0994379495234865] [-2.6700523926146227:4.1946506439726159] [-3.159688112347129:3.2498934497213616] [-5.1151012354138832:1.4241524807697779] [-2.2355065538363061:4.6262844612973355] [-1.0459069646570409:2.7879678158093428] [-3.1487873943683105:3.3712990202651638] [-2.2169515104935504:4.6942670911176956] [-3.1487873943683105:3.3712990202651638] [-5.0414187897814955:1.5651486342603775] [-2.2169515104935504:4.6942670911176956] [-5.2415246229739507:0.71731767862260309] [-1.6920503398124589:1.6891886555019671] [-1.3511152960826587:1.5372989196815996] [-2.9593668022710409:0.59883316479075954] [-2.0438236689776805:0.48927899954314152] [-2.1289996846936572:2.7619994037151097] [-2.0973714285581835:3.6804431908839343] [-2.2189553116899976:3.7331667068332908] [-3.4380199680560199:3.453222805301575] [-2.216365210544641:2.6175499664749489] [-2.1935500200555147:4.6638537738470589] [-2.2929538277148427:5.1407058502192591] [-3.6235359604362016:4.3971056595400038] [-2.7755492003255453:3.4431091092343471] [-2.682567500651194:5.891956093238421] [-2.9982704167026806:3.0093684727875805] [-2.4227914069516392:4.5167364229904168] [-2.824840082624763:3.3731441161354017] [-2.809096568281837:4.5271561621096161] [-2.427406227159115:6.3409639063997636] [-4.3325562746458148:3.8277858481113154] [-3.2877819966737678:3.9858961314388019] [-3.3052793411373687:3.9704357894670106] [-2.6132766390678546:1.9892861572665279] [-3.0601391570915584:3.5403436882327912] [-1.6955958205906176:3.3688001593627801] [-4.0848097510134451:3.8701471886932288] [-1.9946049304578173:4.4964509633246772] [-2.2433902947611775:4.2697079310452493] [-3.4454315159606348:3.4367840344474234] [-3.1582520799575371:2.4631167611254345] [-1.1445438853345633:3.8061800182101222] [-1.1515505512866457:3.7821343130619196] [-12.49761683073339:8.2045372628726163] [-4.6148715827651552:6.0706716134345839] [-4.8124380381095957:5.7966857338810742] [-2.5714571608344281:3.2970464550849994] [-2.6693921008288539:3.1287037760722689] [-1.1749022403821809:2.7574628685892759] [-1.081971342728133:3.6058070383715113] [-1.2626677294758311:2.6765473838393099] [-2.3668619292360931:2.472160960329326] [8:769] [8:769] none
tree_sizes=3058 2883 3227 3008 3112 2672 2684 3287 3107 3264 3207 2988 2798 2890 2584 3319 3178 3103 2854 2870 3216 2972 3173

Tree=0
num_leaves=28
num_cat=0
split_feature=25 32 12 28 20 39 42 40 37 27 13 20 54 39 54 54 53 59 32 24 36 25 16 49 37 39 46
split_gain=14.2264 4.89978 4.33155 6.64253 5.44197 4.88533 4.86802 8.54779 5.09388 4.33188 5.1905 6.23895 5.88219 8.36734 4.31428 5.78048 4.68069 4.13429 3.8477 3.69929 2.71639 2.40027 2.34105 2.27763 3.60909 0.933683 0.117769
threshold=-1.3436432501424551 0.13799947102302154 -0.6540023254678744 -0.2085120797152957 1.1434242538955646 -0.80260863623530654 0.35796803066569433 -0.81941000484753912 1.1491658010030597 -1.0884516692400696 -0.31111673955813424 0.88084114337154096 -0.9634496096484525 -0.49487610004592891 -0.19081580579258575 0.28393295594440793 1.0000000180025095e-35 0.29460066002488744 0.58929018649089604 -1.0000000180025095e-35 -0.25860245498168322 0.31944966679787518 0.43503386729518018 -0.50278337931951123 -0.32184366219267352 0.40967105178345509 0.075141365204837315
decision_type=2 2 2 2 2 2 2 2 2 2 2 2 2 2 2 2 2 2 2 2 2 2 2 2 2 2 2
left_child=1 -1 3 19 6 -6 8 -8 9 -4 12 23 -11 -14 -9 -16 18 22 -17 -2 -10 25 -5 -12 -25 -7 -18
right_child=2 -3 4 17 5 21 7 14 20 10 11 -13 13 -15 15 16 26 -19 -20 -21 -22 -23 -24 24 -26 -27 -28
leaf_value=-0.34411662204658455 -0.3756678549277544 -0.30832878190365731 -0.33910156117689727 -0.35746339616231104 -0.34323594695233373 -0.38347595317533412 -0.37107498127019134 -0.31713675330826196 -0.3520275313780335 -0.32745742511713877 -0.38336538366170037 -0.33884629701898566 -0.37876425446240664 -0.3344566470856376 -0.36377356598485733 -0.3344566470856376 -0.31513355412905475 -0.31250839741889735 -0.36656562554503269 -0.34348302247986889 -0.32458337691265948 -0.3536785275970255 -0.33342782773197732 -0.35390537017739043 -0.3735032936643603 -0.36187615546068586 -0.33652826858205115
leaf_weight=7.5164543986320478 5.0917916893959045 7.2739881277084351 7.2739881277084342 5.0917916893959063 5.3342579603195217 11.153448462486272 7.0315218567848197 6.0616567730903617 5.5767242312431335 6.3041230440139797 9.4561845660209567 5.3342579603195182 7.2739881277084359 5.3342579603195164 7.7589206695556667 5.3342579603195208 4.8493254184722883 5.3342579603195182 5.0917916893959045 4.8493254184722918 4.8493254184722883 5.8191905021667472 6.5465893149375916 16.487706422805779 19.397301673889174 5.8191905021667472 5.0917916893959045
leaf_count=31 21 30 30 21 22 46 29 25 23 26 39 22 30 22 32 22 20 22 21 20 20 24 27 68 80 24 21
internal_value=-0.35074 -0.323863 -0.353106 -0.342363 -0.355052 -0.36667 -0.352309 -0.34403 -0.356333 -0.35908 -0.361455 -0.366356 -0.348433 -0.359855 -0.337678 -0.343785 -0.335524 -0.331454 -0.350659 -0.36055 -0.338082 -0.372527 -0.343967 -0.369998 -0.365148 -0.377901 -0.322267
internal_weight=198.337 14.7904 183.547 26.9138 156.633 28.1261 128.507 41.2193 87.2879 76.8618 69.5878 50.6755 18.9124 12.6082 34.1877 28.1261 20.3672 16.9726 10.426 9.94112 10.426 22.7918 11.6384 45.3412 35.885 16.9726 9.94112
internal_count=818 61 757 111 646 116 530 170 360 317 287 209 78 52 141 116 84 70 43 41 43 94 48 187 148 70 41
is_linear=0
shrinkage=1


Tree=1
num_leaves=26
num_cat=0
split_feature=54 12 28 24 48 24 37 36 21 14 27 11 19 34 54 59 46 33 36 48 48 43 35 51 54
split_gain=12.5455 3.47461 6.23028 4.85282 4.02946 7.60414 5.52821 4.03507 3.66113 4.43469 4.38874 5.32657 4.96772 4.84185 4.44492 3.26306 3.93221 3.25879 3.85448 2.88397 10.2292 3.40908 1.72207 1.62467 1.27756
threshold=1.4578097351581785 -0.6540023254678744 -0.2085120797152957 -0.47236106684008777 0.80755560925978542 1.0000000180025095e-35 1.1491658010030597 -0.63114653894687422 -0.88375015481832386 0.070962464774038822 -1.0884516692400696 0.29574326715033777 -1.3669312056476099 -0.20804848250204677 -0.97235816241952711 1.0000000180025095e-35 0.4892860147121445 -1.6765898610148231 -0.25860245498168322 0.035088355581576497 0.27126225813377675 -0.76712322426582791 -0.24234666647469441 -1.0000000180025095e-35 -0.42342614606960022
decision_type=2 2 2 2 2 2 2 2 2 2 2 2 2 2 2 2 2 2 2 2 2 2 2 2 2
left_child=1 2 3 -1 6 -6 8 -8 9 -3 -10 12 13 -12 -13 16 -16 -2 -19 21 -21 -14 -7 -4 -25
right_child=17 4 23 -5 5 22 7 -9 10 -11 11 14 19 -15 15 -17 -18 18 -20 20 -22 -23 -24 24 -26
leaf_value=-0.02826880523117652 0.038760025431094351 0.023236438473034089 0.0036240921289314573 0.0076713347731062302 0.0044643275969273961 -0.038425455210933601 -0.0039817199172715572 0.026656725549580911 0.012908197930059812 -0.0096223340500858155 -0.010741052152451075 0.023553402715258763 0 0.02253411543288213 -0.029141928185174491 0.011663302281928899 0.00097093864441610443 0.025808206616355696 -0.0070106141063576276 0.015793117168281582 -0.019948975086069857 -0.026468762412703073 -0.0096766508570915073 0.035148516285750643 0.0093677207807742469
leaf_weight=4.8317389488220215 6.5798904448747662 7.5166860818862897 6.3225608319044158 5.8209084868431109 8.9623660594224948 7.5020869076251984 5.3366870284080496 8.257061302661894 8.4923984259366971 4.8436835110187531 7.2630341798067093 5.8393720686435726 5.323384508490558 5.5731597244739444 5.075279355049136 6.7897305041551581 8.4879644662141782 4.8596502542495736 5.1022362858056995 9.4421696215868014 19.595513552427292 25.172529593110099 4.8460199385881406 4.8628401756286648 5.5902148038148818
leaf_count=20 27 31 26 24 37 31 22 34 35 20 30 24 22 23 21 28 35 20 21 39 81 104 20 20 23
internal_value=0 -0.00232875 0.00717581 -0.00961351 -0.00410939 -0.015809 -0.0020349 0.0150307 -0.00418957 0.0102793 -0.00603435 -0.00789549 -0.0120438 0.00413382 0.00338123 -0.00335117 -0.0116787 0.0238902 0.00975803 -0.0156461 -0.00792539 -0.0220939 -0.0298465 0.0180795 0.0247689
internal_weight=198.289 181.747 27.4283 10.6526 154.319 21.3105 133.009 13.5937 119.415 12.3604 107.055 98.5621 72.3698 12.8362 26.1923 20.353 13.5632 16.5418 9.96189 59.5336 29.0377 30.4959 12.3481 16.7756 10.4531
internal_count=818 750 113 44 637 88 549 56 493 51 442 407 299 53 108 84 56 68 41 246 120 126 51 69 43
is_linear=0
shrinkage=0.03


Tree=2
num_leaves=29
num_cat=0
split_feature=54 35 12 12 50 61 20 32 38 27 46 58 35 39 32 28 61 20 35 28 38 39 39 33 28 18 16 19
split_gain=11.8972 3.40903 7.34617 6.18774 5.34572 6.40681 5.1004 3.80996 7.99967 4.01693 3.57059 4.89669 5.02765 4.31603 4.85956 4.01283 3.53381 3.27043 3.23656 3.19462 2.93672 2.19214 2.16863 2.14701 2.1344 1.96126 1.4262 0.655808
threshold=1.4578097351581785 -0.24234666647469441 -0.67065247654112747 0.93958221606829495 0.76710467373779656 645.50000000000011 1.0000000180025095e-35 1.0000000180025095e-35 -0.68954639841495347 -1.0884516692400696 -0.30210115597466564 0.70693982718173931 1.6170485931533556 -0.075240823424049502 -0.53893660217879014 1.0000000180025095e-35 429.50000000000006 1.4060073644195881 -0.86214508635071085 1.0000000180025095e-35 -1.0538473860380395 -0.2295309655355284 -0.36554990660748998 -0.23475652753716056 -0.56942806886806263 0.57649796392800656 0.54035190458486559 -0.32654997632009447
decision_type=2 2 2 2 2 2 2 2 2 2 2 2 2 2 2 2 2 2 2 2 2 2 2 2 2 2 2 2
left_child=1 3 25 6 5 10 7 9 -9 -1 16 13 15 14 -12 -13 -4 20 -11 27 -8 -6 -5 -15 -20 -3 -22 -2
right_child=19 2 4 22 21 -7 17 8 -10 18 11 12 -14 23 -16 -17 -18 -19 24 -21 26 -23 -24 -25 -26 -27 -28 -29
leaf_value=0.031939715723928376 0.01517162885048351 0.026924897494012518 -0.00023231228097275947 -0.0052621826032617121 0.0017477555137507886 0.015544095673985533 0.00057730937540678793 -0.023589355834159349 0.01501739236550066 0.021490791856706753 -0.0046278551092955216 -0.001846552853212763 0.0071129247021103426 0.0030212456335859958 0.026973845835287603 -0.036534797446393576 -0.032963786350053509 0.0057807499814079713 -0.016724636980387581 0.0029859680808052838 -0.030556969802033731 0.02446448348202886 -0.031672994347290949 -0.017618148423743856 0.0052614803000589367 0.0026248840998672495 -0.0068236465156711135 0.041056767907843711
leaf_weight=5.1060190498828879 5.3713324517011651 9.7294260859489423 4.8458295464515606 5.5636015087366095 8.95192903280258 9.4553931802511197 5.0903024524450347 9.1942489296197909 7.2735862582921973 4.846320033073428 6.7703204303979865 5.0775612741708782 4.8536900579929343 7.0226790755987087 8.2407361119985527 8.4617046415805799 8.2106276750564557 5.5640546828508368 5.3167836368083972 5.8425671607255927 9.9196674972772581 6.5578341335058203 9.1691215336322767 8.2169237881899075 7.7485517412424088 5.3511192202568045 5.0939574241638192 5.3801440894603738
leaf_count=21 22 40 20 23 37 39 21 38 30 20 28 21 20 29 34 35 34 23 22 24 41 27 38 34 32 22 21 22
internal_value=1.17606e-05 -0.00225139 0.00134219 -0.00684241 -0.00206157 -0.00563147 -0.00254727 0.00408731 -0.00637328 0.011748 -0.00926341 -0.00502308 -0.0166341 0.00229999 0.0132318 -0.0254065 -0.0225036 -0.0126364 0.00365967 0.023248 -0.0180588 0.0130159 -0.0234768 -0.00833025 -0.00407455 0.0196818 -0.0242191 0.0320554
internal_weight=198.226 181.632 101.746 79.8862 86.6652 71.1555 65.1535 39.4855 16.4678 23.0177 61.7001 48.6436 18.393 30.2507 15.0111 13.5393 13.0565 25.668 17.9117 16.594 20.1039 15.5098 14.7327 15.2396 13.0653 15.0805 15.0136 10.7515
internal_count=818 750 420 330 358 294 269 163 68 95 255 201 76 125 62 56 54 106 74 68 83 64 61 63 54 62 62 44
is_linear=0
shrinkage=0.03


Tree=3
num_leaves=27
num_cat=0
split_feature=25 54 18 42 40 50 24 34 30 34 20 51 61 54 31 45 31 55 30 55 28 45 45 60 54 25
split_gain=12.6736 4.22766 4.04609 4.35244 8.8701 6.76283 6.72896 9.2419 5.97026 5.48936 5.26565 4.80963 4.78852 4.50233 4.43237 4.68885 4.055 3.94278 3.7071 2.97343 2.96265 3.87194 7.23791 3.06441 0.491613 0.347567
threshold=-1.3436432501424551 1.43188420230086 0.67553822916924877 1.0000000180025095e-35 -0.94067192369094543 -0.51199880961183164 -0.47236106684008777 -1.3154199447268426 -0.34236438862775365 0.23490010238787157 -0.43207440924857649 1.0000000180025095e-35 335.50000000000006 0.65642335377050431 -0.59901879197958263 -0.076945309029651118 0.61016476821261878 -1.4549487626625093 -0.34236438862775365 0.042158126964680472 1.2351518768957728 0.22911229747534653 -0.022077573071064619 452.00000000000006 -0.76763205222769915 -0.29326877628540449
decision_type=2 2 2 2 2 2 2 2 2 2 2 2 2 2 2 2 2 2 2 2 2 2 2 2 2 2
left_child=1 -1 3 6 17 8 7 -2 -6 10 14 12 -7 -10 24 -16 -14 -5 -9 -12 21 22 23 -13 -8 -19
right_child=2 -3 -4 4 5 11 9 18 13 -11 19 20 16 -15 15 -17 -18 25 -20 -21 -22 -23 -24 -25 -26 -27
leaf_value=0.0063604477880688714 0.0071183456952877795 0.039660779775213005 0.015430996454379928 0.0028634743440166454 0.016281659865507642 0.019695969945714317 -0.0064580321947260398 -0.0076361394641762054 -0.0017173847371187748 -0.019798186377721221 0.027883473349682802 0.0014202123468776519 -0.02088484764952735 -0.033732031731336931 0.023867935579165288 -0.011004680025101243 0.0075990019812737127 -0.034505033861900396 -0.033951126914617873 0.00094944034653581053 -0.0023299623303022544 0.036120619531003095 -0.015699923761049131 0.029988605388872488 -0.024395560423429347 -0.01323005161049534
leaf_weight=7.52826379239559 8.9717406183481199 7.3741826862096786 9.4601715356111509 4.8351111710071555 4.8613719195127514 5.8286480605602362 5.0760922878980637 8.7115409672260302 8.7090027332305819 8.9320863932371122 8.4915944337844831 5.5669257491827038 9.2011425495147687 6.7748423814773551 5.8265548199415171 5.0779581516981178 6.313861057162284 5.5359787493944159 17.849958047270775 6.78075286746025 5.0958480089902869 9.2381298243999463 5.0836519002914491 10.438956245779989 5.0637283027172071 5.5378683954477301
leaf_count=31 37 30 39 20 20 24 21 36 36 37 35 23 38 28 24 21 26 23 74 28 21 38 21 43 21 23
internal_value=2.27124e-05 0.0253243 -0.00219116 -0.00330839 0.00106434 0.00539801 -0.00834417 -0.0178323 -0.00883884 -0.000431819 0.00476904 0.0106996 -0.00034011 -0.0178205 -0.00470686 0.00777793 -0.00929263 -0.018252 -0.0264038 0.0174372 0.0172575 0.0206919 0.0117181 0.0213682 -0.0179208 -0.0271904
internal_weight=198.166 14.9024 183.264 173.803 93.0213 77.1124 80.782 35.5332 20.3452 45.2488 36.3167 56.7672 21.3437 15.4838 21.0443 10.9045 15.515 15.909 26.5615 15.2723 35.4235 30.3277 21.0895 16.0059 10.1398 11.0738
internal_count=818 61 757 718 384 318 334 147 84 187 150 234 88 64 87 45 64 66 110 63 146 125 87 66 42 46
is_linear=0
shrinkage=0.03


Tree=4
num_leaves=28
num_cat=0
split_feature=54 47 14 35 47 20 55 36 20 13 32 29 26 28 20 31 55 54 48 47 33 20 55 28 14 45 47
split_gain=10.9087 3.42581 6.07276 3.0288 6.97991 8.09576 4.94776 4.90557 4.75886 4.75563 5.20977 5.20673 5.37041 4.50541 4.74506 4.49128 4.33008 4.04402 6.38651 3.85864 2.99274 3.79037 2.65671 2.56098 2.52166 2.15221 1.65563
threshold=1.4578097351581785 -2.338233879295867 1.5811348306734987 -0.24234666647469441 -0.019434829250484332 1.0000000180025095e-35 0.40562343916189253 1.0000000180025095e-35 1.1434242538955646 0.1569806091593107 0.58929018649089604 0.4946685515104457 1.0000000180025095e-35 1.0000000180025095e-35 -0.69465751977259993 -0.80630740229824582 -0.80712766876057207 -0.84805090965396679 -0.31020562333462059 -1.0561738726240588 -1.6765898610148231 -0.43207440924857649 -0.77504133547741361 1.0000000180025095e-35 0.079167910259399218 -0.67111731017825449 0.6790594132093567
decision_type=2 2 2 2 2 2 2 2 2 2 2 2 2 2 2 2 2 2 2 2 2 2 2 2 2 2 2
left_child=1 -1 3 9 8 7 -7 -6 17 10 13 26 -13 14 16 -16 -3 24 19 -19 -2 -22 -17 -21 -5 -10 -11
right_child=20 2 -4 4 5 6 -8 -9 25 11 -12 12 -14 -15 15 22 -18 18 -20 23 21 -23 -24 -25 -26 -27 -28
leaf_value=-0.023876254282140276 0.036353921840535604 -0.017592378701853997 0.021927290299903229 -0.023525026450915937 -0.016936801501285174 0.038831599549099538 0.0046225495156251486 0.012779855699595865 -0.0018163863788810625 -0.036231385678382702 -0.022763013766267007 0.011601255202025271 -0.020376645265362769 -0.014839850506633214 -0.001351594333713104 0.039053085280787374 0.0118514343269518 -0.0063144848621264045 -0.014599970813037802 0.0050322904884059433 0.024754596377359338 -0.0076670438883356153 0.0079959878823487162 0.030582016045497991 0.001882309694143974 -0.027711375154677521 -0.010153364875420316
leaf_weight=4.8433125615119925 6.6526306271553066 8.208552807569502 8.0319545120000821 7.2025964856147713 8.9294587075710314 9.2413040995597857 7.2784840315580359 8.0134322941303235 5.0741191804409018 8.647412374615671 6.7689135223627082 8.7187610864639264 7.2177250981330863 8.2340777069330198 6.7857232838869068 6.5672270506620372 6.7757190912961915 5.072551727294921 8.2186717391014188 7.2569214105606106 4.8871617913246164 5.1234727203845951 5.8052026182413208 9.2353678941726667 4.8696422427892685 8.6738687306642515 5.7675407975912085
leaf_count=20 27 34 33 30 37 38 30 33 21 36 28 36 30 34 28 27 28 21 34 30 20 21 24 38 20 36 24
internal_value=2.29963e-05 -0.00214891 -0.00132325 -0.00265004 0.001093 0.0116873 0.0257318 -0.00266018 -0.00531717 -0.00686031 -0.000851638 -0.015903 -0.00304462 0.00317012 0.00812364 0.0175361 -0.00404734 0 0.00584915 0.0143454 0.0222267 0.00880309 0.0273537 0.0210299 -0.0137589 -0.0196664 -0.0281147
internal_weight=198.102 181.439 176.595 168.563 89.0664 33.4627 16.5198 16.9429 55.6037 79.4969 49.1454 30.3514 15.9365 42.3765 34.1424 19.1582 14.9843 41.8558 29.7835 21.5648 16.6633 10.0106 12.3724 16.4923 12.0722 13.748 14.415
internal_count=818 750 730 697 368 138 68 70 230 329 203 126 66 175 141 79 62 173 123 89 68 41 51 68 50 57 60
is_linear=0
shrinkage=0.03


Tree=5
num_leaves=24
num_cat=0
split_feature=25 54 18 41 12 36 20 21 45 40 24 46 39 39 25 34 34 19 46 25 28 54 46
split_gain=11.6571 3.81851 3.77132 4.15742 4.65246 5.46352 4.96029 4.87029 4.34067 4.70074 5.31554 7.8881 4.30661 9.28779 4.29446 3.75571 3.64016 2.45671 2.09789 1.61126 1.55718 1.57073 1.522
threshold=-1.3436432501424551 1.43188420230086 0.67553822916924877 -1.539345319923165 -0.6540023254678744 -0.63114653894687422 1.1434242538955646 -2.0698168105055905 -0.6893909754644959 -0.45562424831732035 -1.0000000180025095e-35 -0.67650627718908818 0.16721511417970253 0.85128722384743238 0.31944966679787518 -0.57717230324364532 -1.030667283011895 -0.71669293731791273 0.21427253068549243 0.31944966679787518 1.0000000180025095e-35 0.18275204836916914 -0.027190322915999925
decision_type=2 2 2 2 2 2 2 2 2 2 2 2 2 2 2 2 2 2 2 2 2 2 2
left_child=1 -1 3 22 5 -5 7 -6 16 10 11 -10 15 -14 20 -11 -9 -12 -7 -18 21 -8 -2
right_child=2 -3 -4 4 6 18 14 8 9 12 17 -13 13 -15 -16 -17 19 -19 -20 -21 -22 -23 -24
leaf_value=0.0061336608620526497 -0.0044923903032170562 0.037818737879161034 0.014875963928256271 -0.014080455134981953 0.017776851528761014 0.027127064277805358 -0.021405142509241634 0.0026048819130800108 0.019810093035547167 -0.0053014929760508388 -0.0019428464455482452 -0.019849062901511946 -0.019292464681250086 0.015532640002447189 0.0031157768543292421 0.019241319237906972 -0.030353884067829583 -0.026276378093892178 0.0044888987479010985 -0.0065546133371580401 -0.03374838842069508 0 -0.030079450967850092
leaf_weight=7.5380743592977506 4.8228635787963867 7.4263856112957001 9.4896629750728589 4.8288902789354351 9.4776982218027097 9.2669978588819522 5.5167197734117561 6.5307895839214352 9.6715255230665189 6.2668473422527269 6.2892382293939599 6.0308468937873831 13.515374109148981 11.175044089555739 7.0147665590047827 21.133897647261634 8.6481655687093717 11.990957617759697 7.7851226925849906 5.7925313711166373 7.1902735233306876 5.3072828054428101 5.3222716599702817
leaf_count=31 20 30 39 20 39 38 23 27 40 26 26 25 56 46 29 87 36 50 32 24 30 22 22
internal_value=1.87632e-05 0.0242353 -0.00210913 -0.00319148 -0.00189861 0.0104633 -0.00394114 -0.00120352 -0.00316174 -2.59736e-05 -0.0085619 0.00382672 0.00551441 -0.00331444 -0.0156713 0.0134367 -0.0149041 -0.01899 0.0183136 -0.0226989 -0.0229717 -0.0120896 -0.0205764
internal_weight=198.032 14.9645 183.068 173.578 163.433 21.881 141.552 116.523 107.045 86.0737 33.9826 15.7024 52.0912 24.6904 25.029 27.4007 20.9715 18.2802 17.0521 14.4407 18.0143 10.824 10.1451
internal_count=818 61 757 718 676 90 586 482 443 356 141 65 215 102 104 113 87 76 70 60 75 45 42
is_linear=0
shrinkage=0.03


Tree=6
num_leaves=24
num_cat=0
split_feature=25 32 12 43 12 61 39 12 28 21 15 21 55 38 32 41 48 32 59 0 16 47 32
split_gain=11.0816 3.72108 3.65015 5.51444 4.15369 5.30477 5.29671 4.73098 5.53987 5.00737 3.64576 4.06896 5.3154 8.15091 4.43341 3.90221 4.22853 4.16199 3.46034 3.24564 2.16836 1.9221 1.12248
threshold=-1.3436432501424551 0.13799947102302154 1.6528052808076714 -0.17627702660459821 -0.32248835559153505 96.000000000000014 -0.2295309655355284 -0.6540023254678744 -0.2085120797152957 -2.0698168105055905 0.24213726690350071 0.30231650086894291 -0.72781473326083168 0.91337794712662557 -1.0000000180025095e-35 0.30167979861058769 -0.36193588089372575 0.288429709512313 0.29460066002488744 -0.22634038282904731 0.43503386729518018 0.65422423044078737 -0.31329124444485285
decision_type=2 2 2 2 2 2 2 2 2 2 2 2 2 2 2 2 2 2 2 2 2 2 2
left_child=1 -1 4 22 5 -2 -6 8 -7 -9 11 15 14 -14 -13 16 -11 -17 20 -5 -10 -12 -4
right_child=2 -3 3 19 6 7 -8 9 18 10 21 12 13 -15 -16 17 -18 -19 -20 -21 -22 -23 -24
leaf_value=0.0057993816274105508 0.018016257669475053 0.036971962533120038 -0.009817343400389646 0.011925857102278555 -0.0031442670713312487 -0.01044756141488885 0.028106304665840028 0.013850841478113359 -0.0070651038825911934 -0.03649824914741532 -0.034540853428466384 0.00051741389127333789 0.012923898552057694 -0.017541651615708184 -0.03175468402188026 0.015252121342154815 -0.0059999585116467793 -0.015732440190540938 0.034771673900521695 -0.012632612274660157 0.015983230955360975 -0.0080912249648772278 -0.033268024982434967
leaf_weight=7.5520422011613828 9.4572561085224134 7.4445338845252991 5.7495428621768951 8.6918560266494769 8.4373532533645648 8.6961231380701083 8.4703019261360151 8.2752504199743253 5.1027653217315692 8.6652093231678027 5.7442880570888502 6.7973651736974716 28.746309235692031 9.1553018391132337 6.2307755500078112 5.8387831747531873 8.9603192210197466 6.7799215465784073 5.1517659872770301 7.7210877686738959 6.5962007939815521 6.7538368105888367 6.9460186362266558
leaf_count=31 39 30 24 36 35 36 35 34 21 36 24 28 119 38 26 24 37 28 21 32 27 28 29
internal_value=5.46482e-06 0.0235924 -0.00207138 -0.0115358 -0.000148107 -0.00196453 0.0132001 -0.00368545 0.00745087 -0.00660166 -0.00866135 -0.00599114 -0.000595206 0.00502489 -0.0161889 -0.0144311 -0.0229941 -0.000873406 0.0171136 0 0.00581517 -0.0230751 -0.02523
internal_weight=197.964 14.9966 182.968 29.1085 153.859 136.951 16.9077 127.494 25.5469 101.947 93.6721 81.174 50.9298 37.9016 13.0281 30.2442 17.6255 12.6187 16.8507 16.4129 11.699 12.4981 12.6956
internal_count=818 61 757 121 636 566 70 527 105 422 388 336 211 157 54 125 73 52 69 68 48 52 53
is_linear=0
shrinkage=0.03


Tree=7
num_leaves=30
num_cat=0
split_feature=25 18 42 40 20 19 60 54 55 53 26 55 55 12 30 40 42 49 54 43 30 20 54 26 56 46 59 37 42
split_gain=10.5366 3.60341 4.00997 7.26269 6.90624 5.14179 4.89905 5.47974 4.01701 3.99293 4.7348 3.8474 6.91477 11.1663 5.12231 4.60104 3.88485 3.57407 3.45391 3.33401 3.31907 3.93269 3.28354 2.7816 2.54207 2.26821 0.685347 0.399447 0.26542
threshold=-1.3436432501424551 0.67553822916924877 0.35796803066569433 -0.94067192369094543 0.88084114337154096 -0.32654997632009447 452.00000000000006 -1.4491200954411261 -0.18122612486775194 1.0000000180025095e-35 0.83930313264869405 0.37350178805689521 -0.39109585607295944 -0.45420173706116557 -0.46388926165769612 0.63573302127333675 -0.34922655990477164 -0.31942323474378215 1.43188420230086 -0.51390342526815802 -1.5576131189271785 -0.69465751977259993 -0.80635026278113198 0.24523047977303927 1.0000000180025095e-35 0.14145262900801828 0.29460066002488744 0.2261794711547562 1.0000000180025095e-35
decision_type=2 2 2 2 2 2 2 2 2 2 2 2 2 2 2 2 2 2 2 2 2 2 2 2 2 2 2 2 2
left_child=18 2 6 -4 9 -6 8 -8 19 10 23 12 14 28 20 26 -15 -17 -1 -2 -9 -22 -10 -5 -11 -24 -13 -16 -14
right_child=1 -3 3 4 5 -7 7 11 22 24 -12 15 13 16 27 17 -18 -19 -20 -21 21 -23 25 -25 -26 -27 -28 -29 -30
leaf_value=0.0057474002746206914 -0.015689135961014251 0.01455585128311985 -0.020043931264490097 0 -0.022902619316430714 0.0097347719278267214 0.021900005396206471 -0.017702956095423789 -0.040208855264300555 0.036815215271985731 -0.014962374466469966 -0.012979262963285063 0.017189341949807278 0.0080683776800457956 -0.032068888738116141 -0.017087188737266976 -0.024723513769784329 0.0086950631045636783 0.035857960136395202 0.011872791028333747 -0.0093203914837996123 0.017324065484292335 -0.022831254925633843 0.029153550707218465 0.010035021682896453 0.0028295664139885348 -0.037306568174845366 -0.01189879670519858 0.039841739446417647
leaf_weight=7.5556313246488553 6.9582392126321793 9.5042205750942212 8.3442642688751203 5.808621361851694 7.9496497958898544 6.5440738350152952 6.0486018657684317 5.5444124937057451 6.9317895770072964 8.0623853653669375 5.7987700104713431 5.5158519297838229 6.5416465401649493 4.8149541616439819 4.7793427854776436 7.2247487157583263 5.2685732394456846 9.200288385152815 7.4677074402570724 5.8091858327388781 6.9989296197891226 10.430435702204706 4.7940228879451734 4.8936385214328766 8.3047847896814329 4.828912228345871 4.8041654527187347 6.0312104225158691 5.1332216411828995
leaf_count=31 29 39 35 24 33 27 25 23 29 33 24 23 27 20 20 30 22 38 30 24 29 43 20 20 34 20 20 25 21
internal_value=0 -0.0020326 -0.00309339 0.00340697 0.00814985 -0.0082604 -0.00622552 -0.00250541 -0.0165708 0.0156055 0.00410529 -0.0047309 -3.68547e-05 0.0125597 -0.00850861 -0.0137472 -0.00953004 -0.00279172 0.0229742 -0.00279812 0 0.00641703 -0.0257453 0.0154976 0.0255459 -0.0107699 -0.0281089 -0.0241243 0.0310067
internal_weight=197.892 182.869 173.365 55.7062 47.3619 14.4937 117.659 88.3364 29.3221 32.8682 16.501 82.2878 55.5427 21.7584 33.7843 26.7451 10.0835 16.425 15.0233 12.7674 22.9738 17.4294 16.5547 10.7023 16.3672 9.62294 10.32 10.8106 11.6749
internal_count=818 757 718 230 195 60 488 366 122 135 68 341 230 90 140 111 42 68 61 53 95 72 69 44 67 40 43 45 48
is_linear=0
shrinkage=0.03


Tree=8
num_leaves=28
num_cat=0
split_feature=25 18 41 40 34 47 29 46 23 44 33 36 24 24 18 54 32 37 32 39 11 44 61 54 47 46 39
split_gain=10.0192 3.42046 3.98027 4.38115 8.40513 6.56673 6.67435 6.00313 5.84472 5.18205 4.82339 4.0352 4.02663 7.3055 5.9522 3.9973 3.376 3.13954 3.64803 3.05422 2.56993 2.37126 1.91742 1.89013 1.59641 1.45177 1.22278
threshold=-1.3436432501424551 0.67553822916924877 -1.539345319923165 -0.94067192369094543 -0.42952277494700591 -0.019434829250484332 1.238034519303856 -0.217577375627554 0.3164998595107264 1.0000000180025095e-35 1.0000000180025095e-35 1.0000000180025095e-35 -0.47236106684008777 0.61097917430530935 0.42702779212493253 1.2301297869561594 0.13799947102302154 0.45692605361683197 1.0000000180025095e-35 -0.075240823424049502 0.72122160780271916 -0.45828526379422591 240.50000000000003 0.27196138495239047 0.95395383475389739 -0.027190322915999925 -0.49487610004592891
decision_type=2 2 2 2 2 2 2 2 2 2 2 2 2 2 2 2 2 2 2 2 2 2 2 2 2 2 2
left_child=16 2 25 4 -4 7 9 21 12 11 15 17 14 20 26 23 -1 18 -7 -10 -14 -5 -6 -11 -24 -2 -9
right_child=1 -3 3 5 22 6 -8 8 19 10 -12 -13 13 -15 -16 -17 -18 -19 -20 -21 -22 -23 24 -25 -26 -27 -28
leaf_value=0.0054265906189138831 -0.0043396626020497132 0.014151205425693675 0.013556144202406046 -0.0067004445182127078 -0.0036286579522441663 0.014071837727596801 0.030514856307337954 0.016601628628352155 -0.00035295071904133606 0.01323631173518785 -0.0078074532424392178 0.010989216280576673 0.029115391805238158 -0.013238515972585902 -0.022146603868363396 -0.0012271684927867158 0.035098542310461001 -0.027368108318928375 -0.012343634816361198 -0.028210352238961497 0.0041251195295635961 -0.033202122425569136 -0.035698616575461903 0.041263982518230616 -0.0087239294677293033 -0.029389241595214739 -0.0013042165468867214
leaf_weight=7.5676953941583616 4.8143263608217239 9.5252737253904325 6.5398830622434643 7.2170467376708984 4.7803154885768917 5.5610788464546266 8.0580887198448163 5.781311109662056 6.5592296868562698 7.5079589635133797 6.0157732665538779 9.2221618890762311 11.650418981909771 6.2764000445604315 8.8794580549001676 4.8712773919105521 7.4764055460691452 5.9972401559352866 12.305737763643263 7.6738386899232847 6.7921281754970542 7.1386461406946093 8.8001345694065076 5.639750063419342 4.7992095351219168 5.2842301279306394 5.0453402847051567
leaf_count=31 20 39 27 30 20 23 33 24 27 31 25 38 48 26 37 20 30 25 51 32 28 30 37 23 20 22 21
internal_value=0 -0.00199131 -0.00302724 -0.00176236 -0.0129621 0.000331776 0.00720773 -0.00574737 -0.0011807 0.00312075 0.013368 -0.0044066 0.00415052 0.0119813 -0.00554202 0.0208017 0.0223805 -0.0108908 -0.00335887 -0.0170114 0.0212152 -0.0221516 -0.0230106 0.028663 -0.0283889 -0.0200702 0.00862725
internal_weight=197.78 182.736 173.211 163.112 24.9195 138.193 65.1791 73.0138 58.6581 57.121 24.0348 33.0862 44.4251 24.7189 19.7061 18.019 15.0441 23.8641 17.8668 14.2331 18.4425 14.3557 18.3797 13.1477 13.5993 10.0986 10.8267
internal_count=818 757 718 676 104 572 269 303 243 236 99 137 184 102 82 74 61 99 74 59 76 60 77 54 57 42 45
is_linear=0
shrinkage=0.03


Tree=9
num_leaves=30
num_cat=0
split_feature=25 20 55 39 55 55 30 50 32 42 41 13 30 30 41 24 32 50 55 20 38 34 38 26 54 33 18 30 46
split_gain=9.52987 3.28239 5.25117 4.9831 4.89172 5.13905 6.19399 5.24567 4.74945 4.49933 4.5896 4.33407 4.02731 4.99216 3.5916 3.60266 3.19746 2.7837 2.50899 2.47451 2.42546 2.41533 2.40752 2.25051 2.16684 1.65594 1.41192 0.583396 0.525114
threshold=-1.3436432501424551 1.1434242538955646 0.595132431541188 -0.80260863623530654 0.37350178805689521 -0.41352030779702337 -0.64617657120260974 -0.51199880961183164 0.13799947102302154 0.35796803066569433 1.0000000180025095e-35 -1.0000000180025095e-35 -0.46388926165769612 0.14373510349201635 -0.38870462083956975 -1.0000000180025095e-35 0.13799947102302154 -0.32926974056188474 -0.19030751769102297 -0.69465751977259993 -0.17952501574263294 -0.42952277494700591 0.91337794712662557 -0.1112131119523536 -0.97235816241952711 -0.47506208311677089 0.33425429028814785 -1.0715136268074086 -0.69264557976775742
decision_type=2 2 2 2 2 2 2 2 2 2 2 2 2 2 2 2 2 2 2 2 2 2 2 2 2 2 2 2 2
left_child=16 2 4 -3 5 6 8 18 14 10 21 20 -9 19 27 -16 -1 -10 -7 -14 -5 22 -4 -15 -8 -11 -6 -2 -26
right_child=1 3 9 11 26 7 24 12 17 25 -12 -13 13 23 15 -17 -18 -19 -20 -21 -22 -23 -24 -25 28 -27 -28 -29 -30
leaf_value=0.0052870878460858813 -0.0095571310385857127 0.010073271642319633 0.012657615108572615 -0.0036152447164394161 -0.026307724564177345 0.005158645066642981 0 -0.0053071859373520465 0.0028133856158832167 0.0061041812250358773 -0.017608044507689071 0.0024501180631084419 0.0071217520279218995 0.013819244425475061 0.031828034746295329 0 0.034182989361449902 -0.024358494419734047 -0.01961831592209019 0.037619603207539598 -0.029856685686435319 0.021538685571465731 -0.013544460768355603 -0.0096339359476709206 -0.0097757242943970948 0.031112106423402872 -0.0040547449594906639 0.0028010906663184518 -0.027615238139037476
leaf_weight=7.5738356560468656 4.8352796584367752 7.0089795887470236 4.8154858350753802 5.3135698437690779 8.1593414545059186 5.0745212435722351 4.8104593902826336 7.4932389855384818 4.8182478249073029 5.372365340590477 6.4833337962627402 7.2013245522975948 4.8431939482688877 6.0455252081155777 6.8371515572071022 4.8080947697162717 7.4863642752170563 6.4367692917585355 6.9702859371900541 9.2836878150701558 13.328457489609715 6.8200287520885494 4.7955101430416107 5.5535735338926298 5.7419092655181929 7.590905234217642 5.3275638669729224 5.3397772610187495 11.495527341961857
leaf_count=31 20 29 20 22 34 21 20 31 20 22 27 30 20 25 28 20 30 27 29 38 56 28 20 23 24 31 22 22 48
internal_value=0 -0.00195075 0 -0.0103145 -0.00319742 -0.000737097 -0.00685739 0.00656886 0.00128971 0.00974082 0.00111825 -0.0163126 0.0126571 0.018114 0.00944002 0.0198956 0.0218086 -0.013293 -0.00932144 0.0292351 -0.0235012 0.00969672 0 0.00231465 -0.0186377 0.0228709 -0.0192034 -0.0030311 -0.0232513
internal_weight=197.664 182.604 149.752 32.8523 113.874 100.387 55.1232 45.264 33.0753 35.8776 22.9144 25.8434 33.2192 25.726 21.8203 11.6452 15.0602 11.255 12.0448 14.1269 18.642 16.431 9.611 11.5991 22.0479 12.9633 13.4869 10.1751 17.2374
internal_count=818 757 620 137 472 416 229 187 137 148 95 108 137 106 90 48 61 47 50 58 78 68 40 48 92 53 56 42 72
is_linear=0
shrinkage=0.03


Tree=10
num_leaves=29
num_cat=0
split_feature=25 12 43 18 12 54 61 18 36 54 42 55 41 30 55 54 49 29 54 39 57 40 53 31 19 16 28 12
split_gain=9.05758 3.29097 5.22224 5.94379 3.83096 5.00115 4.78729 4.56452 4.677 4.52197 4.08892 4.39649 4.4392 3.42917 4.35522 4.09845 3.35782 3.21214 3.01608 2.89324 2.29859 5.12255 2.17131 2.06217 1.561 0.974484 0.91632 0.659447
threshold=-1.3436432501424551 1.6528052808076714 -0.17627702660459821 0.50861701421147421 -0.32248835559153505 0.4200312135469117 96.000000000000014 0.33425429028814785 -0.63114653894687422 -0.19081580579258575 0.35796803066569433 -0.78309870143708482 0.60851731836621337 -0.22083951559781115 -0.49339026668864178 -0.038074227533325365 0.78073763271059249 0.4946685515104457 1.43188420230086 0.16721511417970253 1.0000000180025095e-35 -1.0000000180025095e-35 1.0000000180025095e-35 0.85200148025105882 -1.3669312056476099 0.85159475519163863 0.87423588774300576 2.268773016057815
decision_type=2 2 2 2 2 2 2 2 2 2 2 2 2 2 2 2 2 2 2 2 2 2 2 2 2 2 2 2
left_child=18 4 27 19 6 9 -2 10 25 -6 13 -12 -13 14 15 -8 24 23 -1 -4 21 -10 -22 -14 -15 -9 -26 -3
right_child=1 2 3 -5 5 -7 7 8 20 -11 11 12 17 16 -16 -17 -18 -19 -20 -21 22 -23 -24 -25 26 -27 -28 -29
leaf_value=0.0051774664952923335 0.017118479130538246 -0.030319575900607187 0.027193762096739658 -0.019909945013249171 0.017437780376020121 0.034258669558641874 -0.022539462551967641 -0.019435859439221173 0.017634264214619767 -0.015403454673592278 -0.019556440389209322 0.023117986147684712 0.0016056897808033634 -0.0048877747363955002 0.0159644085908364 0.0083517758160170236 0.0029213537729014609 0.015584080707346961 0.03328034615988739 -0.0015343128046623475 0.032219517140456046 -0.011953592233136629 0.0056220697056824313 -0.018608695462706576 -0.030930954069298907 -0.00023696963238242793 -0.012122380955456655 -0.0094037891961007633
leaf_weight=7.5790936648845655 9.4912043213844282 7.5747098326683062 5.1048952192068118 6.205623820424079 6.0592857301235208 4.8751959800720206 8.9041416794061661 5.0296526551246625 9.0014164149761218 5.9980316013097772 6.179621770977973 7.8068456202745464 7.7537733167409915 5.5297105461359015 6.2740722149610511 4.7957530468702325 4.8251409828662863 5.3456475138664237 7.4922803193330765 5.0482208281755447 5.3723926544189435 8.9634997397661227 7.0557172745466232 7.4863492101430893 14.263334125280386 4.833297997713089 7.6820457577705374 4.9985866546630859
leaf_count=31 39 32 21 26 25 20 37 21 37 25 26 32 32 23 26 20 20 22 30 21 22 37 29 31 60 20 32 21
internal_value=0 -0.00189877 -0.010913 0.000232177 -7.21702e-05 0.0127344 -0.00182424 -0.00346858 0.00467536 0.000761329 -0.00732675 0.000534678 0.00587012 -0.0125075 -0.00213349 -0.011574 -0.0183657 -0.00152507 0.0212579 0.0140362 0.0105238 0.00277979 0.019782 -0.0087434 -0.0222689 -0.0118288 -0.0257997 -0.0243193
internal_weight=197.53 182.458 28.932 16.3587 153.526 16.9325 136.594 127.102 40.256 12.0573 86.8464 34.5722 28.3926 52.2742 19.974 13.6999 32.3002 20.5858 15.0714 10.1531 30.393 17.9649 12.4281 15.2401 27.4751 9.86295 21.9454 12.5733
internal_count=818 757 121 68 636 70 566 527 166 50 361 143 117 218 83 57 135 85 61 42 125 74 51 63 115 41 92 53
is_linear=0
shrinkage=0.03


Tree=11
num_leaves=27
num_cat=0
split_feature=34 47 14 12 46 21 61 45 37 23 18 50 43 0 32 60 47 47 55 48 47 55 40 53 33 26
split_gain=7.34857 3.30853 5.295 3.62145 5.86086 8.00984 6.99337 6.09229 5.69762 4.53861 3.91129 3.40711 3.28699 4.98622 3.00642 6.59854 4.44638 7.55768 3.59559 2.66152 5.74805 2.17553 1.75975 1.62964 1.54467 0.741511
threshold=1.6375706212059467 -2.338233879295867 1.5811348306734987 1.6949721233116768 -0.05025077087065629 0.30231650086894291 240.50000000000003 -0.51783660135886345 1.1491658010030597 -0.66169995817102689 0.58059727363232427 -0.32926974056188474 -0.17627702660459821 -0.22634038282904731 0.58929018649089604 278.50000000000006 0.3771541374128124 0.63064689092631177 0.37350178805689521 0.056154543961921453 -0.64752875534700782 -0.56260204924264745 -0.33436232947391392 1.0000000180025095e-35 -1.6765898610148231 -0.11121311195235371
decision_type=2 2 2 2 2 2 2 2 2 2 2 2 2 2 2 2 2 2 2 2 2 2 2 2 2 2
left_child=1 -1 3 4 6 9 8 10 21 -6 -7 -9 25 -14 15 22 18 -18 -17 20 -11 -3 -8 -16 -2 -5
right_child=24 2 -4 12 5 7 14 11 -10 19 -12 -13 13 -15 23 16 17 -19 -20 -21 -22 -23 -24 -25 -26 -27
leaf_value=-0.022983457723997448 0.031261060580927404 -0.013702822555690023 0.020901804653317771 -0.0078326878559777501 -0.023612453215539442 -0.01199814578927872 -0.0070366194566698964 0.045898650281584429 0.034409668580442289 0.015975266132643339 0.017992836142188426 0.011194774224468291 0.013130554972823998 -0.0185580024616149 -0.026661998632551562 0.012200550107723199 -0.033046381357907155 0.0049931563508777525 -0.008540576197901403 0.019003587316868215 -0.017518491289561979 0.010270491908442043 -0.034327121180993757 -0.0045077408562832324 0.0075927358862663344 -0.028906421999875018
leaf_weight=4.796193152666091 5.7140041291713715 4.8022432476282111 8.0661579817533475 4.7556138038635254 6.0067196935415295 6.2060625851154345 5.2592694461345673 6.8430029302835464 5.1476469933986655 6.5768245160579708 6.3486123532056808 6.3054893612861616 7.9808877259492874 6.8979423940181714 9.7779727280139905 24.015793174505234 6.9224236905574825 9.3883755654096586 9.087743401527403 5.3636528402566901 9.1392097026109678 5.8611908853054038 5.9265267103910428 6.0326912701129904 7.0956970751285535 7.0664466321468371
leaf_count=20 23 20 33 20 25 26 22 28 21 27 26 26 33 29 41 99 29 39 38 22 38 24 25 25 29 30
internal_value=0 -0.00156967 -0.000779838 -0.00200516 -5.00606e-05 0.00775291 -0.00463325 0.0193019 0.0125924 -0.0034342 0.00304243 0.0325162 -0.011843 -0.00154832 -0.00844844 -0.00501731 0 -0.0122377 0.00620981 0.00323656 -0.00298289 -0.000390964 -0.024318 -0.0196785 0.0207399 -0.022716
internal_weight=197.384 184.575 179.778 171.712 145.011 52.7896 92.2219 25.7032 15.8111 27.0864 12.5547 13.1485 26.7009 14.8788 76.4108 60.6001 49.4143 16.3108 33.1035 21.0797 15.716 10.6634 11.1858 15.8107 12.8097 11.8221
internal_count=818 766 746 713 601 218 383 106 65 112 52 54 112 62 318 252 205 68 137 87 65 44 47 66 52 50
is_linear=0
shrinkage=0.03


Tree=12
num_leaves=25
num_cat=0
split_feature=25 30 27 40 50 30 33 25 33 61 55 25 18 19 34 44 59 29 32 55 54 26 43 39
split_gain=8.4653 3.16296 4.13402 6.03881 6.09417 11.9056 4.91391 4.86952 4.76888 5.3486 4.77876 4.45514 4.28138 4.18752 3.9574 3.06427 3.43926 2.73972 2.71079 1.16785 0.870747 0.810458 0.517874 0.340729
threshold=-1.3436432501424551 -1.5576131189271785 -1.0884516692400696 -0.81941000484753912 -0.51199880961183164 -0.34236438862775365 -0.47506208311677089 0.31944966679787518 1.4473823615201127 292.50000000000006 -0.44361235573828095 -0.64339360090442133 0.042521628068672795 0.84387890667336085 -0.20804848250204677 0.24362270147400997 -0.67320391788819633 -0.24869741628296455 0.13799947102302154 -1.2701240988966516 -0.44186061608462163 1.0000000180025095e-35 0.83660216938608134 1.0000000180025095e-35
decision_type=2 2 2 2 2 2 2 2 2 2 2 2 2 2 2 2 2 2 2 2 2 2 2 2
left_child=18 -2 13 7 5 -5 12 21 9 14 20 -12 -6 19 -8 23 -17 -14 -1 -3 -11 -4 -18 -7
right_child=1 2 3 4 6 15 8 -9 -10 10 11 -13 17 -15 -16 16 22 -19 -20 -21 -22 -23 -24 -25
leaf_value=0.0051802832683745656 -0.017601440655992378 0.0079293917926431846 -0.010038243436328266 0.021523664849355716 0.031632861432623116 -0.015849105291298238 -0.0037559288856563022 0.0042948544918724246 0.020974152674226084 -0.0085866384071797332 0.018826234902469111 -0.0056229772701174175 -0.0068080604764352579 -0.0057568767001886208 0.027594839937191369 -0.023980386192309463 0.0077661232772794154 0.016666217049974022 0.031989601287474488 0.033470165626268207 -0.032260375158515826 -0.032211566599207604 -0.003944314415021904 -0.03803505620097368
leaf_weight=7.5746146291494352 9.318099766969679 4.8104282319545737 5.0231398493051556 6.8078085333108893 7.8353945016860989 6.1855434775352496 5.3154297173023224 5.7714424133300772 7.2955446988344184 4.7863442152738571 6.3037830889224926 44.740439936518683 7.740390047430993 5.5691811442375174 6.8488942384719831 6.2159324735403088 5.3050879240035993 7.0161702781915638 7.4870400279760361 4.8937687277793875 4.9832040816545398 8.7310066223144513 4.7808570861816406 5.9015423506498337
leaf_count=31 39 20 21 28 32 26 22 24 30 20 26 186 32 23 28 26 22 29 30 20 21 37 20 25
internal_value=0 -0.00183458 -0.000806145 -0.00232514 -6.78674e-07 -0.0105586 0.00365421 -0.0173031 1.27789e-05 -0.00238237 -0.00613383 -0.00203815 0.0155375 0.0133153 0.014548 -0.019147 -0.0088168 0.00449192 0.0205596 0.0241015 -0.0238811 -0.0262904 0.00190537 -0.0301262
internal_weight=197.241 182.179 172.861 157.588 138.062 35.1968 102.866 19.5256 80.2736 72.9781 60.8138 51.0442 22.592 15.2734 12.1643 28.389 16.3019 14.7566 15.0617 9.7042 9.76955 13.7541 10.0859 12.0871
internal_count=818 757 718 655 573 147 426 82 333 303 253 212 93 63 50 119 68 61 61 40 41 58 42 51
is_linear=0
shrinkage=0.03


Tree=13
num_leaves=26
num_cat=0
split_feature=25 18 41 12 36 20 25 42 54 54 53 20 34 49 48 59 29 54 46 46 29 38 55 56 54
split_gain=8.0524 3.09098 3.87036 3.84043 4.68498 4.117 4.00334 3.65132 7.51729 5.0769 7.05156 4.00991 3.61702 3.56957 3.8325 6.20389 2.8434 2.5739 1.74744 1.36811 1.23554 1.11508 1.03914 0.455721 0.179572
threshold=-1.3436432501424551 0.67553822916924877 -1.539345319923165 -0.6540023254678744 -0.63114653894687422 1.1434242538955646 0.31944966679787518 0.35796803066569433 -0.23285807715245041 0.28393295594440793 1.0000000180025095e-35 0.61825803284751757 0.75167345142610997 -0.50278337931951123 -0.94782581069986327 -1.0000000180025095e-35 -0.24869741628296455 1.43188420230086 0.21427253068549243 -0.027190322915999925 0.4946685515104457 0.3669264656919965 -0.15458097232990406 1.0000000180025095e-35 0.48021912248580217
decision_type=2 2 2 2 2 2 2 2 2 2 2 2 2 2 2 2 2 2 2 2 2 2 2 2 2
left_child=17 2 19 4 -4 7 21 11 -9 20 12 13 -11 22 -15 -16 -13 -1 -6 -2 -10 24 -5 -12 -7
right_child=1 -3 3 5 18 6 -8 8 9 10 23 16 -14 14 15 -17 -18 -19 -20 -21 -22 -23 -24 -25 -26
leaf_value=0.0050521084876359937 -0.0042681520480994531 0.01353788042051942 -0.013131340635337219 -0.0094049928542657389 0.024930233548698052 -0.014824499633333803 0.003856871150421081 0.032596357548356818 -0.024720119867224589 0.0064552123767467467 0.032298389650774577 -0.0050790191783287499 -0.021996808865322525 0.013439512652690184 -0.022746222423683172 0.00068573051453830764 0.018572706542952535 0.031204868801391401 0.0041678837848991221 -0.028716220709306191 -0.0028128989457453218 -0.030096892960563594 -0.032030734486363364 0.011456316871330724 -0.0032404526715819654
leaf_weight=7.5805141627788526 4.8066520541906357 9.5448826104402524 4.7771308720111874 6.4299084097146988 9.3436919152736682 5.2074820995330864 6.9640716761350623 6.3603492677211753 5.2608358711004239 7.4769119024276751 4.9265412092208845 6.9399466812610617 5.7206924259662628 7.4828749895095745 14.576617896556842 26.174173727631594 8.4782404154539091 7.4814385175704956 7.7819196730852118 5.2415601015090925 5.2503946572542191 7.7261692136526099 5.1584126204252154 5.6336176544427872 4.7617326378822327
leaf_count=31 20 39 20 27 38 22 29 26 22 31 20 29 24 31 61 109 35 30 32 22 22 33 22 23 20
internal_value=0 -0.00178733 -0.00277931 -0.00153133 0.00968239 -0.00340514 -0.0141731 -0.000910531 0.00613609 0 0.00769694 -0.00483942 -0.00645577 -0.00837929 -0.00430251 -0.00806388 0.00806566 0.0200544 0.0169134 -0.0196143 -0.0159948 -0.0213283 -0.0224517 0.0244849 -0.010962
internal_weight=197.087 182.025 172.48 162.432 21.9027 140.529 24.6595 115.87 40.6293 34.269 23.7578 75.2402 13.1976 59.822 48.2337 40.7508 15.4182 15.062 17.1256 10.0482 10.5112 17.6954 11.5883 10.5602 9.96921
internal_count=818 757 718 676 90 586 104 482 168 142 98 314 55 250 201 170 64 61 70 42 44 75 49 43 42
is_linear=0
shrinkage=0.03


Tree=14
num_leaves=23
num_cat=0
split_feature=25 30 30 50 30 40 39 54 46 38 44 34 16 25 41 52 54 42 32 51 44 48
split_gain=7.6674 3.01089 3.65703 4.61457 10.5931 6.35584 4.78157 4.54168 4.81981 4.80536 3.8743 3.66093 3.65644 3.92641 3.3043 3.04452 2.68334 7.18981 2.48483 2.42697 2.27486 1.33447
threshold=-1.3436432501424551 -1.5576131189271785 -0.82846388074752364 -0.51199880961183164 -0.34236438862775365 -0.94067192369094543 -0.36554990660748998 1.0238286384779689 0.30401088371162016 0.91337794712662557 -0.45828526379422591 0.26653928702286594 0.024700104983847556 -0.64339360090442133 -0.92567028041191424 1.0000000180025095e-35 0.65642335377050431 0.35796803066569433 0.13799947102302154 -1.0000000180025095e-35 0.71156134498616741 0.40930771754375606
decision_type=2 2 2 2 2 2 2 2 2 2 2 2 2 2 2 2 2 2 2 2 2 2
left_child=18 -2 10 4 -4 6 -5 8 9 12 15 14 -7 -14 -10 -3 17 20 -1 -16 -6 -12
right_child=1 2 3 5 16 7 -8 -9 11 -11 21 -13 13 -15 19 -17 -18 -19 -20 -21 -22 -23
leaf_value=0.0048527554823372876 -0.017161224408900545 0.013164461179948397 0.02173640629039723 0.0031515662912478541 -0.029148352656133313 -0.017457811039793745 -0.03220632778271966 0.021171824756121841 -0.0012555554432820966 -0.026328350486868036 0.0062915438480724509 -0.0074604712307353308 0.020784305728148187 -0.001038065401640296 0.0083006105923688379 -0.012496067087434174 -0.033614734579146294 0.016358302976539989 0.030528944542416343 0.035730853168528968 -0.004876305015138741 0.031531274642549505
leaf_weight=7.5868163555860502 9.2781243175268155 6.0672488957643527 5.5808423757553092 4.8016766309738159 10.135686069726953 8.3494658023118955 7.2434901446104032 9.5423643589019758 5.5504891425371214 5.9210328459739676 4.8546520173549634 5.8050378859043112 7.2859849035739748 44.531775116920485 7.2442258596420324 7.6842107474803925 7.7518144547939292 4.8443265706300727 7.4716529846191406 7.0968347191810572 6.9199105054140082 5.3786211460828781
leaf_count=31 39 25 23 20 43 35 31 39 23 25 20 24 30 185 30 32 33 20 30 29 29 22
internal_value=0 -0.00174957 -0.000745878 -0.00255537 -0.0118021 0.000382579 -0.0188802 0.00297279 0.000706399 -0.00352882 0.00972051 0.0114133 -0.000601997 0.0024162 0.0173387 -0.000599796 -0.0190498 -0.0118136 0.0195665 0.0243516 -0.0208142 0.022404
internal_weight=196.926 181.868 172.59 148.605 35.2326 113.372 12.0452 101.327 91.7848 66.0883 23.9847 25.6966 60.1672 51.8178 19.8915 13.7515 29.6517 21.8999 15.0585 14.3411 17.0556 10.2333
internal_count=818 757 718 619 148 471 51 420 381 275 99 106 250 215 82 57 125 92 61 59 72 42
is_linear=0
shrinkage=0.03


Tree=15
num_leaves=30
num_cat=0
split_feature=25 12 43 46 46 26 40 61 55 57 0 45 30 61 60 33 0 41 32 40 54 32 30 30 54 28 32 21 55
split_gain=7.29424 2.93991 3.86432 3.39388 6.58332 5.41988 5.32012 4.98829 4.5002 4.20075 4.00128 4.19063 3.62947 3.54265 3.44497 3.67424 3.00146 2.57767 2.36494 2.25135 4.10132 2.90373 3.09503 2.78444 1.74301 1.63941 1.28076 1.12103 0.919437
threshold=-1.3436432501424551 1.6949721233116768 -0.17627702660459821 -0.05025077087065629 0.047249482445616178 -0.46765670367774642 1.2420426154903685 195.00000000000003 1.2536204713774166 1.0000000180025095e-35 -0.18327666330936165 0.22911229747534653 1.0000000180025095e-35 496.50000000000006 518.00000000000011 -1.0000000180025095e-35 -0.22634038282904731 -0.38870462083956975 0.13799947102302154 -1.0619338425343516 -0.85733730431601063 0.13799947102302154 1.0000000180025095e-35 -0.22083951559781115 0.12171430814080646 -0.2085120797152957 -0.31329124444485285 0.30231650086894291 -1.2728194229741066
decision_type=2 2 2 2 2 2 2 2 2 2 2 2 2 2 2 2 2 2 2 2 2 2 2 2 2 2 2 2 2
left_child=18 3 26 7 -5 8 10 17 27 14 11 -7 -12 25 19 -16 -4 -2 -1 28 -21 23 -23 -22 -8 -11 -3 -6 -9
right_child=1 2 16 4 5 6 24 9 -10 13 12 -13 -14 -15 15 -17 -18 -19 -20 20 21 22 -24 -25 -26 -27 -28 -29 -30
leaf_value=0.0047285097120408339 -0.0035398104042532862 -0.0069847574534912665 0.010678365782522454 0.02723919872580088 -0.030494812711349947 -0.016141046962807413 0.0019532923194536191 -0.0048300761713296093 0.0076908044943867198 -0.034116535683885924 0.0020431415567115723 0.014784398939126238 0.034181968356334809 0.00030794721180695141 -0.0044935033145644737 0.025334209954241172 -0.013184119817895095 0.020544957110834202 0.029806328032387076 -0.018546549206974183 0.026894678319065279 -0.01849649153045085 0.0096702527475869635 -0.00024539872135396102 -0.020268720791071223 -0.011330834676251907 -0.030536750200895357 -0.0080464740772163267 -0.026080814594851592
leaf_weight=7.5919163227081281 5.2972558587789527 5.4187710881233215 8.7330415248870867 8.780259966850279 5.9354322850704211 5.4448897540569288 4.8432419598102552 4.9924558252096176 5.799755096435546 7.5899685174226805 5.3444919139146831 7.5556802749633789 9.2929342687129957 6.9385338723659506 6.0178323835134506 6.0537305623292905 7.3282805085182181 8.8052410781383497 7.4597496837377548 7.8458984643220857 5.8395811021327928 5.9335927665233594 5.0584212243556976 5.4945671856403555 5.0664284378290176 9.0737065523862839 6.5095588415861148 6.0135945677757263 4.6863046437501819
leaf_count=31 22 23 36 36 25 23 20 21 24 32 22 31 38 29 25 25 31 36 30 33 24 25 21 23 21 38 28 25 20
internal_value=0 -0.00170088 -0.0103776 0 0.00516886 0.000931943 0.00742657 -0.00378059 -0.0120038 -0.00690914 0.0140948 0.00108858 0.0240998 -0.0170235 -0.00185026 0.0111694 -6.38305e-05 0.011643 0.0190947 -0.00620137 -0.00163326 0.00485204 -0.00544939 0.0147793 -0.0100531 -0.0239999 -0.0222598 -0.0218008 -0.017775
internal_weight=196.745 181.693 27.9897 153.704 64.0767 55.2964 37.5477 89.6271 17.7488 75.5246 27.638 13.0006 14.6374 23.6022 51.9224 12.0716 16.0613 14.1025 15.0517 39.8508 30.1721 22.3262 10.992 11.3341 9.90967 16.6637 11.9283 11.949 9.67876
internal_count=818 757 118 639 265 229 155 374 74 316 114 54 60 99 217 50 67 58 61 167 126 93 46 47 41 70 51 50 41
is_linear=0
shrinkage=0.03


Tree=16
num_leaves=29
num_cat=0
split_feature=54 56 61 54 61 46 40 53 54 33 46 13 47 40 57 40 47 47 29 2 36 29 29 45 18 12 37 39
split_gain=6.64114 3.40441 5.91818 5.8475 5.46774 3.75518 5.25899 4.1981 4.16735 4.71153 3.58266 3.40102 6.63945 3.30491 3.14543 3.71769 3.11579 5.16883 3.04122 2.98971 2.94611 2.6341 2.4571 2.15413 2.00432 1.56716 1.01795 0.358487
threshold=1.4578097351581785 -0.78166572948503521 240.50000000000003 1.1090143478614862 518.00000000000011 -0.36872709471226289 1.3633045343337746 -0.39196979978014962 -0.37397306211034725 0.72646569478128142 -0.85008111927689878 0.17305029897557037 0.51771377768576488 -0.45562424831732035 1.0000000180025095e-35 -0.33436232947391392 -0.031316479357725011 -0.31318017152114336 -0.24869741628296455 -0.38055945019566839 1.0000000180025095e-35 -0.62038040017966944 -0.24869741628296455 -0.69965311986248524 0.59602866420873368 0.57171155348582425 -0.32184366219267352 -0.68138066743343018
decision_type=2 2 2 2 2 2 2 2 2 2 2 2 2 2 2 2 2 2 2 2 2 2 2 2 2 2 2 2
left_child=1 2 -1 5 14 7 8 11 9 22 -9 12 -3 -10 15 -4 17 25 -6 -11 -2 -18 -7 -17 -16 -15 -12 -24
right_child=20 3 4 -5 18 6 -8 10 13 19 26 -13 -14 16 24 23 21 -19 -20 -21 -22 -23 27 -25 -26 -27 -28 -29
leaf_value=0.028734701789827077 0.027006154010738834 0.008931266841944863 0.017660601048655088 -0.027649538762232018 0.001775408162845432 0 -0.021499714400652261 -0.00087556222012837655 -0.0087906533464950001 0.020030434548119362 -0.0090128633641619587 0.015155821306854516 -0.031633809630525485 0.0036719580384930992 -0.025056671783106655 -0.01783964471473785 0.0023413511245575108 -0.013347446614806023 0.029674697833234849 -0.0065819925344876885 0.0010707641334830528 0.030766088384807266 -0.0093964552616442425 0.0051346957026033912 0 0.027061105917147332 -0.030475776658640652 -0.028819823948609782
leaf_weight=6.3328219950199118 9.5809892266988772 7.1899338513612765 6.4912578761577633 7.5836705416440955 8.3719011843204481 7.1591728478670147 6.4821831434965125 9.1123936325311679 5.4978128224611273 7.3228502720594406 5.4993497878313109 7.7000836580991736 4.7436942607164383 6.2888058274984324 8.0292730480432493 6.8374738097190857 4.8314962834119788 7.174544721841813 5.5973278880119315 5.2165234088897687 7.0960577726364127 10.760336652398111 4.8057112246751812 5.0601552277803439 4.8059291243553153 5.0907799005508423 10.668926730751988 5.2428470402956
leaf_count=26 39 30 27 32 35 30 27 38 23 30 23 32 20 26 34 29 20 30 23 22 29 44 20 21 20 21 45 22
internal_value=0 -0.00172048 0.00464925 -0.00434756 0.000331054 -0.00251427 0.00150227 -0.00925787 0.0041451 -0.00409102 -0.0169986 0.000924358 -0.0084787 0.0103948 -0.00649918 0.00131115 0.0138921 0.00454624 0.0151357 0.00901161 0.0172998 0.0232875 -0.0139167 -0.00813974 -0.0170738 0.0165342 -0.0249001 -0.0224772
internal_weight=196.574 179.897 51.5261 128.371 45.1933 120.787 75.8731 44.9144 69.3909 29.7471 25.2807 19.6337 11.9336 39.6438 31.2241 18.3889 34.146 18.5541 13.9692 12.5394 16.677 15.5918 17.2077 11.8976 12.8352 11.3796 16.1683 10.0486
internal_count=818 750 215 535 189 503 315 188 288 124 106 82 50 164 131 77 141 77 58 52 68 64 72 50 54 47 68 42
is_linear=0
shrinkage=0.03


Tree=17
num_leaves=28
num_cat=0
split_feature=25 18 41 40 34 47 29 46 23 44 33 54 36 49 12 37 32 47 37 44 54 54 61 47 54 12 46
split_gain=6.8176 2.91129 3.6076 3.67098 7.56421 5.52974 5.875 5.26841 5.33638 4.32652 4.12827 3.74414 3.49813 3.29112 4.06642 2.93879 3.2917 2.87684 2.73202 2.23418 2.18345 1.75284 1.60166 1.61467 1.57814 1.34237 1.33483
threshold=-1.3436432501424551 0.67553822916924877 -1.539345319923165 -0.94067192369094543 -0.42952277494700591 -0.019434829250484332 1.238034519303856 -0.217577375627554 0.3164998595107264 1.0000000180025095e-35 1.0000000180025095e-35 1.2301297869561594 1.0000000180025095e-35 -0.50278337931951123 -0.45509865744931166 0.45692605361683197 -1.0000000180025095e-35 -0.57551433011951525 -0.32184366219267352 -0.45828526379422591 1.43188420230086 -0.33470059310307948 240.50000000000003 0.95395383475389739 0.27196138495239047 -0.59609975732116072 -0.027190322915999925
decision_type=2 2 2 2 2 2 2 2 2 2 2 2 2 2 2 2 2 2 2 2 2 2 2 2 2 2 2
left_child=20 2 26 4 -4 7 9 19 13 12 11 24 15 21 25 16 -7 -10 -16 -5 -1 -9 -6 -24 -11 -15 -2
right_child=1 -3 3 5 22 6 -8 8 17 10 -12 -13 -14 14 18 -17 -18 -19 -20 -21 -22 -23 23 -25 -26 -27 -28
leaf_value=0.0046081899185538185 -0.0038768215639433789 0.013205234153024943 0.01328596041275166 -0.0057633028153068954 -0.0034842901772650331 0.013678123884409065 0.028602625591921539 -0.020789184191737382 -0.0014148336477142326 0.01240643702749474 -0.0073357939597900818 -0.0019681019608011551 0.01031947578400929 0.0092674609128610749 0.0086304306807717755 -0.026130429509422261 -0.01146426281758239 -0.028480543645412054 -0.01164916971290892 -0.03143794707090837 0.02878955779492132 0.001688419796716146 -0.03377490184771581 -0.007305064680721049 0.038299398166217948 0.032425215317249789 -0.027933352795940197
leaf_weight=7.5925770252943021 4.7828767597675323 9.5515361875295621 6.5316020995378521 7.1368115991353989 4.748328477144244 5.5562283843755749 8.1072206646203977 4.6572369933128357 7.4264437109231949 7.5205897092819267 5.9732785224914542 4.8774340897798529 9.2088064253330213 7.8277832418680191 13.234960615634906 5.8878416270017615 12.150401577353479 6.63000839948654 8.5371263325214759 6.9565571993589312 7.4331337660551071 5.020833507180205 8.5614276528358442 4.7210064828395835 5.6879978775978088 4.9179637283086652 5.1904857456684095
leaf_count=31 20 39 27 30 20 23 33 20 31 31 25 20 38 32 55 25 51 28 36 30 30 21 37 20 23 20 22
internal_value=0 -0.00165955 -0.00262747 -0.00142142 -0.0117538 0.0004906 0.00680178 -0.00511892 -0.000843095 0.00293547 0.0122787 0.0191288 -0.00397962 0.00424107 0.00862888 -0.0100828 -0.00281027 -0.0160818 0.000182402 -0.0206263 0.018461 -0.00992962 -0.0214554 -0.0264685 0.0267333 0.0210974 -0.0189348
internal_weight=196.428 181.403 171.851 161.878 24.5624 137.316 64.9698 72.3457 58.2524 56.8626 24.0593 18.086 32.8033 44.1959 34.5178 23.5945 17.7066 14.0565 21.7721 14.0934 15.0257 9.67807 18.0308 13.2824 13.2086 12.7457 9.97336
internal_count=818 757 718 676 104 572 269 303 243 236 99 74 137 184 143 99 74 59 91 60 61 41 77 57 54 52 42
is_linear=0
shrinkage=0.03


Tree=18
num_leaves=26
num_cat=0
split_feature=25 12 18 45 35 12 46 61 18 36 42 20 55 26 25 41 26 54 13 32 42 59 59 20 59
split_gain=6.4971 2.80564 4.42928 8.65594 3.38192 3.29214 4.57546 4.10395 3.85503 4.03033 3.40359 5.66141 4.27373 3.16362 3.27874 3.04178 2.29317 3.73594 3.95728 2.10453 1.84191 1.6246 8.3871 1.20413 0.0403097
threshold=-1.3436432501424551 1.6949721233116768 0.46791158510555392 0.18720784094205251 -0.24234666647469441 -0.32248835559153505 -0.10569479464423083 96.000000000000014 0.33425429028814785 -0.63114653894687422 0.35796803066569433 0.88084114337154096 -0.3965090836709349 -1.1805438871285321 -0.64339360090442133 1.2221923578774643 -0.94291482597827037 -0.051388325938265512 -0.90210299164308683 0.13799947102302154 1.2419612688787767 0.29460066002488744 -1.0000000180025095e-35 -1.0000000180025095e-35 1.0000000180025095e-35
decision_type=2 2 2 2 2 2 2 2 2 2 2 2 2 2 2 2 2 2 2 2 2 2 2 2 2
left_child=19 5 3 -3 -5 7 -7 -2 10 23 13 12 -12 -9 -15 -14 -11 18 -18 -1 -13 22 -16 -10 -4
right_child=1 2 24 4 -6 6 -8 8 9 16 11 20 15 14 21 -17 17 -19 -20 -21 -22 -23 -24 -25 -26
leaf_value=0.0044426210481525062 0.015889098029472335 0.023825616111604993 -0.030476920935230002 -0.03088044818080735 0 -0.0027809540634480727 0.025716062934990888 0.0047094169523998952 0 -0.0038164098508825317 -0.0078057580284132816 -0.027629479271962045 0.025178217202158872 0.0012608323271946146 -0.025237824426411263 -0.00071101239709294003 0.0002278864606283715 -0.00022725706400962472 0.033878044696085144 0.028180955914887781 -0.0015422116273191731 -0.029031791541415709 0.0086419975367005783 -0.01942962349690816 -0.012642723937574872
leaf_weight=7.597508564591406 9.5104854702949506 6.5469767302274766 4.8379953950643522 5.0711495578289059 5.7605322599410966 9.0432126969099063 8.5380221903324109 7.8993254452943793 4.7462620586156845 7.2196336388587943 8.270322799682619 4.9665932059288007 10.792717114090921 8.5562429279088956 15.767166450619689 5.3381501436233512 5.0690624713897714 9.2453510761261004 8.8552344590425491 7.4139141291379929 5.0482947677373886 10.130113482475279 9.3097415417432874 5.0241560637950879 5.6531606763601303
leaf_count=31 39 27 21 22 24 38 35 33 20 30 35 21 44 36 67 22 21 38 36 30 21 43 39 21 24
internal_value=0 -0.00162558 -0.0101199 -8.597e-05 -0.0161654 0 0.0116773 -0.0016218 -0.00315909 0.00431869 -0.00673054 0.000434748 0.00835413 -0.0114943 -0.0146108 0.0169389 0.00973971 0.0141822 0.0232304 0.0180251 -0.0169144 -0.0185254 -0.0126564 -0.0110623 -0.024151
internal_weight=196.211 181.2 27.8698 17.3787 10.8317 153.33 17.5812 135.749 126.238 40.1597 86.0787 34.4161 24.4012 51.6626 43.7633 16.1309 30.3893 23.1696 13.9243 15.0114 10.0149 35.207 25.0769 9.77042 10.4912
internal_count=818 757 118 73 46 639 73 566 527 166 361 143 101 218 185 66 125 95 57 61 42 149 106 41 45
is_linear=0
shrinkage=0.03


Tree=19
num_leaves=26
num_cat=0
split_feature=54 56 38 27 12 61 61 21 26 34 37 21 38 46 54 34 24 39 36 54 32 31 39 45 54
split_gain=5.83701 3.3109 5.52738 6.99012 6.87629 5.4599 5.07189 3.6204 3.11915 3.25922 3.60904 2.9411 3.34699 3.9204 5.26362 5.38433 3.93766 3.85409 2.84675 2.11298 1.70104 4.55263 2.52721 3.6641 0.461644
threshold=1.4578097351581785 -0.78166572948503521 -0.68954639841495347 -1.0884516692400696 -0.67065247654112747 240.50000000000003 518.00000000000011 0.30231650086894291 0.24523047977303927 -1.030667283011895 -0.062253756922838507 -2.6628501383492238 1.1319585397004774 -0.32680675177901303 -0.44809996567830696 0.23490010238787157 -1.0000000180025095e-35 -0.80260863623530654 1.0000000180025095e-35 -0.31451003594324001 -0.31329124444485285 -0.39173018166091961 0.16721511417970253 -0.02864400136596745 -0.97235816241952711
decision_type=2 2 2 2 2 2 2 2 2 2 2 2 2 2 2 2 2 2 2 2 2 2 2 2 2
left_child=1 5 20 -4 7 -1 8 -5 9 -7 -11 -6 13 16 17 -16 -13 -15 -2 -8 21 24 23 -22 -3
right_child=18 2 3 4 11 6 19 -9 -10 10 -12 12 -14 14 15 -17 -18 -19 -20 -21 22 -23 -24 -25 -26
leaf_value=0.027769600173657497 0.025759098182464416 -0.0063031365981881101 0.02807411405799733 -0.00017763501114832425 0.010624718643297362 0.0037704159578635494 0.02738495731729786 0.028907290793239771 0.0088936245704131795 -0.0035817095540119854 -0.032491868050261045 0 -0.024342177100568688 0.0021592414520013627 0.020247591545484656 -0.0051829299671181783 -0.02725431864482392 -0.025681006824987907 0.0004091405327296152 0.0033699738555643521 -0.023622182723720648 0.012605118541342289 -0.034508649041541252 0.0083492837344527598 -0.023766690383420434
leaf_weight=6.3465362340211859 9.5518425107002276 5.058033049106597 5.6342595964670172 6.3283756077289564 6.7704638242721549 7.4475950002670315 5.3558702170848838 6.9127805829048157 7.6580911725759497 8.714277446269989 7.2399075627326974 8.3538179546594638 8.772281810641287 7.1973365843296042 13.56357197463514 13.388612046837805 10.369558647274962 8.2583915144205005 7.0833452492952338 8.6196770817041379 5.1811964064836493 5.7495635002851477 6.5002802759408942 4.7581771016120937 5.1899161487817755
leaf_count=26 39 21 23 26 28 31 22 28 32 37 31 35 37 30 56 56 44 35 29 36 22 24 28 20 22
internal_value=0 -0.00163026 -0.00422618 -0.000459864 -0.00274481 0.00465887 0.000482966 0.015996 -0.00612336 -0.0115182 -0.0187096 -0.00630283 -0.00821512 -0.00527754 0 0.00779674 -0.0161471 -0.0133185 0.0162225 0.0147233 -0.014633 -0.0062267 -0.0212742 -0.00870442 -0.0175634
internal_weight=196.004 179.369 127.987 95.5495 89.9152 51.382 45.0354 13.2412 31.0599 23.4018 15.9542 76.674 69.9036 61.1313 42.4079 26.9522 18.7234 15.4557 16.6352 13.9755 32.4372 15.9975 16.4397 9.93937 10.2479
internal_count=818 750 535 398 375 215 189 54 131 99 68 321 293 256 177 112 79 65 68 58 137 67 70 42 43
is_linear=0
shrinkage=0.03


Tree=20
num_leaves=29
num_cat=0
split_feature=25 12 43 18 12 39 21 21 30 54 55 38 18 45 37 53 47 51 26 19 55 53 46 54 45 39 60 12
split_gain=6.05982 2.70424 4.21021 4.85353 3.30157 4.57831 3.46678 4.4454 5.38408 6.73514 5.04918 7.70295 4.92301 3.61957 3.82131 3.4701 4.13944 3.46435 2.83313 2.78758 2.59875 2.39945 2.18796 1.93758 1.47628 0.9681 0.838917 0.688583
threshold=-1.3436432501424551 1.6528052808076714 -0.17627702660459821 0.50861701421147421 -0.32248835559153505 -0.2295309655355284 -0.88375015481832386 0.30231650086894291 -0.70693900771758111 -1.0000000180025095e-35 -0.3965090836709349 1.1319585397004774 0.64189097176212784 -0.21701755545469689 1.1491658010030597 -1.0000000180025095e-35 -0.62398991697084383 1.0000000180025095e-35 1.0000000180025095e-35 0.97392656033930025 0.60425347111358441 -0.39196979978014962 -0.50415668104345313 1.43188420230086 -0.32558294311004693 -1.0000000180025095e-35 511.50000000000006 2.268773016057815
decision_type=2 2 2 2 2 2 2 2 2 2 2 2 2 2 2 2 2 2 2 2 2 2 2 2 2 2 2 2
left_child=23 4 27 18 6 -6 19 8 9 -8 13 15 20 14 22 21 -17 -18 -4 -2 26 -12 -9 -1 -22 -15 -10 -3
right_child=1 2 3 -5 5 -7 7 10 12 -11 11 -13 -14 25 -16 16 17 -19 -20 -21 24 -23 -24 -25 -26 -27 -28 -29
leaf_value=0.0043379455005848958 0.022902739084790454 -0.027999233740387718 0.025617606043606238 -0.018263606376521396 -0.0032092586413599009 0.025802423521057286 -0.012301916070355247 -0.019157493785363473 -0.034476575040555048 0.027681898274874921 0.0052555038540942267 -0.015542754644702041 0.0067079123072859032 -0.0067174841585633752 0.019205697303111835 -0.014902506397662118 -0.0063657872267229862 0.020257497659617433 -0.0025926327620308335 -0.0016545825659292884 0.00296165437975354 0.03495540577977406 0.0033186996385550097 0.027211011608652944 -0.015963811306134539 -0.02719897821145234 -0.011834582916078832 -0.0077811692808298855
leaf_weight=7.5976453423500043 7.3183054774999601 7.3119646012783068 5.1249020695686358 6.0744971334934226 8.3890569061040896 8.4993122816085798 6.9251983612775803 6.1454261541366604 10.922608152031904 5.3538091182708722 4.865501344203949 8.7424969822168332 5.8251576125621787 5.9205920845270157 5.3355389088392249 5.017704069614406 5.035360813140886 13.06570068001747 5.0599329918622971 6.7259840369224548 4.7791004776954651 7.8159963041543872 6.4424187242984798 7.377917468547821 7.6707402765750867 6.3148176819086057 5.2607300728559485 4.8936725109815598
leaf_count=31 30 32 21 26 35 35 29 26 47 22 20 37 24 25 22 21 21 54 21 28 20 32 27 30 32 27 22 21
internal_value=0 -0.00157604 -0.00981511 0.000133395 4.80999e-06 0.0119788 -0.0015588 -0.00326896 -0.0103838 0.00581177 0.00122049 0.0076067 -0.0163235 -0.00793556 0.000575213 0.0138184 0.00586267 0.0126249 0.0125553 0.0117312 -0.0213088 0.0257447 -0.0080998 0.0174223 -0.00873153 -0.0195409 -0.0290838 -0.0220696
internal_weight=195.812 180.837 28.465 16.2593 152.372 16.8884 135.483 121.439 46.7373 12.279 74.7016 44.5428 34.4583 30.1588 17.9234 35.8003 23.1188 18.1011 10.1848 14.0443 28.6332 12.6815 12.5878 14.9756 12.4498 12.2354 16.1833 12.2056
internal_count=818 757 121 68 636 70 566 508 196 51 312 185 145 127 75 148 96 75 42 58 121 52 53 61 52 52 69 53
is_linear=0
shrinkage=0.03


Tree=21
num_leaves=27
num_cat=0
split_feature=54 56 54 61 61 38 27 12 21 26 18 30 40 54 54 26 29 54 29 20 55 28 12 37 29 40
split_gain=5.34156 3.14488 5.37333 5.1507 4.7692 3.82537 5.24545 5.59363 3.38237 2.95466 3.36935 2.9036 4.59545 5.21462 4.92355 3.48209 3.08396 2.91433 2.84196 2.72743 2.07236 3.05781 2.76553 1.87182 0.343182 0.111298
threshold=1.4578097351581785 -0.78166572948503521 1.1090143478614862 240.50000000000003 518.00000000000011 -0.68954639841495347 -1.0884516692400696 -0.67065247654112747 0.30231650086894291 0.24523047977303927 0.64794411810790431 0.8728843416716715 -0.45562424831732035 -0.56571924085297909 -0.16023158491434122 -1.0000000180025095e-35 -0.24869741628296455 0.20362231474544604 -0.24869741628296455 1.0000000180025095e-35 -1.0101342575247165 -0.2085120797152957 -0.50710313323412326 -0.32184366219267352 -1.0000000180025095e-35 -0.81941000484753912
decision_type=2 2 2 2 2 2 2 2 2 2 2 2 2 2 2 2 2 2 2 2 2 2 2 2 2 2
left_child=1 3 5 -1 9 20 -7 8 -8 10 23 12 15 16 -15 -9 -14 -13 -6 -2 22 25 -3 -5 -25 -22
right_child=19 2 -4 4 18 6 7 11 -10 -11 -12 17 13 14 -16 -17 -18 -19 -20 -21 21 -23 -24 24 -26 -27
leaf_value=0.026991699292108887 0.026613556581936846 -0.017934961931625068 -0.026586081373179967 -0.0024726116610093553 0.0014003439660236229 0.025905731077842564 -0.00055476297936897772 0 0.028067081000835745 0.0086693231405008554 0.0075904902428167087 -0.024966585858160865 0.0031846161527418031 0.025677958807778106 0.0011100530698211031 -0.029957060761498473 -0.023313955194083667 0.0015741362181304816 0.028291164323174085 0.0020313791325601554 -0.034386293991011334 0 0.0071283068601459094 -0.010917616772290986 -0.030139938877313793 -0.014343403605365646
leaf_weight=6.3594624102115622 8.0720024853944796 4.7698539048433295 7.4672650545835486 6.5923430025577607 8.3631084412336332 5.3999567031860343 5.8297599554061872 5.9212359040975571 6.929942712187767 7.6626430898904792 5.2755790054798117 9.208387687802313 5.9511450827121735 9.7337032258510501 23.237569317221663 6.2735135555267245 7.3250238299369723 4.8281663209199897 5.6256675571203223 8.5264194756746274 4.5852640718221656 5.2628930062055579 9.0482631176710147 5.3690545707941091 6.0700471848249418 5.9043630659580222
leaf_count=26 33 20 32 28 35 22 24 25 28 32 22 39 25 40 97 27 31 20 23 35 20 22 38 23 26 25
internal_value=0 -0.00156318 -0.0040982 0.0045675 0.000497334 -0.00234154 0.000699044 -0.00124904 0.0158866 -0.00592244 -0.0111958 -0.00460777 -0.00139279 0.00293003 0.00933875 -0.0167501 -0.0119122 -0.0161806 0.0142946 0.0155324 -0.0114383 -0.01844 -0.00204061 -0.0171602 -0.023893 -0.026811
internal_weight=195.593 178.994 127.676 51.3179 44.9584 120.209 90.6384 85.2384 12.7597 30.9697 23.307 72.4787 58.4422 46.2474 32.9713 12.1947 13.2762 14.0366 13.9888 16.5984 29.5706 15.7525 13.8181 18.0314 11.4391 10.4896
internal_count=818 750 535 215 189 503 378 356 52 131 99 304 245 193 137 52 56 59 58 68 125 67 58 77 49 45
is_linear=0
shrinkage=0.03


Tree=22
num_leaves=29
num_cat=0
split_feature=54 56 54 61 61 38 27 12 42 37 46 28 37 59 21 47 57 44 44 45 29 30 29 55 37 58 26 16
split_gain=5.08165 3.00131 5.13878 4.89058 4.54721 3.66743 4.9914 5.31342 3.63509 4.96134 4.56623 3.75634 3.2392 10.1635 3.21482 3.0334 2.94725 5.83198 5.17608 2.92582 2.69389 2.23824 4.41748 2.2313 1.79463 1.39538 1.19005 0.509753
threshold=1.4578097351581785 -0.78166572948503521 1.1090143478614862 240.50000000000003 518.00000000000011 -0.68954639841495347 -1.0884516692400696 -0.67065247654112747 0.35796803066569433 -0.95639676396338202 -0.36872709471226289 0.87423588774300576 -0.32184366219267352 1.0000000180025095e-35 0.30231650086894291 -1.0000000180025095e-35 1.0000000180025095e-35 1.0000000180025095e-35 -0.31205443769667673 1.0000000180025095e-35 -0.24869741628296455 -0.34236438862775365 -0.62038040017966944 -0.97231338380344656 -0.32184366219267352 -1.0000000180025095e-35 -0.34884217310261556 0.33866986653806613
decision_type=2 2 2 2 2 2 2 2 2 2 2 2 2 2 2 2 2 2 2 2 2 2 2 2 2 2 2 2
left_child=1 3 5 -1 16 19 -7 14 9 -9 -10 24 13 -11 -8 -14 18 -18 -5 25 -6 -2 -23 -21 -12 -3 -20 -27
right_child=21 2 -4 4 20 6 7 8 10 12 11 -13 15 -15 -16 -17 17 -19 26 23 -22 22 -24 -25 -26 27 -28 -29
leaf_value=0.026285121717750808 0.029436279772538088 -0.025519198664794615 -0.026063775658861022 0.018108246492159166 0.001364432423977981 0.025246878411138918 -0.00054155922670061222 -0.027326624622345023 -0.015988359775792223 -0.019876170969756541 0.030156369220545518 -0.0067399697239295502 -0.021457570638575084 0.021964275624069766 0.027329963123953329 0 -0.033783818811483061 0.0034418378973210258 0 0.012681595872195041 0.027549221231279741 0.023354140976299752 -0.0098413404479550937 -0.011799219517662853 0.0043415046768588046 0 -0.019817554053884176 -0.012638823621491331
leaf_weight=6.3745840787887564 5.1497957706451443 9.6065344661474263 7.4191880226135245 8.1525939851999283 8.3651721179485303 5.4135803729295722 5.8293191194534284 9.1504068821668607 5.2226445972919491 7.3007532060146287 6.8648625165224111 5.0373992323875418 11.067996546626087 11.282277107238768 6.9435846507549286 11.363938853144656 6.2407747209072095 6.4179452210664749 4.9305341839790335 5.7281670868396759 5.6439701914787284 5.1457321047782907 6.3041219264268848 4.6737833917140943 5.089959502220152 4.7515916526317596 5.1825727075338408 4.7410851269960403
leaf_count=26 21 41 32 34 35 22 24 39 22 31 28 21 47 47 28 48 27 27 21 24 23 21 26 20 21 20 22 20
internal_value=0 -0.00152826 -0.00400823 0.00445902 0.000484306 -0.00229125 0.000684113 -0.00121822 -0.00449858 -0.00893585 0.00520004 0.0128055 -0.00387239 0.00497077 0.0154694 -0.0113013 -0.00579141 -0.0161216 0.00174431 -0.0112101 0.0139448 0.0151466 0.00559098 0.00107704 0.0213206 -0.0177844 -0.0115657 -0.00699695
internal_weight=195.395 178.795 127.487 51.3081 44.9336 120.068 90.5667 85.1531 72.3802 50.1654 22.2149 16.9922 41.015 18.583 12.7729 22.4319 30.9244 12.6587 18.2657 29.5012 14.0091 16.5996 11.4499 10.402 11.9548 19.0992 10.1131 9.49268
internal_count=818 750 535 215 189 503 378 356 304 212 92 70 173 78 52 95 131 54 77 125 58 68 47 44 49 81 43 40
is_linear=0
shrinkage=0.03


end of trees

feature_importances:
Column_54=54
Column_12=27
Column_55=27
Column_25=24
Column_46=24
Column_32=22
Column_30=20
Column_39=20
Column_61=20
Column_18=19
Column_20=19
Column_47=19
Column_40=18
Column_29=15
Column_37=15
Column_26=14
Column_28=14
Column_34=14
Column_45=13
Column_21=12
Column_36=12
Column_38=12
Column_42=12
Column_33=11
Column_41=11
Column_59=10
Column_24=9
Column_44=9
Column_43=8
Column_48=8
Column_53=8
Column_19=7
Column_27=7
Column_50=7
Column_16=6
Column_35=6
Column_56=6
Column_13=5
Column_31=5
Column_49=5
Column_60=5
Column_0=4
Column_14=4
Column_51=4
Column_57=4
Column_23=3
Column_11=2
Column_58=2
Column_2=1
Column_15=1
Column_52=1

parameters:
[boosting: gbdt]
[objective: binary]
[metric: binary_logloss]
[tree_learner: serial]
[device_type: cpu]
[data_sample_strategy: bagging]
[data: ]
[valid: ]
[num_iterations: 1800]
[learning_rate: 0.03]
[num_leaves: 96]
[num_threads: 3]
[seed: 42]
[deterministic: 0]
[force_col_wise: 1]
[force_row_wise: 0]
[histogram_pool_size: -1]
[max_depth: 10]
[min_data_in_leaf: 20]
[min_sum_hessian_in_leaf: 0.001]
[bagging_fraction: 0.85]
[pos_bagging_fraction: 1]
[neg_bagging_fraction: 1]
[bagging_freq: 0]
[bagging_seed: 400]
[bagging_by_query: 0]
[feature_fraction: 0.8]
[feature_fraction_bynode: 1]
[feature_fraction_seed: 30056]
[extra_trees: 0]
[extra_seed: 12879]
[early_stopping_round: 0]
[early_stopping_min_delta: 0]
[first_metric_only: 0]
[max_delta_step: 0]
[lambda_l1: 0.2]
[lambda_l2: 1.5]
[linear_lambda: 0]
[min_gain_to_split: 0]
[drop_rate: 0.1]
[max_drop: 50]
[skip_drop: 0.5]
[xgboost_dart_mode: 0]
[uniform_drop: 0]
[drop_seed: 17869]
[top_rate: 0.2]
[other_rate: 0.1]
[min_data_per_group: 100]
[max_cat_threshold: 32]
[cat_l2: 10]
[cat_smooth: 10]
[max_cat_to_onehot: 4]
[top_k: 20]
[monotone_constraints: ]
[monotone_constraints_method: basic]
[monotone_penalty: 0]
[feature_contri: ]
[forcedsplits_filename: ]
[refit_decay_rate: 0.9]
[cegb_tradeoff: 1]
[cegb_penalty_split: 0]
[cegb_penalty_feature_lazy: ]
[cegb_penalty_feature_coupled: ]
[path_smooth: 0]
[interaction_constraints: ]
[verbosity: -1]
[saved_feature_importance_type: 0]
[use_quantized_grad: 0]
[num_grad_quant_bins: 4]
[quant_train_renew_leaf: 0]
[stochastic_rounding: 1]
[linear_tree: 0]
[max_bin: 255]
[max_bin_by_feature: ]
[min_data_in_bin: 3]
[bin_construct_sample_cnt: 200000]
[data_random_seed: 175]
[is_enable_sparse: 1]
[enable_bundle: 1]
[use_missing: 1]
[zero_as_missing: 0]
[feature_pre_filter: 1]
[pre_partition: 0]
[two_round: 0]
[header: 0]
[label_column: ]
[weight_column: ]
[group_column: ]
[ignore_column: ]
[categorical_feature: ]
[forcedbins_filename: ]
[precise_float_parser: 0]
[parser_config_file: ]
[objective_seed: 16083]
[num_class: 1]
[is_unbalance: 0]
[scale_pos_weight: 1]
[sigmoid: 1]
[boost_from_average: 1]
[reg_sqrt: 0]
[alpha: 0.9]
[fair_c: 1]
[poisson_max_delta_step: 0.7]
[tweedie_variance_power: 1.5]
[lambdarank_truncation_level: 30]
[lambdarank_norm: 1]
[label_gain: ]
[lambdarank_position_bias_regularization: 0]
[eval_at: ]
[multi_error_top_k: 1]
[auc_mu_weights: ]
[num_machines: 1]
[local_listen_port: 12400]
[time_out: 120]
[machine_list_filename: ]
[machines: ]
[gpu_platform_id: -1]
[gpu_device_id: -1]
[gpu_device_id_list: ]
[gpu_use_dp: 0]
[num_gpu: 1]

end of parameters

pandas_categorical:null
