tree
version=v4
num_class=3
num_tree_per_iteration=3
label_index=0
max_feature_idx=62
objective=multiclass num_class:3
feature_names=Column_0 Column_1 Column_2 Column_3 Column_4 Column_5 Column_6 Column_7 Column_8 Column_9 Column_10 Column_11 Column_12 Column_13 Column_14 Column_15 Column_16 Column_17 Column_18 Column_19 Column_20 Column_21 Column_22 Column_23 Column_24 Column_25 Column_26 Column_27 Column_28 Column_29 Column_30 Column_31 Column_32 Column_33 Column_34 Column_35 Column_36 Column_37 Column_38 Column_39 Column_40 Column_41 Column_42 Column_43 Column_44 Column_45 Column_46 Column_47 Column_48 Column_49 Column_50 Column_51 Column_52 Column_53 Column_54 Column_55 Column_56 Column_57 Column_58 Column_59 Column_60 Column_61 Column_62
feature_infos=[-1.5786068702435025:10.501672231329842] [-1.078657045938435:12.192777812465927] [-1.4459594993789426:10.812192626140172] [-1.5698225473041754:10.44666576712179] [-1.0777867667488181:12.135965072142724] [-1.4567266328180699:10.79710892568195] [-2.8054346303333291:6.2888317881834483] [-1.4490884529443642:9.5489884601878927] [-2.9790446741205838:5.6739021311168436] [-3.6065848019938005:4.1794316729260323] [-7.4846239196152871:1.8302859133802769] [-2.8986860025406047:5.0505419221143706] [-1.5949528706221707:2.4147925075867742] [-3.6302711616829106:4.2911494071112699] [-2.8566363023029209:5.0952769790943409] [-3.6302711616829106:4.2911494071112699] [-7.7093470616761355:1.4807375897836585] [-2.8566363023029209:5.0952769790943409] [-7.7521903369133502:0.71306624138427932] [-1.7415107122837294:1.6617038014563708] [-1.5044130035675767:1.3434444844714528] [-2.2002981206081116:1.1210876625620236] [-1.4929861464822087:0.66979857941496357] [-2.1500602724505504:2.7269682025559527] [-2.3347312897212942:3.6138053391048315] [-2.4033652412185611:4.8969052180151413] [-4.9000500003120013:3.5587105906369265] [-2.1285363488287898:2.67273035535796] [-2.3482832873086972:4.6951059572136158] [-2.4303018040594817:3.922149829903582] [-2.9764125300433819:4.0678519027386857] [-2.8672030685000132:3.1558826467783723] [-2.4063659488051989:4.3018861598255143] [-2.4038682451729585:6.419944922891081] [-4.7909971379976328:3.6240644110313189] [-2.8482053992752392:3.5880071646290554] [-3.1212471253487224:5.7741120033084279] [-3.2329714233248792:3.4716431010269613] [-3.0667783745210415:4.6774322367580536] [-3.6199728366662765:3.4356182128871229] [-3.6271595419653733:4.5306498621071283] [-2.6104084630360704:2.2543575147127863] [-2.9834073719747356:3.5987883415774058] [-1.7532709551667587:3.2930635363239031] [-3.2919907966402224:4.1641459966691858] [-2.4365004169897269:5.1944384547475924] [-2.3188895541440018:5.4714214144539381] [-4.4366453461668733:4.2300731229945256] [-4.0100675552839942:3.0342615453605584] [-0.96946416489867504:4.5341307715416068] [-0.97054162635942576:4.7276218018962117] [-5.4707469746838671:9.5936684553544822] [-4.0529719282192271:4.265546934620744] [-4.4563585479744203:4.4044882302363861] [-2.6112860072241042:3.081885538989261] [-2.6535424081733989:3.3208320586695437] [-1.2278079773372248:3.1562334499023317] [-1.1886771691260316:2.7600959398292932] [-1.2438556030969001:2.9653517577830097] [-2.7266397321437403:2.8121882174166988] [61:814] [61:814] [0:2]
tree_sizes=3273 3825 4122 3411 3973 4044 3806 3948 4053 3185 3017 4224 4248 3644 4036

Tree=0
num_leaves=30
num_cat=0
split_feature=14 11 48 46 40 35 24 37 53 36 27 14 24 45 7 40 57 54 43 14 12 40 55 37 19 50 45 31 26
split_gain=25.4389 10.7592 6.92209 5.737 4.50217 4.67558 6.86422 4.09679 4.54143 3.92307 3.69093 4.58895 3.5146 3.46244 4.98269 3.79407 3.25522 3.20281 3.1113 2.59194 2.53476 2.43349 2.41885 2.05322 1.80104 1.11204 0.867453 0.334971 0.104904
threshold=-0.93795451338150382 0.4864442692707151 1.2014899835881556 0.18323555466057198 1.7433983157156905 0.90625192966893275 -1.405272441467212 -0.44825057590890333 -0.34239397237654612 0.91461025709757726 0.59218145021036861 0.33764320530680197 -1.1574167485994569 0.057707293375399281 1.6271794935712043 -0.56798101543818513 -0.69508053050661589 0.84257182620550053 -0.23937060771956012 0.88642287792346541 -0.29676064130274143 0.78194220737857412 1.5915004193265692 -0.87394038697886134 0.077448769198048217 -0.4617770345508867 -0.60791659693862077 -0.60854592527061835 0.32447859997998402
decision_type=2 2 2 2 2 2 2 2 2 2 2 2 2 2 2 2 2 2 2 2 2 2 2 2 2 2 2 2 2
left_child=3 2 4 13 5 6 -2 12 -9 10 11 16 -3 -1 15 -15 -8 22 -12 27 -5 25 -14 -23 -11 -7 -20 -10 -4
right_child=1 7 28 20 -6 21 9 8 19 24 18 -13 17 14 -16 -17 -18 -19 26 -21 -22 23 -24 -25 -26 -27 -28 -29 -30
leaf_value=-0.7610348087328227 -0.76477825766599739 -0.78460181970396825 -0.75976659738545282 -0.74439503869369006 -0.80207347332657053 -0.75824465458072099 -0.79272591913960599 -0.77335282143718553 -0.80529554084346011 -0.78295636417392267 -0.78295636417392267 -0.76619110733521811 -0.81079911213698685 -0.80108542240248348 -0.76122635699647756 -0.77738430583744478 -0.78380118949686184 -0.78423825740730058 -0.79179666552950345 -0.78295636417392267 -0.77017146424374749 -0.79015807428605667 -0.79111310302167348 -0.77136140044585766 -0.76420805941223424 -0.77613486907526075 -0.80851439764732624 -0.79179666552950345 -0.77264641846978577
leaf_weight=14.144865453243254 13.028165549039839 13.028165549039839 7.8168993294239026 12.283698946237566 10.422532439231871 8.5613659322261828 52.857128798961639 13.772632151842116 8.9335992336273211 8.1891326308250445 9.6780658364295977 8.9335992336273176 28.66196420788765 8.1891326308250445 8.5613659322261793 14.517098754644396 120.23135635256767 7.8168993294239035 8.1891326308250463 13.028165549039839 8.5613659322261793 9.6780658364295977 10.050299137830732 8.1891326308250409 8.5613659322261793 8.5613659322261793 11.911465644836422 8.1891326308250445 7.8168993294239044
leaf_count=38 35 35 21 33 28 23 142 37 24 22 26 24 77 22 23 39 323 21 22 35 23 26 27 22 23 23 32 22 21
internal_value=-0.782956 -0.785786 -0.782935 -0.765935 -0.784016 -0.783214 -0.784737 -0.794061 -0.786742 -0.786012 -0.787156 -0.785457 -0.799135 -0.772699 -0.778921 -0.786278 -0.786621 -0.802901 -0.796733 -0.793213 -0.753144 -0.773225 -0.806332 -0.781622 -0.772711 -0.765598 -0.803068 -0.800394 -0.76439
internal_weight=472.364 406.107 302.626 66.2575 286.992 276.569 241.579 103.481 43.9235 228.551 211.801 182.022 59.5573 45.4125 31.2676 22.7062 173.088 46.5292 29.7787 30.1509 20.8451 34.9899 38.7123 17.8672 16.7505 17.1227 20.1006 17.1227 15.6338
internal_count=1269 1091 813 178 771 743 649 278 118 614 569 489 160 122 84 61 465 125 80 81 56 94 104 48 45 46 54 46 42
is_linear=0
shrinkage=1


Tree=1
num_leaves=36
num_cat=0
split_feature=7 37 26 32 19 27 57 19 4 42 35 55 46 46 26 61 51 0 57 61 2 28 46 34 35 26 47 36 57 40 46 5 0 12 25
split_gain=8.11692 6.10789 5.12386 4.58691 5.34198 6.085 4.85879 4.13981 5.3503 5.82784 4.90858 7.32865 4.16916 7.09001 5.15186 4.76358 4.60201 3.6953 2.74082 2.37817 2.13697 1.9887 1.88867 2.87834 1.83739 1.71013 1.79055 1.55645 1.45813 1.15066 0.874422 0.783198 0.528095 0.19617 0.0701859
threshold=0.79810516630802864 -1.618897556351288 -0.17309555242877664 -1.3504373761503643 1.1336187907035968 -0.68815633757276473 1.2793060239710468 -1.2134257015309553 -0.42811063466998406 -0.83153569639038138 0.2626306732785032 0.72153751197940175 0.5656079841585836 -0.22980276488406134 -0.42188262863315668 349.00000000000006 1.0000000180025095e-35 0.43023322838340666 -0.69508053050661589 480.50000000000006 -0.21671674047775022 1.0000000180025095e-35 0.73568187067808222 0.63024443685755727 0.69171151087212313 -0.17309555242877647 0.13322386110869464 -1.0000000180025095e-35 -0.69508053050661589 -0.4320175253703103 -0.2765198146738273 -0.18742363584583868 0.50513913036610492 0.10715528811412096 1.0000000180025095e-35
decision_type=2 2 2 2 2 2 2 2 2 2 2 2 2 2 2 2 2 2 2 2 2 2 2 2 2 2 2 2 2 2 2 2 2 2 2
left_child=1 2 -1 20 6 31 7 10 9 -9 25 -12 13 16 -15 -14 -10 -17 -11 -2 -3 -20 23 29 32 26 -5 -27 -21 -8 -22 -6 34 -30 -7
right_child=19 3 -4 4 5 24 22 8 12 18 11 -13 15 14 -16 17 -18 -19 21 28 30 -23 -24 -25 -26 27 -28 -29 33 -31 -32 -33 -34 -35 -36
leaf_value=-1.2766875545806131 -1.2753227931252198 -1.276975424153945 -1.2428268807176128 -1.2870498980856122 -1.2758083529532913 -1.2875768772019096 -1.2652999733059298 -1.2605744639448053 -1.2732511758058866 -1.2692531877655371 -1.2498724060954844 -1.2845582202435963 -1.255810974956908 -1.2716494826019566 -1.2436850771017516 -1.2741290413337967 -1.2530867352918769 -1.296623983671416 -1.2807985189206004 -1.2792073107394366 -1.3000387981057331 -1.2982968154515295 -1.295843117722425 -1.2945213460838974 -1.2780895380325568 -1.2982968154515295 -1.2682132599878038 -1.2781974468522874 -1.2999882478887104 -1.2793210146739997 -1.2821792700172809 -1.2598810602933177 -1.2821792700172809 -1.2861610931822742 -1.2991728145579471
leaf_weight=6.6376608610153198 6.9393727183341971 11.163338720798494 7.8445082902908307 8.1462201476097089 6.0342371463775635 8.4479320049285942 7.8445082902908387 10.258203148841856 56.420117318630219 6.3359490036964408 9.051355719566347 9.956491291522978 6.6376608610153189 9.6547794342041033 20.818118155002594 17.499287724494938 11.465050578117369 8.4479320049285871 14.482169151306158 6.3359490036964443 9.3530675768852216 11.163338720798491 7.5427964329719535 6.3359490036964408 10.559915006160734 11.163338720798491 6.9393727183341971 6.0342371463775661 15.990728437900545 9.9564912915229815 6.0342371463775626 6.0342371463775617 6.0342371463775626 6.0342371463775626 13.275321722030638
leaf_count=22 23 37 26 27 20 28 26 34 187 21 30 33 22 32 69 58 38 28 48 21 31 37 25 21 35 37 23 20 53 33 20 20 20 20 44
internal_value=-1.27669 -1.27527 -1.25715 -1.27616 -1.27509 -1.28385 -1.27332 -1.27174 -1.26953 -1.27865 -1.27909 -1.26758 -1.26656 -1.26351 -1.25171 -1.2761 -1.26932 -1.28192 -1.28508 -1.29009 -1.28776 -1.28941 -1.284 -1.27916 -1.28967 -1.28614 -1.27804 -1.29225 -1.29379 -1.27305 -1.2945 -1.26642 -1.29357 -1.2973 -1.29592
internal_weight=382.872 347.572 14.4822 333.09 306.539 50.3859 256.153 224.474 173.183 42.2397 51.291 19.0078 130.943 98.3581 30.4729 32.5849 67.8852 25.9472 31.9815 35.3003 26.5506 25.6455 31.6797 24.1369 38.3174 32.2832 15.0856 17.1976 28.3609 17.801 15.3873 12.0685 27.7575 22.025 21.7233
internal_count=1269 1152 48 1104 1016 167 849 744 574 140 170 63 434 326 101 108 225 86 106 117 88 85 105 80 127 107 50 57 94 59 51 40 92 73 72
is_linear=0
shrinkage=1


Tree=2
num_leaves=39
num_cat=0
split_feature=11 14 34 2 37 38 19 27 60 40 26 10 43 47 50 34 53 14 42 47 14 19 16 13 36 45 61 40 55 35 30 45 26 26 50 37 16 50
split_gain=24.8568 8.35134 7.38522 6.52294 7.37245 5.94584 4.54329 4.70991 4.24714 4.42814 5.0449 3.79101 4.88451 3.68665 3.82039 4.44402 4.76632 3.94899 3.48743 3.47153 3.28733 3.20125 3.15802 3.11507 2.97971 2.874 2.79364 2.7185 2.16425 3.44247 1.97795 1.83671 1.70531 1.63611 1.46362 1.0086 0.84782 0.259207
threshold=0.10780546403610405 -0.93795451338150382 -1.4735209503996802 -0.79472569301557316 -0.62562133052138569 -0.51283657718431841 1.2509710153153242 0.59218145021036861 138.00000000000003 -1.3837619558454353 -0.42188262863315668 0.54088339873326718 -0.23937060771956012 -1.1029212853779684 -0.2582711978274711 0.95390065028174786 1.0000000180025095e-35 -0.046462639967094869 -0.83153569639038138 -0.53497722061365049 -0.034059199827835444 0.54685766764495869 0.14064713868831163 0.094423494559770102 1.0000000180025095e-35 -0.27331938675419615 472.00000000000006 -1.2477984657775603 1.0734638493170747 0.69171151087212313 0.79730055894701157 -0.23868219780345271 0.94644629049093465 0.20008506187779382 1.0000000180025095e-35 -0.44825057590890333 0.25285073412952225 -0.6652828712743023
decision_type=2 2 2 2 2 2 2 2 2 2 2 2 2 2 2 2 2 2 2 2 2 2 2 2 2 2 2 2 2 2 2 2 2 2 2 2 2 2
left_child=1 27 -2 4 31 21 11 -8 25 10 -10 -7 -13 30 22 16 18 -18 -16 -19 -20 -5 -15 24 26 -3 -24 -1 29 34 -11 -4 -17 -29 -14 -26 -25 -35
right_child=2 8 3 5 -6 6 7 -9 9 13 -12 12 28 14 15 32 17 19 20 -21 -22 -23 23 36 35 -27 -28 33 -30 -31 -32 -33 -34 37 -36 -37 -38 -39
leaf_value=-1.3318539358893213 -1.3436241453111915 -1.3318539358893213 -1.3133509127328824 -1.3255334531581802 -1.3262185805055922 -1.3499911722561511 -1.3318539358893213 -1.29901606416718 -1.3371439618902872 -1.3321803719583685 -1.3042884269074877 -1.3072480898168304 -1.328404267766685 -1.3523849105960319 -1.3491662018433805 -1.3321803719583685 -1.3379500781298117 -1.3321803719583685 -1.3198008443198095 -1.3065747542856248 -1.3368520751953763 -1.2959263801103473 -1.317444273423467 -1.3182193078216402 -1.3391521803844479 -1.3554736072532576 -1.3388162194667235 -1.3368902115573971 -1.3440279345040536 -1.3125561956388956 -1.310683241163918 -1.2808990482256501 -1.3540364754583323 -1.3417418658222742 -1.3455336535147366 -1.3551281337700709 -1.3321803719583685 -1.3553696438265999
leaf_weight=9.0348592698574048 9.3263063430786115 6.4118356108665493 5.8289414644241324 6.7032826840877524 9.6177534162998182 6.9947297573089591 6.7032826840877515 7.5776239037513733 6.1203885376453391 5.8289414644241315 8.4519651234149915 6.7032826840877453 8.4519651234150057 14.572353661060331 9.3263063430786044 5.8289414644241315 6.4118356108665493 5.8289414644241395 15.446694880723944 16.32103610038757 23.607212930917754 9.0348592698574048 5.828941464424136 6.7032826840877515 9.9092004895210284 11.657882928848265 20.10984805226326 8.7434121966361982 9.6177534162998182 6.9947297573089591 7.2861768305301666 8.1605180501937884 7.86907097697258 6.4118356108665422 6.4118356108665457 10.492094635963438 5.8289414644241333 27.687471956014637
leaf_count=31 32 22 20 23 33 24 23 26 21 20 29 23 29 50 32 20 22 20 53 56 81 31 20 23 34 40 69 30 33 24 25 28 27 22 22 36 20 95
internal_value=-1.33185 -1.33685 -1.31985 -1.3174 -1.30387 -1.3222 -1.32696 -1.3131 -1.33411 -1.33271 -1.31767 -1.33185 -1.32791 -1.33409 -1.33537 -1.3313 -1.32837 -1.31895 -1.33403 -1.31316 -1.33006 -1.30654 -1.34039 -1.33689 -1.34049 -1.34744 -1.33327 -1.34747 -1.33305 -1.328 -1.3197 -1.29093 -1.34608 -1.35053 -1.336 -1.34867 -1.32448 -1.3535
internal_weight=369.846 261.719 108.127 98.8006 23.6072 75.1933 59.4552 14.2809 209.842 191.772 14.5724 45.1743 38.1796 177.2 164.085 90.64 76.942 28.5618 48.3802 22.15 39.0539 15.7381 73.4447 58.8723 46.3401 18.0697 25.9388 51.8776 31.4763 21.8585 13.1151 13.9895 13.698 42.8427 14.8638 20.4013 12.5322 34.0993
internal_count=1269 898 371 339 81 258 204 49 720 658 50 155 131 608 563 311 264 98 166 76 134 54 252 202 159 62 89 178 108 75 45 48 47 147 51 70 43 117
is_linear=0
shrinkage=1


Tree=3
num_leaves=31
num_cat=0
split_feature=14 2 48 46 25 33 54 32 40 35 24 36 49 27 46 23 46 45 40 32 37 32 16 54 37 41 10 50 7 27
split_gain=24.0031 9.91686 6.66789 5.47225 5.53411 4.61827 5.05592 4.58668 4.26666 4.55606 6.61897 3.79224 3.93513 4.60167 5.08741 2.86675 2.83752 2.80881 2.33128 2.30925 1.99505 1.93438 1.90903 2.32131 1.80086 1.52592 1.47784 1.06715 0.538843 0.131944
threshold=-0.93795451338150382 -0.48468854596698335 1.2014899835881556 0.18323555466057198 -0.76080438789097804 -0.6152574678626801 -1.4964015388789829 0.69930632370902035 1.7433983157156905 0.90625192966893275 -1.405272441467212 0.91461025709757726 0.89782697425070634 0.59218145021036861 0.76087704881740403 1.0000000180025095e-35 -0.19355686555612825 0.057707293375399281 0.78194220737857412 1.0000000180025095e-35 -0.87394038697886134 1.0000000180025095e-35 0.50067634411156403 -0.85962661184533939 0.36765489530851625 -0.50234320601156601 -0.97905125433700169 -0.4617770345508867 0.93052638997877557 -0.36807189062698159
decision_type=2 2 2 2 2 2 2 2 2 2 2 2 2 2 2 2 2 2 2 2 2 2 2 2 2 2 2 2 2 2
left_child=3 5 8 4 16 -2 -7 15 9 10 -3 12 13 14 -12 22 -1 -6 27 -14 -20 -15 23 -8 -13 -24 -19 -11 -5 -4
right_child=1 2 29 28 17 6 7 -9 -10 18 11 24 19 21 -16 -17 -18 26 20 -21 -22 -23 25 -25 -26 -27 -28 -29 -30 -31
leaf_value=0.031822663975470587 0.0049501744901246005 0.017784091217369749 0.0099536772089442258 0.015135947622694844 0.01339771362486538 0.0039363749642109432 -0.026111599717171044 0.0014913836089313238 -0.018678749382682679 0.024220272038988151 -0.0025772560325236955 0 -0.025880742563515267 -0.02270899596402659 0.014047806703922921 -0.029093030330823309 0.0064759159016597864 0.0021898336354773513 -0.0070871798234077533 -0.0059656557792370944 0.011438835435850454 -0.0050724072961559497 0.0040145248801582763 -0.0077295838164123847 0.018522357215575994 -0.012296495388836452 -0.013660297315719125 0.0066784397754162542 0.033990043084729936 0.022825526694358968
leaf_weight=10.072011828422548 13.384310007095335 13.04932653903961 7.8294512033462524 7.4604387581348446 8.9527699053287524 12.270509779453276 15.970928877592081 10.784889459609984 10.395550698041914 8.5791798532009143 145.87037879228592 8.196290999650957 9.6719153225421923 11.524010837078096 17.128750592470169 18.94315630197525 8.5745390355586988 8.9413761198520678 9.6719198822975176 14.136361658573149 8.1950169503688794 13.754174023866652 7.8104372322559383 14.124148517847066 8.5694200694560987 9.6628424227237684 8.9305640757083875 8.5670773386955243 13.445717990398405 7.8292340040206891
leaf_count=27 36 35 21 20 24 33 43 29 28 23 392 22 26 31 46 51 23 24 26 38 22 37 21 38 23 26 24 23 36 21
internal_value=0 -0.00274561 0 0.0165231 0.00991921 -0.0107169 -0.013167 -0.0159815 -0.00107693 -0.000297519 -0.00179913 -0.00305036 -0.00417479 -0.00262021 -0.000681573 -0.0188733 0.0218149 0.000721048 0.00956025 -0.0153475 0.00132816 -0.0141585 -0.0139163 -0.018451 0.0100198 -0.00494837 -0.00586517 0.0170197 0.0289934 0.018172
internal_weight=472.297 405.919 302.968 66.3774 45.4713 102.951 89.5669 77.2964 287.309 276.914 241.901 228.851 212.086 188.277 162.999 66.5115 18.6466 26.8247 35.0132 23.8083 17.8669 25.2782 47.5684 30.0951 16.7657 17.4733 17.8719 17.1463 20.9062 15.6587
internal_count=1269 1091 814 178 122 277 241 208 772 744 650 615 570 506 438 179 50 72 94 64 48 68 128 81 45 47 48 46 56 42
is_linear=0
shrinkage=0.03


Tree=4
num_leaves=36
num_cat=0
split_feature=1 37 27 32 19 27 57 19 1 42 46 46 61 51 24 28 30 21 3 55 57 61 18 55 28 60 46 39 37 50 19 24 23 41 46
split_gain=7.75117 5.81888 4.81628 4.41845 5.09823 5.91704 4.67886 3.9854 5.15468 5.57169 3.95228 6.65664 4.55874 4.36456 3.9784 3.79199 6.4985 4.3298 3.58955 2.64945 2.64485 2.32859 2.17823 2.36074 1.95317 1.86748 2.85009 1.85872 3.06522 1.85061 1.18424 1.09639 0.873369 0.776244 0.0457712
threshold=0.59133184041078046 -1.618897556351288 1.2323503441019354 -1.3504373761503643 1.1336187907035968 -0.68815633757276473 1.2793060239710468 -1.2134257015309553 -0.4261448320668873 -0.83153569639038138 0.5656079841585836 -0.22980276488406134 349.00000000000006 1.0000000180025095e-35 -0.28992182356231361 -0.30940745336802733 0.67151012264733179 1.0000000180025095e-35 0.43518339467445283 0.10790152497575635 -0.69508053050661589 480.50000000000006 0.32497306152214755 0.17133991826577008 1.0000000180025095e-35 588.00000000000011 0.19010369228111604 -0.31219036612296241 1.0000000180025095e-35 -0.4617770345508867 -0.15725568002540694 1.0000000180025095e-35 0.61358919671980161 -1.0000000180025095e-35 -0.47447406059747127
decision_type=2 2 2 2 2 2 2 2 2 2 2 2 2 2 2 2 2 2 2 2 2 2 2 2 2 2 2 2 2 2 2 2 2 2 2
left_child=1 2 -1 22 6 33 7 15 9 -9 11 13 -12 -10 -13 31 17 -17 -14 -19 -11 -2 34 -24 -22 -8 30 28 -7 -23 -27 -5 -29 -6 -3
right_child=21 3 -4 4 5 27 25 8 10 20 12 14 18 -15 -16 16 -18 19 -20 -21 24 29 23 -25 -26 26 -28 32 -30 -31 -32 -33 -34 -35 -36
leaf_value=0.033896964604539191 0.0014327056487117417 -0.022434417283633986 8.6727115835936476e-05 -0.018741418787134069 0.00079686666419977225 0.0082633610636318987 -0.016535037229937391 0.015597332754295428 0.0033564087468246936 0.0071976281455661305 0.020327541623185105 0.0072024535339914528 0.0025063934683094997 0.022918856366124445 0.031767850960351424 0.029017994937771491 -0.014129463251234878 -0.0092019666862203017 -0.019720428042437545 0.013847625455441898 -0.0040441909857655131 -0.0043834879799130259 0.0098195035120121309 -0.013423506750421236 -0.021427877089199677 -0.0015098552139331878 -0.01375161691883281 -0.022738175870581617 -0.015989326405538015 -0.022193246609997379 0.015071694227804841 -0.0024726067653210054 -0.0071515581811364857 0.016602729550777868 -0.0093100261141403715
leaf_weight=7.3267259001731855 6.9268855154514304 7.7568525373935699 7.292921781539917 10.525363355875017 6.0473459661006927 7.8292122483253461 10.830069214105608 10.357013702392576 56.514511346817017 6.3710703253746024 6.7052252888679496 10.639428555965425 17.519604533910755 11.5936361849308 20.188309729099274 7.5743210017681131 10.84131473302841 7.542167067527771 8.3618305921554548 7.2760795652866364 14.455996304750448 9.5825208425521868 6.6371684670448285 6.0265704095363617 11.064902216196058 6.0339678823947924 8.3986738324165326 14.377704709768297 7.7685896158218384 18.508637398481369 6.3383250832557678 7.5218754410743704 8.1202581226825696 6.0587372183799726 5.999545097351076
leaf_count=24 23 26 24 35 20 26 36 34 187 21 22 35 58 38 66 25 36 25 28 24 48 32 22 20 37 20 28 48 26 62 21 25 27 20 20
internal_value=0 0.00136607 0.0189807 0.000493872 0.00154354 -0.0070293 0.00327474 0.00481401 0.00697798 -0.00196982 0.00988719 0.0128364 0.000586245 0.00719473 0.0242029 -0.00239509 0.00349125 0.0126249 -0.0051425 0.00198074 -0.00829886 -0.0131596 -0.0109105 -0.00106822 -0.0125743 -0.00722755 -0.00131836 -0.0128028 -0.00380797 -0.0168509 0.00726352 -0.0129778 -0.0181611 0.0101065 -0.0185819
internal_weight=382.913 347.895 14.6196 333.276 306.856 50.2018 256.654 225.053 173.772 42.249 131.523 98.9359 32.5867 68.1081 30.8277 51.2811 33.2339 22.3926 25.8814 14.8182 31.892 35.018 26.4201 12.6637 25.5209 31.601 20.771 38.0958 15.5978 28.0912 12.3723 18.0472 22.498 12.1061 13.7564
internal_count=1269 1152 48 1104 1016 167 849 744 574 140 434 326 108 225 101 170 110 74 86 49 106 117 88 42 85 105 69 127 52 94 41 60 75 40 46
is_linear=0
shrinkage=0.03


Tree=5
num_leaves=37
num_cat=0
split_feature=11 14 34 2 37 40 27 55 54 40 19 32 54 30 44 40 37 16 48 53 16 13 40 29 37 47 49 45 47 24 39 47 49 55 20 31
split_gain=23.6104 7.97404 7.06562 6.13191 6.80133 5.48147 4.82511 9.42838 4.3306 4.07615 4.74121 4.87422 4.11283 3.735 3.3621 2.91154 2.67162 4.11371 2.99918 2.66678 4.05661 6.70887 2.64407 2.59837 2.10976 4.06247 1.7335 1.6644 1.58762 2.8519 1.58515 1.50851 1.43908 1.49124 0.209544 0.0143485
threshold=0.10780546403610405 -0.93795451338150382 -1.4735209503996802 -0.79472569301557316 -0.62562133052138569 -0.70394450550605991 0.59218145021036861 0.8382762352781139 -0.77366776895516642 -1.3837619558454353 -1.3307779261426826 0.94776010551015799 -0.075969042593766203 0.16834837744861247 0.69318576530101306 -0.56798101543818513 -0.87394038697886134 0.75068718343605734 -1.0587786161934669 -0.34239397237654612 0.11791458198055137 0.094423494559770102 -1.2477984657775603 0.27883198101300138 0.61597395176599212 -0.63204755684505687 -0.28151479784363975 -0.23868219780345271 1.0658211709479535 1.0000000180025095e-35 -0.41081690767585965 -0.76458530631544386 1.0000000180025095e-35 -0.83641000758341943 0.43730801100448896 0.89722550354897812
decision_type=2 2 2 2 2 2 2 2 2 2 2 2 2 2 2 2 2 2 2 2 2 2 2 2 2 2 2 2 2 2 2 2 2 2 2 2
left_child=1 22 -2 4 27 -5 8 -8 31 12 11 15 -3 23 -9 -11 30 18 -18 32 26 -22 -1 -10 25 -17 -21 -4 -24 -30 -12 -7 34 -34 -20 -32
right_child=2 9 3 5 -6 6 7 14 13 10 16 -13 -14 -15 -16 24 17 -19 19 20 21 -23 28 -25 -26 -27 -28 -29 29 -31 35 -33 33 -35 -36 -37
leaf_value=0 -0.011652961498985022 -0.00079714227124759918 0.017873360871512554 0.029638119305752587 0.0055046607112297372 0.022233935446085734 0.038700248387526684 0.015138904555640641 0.010810782448201606 -0.0061027236919885793 -0.00040273448496188149 -0.016589570111740008 0.028137813783645525 -0.020617804568501354 -0.0083231802637121419 0.0010937370604935878 0.012647684236534396 0.014168551733285286 -0.011035904895266443 -0.022926555495572796 -0.0051843618527063545 0.017094115390164713 -0.023885330044615464 -0.011136874073960829 -0.00035533410058780762 0.028681382787506812 -0.0029076453186569718 0.048769062052201349 0.0053251716939727196 -0.017540595113563987 -0.023058160969825423 0.00080382583048413457 0.0050331344749900272 -0.011286851407281315 -0.023071411015835302 -0.010431213969756865
leaf_weight=9.0190955400466901 9.2845801115035993 9.3545771837234479 5.9048624932765952 9.120865195989607 9.6479197442531568 5.8696845173835754 8.5641521513462084 8.5147941112518328 9.663170814514169 6.4127909839153281 5.841789364814761 5.7968102097511283 6.1662919521331778 10.201704084873198 10.51162728667259 8.1985759437084216 6.1439105272293082 8.7657019495964033 10.735700577497484 9.8202441632747668 45.689075738191605 14.869714349508284 23.283377677202225 7.0111438333988181 5.8336785435676566 12.545643329620363 7.853799730539321 8.3894155919551867 6.0590724647045162 12.949330925941466 9.8974416851997393 6.1558407545089668 6.1060698330402401 12.797407686710356 10.13484477996826 6.6846494972705832
leaf_count=31 32 32 20 31 33 20 29 29 33 22 20 20 21 35 36 28 21 30 37 34 157 51 81 24 20 43 27 28 21 45 34 21 21 44 35 23
internal_value=0 -0.0048943 0.0116448 0.0140177 0.0270422 0.00937 0.00590901 0.0151638 -0.000825645 -0.00221903 -0.00345352 0.0056968 0.0118126 -0.0075898 0.00222338 0.0103379 -0.00580919 -0.00403208 -0.00551869 -0.00666159 -0.00323018 0.000470208 -0.015338 0.00109468 0.0146325 0.0188569 -0.0152671 0.0392957 -0.018386 -0.010103 -0.0151788 0.0130133 -0.0129029 -0.00573874 -0.0183037 -0.0195873
internal_weight=369.799 260.96 108.84 99.5552 23.9422 75.613 66.4921 27.5906 38.9015 209.649 194.128 38.7875 15.5209 26.876 19.0264 32.9907 155.34 132.916 124.151 118.007 78.2328 60.5588 51.3109 16.6743 26.5779 20.7442 17.674 14.2943 42.2918 19.0084 22.4239 12.0255 39.774 18.9035 20.8705 16.5821
internal_count=1269 898 371 339 81 258 227 94 133 720 667 133 53 92 65 113 534 457 427 406 269 208 178 57 91 71 61 48 147 66 77 41 137 65 72 57
is_linear=0
shrinkage=0.03


Tree=6
num_leaves=35
num_cat=0
split_feature=14 2 48 46 25 40 24 37 13 55 24 14 45 41 40 19 24 54 19 46 45 12 25 19 40 32 12 40 24 46 9 38 18 26
split_gain=22.6706 9.37535 6.41837 5.22897 5.29697 4.12863 3.85988 4.70226 4.75609 3.83604 4.54548 4.38995 3.78966 3.25721 7.66877 7.11278 7.1062 4.27777 3.04721 2.73292 2.6965 2.43346 2.41253 2.1769 2.07886 1.97677 1.72494 1.58686 1.54906 1.14001 1.13537 0.698637 1.30082 0.133205
threshold=-0.93795451338150382 -0.48468854596698335 1.2014899835881556 0.18323555466057198 -0.76080438789097804 1.7433983157156905 -1.405272441467212 -0.44825057590890333 -1.0798964749607665 0.79038297589300976 -1.405272441467212 0.33764320530680197 -0.67502821304874194 0.47060998953820549 0.24779992496906483 0.66420989225668625 0.82542879434258509 -0.55989788458246126 -0.39196012924886209 -0.19355686555612825 0.057707293375399281 -0.29676064130274143 -0.76080438789097804 0.42950544303323107 -0.29605403530243518 1.0000000180025095e-35 -0.21724146916426465 -0.56798101543818513 1.0000000180025095e-35 1.1190797812006419 -0.68563392256760947 0.22863039623602041 0.65668066799539127 0.32447859997998402
decision_type=2 2 2 2 2 2 2 2 2 2 2 2 2 2 2 2 2 2 2 2 2 2 2 2 2 2 2 2 2 2 2 2 2 2
left_child=3 6 5 4 19 9 -2 18 29 10 -3 13 25 15 27 16 -12 -17 -8 -1 -6 -5 -14 -24 -10 -11 -22 -15 -16 -9 -26 -20 -33 -4
right_child=1 2 33 21 20 -7 7 8 24 12 11 -13 22 14 28 17 -18 -19 31 -21 26 -23 23 -25 30 -27 -28 -29 -30 -31 -32 32 -34 -35
leaf_value=0.031019305076153632 0.0067524760447567741 0.014115357939018976 0.022412639347673392 0.036709528145573704 0.013020149163644554 -0.018386932033455011 -0.0029372315597121349 0 0 0.0064396149059473941 -0.0083270743037068828 0.014138148099087391 0.011837796942712996 -0.0092953903268690758 0.014680698649063025 -0.0041234533322577439 0.01366872673544829 0.016597081489096232 -0.010043485859789888 0.0061964203186149506 0.0038269600974513911 0.011790357655385993 -0.014053800918766426 0.0054288036316349391 -0.0061933338272544304 0.028764140814298057 -0.013415175641698284 -0.02232031230804251 -0.0013644747769864739 0.015546558502649728 -0.024785349851834615 -0.028486874053798718 -0.011753789495159305 0.0097170701675087651
leaf_weight=10.098051726818086 9.2971765995025617 13.434816122055052 7.8417163789272291 12.354012519121172 8.9652026295661944 10.374809086322783 11.123362451791762 8.1781947910785657 8.1645762324333209 9.3110627233982104 94.827684342861176 11.177637130022047 9.3163833022117633 22.678184449672699 8.18816125392914 12.283755600452421 13.762383311986921 24.586479336023331 8.8886422514915449 8.5837440192699415 7.8169321715831801 8.594423294067381 10.41816619038582 7.447582781314849 7.4300572872161892 7.4528176188468924 10.051461219787594 21.566254645586014 10.41339725255966 7.4468818604946128 8.9079560935497266 22.580059587955475 10.755545377731321 7.8365594148635864
leaf_count=27 25 36 21 33 24 28 30 22 22 25 255 30 25 61 22 33 37 66 24 23 21 23 28 20 20 20 27 58 28 20 24 61 29 21
internal_value=0 -0.00266729 0 0.0160495 0.00959677 -0.00105645 -0.0104261 -0.0122775 -0.00409896 -0.000289896 -0.00185547 -0.00294939 0.00766317 -0.00398942 -0.00962948 -0.0014384 -0.00533663 0.00964609 -0.0180396 0.0212195 0.0005982 0.0282243 0.000318013 -0.00583096 -0.0121578 0.0182403 -0.00585022 -0.0162991 0.00596837 0.00814614 -0.0178984 -0.0216437 -0.0239989 0.0178188
internal_weight=472.154 405.69 302.918 66.4638 45.5154 287.24 102.772 93.4753 40.1277 276.865 232.919 219.484 43.946 208.306 62.846 145.46 108.59 36.8702 53.3476 18.6818 26.8336 20.9484 27.1821 17.8657 24.5026 16.7639 17.8684 44.2444 18.6016 15.6251 16.338 42.2242 33.3356 15.6783
internal_count=1269 1091 814 178 122 772 277 252 108 744 626 590 118 560 169 391 292 99 144 50 72 56 73 48 66 45 48 119 50 42 44 114 90 42
is_linear=0
shrinkage=0.03


Tree=7
num_leaves=36
num_cat=0
split_feature=7 19 30 32 57 46 61 59 61 2 30 59 59 61 23 2 39 55 40 38 30 19 41 61 41 20 32 16 50 25 21 19 30 26 34
split_gain=7.37134 5.36329 5.78902 5.0333 4.10829 4.24571 6.64478 4.4524 6.30697 3.95869 3.28029 3.15104 4.40686 4.20285 5.32848 4.07273 3.86286 3.07857 2.72427 2.28898 4.61275 3.07951 4.2099 2.26413 2.26208 2.13027 2.11509 1.94705 1.80026 1.53459 3.25659 1.51468 1.09007 0.181817 0.116782
threshold=0.79810516630802864 1.1336187907035968 -0.83797511294882532 -1.3504373761503643 1.2793060239710468 -0.64430977838061521 144.00000000000003 0.31971564011450132 525.50000000000011 -0.21671674047775022 -0.83797511294882532 -1.3419327447536302 0.31971564011450132 246.50000000000003 1.0000000180025095e-35 -0.58907291205871959 -0.31219036612296241 0.99784519407829408 -0.4320175253703103 0.311015615504947 0.29413881374829259 -0.97872125230749996 -0.2591049071241231 480.50000000000006 -1.0000000180025095e-35 -1.0000000180025095e-35 1.0000000180025095e-35 0.99333248291544807 -0.4617770345508867 -0.39579086492929305 0.29074121676948989 -1.5654823753661378 0.29413881374829259 -0.17309555242877647 -0.88400427594847641
decision_type=2 2 2 2 2 2 2 2 2 2 2 2 2 2 2 2 2 2 2 2 2 2 2 2 2 2 2 2 2 2 2 2 2 2 2
left_child=1 3 -3 9 5 7 25 19 -9 -1 -10 33 13 -13 -15 -14 -17 18 26 21 -21 31 -23 -2 -12 -7 -6 29 -25 30 -4 -5 -31 -8 -11
right_child=23 2 27 4 17 6 11 8 10 34 24 12 15 14 -16 16 -18 -19 -20 20 -22 22 -24 28 -26 -27 -28 -29 -30 32 -32 -33 -34 -35 -36
leaf_value=0.0050347597760615377 0.0014641819177355516 0.013459427617661151 -0.018364477140118067 -0.0017383596221236116 0.011188512130304269 0.008344176346561644 -0.0015109296794370921 -0.0099515251524392567 0.00062741250479856237 -0.022771123042956237 0.037489216649475805 -0.0079649546760082682 -0.016853011852456246 0.0067565584433717145 0.024632217940088481 0.018410460882410312 -0.002122603757340291 0.011141873148149331 -0.01860199218429881 0.022227801830584776 -0.010193678630892848 -0.0110823149394176 0.014367670483151296 -0.0042739261483308692 0.011292124600428688 0.03491726425710158 -0.010667185353352399 0.0026225871424349935 -0.021896796741155675 -0.023075637883543759 0.0071054581993279711 -0.018062583964371822 -0.0075629506752985598 -0.010461919527513656 -0.0090960039348603316
leaf_weight=8.7426577806472796 6.9208099842071524 8.8055653572082502 6.8814125955104766 8.4226971566677076 6.3454009294509905 6.1028252840042123 6.0322139263153076 9.6307348608970624 8.1879575550556183 8.5959771871566755 6.3894461393356314 6.9569628536701194 8.4191069304943067 37.658480137586594 27.140615850687027 10.940631449222563 22.487598985433578 6.3513706028461447 13.766182690858839 6.3954409658908826 6.3384413421154022 10.307982444763185 10.009575963020326 9.5517863035202044 9.387271374464035 9.5443825125694239 6.5980663299560547 6.6058008372783652 18.234612166881561 15.803127437829977 8.1356617212295532 18.974564284086227 9.8601461052894575 6.3962781727313978 5.953647404909133
leaf_count=29 23 29 23 28 21 20 20 32 27 29 21 23 28 124 89 36 74 21 46 21 21 34 33 32 31 31 22 22 62 53 27 63 33 21 20
internal_value=0 0.00132088 -0.00702681 0.00297216 0.00416111 0.0055635 0.00881932 0.000534299 0.00911858 -0.00992752 0.0171527 0.00628598 0.00788555 0.0123225 0.014722 0 0.00492786 -0.0054717 -0.0100174 -0.00424498 0.00629454 -0.00728575 0.00130656 -0.0128988 0.0245828 0.0265395 0 -0.0112613 -0.0165729 -0.0136711 -0.00481044 -0.0136024 -0.0180831 -0.00717887 -0.0189223
internal_weight=382.875 348.168 56.0917 292.077 268.784 235.723 141.679 94.0441 33.5954 23.2923 23.9647 126.032 113.603 71.7561 64.7991 41.8473 33.4282 33.061 26.7096 60.4487 12.7339 47.7148 20.3176 34.7072 15.7767 15.6472 12.9435 47.2861 27.7864 40.6803 15.0171 27.3973 25.6633 12.4285 14.5496
internal_count=1269 1152 187 965 887 777 466 311 111 78 79 415 374 236 213 138 110 110 89 200 42 158 67 117 52 51 43 158 94 136 50 91 86 41 49
is_linear=0
shrinkage=0.03


Tree=8
num_leaves=37
num_cat=0
split_feature=2 14 34 2 37 40 27 35 54 40 19 45 53 26 30 47 37 16 59 16 51 53 46 40 55 46 14 46 26 47 52 39 45 47 53 26
split_gain=21.6668 7.74811 6.64051 5.89629 6.36331 5.33686 4.21454 8.49969 4.15715 3.86496 4.41614 4.71355 4.45719 4.38627 3.63017 3.33271 2.71949 3.8754 3.80716 6.02781 3.87871 4.56621 3.21598 2.58316 2.55909 2.49015 2.08261 2.02965 1.64467 1.56499 1.56144 1.55198 1.50688 1.44473 0.109823 0.0241959
threshold=-0.30240539920977233 -0.93795451338150382 -1.4735209503996802 -0.79472569301557316 -0.62562133052138569 -0.70394450550605991 0.59218145021036861 1.3353327672625526 -0.77366776895516642 -1.3837619558454353 -1.3307779261426826 -0.27331938675419615 -0.34239397237654612 -0.42188262863315668 0.16834837744861247 -0.63204755684505687 -0.87394038697886134 0.75068718343605734 0.31971564011450132 0.51854882811104308 1.0000000180025095e-35 -0.34239397237654612 -0.031996553254992059 -1.2477984657775603 0.82432589344747842 -0.78797466325023524 0.64104670416207676 -1.2653492363000107 0.20008506187779382 0.28665188755751542 1.0000000180025095e-35 -0.41081690767585965 -0.23868219780345271 -0.76458530631544386 1.0000000180025095e-35 0.69765921428655453
decision_type=2 2 2 2 2 2 2 2 2 2 2 2 2 2 2 2 2 2 2 2 2 2 2 2 2 2 2 2 2 2 2 2 2 2 2 2
left_child=2 23 -1 4 32 -5 8 24 33 13 11 12 -11 -3 26 -14 31 18 19 20 21 -18 27 -2 -8 -17 -10 -20 -25 -22 -24 -12 -4 -7 -29 -33
right_child=1 9 3 5 -6 6 7 -9 14 10 16 -13 15 -15 -16 25 17 -19 22 -21 29 -23 30 28 -26 -27 -28 34 -30 -31 -32 35 -34 -35 -36 -37
leaf_value=-0.0115058309045066 0 -0.0061062507542369417 0.017280396741265722 0.028676667238673403 0.0052494785711888177 0.021601263310947662 0.037127590528525614 -0.0098740213558902116 -0.0080697494462067774 -0.0063284511790645216 -0.00040958457578856478 -0.016458650002358077 0 0.023561728129093837 -0.020432675757403831 0.0091704913205019924 -0.0064945858011189496 0.013821871707259143 -8.5812789525037874e-05 -0.022478250347262724 -0.00024478573825095784 0.011647339494433572 0.0087239106087670781 -0.0044716131299322552 0.012088263278443241 0.035406255866566268 0.011393274633015579 -0.023181803869493624 -0.021116074909186756 -0.020935244105646001 -0.0080514358972420888 -0.022911104773626654 0.046724576571119378 0.00069994634011172796 -0.010400057233995117 -0.010262183097999851
leaf_weight=9.2318612039089185 8.9951049089431745 6.4135080575942984 5.9765025079250327 9.2615335285663587 9.7068887352943403 5.9413015246391296 7.8373944759368959 8.1479946672916395 8.7728459537029355 9.3550257384777051 5.8427093029022243 5.7582309842109671 7.6407976746559134 9.1885474026203138 10.100540518760679 8.509743809700014 16.793745607137673 8.8283401727676374 5.7862757146358517 8.6738696098327619 6.9459336996078473 37.269589811563499 6.9905582070350674 8.5870509445667249 11.539304018020628 7.6624659299850491 7.9316478073596945 18.452443927526478 33.162774384021759 6.0815494954586029 10.415351063013075 9.8083730041980761 8.6076878011226672 6.1738640666007942 6.6751494109630576 6.6403662264347068
leaf_count=32 31 22 20 31 33 20 26 28 30 32 20 20 26 31 35 29 58 30 20 30 24 128 24 30 39 26 27 64 117 21 36 34 28 21 23 23
internal_value=0 -0.00470131 0.0111272 0.0134149 0.0260673 0.00885002 0.00542607 0.0140926 -0.000850051 -0.00207699 -0.00328296 0.00552615 0.0100629 0.0115494 -0.00750651 0.0167328 -0.00556238 -0.00377952 -0.00522973 -0.000889508 0.00224466 0.00588072 -0.011683 -0.0150619 0.0244434 0.0238908 0.00101942 -0.0172821 -0.0181052 -0.0114809 -0.000839146 -0.015032 0.0377684 0.0126413 -0.0207888 -0.0194234
internal_weight=369.707 260.478 109.229 99.9975 24.2911 75.7064 66.4449 27.5247 38.9202 209.733 194.131 38.9263 33.168 15.6021 26.805 23.813 155.204 132.913 124.084 75.7647 67.0908 54.0633 48.3198 50.7449 19.3767 16.1722 16.7045 30.9139 41.7498 13.0275 17.4059 22.2914 14.5842 12.1152 25.1276 16.4487
internal_count=1269 899 370 338 81 257 226 93 133 721 668 133 113 53 92 81 535 458 428 261 231 186 167 178 65 55 57 107 147 45 60 77 48 41 87 57
is_linear=0
shrinkage=0.03


Tree=9
num_leaves=29
num_cat=0
split_feature=14 11 48 46 25 33 54 32 50 40 42 44 52 60 31 44 32 23 33 46 45 39 25 19 16 54 1 26
split_gain=21.3415 9.15375 6.14434 4.98515 5.07529 4.4367 4.76815 4.41497 4.01169 3.64048 3.70727 4.82305 4.15288 4.06694 3.28062 7.33606 3.63556 2.89549 2.8857 2.66445 2.60692 2.21114 2.20857 1.82274 1.73629 1.17545 0.49354 0.131424
threshold=-0.93795451338150382 0.4864442692707151 1.2014899835881556 0.18323555466057198 -0.76080438789097804 -0.6152574678626801 -1.4964015388789829 0.69930632370902035 -0.86878870799771779 1.7433983157156905 1.1937552923948929 0.95029393058754441 0.40337746258790025 138.00000000000003 -1.2538765376218739 -0.84946322641817484 1.0000000180025095e-35 1.0000000180025095e-35 -0.13829459391327276 -0.19355686555612825 0.057707293375399281 0.78408157652270016 -0.15244851628816977 1.368323239927052 0.50067634411156403 -0.77366776895516642 0.70192713089748349 0.32447859997998402
decision_type=2 2 2 2 2 2 2 2 2 2 2 2 2 2 2 2 2 2 2 2 2 2 2 2 2 2 2 2
left_child=3 2 8 4 19 -3 -7 17 -2 10 11 13 -12 22 15 -15 -16 23 -13 -1 -6 -22 -10 24 25 -8 -5 -4
right_child=1 5 27 26 20 6 7 -9 9 -11 12 18 -14 14 16 -17 -18 -19 -20 -21 21 -23 -24 -25 -26 -27 -28 -29
leaf_value=0.03029303052668765 0.015746569099597603 0.0051057399430499218 0.022007472350747726 0.014252296320778266 0.012686121589309223 0.0039518659893196667 -0.026197798839907166 0.0017463902085855351 0 -0.018039908786743507 -0.021355451850304821 0.020205980877833204 0.0016309856452070396 -0.013304332274603099 -0.0080495999621333757 0.021397827001387613 0.00059465134937432024 -0.028329703131539322 0.00075751180953248282 0.0058680522753838081 0.0036408640607836704 -0.015808298541145151 0.019622994321662424 0 -0.005204487300170881 -0.010439549184492565 0.032208491320231791 0.0095016807221862416
leaf_weight=10.114102512598039 10.801150560379027 13.369700610637663 7.8518983125686628 7.4812735617160824 8.974361330270769 12.264576047658919 14.394392549991601 10.766719311475752 8.9366295635700244 10.347981840372084 14.479641288518907 14.532605648040773 11.526470541954039 7.4455927312374142 93.710967630147934 12.670117765665053 78.482342004776001 19.184975951910019 13.39245170354843 8.5934055149555189 9.3105272352695483 8.5575869679450971 10.441576093435286 7.4017892479896537 12.983682394027708 12.584571689367301 13.49287238717079 7.8423204720020294
leaf_count=27 29 36 21 20 24 33 39 29 24 28 39 39 31 20 252 34 211 52 36 23 25 23 28 20 35 34 36 21
internal_value=4.66465e-06 -0.00258285 4.13812e-05 0.015571 0.00927312 -0.01024 -0.0126426 -0.0153761 -0.000978262 -0.00173607 -0.000980709 0.000190952 -0.0114159 -0.00135653 -0.00272771 0.00824375 -0.00410406 -0.0182119 0.0115968 0.0206386 0.000467332 -0.00586705 0.011182 -0.0132471 -0.0156964 -0.0199949 0.0274494 0.0174814
internal_weight=471.936 405.412 302.462 66.5241 45.55 102.95 89.5807 77.3161 286.768 275.966 265.618 239.612 26.0061 211.687 192.309 20.1157 172.193 66.5494 27.9251 18.7075 26.8425 17.8681 19.3782 47.3644 39.9626 26.979 20.9741 15.6942
internal_count=1269 1091 813 178 122 278 242 209 771 742 714 644 70 569 517 54 463 180 75 50 72 48 52 128 108 73 56 42
is_linear=0
shrinkage=0.03


Tree=10
num_leaves=27
num_cat=0
split_feature=1 19 27 32 28 38 2 47 46 2 26 28 43 29 47 46 20 35 14 30 61 50 46 36 59 34
split_gain=7.04165 5.09984 6.86795 4.83943 4.06567 5.23279 4.71591 4.98495 4.01775 3.85747 3.6525 4.28835 3.56882 3.23587 3.1256 3.05278 2.86788 2.34118 2.22687 5.12339 2.20764 1.7506 1.2377 0.96336 0.717856 0.1165
threshold=0.59133184041078046 1.1336187907035968 -0.68815633757276473 -1.3504373761503643 1.9148207291127035 0.55817127331172689 -0.65139193659109951 -0.90320828021742539 -1.5412742706227449 -0.21671674047775022 0.32447859997998402 0.80270663787233831 1.0000000180025095e-35 0.27883198101300138 0.1883846082301254 0.10774273716114927 -0.59827653010061266 0.69171151087212313 0.90079128383791052 0.79730055894701157 480.50000000000006 -0.4617770345508867 1.0526606707734916 -0.38949331886296173 -0.78804994979758647 -0.88400427594847641
decision_type=2 2 2 2 2 2 2 2 2 2 2 2 2 2 2 2 2 2 2 2 2 2 2 2 2 2
left_child=1 3 15 9 5 6 23 -8 -9 -1 12 -12 -7 16 -15 -3 -10 24 19 -14 -2 -22 -19 -5 -4 -11
right_child=20 2 17 4 -6 10 7 8 13 25 11 -13 18 14 -16 -17 -18 22 -20 -21 21 -23 -24 -25 -26 -27
leaf_value=0.0049310389991837943 0.0014922889620522686 0.024197432381403164 -0.0078643684691679303 -0.0035684409522480651 -0.012338690781199048 -0.0098667410794876856 0.021359866833157222 -0.016502590270077146 0.0062497881530873701 -0.022576625073729498 0.032797885432649561 0.0037156461876297767 0.018363405764517518 0.00029072861965340544 0.013581611814257225 -0.0019528288831499501 -0.0041580076587596831 0.0066240820229111642 0.023150813979488639 -0.0081379281502392143 -0.0041943332808645813 -0.02163012041206009 -0.010032361662986326 -0.021528774059519615 -0.020890238140242021 -0.0089664238345801266
leaf_weight=8.7629532217979449 6.9150603711605063 6.094996511936186 10.088566094636915 6.6571655571460724 11.397691726684569 7.8571712970733634 11.973036974668501 8.1174780428409559 37.353066831827157 8.5000951886177045 12.369870543479921 8.1869350075721723 11.583887517452245 27.534364193677902 39.859443604946136 7.2904142737388611 60.042150825262077 6.5572329759597761 8.5799046754837018 11.552825212478636 9.5290719270706195 17.97964870929718 6.3021601736545563 6.2872802913188917 19.522835195064548 5.9255986809730521
leaf_count=29 23 20 34 22 38 26 39 27 123 29 40 27 38 91 131 24 198 22 28 38 32 62 21 21 66 20
internal_value=-2.99126e-06 0.00128009 -0.00687978 0.00288564 0.00404737 0.00486166 0.00242525 0.00371376 0.00228424 -0.00979164 0.0125258 0.022528 0.00655101 0.00338627 0.00836315 0.01079 -7.14827e-05 -0.0127633 0.0110607 0.00519719 -0.0126671 -0.0163264 -0.00131637 -0.0140372 -0.0172383 -0.0187338
internal_weight=382.821 348.397 55.8562 292.541 269.352 257.955 197.824 184.88 172.907 23.1886 60.1306 20.5568 39.5738 164.789 67.3938 13.3854 97.3952 42.4708 31.7166 23.1367 34.4238 27.5087 12.8594 12.9444 29.6114 14.4257
internal_count=1269 1152 187 965 887 849 652 609 570 78 197 67 130 543 222 44 321 143 104 76 117 94 43 43 100 49
is_linear=0
shrinkage=0.03


Tree=11
num_leaves=39
num_cat=0
split_feature=11 14 34 2 37 38 19 27 40 19 32 50 50 46 37 55 37 50 10 43 40 39 46 19 41 4 48 25 55 35 19 50 48 55 46 34 37 33
split_gain=21.3451 7.27224 6.43848 5.34586 5.82398 5.45418 4.16595 4.15861 3.76504 4.35701 4.59146 3.73374 5.72287 4.27458 5.10495 5.06693 4.74153 3.73306 3.54671 4.48749 3.49535 3.33138 3.11 2.93401 2.75014 2.45831 2.44281 2.38717 2.00637 3.1899 1.45936 1.44117 1.11695 0.923907 0.806074 0.64738 0.337602 0.316141
threshold=0.10780546403610405 -0.93795451338150382 -1.4735209503996802 -0.79472569301557316 -0.62562133052138569 -0.51283657718431841 1.2509710153153242 0.59218145021036861 -1.3837619558454353 -1.3307779261426826 0.94776010551015799 -0.6652828712743023 0.75925798578960702 -0.91497722955592664 -0.87394038697886134 -0.23490039260346554 1.0000000180025095e-35 -0.4617770345508867 0.54088339873326718 -0.23937060771956012 -0.16009054523456004 -0.82049638797250835 -0.78797466325023524 0.54685766764495869 -0.2591049071241231 -0.31799603601255438 -0.65546461602511241 -0.15244851628816977 1.0734638493170747 0.69171151087212313 1.1336187907035968 1.0000000180025095e-35 0.75765527350037998 0.70694486503973064 1.0111807474334709 0.14476011672127143 1.2781581023192601 0.33866828003613469
decision_type=2 2 2 2 2 2 2 2 2 2 2 2 2 2 2 2 2 2 2 2 2 2 2 2 2 2 2 2 2 2 2 2 2 2 2 2 2 2
left_child=1 24 -2 4 34 23 18 -8 17 10 22 21 13 15 33 37 20 -3 -7 -20 -16 -11 27 -5 -1 -18 -24 -10 29 31 36 -21 -23 -15 -4 -14 -26 -13
right_child=2 8 3 5 -6 6 7 -9 9 11 -12 12 35 14 16 -17 25 -19 19 28 -22 32 26 -25 30 -27 -28 -29 -30 -31 -32 -33 -34 -35 -36 -37 -38 -39
leaf_value=0 -0.011370941169223346 0.025243912454339573 0.018472362663862592 0.0056529565415203995 0.0051800390864348888 -0.017986858008517327 0 0.030337316364671681 0.010831507911780516 0.0040015680215559762 -0.016370347871475129 -0.02318963961720959 -0.0087369917087459677 -0.020562703345631303 0 0.0088857961535994123 0.012624594767847944 -0.0018402982631447106 0.022950206411607409 0.0031432634980687901 0.020153093923863961 -0.021329750508558308 0.0032387160118625626 0.03358151294845807 -0.022159418951050436 -0.0069129704160227918 0.025685399319539809 -0.011755771836952436 -0.01210639142499802 0.018003614115560312 -0.0032713381722692687 -0.013810346408129859 -0.0038599799561491377 -0.0029262250755641254 0.044244856781709634 -0.022825212900154247 -0.0083294735217238139 -0.0082249059264010403
leaf_weight=8.7943579852581006 9.1830893158912641 7.1322152614593497 6.3890668451786068 6.814296722412112 9.722615718841551 6.9360991120338431 6.7393911182880384 7.8809959292411804 6.4859180450439453 6.3688833415508261 5.7311588525772086 10.663398951292043 10.789848148822786 5.7463353574275953 11.045036226510996 6.9627905786037436 6.1460113227367428 8.5618517994880659 6.9048002064228013 8.5145708620548337 24.558642804622654 22.693488001823429 8.4960419535636884 9.3527055680751783 28.668322056531906 21.667165040969849 11.005462050437929 7.3265514969825727 9.5897172093391401 7.1714563667774192 6.8280086517333975 6.4437938034534445 5.7192514836788169 6.6472620069980621 8.485724210739134 9.7555899024009687 5.909149467945098 5.7642876505851737
leaf_count=31 32 24 21 23 33 24 23 26 22 22 20 37 37 20 38 24 21 29 23 29 84 79 29 31 102 75 37 25 33 24 24 22 20 23 27 34 21 20
internal_value=0 -0.00469904 0.010976 0.0132042 0.025201 0.00885101 0.00430574 0.0174186 -0.00215938 -0.00335526 0.0053753 -0.00563016 -0.00296952 4.21444e-05 0.00358112 -0.0107115 0.00711222 0.0112477 -0.000195791 0.00340255 0.0141584 -0.0141234 0.0098328 0.0236288 -0.0148002 -0.00196588 0.0171217 -0.00073557 -0.00151619 0.00329624 -0.0179341 -0.00438853 -0.0183837 -0.0128725 0.0362476 -0.0167966 -0.0204068 -0.0194009
internal_weight=369.595 259.467 110.128 100.945 24.5974 76.3478 60.1808 14.6204 209.267 193.573 39.0451 154.528 119.746 99.2009 75.8105 23.3905 63.4169 15.6941 45.5604 38.6243 35.6037 34.7816 33.314 16.167 50.1998 27.8132 19.5015 13.8125 31.7195 22.1298 41.4055 14.9584 28.4127 12.3936 14.8748 20.5454 34.5775 16.4277
internal_count=1269 898 371 339 81 258 204 49 720 667 133 534 413 342 261 81 218 53 155 131 122 121 113 54 178 96 66 47 108 75 147 51 99 43 48 71 123 57
is_linear=0
shrinkage=0.03


Tree=12
num_leaves=39
num_cat=0
split_feature=14 11 46 25 40 33 54 28 50 20 24 25 45 12 18 13 54 20 24 42 46 51 45 1 12 39 24 54 34 2 36 37 53 16 54 54 28 30
split_gain=20.1117 8.6862 4.77662 4.87893 4.35112 4.27749 4.56004 3.63435 4.70577 4.61335 5.68917 4.82215 7.096 5.42984 3.53969 4.93714 3.87786 3.25972 2.98788 3.06222 2.58284 2.54054 2.50562 2.42257 2.37511 2.13799 2.03705 2.87129 2.05989 1.86919 1.84276 2.40684 1.68909 2.23181 1.9384 4.51462 1.42184 0.723871
threshold=-0.93795451338150382 0.4864442692707151 0.18323555466057198 -0.76080438789097804 1.7433983157156905 -0.6152574678626801 -1.4964015388789829 0.43200194079221627 -0.86878870799771779 0.69620414628076432 -1.405272441467212 0.33423618099407715 -0.45785008182026937 -0.314566910945908 0.32137995102338918 -0.27600243666526647 -1.1865704434333395 1.2139964168333155 0.82542879434258509 -0.32521294919406291 -0.19355686555612825 -0.25614163351674585 0.057707293375399281 -0.51462106445624978 -0.29676064130274143 0.78408157652270016 0.82542879434258509 -0.42886042579364703 -0.52952366124579175 -0.65139193659109951 -0.38949331886296173 -0.22555173956211969 0.9234412816535692 0.044392760023894397 0.67705574331548246 1.0000000180025095e-35 -0.68011215044814899 -0.20902293145042669
decision_type=2 2 2 2 2 2 2 2 2 2 2 2 2 2 2 2 2 2 2 2 2 2 2 2 2 2 2 2 2 2 2 2 2 2 2 2 2 2
left_child=2 4 3 20 7 -3 -7 8 -2 10 -10 18 36 -14 16 -16 -11 23 19 -12 -1 -8 -5 -9 -4 -24 27 28 29 -23 31 -18 33 -25 35 -35 -13 -32
right_child=1 5 24 22 -6 6 21 17 9 14 11 12 13 -15 15 -17 30 -19 -20 -21 -22 26 25 32 -26 -27 -28 -29 -30 -31 37 -33 -34 34 -36 -37 -38 -39
leaf_value=0.029585944686256166 0.019524614325921334 0.0050852608080306115 0.035047769133701362 0.012313871256129106 -0.017769854839313426 0.0038773519095126044 0 -0.0058081647745581288 0.016633734773864862 -0.0098978501096499538 -0.0036589147561428802 -0.0010851121247770856 -0.0035226674109359187 0.022733330106540762 0.0078350509823069975 -0.020326122926371364 0.0024195506097126206 -0.0098613804116998802 0.0015965869852925566 -0.018021130664235906 0.0055921317763051176 -0.022826706201538795 0.0034689860001847861 0.019299595914708527 0.010786754220595171 -0.015654236794569922 -0.0026237668248701132 -0.027147480671116286 0 -0.0046103292299203369 -0.0027110533999414876 0.022594867446985516 0.021285902761256584 0.0071530594638438832 0.013661802729859307 -0.016461804870086756 -0.018314224793549428 0.0089245295559989106
leaf_weight=10.122519910335543 7.8289798796176902 13.369154930114744 12.369269758462908 8.982880651950838 10.324617028236387 12.267376393079756 9.2415168881416303 8.1862229704856855 8.2242915034294111 7.4403334558010092 21.198157191276543 7.8069681525230434 11.922637462615969 13.799570500850676 9.6733747422695178 9.6579149663448316 8.9262833297252637 8.5576562285423261 12.275194019079207 47.501601666212089 8.6005213856697065 15.100021392107001 9.3169914782047289 10.449617475271223 8.6128375232219678 8.5491484105586988 9.2537572979927045 24.278955817222602 9.2358090579509717 9.9895987212657946 8.1881663203239423 17.490030646324161 10.073046594858168 22.711376249790195 11.909930557012556 8.9223204553127271 11.870768725872038 7.4418702423572531
leaf_count=27 21 36 33 24 28 33 25 22 22 20 57 21 32 37 26 26 24 23 33 128 23 41 25 28 23 23 25 66 25 27 22 47 27 61 32 24 32 20
internal_value=1.07352e-05 -0.00250293 0.0151176 0.00895741 5.14865e-05 -0.00997141 -0.0123367 0.000789516 -0.00126242 -0.0022288 -0.00545792 -0.00712078 0.00058747 0.0108194 0.0039833 -0.00639678 0.00822471 0.00615165 -0.0114474 -0.0138478 0.0200933 -0.0150176 0.000327951 0.00829159 0.02674 -0.0058756 -0.0169866 -0.0190326 -0.012229 -0.0164686 0.0117999 0.0164887 0.0102764 0.00759447 0.00410311 0 -0.0123231 0.00277506
internal_weight=471.671 405.117 66.5542 45.5721 302.381 102.736 89.367 292.056 211.246 203.417 134.599 126.375 45.3999 25.7222 68.818 19.3313 49.4867 80.8102 80.975 68.6998 18.723 77.0997 26.849 72.2525 20.9821 17.8661 67.8581 58.6044 34.3254 25.0896 42.0464 26.4163 64.0663 53.9932 43.5436 31.6337 19.6777 15.63
internal_count=1269 1091 178 122 813 278 242 785 568 547 362 340 122 69 185 52 133 217 218 185 50 209 72 194 56 48 184 159 93 68 113 71 172 145 117 85 53 42
is_linear=0
shrinkage=0.03


Tree=13
num_leaves=33
num_cat=0
split_feature=1 37 27 32 19 27 57 42 1 19 46 46 35 30 55 57 0 28 45 38 39 2 39 37 46 34 45 43 31 23 46 31
split_gain=6.71214 5.1763 4.41388 4.00198 4.42468 5.41687 4.31689 3.91936 4.09878 6.06314 5.17431 6.46348 4.6041 7.81283 3.81183 2.67531 2.54984 2.30413 2.73764 2.28142 2.20172 1.93814 1.83579 2.91101 1.7928 2.7482 2.71811 1.09699 1.06926 0.866621 0.861887 0.744117
threshold=0.59133184041078046 -1.618897556351288 1.2323503441019354 -1.3504373761503643 1.1336187907035968 -0.68815633757276473 1.2793060239710468 -1.1479874133880803 -0.4261448320668873 -1.2134257015309553 0.5656079841585836 0.022427297364062831 -0.22008526901431888 0.67151012264733179 -0.029788709780951248 -0.69508053050661589 -0.07367920313656362 1.0000000180025095e-35 -0.28385328074960797 0.55817127331172645 1.3644608402762863 -0.21671674047775022 -0.31219036612296241 1.0000000180025095e-35 0.73568187067808222 0.63024443685755727 -0.21883727536774047 -0.61784569458135974 1.0000000180025095e-35 0.61358919671980161 -0.2765198146738273 -1.0000000180025095e-35
decision_type=2 2 2 2 2 2 2 2 2 2 2 2 2 2 2 2 2 2 2 2 2 2 2 2 2 2 2 2 2 2 2 2
left_child=1 2 -1 21 6 31 7 14 15 12 11 -11 27 -14 16 -9 -5 18 -17 -12 28 -3 23 -7 25 26 -8 -10 -2 -24 -23 -6
right_child=20 3 -4 4 5 22 24 8 9 10 19 -13 13 -15 -16 17 -18 -19 -20 -21 -22 30 29 -25 -26 -27 -28 -29 -30 -31 -32 -33
leaf_value=0.031702253185847303 -0.0067591318044238537 -0.00027520248817304262 0 0.013381197380509427 0.00057394704662644131 0.0083303070788306541 -0.0067780239911784451 0.0090738585457797276 -0.0062686038679837727 0.0072169045704731233 -0.010385103151256656 0.026422588762057587 0.014668507024943498 -0.017318991724211519 0.02690239018543715 -0.012286545731013891 -0.009462554098201981 -0.019493234048667239 0.010130411505647698 0.0069959850761518554 -2.5896310971462333e-05 -0.022660773011132479 -0.022241963128729617 -0.015431297164469095 -0.018761926121551479 -0.01753008628123736 0.014805345963464967 -0.022731016473095569 -0.022301156360389662 -0.0067408652822308606 -0.0049606842928614746 0.015923314952188392
leaf_weight=7.5659506618976575 9.4781687557697314 11.156041502952577 7.3669101595878601 8.8171540200710279 6.0815576016902924 7.8161387741565687 9.3535447120666557 6.7460909187793723 10.520549029111864 73.6557677090168 15.072355300188066 19.964112251996994 18.330847531557087 8.9621249139308912 11.69600063562393 9.3491072356700915 6.0266724228858974 11.890507489442824 7.3214011192321804 9.802056670188902 10.17056944966316 8.9921262264251691 14.003880321979524 7.5817265212535858 7.3997839987277976 6.2460851967334738 8.4846445322036761 8.3443484902381879 14.479246497154234 8.0129334032535535 5.9311487674713126 6.1400958299636823
leaf_count=24 32 37 24 29 20 26 31 22 35 241 50 64 60 30 38 31 20 40 24 32 35 31 48 26 25 21 28 28 50 27 20 20
internal_value=-9.35207e-06 0.00123744 0.0176842 0.000407712 0.00140001 -0.00663895 0.00299928 0.0044683 0.00293325 0.00494164 0.00852118 0.0117276 -0.00410066 0.00360142 0.0150443 -0.00608942 0.00372216 -0.0101446 -0.00208765 -0.00330004 -0.0124301 -0.010519 -0.0122704 -0.00334578 -0.00710968 -0.00240495 0.00352983 -0.0149828 -0.0171486 -0.0176453 -0.0170869 0.00962035
internal_weight=382.76 348.632 14.9329 333.699 307.619 49.6363 257.983 226.499 199.959 164.652 118.494 93.6199 46.1579 27.293 26.5398 35.3071 14.8438 28.561 16.6705 24.8744 34.128 26.0793 37.4147 15.3979 31.4841 24.0843 17.8382 18.8649 23.9574 22.0168 14.9233 12.2217
internal_count=1269 1152 48 1104 1016 167 849 744 657 540 387 305 153 90 87 117 49 95 55 82 117 88 127 52 105 80 59 63 82 75 51 40
is_linear=0
shrinkage=0.03


Tree=14
num_leaves=37
num_cat=0
split_feature=11 14 34 2 37 38 57 60 19 27 10 43 34 44 20 54 50 46 37 16 46 54 39 34 61 45 26 60 26 45 19 39 45 50 39 34
split_gain=20.2667 6.95786 6.15084 4.98994 5.5032 5.20239 4.03309 3.99038 3.96521 3.95365 3.43527 4.27088 3.11322 3.04157 4.33327 3.73413 4.03442 5.83174 5.45539 5.97792 4.26996 3.45991 3.38742 3.32404 2.83586 2.73886 2.47768 2.00072 1.85254 1.52433 2.34902 1.67622 1.2558 0.988983 0.506963 0.47881
threshold=0.10780546403610405 -0.93795451338150382 -1.4735209503996802 -0.79472569301557316 -0.62562133052138569 -0.51283657718431841 1.0000000180025095e-35 138.00000000000003 1.2509710153153242 0.59218145021036861 0.54088339873326718 -0.23937060771956012 1.4393849704180337 0.95029393058754441 -1.1160688006531634 -1.0513634723356613 -0.6652828712743023 -0.91497722955592664 -0.87394038697886134 0.11791458198055137 -1.007439962024594 -0.10162231494617982 0.076896759343960869 -1.0689506836194422 430.00000000000006 -0.27331938675419615 0.20008506187779382 672.00000000000011 -0.32858747505651403 -0.24724118536242548 -0.27460790463713453 0.40854205291743834 -0.23868219780345271 -1.0000000180025095e-35 1.9107001473384846 -0.17889609670291892
decision_type=2 2 2 2 2 2 2 2 2 2 2 2 2 2 2 2 2 2 2 2 2 2 2 2 2 2 2 2 2 2 2 2 2 2 2 2
left_child=1 26 -2 4 32 6 -5 25 10 -10 -7 -12 13 15 -15 23 20 21 -19 -20 -17 35 -23 33 -22 -3 -1 34 -16 30 -13 -31 -4 -9 -28 -18
right_child=2 7 3 5 -6 8 -8 12 9 -11 11 29 -14 14 28 16 17 18 19 -21 24 22 -24 -25 -26 -27 27 -29 -30 31 -32 -33 -34 -35 -36 -37
leaf_value=-0.0010018382022688489 -0.011239162419661761 0 0.016137246619261518 0.034863959392368297 0.0049110936196431467 -0.017825152266462481 0.0038360352310964673 0.010038829417473695 0 0.029364990094869137 0.022232611602845124 -0.0071032643811621103 -0.015547241289149513 0.0096450933080513522 -0.00062456426504416465 0.014386835401765908 -0.0067746465858000704 -0.0099620493361575815 -0.0026805757131727745 0.018835980522030987 0.0040185922899299035 0.017669510968078599 -0.0091535693427369034 -0.019056138429691599 -0.017798305898682924 -0.023175149511216641 -0.023596333778944 -0.003087502413186307 -0.021820313322351063 -0.014986005451934254 0.014325302526592181 0.0028766325819367762 0.043034370506451584 -0.0052189025780273405 -0.0082857708071680802 -0.020586658319768851
leaf_weight=10.763814002275465 9.1355058550834638 6.4154204130172756 6.1149369478225717 9.112188935279848 9.7845927476882917 6.877882480621337 7.2285282611846915 5.8647785782814026 6.7557236850261679 8.0004366338253003 6.9935728609561876 6.7578691244125357 10.54567441344261 6.7533092796802547 5.8774066865444246 5.828435659408572 9.6097333133220655 8.3030625581741315 13.916031956672667 50.589089304208755 6.3612353801727322 7.941452354192732 6.1001236736774445 11.838487416505812 16.649753272533417 11.328159868717192 24.891768038272861 8.1053509116172773 13.245308399200434 9.6554301977157682 8.6514165103435499 6.6612028181552878 9.0083599388599396 6.104294031858446 5.9002978801727286 5.7543794512748745
leaf_count=38 32 22 20 30 33 24 24 20 23 26 23 23 37 23 20 20 33 29 48 172 22 27 21 41 58 40 90 29 46 33 29 23 28 21 21 20
internal_value=0 -0.00460041 0.0106514 0.0128127 0.0243308 0.00860029 0.0229512 -0.00212306 0.00415541 0.0168837 -0.000242837 0.00327951 -0.000773695 0.000176266 -0.0090134 0.0018219 0.00385359 0.00666079 0.0111719 0.0141478 -0.00573547 -0.00431475 0.00587184 -0.00869038 -0.0116455 -0.0151638 -0.0145424 -0.0179646 -0.016116 -0.00153297 0.00477633 -0.00772865 0.0349573 0.00209723 -0.0213695 -0.0136745
internal_weight=369.425 258.687 110.738 101.602 24.9079 76.6943 16.3407 209.026 60.3535 14.7562 45.5974 38.7195 191.283 180.737 25.876 154.861 131.053 102.214 72.8082 64.5051 28.8394 29.4057 14.0416 23.8076 23.011 17.7436 49.6612 38.8974 19.1227 31.7259 15.4093 16.3166 15.1233 11.9691 30.7921 15.3641
internal_count=1269 898 371 339 81 258 54 720 204 49 155 131 658 621 89 532 450 350 249 220 100 101 48 82 80 62 178 140 66 108 52 56 48 41 111 53
is_linear=0
shrinkage=0.03


end of trees

feature_importances:
Column_46=35
Column_19=26
Column_37=24
Column_40=24
Column_45=18
Column_14=17
Column_26=16
Column_50=16
Column_54=16
Column_2=15
Column_34=15
Column_27=14
Column_32=14
Column_55=14
Column_24=13
Column_39=12
Column_16=11
Column_30=11
Column_47=11
Column_61=11
Column_25=10
Column_57=10
Column_35=9
Column_28=8
Column_1=7
Column_11=7
Column_38=7
Column_48=7
Column_53=7
Column_12=6
Column_20=6
Column_36=6
Column_41=6
Column_42=6
Column_43=6
Column_23=5
Column_31=5
Column_33=5
Column_59=5
Column_60=5
Column_7=4
Column_10=4
Column_13=4
Column_44=4
Column_51=4
Column_0=3
Column_18=3
Column_49=3
Column_4=2
Column_21=2
Column_29=2
Column_52=2
Column_3=1
Column_5=1
Column_9=1

parameters:
[boosting: gbdt]
[objective: multiclass]
[metric: multi_logloss]
[tree_learner: serial]
[device_type: cpu]
[data_sample_strategy: bagging]
[data: ]
[valid: ]
[num_iterations: 1800]
[learning_rate: 0.03]
[num_leaves: 96]
[num_threads: 2]
[seed: 42]
[deterministic: 0]
[force_col_wise: 1]
[force_row_wise: 0]
[histogram_pool_size: -1]
[max_depth: 10]
[min_data_in_leaf: 20]
[min_sum_hessian_in_leaf: 0.001]
[bagging_fraction: 0.85]
[pos_bagging_fraction: 1]
[neg_bagging_fraction: 1]
[bagging_freq: 0]
[bagging_seed: 400]
[bagging_by_query: 0]
[feature_fraction: 0.8]
[feature_fraction_bynode: 1]
[feature_fraction_seed: 30056]
[extra_trees: 0]
[extra_seed: 12879]
[early_stopping_round: 0]
[early_stopping_min_delta: 0]
[first_metric_only: 0]
[max_delta_step: 0]
[lambda_l1: 0.2]
[lambda_l2: 1.5]
[linear_lambda: 0]
[min_gain_to_split: 0]
[drop_rate: 0.1]
[max_drop: 50]
[skip_drop: 0.5]
[xgboost_dart_mode: 0]
[uniform_drop: 0]
[drop_seed: 17869]
[top_rate: 0.2]
[other_rate: 0.1]
[min_data_per_group: 100]
[max_cat_threshold: 32]
[cat_l2: 10]
[cat_smooth: 10]
[max_cat_to_onehot: 4]
[top_k: 20]
[monotone_constraints: ]
[monotone_constraints_method: basic]
[monotone_penalty: 0]
[feature_contri: ]
[forcedsplits_filename: ]
[refit_decay_rate: 0.9]
[cegb_tradeoff: 1]
[cegb_penalty_split: 0]
[cegb_penalty_feature_lazy: ]
[cegb_penalty_feature_coupled: ]
[path_smooth: 0]
[interaction_constraints: ]
[verbosity: -1]
[saved_feature_importance_type: 0]
[use_quantized_grad: 0]
[num_grad_quant_bins: 4]
[quant_train_renew_leaf: 0]
[stochastic_rounding: 1]
[linear_tree: 0]
[max_bin: 255]
[max_bin_by_feature: ]
[min_data_in_bin: 3]
[bin_construct_sample_cnt: 200000]
[data_random_seed: 175]
[is_enable_sparse: 1]
[enable_bundle: 1]
[use_missing: 1]
[zero_as_missing: 0]
[feature_pre_filter: 1]
[pre_partition: 0]
[two_round: 0]
[header: 0]
[label_column: ]
[weight_column: ]
[group_column: ]
[ignore_column: ]
[categorical_feature: ]
[forcedbins_filename: ]
[precise_float_parser: 0]
[parser_config_file: ]
[objective_seed: 16083]
[num_class: 3]
[is_unbalance: 0]
[scale_pos_weight: 1]
[sigmoid: 1]
[boost_from_average: 1]
[reg_sqrt: 0]
[alpha: 0.9]
[fair_c: 1]
[poisson_max_delta_step: 0.7]
[tweedie_variance_power: 1.5]
[lambdarank_truncation_level: 30]
[lambdarank_norm: 1]
[label_gain: ]
[lambdarank_position_bias_regularization: 0]
[eval_at: ]
[multi_error_top_k: 1]
[auc_mu_weights: ]
[num_machines: 1]
[local_listen_port: 12400]
[time_out: 120]
[machine_list_filename: ]
[machines: ]
[gpu_platform_id: -1]
[gpu_device_id: -1]
[gpu_device_id_list: ]
[gpu_use_dp: 0]
[num_gpu: 1]

end of parameters

pandas_categorical:null
