tree
version=v4
num_class=1
num_tree_per_iteration=1
label_index=0
max_feature_idx=42
objective=binary sigmoid:1
feature_names=Column_0 Column_1 Column_2 Column_3 Column_4 Column_5 Column_6 Column_7 Column_8 Column_9 Column_10 Column_11 Column_12 Column_13 Column_14 Column_15 Column_16 Column_17 Column_18 Column_19 Column_20 Column_21 Column_22 Column_23 Column_24 Column_25 Column_26 Column_27 Column_28 Column_29 Column_30 Column_31 Column_32 Column_33 Column_34 Column_35 Column_36 Column_37 Column_38 Column_39 Column_40 Column_41 Column_42
feature_infos=[-1.2381596618999944:8.1576921424424267] [-2.0718184796022734:6.4969931465167239] [-1.2921034309522652:6.54221420795432] [-1.1883278344459662:7.852022824049496] [-2.1501043388892613:6.5935184801421149] [-1.282769446088708:6.4686573874468545] [-2.0158083780750897:4.8969046381200396] [-2.8579962443059288:5.4825414987954311] [-2.4199782336438314:3.9194138140500736] [-2.9372133409017711:2.8923275186100366] [-4.6456678650057563:3.8769961098929602] [-2.1912282504731642:3.860130157851779] [-0.91474568315634242:2.9992760374456515] [-2.9342985258361596:2.9916249921619116] [-2.1672242929879642:3.9469758761045965] [-1.5354231127851976:1.6273966984885424] [-1.5692643935679684:1.3383673023705507] [-4.4894183799437402:0.98296151894913764] [-2.6279745052035919:0.38052119532359718] [-2.2938049191155567:2.2154491213403933] [-2.1412966124200072:4.811322008502259] [-2.3486555754071978:3.8727985181011313] [-2.3967858440110557:3.3392099870433136] [-1.6355627934832278:3.1789375263840123] [-2.0140179091408723:5.0805346575573989] [-2.2599548806901568:3.4873919827012223] [-3.2726422107605262:3.1837498562152096] [-2.9069542576973535:2.7879127166193083] [-2.6696836687641756:4.2950599803749059] [-3.1293255748434552:4.5783434515862176] [-2.9514531136341327:3.5862624662621569] [-2.0387115200425394:3.9150659671929935] [-2.5331078999348162:4.1031881637102803] [-2.9508541180736572:4.5136349527792108] [-3.1560535925567388:3.8203545342461913] [-3.641262890913302:3.4358793878229728] [-2.4415478441233591:3.7371116677532745] [-1.6634415939147724:2.4251340854288554] [-1.1515241279341226:3.111923740856116] [-1.1889141652294219:3.7638073024386962] [6:798] [6:798] none
tree_sizes=3017 2770 2778 2863

Tree=0
num_leaves=28
num_cat=0
split_feature=0 34 29 15 35 26 21 26 35 29 25 25 15 36 26 34 34 16 17 2 13 15 36 23 27 30 37
split_gain=8.02713 6.10217 5.04577 5.81128 8.72627 9.35006 6.21063 6.46777 6.89432 6.47438 5.25028 7.46957 5.2499 5.05655 4.74308 4.44127 4.2819 3.03545 2.41493 2.0863 1.90804 1.64251 1.53412 1.35854 0.946376 0.704079 0.465366
threshold=1.5952416915677741 1.3010960440118002 -1.0754069535960025 1.0000000180025095e-35 -0.56542797746253615 1.0000000180025095e-35 -0.33583219221332683 -0.04444617727265885 -0.19635981111667394 0.87632666161923856 -0.89874114988693521 0.61371855100553285 0.89317067087142432 -0.97938211304573508 -0.044446177272658725 -0.63679510232234715 -0.18462050151104639 0.41321176275374921 0.52692986070806458 -0.26408288187965595 -2.0961267001490058 1.3450020724819585 -0.75344979891420727 1.4136207424326912 0.98453817475236571 1.0000000180025095e-35 -1.0000000180025095e-35
decision_type=2 2 2 2 2 2 2 2 2 2 2 2 2 2 2 2 2 2 2 2 2 2 2 2 2 2 2
left_child=1 2 15 6 13 12 10 8 16 26 -4 25 -6 -5 19 -1 -8 -14 24 -15 -2 -16 -10 -3 -17 -12 -9
right_child=20 23 3 4 5 -7 7 9 22 -11 11 -13 17 14 21 18 -18 -19 -20 -21 -22 -23 -24 -25 -26 -27 -28
leaf_value=0.10452404828592866 0.11276005243998255 0.078875013477917089 0.12322130760998434 0.13280685036111686 0.086054190639774056 0.073263873117752176 0.13342730872916927 0.14820532362405356 0.083583754461016749 0.10625428239484995 0.095370087266929762 0.11537273960355593 0.10263625024440526 0.083797809247199539 0.12754756935263911 0.10814215861970317 0.10194277548923829 0.12879749077689001 0.14339067549569393 0.10814215861970317 0.13716364763551547 0.10656854332958668 0.10446753265041023 0.10215327132828611 0.12477014670978495 0.071584881098999256 0.12478813119266315
leaf_weight=9.7215494513511675 5.982491970062255 6.7303034663200361 4.9854099750518825 5.9824919700622585 7.4781149625778225 15.70404142141342 8.9737379550933785 7.4781149625778207 5.733221471309661 6.481032967567443 5.2346804738044757 6.9795739650726309 6.9795739650726301 7.2288444638252285 5.7332214713096565 5.2346804738044721 4.9854099750518825 5.9824919700622559 5.483950972557067 5.2346804738044765 8.2259264588356 4.9854099750518799 8.2259264588356 5.4839509725570679 5.2346804738044739 6.7303034663200378 5.9824919700622603
leaf_count=39 24 27 20 24 30 63 36 30 23 26 21 28 28 29 23 21 20 24 22 21 33 20 33 22 21 27 24
internal_value=0.108142 0.106313 0.107971 0.105619 0.0992168 0.0896402 0.111426 0.117632 0.108142 0.130024 0.0994207 0.0922171 0.10402 0.111214 0.104724 0.119754 0.122284 0.115186 0.128891 0.0927797 0.128693 0.118304 0.0939515 0.0870908 0.11733 0.0789633 0.140911
internal_weight=189.196 174.988 162.774 137.099 65.3089 36.1442 71.7899 47.8599 27.9183 19.9416 23.93 18.9446 20.4402 29.1646 23.1822 25.6749 13.9591 12.9621 15.9533 12.4635 14.2084 10.7186 13.9591 12.2143 10.4694 11.965 13.4606
internal_count=759 702 653 550 262 145 288 192 112 80 96 76 82 117 93 103 56 52 64 50 57 43 56 49 42 48 54
is_linear=0
shrinkage=1


Tree=1
num_leaves=25
num_cat=0
split_feature=3 34 25 29 19 15 22 3 19 22 3 25 27 21 29 41 34 35 34 15 31 23 16 23
split_gain=7.63638 5.81507 4.85599 5.43471 6.42767 7.57075 6.69917 7.27188 6.15617 5.2069 5.19067 4.67352 4.94752 4.55399 4.03244 3.84018 3.7765 3.53989 3.18463 2.34722 2.14882 1.28131 0.657134 0.544541
threshold=1.5378690367909753 1.3010960440118002 1.8236863117195072 -1.0754069535960025 0.56205597317321188 -0.3493656835575451 -1.0513053404304007 1.0000000180025095e-35 -1.0000000180025095e-35 0.89610065159423102 -0.57208810430751633 -0.36938025457457152 -0.54765222548045045 -0.70180008006675776 -1.0000000180025095e-35 321.50000000000006 -0.055427758422102978 -0.2796203085135715 -0.18462050151104639 0.55429711966352357 -0.15334864908462068 1.4136207424326912 -0.64410885395116668 0.69144569445260495
decision_type=2 2 2 2 2 2 2 2 2 2 2 2 2 2 2 2 2 2 2 2 2 2 2 2
left_child=1 2 3 9 5 11 7 -7 15 18 -6 12 -5 -12 -10 -8 17 -13 -1 -17 -15 -3 -11 -2
right_child=23 21 -4 4 10 6 8 -9 14 22 13 16 -14 20 -16 19 -18 -19 -20 -21 -22 -23 -24 -25
leaf_value=-0.014657224583621649 0.0072927361581654748 -0.028516724006707805 0.020955071834899849 0.00071569751552970015 0.0024366157136851366 0.032579325434099728 0.0027871693842422421 -0.0094701198159248979 0.017839920721799785 0.010133063422486389 -0.039626781119298272 0.021029169004792243 0.038660144542162045 -0.021724547109348222 -0.010113424579373522 -0.033490656579454853 -0.014092889806554442 -0.0035809879970680296 0.012313701862961258 -0.013329890230368055 0 -0.0058463418243043016 0.032283988544882736 0.024825222109595521
leaf_weight=6.7306838929653168 5.2287968248128882 6.7395124286413175 7.7259848266839972 5.4814199209213257 9.4771771281957644 5.9801641851663501 5.7322156876325527 5.9860025346279144 7.7278174608945847 4.9810618907213211 7.9828557670116451 9.4663915336132067 6.9714050740003568 5.9835174530744579 7.7276643067598538 10.970165953040125 7.2273531705141023 8.7251260131597501 5.9773598015308398 17.950666174292564 7.9777347445487932 5.4856763184070587 5.9758913218975049 8.9634891897439939
leaf_count=27 21 27 31 22 38 24 23 24 31 20 32 38 28 24 31 44 29 35 24 72 32 22 24 36
internal_value=0 -0.00177559 -0.000155602 -0.0014367 -0.00387867 -3.09476e-05 -0.00649073 0.012387 -0.0113441 0.0113038 -0.0153764 0.0102487 0.0242605 -0.022989 0.00385128 -0.0181659 0.00219194 0.00954716 -0.00158819 -0.0224487 -0.0101662 -0.0205319 0.0251285 0.0200627
internal_weight=189.176 174.984 162.759 155.033 131.368 99.9464 62.0747 11.9662 50.1085 23.665 31.4213 37.8717 12.4528 21.9441 15.4555 34.653 25.4189 18.1915 12.708 28.9208 13.9613 12.2252 10.957 14.1923
internal_count=759 702 653 622 527 401 249 48 201 95 126 152 50 88 62 139 102 73 51 116 56 49 44 57
is_linear=0
shrinkage=0.03


Tree=2
num_leaves=25
num_cat=0
split_feature=0 34 40 36 29 19 34 30 29 8 14 0 30 19 30 19 38 37 36 28 33 36 26 29
split_gain=7.26243 5.54475 4.61844 4.01079 3.8505 7.11929 5.82422 5.36905 4.81338 4.78101 5.6361 5.01661 4.63944 4.07201 3.76335 3.07045 2.52509 2.20793 1.89821 1.4715 1.02824 0.7337 0.442008 0.244893
threshold=1.5952416915677741 1.3010960440118002 168.00000000000003 0.16448903711703169 -1.0754069535960025 0.56205597317321188 -1.0459054554373337 0.46450327686167875 -0.30901940835441577 0.12485432815093483 0.0093922401743713104 0.051798409559486551 0.05589605311816042 0.86267290920360862 -0.40174403747457954 -0.38989765758971112 -0.61859314433534263 -0.43686889011168401 -0.61798514096532464 -0.49320127840821248 -1.1583945714543826 0.16448903711703169 0.25147179246372914 -1.6272059861699451
decision_type=2 2 2 2 2 2 2 2 2 2 2 2 2 2 2 2 2 2 2 2 2 2 2 2
left_child=1 2 3 18 13 6 15 9 21 10 14 -12 -11 17 -8 -6 -10 -4 -1 -2 -3 -7 -18 -15
right_child=19 20 4 -5 5 8 7 -9 16 12 11 -13 -14 23 -16 -17 22 -19 -20 -21 -22 -23 -24 -25
leaf_value=0.012802902231232904 0.027424353146093178 -0.029453382163349154 -0.014794723607197901 0.033067044408723302 0.030118284152186474 -0.035450592953230824 -0.0037041989709024796 0.022057060540421045 -0.018305543060717713 -0.0047531988244658169 -0.0265847997699507 -0.0011284289371437497 -0.039126740782166387 0.0098192226878151944 0.017089934429182153 0.0017507418348072755 0.0089050254911248079 0.0085382482486949587 -0.0081303801968358007 0.005396179263966629 -0.0082964028468116759 -0.013807455996016293 -0.0014670471568810134 0.02820842398625574
leaf_weight=6.7247486561536798 7.9579006284475327 5.244571179151535 5.4803094267845154 4.9765693992376319 6.4736234694719315 7.736298546195032 12.706034764647486 5.4780677855014792 5.489047363400462 9.4738365858793241 9.475268483161928 20.946123123168945 5.2376089841127387 4.9761678129434586 15.940467864274977 7.2268187552690488 5.9849339425563794 5.9804903119802493 5.7296352237463006 6.2164338976144773 6.988417834043501 6.7392185628414154 4.98579441010952 4.9739198088645917
leaf_count=27 32 21 22 20 26 31 51 22 22 38 38 84 21 20 64 29 24 24 23 25 28 27 20 20
internal_value=0 -0.0017209 -0.000137665 0.0137701 -0.0019706 -0.00405206 0.000104753 -0.00304041 -0.0161551 -0.00538596 -0.00128236 -0.0101219 -0.019849 0.00928853 0.00794236 0.0171989 -0.00394213 -0.00257711 0.00290382 0.0195872 -0.0200301 -0.0279925 0.00410069 0.0220269
internal_weight=189.142 174.968 162.735 17.431 145.304 123.893 92.9578 79.2574 30.9353 73.7793 59.0679 30.4214 14.7114 21.4109 28.6465 13.7004 16.4598 11.4608 12.4544 14.1743 12.233 14.4755 10.9707 9.95009
internal_count=759 702 653 70 583 497 373 318 124 296 237 122 59 86 115 55 66 46 50 57 49 58 44 40
is_linear=0
shrinkage=0.03


Tree=3
num_leaves=26
num_cat=0
split_feature=0 34 25 29 27 22 12 34 14 16 23 33 31 30 22 27 25 19 24 35 24 13 23 16 15
split_gain=6.91839 5.28913 4.5508 4.9759 5.93981 4.84062 4.78687 3.46089 4.27072 6.7276 4.60699 3.33875 5.59883 4.98283 3.31092 4.34811 3.09902 2.9458 2.67575 3.44326 2.24239 1.88523 1.20535 0.639528 0.190272
threshold=1.5952416915677741 1.3010960440118002 1.8236863117195072 -1.0754069535960025 0.19358442831949604 0.89610065159423102 -0.3781487497660711 1.042710557833914 0.15561074677860512 0.67754191692997823 -0.83314607350535441 -0.4954300816088979 -0.15334864908462068 0.61160187740934535 -1.0513053404304007 -0.77815874586945821 0.31122661082703912 0.86267290920360862 -1.2158807453873166 -0.2796203085135715 -0.41774358163376119 -2.0961267001490058 1.4136207424326912 -0.64410885395116668 0.89317067087142432
decision_type=2 2 2 2 2 2 2 2 2 2 2 2 2 2 2 2 2 2 2 2 2 2 2 2 2
left_child=1 2 3 5 7 16 11 8 10 20 18 -6 13 -13 -12 -16 -1 -8 -5 -20 -10 -2 -3 -7 -22
right_child=21 22 -4 4 6 23 17 -9 9 -11 14 12 -14 -15 15 -17 -18 -19 19 -21 24 -23 -24 -25 -26
leaf_value=0.010466493662251272 0.0036191130626555736 -0.027275535160868915 0.020319279439682838 0.0044409725061138224 -0.036945830214138095 0.0095916324423121844 0.016337789451146389 0.021052001274359328 -0.0054012454198062946 0.0077749731009042851 0.022556230038721373 -0.042312698742101314 0.006855285721302967 -0.00087693407795117926 -0.013396372331005471 0.0089259441600620382 -0.016191692220458694 -0.0103456834690995 0 -0.03325954134458086 -0.014919258321885431 0.027501330319709066 -0.0053960098537424112 0.031180417683772058 -0.037920381578623839
leaf_weight=6.9733247458934802 5.9660434126853934 6.7483470737934095 7.7125300765037528 5.9774828553199795 7.2400700896978405 4.9726030826568604 5.2268057912588102 5.2329112142324439 6.4823128730058697 9.4718334674835187 9.2053198069333941 4.9913490563631076 7.4781715273857108 4.9895890057086945 8.9755684733390719 29.149185910820982 5.7330563068389893 6.7368180900812149 5.2313082665205011 4.9914116859435937 4.9892495870590228 8.1885907948017103 5.4903848916292191 5.9530255943536741 4.9911594837903976
leaf_count=28 24 27 31 24 29 20 21 21 26 38 37 20 30 20 36 117 23 27 21 20 20 33 22 24 20
internal_value=0 -0.00167961 -0.0001319 -0.00137291 -0.00370985 0.0108245 -0.0137053 0.000250947 -0.00122686 -0.0111819 0.00290895 -0.0209059 -0.0115411 -0.024942 0.00767375 0.00321108 -0.00157883 0.00138786 -0.0101434 -0.0186601 -0.0221613 0.0191298 -0.0195577 0.0241816 -0.0303963
internal_weight=189.098 174.944 162.705 154.993 131.361 23.632 36.6628 94.6977 89.4648 25.9346 63.5303 24.6992 17.4591 9.98094 47.3301 38.1248 12.7064 11.9636 16.2002 10.2227 16.4627 14.1546 12.2387 10.9256 9.98041
internal_count=759 702 653 622 527 95 147 380 359 104 255 99 70 40 190 153 51 48 65 41 66 57 49 44 40
is_linear=0
shrinkage=0.03


end of trees

feature_importances:
Column_34=10
Column_29=8
Column_15=6
Column_19=6
Column_25=6
Column_23=5
Column_30=5
Column_36=5
Column_0=4
Column_16=4
Column_22=4
Column_26=4
Column_27=4
Column_35=4
Column_3=3
Column_13=2
Column_14=2
Column_21=2
Column_24=2
Column_31=2
Column_33=2
Column_37=2
Column_2=1
Column_8=1
Column_12=1
Column_17=1
Column_28=1
Column_38=1
Column_40=1
Column_41=1

parameters:
[boosting: gbdt]
[objective: binary]
[metric: binary_logloss]
[tree_learner: serial]
[device_type: cpu]
[data_sample_strategy: bagging]
[data: ]
[valid: ]
[num_iterations: 350]
[learning_rate: 0.03]
[num_leaves: 96]
[num_threads: 2]
[seed: 42]
[deterministic: 0]
[force_col_wise: 1]
[force_row_wise: 0]
[histogram_pool_size: -1]
[max_depth: 10]
[min_data_in_leaf: 20]
[min_sum_hessian_in_leaf: 0.001]
[bagging_fraction: 0.85]
[pos_bagging_fraction: 1]
[neg_bagging_fraction: 1]
[bagging_freq: 0]
[bagging_seed: 400]
[bagging_by_query: 0]
[feature_fraction: 0.8]
[feature_fraction_bynode: 1]
[feature_fraction_seed: 30056]
[extra_trees: 0]
[extra_seed: 12879]
[early_stopping_round: 0]
[early_stopping_min_delta: 0]
[first_metric_only: 0]
[max_delta_step: 0]
[lambda_l1: 0.2]
[lambda_l2: 1.5]
[linear_lambda: 0]
[min_gain_to_split: 0]
[drop_rate: 0.1]
[max_drop: 50]
[skip_drop: 0.5]
[xgboost_dart_mode: 0]
[uniform_drop: 0]
[drop_seed: 17869]
[top_rate: 0.2]
[other_rate: 0.1]
[min_data_per_group: 100]
[max_cat_threshold: 32]
[cat_l2: 10]
[cat_smooth: 10]
[max_cat_to_onehot: 4]
[top_k: 20]
[monotone_constraints: ]
[monotone_constraints_method: basic]
[monotone_penalty: 0]
[feature_contri: ]
[forcedsplits_filename: ]
[refit_decay_rate: 0.9]
[cegb_tradeoff: 1]
[cegb_penalty_split: 0]
[cegb_penalty_feature_lazy: ]
[cegb_penalty_feature_coupled: ]
[path_smooth: 0]
[interaction_constraints: ]
[verbosity: -1]
[saved_feature_importance_type: 0]
[use_quantized_grad: 0]
[num_grad_quant_bins: 4]
[quant_train_renew_leaf: 0]
[stochastic_rounding: 1]
[linear_tree: 0]
[max_bin: 255]
[max_bin_by_feature: ]
[min_data_in_bin: 3]
[bin_construct_sample_cnt: 200000]
[data_random_seed: 175]
[is_enable_sparse: 1]
[enable_bundle: 1]
[use_missing: 1]
[zero_as_missing: 0]
[feature_pre_filter: 1]
[pre_partition: 0]
[two_round: 0]
[header: 0]
[label_column: ]
[weight_column: ]
[group_column: ]
[ignore_column: ]
[categorical_feature: ]
[forcedbins_filename: ]
[precise_float_parser: 0]
[parser_config_file: ]
[objective_seed: 16083]
[num_class: 1]
[is_unbalance: 0]
[scale_pos_weight: 1]
[sigmoid: 1]
[boost_from_average: 1]
[reg_sqrt: 0]
[alpha: 0.9]
[fair_c: 1]
[poisson_max_delta_step: 0.7]
[tweedie_variance_power: 1.5]
[lambdarank_truncation_level: 30]
[lambdarank_norm: 1]
[label_gain: ]
[lambdarank_position_bias_regularization: 0]
[eval_at: ]
[multi_error_top_k: 1]
[auc_mu_weights: ]
[num_machines: 1]
[local_listen_port: 12400]
[time_out: 120]
[machine_list_filename: ]
[machines: ]
[gpu_platform_id: -1]
[gpu_device_id: -1]
[gpu_device_id_list: ]
[gpu_use_dp: 0]
[num_gpu: 1]

end of parameters

pandas_categorical:null
