tree
version=v4
num_class=1
num_tree_per_iteration=1
label_index=0
max_feature_idx=62
objective=binary sigmoid:1
feature_names=Column_0 Column_1 Column_2 Column_3 Column_4 Column_5 Column_6 Column_7 Column_8 Column_9 Column_10 Column_11 Column_12 Column_13 Column_14 Column_15 Column_16 Column_17 Column_18 Column_19 Column_20 Column_21 Column_22 Column_23 Column_24 Column_25 Column_26 Column_27 Column_28 Column_29 Column_30 Column_31 Column_32 Column_33 Column_34 Column_35 Column_36 Column_37 Column_38 Column_39 Column_40 Column_41 Column_42 Column_43 Column_44 Column_45 Column_46 Column_47 Column_48 Column_49 Column_50 Column_51 Column_52 Column_53 Column_54 Column_55 Column_56 Column_57 Column_58 Column_59 Column_60 Column_61 Column_62
feature_infos=[-0.91710096151949072:7.6495728323292109] [-0.99242463480087417:10.029065417893603] [-0.87634578085172254:9.1982666096952688] [-0.90965115615949377:7.5691897819858358] [-0.98245974786011203:9.8894703838250866] [-0.87856217079574939:9.2293268236615926] [-1.6388206339356934:3.9602076252410505] [-1.344199194051428:6.3239965206173689] [-1.7630389374415742:3.782440885369228] [-2.1107331575032089:2.4757460706960561] [-4.2253854197131036:1.7164517382460762] [-1.7302277413822149:2.970842169077704] [-1.6275702126756773:3.5759429862144962] [-2.0984655476142162:2.5893271804464604] [-1.7182144039559757:3.078860404876119] [-2.0984655476142162:2.5893271804464604] [-4.3289141316169646:1.7973099173501521] [-1.7182144039559757:3.078860404876119] [-4.7974650737135383:1.184998853709234] [-1.6987335395640772:1.8142143934088768] [-1.468776468384553:1.3361604053451308] [-2.4213737732702376:0.86960504801456484] [-1.7796952478155419:0.56189395416289234] [-2.3317710324082213:2.151625830119908] [-2.2917417924083647:3.5108135491365271] [-2.131752667930666:5.1434402601585933] [-3.5490438545737981:2.8480153610137653] [-2.4918894288240221:2.0623999538901963] [-2.0166705009997425:4.7176998987282275] [-2.074509470956202:4.1373335668344433] [-3.1618115281143542:3.2820809590925126] [-2.8699305767960945:2.5646354362811059] [-2.3943092347317507:3.7592820333585206] [-2.385703422685074:6.3075674968762003] [-4.1573217176297481:3.2827875406082034] [-2.6500596906181104:2.5074533536873478] [-2.2849666354339737:3.5070832757542276] [-2.6079709196771135:4.5548706199272866] [-3.5408506009294647:2.7069004270353259] [-3.3872403572418643:2.9615889147897447] [-3.0879757994367778:2.9506355016882386] [-2.8309415190321401:1.680983429825859] [-3.2994567178550698:3.5222599589667833] [-1.9837039747512046:2.4335907043350895] [-4.1926156340467404:3.6644120895999066] [-2.2998702123320438:2.7492640571227174] [-2.3803110549202815:2.751384017401981] [-2.7975383049914901:3.0763519988502042] [-2.4653851987394826:2.0397676802709972] [-1.181091927586426:4.4696076136486953] [-1.175655951563829:4.3399214382196662] [-9.303691605021827:6.1453940753885652] [-3.3091577219112298:7.4170200944830018] [-3.3843723675500659:7.525400103092001] [-2.7123922110689427:2.4691350616182191] [-2.5768833266241642:2.3792221325927709] [-1.1923178241406835:2.6149940114427159] [-1.0764023711644981:3.7796504490426521] [-1.2754499895363534:2.5232344898669683] [-2.2057504693466834:2.3077358750749783] [61:805] [61:805] none
tree_sizes=4301 4028 4453 3952 4120 4458 4166 4286 4268 4155 4281 4377 3527 4454 4065 4267 3736

Tree=0
num_leaves=39
num_cat=0
split_feature=36 33 39 33 12 61 54 38 39 24 59 19 57 54 45 25 55 57 51 25 30 21 12 12 37 37 54 54 42 55 54 55 55 41 27 54 54 54
split_gain=13.1467 13.8285 13.6047 7.99476 8.33969 10.3934 7.35907 7.15888 9.69088 7.90645 6.82078 6.22874 6.0224 5.96972 7.54568 6.05538 8.41979 5.82935 5.43484 4.82757 5.2625 4.32762 4.06151 4.71498 3.76351 3.30528 3.0268 2.77986 2.39333 1.67763 1.64562 1.41282 1.25979 1.05538 0.654564 0.603018 0.577517 0.15091
threshold=-0.56545181804997646 -1.1968800490698572 -0.18170400910825785 1.0000000180025095e-35 -0.40764368731863226 439.50000000000006 0.12047311006550869 -1.6040477822603794 -0.084337509768277183 1.5257288270290645 1.0000000180025095e-35 -0.42680411555662834 -1.0000000180025095e-35 -1.0195697618511279 -0.93149931342434567 1.0000000180025095e-35 0.69821026746773762 -0.59079708914378304 0.25034822365302117 0.96020432650726939 0.6837372142510344 1.0000000180025095e-35 -1.1077920400851722 0.62115201399204245 -0.41290657689512006 -1.0000000180025095e-35 -1.0195697618511279 -0.56062852861181545 1.1449950564379558 0.16609312084500069 0.46853520327507164 0.87825035809208851 0.52019334338987566 0.3274059451684595 -0.21474473746691278 0.39442068976812283 -0.083285471701347688 0.69733162586546993
decision_type=2 2 2 2 2 2 2 2 2 2 2 2 2 2 2 2 2 2 2 2 2 2 2 2 2 2 2 2 2 2 2 2 2 2 2 2 2 2
left_child=7 21 13 4 31 33 -7 17 10 18 26 -8 34 19 25 16 -16 -1 36 24 -21 -2 -17 27 -3 -15 -9 -24 32 -23 -20 -4 35 -6 -12 -5 -10 -38
right_child=1 2 3 28 5 6 11 8 9 -11 12 -13 -14 14 15 22 -18 -19 30 20 -22 29 23 -25 -26 -27 -28 -29 -30 -31 -32 -33 -34 -35 -36 -37 37 -39
leaf_value=-0.040848624538875486 -0.027570999061693181 -0.053174095479301749 0.0031659801069766694 0.014569208633898552 0.0003747458390604072 -0.065559634848291498 -0.010460192601099635 -0.029674216311739315 -0.047289188823456785 -0.023284436081114093 -0.0017187391042419904 -0.045722933888711473 -0.043002625842877701 -0.031813751522130104 -0.050190509877951879 -0.031748698314580298 -0.0049190328615059675 -0.0059256182744991497 -0.048557816060049011 -0.030091637654497815 0.0021447727775227576 -0.039885527135873469 -0.046958239930046997 -0.032341405773851334 -0.023489552923214904 -0.0042415335801923408 -0.056080482807467288 -0.07802962705629074 -0.025228900629873104 -0.063730284342257387 -0.027322930676456053 -0.022706651257203316 -0.014357185413561988 -0.023284436081114093 -0.022706651257203312 -0.011782767257099491 -0.076330037504906856 -0.055728536877024532
leaf_weight=6.998236358165741 5.498614281415942 4.9987402558326721 7.9979844093322736 9.2476694732904487 4.9987402558326703 6.9982363581657436 6.2484253197908375 5.2486772686243048 5.4986142814159384 5.4986142814159384 6.4983623325824764 9.2476694732904434 5.4986142814159384 8.7477954477071744 5.9984883069992048 5.9984883069992057 5.7485512942075729 7.2481733709573728 4.9987402558326703 9.2476694732904452 8.7477954477071744 6.2484253197908393 7.4981103837490073 5.2486772686243048 7.7480473965406436 4.9987402558326712 8.9977324604988116 8.2479214221239143 5.2486772686243048 9.7475434988737089 4.9987402558326721 4.9987402558326721 8.997732460498808 5.4986142814159393 4.9987402558326712 5.9984883069992057 11.247165575623518 9.7475434988737089
leaf_count=28 22 20 32 37 20 28 25 21 22 22 26 37 22 35 24 24 23 29 20 37 35 25 30 21 31 20 36 33 21 39 20 20 36 22 20 24 45 39
internal_value=-0.0317487 -0.0271221 -0.0240077 -0.0149146 -0.0233717 -0.0317487 -0.0431085 -0.0411967 -0.0449859 -0.054145 -0.0320308 -0.0312332 -0.0198438 -0.0323354 -0.0384911 -0.0452202 -0.0279599 -0.0226945 -0.0591037 -0.0221872 -0.0127113 -0.0488625 -0.0527462 -0.0585995 -0.0357396 -0.0204612 -0.0467 -0.0661914 -0.00296453 -0.056255 -0.0382263 -0.0044059 0.000961793 -0.00891033 -0.00828559 0.0072766 -0.0659984 -0.0692686
internal_weight=267.683 180.205 158.71 75.481 45.9884 32.9917 22.4943 87.478 73.2315 41.9894 31.2421 15.4961 16.9957 83.229 52.4868 38.7402 11.747 14.2464 36.4908 30.7423 17.9955 21.4946 26.9932 20.9947 12.7468 13.7465 14.2464 15.746 29.4926 15.996 9.99748 12.9967 24.2439 10.4974 11.4971 15.2462 26.4933 20.9947
internal_count=1071 721 635 302 184 132 90 350 293 168 125 62 68 333 210 155 47 57 146 123 72 86 108 84 51 55 57 63 118 64 40 52 97 42 46 61 106 84
is_linear=0
shrinkage=1


Tree=1
num_leaves=37
num_cat=0
split_feature=36 33 39 33 12 38 39 24 60 53 54 13 59 57 57 50 54 16 51 37 2 12 35 16 21 42 54 58 42 50 27 55 54 55 27 38
split_gain=12.4905 13.1426 12.9546 7.57648 7.91827 6.79502 9.21878 7.52975 6.52023 6.67748 6.74299 6.59904 6.47772 5.74392 5.54543 5.43545 9.05696 7.00526 5.15592 4.93178 4.48487 4.45675 9.34572 5.92196 4.12175 3.32407 2.88131 2.30876 2.26066 1.96935 1.7972 1.58205 1.57295 1.32769 0.612906 0.545649
threshold=-0.56545181804997646 -1.1968800490698572 -0.18170400910825785 1.0000000180025095e-35 -0.40764368731863226 -1.6040477822603794 -0.084337509768277183 1.5257288270290645 292.00000000000006 1.0000000180025095e-35 -0.56062852861181545 -1.1080424482278384 1.0000000180025095e-35 1.0000000180025095e-35 -0.59079708914378304 -0.486208777840892 -0.045967204195968329 0.33213178204641908 0.25034822365302117 -0.67284840696140857 -0.69801501630045737 0.07923124580080157 1.3101735398307237 0.85154094894855248 1.0000000180025095e-35 -0.50875444097340261 -1.0195697618511279 -0.8955815415960211 1.1449950564379558 -0.68319368461887386 -0.21474473746691278 0.16609312084500069 0.46853520327507164 0.87825035809208851 -0.21474473746691278 0.85935119448002351
decision_type=2 2 2 2 2 2 2 2 2 2 2 2 2 2 2 2 2 2 2 2 2 2 2 2 2 2 2 2 2 2 2 2 2 2 2 2
left_child=5 24 8 4 33 14 12 18 19 10 11 -10 26 34 -1 -6 -17 -18 27 -3 -21 22 25 -23 -2 -11 -7 -8 29 -5 -22 -26 -20 -4 -14 -31
right_child=1 2 3 28 15 6 7 -9 9 21 -12 -13 13 -15 -16 16 17 -19 32 20 30 23 -24 -25 31 -27 -28 -29 -30 35 -32 -33 -34 -35 -36 -37
leaf_value=-0.008876340762967427 0.0040790280757485109 -0.028453079517757683 0.034025352732247542 0.011324491620886676 -0.019764114195447612 0.002026028943553367 -0.014820640387168887 0.0082639895738669828 -0.016999704455141932 0.039308220942352576 -0.025989240702163324 0.020147814064369392 0.029291911786564567 -0.010990513788304412 0.025176049064733575 -0.018072160207706772 0.03252219640214471 -0.0035098435488175954 -0.016425563184923674 0.018274507789884674 0 -0.018646982592387638 -0.01213981891672529 0.018480568805386531 -0.0079409267903632931 0.0081504012772288716 -0.023717140271527753 -0.039723535987501814 0.0063672083652939315 0.042343460639131733 -0.022840191752213666 -0.031170983889844534 0.0043234195354610924 0.0088325465993582177 0.0088325465993582195 0.018102842449149538
leaf_weight=6.9970806241035461 5.498954892158511 9.4952690005302447 7.9999799728393537 5.999717563390738 7.7477625757455817 5.2488443702459326 8.2425585687160474 5.4992545247077933 5.7480246871709815 11.497989788651468 8.7431560754775983 8.9976853579282778 6.4999953508377102 5.497458040714263 7.2499364763498289 7.4937921464443198 10.498175323009496 7.2470040917396537 4.9970537424087507 4.9980488121509543 4.9984177947044364 6.7482879757881147 4.9975837022066107 5.7481390982866287 6.2475148588418952 5.9967993050813702 8.992927551269533 18.230431616306308 5.2491648048162451 12.499412193894388 5.2482838183641425 9.7401065826415998 4.9990668892860413 4.999355673789978 4.9993556737899771 5.7497073858976355
leaf_count=28 22 38 32 24 31 21 33 22 23 46 35 36 26 22 29 30 42 29 20 20 20 27 20 23 25 24 36 73 21 50 21 39 20 20 20 23
internal_value=0 0.00451979 0.0075563 0.016429 0.00818853 -0.00920048 -0.0128942 -0.0218304 -0.000569379 0.00482469 -0.00712 0.00506541 -0.000255158 0.0116147 0.00881855 0 0.00691759 0.0183686 -0.0266736 -0.0130949 -0.00147872 0.0129709 0.0205545 -0.000989963 -0.0166766 0.030431 -0.0145593 -0.0333948 0.028064 0.0318832 -0.0127278 -0.0238962 -0.00631688 0.0266665 0.0229043 0.0369649
internal_weight=267.642 180.188 158.702 75.4841 45.9861 87.454 73.2069 41.9684 83.2177 58.4777 23.4889 14.7457 31.2386 16.9968 14.247 32.9867 25.239 17.7452 36.4691 24.74 15.2448 34.9888 22.4924 12.4964 21.4866 17.4948 14.2418 26.473 29.498 24.2488 10.2467 15.9876 9.99612 12.9993 11.4994 18.2491
internal_count=1071 721 635 302 184 350 293 168 333 234 94 59 125 68 57 132 101 71 146 99 61 140 90 50 86 70 57 106 118 97 41 64 40 52 46 73
is_linear=0
shrinkage=0.03


Tree=2
num_leaves=41
num_cat=0
split_feature=28 54 24 46 37 45 33 39 33 35 61 18 16 40 35 56 19 33 46 45 32 16 61 35 24 30 54 16 30 40 45 19 16 47 35 35 27 39 18 54
split_gain=11.6334 6.87714 6.59016 6.45714 6.30902 5.84386 6.3325 5.09275 5.40355 5.61013 4.98574 4.92179 5.96727 5.90096 5.23955 4.16847 10.2857 6.30617 5.44966 4.17708 4.04169 3.91968 3.91554 3.63483 3.39088 3.32861 3.04874 2.96377 2.87882 2.84806 2.29936 2.02231 1.9138 1.72309 1.33844 5.67532 0.822972 1.08256 0.525118 0.471397
threshold=1.0000000180025095e-35 -1.0195697618511279 1.5257288270290645 -1.5869128277828881 -0.41290657689512006 0.93590388635729049 1.7380276545427098 -1.3238708438315911 -1.1968800490698572 -0.53179540456408281 244.50000000000003 0.32126127753520944 1.1202787547094541 0.52440774677193747 0.57338596207280101 -0.81158664058234353 -0.30566797993687128 -0.26811178843296896 0.13170749454017003 0.77943975059384785 1.0000000180025095e-35 0.52041815212666209 488.00000000000006 -0.16340161568512149 0.60953587836408152 -0.97920278244751202 -0.1594357093725973 0.65384372374215138 -0.182377367362792 -0.98524507850931686 -0.70962151501407134 -0.79021252241589945 0.84851553296900739 0.45283261933168478 -0.16340161568512149 -0.71599229900356354 1.0000000180025095e-35 -0.60080973229465806 -0.13282210342007719 0.790575494369126
decision_type=2 2 2 2 2 2 2 2 2 2 2 2 2 2 2 2 2 2 2 2 2 2 2 2 2 2 2 2 2 2 2 2 2 2 2 2 2 2 2 2
left_child=1 28 3 -3 5 6 11 -6 -9 22 24 13 -13 14 -2 18 17 31 -12 34 -19 -7 -10 39 29 -4 38 36 30 -5 -1 -17 -29 -31 35 -18 -11 -38 -15 -21
right_child=4 2 25 10 7 21 -8 8 9 27 15 12 -14 26 -16 16 19 20 -20 23 -22 -23 -24 -25 -26 -27 -28 32 -30 33 -32 -33 -34 -35 -36 -37 37 -39 -40 -41
leaf_value=0.031925959704446498 -0.015815944618551347 0.012748581353214238 -0.0053115494069793847 -0.0093341116925160679 -0.0075309562219678904 0.03304039168580318 0.022304118803562655 -0.0048810242261353659 -0.012957488481071944 0.013591775434041199 -0.045473937121412428 0.017443071850631674 -0.018166837441323018 -0.016453358433057771 0.019595461877231532 0.00016450732162158645 -0.03427141756603299 0.029027733249961725 -0.006007126878921242 -0.0073153098995843123 -0.0023162940528089131 -0.00035151185356570194 0.017966446432681676 0.0070839774571026899 -0.016979300314621418 0.023310487411246219 -0.0048346186059092314 -0.0034311713668035227 -0.0046653075493054974 0 0.0037043852624992989 -0.023645290674125494 0.017619864248925362 0.023901225137858358 -0.040840503906384731 0.0024319146434556268 0.01634384719380377 0.038685331629439726 -0.042875581658991399 -0.025885875379141825
leaf_weight=4.9988220781087884 6.9937432110309619 7.992189332842826 5.2486445307731628 5.2448009699583098 8.9968235641717893 5.2472803443670255 4.9984172582626334 9.2395948618650419 6.9969263523817045 6.997634410858157 8.2383181154727918 9.7449148744344694 5.2455793917179099 4.995806083083151 5.247547909617424 4.9947743564844131 7.4871652573347047 7.2454681843519193 5.9930634051561347 4.9945336431264895 5.4935988336801529 5.2448798567056656 4.997689962387085 6.495279148221015 6.493952363729476 6.7478445470333082 5.2465433329343822 4.9983313530683509 5.7472156137228003 4.9962770789861679 5.9982493966817865 5.4933773130178469 8.4968843311071378 5.9949673265218735 8.9888521283865011 5.742615059018136 7.4965459406375876 14.244934424757959 6.4930242896080017 4.9962199181318283
leaf_count=20 28 32 21 21 36 21 20 37 28 28 33 39 21 20 21 20 30 29 24 20 22 21 20 26 26 27 21 20 23 20 24 22 34 24 36 23 30 57 26 20
internal_value=0 -0.00612131 -0.00869599 -0.0111016 0.00632154 -0.000840127 -0.00538534 0.0121767 0.015172 0.0187357 -0.0132506 -0.00929716 0.00409933 -0.0162851 0 -0.0168712 -0.0127762 0.00272452 -0.0313928 -0.0219823 0.0162695 0.0178918 4.75429e-05 -0.00884194 -0.000577577 0.0111448 -0.0271012 0.0237223 0.0110417 0.00652553 0.0193051 -0.013204 0.0098596 0.0147859 -0.0303036 -0.0193071 0.0292216 0.0327921 -0.035075 -0.0192912
internal_weight=267.549 135.626 118.882 106.885 131.923 59.4577 48.9656 72.4654 63.4685 54.2289 98.8933 43.9672 14.9905 28.9767 12.2413 76.1633 61.9319 23.2272 14.2314 38.7047 12.7391 10.4922 11.9946 16.486 22.73 11.9965 16.7354 42.2343 16.7443 16.236 10.9971 10.4882 13.4952 10.9912 22.2186 13.2298 28.7391 21.7415 11.4888 9.99075
internal_count=1071 543 476 428 528 238 196 290 254 217 396 176 60 116 49 305 248 93 57 155 51 42 48 66 91 48 67 169 67 65 44 42 54 44 89 53 115 87 46 40
is_linear=0
shrinkage=0.03


Tree=3
num_leaves=36
num_cat=0
split_feature=36 33 39 33 45 38 39 24 60 45 55 52 49 59 47 39 51 37 10 13 21 33 44 50 47 31 44 58 42 40 18 50 55 54 45
split_gain=11.4986 12.1466 12.06 7.16161 7.57223 6.38811 8.60049 6.9151 6.19009 6.28741 7.75655 7.34104 6.0927 9.39462 5.22149 4.94414 4.84534 4.56227 4.2895 4.21885 3.94429 3.77477 3.30389 3.14535 2.82464 2.78533 2.58789 2.14449 2.13586 1.82328 2.04518 1.77888 1.53497 1.53211 0.493998
threshold=-0.56545181804997646 -1.1968800490698572 -0.18170400910825785 1.0000000180025095e-35 -0.62762403260580124 -1.6040477822603794 -0.084337509768277183 1.5257288270290645 292.00000000000006 -1.2234752297894071 0.7162959542932793 1.0000000180025095e-35 1.0000000180025095e-35 1.0000000180025095e-35 -1.5854551430555148 -1.3238708438315911 0.25034822365302117 -0.67284840696140857 1.093182106292317 -0.8409128256027808 1.0000000180025095e-35 0.17769697667273723 -0.73552343564221545 -0.486208777840892 -0.64154769611315665 -0.78668027178316768 -1.573606392831191 -0.8955815415960211 1.1449950564379558 0.95573712542372424 -0.63058899584077233 -0.68319368461887386 0.16609312084500069 0.46853520327507164 0.90272951428980164
decision_type=2 2 2 2 2 2 2 2 2 2 2 2 2 2 2 2 2 2 2 2 2 2 2 2 2 2 2 2 2 2 2 2 2 2 2
left_child=5 20 8 4 -4 26 12 16 17 24 11 15 13 -7 -12 -11 27 -3 22 -19 -2 -17 -6 -15 -10 -16 -1 -8 31 30 -24 -5 -22 -18 -33
right_child=1 2 3 28 18 6 7 -9 9 10 14 -13 -14 23 25 21 33 19 -20 -21 32 -23 29 -25 -26 -27 -28 -29 -30 -31 -32 34 -34 -35 -36
leaf_value=-0.0046561536282802045 0.0042001960155580425 -0.027579487569585177 -0.019522357369512484 0.011072806051305324 -0.0034454594518229741 -0.013256138982335304 -0.014275518556840219 0.0077702208841252474 0.03378088047599144 -0.021132170280102655 -0.0090013055527975207 -0.033474265445180895 -0.019084679494815057 0.0037343321868270976 0.037579257664293673 -0.0084120445754396964 -0.015985109429555316 0.014510746065019444 -0.0071661803683968463 -0.014504267201084515 -0.0075107003891443629 0.019765738360034518 0.0054875608380636843 0.035259911064518062 0.0035155311969868042 0.0079660595952005652 0.018734762382088651 -0.038347599671119302 0.0060580833622924293 0.0049005708359063207 0.030407789879788656 0.042890127352909965 -0.030269436375542025 0.0044781735010226559 0.020556260971775233
leaf_weight=6.247205376625061 5.498231008648875 9.4839315116405505 6.2429644763469687 5.9986187964677873 4.9956519603729239 9.2372107803821617 8.2351833879947645 5.4997369647026053 6.748138964176178 5.7454432100057629 5.2436355650424984 7.2353206574916831 9.2385003566741926 5.497633025050165 5.4974996298551568 5.7438645511865642 4.9938313812017423 6.4980077445507041 6.7435919344425193 8.7430982738733274 6.2444694489240637 8.9964647591114026 5.2461221069097546 7.2472952902317012 5.497331425547598 7.7460295110940907 7.997019872069357 18.184570193290714 5.2492549568414679 6.7462088763713828 15.991031795740129 10.240413382649423 9.7251754850149137 4.9982132911682129 7.9961537122726432
leaf_count=25 22 38 25 24 20 37 33 22 27 23 21 29 37 22 22 23 20 26 27 35 25 36 21 29 22 31 32 73 21 27 64 41 39 20 32
internal_value=0 0.0043366 0.00725706 0.01582 0.00780941 -0.00883258 -0.012419 -0.0210577 -0.000582035 0.00467288 -0.000483606 -0.0104372 -0.000205206 0.00818607 0.0138045 -0.000299161 -0.0257053 -0.0127909 0.0128046 -0.00158362 -0.0160464 0.00865344 0.0171964 0.0239075 0.0224968 0.0232383 0.0086287 -0.0322292 0.0271321 0.0210727 0.0252839 0.0308443 -0.0231227 -0.00597844 0.035708
internal_weight=267.473 180.097 158.629 75.45 45.9656 87.3764 73.1322 41.9115 83.1788 58.4537 46.2083 27.7211 31.2206 21.9821 18.4872 20.4858 36.4118 24.725 39.7226 15.2411 21.4679 14.7403 32.979 12.7449 12.2455 13.2435 14.2442 26.4198 29.4844 27.9834 21.2372 24.2352 15.9696 9.99204 18.2366
internal_count=1071 721 635 302 184 350 293 168 333 234 185 111 125 88 74 82 146 99 159 61 86 59 132 51 49 53 57 106 118 112 85 97 64 40 73
is_linear=0
shrinkage=0.03


Tree=4
num_leaves=38
num_cat=0
split_feature=36 33 39 33 45 16 38 39 24 26 60 53 54 13 46 57 54 51 24 37 0 8 1 35 45 61 50 35 34 58 27 54 53 38 59 41 55
split_gain=10.8862 11.5343 11.4352 6.83747 7.1961 6.62363 6.05403 8.16274 6.58011 5.9594 5.87583 6.04659 6.17387 5.99695 5.61339 5.32228 4.70219 4.58999 4.51387 4.33856 4.04643 3.91127 6.33973 4.82294 3.82493 3.50388 3.28253 2.89484 2.0827 2.02039 1.67237 1.46475 1.08767 1.02225 0.636465 0.626035 0.148877
threshold=-0.56545181804997646 -1.1968800490698572 -0.18170400910825785 1.0000000180025095e-35 -0.62762403260580124 1.1202787547094541 -1.6040477822603794 -0.084337509768277183 1.5257288270290645 0.18257402118561389 292.00000000000006 1.0000000180025095e-35 -0.56062852861181545 -1.1080424482278384 -0.024592088015178964 -0.59079708914378304 -1.0614346791232026 0.25034822365302117 -0.30665707030090161 -0.67284840696140857 0.80107372594733939 -0.83638479523127707 -0.15662830580487627 0.85991446453421549 -0.36548489863883854 488.00000000000006 0.10474594249305391 1.125976645391243 0.18274201634239043 -0.8955815415960211 -0.21474473746691278 0.46853520327507164 1.0000000180025095e-35 0.64514258780694511 -1.0000000180025095e-35 0.92899593834952598 0.38303069204679102
decision_type=2 2 2 2 2 2 2 2 2 2 2 2 2 2 2 2 2 2 2 2 2 2 2 2 2 2 2 2 2 2 2 2 2 2 2 2 2
left_child=6 24 10 4 -4 25 15 9 17 14 19 12 13 -12 18 -1 -16 29 -8 -3 30 22 -13 34 -2 27 36 32 33 -9 -21 -19 -6 -5 -23 -30 -26
right_child=1 2 3 28 5 -7 7 8 -10 -11 11 21 -14 -15 16 -17 -18 31 -20 20 -22 23 -24 -25 26 -27 -28 -29 35 -31 -32 -33 -34 -35 -36 -37 -38
leaf_value=-0.0089000717659237782 0.0052792075925022072 -0.0268935450501211 -0.01905797711236925 0.042731441803510711 0.015250484115796535 -0.014720623689106744 0.01881510524897459 -0.013920746157098263 0.0075871040874155738 0.02328214603292101 -0.016191712482236692 -0.015867640168456088 -0.024891827943032796 0.01922135538223689 0 0.024445204542823736 -0.036882903817478004 -0.015623725643973876 -0.011967610921147299 0 0.017222897560810847 0.036751792709538267 0.018550181796187514 -0.00090500425792596525 -0.01632458356869318 0.00071209275390857294 -0.0013371016327940652 0.0013747266088903623 0.020192067774326774 -0.037376214293232936 -0.021983159004940328 0.004374596212266455 0.035744177274190818 0.017079732780446406 0.013114100155337633 0.0046782205766296176 -0.038595006334131772
leaf_weight=6.99640753865242 4.991615533828738 9.4724782556295413 6.2398275732994071 8.731222018599512 9.4918179363012367 5.4924149662256232 7.9919615536928204 8.2300120145082456 5.4997043013572684 5.9942686557769767 5.7417934685945502 8.2437240928411502 8.722725957632063 8.9970449805259722 4.9987791180610657 7.2480800300836545 5.9832973778247815 4.9908012896776182 6.2404840886592892 4.9975357949733725 4.9985498040914527 7.9963476210832605 7.990927278995513 5.7456493824720374 5.743026554584505 9.2407105118036252 5.4862807691097251 5.2484724521636954 7.9895371496677381 18.137141406536106 5.2422000765800467 4.9985687136650085 10.242892518639563 6.4962813705205908 4.9950442612171182 6.2476083636283875 5.2289552688598633
leaf_count=28 20 38 25 35 38 22 32 33 22 24 23 33 35 36 20 29 24 20 25 20 20 32 32 23 23 37 22 21 32 73 21 20 41 26 20 25 21
internal_value=0 0.00422539 0.00707204 0.0154118 0.00758296 0.0124554 -0.00859244 -0.0120877 -0.0205111 -0.000184503 -0.000561194 0.00455713 -0.00680855 0.00483473 -0.00698188 0.00839849 -0.0218293 -0.0250523 0.00508231 -0.0124615 -0.00152564 0.012313 0.000871092 0.0211309 -0.0156434 0.0174196 -0.022234 0.0229824 0.0264698 -0.0314137 -0.0122201 -0.0058299 0.0279434 0.0346596 0.0303756 0.0148603 -0.0307845
internal_weight=267.324 180.015 158.565 75.4208 45.9561 39.7163 87.3095 73.065 41.8562 31.2088 83.144 58.4333 23.4616 14.7388 25.2145 14.2445 10.9821 36.3565 14.2324 24.7108 15.2383 34.9717 16.2347 18.737 21.4499 34.2239 16.4583 24.9832 29.4646 26.3672 10.2397 9.98937 19.7347 15.2275 12.9914 14.2371 10.972
internal_count=1071 721 635 302 184 159 350 293 168 125 333 234 94 59 101 57 44 146 57 99 61 140 65 75 86 137 66 100 118 106 41 40 79 61 52 57 44
is_linear=0
shrinkage=0.03


Tree=5
num_leaves=41
num_cat=0
split_feature=36 33 39 33 12 61 54 38 39 24 26 19 60 45 30 54 46 57 21 18 54 51 24 2 30 21 55 34 34 46 54 55 41 38 45 26 54 54 36 41
split_gain=10.3145 11.0018 10.8688 6.52383 7.09867 9.49518 6.39781 5.74541 7.73805 6.26441 5.67993 5.65507 5.57852 5.87914 7.27554 5.69435 5.34365 5.06596 4.52793 6.23737 4.49577 4.35245 4.29399 4.21736 6.67549 3.70926 3.31642 2.55682 1.97669 1.46377 1.40052 1.29343 1.08289 0.963172 0.86246 0.772453 4.57564 1.60461 0.633315 0.590019
threshold=-0.56545181804997646 -1.1968800490698572 -0.18170400910825785 1.0000000180025095e-35 -0.40764368731863226 439.50000000000006 0.12047311006550869 -1.6040477822603794 -0.084337509768277183 1.5257288270290645 0.18257402118561389 -0.42680411555662834 292.00000000000006 -1.2234752297894071 0.16406846528273833 -0.78560892561743556 -0.024592088015178964 -0.59079708914378304 0.59535681290749809 0.43288428555174202 -1.0614346791232026 0.25034822365302117 -0.30665707030090161 -0.72067023763095872 1.0000000180025095e-35 1.0000000180025095e-35 1.0360095380037238 -0.87127346190798571 0.18274201634239043 0.65800968420108108 0.46853520327507164 0.87825035809208851 0.3274059451684595 0.64514258780694511 0.18286350260655446 0.82227994274437044 0.69733162586546993 -0.083285471701347688 0.090678835951811906 0.92899593834952598
decision_type=2 2 2 2 2 2 2 2 2 2 2 2 2 2 2 2 2 2 2 2 2 2 2 2 2 2 2 2 2 2 2 2 2 2 2 2 2 2 2 2
left_child=7 25 12 4 31 32 -7 17 10 21 16 -8 23 38 15 -15 22 -1 19 26 -18 35 -9 -3 -25 -2 -16 -20 33 34 -23 -4 -6 -5 -27 36 37 -10 -14 -30
right_child=1 2 3 28 5 6 11 8 9 -11 -12 -13 13 14 18 -17 20 -19 27 -21 -22 30 -24 24 -26 29 -28 -29 39 -31 -32 -33 -34 -35 -36 -37 -38 -39 -40 -41
leaf_value=-0.0086816389972188459 0.0042756636613705832 0.0034381038114787328 0.032053094936771338 0.041717827300925062 0.030713910069505388 -0.032143354713739636 0.019773907691384783 0.018338411876663553 -0.011497235587143152 0.0074084724188585149 0.02272539538979897 -0.013853488187400015 0.029359875612547281 0.0061438532601411156 -0.025511742367946729 -0.029604959984613578 0 0.023846378459671622 0.0038300993038289507 0.018401439666174989 -0.036061953359547705 -0.015271867656756116 -0.011680434674301332 0.00069279844338484664 -0.036394168279993012 -0.012369417325607675 0.0017548251302478681 0.035314498538345854 0.019692516618479292 -0.006248857342895312 0.0042734517168772392 0.0077666245283534111 0.007482446515676108 0.016668924840541135 -0.037996512635972188 -0.042191828849859198 0.00021624966093605982 -0.039515742750974026 0.0099067541010070728 0.0045651946144868623
leaf_weight=6.9950269460678101 5.497580140829089 8.9787391573190689 7.9844691902399045 8.7117866426706332 4.9954336285591108 6.9783208072185543 6.2440234869718525 7.9926917403936413 5.22287793457508 5.499512404203414 5.993643030524253 9.2419786304235458 5.7443336695432645 5.2451400756835929 6.7386182248592394 9.4614363312721235 4.9987791180610657 7.24490077793598 4.9948926120996475 7.9930979758501044 5.9702592194080335 4.9872269183397275 6.2389969676733044 6.9897998571395883 8.7220792323350889 5.2350270450115186 6.741724044084549 4.9969959855079669 7.984569311141966 5.7201718240976325 4.9988675564527512 4.9983663111925125 5.495382621884346 6.4936968535184851 4.9800594449043274 7.686032533645629 5.2201342135667792 8.1734429895877891 6.4929930567741394 6.2473597377538681
leaf_count=28 22 36 32 35 20 28 25 32 21 22 24 37 23 21 27 38 20 29 20 32 24 20 25 28 35 21 27 20 32 23 20 20 22 26 20 31 21 33 26 25
internal_value=0 0.00411648 0.00689788 0.015031 0.00738045 -0.000126634 -0.0111919 -0.00836553 -0.0117745 -0.019985 -0.000179818 0 -0.000544062 0.00444152 -0.00054098 -0.0170963 -0.00682285 0.00818196 0.00744061 -0.000393152 -0.0213217 -0.0244246 0.00493819 -0.0121462 -0.0209241 -0.0152936 -0.0126645 0.022652 0.0258394 -0.0221761 -0.00568509 0.0248899 0.0215034 0.0338368 -0.0286407 -0.0306329 -0.0227721 -0.0312525 0.0216838 0.0145019
internal_weight=267.13 179.908 158.475 75.3754 45.938 32.9551 22.4643 87.2224 72.9825 41.7881 31.1944 15.486 83.0999 58.4092 46.1719 14.7066 25.2007 14.2399 31.4653 21.4734 10.969 36.2886 14.2317 24.6906 15.7119 21.4328 13.4803 9.99189 29.4374 15.9353 9.98609 12.9828 10.4908 15.2055 10.2151 26.3025 18.6165 13.3963 12.2373 14.2319
internal_count=1071 721 635 302 184 132 90 350 293 168 125 62 333 234 185 59 101 57 126 86 44 146 57 99 63 86 54 40 118 64 40 52 42 61 41 106 75 54 49 57
is_linear=0
shrinkage=0.03


Tree=6
num_leaves=38
num_cat=0
split_feature=36 33 45 53 37 47 52 45 38 39 32 49 59 19 37 31 57 49 32 1 55 12 45 32 19 51 47 43 35 25 20 52 35 55 49 28 39
split_gain=9.84147 10.5223 10.3664 6.27729 7.23385 6.93719 6.28816 6.2881 5.46786 7.37074 5.96822 5.63728 8.54684 4.90153 4.97466 4.90973 4.82315 4.37397 4.27845 3.84954 7.18526 3.66016 3.61012 3.28351 3.23694 2.99586 2.69761 4.5534 2.98764 2.33166 1.79198 1.4723 2.50732 1.3754 1.34939 0.889004 0.0494537
threshold=-0.56545181804997646 -1.1968800490698572 0.93590388635729049 1.0000000180025095e-35 -0.67284840696140857 0.65945394351868591 -0.85107530565421841 -0.87060051583734011 -1.6040477822603794 -0.084337509768277183 1.4969323024429795 1.0000000180025095e-35 1.0000000180025095e-35 -0.30566797993687128 0.28027163661498311 -0.65081612145623768 -0.59079708914378304 0.93792040037674484 -0.49393546076269629 -0.096928568019447714 0.5405148218374477 -0.37180687844288024 -0.36548489863883854 -1.0368993961824258 0.17887656254215681 1.0000000180025095e-35 -0.3910919220537013 1.1084023006092014 1.6785673287096852 0.23268503369834306 0.69867475222474817 0.93662099707815349 1.125976645391243 -0.076013066619345246 1.0000000180025095e-35 -1.0000000180025095e-35 -0.11922118708713204
decision_type=2 2 2 2 2 2 2 2 2 2 2 2 2 2 2 2 2 2 2 2 2 2 2 2 2 2 2 2 2 2 2 2 2 2 2 2 2
left_child=8 22 3 5 7 6 -3 -5 16 11 17 12 -10 14 15 -8 -1 21 19 20 23 -11 -2 -6 -24 -20 27 -9 -29 -14 36 32 -4 -17 35 -15 -27
right_child=1 2 31 4 18 -7 13 26 9 10 -12 -13 29 34 -16 33 -18 -19 25 -21 -22 -23 24 -25 -26 30 -28 28 -30 -31 -32 -33 -34 -35 -36 -37 -38
leaf_value=-0.0084688110515086876 0.0053089304164028366 0.015964543943189989 0.034274836021755524 -0.023948321818684962 0.026383365921256098 0.023602917605936805 0.0070479445500294868 -0.015104131197961716 -0.012568778694729131 -0.0066872192593200753 0.0056713694547271178 -0.018361853547501413 0.033201587347455819 -0.039537057234346404 0.016088225790082455 -0.0074417974655740177 0.023267684751833342 0 0.0034362450288131742 0.023368976491444905 -0.02694452823333833 -0.034379148774556535 -0.031690156036950697 -0.003534986340831681 -0.0035561893641567837 0.0080554236128581331 0.020948035676636206 0.024978622537111004 -0.0021115069455786405 0.0052406580280779389 0.043462599406867995 0.0063801918526256432 0.0067453142279961728 -0.03372042320704597 -0.00955954941622306 -0.014168103392290111 0.02197446553034909
leaf_weight=6.9934138506650925 4.9906625151634243 6.7367162853479376 13.961899086833006 7.2299702763557425 4.9865183979272842 5.4840011000633231 6.4899977445602444 8.9737309813499468 9.2208102941513115 6.9570612609386435 6.2393353283405295 9.2187470942735654 6.9898538589477521 5.4692702740430841 6.9853520393371573 4.9858861714601534 7.2397181391715986 5.9540641903877249 5.4891568124294308 6.2386359423398963 5.2367728799581519 22.563481032848362 9.4523220807313937 5.4865119010210055 6.9713265746831885 4.9921423047781026 5.7354715317487743 5.4910068362951261 6.4879531860351562 5.7436453849077225 6.9841091185808173 5.49136759340763 5.495808318257331 4.978314220905304 7.7202445566654196 5.9857475012540826 5.2371536046266538
leaf_count=28 20 27 56 29 20 22 26 36 37 28 25 37 28 22 28 20 29 24 22 25 21 91 38 22 28 20 23 22 26 23 28 22 22 20 31 24 21
internal_value=2.91611e-06 0.00403067 0.00675229 0.00325882 0.00865411 -0.00438972 -0.00822276 -0.00163579 -0.00816799 -0.0114976 -0.0195203 -0.000175235 0.00789154 -0.0125952 -0.00272222 -0.011719 0.00797196 -0.0241636 0.0163997 0.00596047 -0.00203838 -0.0286854 -0.0149578 0.0117296 -0.0213799 0.0252494 0.00514867 -1.94856e-05 0.011259 0.0228923 0.0310517 0.0239611 0.0278248 -0.0237887 -0.0233005 -0.0299192 0.017592
internal_weight=266.888 179.768 158.354 133.405 78.5691 54.8355 49.3515 33.9181 87.1201 72.887 41.7139 31.1731 21.9543 42.6148 23.4396 16.4542 14.2331 35.4746 44.651 21.9484 15.7098 29.5205 21.4143 10.473 16.4236 22.7026 26.6882 20.9527 11.979 12.7335 17.2134 24.9491 19.4577 9.9642 19.1753 11.455 10.2293
internal_count=1071 721 635 535 315 220 198 136 350 293 168 125 88 171 94 66 57 143 179 88 63 119 86 42 66 91 107 84 48 51 69 100 78 40 77 46 41
is_linear=0
shrinkage=0.03


Tree=7
num_leaves=39
num_cat=0
split_feature=28 61 49 34 30 12 41 54 47 24 54 40 20 1 34 34 25 20 58 24 26 34 26 45 28 37 46 45 40 55 38 42 19 43 40 26 55 43
split_gain=9.35526 6.3349 6.05926 8.28326 8.72783 5.46664 5.37508 5.32839 9.5588 5.31462 12.3892 6.55949 5.48888 5.05506 5.53442 6.38793 4.4395 4.41584 3.53465 3.34722 3.55175 2.9106 4.48626 3.55645 3.20753 2.7934 2.66789 2.61978 2.61923 2.97053 2.44883 2.13145 1.38668 1.15921 0.722824 0.659615 0.597894 0.424237
threshold=1.0000000180025095e-35 699.50000000000011 -0.47475448493203559 0.55474747925428836 -0.182377367362792 -0.41674859853576024 -1.1765690377842069 -0.9914057691674879 -0.3910919220537013 1.0000000180025095e-35 0.019988183615925744 0.3761382728603857 0.18868622972844198 -0.32195065659529315 -0.49926799899608826 -0.87127346190798571 -0.90406386131560368 0.44368049097659507 1.0000000180025095e-35 1.5257288270290645 -0.24389659318689041 -0.37526617802545587 0.39580932837186594 1.2340236110270524 -0.99187500538896434 -0.97405084497472738 0.76284193509534648 -1.3402687792026857 -0.66174804452047631 -0.99654615213980879 -0.41697508694706936 -1.1289105025026618 0.54228496940142801 1.0000000180025095e-35 0.16239916111775896 -0.6703672075593945 -0.30701085719661275 1.1084023006092014
decision_type=2 2 2 2 2 2 2 2 2 2 2 2 2 2 2 2 2 2 2 2 2 2 2 2 2 2 2 2 2 2 2 2 2 2 2 2 2 2
left_child=1 2 3 4 18 6 -2 31 17 10 13 12 -11 26 15 27 -8 -9 -1 20 -3 -10 28 24 -24 -18 -7 -15 29 -23 -26 -4 -22 -14 -12 -27 -30 -13
right_child=5 19 7 -5 -6 9 16 8 21 11 34 37 33 14 -16 -17 25 -19 -20 -21 32 22 23 -25 30 35 -28 -29 36 -31 -32 -33 -34 -35 -36 -37 -38 -39
leaf_value=0.019994498260021757 -0.0086754636355276509 -0.001871709505338072 0.0040117355405747514 -0.036016332328762356 -0.029680003873629835 0.0014468919301954862 -0.0015072984532984526 -0.0042004118507832098 -0.009361876946757431 -0.012865806629520813 0.016024354493770928 -0.028542386173333045 0.0049298110782416528 0.0026558230065346728 -0.026890741052043619 0.020819216430432431 0.0079338528547044339 -0.037451984385907432 -0.0051368036212393921 0.00114222905738158 -0.039293831865022097 0.019517430493342737 0.0078037876012611073 0.018133931419372824 -0.027659166889388492 0.042229644541417595 0.026990185661830608 -0.02247123436515009 0.036104525465657573 -0.008086490750774283 -0.00034350832087369894 0.032012830898871615 -0.011867034284339649 0.025703193933194694 0.039793984906769414 0.020782395697637658 0.01271660480325011 -0.011393306522260813
leaf_weight=8.9629512876272255 6.238021805882453 5.469636604189879 5.4924074560403824 8.4512352645397169 6.2093373090028789 9.7254484891891426 6.7242747247219077 8.1964423060417158 8.9422449767589551 8.9777124673128146 6.7355972528457624 6.9582972377538663 6.7314669638872129 5.4869379550218573 8.2152447700500542 7.2271788865327862 8.9788992106914538 6.4544816613197318 8.2157509773969633 5.2461214959621421 8.694831043481825 5.2197269648313522 6.4654745161533347 4.9865439087152472 5.9417661875486356 6.2344323247671154 5.2355497926473609 6.9749702513217917 4.9823555946350098 5.7197868227958697 5.718365639448173 5.2431125342845899 4.9784021079540244 4.987185925245285 6.4793260097503662 12.214957073330877 5.4665905982255918 7.4760352075099945
leaf_count=36 25 22 22 34 25 39 27 33 36 36 27 28 27 22 33 29 36 26 33 21 35 21 26 20 24 25 21 28 20 23 23 21 20 20 26 49 22 30
internal_value=1.43214e-05 -0.00548006 -0.00226026 -0.0130155 -0.00279329 0.00569628 0.0146874 0.00217102 -0.000998963 0.00147686 0.00719154 -0.00740281 0.00326706 -0.000798108 -0.00834721 0.000462788 0.0193084 -0.0213387 0.00820686 -0.0188811 -0.0243434 0.00489815 0.00810593 -0.000915207 -0.00744699 0.0244325 0.0123951 -0.0118814 0.0175373 0.0053675 -0.016285 0.0204256 -0.0318636 0.0161379 0.0309549 0.0309609 0.0275032 -0.0219455
internal_weight=266.659 135.058 110.669 31.8393 23.388 131.602 40.3906 78.8293 68.0938 91.211 56.0803 35.1307 20.6964 42.8653 27.9043 19.6891 34.1526 14.6509 17.1787 24.389 19.1429 53.4429 44.5006 23.1122 18.1256 27.4283 14.961 12.4619 21.3885 10.9395 11.6601 10.7355 13.6732 11.7187 13.2149 18.4494 10.4489 14.4343
internal_count=1071 543 445 128 94 528 162 317 274 366 225 141 83 172 112 79 137 59 69 98 77 215 179 93 73 110 60 50 86 44 47 43 55 47 53 74 42 58
is_linear=0
shrinkage=0.03


Tree=8
num_leaves=39
num_cat=0
split_feature=36 33 39 33 12 61 54 60 45 55 52 24 26 35 47 39 47 47 37 61 13 54 44 45 21 33 12 47 54 51 45 34 54 55 55 26 55 41
split_gain=9.04675 9.77734 9.77143 6.0812 6.47107 8.8905 5.83972 5.20401 5.55361 6.91208 6.401 5.0735 7.85056 6.36995 4.79683 4.55326 4.23396 5.30543 3.90656 3.83549 3.62774 3.5901 6.40058 3.55843 3.52694 3.4359 3.21627 2.66769 2.44566 2.30844 2.20703 1.93767 1.54777 1.52103 1.23329 1.05603 0.670768 0.58344
threshold=-0.56545181804997646 -1.1968800490698572 -0.18170400910825785 1.0000000180025095e-35 -0.40764368731863226 439.50000000000006 0.12047311006550869 292.00000000000006 -1.2234752297894071 0.7162959542932793 1.0000000180025095e-35 1.5257288270290645 0.60904463555811827 -0.16340161568512149 -1.5854551430555148 -1.3238708438315911 0.79078488618602794 0.40922545619954925 -0.67284840696140857 209.50000000000003 -0.8409128256027808 -0.7493065559589257 -0.73552343564221545 0.084931842634660762 1.0000000180025095e-35 0.17769697667273723 -1.0000000180025095e-35 -0.64154769611315665 1.3903208404153455 -1.0000000180025095e-35 0.16828412286673641 0.18274201634239043 -0.92393689724188921 0.16609312084500069 0.87825035809208851 0.18257402118561389 0.37533571460498638 0.92899593834952598
decision_type=2 2 2 2 2 2 2 2 2 2 2 2 2 2 2 2 2 2 2 2 2 2 2 2 2 2 2 2 2 2 2 2 2 2 2 2 2 2
left_child=11 24 7 4 34 35 -7 18 27 10 15 12 13 16 -11 -10 17 21 -3 -18 -20 -1 -23 -8 -2 -17 -15 -9 30 -21 -14 36 -16 -26 -4 -6 -5 -33
right_child=1 2 3 31 5 6 23 8 9 14 -12 -13 28 26 32 25 19 -19 20 29 -22 22 -24 -25 33 -27 -28 -29 -30 -31 -32 37 -34 -35 -36 -37 -38 -39
leaf_value=0.012623641437240898 0.0045630226465278902 -0.0254902264397814 0.03055114605974012 0.040027405600962705 0.029668407782172397 -0.031072282253964655 0.013119679830514598 0.031977813850745648 -0.020487253073144324 -0.0088845714303050181 -0.031582599571671442 0.011092106026025835 -0.011337731488998165 -0.0031061717786162978 0.034131753610839241 -0.008148899288413048 0.0080454517817944195 0.025316950281818046 0.01352014738086014 -0.0014029353631801198 -0.01340038965090108 0.0096892245023851228 -0.030843897239568902 -0.013218664043330121 -0.0061413855190733703 0.01873628317674126 -0.036244603285134111 0.0027722028845026986 -0.0063905145630113614 -0.027698256076608131 -0.042522130127402691 0.018706556560484599 0.0098883436768430165 -0.028193057751124812 0.0070831281109635233 0.0069593529726054227 0.016844084078214701 0.0039645652213208425
leaf_weight=7.9823617488145819 5.4942798912525204 9.4319594949483889 7.9549238830804807 8.4195330590009707 4.9860625565052015 6.9550141245126751 7.7295772880315763 6.7341384887695312 5.7343764156103161 5.2388968318700817 7.1862793564796439 9.739488944411276 5.1938448995351818 5.2172732502222061 4.9841600209474572 5.7259832769632366 5.9745346605777767 8.7071441709995252 6.4916833043098441 5.4608758687973031 8.7221155762672407 5.463316172361373 5.7028657048940721 7.7365728616714478 6.2249075025320044 8.980572968721388 5.9575257748365384 5.4890415221452695 5.7051601260900489 7.6985482424497578 8.1513844579458219 7.9657886773347837 8.2391762435436213 9.6605399996042234 4.9945438057184219 5.4909861236810684 6.7250889092683783 6.243281289935112
leaf_count=32 22 38 32 34 20 28 31 27 23 21 29 39 21 21 20 23 24 35 26 22 35 22 23 31 25 36 24 22 23 31 33 32 33 39 20 22 27 25
internal_value=2.00505e-05 0.00388419 0.0065099 0.0142317 0.00684768 -0.000309282 -0.0110247 -0.000547272 0.00426947 -0.000574009 -0.00999288 -0.0078212 -0.010449 -0.00456139 0.0129118 -0.00048901 0.00039198 0.00781519 -0.0117644 -0.00990665 -0.00137202 -0.00111356 -0.0117396 0 -0.014431 0.00811296 -0.023445 0.0210363 -0.0264878 -0.0184557 -0.0331615 0.0246767 0.0219801 -0.0211724 0.0235898 0.0206298 0.0325389 0.0136081
internal_weight=266.494 179.539 158.16 75.2014 45.8477 32.8982 22.4212 82.9584 58.3126 46.0894 27.6272 86.9543 77.2148 58.1644 18.4622 20.4409 46.9896 27.8557 24.6458 19.134 15.2138 19.1485 11.1662 15.4662 21.3797 14.7066 11.1748 12.2232 19.0504 13.1594 13.3452 29.3537 13.2233 15.8854 12.9495 10.477 15.1446 14.2091
internal_count=1071 721 635 302 184 132 90 333 234 185 111 350 311 234 74 82 189 112 99 77 61 77 45 62 86 59 45 49 77 53 54 118 53 64 52 42 61 57
is_linear=0
shrinkage=0.03


Tree=9
num_leaves=38
num_cat=0
split_feature=36 33 47 53 60 36 52 18 38 39 32 49 59 60 57 49 32 21 44 41 44 28 43 24 28 50 2 13 47 47 32 46 46 54 55 54 58
split_gain=8.6422 9.3038 9.44557 7.34405 6.78262 7.25561 5.57879 7.80285 4.98831 6.74417 5.48766 5.27271 7.97743 4.60835 4.53643 4.01694 3.98834 3.36543 3.30427 4.54603 3.7041 2.94417 3.10813 6.18915 2.74693 2.74124 2.61799 2.60903 1.96256 1.93829 1.82858 1.77946 1.50149 1.32686 0.731282 0.659356 1.19228
threshold=-0.56545181804997646 -1.1968800490698572 0.84471049843932577 1.0000000180025095e-35 292.00000000000006 0.33955598057317987 -0.85107530565421841 0.21755799328880668 -1.6040477822603794 -0.084337509768277183 1.4969323024429795 1.0000000180025095e-35 1.0000000180025095e-35 682.50000000000011 -0.59079708914378304 0.93792040037674484 -0.49393546076269629 1.0000000180025095e-35 1.0000000180025095e-35 0.62820094175899277 -0.31648195704772769 0.4721185597692899 0.15132178680717076 -0.30665707030090161 0.76491727280094091 -0.486208777840892 -0.63207440002564586 1.6358473238098676 -0.60262069916547245 -0.56474160973887522 -0.31294748228945307 -0.13548713578448199 0.65800968420108108 -1.0131149251572984 0.16609312084500069 -0.056296830036420165 -0.8955815415960211
decision_type=2 2 2 2 2 2 2 2 2 2 2 2 2 2 2 2 2 2 2 2 2 2 2 2 2 2 2 2 2 2 2 2 2 2 2 2 2
left_child=8 17 3 6 5 -5 -3 -8 14 11 15 12 -10 18 -1 31 33 -2 20 30 -6 22 23 -9 -7 -14 -26 -4 -23 -24 -20 35 34 -15 -19 -11 -37
right_child=1 2 27 4 13 24 7 21 9 10 -12 -13 25 16 -16 -17 -18 32 19 -21 -22 28 29 -25 26 -27 -28 -29 -30 -31 -32 -33 -34 -35 -36 36 -38
leaf_value=-0.0081749876975370228 0.0044551197207963874 0.017555674975014313 0.035857310828725841 -0.027476307423119295 0.010971171574269415 0.019435081673426616 -0.032622368543183414 -0.013885989367162564 -0.011990909675070091 -0.013621410887709445 0.005581462021332805 -0.017625514857788453 0.0033911366495316224 6.7372423440035507e-06 0.022609712903670979 0 0.01714796912063353 -0.011759000493140553 0.0062062837351251126 -0.0058651735167862991 0.04380814719207677 0.020421470017759999 -0.0019855069029335011 0.020395449205338981 0.0092992819111231226 0.032910350246044932 -0.016849440693215371 0.0059738096541327949 -0.0016265622515331771 -0.026735218722517332 0.026426119502632867 -0.011944031976156308 -0.0050565796129840102 -0.01828929349950523 -0.03593297192677284 -0.015452982017860915 -0.043251774696904881
leaf_weight=6.9876918345689774 5.4948519021272686 7.2212630659341803 10.178276926279066 6.7047640532255199 7.4692232012748718 6.7197547107934978 8.193684369325636 9.2134386301040632 9.2034313082695061 4.9580889791250238 6.2321325391530982 9.1975788921117765 5.4877270460128802 6.2246061861515054 7.2285599410533887 5.9430249184370032 7.226866513490676 5.2249142378568632 8.7275817692279816 7.9833220243453971 7.9563356190919858 5.4726349711418152 5.4539540857076645 6.968516528606421 5.7306779175996816 7.2246754318475688 4.964594408869738 4.9713710695505133 6.2235129773616773 7.1946358531713468 11.950187057256702 8.8984022140502947 5.6932202726602545 5.2337568402290353 4.9379241913557053 5.2080113589763632 10.300932928919792
leaf_count=28 22 29 41 27 30 27 33 37 37 20 25 37 22 25 29 24 29 21 35 32 32 22 22 28 23 29 20 20 25 29 48 36 23 21 20 21 42
internal_value=2.11928e-05 0.00380083 0.00636394 0.00377966 0.0091992 -0.0039567 -0.00455423 -0.00837727 -0.00764561 -0.010837 -0.01853 -2.01611e-06 0.00779321 0.014322 0.00776034 -0.0230028 0.00131504 -0.0140748 0.0194785 0.012045 0.030644 -0.00234325 -0.00752732 0.0010153 0.00624196 0.0222924 -0.00292611 0.027833 0.0093837 -0.0178293 0.0191593 -0.0273522 -0.020672 -0.00903691 -0.0271299 -0.032505 -0.0364555
internal_weight=266.204 179.334 157.983 142.833 86.8917 24.1198 55.9416 48.7204 86.8703 72.654 41.5406 31.1134 21.9158 62.7719 14.2163 35.3085 18.6852 21.3509 44.0866 28.6611 15.4256 40.5267 28.8305 16.182 17.415 12.7124 10.6953 15.1496 11.6961 12.6486 20.6778 29.3654 15.8561 11.4584 10.1628 20.467 15.5089
internal_count=1071 721 635 574 349 97 225 196 350 293 168 125 88 252 57 143 75 86 177 115 62 163 116 65 70 51 43 61 47 51 83 119 64 46 41 83 63
is_linear=0
shrinkage=0.03


Tree=10
num_leaves=39
num_cat=0
split_feature=28 61 49 54 25 16 37 30 31 54 47 58 52 38 39 37 19 54 19 44 45 59 1 36 25 19 30 25 12 47 29 40 59 42 54 48 55 2
split_gain=8.22849 5.96165 5.7303 5.13447 7.22517 6.57591 5.44635 5.12845 5.80174 5.00045 8.9048 4.43408 4.29234 6.26738 5.5106 4.57286 5.24466 4.12575 4.29353 4.32612 3.7668 3.16152 3.03642 2.90162 2.70995 2.69886 2.48998 2.17045 2.16519 3.5113 3.07221 2.19884 7.89199 1.9506 1.81121 1.40935 1.40331 0.207385
threshold=1.0000000180025095e-35 699.50000000000011 -0.47475448493203559 -0.083285471701347688 0.96020432650726939 1.1202787547094541 -0.67284840696140857 -0.182377367362792 1.0000000180025095e-35 -0.9914057691674879 -0.3910919220537013 1.0000000180025095e-35 0.93662099707815349 0.33275503640870546 1.2156608649810525 -0.18184717239175227 -1.0324847936554133 -0.2096463616539487 0.90569337626069901 -0.31648195704772769 -0.15520826404634533 1.0000000180025095e-35 -0.32195065659529315 0.33955598057317987 -0.49483425911058271 0.78455724064094212 -0.182377367362792 0.23268503369834306 0.24443649760923317 0.3174222885384051 1.0000000180025095e-35 -0.66174804452047631 0.72801565452739703 -1.1289105025026618 -0.96242405460707359 0.073511436310211994 1.28068045622364 0.47663922486369631
decision_type=2 2 2 2 2 2 2 2 2 2 2 2 2 2 2 2 2 2 2 2 2 2 2 2 2 2 2 2 2 2 2 2 2 2 2 2 2 2
left_child=1 2 7 4 6 12 20 8 21 33 26 -6 14 -14 15 16 -5 18 19 -8 -2 -1 -17 -13 -10 27 -11 37 29 35 -30 32 -31 -4 -21 -12 -18 -3
right_child=3 25 9 5 11 -7 17 -9 24 10 28 23 13 -15 -16 22 36 -19 -20 34 -22 -23 -24 -25 -26 -27 -28 -29 30 31 -32 -33 -34 -35 -36 -37 -38 -39
leaf_value=-0.0036284350894585592 -0.030595231951494013 -0.015535979787271836 0.0041084732330731585 -0.011394894162052657 -0.0081517791092040673 -0.014866317947078971 -0.0083412481932097268 -0.031088361916260094 -0.028161058446020917 -0.029315353209972604 0.0034766992505866163 0.0010256367438742466 -0.018615355528939559 0.019351645172200525 -0.0052873469748620791 0.010011232174701287 0.0065078790764993453 -0.020817046016035831 -0.013180441387964965 0.0037176273603989961 -0.00045511247283285927 0.025442205408225175 0.040225649962502025 0.028107680615387754 -0.00051052358645067354 -0.0023233878276007094 -0.0025894180031223227 -0.0056795462884808275 0.0085393690585636606 -0.01128966485589856 -0.017361375776533749 0.024802084382101061 0.025874362972700172 0.031108884510277237 0.028730821769973804 -0.014749391060989952 0.030028983185795912 -0.038934174364912366
leaf_weight=5.7238828837871605 9.9279449135065096 4.9556947797536903 5.487059012055397 5.4760292917490032 5.4716896712780025 6.2109241783618918 4.9733453243970951 8.1542182266712171 6.9449734687805194 8.8914659023284894 7.4392903298139554 5.7258479297161129 6.7150242328643781 5.9617629945278168 6.2037229835987082 5.963699370622634 5.9638490080833382 4.974148601293563 6.226916477084159 4.9792885482311311 6.2208699584007254 4.9689441323280334 14.171509653329855 11.442132532596586 5.9477879703044856 7.9739317297935477 5.7005546987056723 5.4587188065052024 6.4364801049232465 9.3970048129558545 6.9280178397893906 9.932614475488668 8.1967490017414075 5.2339892238378507 8.7001696527004171 4.9486645460128784 5.978299006819725 5.9204594790935516
leaf_count=23 40 20 22 22 22 25 20 33 28 36 30 23 27 24 25 24 24 20 25 20 25 20 57 46 24 32 23 22 26 38 28 40 33 21 35 20 24 24
internal_value=1.58688e-05 -0.0051444 -0.00201752 0.00535146 -0.000260435 0.0114565 -0.00712844 -0.0124965 -0.00435504 0.00229437 -0.00078466 0.0130222 0.0147669 -0.000178334 0.0190917 0.023321 0.0102361 0.000463555 0.00588736 0.0130578 -0.0203501 0.0108566 0.0328685 0.0202049 -0.0172046 -0.018162 -0.020462 -0.0247116 0.00490778 0.0083882 -0.00488072 0.0141742 0.00638291 0.0199813 0.0212884 -0.00417878 0.020766 -0.0319328
internal_weight=265.928 134.641 110.332 131.287 68.6424 62.6448 46.0027 31.7398 23.5856 78.5919 67.8708 22.6397 56.4339 12.6768 43.7571 37.5534 17.4182 29.8539 24.8797 18.6528 16.1488 10.6928 20.1352 17.168 12.8928 24.3088 14.592 16.3349 53.2788 39.9143 13.3645 27.5264 17.5938 10.721 13.6795 12.388 11.9421 10.8762
internal_count=1071 543 445 528 276 252 185 128 95 317 274 91 227 51 176 151 70 120 100 75 65 43 81 69 52 98 59 66 215 161 54 111 71 43 55 50 48 44
is_linear=0
shrinkage=0.03


Tree=11
num_leaves=40
num_cat=0
split_feature=36 33 39 33 45 16 60 45 55 52 24 26 35 47 39 29 49 35 40 37 2 45 44 33 12 50 32 27 31 47 29 58 34 18 40 19 55 19 53
split_gain=7.90511 8.83953 8.97496 5.7008 6.08259 5.48322 4.787 5.24051 6.37506 5.86283 4.73034 7.19854 5.96531 4.4699 4.33307 4.15304 8.29762 7.085 3.70791 3.64457 4.99297 3.28936 3.21645 3.14441 3.13313 3.1217 2.78514 2.75302 2.58325 2.52633 2.29774 2.19896 1.85906 1.67278 1.74472 0.83266 0.688284 0.557132 0.183674
threshold=-0.56545181804997646 -1.1968800490698572 -0.18170400910825785 1.0000000180025095e-35 -0.62762403260580124 1.1202787547094541 292.00000000000006 -1.2234752297894071 0.7162959542932793 1.0000000180025095e-35 1.5257288270290645 0.60904463555811827 -0.16340161568512149 -1.5854551430555148 -1.3238708438315911 0.30060698466963293 -0.27294378703078132 -1.4527798767614859 -0.66174804452047631 -0.97405084497472738 -0.71649357671527958 -0.36548489863883854 -0.73552343564221545 0.17769697667273723 -1.0000000180025095e-35 0.10474594249305391 -0.31294748228945307 -0.21474473746691278 -0.78668027178316768 -0.64154769611315665 0.98573673148477792 -0.8955815415960211 0.18274201634239043 -0.94069786336900996 0.95573712542372424 1.0000000180025095e-35 0.37533571460498638 0.78455724064094212 1.0000000180025095e-35
decision_type=2 2 2 2 2 2 2 2 2 2 2 2 2 2 2 2 2 2 2 2 2 2 2 2 2 2 2 2 2 2 2 2 2 2 2 2 2 2 2
left_child=10 21 6 4 -4 22 19 29 9 14 11 12 15 -10 -9 16 26 -17 -18 -3 -21 -2 -6 -16 -14 35 -1 -22 -15 -8 -19 -13 36 -24 38 -23 -5 -34 -35
right_child=1 2 3 32 5 -7 7 8 13 -11 -12 31 24 28 23 17 18 30 -20 20 27 25 33 -25 -26 -27 -28 -29 -30 -31 -32 -33 37 34 -36 -37 -38 -39 -40
leaf_value=0.0047203879847118159 0.0054330419828629104 -0.028541733370871996 -0.018105603856741273 0.038738881434094367 -0.0047600431775612125 -0.013776593401926078 0.030945966958544357 -0.020164168091608373 -0.0087615188925155435 -0.030506444296739068 0.010909169638333714 -0.0088266066466096953 -0.0026076237092809047 0.034755251888763092 -0.0077981846419667529 0.012942997411027998 0.0044736252525748978 -0.026495196232323673 0.037786467260117917 0.016800252918321722 0.00044419591537556911 -0.037229073718466073 0.0014157639287605518 0.017926236145923338 -0.03519197640533462 0 -0.023292410260878516 -0.025452000876577837 0.0065760222641288368 0.0025357439327250066 -0.0013498716713269301 -0.03323324091252168 0.018436439155898134 0.01623295048511644 0.0058835427733797329 -0.012486681445542352 0.016005898739484992 0.0042160243605292077 0.033196166701055678
leaf_weight=4.9600400328636169 4.9831070601940182 6.4298350960016277 6.2067345678806296 8.3627773523330706 4.9742334634065619 5.4729674607515326 6.7140502482652664 5.7261910438537624 5.2331471443176296 7.1463047116994849 9.7329919636249524 7.4348820298910168 5.2029859274625778 5.4662120044231424 5.7121087610721615 8.210073456168173 6.1847058087587357 10.400545448064806 6.7126664370298368 5.73079933226109 5.9874023795127904 5.4248756021261233 4.962018519639968 8.9635508805513364 5.9296708703041059 5.4563525021076194 4.9341021925210971 6.4446311891078878 7.7302923202514622 5.4857447594404203 5.4623443335294715 11.499136254191397 7.2001419365406019 8.6985926777124494 6.4719356745481482 5.4512248188257217 6.7034224718809119 6.9755914658308029 8.9339286535978299
leaf_count=20 20 26 25 34 20 22 27 23 21 29 39 30 21 22 23 33 25 42 27 23 24 22 20 36 24 22 20 26 31 22 22 47 29 35 26 22 27 28 36
internal_value=2.89559e-06 0.00362084 0.00612254 0.0135369 0.00638612 0.010901 -0.000642647 0.00398101 -0.000723053 -0.00978194 -0.00733816 -0.00988772 -0.00424621 0.012234 -0.000656538 0.000543916 0.00952326 -0.00778275 0.024359 -0.0114106 -0.00332615 -0.0138139 0.0154514 0.00774811 -0.0225561 -0.0199857 -0.00995001 -0.0138444 0.0210126 0.0202854 -0.0190467 -0.0252945 0.023665 0.0191704 0.0222939 -0.0283292 0.0313516 0.0128946 0.0270701
internal_weight=265.712 179.048 157.733 74.9623 45.7204 39.5137 82.7703 58.1776 45.9778 27.5482 86.6641 76.9312 57.9971 18.4297 20.4019 46.8645 22.7915 24.073 12.8974 24.5927 18.1628 21.3156 34.0407 14.6757 11.1327 16.3325 9.89414 12.432 13.1965 12.1998 15.8629 18.934 29.2419 29.0665 24.1045 10.8761 15.0662 14.1757 17.6325
internal_count=1071 721 635 302 184 159 333 234 185 111 350 311 234 74 82 189 92 97 52 99 73 86 137 59 45 66 40 50 53 49 64 77 118 117 97 44 61 57 71
is_linear=0
shrinkage=0.03


Tree=12
num_leaves=32
num_cat=0
split_feature=36 33 47 13 37 41 29 9 46 16 38 39 32 49 59 54 23 19 49 25 49 12 30 21 50 13 49 46 18 55 36
split_gain=7.51288 8.43747 8.78972 6.40869 6.18011 5.87883 5.64594 4.67109 5.07598 4.65128 4.55828 6.14432 5.04914 5.04509 7.45536 4.21787 6.40651 6.61102 6.04148 3.90775 3.77853 3.37456 3.18764 3.15425 2.5248 2.4393 2.39596 1.47491 1.33791 0.712495 0.66283
threshold=-0.56545181804997646 -1.1968800490698572 0.84471049843932577 0.7855799097916466 0.28027163661498311 -1.7781590309652733 -0.1561461798737967 -0.30255909771072881 -0.76304081860489903 0.34218992574033635 -1.6040477822603794 -0.084337509768277183 1.4969323024429795 1.0000000180025095e-35 1.0000000180025095e-35 -1.3441784958097451 1.0000000180025095e-35 -0.54794025117638523 -0.47475448493203559 1.0000000180025095e-35 0.93792040037674484 -0.37180687844288024 -0.35560028368555735 1.0000000180025095e-35 -0.486208777840892 1.6358473238098676 -0.47475448493203559 0.65800968420108108 0.84223053652468227 0.16609312084500069 1.0635622194717056
decision_type=2 2 2 2 2 2 2 2 2 2 2 2 2 2 2 2 2 2 2 2 2 2 2 2 2 2 2 2 2 2 2
left_child=10 23 3 4 5 -3 15 9 -9 -6 26 13 20 14 -12 -7 17 -17 -18 28 21 -13 -21 -2 -16 -4 -1 29 -8 -25 -24
right_child=1 2 25 -5 7 6 19 8 -10 -11 11 12 -14 -15 24 16 18 -19 -20 22 -22 -23 30 27 -26 -27 -28 -29 -30 -31 -32
leaf_value=-0.0051279782848766796 0.0043875031402998742 -0.024353458657123114 0.034505309157208307 -0.019743345864989874 0.020120033559084562 0.027067216409531209 0.015156194577158147 0.0046521767860906093 0.039584933323229418 -0.014574547875545182 -0.011400155932194705 -0.0052832098623890808 0.0054900900397051077 -0.017140687156354514 0.0034890662143721982 -0.01986520974383129 -0.0057311702960822011 0.0057810319555738491 0.02413089296350342 0.0029811598868601788 0 -0.031629157544429035 -0.028904268303888744 -0.011279315314160644 0.032003500249488739 0.0055947936792130164 0.017349497216512477 -0.0045886125271117472 -0.0036647010070704911 -0.034958345666530201 -0.0090544224782934755
leaf_weight=6.2276056706905365 5.4910141229629543 5.7114255130290976 10.123508825898169 8.4179743677377683 4.9735855609178561 7.9396840035915366 5.4765204638242739 6.9551805108785656 9.6342777162790281 5.9611567705869675 9.1795471757650429 6.9136487692594519 6.2261665016412726 9.1754466295242292 5.4812920540571231 12.133616134524337 7.4663516879081753 25.089144751429565 19.615312293171883 5.2068608552217528 5.9285832047462454 22.254572942852977 7.4394719153642619 5.211116895079611 7.2024922668933833 4.9588953107595435 7.9679169207811338 5.6790760904550543 4.9548539966344833 4.9056572020053864 5.4697894603013992
leaf_count=25 22 23 41 34 20 32 22 28 39 24 37 28 25 37 22 49 30 101 79 21 24 91 30 21 29 20 32 23 20 20 22
internal_value=3.24039e-07 0.00353035 0.00597676 0.00348231 0.0051877 0.00175444 0.00362794 0.0174885 0.0268712 0.00124697 -0.00715996 -0.0102235 -0.0175901 0 0.00775231 0.00808916 0.00509117 -0.00286968 0.0158194 -0.00730243 -0.0219056 -0.0261439 -0.0153701 -0.013512 0.0217762 0.0267277 0.00755863 -0.0199221 0.00637667 -0.0263092 -0.0227282
internal_weight=265.372 178.814 157.528 142.445 134.027 106.503 100.792 27.5242 16.5895 10.9347 86.5573 72.3617 41.323 31.0388 21.8633 72.2441 64.3044 37.2228 27.0817 28.5475 35.0968 29.1682 18.1161 21.2869 12.6838 15.0824 14.1955 15.7959 10.4314 10.1168 12.9093
internal_count=1071 721 635 574 540 429 406 111 67 44 350 293 168 125 88 291 259 150 109 115 143 119 73 86 51 61 57 64 42 41 52
is_linear=0
shrinkage=0.03


Tree=13
num_leaves=41
num_cat=0
split_feature=36 33 45 53 37 47 52 18 45 37 47 24 39 29 59 46 44 54 57 1 13 57 55 45 54 54 50 55 36 54 13 45 59 52 35 43 12 47 36 55
split_gain=7.08917 8.04713 8.4664 5.32423 6.30934 5.94906 5.49417 6.97278 5.46339 4.51275 5.89504 4.35192 5.40643 6.80817 5.57097 4.11496 4.74207 5.31133 3.98525 3.9749 4.54384 3.30377 3.22723 3.16889 3.14369 4.5148 3.01075 2.95242 2.92474 2.8889 2.52027 2.36627 1.49597 1.31086 2.31621 1.29126 1.25468 2.7491 0.78535 0.324217
threshold=-0.56545181804997646 -1.1968800490698572 0.93590388635729049 1.0000000180025095e-35 -0.67284840696140857 0.65945394351868591 -0.85107530565421841 0.21755799328880668 -0.87060051583734011 0.28027163661498311 -0.56474160973887522 1.5257288270290645 -0.084337509768277183 0.98573673148477792 1.0000000180025095e-35 -0.6724029368310408 -0.31648195704772769 -0.12749366730048289 -0.59079708914378304 -0.096928568019447714 -0.82058340348240899 -1.0000000180025095e-35 -0.13893795950019824 -0.36548489863883854 -0.92393689724188921 -0.16350295883909285 0.10474594249305391 0.058237671192652093 0.090678835951811906 -1.0195697618511279 1.4085196488630101 0.6912259460543535 0.27666702008523075 0.93662099707815349 1.125976645391243 1.1084023006092014 0.24443649760923317 0.61022997625575659 0.4817714917853903 0.38303069204679102
decision_type=2 2 2 2 2 2 2 2 2 2 2 2 2 2 2 2 2 2 2 2 2 2 2 2 2 2 2 2 2 2 2 2 2 2 2 2 2 2 2 2
left_child=11 23 3 5 8 6 -3 -8 -5 10 27 12 14 30 29 -6 -17 19 -15 20 -18 32 -12 -2 -10 38 39 -9 -11 -1 31 36 -16 34 -4 -27 37 -14 -26 -25
right_child=1 2 33 4 15 -7 7 9 24 28 22 -13 13 18 21 16 17 -19 -20 -21 -22 -23 -24 26 25 35 -28 -29 -30 -31 -32 -33 -34 -35 -36 -37 -38 -39 -40 -41
leaf_value=0.0027877580190477126 0.0056077875250519242 0.014674479842731044 0.031240575565949075 -0.022806963871411096 0.032319951289077789 0.021604586103127026 -0.038856281712385227 -0.012601946923758685 0.02231671648832028 -0.0056515875209075511 -0.0083014400514324523 0.010526567942918575 -0.024623763886619791 -0.013927349897961043 0.029562230817611182 -0.0093345525022936939 -0.022086600099000993 0.033933896947409649 0.017945023457889599 0.024768143351448946 0.0091795977859940106 -0.0065574143642935564 -0.039665948469932266 -0.013782769986034837 -0.0029537986948676366 0 0 0.013965221540208447 0.022170486787372094 -0.022939585381055214 -0.036516891095157079 0.0012037490332696894 0.0068134006485971723 0.0051251357805347916 0.0052337001617553513 0.018929284750728328 -0.031962266993857305 0.00080989125281477191 -0.02157977171604929 -0.035288129229488041
leaf_weight=5.2377780526876441 4.9780714213848141 6.7102295607328406 13.813365027308469 7.1837670952081671 8.6622832864522916 5.4349471479654303 5.921562820672988 5.2085909694433177 5.2186094820499447 5.2072167098522169 7.4557302147149995 9.7284268289804441 5.8480834513902717 4.9535511434078217 4.980578199028967 7.9526188671588889 5.2259549051523217 7.9264094084501293 6.1846186071634275 5.2102933526039115 9.4137209355831146 5.9570291489362743 6.1590352654457172 5.6942728906869906 4.9481985867023504 4.9603597521781886 5.4478503316640845 6.9432964324951172 5.4524462819099426 8.8728921115398389 9.0440118759870511 5.1686655580997458 7.948328509926796 5.4681146144866934 5.4765435606241217 6.2258842140436172 5.6057071834802619 6.8836143910884857 5.2156755030155182 5.1356287896633148
leaf_count=21 20 27 56 29 35 22 24 21 21 21 30 39 24 20 20 32 21 32 25 21 38 24 25 23 20 20 22 28 22 36 37 21 32 22 22 25 23 28 21 21
internal_value=0 0.00342851 0.00581889 0.00265376 0.00764126 -0.00440432 -0.00795991 -0.0120626 -0.00196684 -0.00618421 -0.0128647 -0.00696325 -0.00941818 -0.0161602 -3.18244e-06 0.0149029 0.00938705 0.0151558 0.00332483 0.00551905 -0.0026252 0.0101568 -0.0254154 -0.0132249 0.00437192 -0.000928797 -0.019309 0.00200494 0.00906544 -0.0136552 -0.0228566 -0.0154856 0.0181549 0.0214267 0.025056 0.0112521 -0.0202276 -0.011815 -0.0145723 -0.0275198
internal_weight=265.064 178.651 157.395 132.637 78.1438 54.4931 49.0581 42.3479 33.7525 36.4263 25.7667 86.4133 76.6849 43.6883 32.9966 44.3913 35.729 27.7764 11.1382 19.85 14.6397 18.8859 13.6148 21.2558 26.5687 21.3501 16.2778 12.1519 10.6597 14.1107 32.5501 23.5061 12.9289 24.758 19.2899 11.1862 18.3374 12.7317 10.1639 10.8299
internal_count=1071 721 635 535 315 220 198 171 136 147 104 350 311 178 133 179 144 112 45 80 59 76 55 86 107 86 66 49 43 57 133 96 52 100 78 45 75 52 41 44
is_linear=0
shrinkage=0.03


Tree=14
num_leaves=37
num_cat=0
split_feature=24 33 24 12 30 18 32 37 52 39 52 54 45 41 58 53 25 26 48 46 54 12 58 45 26 12 43 37 61 18 16 24 2 46 33 45
split_gain=6.10914 5.89287 4.59105 4.07206 5.94752 4.55634 6.4883 5.68837 5.34919 6.2255 5.34964 5.05664 5.8402 4.77179 4.77002 5.02995 4.17494 4.02998 3.88195 3.63365 3.40255 3.408 3.28891 4.08137 6.2845 3.12248 2.52055 2.86703 2.49633 2.26824 2.9433 2.23552 2.16683 1.88554 1.51614 0.266212
threshold=2.1365241261390531 -1.1968800490698572 1.0000000180025095e-35 -0.41674859853576024 -0.97920278244751202 0.074844218267247575 0.5919924100767634 0.51133104111835082 -0.40415122997112551 0.47496411657736476 0.48969692139506044 -0.67201829216718445 0.47917485436337265 -0.87577404119367375 1.0000000180025095e-35 -0.54783152518312817 1.0000000180025095e-35 0.18257402118561389 0.54962262176924204 -0.67604176663714977 -1.1438404137422531 0.08931807259849818 1.383629146045972 0.72597696990035798 -0.88360251474564644 -0.045783399834318207 -0.95300188296440258 -0.67284840696140857 602.50000000000011 1.0129819330125944 0.040608867364744831 0.91493352791907601 -0.71649357671527958 -0.022054198469061769 0.40060135922559043 0.18286350260655446
decision_type=2 2 2 2 2 2 2 2 2 2 2 2 2 2 2 2 2 2 2 2 2 2 2 2 2 2 2 2 2 2 2 2 2 2 2 2
left_child=1 2 19 4 -3 6 26 8 9 16 11 13 18 -10 15 -9 -7 -12 -13 -1 33 -22 23 24 -6 -4 -5 -28 -29 30 31 -25 -26 -18 -16 -27
right_child=-2 3 25 5 22 7 -8 14 10 -11 17 12 -14 -15 34 -17 20 -19 -20 -21 21 -23 -24 29 32 35 27 28 -30 -31 -32 -33 -34 -35 -36 -37
leaf_value=0.017623964471530564 0.023387828524100946 -0.012602875021752299 -0.0017645078718578986 -0.030587791582811687 0.017429544427511757 0.02686898938842926 0.013127588168292853 0.0020965651286201834 -0.010679417153950262 -0.019863232914435123 0.023732717399129397 -0.026868701323700745 0.0094677661544716862 0.022527021580344749 0.0069229266640135623 0.034642203753768162 0.025411991064500528 -0.0082196078123599019 0.00069068973955204501 -0.011585335879444353 -0.01439291680863761 0.01193413898945048 0.027514092093009531 -0.0023879205270298273 -0.00066865268954036984 -0.013956764246245845 -0.025028653990755063 0.0071249649789989272 -0.01611052889683522 -4.1960395955968071e-05 0.035953831078804718 0.021229425910143051 -0.025757140094775598 0.00077063421293585739 -0.013471148006488107 -0.035769443928096889
leaf_weight=5.2062123715877533 8.1993790119886381 9.6527677178382856 5.6970121860504177 8.1026231348514575 7.192201808094981 8.9407765716314298 6.6702610552310935 7.938764542341235 7.675274059176445 5.6716985255479804 6.1749113351106626 26.394194751977924 4.9360575079917899 5.2039135843515378 4.946204796433447 9.6443425863981265 5.9408987462520599 5.1681165546178818 4.9163656681776038 7.3905994594097155 10.395816475152971 5.461853250861167 8.4233005195856077 6.4097650051116997 6.1953832209110269 4.9386355578899366 5.953786954283717 9.3964817672967893 5.1590501368045798 5.6972483396530142 5.9304638504981986 5.1846154928207397 6.1665968000888798 5.4707023203372938 4.954464316368103 7.2892625629901886
leaf_count=21 33 39 23 33 29 36 27 32 31 23 25 107 20 21 20 39 24 21 20 30 42 22 34 26 25 20 24 38 21 23 24 21 25 22 20 30
internal_value=0 -0.00086437 -0.0129212 0.000812242 0.00736514 -0.00161133 -0.0109474 0.000976097 -0.0022661 0.0057722 -0.00793535 -0.0122286 -0.0178059 0.00327088 0.0127496 0.0215821 0.0105771 0.00944771 -0.0225247 0.000651883 0.00390445 -0.00473173 0.0114952 0.00738003 -0.00242774 -0.0220824 -0.0171336 -0.0098232 -0.00147262 0.0155276 0.0205088 0.00893686 -0.0150494 0.0155256 -0.00318599 -0.0298844
internal_weight=264.69 256.491 30.5217 225.969 60.8523 165.117 35.2822 129.834 102.351 41.8817 60.4688 49.1258 36.2466 12.8792 27.4838 17.5831 36.21 11.343 31.3106 12.5968 27.2693 15.8577 51.1996 42.7763 19.5542 17.9249 28.6119 20.5093 14.5555 23.2221 17.5248 11.5944 12.362 11.4116 9.90067 12.2279
internal_count=1071 1038 124 914 246 668 143 525 414 169 245 199 147 52 111 71 146 46 127 51 110 64 207 173 79 73 116 83 59 94 71 47 50 46 40 50
is_linear=0
shrinkage=0.03


Tree=15
num_leaves=39
num_cat=0
split_feature=28 61 49 34 30 54 34 16 33 54 47 53 16 20 55 25 30 47 52 1 32 54 32 26 42 58 49 48 33 32 40 13 25 42 39 52 1 57
split_gain=6.72915 5.67361 5.15021 7.37707 7.72334 4.68931 7.22378 5.83249 5.80776 4.477 8.11785 4.219 4.21826 4.11737 3.78982 3.67857 5.17969 3.42013 3.33535 3.18013 3.05603 4.08313 3.35864 3.14328 3.25745 3.05445 2.78927 2.77932 2.57054 2.22289 1.97334 1.90654 1.81927 1.79516 1.3646 1.34341 0.593351 0.395535
threshold=1.0000000180025095e-35 699.50000000000011 -0.47475448493203559 0.55474747925428836 -0.182377367362792 -0.083285471701347688 -0.18926344656950703 1.1202787547094541 -1.1968800490698572 -0.9914057691674879 -0.3910919220537013 -0.54783152518312817 0.68744901877544229 0.44368049097659507 0.52019334338987566 0.96020432650726939 0.6837372142510344 -0.89574404469696012 -0.40415122997112551 1.0000000180025095e-35 -0.72663429022829462 -0.062396584658937639 1.4969323024429795 0.39580932837186594 0.31812030773227651 1.0000000180025095e-35 -0.67656518283328992 -0.19817851746163909 1.0000000180025095e-35 0.95396836702325005 -0.55391569985752975 -0.67963027381520857 0.23268503369834306 -1.1289105025026618 1.1098470437805255 -0.40415122997112551 -0.15662830580487627 -0.59079708914378304
decision_type=2 2 2 2 2 2 2 2 2 2 2 2 2 2 2 2 2 2 2 2 2 2 2 2 2 2 2 2 2 2 2 2 2 2 2 2 2 2
left_child=1 2 3 4 25 6 12 8 14 33 13 -10 15 -11 -7 16 17 -2 19 -17 -12 32 23 30 -25 -1 -13 -8 29 -3 -23 -28 -22 -4 37 -14 -18 -33
right_child=5 28 9 -5 -6 7 27 -9 11 10 20 26 35 -15 -16 18 36 -19 -20 -21 21 22 -24 24 -26 -27 31 -29 -30 -31 -32 34 -34 -35 -36 -37 -38 -39
leaf_value=0.019312061043532579 -0.011963502002964425 -0.032668596719512964 0.0039285513087371823 -0.033428883410647696 -0.027469638981586959 0.008912039629006982 -0.029780063392802605 -0.014112371590544914 -0.0027171123821095053 -0.0029368585389794475 -0.0094700228423852638 0.0030638496759258348 0.029651424959486035 -0.034934709061478462 -0.021215546523900803 -0.013122684335584245 -0.025541726363010529 0.015609406461986244 0.025559772343879142 0.0154410929016763 0.033373740825731912 -0.0020504172206108635 0.021645707769658833 0.0089652512460926363 -0.016759232101008936 -0.0041172190041514276 0.0054859514513533846 -0.0022162958753331563 -0.0035348433075994444 -0.0053664130544761298 0.021674667763942525 0.016557587639846681 0.0059650509993939083 0.02992895187161896 0.010976531442266823 0.0054281786878128905 -0.0073873144469465369 0.037951365768471378
leaf_weight=8.9001664519310051 4.962959691882129 9.5181933790445346 5.475639745593071 8.3315649628639203 6.1227319687604931 7.4504565298557264 7.4089819490909576 6.1813760846853247 6.1953528672456732 8.1166706681251508 9.1195631176233274 6.6922801584005311 5.1990283876657486 6.3590534031391135 4.8997074961662292 6.1904102712869662 7.1757569015026093 9.1366767138242775 6.1986027956008902 4.9497089684009552 5.6913299560546786 4.9291941225528717 5.205635353922843 4.92607253789902 12.987269088625906 8.1739063709974271 4.9614132344722739 6.4379131346940976 9.4128806591033918 5.2218437492847434 4.9286576211452573 5.9311284869909313 5.1617207080125809 5.2081014662981016 5.9228318333625785 5.2143824696540815 5.468873515725134 14.058825984597215
leaf_count=36 20 39 22 34 25 30 30 25 25 33 37 27 21 26 20 25 29 37 25 20 23 20 21 20 53 33 20 26 38 21 20 24 21 21 24 21 22 57
internal_value=1.98002e-06 -0.00467856 -0.00162292 -0.0115971 -0.00195874 0.00483961 -0.000525984 0.0106943 0.0138275 0.0024704 -0.000457081 0.0188378 0.00439611 -0.0193291 -0.00361053 0 -0.00673986 0.00530221 0.0103747 0 0.00498246 0.00833577 0.00249793 -0.0018116 -0.00922995 0.00834599 0.022514 -0.0188248 -0.0174092 -0.0247549 0.0105792 0.0262074 0.0231311 0.0192199 0.0294387 0.0202362 -0.0197301 0.0334817
internal_weight=264.427 133.79 109.637 31.5284 23.1968 130.637 68.3433 62.2934 56.112 78.1089 67.4252 43.7618 54.4964 14.4757 12.3502 44.083 26.7443 14.0996 17.3387 11.1401 52.9494 43.8299 32.9768 27.7712 17.9133 17.0741 37.5665 13.8469 24.1529 14.74 9.85785 30.8742 10.8531 10.6837 25.9128 10.4134 12.6446 19.99
internal_count=1071 543 445 128 94 528 276 252 227 317 274 177 220 59 50 178 108 57 70 45 215 178 134 113 73 69 152 56 98 60 40 125 44 43 105 42 51 81
is_linear=0
shrinkage=0.03


Tree=16
num_leaves=34
num_cat=0
split_feature=36 33 47 13 47 53 48 60 54 52 60 47 20 51 55 54 47 32 19 20 55 61 40 45 19 16 45 37 41 18 36 36 47
split_gain=6.45903 7.15866 7.86411 6.73519 5.3648 7.77998 4.6921 4.6537 4.3703 5.91433 4.7636 4.99872 4.32661 4.14183 4.04187 4.97471 3.94664 3.63883 5.03234 3.33961 3.19329 3.17539 3.08727 2.95002 2.90604 2.87085 2.81611 2.68788 2.68273 2.18401 2.14201 1.50854 1.19096
threshold=-0.56545181804997646 -1.1968800490698572 0.82537643796453219 0.7855799097916466 -0.25348259823709346 1.0000000180025095e-35 -0.56574170052764372 488.00000000000006 -0.16350295883909285 -0.85107530565421841 292.00000000000006 -1.0572423185464257 0.44368049097659507 0.25034822365302117 -0.49209428030764507 -0.65858597100462168 -0.40010152890491996 0.7729803885500065 -0.42680411555662834 0.18868622972844198 -0.89412644392184448 682.50000000000011 -0.89814972320462882 -0.36548489863883854 0.17887656254215681 0.67124145625605502 -0.67384527002996697 1.0000000180025095e-35 -0.87577404119367375 -1.6675801436274187 1.0635622194717056 -0.74645337777460774 1.2025545356806033
decision_type=2 2 2 2 2 2 2 2 2 2 2 2 2 2 2 2 2 2 2 2 2 2 2 2 2 2 2 2 2 2 2 2 2
left_child=14 23 3 4 6 12 8 16 9 27 30 -12 -6 -10 15 28 -8 18 22 31 32 -19 -17 -2 -25 -7 -21 -3 -1 -4 -11 -16 -20
right_child=1 2 29 -5 5 25 7 -9 13 10 11 -13 -14 -15 19 17 -18 21 20 26 -22 -23 -24 24 -26 -27 -28 -29 -30 -31 -32 -33 -34
leaf_value=0 0.005642877088732361 0.024479966213705691 0.0047229243357439872 -0.021748713464939298 -0.015530609274848747 0.032661508446550788 -0.01540566751848222 -0.031905801476251647 0.028473351265871218 -0.024293822992002029 -0.010247153689598195 0.013280146666397636 0.01230120141341926 -0.00018369444475915125 -0.01119491586975342 -0.009114094659395517 0.014320480161364552 0.016303746601596125 -0.038633998345863334 -0.0037418233940843767 -0.0013755412619682471 -0.0093936237144913916 0.016424528945389958 -0.02817972288158041 -0.0018186537565708179 0.0064782655392884641 -0.033079685594674377 -0.00081608835943021299 0.027474590756387925 0.031747469349397241 -0.00011877289122019499 0.0070424812211428269 -0.012223528011701443
leaf_weight=5.2187331765890121 4.9762750118970898 9.4228714704513532 4.9334970712661734 7.6357670426368704 8.1766351312398928 14.538421258330347 6.8806333988904962 5.4534488916397086 9.6615977585315722 10.834533467888834 13.87434762716293 15.592497706413273 8.9035423845052701 6.9268668442964545 8.0685888677835447 8.8660692125558835 6.1791930347681054 8.6683351248502714 6.5581235140562004 5.1901164650917044 5.6391811817884543 5.9405836313962928 5.678020447492595 9.2671268582344073 6.9174307137727729 6.909020632505416 9.9992815554141981 4.9569245725870124 5.4445665478706342 10.775947749614714 5.2124924212694159 5.4053886085748699 5.4034336060285568
leaf_count=21 20 38 20 31 33 59 28 22 39 44 56 63 36 28 33 36 25 35 27 21 23 24 23 38 28 28 41 20 22 44 21 22 22
internal_value=3.62481e-06 0.00328436 0.00554288 0.00312424 0.00481689 0.0140405 0.000853768 -0.0120418 0.00422378 0.000213694 -0.00504112 0.00204889 -0.000877708 0.0171524 -0.00665302 -0.00181204 -0.00090245 -0.00618016 -0.0117137 -0.015579 -0.0218589 0.00558001 0.00108565 -0.0124522 -0.018362 0.0254632 -0.0246519 0.0161288 0.0152471 0.0247605 -0.0174645 -0.00350531 -0.0298407
internal_weight=264.109 178.029 156.868 141.159 133.523 38.5276 94.9954 18.5133 76.4821 59.8937 45.5139 29.4668 17.0802 16.5885 86.0804 57.417 13.0598 46.7537 32.1448 28.6634 17.6007 14.6089 14.5441 21.1608 16.1846 21.4474 15.1894 14.3798 10.6633 15.7094 16.047 13.474 11.9616
internal_count=1071 721 635 571 540 156 384 75 309 242 184 119 69 67 350 233 53 190 131 117 72 59 59 86 66 87 62 58 43 64 65 55 49
is_linear=0
shrinkage=0.03


end of trees

feature_importances:
Column_54=49
Column_45=32
Column_55=30
Column_33=29
Column_47=28
Column_39=25
Column_36=20
Column_37=19
Column_24=18
Column_12=17
Column_19=15
Column_49=15
Column_16=14
Column_32=14
Column_35=14
Column_52=14
Column_38=13
Column_46=13
Column_26=12
Column_30=12
Column_61=12
Column_13=11
Column_18=11
Column_25=11
Column_34=11
Column_40=11
Column_57=11
Column_59=11
Column_41=10
Column_53=10
Column_58=10
Column_60=10
Column_50=9
Column_21=8
Column_28=8
Column_42=8
Column_44=8
Column_51=8
Column_1=7
Column_2=6
Column_20=6
Column_27=6
Column_43=6
Column_29=5
Column_31=4
Column_48=4
Column_0=1
Column_8=1
Column_9=1
Column_10=1
Column_23=1
Column_56=1

parameters:
[boosting: gbdt]
[objective: binary]
[metric: binary_logloss]
[tree_learner: serial]
[device_type: cpu]
[data_sample_strategy: bagging]
[data: ]
[valid: ]
[num_iterations: 1800]
[learning_rate: 0.03]
[num_leaves: 96]
[num_threads: 2]
[seed: 42]
[deterministic: 0]
[force_col_wise: 1]
[force_row_wise: 0]
[histogram_pool_size: -1]
[max_depth: 10]
[min_data_in_leaf: 20]
[min_sum_hessian_in_leaf: 0.001]
[bagging_fraction: 0.85]
[pos_bagging_fraction: 1]
[neg_bagging_fraction: 1]
[bagging_freq: 0]
[bagging_seed: 400]
[bagging_by_query: 0]
[feature_fraction: 0.8]
[feature_fraction_bynode: 1]
[feature_fraction_seed: 30056]
[extra_trees: 0]
[extra_seed: 12879]
[early_stopping_round: 0]
[early_stopping_min_delta: 0]
[first_metric_only: 0]
[max_delta_step: 0]
[lambda_l1: 0.2]
[lambda_l2: 1.5]
[linear_lambda: 0]
[min_gain_to_split: 0]
[drop_rate: 0.1]
[max_drop: 50]
[skip_drop: 0.5]
[xgboost_dart_mode: 0]
[uniform_drop: 0]
[drop_seed: 17869]
[top_rate: 0.2]
[other_rate: 0.1]
[min_data_per_group: 100]
[max_cat_threshold: 32]
[cat_l2: 10]
[cat_smooth: 10]
[max_cat_to_onehot: 4]
[top_k: 20]
[monotone_constraints: ]
[monotone_constraints_method: basic]
[monotone_penalty: 0]
[feature_contri: ]
[forcedsplits_filename: ]
[refit_decay_rate: 0.9]
[cegb_tradeoff: 1]
[cegb_penalty_split: 0]
[cegb_penalty_feature_lazy: ]
[cegb_penalty_feature_coupled: ]
[path_smooth: 0]
[interaction_constraints: ]
[verbosity: -1]
[saved_feature_importance_type: 0]
[use_quantized_grad: 0]
[num_grad_quant_bins: 4]
[quant_train_renew_leaf: 0]
[stochastic_rounding: 1]
[linear_tree: 0]
[max_bin: 255]
[max_bin_by_feature: ]
[min_data_in_bin: 3]
[bin_construct_sample_cnt: 200000]
[data_random_seed: 175]
[is_enable_sparse: 1]
[enable_bundle: 1]
[use_missing: 1]
[zero_as_missing: 0]
[feature_pre_filter: 1]
[pre_partition: 0]
[two_round: 0]
[header: 0]
[label_column: ]
[weight_column: ]
[group_column: ]
[ignore_column: ]
[categorical_feature: ]
[forcedbins_filename: ]
[precise_float_parser: 0]
[parser_config_file: ]
[objective_seed: 16083]
[num_class: 1]
[is_unbalance: 0]
[scale_pos_weight: 1]
[sigmoid: 1]
[boost_from_average: 1]
[reg_sqrt: 0]
[alpha: 0.9]
[fair_c: 1]
[poisson_max_delta_step: 0.7]
[tweedie_variance_power: 1.5]
[lambdarank_truncation_level: 30]
[lambdarank_norm: 1]
[label_gain: ]
[lambdarank_position_bias_regularization: 0]
[eval_at: ]
[multi_error_top_k: 1]
[auc_mu_weights: ]
[num_machines: 1]
[local_listen_port: 12400]
[time_out: 120]
[machine_list_filename: ]
[machines: ]
[gpu_platform_id: -1]
[gpu_device_id: -1]
[gpu_device_id_list: ]
[gpu_use_dp: 0]
[num_gpu: 1]

end of parameters

pandas_categorical:null
