tree
version=v4
num_class=1
num_tree_per_iteration=1
label_index=0
max_feature_idx=62
objective=binary sigmoid:1
feature_names=Column_0 Column_1 Column_2 Column_3 Column_4 Column_5 Column_6 Column_7 Column_8 Column_9 Column_10 Column_11 Column_12 Column_13 Column_14 Column_15 Column_16 Column_17 Column_18 Column_19 Column_20 Column_21 Column_22 Column_23 Column_24 Column_25 Column_26 Column_27 Column_28 Column_29 Column_30 Column_31 Column_32 Column_33 Column_34 Column_35 Column_36 Column_37 Column_38 Column_39 Column_40 Column_41 Column_42 Column_43 Column_44 Column_45 Column_46 Column_47 Column_48 Column_49 Column_50 Column_51 Column_52 Column_53 Column_54 Column_55 Column_56 Column_57 Column_58 Column_59 Column_60 Column_61 Column_62
feature_infos=[-0.91710096151949072:7.6495728323292109] [-0.99242463480087417:10.029065417893603] [-0.87634578085172254:9.1982666096952688] [-0.90965115615949377:7.5691897819858358] [-0.98245974786011203:9.8894703838250866] [-0.87856217079574939:9.2293268236615926] [-1.6388206339356934:3.9602076252410505] [-1.344199194051428:6.3239965206173689] [-1.7630389374415742:3.782440885369228] [-2.1107331575032089:2.4757460706960561] [-4.2253854197131036:1.7164517382460762] [-1.7302277413822149:2.970842169077704] [-1.6275702126756773:3.5759429862144962] [-2.0984655476142162:2.5893271804464604] [-1.7182144039559757:3.078860404876119] [-2.0984655476142162:2.5893271804464604] [-4.3289141316169646:1.7973099173501521] [-1.7182144039559757:3.078860404876119] [-4.7974650737135383:1.184998853709234] [-1.6987335395640772:1.8142143934088768] [-1.468776468384553:1.3361604053451308] [-2.4213737732702376:0.86960504801456484] [-1.7796952478155419:0.56189395416289234] [-2.3317710324082213:2.151625830119908] [-2.2917417924083647:3.5108135491365271] [-2.131752667930666:5.1434402601585933] [-3.5490438545737981:2.8480153610137653] [-2.4918894288240221:2.0623999538901963] [-2.0166705009997425:4.7176998987282275] [-2.074509470956202:4.1373335668344433] [-3.1618115281143542:3.2820809590925126] [-2.8699305767960945:2.5646354362811059] [-2.3943092347317507:3.7592820333585206] [-2.385703422685074:6.3075674968762003] [-4.1573217176297481:3.2827875406082034] [-2.6500596906181104:2.5074533536873478] [-2.2849666354339737:3.5070832757542276] [-2.6079709196771135:4.5548706199272866] [-3.5408506009294647:2.7069004270353259] [-3.3872403572418643:2.9615889147897447] [-3.0879757994367778:2.9506355016882386] [-2.8309415190321401:1.680983429825859] [-3.2994567178550698:3.5222599589667833] [-1.9837039747512046:2.4335907043350895] [-4.1926156340467404:3.6644120895999066] [-2.2998702123320438:2.7492640571227174] [-2.3803110549202815:2.751384017401981] [-2.7975383049914901:3.0763519988502042] [-2.4653851987394826:2.0397676802709972] [-1.181091927586426:4.4696076136486953] [-1.175655951563829:4.3399214382196662] [-9.303691605021827:6.1453940753885652] [-3.3091577219112298:7.4170200944830018] [-3.3843723675500659:7.525400103092001] [-2.7123922110689427:2.4691350616182191] [-2.5768833266241642:2.3792221325927709] [-1.1923178241406835:2.6149940114427159] [-1.0764023711644981:3.7796504490426521] [-1.2754499895363534:2.5232344898669683] [-2.2057504693466834:2.3077358750749783] [61:805] [61:805] none
tree_sizes=3754 3941 3078 4162

Tree=0
num_leaves=35
num_cat=0
split_feature=12 39 16 28 53 25 24 44 49 30 55 13 47 40 37 43 3 42 32 20 33 46 49 32 42 23 36 55 32 37 54 47 45 38
split_gain=16.8558 9.36632 9.14219 7.07748 9.66355 6.48522 6.62056 9.55327 6.72003 6.16631 8.59958 8.28353 6.92795 7.02693 6.25708 5.88162 7.00165 6.78189 5.7735 5.61976 5.07548 4.74008 4.58596 4.49907 4.35941 4.29586 3.23592 3.18026 2.22217 2.19677 1.67774 0.479905 0.313684 0.135165
threshold=-0.3835426306161514 -1.958753771034752 0.87199545659409805 -0.99187500538896434 1.0000000180025095e-35 0.96020432650726939 -0.30665707030090161 -0.31648195704772769 -1.0000000180025095e-35 -0.6674015330665346 -1.0581527459713402 0.89921352479271988 0.69342392793222263 0.30874305744604397 -1.1445946911557845 1.1084023006092014 0.19744169703211253 0.1114016205558567 -0.49393546076269629 -0.5762965540160172 0.40060135922559043 -0.36513979819413833 -1.0000000180025095e-35 1.0000000180025095e-35 0.73155768208511618 -1.0000000180025095e-35 0.33955598057317987 1.3307070405143733 -0.31294748228945307 -1.1445946911557845 0.30837341793934375 0.76807086486799914 -0.2354836916634877 -0.47945259722671735
decision_type=2 2 2 2 2 2 2 2 2 2 2 2 2 2 2 2 2 2 2 2 2 2 2 2 2 2 2 2 2 2 2 2 2 2
left_child=2 -2 5 4 19 6 22 8 -8 10 28 12 13 14 -11 17 27 20 21 -3 -15 -16 -1 -21 -20 -12 -19 -17 -5 -9 -13 -14 -7 -31
right_child=1 3 -4 9 -6 32 7 29 -10 11 25 30 31 15 18 16 -18 26 24 23 -22 -23 -24 -25 -26 -27 -28 -29 -30 33 -32 -33 -34 -35
leaf_value=0.1125905851698972 0.13657018372472382 0.10437230948304931 0.087278855520596055 0.11875315306628899 0.087487878760003482 0.12165827529472988 0.11861566497194645 0.11240734921694821 0.080446537097555199 0.081879293105128939 0.097177153137998212 0.10778188617805738 0.068002903988456445 0.067171167962404854 0.11326579074985176 0.10939636742973763 0.13124459950803735 0.12035068714215749 0.12846773507512191 0.14424127353961563 0.097620501886029346 0.084496808851433403 0.082024531159449604 0.10939636742973763 0.10059242758126857 0.062910714810425122 0.093656509811751332 0.080446537097555212 0.095541431531945789 0.12165827529472988 0.13150111997488068 0.092001879968361941 0.14424127353961563 0.14207247633230655
leaf_weight=9.7223828136920911 5.2351292073726645 8.974507212638855 6.2322966754436484 5.2351292073726654 8.2266316115856153 4.9858373403549185 9.2237990796565992 4.985837340354915 5.235129207372661 4.9858373403549185 6.4815885424613997 4.9858373403549177 4.9858373403549177 13.960344552993776 10.470258414745333 5.7337129414081591 5.9830048084259024 5.4844210743904105 19.943349361419681 9.4730909466743451 9.7223828136920911 7.4787560105323783 5.7337129414081565 5.7337129414081582 5.4844210743904105 11.218134015798565 8.2266316115856153 5.2351292073726654 6.730880409479143 4.9858373403549185 6.9801722764968872 5.4844210743904114 9.4730909466743451 13.960344552993787
leaf_count=39 21 36 25 21 33 20 37 20 21 20 26 20 20 56 42 23 24 22 80 38 39 30 23 23 22 45 33 21 27 20 28 22 38 56
internal_value=0.106543 0.10185 0.118515 0.100616 0.113038 0.121804 0.116328 0.122864 0.104018 0.0979401 0.0858795 0.101057 0.0984647 0.101141 0.109333 0.0938648 0.108154 0.0874207 0.113342 0.122569 0.0781571 0.100811 0.100439 0.132898 0.122236 0.0734344 0.105037 0.0945834 0.106371 0.133964 0.123303 0.0766751 0.138983 0.138497
internal_weight=266.992 192.453 74.5383 187.218 32.4079 68.306 53.847 38.3909 14.4589 154.81 29.6657 125.145 113.179 102.708 48.3626 54.3456 16.9518 37.3938 43.3768 24.1813 23.6827 17.949 15.4561 15.2068 25.4278 17.6997 13.7111 10.9688 11.966 23.932 11.966 10.4703 14.4589 18.9462
internal_count=1071 772 299 751 130 274 216 154 58 621 119 502 454 412 194 218 68 150 174 97 95 72 62 61 102 71 55 44 48 96 48 42 58 76
is_linear=0
shrinkage=1


Tree=1
num_leaves=36
num_cat=0
split_feature=12 52 34 27 36 28 16 29 27 39 51 19 40 30 21 46 40 54 16 40 36 50 45 38 24 26 26 40 12 19 33 48 55 42 26
split_gain=15.9975 13.5066 10.1374 9.2367 9.61379 8.96994 8.69915 7.71771 6.63235 6.24902 6.9251 7.00579 6.02298 5.40765 5.23107 4.91768 4.88976 4.59257 4.26404 4.58308 3.98153 3.81037 3.33342 3.02084 3.46973 4.39337 3.55058 3.35224 3.10989 2.76703 2.90995 2.68165 2.94099 1.36427 1.02627
threshold=-0.3835426306161514 -0.40415122997112551 0.18274201634239043 -0.51836402964786077 0.4817714917853903 0.4721185597692899 0.87199545659409805 -0.43019807859985454 1.0000000180025095e-35 0.15752265297578397 1.0000000180025095e-35 -0.66907638679614234 1.0000000180025095e-35 0.8916047138383526 -2.1471255381631704 -0.51432883330603485 0.84790478076077735 -0.56062852861181545 0.71252501991466655 1.0000000180025095e-35 1.0000000180025095e-35 -0.28922387106291003 -0.26370145694106939 -1.2291827205824919 -0.30665707030090161 -0.88360251474564644 0.82227994274437044 0.7400724360978308 -1.2335732070507086 -0.91134865803565634 -0.99255103172974202 1.0192377238987711 -0.52441944537511109 -0.71547312814982245 0.075956367592487889
decision_type=2 2 2 2 2 2 2 2 2 2 2 2 2 2 2 2 2 2 2 2 2 2 2 2 2 2 2 2 2 2 2 2 2 2 2
left_child=6 3 5 31 7 12 14 21 15 20 11 -11 22 -7 -1 -9 -6 -14 19 29 -4 -5 33 -16 25 -25 34 -27 -28 -12 -31 32 -2 -3 -26
right_child=1 2 9 4 16 13 -8 8 -10 10 18 -13 17 -15 23 -17 -18 -19 -20 -21 -22 -23 -24 24 26 27 28 -29 -30 30 -32 -33 -34 -35 -36
leaf_value=-0.01040555531205729 0.037440197108398285 0.0076872062599085385 0.025267173613195332 0.022447429498794597 0.027310548202412355 0.019177267007040318 -0.018784220310473981 -0.02313655349381943 -0.043652848211452565 -0.01113830416341955 0.00058084602774228816 0.028426228507954013 -0.015126050664353312 -0.013928175534056538 0.00067321207773822034 0.011224698165620314 -0.0037989337192806958 -0.047864080236892668 -0.034555549419927174 0.0088789479892022582 -0.0035434441671549151 -0.0065112695190739835 -0.025773581783846193 0.021671868383155605 0.019214748826933744 0.010526102170978128 0.025461547617273522 -0.019855418098055497 0 -0.035453708520232476 -0.0066833528178691613 0.0012013595903689858 0.0070272475924253426 -0.0097297927488334338 0.043148798306906641
leaf_weight=5.481463059782981 9.4662793278694153 5.2336655706167212 8.9722650647163373 5.4845066219568244 10.716917395591738 6.4808082431554785 6.2381125986576071 6.2316248118877402 6.732119992375373 6.2362328916788101 5.9813934415578833 6.9784128963947278 8.7274176031351107 8.4784290641546232 9.2189906686544401 5.7339489161968258 6.2307163178920737 13.221268266439436 6.2346416860818854 8.4776573330163938 6.234183967113494 8.2288319468498212 9.226275712251665 9.7120954096317309 8.2142970561981219 4.9860404431819898 7.2212649881839743 4.9875228106975555 8.4687100648879987 6.4834927320480329 7.7307442575693202 4.9848261177539817 5.7332821190357217 8.2267991900444013 9.9558527618646604
leaf_count=22 38 21 36 22 43 26 25 25 27 25 24 28 35 34 37 23 25 53 25 34 25 33 37 39 33 20 29 20 34 26 31 20 23 33 40
internal_value=0 -0.00457675 -0.0105255 0.00585391 -0.00116638 -0.0192584 0.0116624 -0.0107223 -0.0226283 -0.00195954 -0.00734009 0.0101151 -0.0258078 0.000490228 0.0148756 -0.00680879 0.0161691 -0.0369027 -0.0142572 -0.00814628 0.0138389 0.0057474 -0.0132027 0.0173682 0.0200369 0.00861183 0.0258624 -0.00475351 0.0128874 -0.0156894 -0.0223197 0.0221911 0.0279893 -0.00246494 0.0349242
internal_weight=266.951 192.467 122.924 69.5431 49.3587 59.5947 74.4843 32.411 18.6977 63.329 48.1226 13.2146 44.6354 14.9592 68.2462 11.9656 16.9476 21.9487 34.9079 28.6733 15.2064 13.7133 22.6867 62.7648 53.5458 19.6857 33.8601 9.97356 15.69 20.1956 14.2142 20.1844 15.1996 13.4605 18.1701
internal_count=1071 772 493 279 198 239 299 130 75 254 193 53 179 60 274 48 68 88 140 115 61 55 91 252 215 79 136 40 63 81 57 81 61 54 73
is_linear=0
shrinkage=0.03


Tree=2
num_leaves=28
num_cat=0
split_feature=12 39 16 28 53 30 13 12 27 54 32 20 38 24 23 47 43 30 32 47 2 43 54 54 27 54 54
split_gain=15.1902 8.79796 8.2822 6.53383 8.98333 5.80965 7.79447 6.67834 6.15536 5.6413 6.60001 5.32104 4.87567 5.21866 6.21306 4.73954 5.91744 4.48842 4.30288 4.24561 2.78657 2.68599 2.1035 2.01495 1.88966 1.57675 0.966432
threshold=-0.3835426306161514 -1.958753771034752 0.87199545659409805 -0.99187500538896434 1.0000000180025095e-35 -0.6674015330665346 0.89921352479271988 1.4775195216863912 -0.51836402964786077 -0.22667069376553425 0.5919924100767634 -0.5762965540160172 -1.2291827205824919 -0.30665707030090161 -0.98675197364978229 0.69342392793222263 -0.95300188296440258 0.16406846528273844 1.0000000180025095e-35 -1.0400282250830117 1.6600264843060881 -0.36402925908623018 1.2494068674054011 -0.7392910344928415 -1.1256026140097564 0.30837341793934375 -0.16350295883909285
decision_type=2 2 2 2 2 2 2 2 2 2 2 2 2 2 2 2 2 2 2 2 2 2 2 2 2 2 2
left_child=2 -2 12 4 11 9 7 8 -7 23 24 -3 20 14 -14 16 -10 -18 -13 -16 -1 -15 26 -5 -11 -8 -23
right_child=1 3 -4 5 -6 6 25 -9 15 10 -12 18 13 21 19 -17 17 -19 -20 -21 -22 22 -24 -25 -26 -27 -28
leaf_value=-0.017162409696219096 0.029218336201729936 -0.0021886917775264976 -0.018318955241574383 -0.012709708769893503 -0.018325002415008361 0.015474199618550207 0.0012702459556091894 0.014320278138524179 0.015280627247358838 -0.017140209211797618 0 0.036665853615949713 0.022025443617788548 0.0062398957374874813 -0.02413285937764182 -0.032743421432265767 -0.023096240674788829 -0.0071009041494344066 0.0026052787134498044 0.0071265503608977957 0.010260701766095372 0.013993812954090681 0.011646582708614793 0.010645839170439042 -0.048475416190033746 0.024346746281356677 0.03911219095734849
leaf_weight=5.2348407208919507 5.2224227041006079 8.9730292409658432 6.2426753342151633 5.2345927655696869 8.2361628860235196 6.4805107712745658 4.9853100180625898 9.724299490451811 6.477507844567298 5.9888870418071773 5.2394560426473609 9.4450540691614133 9.9505079537630099 7.4690194576978639 5.7373468726873398 7.989276483654975 22.202029258012772 60.341184347867966 5.7294106185436258 6.9763124436140043 4.9825679957866669 4.9691513180732754 7.9590882807970038 4.9857935607433337 8.2417376190423948 6.9681024998426437 14.900983229279523
leaf_count=21 21 36 25 21 33 26 20 39 26 24 21 38 40 30 23 32 89 242 23 28 20 20 32 20 33 28 60
internal_value=0 -0.00445954 0.0113692 -0.00565539 0.00628052 -0.00822608 -0.00520044 -0.007716 -0.0100188 -0.0199256 -0.0288478 0.0154878 0.0145095 0.0178279 0.00570893 -0.0119923 -0.00955201 -0.0118101 0.0255567 -0.00761598 -0.00367576 0.0248963 0.0291236 -0.00089997 -0.0385615 0.0163831 0.0345345
internal_weight=266.887 192.465 74.4225 187.242 32.3837 154.859 125.168 113.215 103.491 29.6905 19.4701 24.1475 68.1798 57.9624 22.6642 97.01 89.0207 82.5432 15.1745 12.7137 10.2174 35.2982 27.8292 10.2204 14.2306 11.9534 19.8701
internal_count=1071 772 299 751 130 621 502 454 415 119 78 97 274 233 91 389 357 331 61 51 41 142 112 41 57 48 80
is_linear=0
shrinkage=0.03


Tree=3
num_leaves=38
num_cat=0
split_feature=12 52 34 27 36 28 25 26 29 38 20 27 40 19 39 52 30 10 25 40 53 26 51 50 32 31 47 40 18 53 44 47 55 33 25 45 27
split_gain=14.3744 12.5648 9.44702 8.57013 9.0602 8.39136 7.5282 7.90006 7.32347 6.98088 6.38381 6.37412 5.7058 5.25086 6.9198 7.06629 5.16662 4.84628 4.68306 4.64462 4.49408 4.48897 4.36558 3.61879 3.51047 4.0788 3.00431 2.84576 2.80524 2.54606 3.47351 2.45264 2.79782 1.78713 1.75835 1.16707 0.0553046
threshold=-0.3835426306161514 -0.40415122997112551 0.18274201634239043 -0.51836402964786077 0.4817714917853903 0.4721185597692899 0.96020432650726939 -0.45713190037314239 -0.43019807859985454 -1.2291827205824919 -1.0862850765123231 1.0000000180025095e-35 1.0000000180025095e-35 0.17887656254215681 0.68659175897841818 0.48969692139506044 0.8916047138383526 0.56579364264528842 0.59644468010280627 0.84790478076077735 1.0000000180025095e-35 0.60904463555811827 1.0000000180025095e-35 -0.28922387106291003 -0.49393546076269629 -0.24322367047544777 1.0000000180025095e-35 -0.66174804452047631 -0.094583251738146953 0.76134117129391987 1.0000000180025095e-35 0.95780447655017553 -0.52441944537511109 -1.1968800490698572 -0.90406386131560368 1.0315598150023464 0.39249384689498312
decision_type=2 2 2 2 2 2 2 2 2 2 2 2 2 2 2 2 2 2 2 2 2 2 2 2 2 2 2 2 2 2 2 2 2 2 2 2 2
left_child=6 3 5 31 8 12 7 28 23 -9 21 26 24 14 15 20 -7 29 -14 -6 -12 -4 -16 -5 27 -26 -10 -3 -1 30 34 32 -2 -24 -11 -15 -8
right_child=1 2 10 4 19 16 36 9 11 17 13 -13 18 35 22 -17 -18 -19 -20 -21 -22 -23 33 -25 25 -27 -28 -29 -30 -31 -32 -33 -34 -35 -36 -37 -38
leaf_value=0.00060631164927012139 0.036284261947912511 -0.037505809084683227 0.00096297281638614118 0.022014779206013763 0.026686015499272443 0.018864275886361762 0.036613273170003548 -0.010537288542024461 0.005952424980326108 -0.00014611829429575645 0.012891438729459642 -0.042473844225629387 -0.043701556041754373 0.0059767824653322284 0.0052137845412499172 0.029987006074366808 -0.013491806409307595 -0.0056525337031522469 -0.0087624958520707494 -0.0036305258441371464 -0.017323974874312132 -0.032043277383167111 -0.035615190262368708 -0.0062081503307347026 0.016899912289006079 -0.016096565227703221 -0.020980358388572526 -0.0068843907247403318 -0.025320465489719456 0.0030364163645734007 0.036500780973670939 0.0013039220369523864 0.0066484289171347844 -0.0090408727547122807 0.020774247945429942 0.02962576904201332 0.018284823406782048
leaf_weight=5.9805379509925842 9.4311443567276001 4.9929305016994459 5.4834973663091642 5.4776489883661261 10.699272677302362 6.4757005274295798 6.4519119709730139 8.9764803797006589 6.7299384623765963 5.7246139496564865 6.72623059153557 6.7433677315711966 15.984043896198274 4.9848383218049985 5.4800473153591183 7.4730801731348029 8.4846049994230253 5.979070931673049 5.9910327494144431 6.2324329316616049 7.9822593480348587 7.736433133482933 5.7440087646245965 8.2317823618650419 5.2360266298055649 5.2428159415721911 5.2397149056196213 7.2291241437196732 6.731323301792143 6.4578339904546729 12.894549071788786 4.9843205362558356 5.7270594835281381 6.4830140769481632 6.2098967730999046 5.2276447862386703 8.9390642642974836
leaf_count=24 38 20 22 22 43 26 26 36 27 23 27 27 64 20 22 30 34 24 24 25 32 31 23 33 21 21 21 29 27 26 52 20 23 26 25 21 36
internal_value=0 -0.00432639 -0.0100628 0.00573637 -0.00101995 -0.018488 0.0110772 0.00572552 -0.0102984 0.0115205 -0.00179101 -0.0218939 -0.0248189 0.00312291 -0.00185859 0.00890369 0.000592058 0.0171906 -0.0356003 0.0158139 -0.00322192 -0.019242 -0.0152953 0.00573296 -0.0125745 0 -0.00641542 -0.0225635 -0.013924 0.021798 0.0259988 0.0214916 0.0270544 -0.0244897 0.0113969 0.0208385 0.0288925
internal_weight=266.799 192.454 122.957 69.4967 49.3542 59.6363 74.3453 58.9543 32.4225 46.2424 63.3211 18.713 44.676 50.1011 39.8886 22.1816 14.9603 37.266 21.9751 16.9317 14.7085 13.2199 17.7071 13.7094 22.7009 10.4788 11.9697 12.2221 12.7119 31.2869 24.8291 20.1425 15.1582 12.227 11.9345 10.2125 15.391
internal_count=1071 772 493 279 198 239 299 237 130 186 254 75 179 201 160 89 60 150 88 68 59 53 71 55 91 42 48 49 51 126 100 81 61 49 48 41 62
is_linear=0
shrinkage=0.03


end of trees

feature_importances:
Column_40=8
Column_27=7
Column_54=7
Column_12=6
Column_32=6
Column_47=6
Column_26=5
Column_30=5
Column_16=4
Column_25=4
Column_28=4
Column_36=4
Column_38=4
Column_39=4
Column_53=4
Column_55=4
Column_19=3
Column_20=3
Column_24=3
Column_33=3
Column_42=3
Column_43=3
Column_45=3
Column_52=3
Column_13=2
Column_23=2
Column_29=2
Column_34=2
Column_37=2
Column_44=2
Column_46=2
Column_49=2
Column_50=2
Column_51=2
Column_2=1
Column_3=1
Column_10=1
Column_18=1
Column_21=1
Column_31=1
Column_48=1

parameters:
[boosting: gbdt]
[objective: binary]
[metric: binary_logloss]
[tree_learner: serial]
[device_type: cpu]
[data_sample_strategy: bagging]
[data: ]
[valid: ]
[num_iterations: 1800]
[learning_rate: 0.03]
[num_leaves: 96]
[num_threads: 2]
[seed: 42]
[deterministic: 0]
[force_col_wise: 1]
[force_row_wise: 0]
[histogram_pool_size: -1]
[max_depth: 10]
[min_data_in_leaf: 20]
[min_sum_hessian_in_leaf: 0.001]
[bagging_fraction: 0.85]
[pos_bagging_fraction: 1]
[neg_bagging_fraction: 1]
[bagging_freq: 0]
[bagging_seed: 400]
[bagging_by_query: 0]
[feature_fraction: 0.8]
[feature_fraction_bynode: 1]
[feature_fraction_seed: 30056]
[extra_trees: 0]
[extra_seed: 12879]
[early_stopping_round: 0]
[early_stopping_min_delta: 0]
[first_metric_only: 0]
[max_delta_step: 0]
[lambda_l1: 0.2]
[lambda_l2: 1.5]
[linear_lambda: 0]
[min_gain_to_split: 0]
[drop_rate: 0.1]
[max_drop: 50]
[skip_drop: 0.5]
[xgboost_dart_mode: 0]
[uniform_drop: 0]
[drop_seed: 17869]
[top_rate: 0.2]
[other_rate: 0.1]
[min_data_per_group: 100]
[max_cat_threshold: 32]
[cat_l2: 10]
[cat_smooth: 10]
[max_cat_to_onehot: 4]
[top_k: 20]
[monotone_constraints: ]
[monotone_constraints_method: basic]
[monotone_penalty: 0]
[feature_contri: ]
[forcedsplits_filename: ]
[refit_decay_rate: 0.9]
[cegb_tradeoff: 1]
[cegb_penalty_split: 0]
[cegb_penalty_feature_lazy: ]
[cegb_penalty_feature_coupled: ]
[path_smooth: 0]
[interaction_constraints: ]
[verbosity: -1]
[saved_feature_importance_type: 0]
[use_quantized_grad: 0]
[num_grad_quant_bins: 4]
[quant_train_renew_leaf: 0]
[stochastic_rounding: 1]
[linear_tree: 0]
[max_bin: 255]
[max_bin_by_feature: ]
[min_data_in_bin: 3]
[bin_construct_sample_cnt: 200000]
[data_random_seed: 175]
[is_enable_sparse: 1]
[enable_bundle: 1]
[use_missing: 1]
[zero_as_missing: 0]
[feature_pre_filter: 1]
[pre_partition: 0]
[two_round: 0]
[header: 0]
[label_column: ]
[weight_column: ]
[group_column: ]
[ignore_column: ]
[categorical_feature: ]
[forcedbins_filename: ]
[precise_float_parser: 0]
[parser_config_file: ]
[objective_seed: 16083]
[num_class: 1]
[is_unbalance: 0]
[scale_pos_weight: 1]
[sigmoid: 1]
[boost_from_average: 1]
[reg_sqrt: 0]
[alpha: 0.9]
[fair_c: 1]
[poisson_max_delta_step: 0.7]
[tweedie_variance_power: 1.5]
[lambdarank_truncation_level: 30]
[lambdarank_norm: 1]
[label_gain: ]
[lambdarank_position_bias_regularization: 0]
[eval_at: ]
[multi_error_top_k: 1]
[auc_mu_weights: ]
[num_machines: 1]
[local_listen_port: 12400]
[time_out: 120]
[machine_list_filename: ]
[machines: ]
[gpu_platform_id: -1]
[gpu_device_id: -1]
[gpu_device_id_list: ]
[gpu_use_dp: 0]
[num_gpu: 1]

end of parameters

pandas_categorical:null
