tree
version=v4
num_class=1
num_tree_per_iteration=1
label_index=0
max_feature_idx=62
objective=binary sigmoid:1
feature_names=Column_0 Column_1 Column_2 Column_3 Column_4 Column_5 Column_6 Column_7 Column_8 Column_9 Column_10 Column_11 Column_12 Column_13 Column_14 Column_15 Column_16 Column_17 Column_18 Column_19 Column_20 Column_21 Column_22 Column_23 Column_24 Column_25 Column_26 Column_27 Column_28 Column_29 Column_30 Column_31 Column_32 Column_33 Column_34 Column_35 Column_36 Column_37 Column_38 Column_39 Column_40 Column_41 Column_42 Column_43 Column_44 Column_45 Column_46 Column_47 Column_48 Column_49 Column_50 Column_51 Column_52 Column_53 Column_54 Column_55 Column_56 Column_57 Column_58 Column_59 Column_60 Column_61 Column_62
feature_infos=[-0.88539547552042597:7.4905583867288268] [-0.93871518842869495:8.4570994065871758] [-0.94547455616312892:9.7386243397325796] [-0.86490603189866477:8.4186801048617568] [-0.9425035339158665:6.8729901126157067] [-0.93179118293548868:11.259928555534698] [-2.0414560798293961:4.9299901579626679] [-1.2929279844314641:6.4890065052350039] [-2.3248013600211759:5.0173100838384705] [-2.8250788918804104:3.4825793662495883] [-5.0998381381573656:1.7092597144211927] [-2.304526716550189:4.0044664875283935] [-1.01946486412431:2.5388089495709854] [-2.8297919107414757:3.5637496586698538] [-2.3045399451173467:4.0619288890432887] [-2.8297919107414757:3.5637496586698538] [-5.0255617326965378:1.9236038137390772] [-2.3045399451173467:4.0619288890432887] [-5.4662905931805472:0.64090052563004773] [-1.7453703552484876:1.6631034281960198] [-1.4899827121756519:1.3695517786727327] [-3.3612899225398989:1.1092402697048735] [-2.2533044517732166:0.44379267045474846] [-1.9296869690007306:2.6117704854801165] [-2.0136387163561835:4.0772393364264436] [-2.3022989195433277:3.7710709506784137] [-3.3185195830459135:3.7017039175223267] [-1.9654546091591432:2.5784831975819209] [-1.9375111849878892:5.5226984436958375] [-2.285475353695734:3.5968595065966582] [-2.5168541828053805:5.0107767825438234] [-2.3946664902646151:3.2000087558572825] [-2.0612745456595092:4.1140598426321731] [-2.9799261510483142:4.5131456264076544] [-3.6016776877440186:3.8657202072269188] [-2.4096625053301901:3.1223668553893953] [-2.4112305436131201:4.9437889583194368] [-2.9315336770234279:3.0367759691118277] [-2.5793048247321826:4.4311093543915465] [-2.6394056654333862:3.3118397433106423] [-2.8680132402777576:3.3186455659685876] [-2.119384857647951:2.2908208664234748] [-3.1854735433127681:4.0596980097941158] [-1.7612367459012608:2.8883371844547452] [-3.2878508527506733:4.339105133100789] [-2.8105398676110034:4.1784305517935385] [-2.5508180139024854:4.176182221279479] [-3.3363277945096383:3.2731173593124199] [-3.1006203124763045:2.3995716769554973] [-1.1956568095961089:4.1252393412030139] [-1.2095448236514068:4.1266384199514352] [-7.1903706465723252:8.1648627626293155] [-7.5038851703821701:6.170070573399248] [-4.5315480247467192:6.0282738640256328] [-2.2701893133475792:3.0386115158748503] [-2.2728105475564475:2.9585773307230472] [-1.2608445075955046:2.6783300403084431] [-1.1861609942071545:3.5893531031331638] [-1.2964117316258457:2.5738700753624246] [-2.2547575327357681:2.3229068954273244] [7:713] [7:713] [0:1]
tree_sizes=3983 4158

Tree=0
num_leaves=36
num_cat=0
split_feature=16 11 35 45 47 12 44 16 37 31 27 40 41 31 16 13 16 29 47 36 40 16 47 47 55 47 56 57 18 58 26 43 16 53 55
split_gain=12.5065 9.63512 11.3544 7.27222 11.5593 6.8926 6.85787 6.81458 9.35114 7.87068 6.70808 6.47293 6.40702 6.23082 5.46158 5.39005 6.38917 5.11732 5.05688 4.89432 4.23735 3.79429 3.75274 6.97204 3.55772 3.5174 4.81125 2.86086 2.41557 2.33276 1.75086 1.08691 1.0353 0.967504 0.74992
threshold=-2.2912866648605363 -1.0259028077162562 1.0000000180025095e-35 -0.23372735263174574 -0.70094332754237654 -0.39451156832162421 1.0000000180025095e-35 -0.085157119412814924 1.0000000180025095e-35 0.30942654536096853 0.23078199743237096 -0.16135001254498163 -0.79632314042652308 0.060774312199995344 0.5690145064918416 -0.62857224559704428 0.22435639897928342 0.30967237878620391 0.35921910435032861 -0.32399527955117818 0.9434104885704373 0.23932801111803786 0.054097338546588054 -0.087868696958624093 -0.13048958204571254 -0.90106872882859945 -0.86692705280510973 1.0000000180025095e-35 0.48204915165886225 -1.0000000180025095e-35 0.74004712822010033 0.87352181463380951 0.8316925636672452 -0.25733440310076733 -0.76167808295355865
decision_type=2 2 2 2 2 2 2 2 2 2 2 2 2 2 2 2 2 2 2 2 2 2 2 2 2 2 2 2 2 2 2 2 2 2 2
left_child=24 13 7 4 25 6 -5 17 10 15 12 33 -9 -2 18 -10 -17 -3 -14 -6 -7 -8 23 28 -1 26 -4 -15 -18 -24 31 -21 -23 -11 -31
right_child=1 2 3 5 19 20 21 8 9 11 -12 -13 14 27 -16 16 22 -19 -20 30 -22 32 29 -25 -26 -27 -28 -29 -30 34 -32 -33 -34 -35 -36
leaf_value=-0.032056295117385461 -0.030650848764895714 -0.06472375829052561 -0.037626295053678302 -0.037899474859872329 -0.026102170141257843 -0.053557352435982641 -0.024004304471515782 0.0099539089801728466 -0.015342165912977266 0.0023481671312887489 -0.041497768974074728 -0.041154066726793601 -0.04775359752145044 0.017343566261134969 -0.00046014541787262053 -0.018483591456539283 -0.030830699896418692 -0.026205843818940897 -0.014344425884636166 0.013051759268750459 -0.025454851147561654 0.010349204863538585 -0.065873516031835236 -0.010203826013503548 -0.065937827794638082 -0.048430868548714992 -0.0027222641919719369 -0.013517722249660575 -0.055673126197485934 -0.031596698462064754 -0.014122290288402908 -0.0085101624266706831 -0.014648830959458368 -0.019093835905413185 -0.049726587297103511
leaf_weight=5.9990272521972656 5.2491488456726101 7.748743534088133 6.2489867210388192 9.4984598159790057 5.749067783355712 9.2485003471374529 9.7484192848205584 8.248662471771242 5.749067783355712 5.9990272521972665 6.2489867210388175 5.4991083145141593 6.7489056587219256 7.2488245964050275 6.2489867210388175 6.9988651275634757 7.4987840652465882 5.2491488456726074 6.4989461898803711 14.997568130493169 7.9987030029296866 5.9990272521972638 11.498135566711422 5.2491488456726065 6.7489056587219221 5.2491488456726065 4.9991893768310556 7.2488245964050293 8.9985408782958967 6.4989461898803658 7.7487435340881339 8.2486624717712385 5.2491488456726074 5.2491488456726083 5.499108314514169
leaf_count=24 21 31 25 38 23 37 39 33 23 24 25 22 27 29 25 28 30 21 26 60 32 24 46 21 27 21 20 29 36 26 31 33 21 21 22
internal_value=-0.0254666 -0.023871 -0.0256844 -0.0183322 -0.0108583 -0.0267363 -0.0183624 -0.0318448 -0.029149 -0.0350667 -0.0164518 -0.0176958 -0.0100728 -0.00456519 -0.0207565 -0.0402537 -0.0433128 -0.0512682 -0.0314931 -0.00174852 -0.0412461 -0.00901776 -0.047383 -0.0367536 -0.052787 -0.0311005 -0.0217332 0.00485519 -0.0461027 -0.0557131 0.00277415 0.0071348 0.00179961 -0.00526022 -0.0421233
internal_weight=255.209 242.461 222.714 100.984 53.2414 47.7423 30.4951 121.73 108.732 74.7379 33.9945 16.7473 27.7455 19.7468 19.4968 57.9906 52.2415 12.9979 13.2479 36.744 17.2472 20.9966 45.2427 21.7465 12.7479 16.4973 11.2482 14.4976 16.4973 23.4962 30.995 23.2462 11.2482 11.2482 11.9981
internal_count=1021 970 891 404 213 191 122 487 435 299 136 67 111 79 78 232 209 52 53 147 69 84 181 87 51 66 45 58 66 94 124 93 45 45 48
is_linear=0
shrinkage=1


Tree=1
num_leaves=38
num_cat=0
split_feature=4 31 38 55 58 37 12 46 28 12 36 54 14 7 42 34 54 58 57 47 43 38 55 46 19 26 47 38 33 37 47 47 47 34 55 28 43
split_gain=10.9186 9.11703 13.858 8.91993 7.76341 7.54728 6.71561 6.43812 5.98028 6.50794 5.17937 4.62635 7.34346 4.93622 5.40996 4.13006 6.4266 3.97658 3.69106 3.21217 5.13598 4.37011 2.96509 3.24424 2.76767 2.63248 2.26749 2.063 2.00073 1.89718 1.85318 1.83174 1.57006 1.10561 0.720482 0.0586204 0.0155452
threshold=2.0683833626987567 0.30942654536096853 -0.23322706372913546 -0.66569888160861934 1.0000000180025095e-35 -1.494718391842718 -0.54141021050880156 -0.1873956079202285 -0.47790495328889904 0.89961814413636598 1.0000000180025095e-35 -0.57679160931359974 -0.89132976789701324 -0.59904690177491327 -1.0997423386304832 -0.39200666271265033 -0.67976438269451334 -0.9093835509270185 -0.7086095844731225 0.42064481428544348 -0.56009681389262578 -0.69687879515266249 -1.1981917826998674 -0.12650966507053749 0.7501193790590982 -0.57624477813644459 -0.83177641543315939 0.21187859843745033 1.0000000180025095e-35 0.93681516769386741 -0.079517643164117482 0.1880852054784192 0.17779357486509903 -0.06448921117883738 -0.94846385780297926 0.17080892746620752 0.56355021927674243
decision_type=2 2 2 2 2 2 2 2 2 2 2 2 2 2 2 2 2 2 2 2 2 2 2 2 2 2 2 2 2 2 2 2 2 2 2 2 2
left_child=1 2 11 29 7 -6 25 27 -5 17 -9 13 -13 -1 -15 16 26 -10 -19 20 21 -14 -16 -24 -2 -7 -8 -4 -17 34 -20 -11 33 -22 -3 -32 -29
right_child=24 3 4 8 5 6 15 10 9 31 -12 12 19 14 22 28 -18 18 30 -21 32 -23 23 -25 -26 -27 -28 36 -30 -31 35 -33 -34 -35 -36 -37 -38
leaf_value=-0.025333601938313077 -0.0067075298011253079 0.043459491876083639 0.0094542734241774579 -0.016184172158574463 -0.026186653503144478 0.0042214235822933708 -0.017226448540676759 0.020868578016332989 -0.0018467447828745479 0.0019359680115226155 -0.010945585934797266 0.0089760083894557322 -0.014715509359715419 -0.015755842699110761 -0.0077238888975279963 -0.0028954056930140869 0.026945502795031953 0.0016556016608742345 0.0082285734768179492 -0.037363880148518484 -0.013755376846479768 0.018177791187691625 3.6177557165060633e-05 0.026579042207513122 -0.038532188899716123 0.036296814438880651 0.0058522738529119666 0.041563513545631051 -0.024836956507603446 0.011486715042378122 0.018125294738938202 -0.019626008751644521 -0.0072541392553252832 -0.041608388696999135 0.016586961701161813 0.040791259381163077 0.017875277572268037
leaf_weight=5.7473998814821234 5.4971360564231855 5.9993864744901657 6.2483762204647091 9.7474792152643186 7.7477792650461188 4.9987449795007706 6.4977188110351509 6.2488842755556098 8.9986867010593361 5.2485284209251386 9.7476992309093458 6.7485675811767569 6.7469433844089508 8.9968733489513415 4.9988465011119869 9.2472143471241051 6.7485914230346671 7.7481832504272452 5.4990445077419272 9.9927817732095701 5.2475642561912501 4.9983259141445142 7.4977111816406312 9.2474029064178414 6.2446627467870712 4.9993534386157972 5.7482314556837082 6.9991933703422529 6.4978070557117453 8.4995511770248395 5.7492193430662244 6.2468481063842773 4.9968547224998465 5.7468337416648918 5.4990352243185061 6.4992457777261734 4.9994625002145767
leaf_count=23 22 24 25 39 31 20 26 25 36 21 39 27 27 36 20 37 27 31 22 40 21 20 30 37 25 20 23 28 26 34 23 25 20 23 22 26 20
internal_value=0 0.00143469 -0.00244498 0.00998349 0.00579864 -0.00140183 0.00347098 0.0165984 0.00342789 0.00809088 0.00186297 -0.011293 -0.0176625 -0.00298 0.0019974 -0.00283806 0.00619232 0.0145358 0.0203216 -0.0227412 -0.0156211 0 0.0101439 0.0160033 -0.0265336 0.0234247 -0.00650036 0.0280899 -0.0136711 0.0264618 0.027395 -0.0102325 -0.0259257 -0.0320419 0.0344667 0.0337269 0.035221
internal_weight=255.172 243.43 167.695 75.7352 86.7291 52.4854 44.7377 34.2436 55.7372 45.9898 15.9966 80.9661 44.4779 36.4882 30.7408 34.7396 18.9945 34.4944 25.4957 37.7293 27.7365 11.7453 21.744 16.7451 11.7418 9.9981 12.246 18.247 15.745 19.998 17.7475 11.4954 15.9913 10.9944 11.4984 12.2485 11.9987
internal_count=1021 974 671 303 347 210 179 137 223 184 64 324 178 146 123 139 76 138 102 151 111 47 87 67 47 40 49 73 63 80 71 46 64 44 46 49 48
is_linear=0
shrinkage=0.03


end of trees

feature_importances:
Column_47=10
Column_16=6
Column_55=5
Column_12=3
Column_31=3
Column_37=3
Column_38=3
Column_43=3
Column_58=3
Column_26=2
Column_28=2
Column_34=2
Column_36=2
Column_40=2
Column_46=2
Column_54=2
Column_57=2
Column_4=1
Column_7=1
Column_11=1
Column_13=1
Column_14=1
Column_18=1
Column_19=1
Column_27=1
Column_29=1
Column_33=1
Column_35=1
Column_41=1
Column_42=1
Column_44=1
Column_45=1
Column_53=1
Column_56=1

parameters:
[boosting: gbdt]
[objective: binary]
[metric: binary_logloss]
[tree_learner: serial]
[device_type: cpu]
[data_sample_strategy: bagging]
[data: ]
[valid: ]
[num_iterations: 1800]
[learning_rate: 0.03]
[num_leaves: 128]
[num_threads: 2]
[seed: 42]
[deterministic: 0]
[force_col_wise: 1]
[force_row_wise: 0]
[histogram_pool_size: -1]
[max_depth: 12]
[min_data_in_leaf: 20]
[min_sum_hessian_in_leaf: 0.001]
[bagging_fraction: 0.85]
[pos_bagging_fraction: 1]
[neg_bagging_fraction: 1]
[bagging_freq: 0]
[bagging_seed: 400]
[bagging_by_query: 0]
[feature_fraction: 0.8]
[feature_fraction_bynode: 1]
[feature_fraction_seed: 30056]
[extra_trees: 0]
[extra_seed: 12879]
[early_stopping_round: 0]
[early_stopping_min_delta: 0]
[first_metric_only: 0]
[max_delta_step: 0]
[lambda_l1: 0.2]
[lambda_l2: 1.5]
[linear_lambda: 0]
[min_gain_to_split: 0]
[drop_rate: 0.1]
[max_drop: 50]
[skip_drop: 0.5]
[xgboost_dart_mode: 0]
[uniform_drop: 0]
[drop_seed: 17869]
[top_rate: 0.2]
[other_rate: 0.1]
[min_data_per_group: 100]
[max_cat_threshold: 32]
[cat_l2: 10]
[cat_smooth: 10]
[max_cat_to_onehot: 4]
[top_k: 20]
[monotone_constraints: ]
[monotone_constraints_method: basic]
[monotone_penalty: 0]
[feature_contri: ]
[forcedsplits_filename: ]
[refit_decay_rate: 0.9]
[cegb_tradeoff: 1]
[cegb_penalty_split: 0]
[cegb_penalty_feature_lazy: ]
[cegb_penalty_feature_coupled: ]
[path_smooth: 0]
[interaction_constraints: ]
[verbosity: -1]
[saved_feature_importance_type: 0]
[use_quantized_grad: 0]
[num_grad_quant_bins: 4]
[quant_train_renew_leaf: 0]
[stochastic_rounding: 1]
[linear_tree: 0]
[max_bin: 255]
[max_bin_by_feature: ]
[min_data_in_bin: 3]
[bin_construct_sample_cnt: 200000]
[data_random_seed: 175]
[is_enable_sparse: 1]
[enable_bundle: 1]
[use_missing: 1]
[zero_as_missing: 0]
[feature_pre_filter: 1]
[pre_partition: 0]
[two_round: 0]
[header: 0]
[label_column: ]
[weight_column: ]
[group_column: ]
[ignore_column: ]
[categorical_feature: ]
[forcedbins_filename: ]
[precise_float_parser: 0]
[parser_config_file: ]
[objective_seed: 16083]
[num_class: 1]
[is_unbalance: 0]
[scale_pos_weight: 1]
[sigmoid: 1]
[boost_from_average: 1]
[reg_sqrt: 0]
[alpha: 0.9]
[fair_c: 1]
[poisson_max_delta_step: 0.7]
[tweedie_variance_power: 1.5]
[lambdarank_truncation_level: 30]
[lambdarank_norm: 1]
[label_gain: ]
[lambdarank_position_bias_regularization: 0]
[eval_at: ]
[multi_error_top_k: 1]
[auc_mu_weights: ]
[num_machines: 1]
[local_listen_port: 12400]
[time_out: 120]
[machine_list_filename: ]
[machines: ]
[gpu_platform_id: -1]
[gpu_device_id: -1]
[gpu_device_id_list: ]
[gpu_use_dp: 0]
[num_gpu: 1]

end of parameters

pandas_categorical:null
