tree
version=v4
num_class=1
num_tree_per_iteration=1
label_index=0
max_feature_idx=62
objective=binary sigmoid:1
feature_names=Column_0 Column_1 Column_2 Column_3 Column_4 Column_5 Column_6 Column_7 Column_8 Column_9 Column_10 Column_11 Column_12 Column_13 Column_14 Column_15 Column_16 Column_17 Column_18 Column_19 Column_20 Column_21 Column_22 Column_23 Column_24 Column_25 Column_26 Column_27 Column_28 Column_29 Column_30 Column_31 Column_32 Column_33 Column_34 Column_35 Column_36 Column_37 Column_38 Column_39 Column_40 Column_41 Column_42 Column_43 Column_44 Column_45 Column_46 Column_47 Column_48 Column_49 Column_50 Column_51 Column_52 Column_53 Column_54 Column_55 Column_56 Column_57 Column_58 Column_59 Column_60 Column_61 Column_62
feature_infos=[-1.9014079368967483:7.2847243065824845] [-2.4919774765591622:9.5779685019069642] [-1.88224566821771:7.1390652298756621] [-1.8731919390682161:7.147736536588007] [-2.4760953638557597:9.3758374867382717] [-1.874076234559684:7.0402187478552358] [-2.6543256314739088:4.9555541812247332] [-2.9266381014355796:8.2173082858786621] [-3.003751097431234:4.5673310669772906] [-3.3424593159416407:3.4895436086558798] [-7.0488889915174262:3.3859437294796457] [-2.900323970784688:4.5077603370734272] [-1.7530940489392448:2.2947184562156253] [-3.4228175684212974:3.845940432799702] [-2.8564799898609432:4.3849972761754792] [-3.4228175684212974:3.845940432799702] [-7.2253795433791623:3.4883086872417093] [-2.8564799898609432:4.3849972761754792] [-7.1238924184157399:0.82069815714417771] [-1.7210974522157165:1.698276270528899] [-1.4344916044022777:1.4304907911143057] [-2.1724928178949794:1.1280738669349659] [-1.630123728674145:0.6134503672388959] [-2.1517972336931686:2.6593994203641951] [-2.3319549935366974:4.0957437043244429] [-2.3058425186900497:3.8931090871382161] [-3.5068050254294394:3.3325177932953718] [-2.2187280961400755:2.5181913059969672] [-2.3869143462176527:4.043192461369161] [-2.2554085938489523:3.8966280253554864] [-3.2579267832036143:3.619605973170378] [-2.6473428451509875:3.4546635474482512] [-2.3094730874414244:4.131362055934952] [-2.9594230727244519:3.3689663976703432] [-3.0627496955283959:3.0918325285642179] [-2.8665509538478116:2.9206870618889496] [-2.638378225885667:5.3391350663738306] [-2.7110256989454204:4.0538715395922456] [-3.0365103881288564:3.8891544771144706] [-2.4104698907202473:4.300612482302407] [-3.7100409233682776:2.962052952567034] [-2.5710461828189932:2.1963812310022912] [-3.3970105136004989:3.0583694041456875] [-1.8829279071065159:3.1896401356261106] [-3.4089668817959966:4.5172616016978342] [-2.8092206964509927:2.4417558051129871] [-2.8301366758081259:3.6568948428510537] [-3.5341893236946738:3.4395776955934592] [-3.4672102494032044:2.8259889009024621] [-0.96047547620538565:4.9803277067846956] [-1.1567200181153041:4.7903707286164021] [-11.026394012527518:6.6084027418964553] [-4.8247061083185816:4.3395139165269647] [-4.1223238464489365:3.9426883970920326] [-2.5401170622348421:3.2316052500628332] [-2.6787093080789073:2.818421501827054] [-1.2349751003543963:3.206841420809758] [-1.0418390915684617:3.0255507051995654] [-1.3156868797324328:3.1899004885253985] [-3.0292698788316161:3.1151597554397101] [2:815] [2:815] [0:2]
tree_sizes=5346 5325 4821 5072 5405 5288

Tree=0
num_leaves=49
num_cat=0
split_feature=61 47 58 11 27 16 46 45 47 39 39 39 61 41 44 37 41 12 16 41 47 47 55 28 46 12 46 52 37 55 31 42 35 47 47 29 19 19 54 54 19 53 47 53 20 54 55 12
split_gain=9.27137 11.3038 7.36535 5.68036 6.52377 7.35738 5.64758 5.02625 5.76236 4.97226 5.93882 4.95332 4.83247 6.50823 5.0539 5.54624 6.68451 4.75698 4.42086 4.28709 8.3112 7.37498 7.0896 4.31218 4.21777 4.15384 4.28862 7.77205 3.99883 3.90166 3.79864 3.52568 3.0568 3.02673 3.02467 2.95326 2.97211 2.55631 2.53497 2.51794 2.5048 2.21791 1.84977 1.40713 1.23648 1.15551 0.697861 0.631753
threshold=539.50000000000011 0.53127291980679303 -0.86512814290664963 0.22940149207995086 1.0971154853558547 0.70578959491824389 1.2557896016410584 1.6537185925693245 1.0046119370792703 0.76961816185584697 0.4187118939853815 1.0361719614882199 628.50000000000011 -0.82298946441785559 -0.72427658899969927 0.12712084365946241 -0.26678959947203917 -0.066196287793553035 -0.35859606625632073 -0.82298946441785559 -0.54979814115499104 0.0098422348836151499 -0.561075828731462 1.0000000180025095e-35 1.6703157475750989 -1.420401333906707 0.090425779857301838 1.0000000180025095e-35 -0.49493867252790907 0.37922794488204276 -0.43799570300298724 -1.2865978481834759 0.33709866200646726 1.1459913501126129 1.6722851876024594 0.69998154674925861 -0.95468610056606118 -0.83677666185072963 0.26062173806453243 0.31464127893201616 1.4035026737405703 0.77429072998665227 0.044561178873769251 -1.0000000180025095e-35 1.0000000180025095e-35 0.16697475554148916 -0.71677818442458896 0.062875111104302633
decision_type=2 2 2 2 2 2 2 2 2 2 2 2 2 2 2 2 2 2 2 2 2 2 2 2 2 2 2 2 2 2 2 2 2 2 2 2 2 2 2 2 2 2 2 2 2 2 2 2
left_child=1 19 18 4 5 7 25 8 9 10 12 39 13 31 46 16 -16 -3 -2 21 37 -1 42 28 -8 30 27 -27 -24 35 -5 -4 -11 47 -35 36 -20 -21 -31 -10 -28 -25 -22 -39 -7 -6 -15 -19
right_child=2 17 3 6 45 44 24 -9 11 32 -12 -13 -14 14 15 -17 -18 33 29 20 22 -23 23 41 -26 26 40 -29 -30 38 -32 -33 -34 34 -36 -37 -38 43 -40 -41 -42 -43 -44 -45 -46 -47 -48 -49
leaf_value=0.0040568928324375766 -0.029090255582961938 -0.02612404628056865 -0.018226808546164895 -0.011086990027045824 -0.057431950910435993 -0.05519264652764283 -0.048374185652461932 -0.044444657771152057 -0.014475580831758714 -0.024578810264887917 -0.052245624954967554 -0.027428390302456074 -0.043341930233916685 -0.011997987704066402 0.0081488281641202559 -0.043191196385990768 -0.029642756639485613 -0.068357701455997122 -0.01084932654199708 -0.025338755127028233 -0.050783909834828042 -0.036936147111183079 -0.041789197527261929 0.0055164446064724613 -0.016788006074356245 -0.043191196385990768 0.0086078202952554264 -0.0010635446204877649 -0.010337154059712774 -0.010230671139717387 -0.043118621579186583 -0.046235332349547908 0.0073766936044807815 -0.024578810264887917 -0.052008554805265748 -0.020788489454906928 0.016865632861017471 -0.035190229624889394 -0.032340136950795531 0.018005572903913525 -0.01722882885599545 -0.020570433592060663 -0.025338755127028233 -0.060734167766494637 -0.031714613246453208 -0.033512343983170038 0.011992614512362484 -0.041552068019064727
leaf_weight=8.9986406564712507 8.9986406564712507 9.4985651373863202 5.2492070496082297 4.9992448091506958 5.4991692900657636 5.9990937709808332 6.249056011438368 6.9989427328109732 5.7491315305233019 4.999244809150694 6.2490560114383689 5.4991692900657645 8.2487539350986463 5.4991692900657654 6.2490560114383618 5.9990937709808341 7.9987916946411408 8.4987161755561846 9.498565137386322 5.2492070496082333 4.999244809150694 4.9992448091506949 5.7491315305233002 9.4985651373863202 5.999093770980835 5.9990937709808332 13.99788546562195 6.7489804923534393 5.7491315305233019 8.9986406564712507 5.2492070496082288 8.9986406564712436 4.9992448091506958 6.9989427328109723 5.2492070496082306 5.9990937709808341 9.7485273778438604 5.9990937709808358 6.7489804923534384 5.4991692900657654 6.4990182518959037 5.4991692900657645 5.2492070496082306 6.4990182518959019 5.4991692900657654 5.7491315305233002 4.9992448091506869 4.9992448091506949
leaf_count=36 36 38 21 20 22 24 25 28 23 20 25 22 33 22 25 24 32 34 38 21 20 20 23 38 24 24 56 27 23 36 21 36 20 28 21 24 39 24 27 22 26 22 21 26 22 23 20 20
internal_value=-0.0245788 -0.0319196 -0.021118 -0.0241422 -0.0278854 -0.0253485 -0.0163661 -0.0224914 -0.0203321 -0.0243641 -0.0276961 -0.00532407 -0.0242452 -0.0201227 -0.0124322 -0.0220989 -0.01191 -0.045344 -0.011162 -0.0246287 -0.0285761 -0.0107497 -0.0204973 -0.0123078 -0.0333049 -0.0113308 -0.00634549 -0.0211818 -0.0257729 -0.00706495 -0.0272551 -0.0359133 -0.00619611 -0.0517392 -0.0376691 8.52859e-06 0.00545882 -0.044629 -0.019905 0.00501689 0.00174831 -0.00245093 -0.0400228 -0.0513527 -0.0465449 -0.0481667 0.00307001 -0.0615202
internal_weight=325.451 103.734 221.717 171.724 115.982 104.734 55.7416 93.2359 86.237 69.4895 59.491 16.7475 53.242 44.9932 30.7454 20.2469 14.2478 35.2447 49.9924 68.4897 54.4918 13.9979 36.7444 26.496 12.2481 43.4934 33.245 12.7481 11.4983 40.9938 10.2485 14.2478 9.99849 25.7461 12.2481 25.2462 19.2471 17.7473 15.7476 11.2483 20.4969 14.9977 10.2485 12.4981 11.4983 11.2483 10.4984 13.498
internal_count=1302 415 887 687 464 419 223 373 345 278 238 67 213 180 123 81 57 141 200 274 218 56 147 106 49 174 133 51 46 164 41 57 40 103 49 101 77 71 63 45 82 60 41 50 46 45 42 54
is_linear=0
shrinkage=1


Tree=1
num_leaves=49
num_cat=0
split_feature=61 47 58 11 38 27 57 38 21 53 29 55 43 36 5 27 33 3 7 14 41 47 47 27 54 28 29 36 36 11 12 47 26 12 43 26 19 19 46 60 60 49 42 38 53 38 42 36
split_gain=8.84422 10.7411 6.99295 5.37777 7.00865 6.23451 7.03047 5.85776 5.21417 4.79429 5.84645 6.40098 8.23877 6.75598 5.24423 4.6989 4.6033 4.39561 5.29675 4.20896 4.0701 7.91091 7.01627 6.79456 5.44124 4.16749 3.65527 3.37663 3.97715 3.30479 3.23205 3.89699 5.74389 7.56176 2.52927 2.44612 2.43119 2.40124 2.23442 2.15032 1.86436 1.80787 1.57357 1.50469 1.33239 1.04739 0.815325 0.44441
threshold=539.50000000000011 0.53127291980679303 -0.86512814290664963 0.22940149207995086 0.34762130738776914 1.0971154853558547 -0.53341536697245817 0.58372351870288253 1.0000000180025095e-35 1.0000000180025095e-35 -0.62692831229483603 -1.2917112984834556 -0.36115749428672789 -1.0000000180025095e-35 0.13337926872661907 -0.79765227549896267 -0.49838272312647591 0.62349972148546029 0.29772498160720606 -1.5574943342464678 -0.82298946441785559 -0.54979814115499104 0.0098422348836151499 -0.48185764868982667 -0.60571475834715227 1.0000000180025095e-35 0.69998154674925861 -0.58356419606125043 0.14166428505324913 1.4580788228597004 0.13495174080804576 -0.58138774284641881 -0.65708718429410062 -0.023474622821704361 -0.36115749428672789 0.89442586254624989 -0.83677666185072963 0.22440828658725434 0.18815001256881556 588.00000000000011 377.00000000000006 -0.21787507833162553 -1.0000000180025095e-35 -0.20328385234749546 -1.0000000180025095e-35 0.45255562352781947 -1.0000000180025095e-35 1.0000000180025095e-35
decision_type=2 2 2 2 2 2 2 2 2 2 2 2 2 2 2 2 2 2 2 2 2 2 2 2 2 2 2 2 2 2 2 2 2 2 2 2 2 2 2 2 2 2 2 2 2 2 2 2
left_child=1 20 19 5 15 6 30 -6 -3 10 -8 -12 13 -13 -14 -5 -11 46 29 -2 22 36 -1 38 -25 -26 35 42 39 -19 31 -4 -33 -34 -35 -10 -22 -27 -23 -29 -30 -7 -21 -17 -38 -42 -9 -18
right_child=2 8 3 4 7 41 9 17 26 16 11 12 14 -15 -16 43 47 18 -20 27 21 23 -24 24 25 37 -28 28 40 -31 -32 32 33 34 -36 -37 44 -39 -40 -41 45 -43 -44 -45 -46 -47 -48 -49
leaf_value=0.027895777266807118 -0.0095960845642868182 0.00036126685823163133 -0.0065844368345674333 -0.00064001592379299465 -0.023869139531016575 -0.034911985754846671 -0.021610445943609478 0.026283833133330013 -0.042224052683091894 8.5305579316585951e-05 -0.015862122951129369 0.037425252589421955 -0.023501223294259108 -0.00091552223744489349 0.011064918168333319 0.012260268936122183 -0.033301751062118252 0 0.015669130797534632 0.038088095664107272 -0.0007422186504720316 -0.025240820946597839 -0.012073967271894789 -0.012558687072741631 0.0016154337333853894 0.040591551133037654 -0.0081827317811103348 0.0085586433249612934 0.0031529801211793661 -0.030880975262607493 -0.0096517241832042109 0.040470022952864892 -0.017171674223303089 0.0062877877694618644 0.033789605610764634 -0.013183430908133552 -0.010358086397297911 0.009715220409831922 0 -0.014870399019327686 0.009137657839142074 -0.007864319566072463 0.01044466526127912 0.036892899259407148 -0.035296488866362996 0.030522890675633355 0.0061254545286546901 -0.012897725076486295
leaf_weight=8.9999629855155927 5.2489245384931555 7.9963478147983542 5.9983837604522732 6.2485548257827785 6.2485733181238166 4.9969660639762878 8.2470211237668973 5.7494189441204071 11.493312448263174 7.9973188489675548 8.997210860252375 10.498056456446646 6.2473733425140434 5.7489941418170956 6.4981487244367599 6.7492309063673028 7.9971875101327878 5.4986763745546359 5.9987522065639487 6.9995515048503876 5.249157294631007 5.7478698939084989 4.9982950091361991 4.9991266578435889 8.7476489990949684 6.4997158497571927 9.2456944882869703 4.9995529204606992 7.4989268481731441 4.9989705383777618 5.248481184244155 6.2482988536357906 5.7483987957239213 7.9977888762950951 5.4989199787378205 6.496339112520217 5.9981428384780893 5.7496479451656342 4.9986080229282379 5.9994934797286987 6.2494318783283216 6.2468868494033796 5.2495344430208188 8.9984863996505702 6.4940095543861363 7.7490593791007996 5.2491243034601229 5.7479909807443619
leaf_count=36 21 32 24 25 25 20 33 23 46 32 36 42 25 23 26 27 32 22 24 28 21 23 20 20 35 26 37 20 30 20 21 25 23 32 22 26 24 23 20 24 25 25 21 36 26 31 21 23
internal_value=0 -0.00718081 0.00336981 0.000421871 0.00798878 -0.00321978 -0.000738665 -0.00057378 -0.0202699 -0.00646626 -0.000719062 0.00431281 0.0112427 0.0245896 -0.00614747 0.0205777 -0.0175947 0.00547439 -0.00406494 0.0130706 -7.10558e-05 -0.00391929 0.0134495 0.00395944 0.0122231 0.0188339 -0.0262387 0.0160843 0.00993044 -0.016391 0.00953995 0.0132137 0.0182014 0.00827876 0.0201518 -0.0338667 -0.0195847 0.0291761 -0.0145893 -0.00399175 0.0171103 -0.02305 0.0291095 0.028668 -0.0261451 0.0231713 0.0190329 -0.0272713
internal_weight=325.412 103.714 221.698 171.703 55.7398 115.963 104.72 33.7435 35.2317 67.9793 46.2368 37.9898 28.9926 16.2471 12.7455 21.9963 21.7425 27.4949 16.4964 49.9945 68.4822 54.4839 13.9983 36.7426 25.9961 20.997 27.2353 44.7456 32.4965 10.4976 36.7403 31.4918 25.4934 19.2451 13.4967 17.9897 17.7413 12.2494 10.7465 10.999 21.4974 11.2439 12.2491 15.7477 12.4922 13.9985 10.9985 13.7452
internal_count=1302 415 887 687 223 464 419 135 141 272 185 152 116 65 51 88 87 110 66 200 274 218 56 147 104 84 109 179 130 42 147 126 102 77 54 72 71 49 43 44 86 45 49 63 50 56 44 55
is_linear=0
shrinkage=0.03


Tree=2
num_leaves=45
num_cat=0
split_feature=61 47 59 61 47 27 27 37 20 21 20 62 60 30 55 38 16 45 32 45 35 40 20 38 4 34 29 38 30 26 28 45 34 61 59 5 26 43 20 45 58 56 61 25
split_gain=8.40753 10.1835 7.13648 5.94923 5.18005 6.98092 7.45205 5.09743 5.01549 4.96212 4.67009 8.17264 7.01287 4.44764 6.8282 4.40334 4.07459 5.21864 4.32239 7.19183 4.05491 5.78536 3.88702 3.88299 3.59412 3.49491 3.46651 3.26852 3.17624 3.14547 7.39854 2.93852 3.84723 2.88687 2.86708 2.52063 2.30472 1.75347 1.7427 1.92159 2.13712 1.21905 1.098 0.244206
threshold=539.50000000000011 0.53127291980679303 0.96460938344474589 683.00000000000011 1.7450716476449684 1.0000000180025095e-35 -1.4292415291172349 -0.72821099109817344 -0.78335924178487226 1.0000000180025095e-35 -0.52290629673791011 1.5000000000000002 455.50000000000006 0.67209193472438111 1.3757887341107966 0.34762130738776914 0.6906441773872819 0.4251055855895261 0.49270843597557074 1.1486819990835835 -0.28296255396532871 -0.70759867919738728 0.77935842849690051 0.19021983317769334 0.48688784879274855 -1.0382160691821412 0.69998154674925861 -1.3837949089230628 0.79490501965963112 0.3772548469327997 -0.73345830998104355 -1.288949678559453 0.50042948684101185 178.50000000000003 1.0000000180025095e-35 -0.36351565782939649 0.89442586254624989 -0.69932869713556955 -0.78335924178487226 0.85509108008387413 -0.86512814290664963 -0.7907934482379807 178.50000000000003 -0.30029935209855202
decision_type=2 2 2 2 2 2 2 2 2 2 2 2 2 2 2 2 2 2 2 2 2 2 2 2 2 2 2 2 2 2 2 2 2 2 2 2 2 2 2 2 2 2 2 2
left_child=1 13 3 4 5 6 27 -5 -9 -3 23 22 -13 15 42 20 17 24 19 -19 21 -1 -12 -7 29 -4 36 -2 -24 30 -8 -25 -33 -22 -17 -18 -11 -23 -27 40 -40 -32 -15 -10
right_child=2 9 25 7 -6 10 16 8 43 26 11 12 -14 14 -16 34 35 18 -20 -21 33 37 28 31 -26 38 -28 -29 -30 -31 41 32 -34 -35 -36 -37 -38 -39 39 -41 -42 -43 -44 -45
leaf_value=0.01100598508694171 0 0.00035213854286293104 -0.0032582354311002783 -0.0056159386863170969 -0.024633571897684111 0.0013907153114370199 -0.0052477122039506661 -0.00067990347296788072 0.016685014348965597 -0.041154664718116546 0.026198405606355498 -0.033838779137416453 0.0027741607647528291 0.010010937149097071 -0.011962826722596489 -0.0020938692594223893 0.0061690149417179827 -0.026350548212654798 0.017486945520028288 0.011058510639789318 0.02644378876728791 -0.0041733085935563132 -0.014143503326036361 0 0.036479965693353156 0.0037757487068951845 -0.0079727697709725317 -0.030597621993943423 0.014952082941040593 -0.0052280869081336966 0.013085062331119949 -0.035482263307876877 -0.0079239912633885853 0 -0.03020611571690596 -0.01686096579082761 -0.012865655023288429 -0.027598540896963217 0.043434215492151679 0.0083728109103520642 0.013713424125676018 0.035354384259993724 0.031975174978654 0.040072673969193721
leaf_weight=8.2456510663032514 5.4977760910987854 7.9964043498039237 5.999069169163703 6.9963334649801281 6.4969793111085883 9.7450126409530622 7.9964633136987677 5.2473322153091493 5.498344168066982 11.477398738265043 9.2470885217189807 6.9958130568265942 9.4956496059894544 6.9972192198038119 6.2448132187128058 6.4945949465036374 7.4976977854967117 7.7470647245645541 7.7478361129760733 7.747066468000412 5.7475250214338285 6.2456701099872554 5.24788750708103 4.9967215210199383 7.7481536120176306 5.9974710047245052 9.2440310120582563 4.997798338532446 5.248711958527565 5.7490399330854407 7.4971262365579632 11.493131607770922 9.7453594803810102 7.9975139945745468 6.9956758320331573 6.4950000494718534 6.4941733926534644 7.2461290508508736 6.2485708445310619 7.2473194301128379 6.9971541017293921 9.7473147511482292 6.2475095093250275 6.2486390918493182
leaf_count=33 22 32 24 28 26 39 32 21 22 46 37 28 38 28 25 26 30 31 31 31 23 25 21 20 31 24 37 20 21 23 30 46 39 32 28 26 26 29 25 29 28 39 25 25
internal_value=0 -0.00700615 0.00328227 0.000966491 -0.00107206 7.68031e-05 0.00581906 0.0144749 0.0228551 -0.019755 -0.0066959 0.000796098 -0.0139502 -8.0333e-05 0.0114411 -0.00498811 0.00919061 0.0124656 0.000820871 -0.00796784 0.000583992 -0.00716279 0.0135111 -0.014131 0.0190121 0.0159517 -0.0255816 -0.0161834 0 0.0129774 0.0174091 -0.0198762 -0.0244578 0.0127282 -0.0186362 -0.00473103 -0.0330189 -0.0186572 0.0204579 0.0244767 0.031133 0.0278146 0.0229772 0.0327075
internal_weight=325.335 103.674 221.661 189.171 165.181 158.684 86.4683 23.9906 16.9943 35.212 72.2154 36.2352 16.4915 68.4623 19.4895 48.9728 75.9728 61.9801 23.242 15.4941 35.4825 21.7375 19.7437 35.9802 38.7381 32.4896 27.2156 10.4956 10.4966 30.9899 25.2409 26.2352 21.2385 13.745 13.4903 13.9927 17.9716 13.4918 26.4905 20.493 13.2457 17.2444 13.2447 11.747
internal_count=1302 415 887 757 661 635 346 96 68 141 289 145 66 274 78 196 304 248 93 62 142 87 79 144 155 130 109 42 42 124 101 105 85 55 54 56 72 54 106 82 53 69 53 47
is_linear=0
shrinkage=0.03


Tree=3
num_leaves=47
num_cat=0
split_feature=61 47 59 61 54 2 32 44 57 52 27 54 37 27 21 26 38 44 30 55 38 54 35 40 41 47 45 45 30 45 61 59 16 47 37 49 23 49 24 54 18 47 49 47 55 49
split_gain=7.98816 9.67402 6.80142 5.66448 5.04823 6.27004 8.34079 5.76813 6.91402 6.82888 5.34868 4.94695 4.85879 4.85817 4.72544 4.29419 5.88389 4.28093 4.23315 6.50899 4.19685 4.16998 3.8645 5.50732 3.64949 3.9265 3.53312 5.06937 3.35952 3.07706 2.74948 2.72411 2.60046 6.60496 3.36636 2.30759 2.07873 2.06839 3.32304 2.02553 1.88731 1.88412 1.79615 1.77024 1.51856 0.610919
threshold=539.50000000000011 0.53127291980679303 0.96460938344474589 683.00000000000011 -0.4723578807169187 -0.35857944629892996 -1.2638829667634408 -0.72427658899969927 -0.53341536697245817 0.97929990741693074 1.0000000180025095e-35 -0.16054959480779604 -0.72821099109817344 0.46552623173758206 1.0000000180025095e-35 -1.1003766262484866 0.19021983317769334 -0.72427658899969927 0.67209193472438111 1.3757887341107966 0.34762130738776914 -1.0608067291902026 -0.28296255396532871 -0.70759867919738728 -0.5581323858722288 -0.53071047836002472 -0.19288468436626258 0.75981295586867936 -0.80166508449861673 0.11323883591226834 178.50000000000003 1.0000000180025095e-35 -0.98115679616684737 0.49723720331317228 -0.49493867252790907 -1.0000000180025095e-35 -0.38769179387213526 -0.64221816283091693 1.0000000180025095e-35 0.56201386931819386 0.6104483411779974 0.3473878685398229 -0.43004662058127124 -0.047745452618208763 -0.20230770060363359 -1.0000000180025095e-35
decision_type=2 2 2 2 2 2 2 2 2 2 2 2 2 2 2 2 2 2 2 2 2 2 2 2 2 2 2 2 2 2 2 2 2 2 2 2 2 2 2 2 2 2 2 2 2 2
left_child=1 18 3 4 5 6 -2 26 9 10 41 -10 -5 15 -3 -7 21 -14 20 42 22 -17 23 -1 25 -4 -6 -28 39 -12 -24 -22 -13 34 35 -34 -25 -26 -39 -16 -8 -9 -20 -36 -35 -19
right_child=2 14 24 12 7 13 40 8 11 -11 29 32 17 -15 28 16 -18 45 19 -21 31 -23 30 36 37 -27 27 -29 -30 -31 -32 -33 33 44 43 -37 -38 38 -40 -41 -42 -43 -44 -45 -46 -47
leaf_value=0.010725211039575763 -0.0072269407781983593 0.00034324012597506932 0.017530460253610467 -0.0054776253728582988 -0.0069618669041205967 0.021706501538746578 0.010574989187652767 0.030127434294348769 -0.033010865944351056 -0.024147011369464181 -0.017156649242279842 -0.027349898723767099 0 -0.019932288860316009 -0.021745502802741595 -0.031588841800953379 0.019473923739177352 0.014683247816069557 0.0051440485175449089 -0.011675722694806342 -0.0020429066425807583 0.00012778151397200877 0.025814055692398696 -0.029734221434622319 0.003874549710256912 -0.011886167164307494 0.031606348835175872 -0.00041369505956621438 -0.03392609424271089 0.0088498656183918709 0 -0.029478578177286496 -0.034011458207272569 0 0.0065593567895890492 -0.0062806409108139075 -0.0049066373544130503 0.0097830085179358324 0.04193036051336918 0.00074912941494519882 0.03616861362753232 0.004127799632665281 0.030539149381393467 -0.013655348151568967 0.022653439825111536 0.039600566265706065
leaf_weight=8.2469158023595792 7.7450996637344387 7.9964589625596991 6.4968480169773102 6.995690822601321 8.2444595992565173 7.2464321404695502 6.4965067505836513 7.7479708492755943 10.241339996457098 5.497136563062667 6.4935720115900022 5.2461896240711203 5.4974857568740889 8.7396177649497968 5.2398827821016329 5.2453134953975695 5.2467255443334571 5.2477510422468221 5.2466289699077615 6.2433269470930091 6.4943348467349988 7.494428843259815 5.7476886212825757 5.992995217442509 4.9986658692359933 6.7462147325277311 7.2470063865184775 8.2464690804481489 15.452834129333494 6.7469422072172165 7.9975139945745468 6.9903741329908371 7.240976437926288 4.9969152510166168 7.4947364926338196 5.9957049190998104 7.4934345185756737 6.9965913593769073 7.247520700097084 6.4930158406496048 10.245857641100882 4.9965518414974213 7.9958286136388788 5.2455619871616381 4.998609393835066 6.2479152381420064
leaf_count=33 31 32 26 28 33 29 26 31 41 22 26 21 22 35 21 21 21 21 21 25 26 30 23 24 20 27 29 33 62 27 32 28 29 20 30 24 30 28 29 26 41 20 32 21 20 25
internal_value=0 -0.0068266 0.00320369 0.000941775 -0.00104696 0.0059005 0.0170305 -0.00493861 -0.00867871 0.00219257 0.00899673 -0.0153165 0.0141237 -0.00233383 -0.0192589 0.0043135 -0.00351742 0.0223073 -7.47795e-05 0.0111643 -0.00486535 -0.0144614 0.000570453 -0.00698944 0.015573 0.00245353 0.00763094 0.0156783 -0.0249503 -0.00394549 0.012429 -0.0181929 -0.00977495 -0.00605952 -0.0139566 -0.0237754 -0.0182115 0.0234823 0.0289574 -0.0101697 0.0282526 0.0218634 0.0224318 -0.00190398 0.013085 0.0316952
internal_weight=325.246 103.631 221.615 189.129 165.14 58.46 24.4875 106.68 82.9422 31.4822 25.985 51.46 23.9888 33.9725 35.1822 25.2329 17.9865 16.9932 68.449 19.4858 48.9633 12.7397 35.4785 21.7333 32.4858 13.2431 23.7379 15.4935 27.1857 13.2405 13.7452 13.4847 41.2187 35.9725 25.977 13.2367 13.4864 19.2428 14.2441 11.7329 16.7424 12.7445 13.2425 12.7403 9.99552 11.4957
internal_count=1302 415 887 757 661 234 98 427 332 126 104 206 96 136 141 101 72 68 274 78 196 51 142 87 130 53 95 62 109 53 55 54 165 144 104 53 54 77 57 47 67 51 53 51 40 46
is_linear=0
shrinkage=0.03


Tree=4
num_leaves=50
num_cat=0
split_feature=61 47 59 61 47 27 27 57 42 44 24 42 37 12 46 60 33 39 54 32 32 45 44 30 55 40 49 45 37 33 47 30 47 54 37 47 49 58 24 54 47 49 46 46 46 49 30 54 42
split_gain=7.58715 9.1699 6.47896 5.3997 4.90499 6.40156 7.04093 5.92275 5.89075 8.746 5.5206 5.04634 4.63556 4.53854 4.42618 5.06379 9.40372 7.79414 10.331 4.08467 6.90982 4.08354 4.08252 4.0255 6.19989 3.74257 3.71433 3.70567 4.45926 3.5841 3.56565 7.85866 5.90551 4.40376 3.07774 2.84361 2.56528 2.10731 2.04754 1.96125 1.79472 1.69826 1.6874 1.90569 1.6125 0.570713 0.340004 0.321684 0.125772
threshold=539.50000000000011 0.53127291980679303 0.96460938344474589 683.00000000000011 1.7450716476449684 1.0000000180025095e-35 -1.4292415291172349 -0.53341536697245817 0.14103424901039199 -0.72427658899969927 -0.25240541481691664 -0.29346247622252436 -0.72821099109817344 -0.066196287793553035 0.066451277236673573 455.50000000000006 0.43915645767275274 -0.37082720872316616 0.43496924799104514 1.0000000180025095e-35 -0.76199970883800894 0.18868675396920667 -0.72427658899969927 0.67209193472438111 1.3757887341107966 -0.70759867919738728 -0.21787507833162553 -0.77255442771588156 0.12712084365946241 1.0418602167579714 0.028260152439941386 1.0000000180025095e-35 -0.39036754211915414 -0.62281206446450066 0.81721811942982814 0.90351028608330408 1.0000000180025095e-35 -1.0000000180025095e-35 1.0000000180025095e-35 0.21943145645234743 1.6722851876024594 -0.43004662058127124 0.80627713732839335 -0.75380549058670665 0.87999503513432964 -1.0000000180025095e-35 -0.55603891462811739 0.50664527014842109 -0.29346247622252436
decision_type=2 2 2 2 2 2 2 2 2 2 2 2 2 2 2 2 2 2 2 2 2 2 2 2 2 2 2 2 2 2 2 2 2 2 2 2 2 2 2 2 2 2 2 2 2 2 2 2 2
left_child=1 23 3 4 5 6 34 10 11 -10 48 27 -5 -3 19 16 21 -17 -19 20 -7 -16 -14 25 41 -1 -12 -9 -29 42 31 33 -33 -27 -2 -15 -21 -35 -32 -28 -37 -25 43 -4 -20 -24 -13 -11 -8
right_child=2 13 29 12 -6 14 7 8 9 47 26 46 22 35 15 17 -18 18 44 36 -22 -23 45 24 -26 30 39 28 -30 -31 38 32 -34 37 -36 40 -38 -39 -40 -41 -42 -43 -44 -45 -46 -47 -48 -49 -50
leaf_value=0.011217737381084896 -0.02978580564862526 -0.00021117233040784337 0.0054117303451510406 -0.005342778121480693 -0.02396011318901951 -0.022462899852035763 0.018742596465953516 0.016852518570555391 0.014910843340672804 -0.032937611042814077 0.024231718237905452 0.032093232867785128 0 -0.036740043228966797 -0.039697782795119943 -0.014356588989604461 0.012383457036511336 0.042287785859854744 0.0089098123041385455 -0.04074063111230436 0.016022064087376411 -0.0043018082801515476 0.014341236332372458 0.0050243419193565612 -0.011396111413086598 0.029066771737137245 -0.01466913153263313 0.0079711321480089078 -0.022091427156191199 -0.0033727249935867334 -0.032955754446349017 -0.034210864687592199 0.004391228544948997 -0.012343421729213086 0 -0.0039747481724680929 -0.0098024355114752892 0.010897536156599967 -0.0049349149408317678 0.0082699494012181893 -0.025880194432665753 0.029780078746741687 0.0045841609910778338 0.029900673182320134 -0.012123078808026115 0.038662153879340314 0.012519106434941992 -0.01202493726285382 0.044596651449079996
leaf_weight=8.9973618388175947 4.9920807927846891 9.4814338237047178 5.2459405660629299 6.9949578493833569 6.491062104701995 6.9889775365591049 5.245776578783989 6.9948341399431202 5.9961004257202175 5.7423340231180173 5.4966422617435464 5.2447974681854248 5.4974857568740889 10.701147302985193 6.984710708260538 7.9911370426416424 7.9926852136850348 7.4962737411260632 4.9975885897874814 5.7382574230432493 6.746120288968088 5.7435691505670547 5.247487828135494 5.2462264895439157 6.241447150707244 5.4948964267969123 5.2463874816894496 7.2446747273206711 7.493045911192894 6.4964653700590125 5.7426375448703748 7.4843995124101639 4.9945537447929365 5.7408589124679557 5.4971128851175308 9.7260799556970579 6.4958868771791458 5.2461687028408113 5.2451415657997131 4.9980816543102264 5.2367009222507468 7.9919309765100488 6.7464338093996039 13.989980146288874 4.9955124855041504 6.2440336197614599 6.2440861016511935 4.9954228103160858 4.9978648126125353
leaf_count=36 20 38 21 28 26 28 21 28 24 23 22 21 22 43 28 32 32 30 20 23 27 23 21 21 25 22 21 29 30 26 23 30 20 23 22 39 26 21 21 20 21 32 27 56 20 25 25 20 20
internal_value=0 -0.00665091 0.00312673 0.00091789 -0.00102338 9.35721e-05 0.00559463 0.00887473 0.00250173 -0.0112362 0.0201032 0.00978089 0.0137896 -0.0187625 -0.00639265 -0.000568401 -0.0112701 0.00805466 0.0189358 -0.0159392 -0.0034504 -0.0262846 0.0217859 -7.52162e-05 0.0108841 -0.00474969 0.00721043 0.000611 -0.00757275 0.0152007 -0.0087665 -0.00260617 -0.0195183 0.0104248 -0.0157915 -0.0250052 -0.0276151 -0.000789648 -0.0222596 -0.00333986 -0.0136652 0.0218864 0.0199936 0.0243861 -0.00129237 0.0309562 0.0245911 -0.0263653 0.0359528
internal_weight=325.125 103.571 221.554 189.075 165.091 158.6 86.4292 75.94 49.9553 16.7339 25.9848 33.2214 23.984 35.1454 72.1707 46.2015 20.721 25.4805 17.4894 25.9692 13.7351 12.7283 16.989 68.4256 19.4796 48.946 15.7411 21.7326 14.7377 32.4788 39.9487 28.9609 12.479 16.4819 10.4892 25.6639 12.2341 10.987 10.9878 10.2445 14.9628 13.2382 25.9824 19.2359 9.9931 11.4915 11.4889 10.7378 10.2436
internal_count=1302 415 887 757 661 635 346 304 200 67 104 133 96 141 289 185 83 102 70 104 55 51 68 274 78 196 63 87 59 130 160 116 50 66 42 103 49 44 44 41 60 53 104 77 40 46 46 43 41
is_linear=0
shrinkage=0.03


Tree=5
num_leaves=49
num_cat=0
split_feature=33 47 33 54 20 55 27 34 45 14 37 29 54 54 18 19 18 19 57 14 55 47 40 54 47 54 40 58 20 45 31 62 30 47 1 47 57 40 47 14 55 55 45 52 28 54 45 45
split_gain=7.0617 5.91662 7.37693 6.34294 5.85543 8.54418 5.89868 5.44036 5.29075 5.44896 5.11656 6.17635 6.06357 5.93468 4.36245 9.82614 6.23385 8.6734 7.57835 6.44462 10.0465 4.33343 5.91775 4.22087 4.11414 4.00804 3.89014 5.20731 3.32458 3.01664 6.16427 2.99963 2.94243 3.15413 2.56118 2.5353 1.98912 1.91304 1.84913 1.68191 1.43877 4.58252 1.40358 1.3767 1.0587 1.04049 0.937359 2.2196
threshold=-1.670306699125512 1.7740238188030053 -0.73276751832628306 1.3826237209403927 -0.52290629673791011 1.3036204329910777 -1.4292415291172349 -1.3621414493975419 0.91126484297947463 -0.03022462494387566 0.12712084365946241 0.45872520874124129 0.60601681016401943 -0.075598054426666741 0.7046515684082777 0.22440828658725434 0.67085607623978161 0.22440828658725434 -0.53341536697245817 0.1549347547070162 -0.12411290261458172 -0.17896078405494417 -0.44071492415997487 0.029455484057407031 -0.64949156356941007 -0.81821171620699318 0.71578134766881263 1.0000000180025095e-35 1.0398113735438628 0.36635290938184656 1.6060261427938023 1.5000000000000002 0.54927884978913133 -0.58138774284641881 0.33981754146558313 0.93426528338375048 -0.53341536697245817 1.8277969936580314 -0.4278994099632914 -0.60212430247313675 -0.6351701844766906 -0.17319410999645538 -0.090877484683488455 -1.0000000180025095e-35 -1.0000000180025095e-35 -0.29480914197935176 -0.090877484683488455 0.59621424347698448
decision_type=2 2 2 2 2 2 2 2 2 2 2 2 2 2 2 2 2 2 2 2 2 2 2 2 2 2 2 2 2 2 2 2 2 2 2 2 2 2 2 2 2 2 2 2 2 2 2 2
left_child=35 3 -3 4 5 7 43 36 9 34 12 -12 13 26 16 -16 17 18 25 20 39 32 -23 -10 -15 -8 27 -11 46 -5 -31 -22 33 -20 40 -1 -2 -7 -17 -19 -9 -42 -21 -6 -24 -13 -27 -48
right_child=1 2 -4 29 6 37 14 8 23 10 11 45 -14 24 15 38 -18 19 21 42 31 22 44 -25 -26 28 -28 -29 -30 30 -32 -33 -34 -35 -36 -37 -38 -39 -40 -41 41 -43 -44 -45 -46 -47 47 -49
leaf_value=-0.030848815242974587 0.0013430693859713939 0.0027046259947053441 -0.039993431606207511 -0.00036587087031045762 -0.0030140677802526069 -0.0345288252159517 -0.0080830680234165921 -0.036689574257274093 -0.0062494900317401373 0.014147765332699094 -0.0093382858491375363 0.03281931843069559 -0.028931919930278896 -0.0071051230038418674 0.038851171269704936 -0.012628367634592198 -0.019690038127175243 0.033708869069027265 -0.022735813555749617 0.039193554015107483 0.0038294977751167302 0 -0.040471129769460192 0.023323295314973978 0.023472115342775237 0.0081153372865167862 -0.026983688852368851 -0.018615422444553765 0 0.041705054918197954 0.0033720387585336 -0.022972920898546734 0.013298131722652597 0.0053275456518551423 -0.0021532973157564347 -0.0026691947299040618 0.02717324158894947 -0.0078646642405696271 0.0090305810782800432 0.0075474404204809312 0.0045428955918212482 -0.030558483345016776 0.012944560079520603 -0.023618823279095643 -0.014179017717013433 0.0093946937767088352 0.041042975466798852 0.0099286319939906349
leaf_weight=7.2369942367076856 5.242014542222023 6.7371036559343338 5.4863471984863263 5.7442700713872936 7.2355333417654037 7.7278364151716215 6.737418711185458 5.735550701618199 5.9892564862966529 7.7376118451356835 6.9847778528928783 5.4943809360265741 7.7385734617710105 4.9924566596746436 9.4809125512838381 4.9942445009946823 7.7415891438722602 6.7374458163976669 5.2399858683347702 9.2389827370643598 5.4949151128530502 9.4839828610420174 5.7330889850854811 9.2403022944927198 9.2346984297037249 5.494224414229401 7.2339719682931891 6.738709032535553 7.9837539047002783 6.9939514398574811 7.9895937740802765 6.981584370136261 8.734511658549307 6.2439599484205193 7.4881532788276663 5.4915269613265991 5.9915833175182325 5.7373752593994141 6.242998927831648 5.4923600554466248 5.4918696731329 5.2363068461418045 5.7438282370567313 5.4922497868537885 5.9904624372720976 5.7416753172874424 5.2396039366722 5.7422259747982025
leaf_count=29 21 27 22 23 29 31 27 23 24 31 28 22 31 20 38 20 31 27 21 37 22 38 23 37 37 22 29 27 32 28 32 28 35 25 30 22 24 23 25 22 22 21 23 22 24 23 21 23
internal_value=0 0.000932718 -0.0182993 0.00182335 0.000570418 -0.00417663 0.00450161 -0.00126563 -0.00359402 -0.00655263 -0.00160028 0.0110721 -0.00721187 -0.00140271 0.00633454 0.0186574 0.00395458 0.00587512 -0.000275152 0.0168748 0.00642554 -0.00863535 -0.0176505 0.0118171 0.0127065 0.0105295 -0.0111308 -0.00104376 0.0160583 0.0172572 0.0237959 -0.0115952 0.00111044 -0.0081626 -0.0182663 -0.0206759 0.0171692 -0.0254955 -0.000477963 0.024505 -0.0244692 -0.013746 0.0315885 -0.0138798 -0.0306225 0.0238366 0.0232131 0.0284028
internal_weight=324.957 312.228 12.2235 300.005 279.277 125.777 153.5 112.312 101.078 85.8487 61.8969 18.2208 43.676 35.9374 140.772 20.7182 120.054 112.312 72.6232 39.6891 24.7063 41.426 21.2075 15.2296 14.2272 31.1972 21.7103 14.4763 24.4598 20.7278 14.9835 12.4765 20.2185 11.4839 23.9519 12.7285 11.2336 13.4652 11.2372 12.2298 16.4637 10.7282 14.9828 12.7278 11.7236 11.2361 16.4761 10.9818
internal_count=1302 1251 49 1202 1119 504 615 450 405 344 248 73 175 144 564 83 481 450 291 159 99 166 85 61 57 125 87 58 98 83 60 50 81 46 96 51 45 54 45 49 66 43 60 51 47 45 66 44
is_linear=0
shrinkage=0.03


end of trees

feature_importances:
Column_47=30
Column_54=18
Column_45=15
Column_55=12
Column_61=12
Column_27=11
Column_37=9
Column_38=9
Column_49=9
Column_30=8
Column_46=8
Column_19=7
Column_20=7
Column_12=6
Column_40=6
Column_42=6
Column_26=5
Column_29=5
Column_33=5
Column_41=5
Column_44=5
Column_57=5
Column_58=5
Column_59=5
Column_14=4
Column_16=4
Column_28=4
Column_32=4
Column_36=4
Column_39=4
Column_53=4
Column_60=4
Column_11=3
Column_18=3
Column_21=3
Column_24=3
Column_34=3
Column_35=3
Column_43=3
Column_52=3
Column_5=2
Column_31=2
Column_62=2
Column_1=1
Column_2=1
Column_3=1
Column_4=1
Column_7=1
Column_23=1
Column_25=1
Column_56=1

parameters:
[boosting: gbdt]
[objective: binary]
[metric: binary_logloss]
[tree_learner: serial]
[device_type: cpu]
[data_sample_strategy: bagging]
[data: ]
[valid: ]
[num_iterations: 1400]
[learning_rate: 0.03]
[num_leaves: 160]
[num_threads: 2]
[seed: 42]
[deterministic: 0]
[force_col_wise: 1]
[force_row_wise: 0]
[histogram_pool_size: -1]
[max_depth: 14]
[min_data_in_leaf: 20]
[min_sum_hessian_in_leaf: 0.001]
[bagging_fraction: 0.85]
[pos_bagging_fraction: 1]
[neg_bagging_fraction: 1]
[bagging_freq: 0]
[bagging_seed: 400]
[bagging_by_query: 0]
[feature_fraction: 0.8]
[feature_fraction_bynode: 1]
[feature_fraction_seed: 30056]
[extra_trees: 0]
[extra_seed: 12879]
[early_stopping_round: 0]
[early_stopping_min_delta: 0]
[first_metric_only: 0]
[max_delta_step: 0]
[lambda_l1: 0.2]
[lambda_l2: 1.5]
[linear_lambda: 0]
[min_gain_to_split: 0]
[drop_rate: 0.1]
[max_drop: 50]
[skip_drop: 0.5]
[xgboost_dart_mode: 0]
[uniform_drop: 0]
[drop_seed: 17869]
[top_rate: 0.2]
[other_rate: 0.1]
[min_data_per_group: 100]
[max_cat_threshold: 32]
[cat_l2: 10]
[cat_smooth: 10]
[max_cat_to_onehot: 4]
[top_k: 20]
[monotone_constraints: ]
[monotone_constraints_method: basic]
[monotone_penalty: 0]
[feature_contri: ]
[forcedsplits_filename: ]
[refit_decay_rate: 0.9]
[cegb_tradeoff: 1]
[cegb_penalty_split: 0]
[cegb_penalty_feature_lazy: ]
[cegb_penalty_feature_coupled: ]
[path_smooth: 0]
[interaction_constraints: ]
[verbosity: -1]
[saved_feature_importance_type: 0]
[use_quantized_grad: 0]
[num_grad_quant_bins: 4]
[quant_train_renew_leaf: 0]
[stochastic_rounding: 1]
[linear_tree: 0]
[max_bin: 255]
[max_bin_by_feature: ]
[min_data_in_bin: 3]
[bin_construct_sample_cnt: 200000]
[data_random_seed: 175]
[is_enable_sparse: 1]
[enable_bundle: 1]
[use_missing: 1]
[zero_as_missing: 0]
[feature_pre_filter: 1]
[pre_partition: 0]
[two_round: 0]
[header: 0]
[label_column: ]
[weight_column: ]
[group_column: ]
[ignore_column: ]
[categorical_feature: ]
[forcedbins_filename: ]
[precise_float_parser: 0]
[parser_config_file: ]
[objective_seed: 16083]
[num_class: 1]
[is_unbalance: 0]
[scale_pos_weight: 1]
[sigmoid: 1]
[boost_from_average: 1]
[reg_sqrt: 0]
[alpha: 0.9]
[fair_c: 1]
[poisson_max_delta_step: 0.7]
[tweedie_variance_power: 1.5]
[lambdarank_truncation_level: 30]
[lambdarank_norm: 1]
[label_gain: ]
[lambdarank_position_bias_regularization: 0]
[eval_at: ]
[multi_error_top_k: 1]
[auc_mu_weights: ]
[num_machines: 1]
[local_listen_port: 12400]
[time_out: 120]
[machine_list_filename: ]
[machines: ]
[gpu_platform_id: -1]
[gpu_device_id: -1]
[gpu_device_id_list: ]
[gpu_use_dp: 0]
[num_gpu: 1]

end of parameters

pandas_categorical:null
