tree
version=v4
num_class=3
num_tree_per_iteration=3
label_index=0
max_feature_idx=62
objective=multiclass num_class:3
feature_names=Column_0 Column_1 Column_2 Column_3 Column_4 Column_5 Column_6 Column_7 Column_8 Column_9 Column_10 Column_11 Column_12 Column_13 Column_14 Column_15 Column_16 Column_17 Column_18 Column_19 Column_20 Column_21 Column_22 Column_23 Column_24 Column_25 Column_26 Column_27 Column_28 Column_29 Column_30 Column_31 Column_32 Column_33 Column_34 Column_35 Column_36 Column_37 Column_38 Column_39 Column_40 Column_41 Column_42 Column_43 Column_44 Column_45 Column_46 Column_47 Column_48 Column_49 Column_50 Column_51 Column_52 Column_53 Column_54 Column_55 Column_56 Column_57 Column_58 Column_59 Column_60 Column_61 Column_62
feature_infos=[-1.67808261400953:6.3026230746729279] [-2.2213540610611453:8.3008124372084797] [-1.7022998212048253:6.1777409413435507] [-1.655026733146244:6.1832034414477022] [-2.2184953180396487:8.1300666882193813] [-1.6999260914244319:6.0930030810246825] [-2.3024612191076308:4.2996899306814003] [-2.5944045089774126:7.1132570051130335] [-2.6400629400606248:3.939972755804678] [-2.9330037671545934:3.0039568205568119] [-6.0951976225284881:2.9870270913518273] [-2.5214472271692934:3.9059625234949604] [-1.5095495422863885:2.0032278084287802] [-2.9995701927975706:3.3152226295595604] [-2.4727165390569823:3.8102220929964656] [-2.9995701927975706:3.3152226295595604] [-6.2495774473275505:3.0875017450703179] [-2.4727165390569823:3.8102220929964656] [-6.2056795667234823:0.82753994232640327] [-1.7671592284764692:1.6911282332601945] [-1.4410471688091424:1.4114112373169236] [-2.1646668076881941:1.1302440981379982] [-1.6174783344334629:0.61824630272421499] [-2.1503465330782445:2.6614193543152238] [-2.3481032357082996:3.7651786000077978] [-2.3270721609125458:3.5667239113065961] [-3.505013916720205:3.3386216683062333] [-2.1594897424825561:2.4855935490734233] [-2.385789328033614:3.9172950685791341] [-2.2928901230467091:3.926509005894709] [-3.1940727132999767:3.5980347923534146] [-2.6033146859148952:2.9713041370666078] [-2.3059738276670245:4.12759680995467] [-2.9453093476072176:3.3614710471234583] [-2.9995707792032125:3.0237243436054531] [-2.6073062741660604:2.845102167660694] [-2.6530168654957782:3.6984695324026036] [-2.7113653440798218:3.3797639952918814] [-2.969434549491007:3.6509544201693833] [-2.3852040397564185:2.9219024660532424] [-2.5985546880294779:2.8914622999231567] [-2.5140709556882781:2.2106596820792603] [-3.0943424120048602:3.0601785405945123] [-1.9044506560885039:3.0531240994455846] [-3.4510808042877725:4.4598702886166661] [-2.7114226026492223:2.288161381504445] [-2.6996398069572023:3.4356951362023498] [-3.4377119655090564:3.3201809489426952] [-3.3773208149070935:2.7320090006621771] [-0.94434686046110694:4.8501249309192094] [-0.93077757534431949:4.5938896683173995] [-10.742986795327068:5.6640681834346331] [-4.8091027998760874:4.3433844034095781] [-3.9926756573955444:3.8240352472087471] [-2.5225483712118901:2.871363245311485] [-2.5108450610853961:2.7661759526496357] [-1.3971985177415813:3.0745668231687704] [-1.1324307857642566:2.8381673181676628] [-1.4819771864534532:3.1024219383078604] [-2.905297372831773:2.9688338947051318] [2:815] [2:815] [0:2]
tree_sizes=3804 4089 3403

Tree=0
num_leaves=36
num_cat=0
split_feature=47 19 41 46 18 20 40 56 47 46 12 20 39 42 32 31 41 45 32 61 54 24 54 26 32 47 12 46 18 42 20 16 4 9 16
split_gain=21.8243 6.43628 6.09708 6.0289 4.34533 4.46686 3.99286 3.94798 3.85806 3.1973 3.94599 3.95161 3.20149 3.87894 3.07834 3.02171 2.4561 2.24661 2.18762 2.90722 2.18094 2.16622 1.98069 1.83216 1.82355 1.69682 1.68059 1.95679 1.66955 1.53105 1.44999 1.21953 1.14031 1.12576 0.885073
threshold=-0.1732880804139694 1.1409461370748164 0.16327640571332724 -1.215255829479853 0.42701179439237852 0.76312523592463599 -0.31104760971588008 -0.95002198365054602 1.1753113109912592 1.7133034273354095 -1.2208317638255701 1.2817540370384664 -0.6377421415020178 -0.75562445001709866 -1.5122216061422697 1.0098641808323756 0.47825844823116309 1.390806868991419 -0.25892862478739403 552.00000000000011 1.0727479333772363 -0.62874271941314719 0.10073850368201019 -0.46339810115289876 -0.50958722105836907 0.56703661238866299 -0.06120317627987349 0.59871790182323481 0.62875584617179292 -0.75562445001709866 0.76312523592463599 0.19081953664637422 -0.74581534022586327 0.70303438657715334 -0.27172186824854389
decision_type=2 2 2 2 2 2 2 2 2 2 2 2 2 2 2 2 2 2 2 2 2 2 2 2 2 2 2 2 2 2 2 2 2 2 2
left_child=9 3 -3 6 5 8 7 -2 16 10 28 12 14 -14 -12 30 24 22 23 -20 -4 -9 -7 -15 -5 -18 -16 -28 -1 -29 32 -21 -6 -26 -23
right_child=1 2 20 4 15 17 -8 21 -10 -11 11 -13 13 18 26 -17 25 -19 19 31 -22 34 -24 -25 33 -27 27 29 -30 -31 -32 -33 -34 -35 -36
leaf_value=-1.0487258732147864 -1.0418531473049346 -1.0407647954760488 -1.0062343086410768 -1.0343948262011788 -1.0472557545585282 -1.0512142667226918 -1.0450431562909976 -1.0343663974626878 -1.0459104771353409 -1.065035126659341 -1.0363326589477546 -1.030171587405994 -1.0244078873557643 -1.0477990132569988 -1.0418531473049346 -1.0343663974626878 -1.0477990132569988 -1.0591046732925882 -1.0348683960036127 -1.0440574978061441 -1.0312765578895662 -1.0276847197755195 -1.0334581662104603 -1.0292055455794429 -1.0061336910912397 -1.0293455167070504 -1.0659970526395119 -1.0591046732925882 -1.0662182275802004 -1.0412155176215865 -1.0418531473049346 -1.0600663975896074 -1.065035126659341 -1.0277958766907975 -1.0067746428568038
leaf_weight=12.33408558368683 7.1948832571506491 11.306245118379595 13.704539537429811 9.9357911646366102 7.8801102340221432 8.2227237224578911 8.222723722457884 7.5374967455863944 11.991472095251082 10.278404653072355 7.1948832571506491 11.648858606815336 7.5374967455863944 6.8522697687149074 7.1948832571506491 7.5374967455863944 6.852269768714903 7.1948832571506491 6.852269768714911 7.8801102340221432 6.8522697687149039 6.8522697687149074 11.991472095251082 9.2505641877651161 6.8522697687149074 7.8801102340221405 17.130674421787262 7.1948832571506527 12.676699072122572 9.9357911646366102 7.1948832571506491 15.417606979608534 10.278404653072359 8.9079506993293744 11.991472095251085
leaf_count=36 21 33 40 29 23 24 24 22 35 30 21 34 22 20 21 22 20 21 20 23 20 20 35 27 20 23 50 21 37 29 21 45 30 26 35
internal_value=-1.04111 -1.03429 -1.02226 -1.03697 -1.04068 -1.03686 -1.02745 -1.02298 -1.03178 -1.04961 -1.04819 -1.04562 -1.04757 -1.04232 -1.05304 -1.04957 -1.02742 -1.04635 -1.0458 -1.05047 -1.01307 -1.01786 -1.04111 -1.03735 -1.02201 -1.03812 -1.05614 -1.05882 -1.05874 -1.04989 -1.05444 -1.0554 -1.05868 -1.01581 -1.01253
internal_weight=335.761 186.382 31.8631 154.519 112.72 79.8289 41.7988 33.5761 52.4199 149.379 139.101 114.09 102.441 53.7903 48.6511 32.8909 40.4284 27.4091 46.2528 30.15 20.5568 26.3812 20.2142 16.1028 25.696 14.7324 41.4562 34.2613 25.0108 17.1307 25.3534 23.2977 18.1585 15.7602 18.8437
internal_count=980 544 93 451 329 233 122 98 153 436 406 333 299 157 142 96 118 80 135 88 60 77 59 47 75 43 121 100 73 50 74 68 53 46 55
is_linear=0
shrinkage=1


Tree=1
num_leaves=38
num_cat=0
split_feature=47 19 31 12 47 54 10 29 38 4 42 38 34 26 55 32 58 31 58 52 42 40 47 61 31 7 60 47 47 52 42 31 11 34 34 14 2
split_gain=7.24207 6.31716 6.83406 5.60546 4.85795 4.96358 5.5476 4.02763 5.5091 4.84013 6.06952 4.16265 3.60548 3.56284 3.17966 3.04127 2.98146 2.97879 2.94651 3.3009 2.77357 2.68141 2.64017 2.25282 2.68065 2.1639 3.5639 2.07033 5.85363 1.84645 1.76235 1.64188 1.43174 1.25956 1.19977 0.424945 0.18978
threshold=-1.309373077334935 0.35497171395284721 -1.2612768211230516 -0.12476039131990348 0.17103844809128496 0.57835116339977088 0.13764645430664932 0.45096243383921064 -0.12112766719525771 -0.74581534022586327 1.0000000180025095e-35 -1.5067904747985952 0.8046156141496289 1.0000000180025095e-35 1.264383372586328 1.4956815491094317 0.8102223759272037 0.80339681701824583 -1.0235372739773216 1.0000000180025095e-35 0.22909890239880096 -1.0953357508519708 -0.40123476557144161 533.50000000000011 0.39046208938998633 -0.20415463743548137 588.00000000000011 -0.098546776728383231 0.44265928658889958 1.0000000180025095e-35 0.47527974050277594 -0.22894000205240311 1.1686616669725203 0.40834619817537438 0.24983843178567272 1.8487820814587599 -0.5119480672189779
decision_type=2 2 2 2 2 2 2 2 2 2 2 2 2 2 2 2 2 2 2 2 2 2 2 2 2 2 2 2 2 2 2 2 2 2 2 2 2
left_child=20 2 29 31 5 14 -7 8 13 18 36 -9 33 -5 16 23 25 -15 -10 -20 32 -13 -18 34 -25 -3 -27 -23 -29 -2 -26 -4 -1 -12 -6 -34 -11
right_child=1 4 3 7 15 6 -8 11 9 10 12 21 -14 17 -16 -17 22 -19 19 -21 -22 27 -24 24 30 26 -28 28 -30 -31 -32 -33 35 -35 -36 -37 -38
leaf_value=-0.89032217807526648 -0.91675168934564888 -0.90389791429942767 -0.86737472813742822 -0.91724443583067594 -0.90489192947292696 -0.90282154375075019 -0.87119670787143977 -0.90462337765042 -0.91654056384958704 -0.88361491557149252 -0.89607601559985461 -0.86959602046742634 -0.880820166318808 -0.88968125521233599 -0.91756127848153823 -0.89204193728163383 -0.89533526422011556 -0.91122660397723265 -0.88262788869600783 -0.90589742827346476 -0.89731126042246423 -0.87835909952652191 -0.91801522122827894 -0.9155979484533161 -0.88989156994780028 -0.89826929927475629 -0.87347599236086004 -0.90783474027093847 -0.88059596651440453 -0.8978413486437572 -0.90666801368789995 -0.88872915291943966 -0.86569532177377984 -0.91122660397723265 -0.92304958424872641 -0.88361491557149252 -0.86810244029496575
leaf_weight=7.9716787338256898 11.957518100738527 7.6093297004699698 8.3340277671813983 14.856310367584227 7.9716787338256863 7.2469806671142605 10.508121967315672 9.0587258338928205 7.2469806671142605 7.2469806671142605 8.6963768005371147 8.6963768005371076 7.9716787338256827 13.044565200805666 7.9716787338256827 7.6093297004699698 7.6093297004699698 7.9716787338256827 8.3340277671813983 10.870471000671385 7.6093297004699698 11.595169067382807 8.3340277671813947 10.870471000671388 10.870471000671388 9.7834239006042534 8.3340277671813947 11.957518100738531 13.406914234161375 8.6963768005371076 8.6963768005371076 8.3340277671813947 7.6093297004699689 7.9716787338256827 15.581008434295653 7.2469806671142578 9.4210748672485334
leaf_count=22 33 21 23 41 22 20 29 25 20 20 24 24 22 36 22 21 21 22 23 30 21 32 23 30 30 27 23 33 37 24 24 23 21 22 43 20 26
internal_value=-0.896088 -0.897423 -0.89405 -0.892067 -0.902549 -0.896836 -0.883935 -0.893942 -0.897382 -0.892418 -0.886088 -0.88746 -0.896036 -0.906691 -0.901789 -0.908539 -0.897991 -0.898051 -0.902094 -0.895846 -0.882454 -0.883764 -0.907713 -0.911018 -0.904623 -0.891878 -0.886313 -0.888157 -0.893599 -0.909718 -0.897285 -0.876233 -0.877485 -0.903643 -0.918038 -0.872124 -0.87293
internal_weight=355.102 324.665 195.668 175.015 128.996 67.3969 17.7551 158.347 103.632 67.7593 41.3078 54.7147 24.6397 35.8726 49.6418 61.5993 41.6701 21.0162 26.4515 19.2045 30.4373 45.656 15.9434 53.99 30.4373 25.7268 18.1175 36.9596 25.3644 20.6539 19.5668 16.6681 22.828 16.6681 23.5527 14.8563 16.6681
internal_count=980 896 540 483 356 186 49 437 286 187 114 151 68 99 137 170 115 58 73 53 84 126 44 149 84 71 50 102 70 57 54 46 63 46 65 41 46
is_linear=0
shrinkage=1


Tree=2
num_leaves=32
num_cat=0
split_feature=47 55 13 55 6 42 35 20 24 40 44 55 16 47 55 26 20 26 50 25 13 1 34 45 47 45 38 24 13 37 19
split_gain=9.04438 6.99198 6.75256 6.536 4.89552 4.89033 4.75356 4.36574 4.19726 6.60114 4.02766 3.92434 4.6101 5.66947 5.00169 3.90355 4.21373 4.53594 5.74907 2.97742 2.68058 2.65141 2.6686 2.22088 2.04789 1.88431 1.06801 1.25541 0.790837 0.643318 0.468906
threshold=-0.3562242156065637 1.043349234801245 -0.19851907734977828 1.1936122005451171 0.27516351677680634 0.47527974050277594 0.92666216035128079 -0.79276116741685454 0.51749762478362094 0.081096460852165 -1.7923329944852286 -0.85246800101786957 0.30337408601433863 -0.0082215062207337732 -0.62814191000775577 -1.6040040319906381 0.50381083536772098 0.17027186042362327 -0.43750371430309448 0.43564474794017699 1.0313936304567364 0.30801288563828355 0.51401804243517557 1.3127925154515223 -0.58047808583868898 1.2422557609590883 -0.58301526972970352 0.89957773951587716 -0.34390783067418235 1.0000000180025095e-35 0.19777682932845339
decision_type=2 2 2 2 2 2 2 2 2 2 2 2 2 2 2 2 2 2 2 2 2 2 2 2 2 2 2 2 2 2 2
left_child=1 5 4 -3 28 6 15 -5 9 -6 -4 26 14 -14 20 -1 17 18 -17 -9 -13 23 -23 29 -18 -24 27 -12 -2 -16 -20
right_child=2 3 10 7 8 -7 -8 19 -10 -11 11 12 13 -15 21 16 24 -19 30 -21 -22 22 25 -25 -26 -27 -28 -29 -30 -31 -32
leaf_value=-1.4100381907692123 -1.4234962363170582 -1.3874495533153983 -1.4196853200843849 -1.4383164087180846 -1.4394996704097647 -1.4103038190743791 -1.4535333562111139 -1.4038605312516721 -1.4481954110183284 -1.4055806197074736 -1.4544137296487645 -1.4105519092408221 -1.4444467332046997 -1.4112447801233043 -1.4436087860814542 -1.4375751718589151 -1.4506945985136124 -1.4476589802184172 -1.4022205291016598 -1.4321257877012157 -1.4364447465973418 -1.4459318344591083 -1.4148666849329008 -1.4321257877012157 -1.4310417556334953 -1.4364447465973418 -1.4375751718589151 -1.4364447465973418 -1.4019223578566644 -1.4561755201695963 -1.4207833906614915
leaf_weight=5.9981381297111502 5.4528528451919556 5.725495487451556 7.0887086987495413 8.1792792677879387 10.360420405864721 7.9066366255283347 7.6339939832687369 9.5424924790859169 8.7245645523071271 7.6339939832687369 24.265195161104206 5.4528528451919538 5.9981381297111538 10.633063048124312 13.632132112979891 9.2698498368263262 11.996276259422304 5.4528528451919547 7.088708698749544 5.4528528451919547 5.9981381297111511 9.2698498368263262 5.4528528451919538 5.4528528451919547 6.270780771970748 5.9981381297111511 9.2698498368263227 5.9981381297111502 5.4528528451919538 17.994414389133453 6.5434234142303467
leaf_count=22 20 21 26 30 38 29 28 35 32 28 89 20 22 39 50 34 44 20 26 20 22 34 20 20 23 22 34 22 20 66 24
internal_value=-1.43223 -1.42499 -1.43639 -1.413 -1.42545 -1.43046 -1.43348 -1.42189 -1.43244 -1.42447 -1.43958 -1.44089 -1.43704 -1.42357 -1.44048 -1.43017 -1.43325 -1.42624 -1.42025 -1.41283 -1.4235 -1.44408 -1.43486 -1.44877 -1.44407 -1.42581 -1.44862 -1.45141 -1.40987 -1.4517 -1.40872
internal_weight=267.19 97.0608 170.129 28.9001 37.6247 68.1607 60.254 23.1746 26.719 17.9944 132.504 125.416 85.8824 16.6312 69.2512 52.62 46.6219 28.3548 22.902 14.9953 11.451 57.8002 20.7208 37.0794 18.2671 11.451 39.5332 30.2633 10.9057 31.6265 13.6321
internal_count=980 356 624 106 138 250 221 85 98 66 486 460 315 61 254 193 171 104 84 55 42 212 76 136 67 42 145 111 40 116 50
is_linear=0
shrinkage=1


end of trees

feature_importances:
Column_47=11
Column_42=6
Column_20=5
Column_31=5
Column_55=5
Column_26=4
Column_32=4
Column_34=4
Column_12=3
Column_13=3
Column_16=3
Column_19=3
Column_24=3
Column_38=3
Column_40=3
Column_45=3
Column_46=3
Column_54=3
Column_4=2
Column_18=2
Column_41=2
Column_52=2
Column_58=2
Column_61=2
Column_1=1
Column_2=1
Column_6=1
Column_7=1
Column_9=1
Column_10=1
Column_11=1
Column_14=1
Column_25=1
Column_29=1
Column_35=1
Column_37=1
Column_39=1
Column_44=1
Column_50=1
Column_56=1
Column_60=1

parameters:
[boosting: gbdt]
[objective: multiclass]
[metric: multi_logloss]
[tree_learner: serial]
[device_type: cpu]
[data_sample_strategy: bagging]
[data: ]
[valid: ]
[num_iterations: 1400]
[learning_rate: 0.03]
[num_leaves: 96]
[num_threads: 2]
[seed: 42]
[deterministic: 0]
[force_col_wise: 1]
[force_row_wise: 0]
[histogram_pool_size: -1]
[max_depth: 10]
[min_data_in_leaf: 20]
[min_sum_hessian_in_leaf: 0.001]
[bagging_fraction: 0.85]
[pos_bagging_fraction: 1]
[neg_bagging_fraction: 1]
[bagging_freq: 0]
[bagging_seed: 400]
[bagging_by_query: 0]
[feature_fraction: 0.8]
[feature_fraction_bynode: 1]
[feature_fraction_seed: 30056]
[extra_trees: 0]
[extra_seed: 12879]
[early_stopping_round: 0]
[early_stopping_min_delta: 0]
[first_metric_only: 0]
[max_delta_step: 0]
[lambda_l1: 0.2]
[lambda_l2: 1.5]
[linear_lambda: 0]
[min_gain_to_split: 0]
[drop_rate: 0.1]
[max_drop: 50]
[skip_drop: 0.5]
[xgboost_dart_mode: 0]
[uniform_drop: 0]
[drop_seed: 17869]
[top_rate: 0.2]
[other_rate: 0.1]
[min_data_per_group: 100]
[max_cat_threshold: 32]
[cat_l2: 10]
[cat_smooth: 10]
[max_cat_to_onehot: 4]
[top_k: 20]
[monotone_constraints: ]
[monotone_constraints_method: basic]
[monotone_penalty: 0]
[feature_contri: ]
[forcedsplits_filename: ]
[refit_decay_rate: 0.9]
[cegb_tradeoff: 1]
[cegb_penalty_split: 0]
[cegb_penalty_feature_lazy: ]
[cegb_penalty_feature_coupled: ]
[path_smooth: 0]
[interaction_constraints: ]
[verbosity: -1]
[saved_feature_importance_type: 0]
[use_quantized_grad: 0]
[num_grad_quant_bins: 4]
[quant_train_renew_leaf: 0]
[stochastic_rounding: 1]
[linear_tree: 0]
[max_bin: 255]
[max_bin_by_feature: ]
[min_data_in_bin: 3]
[bin_construct_sample_cnt: 200000]
[data_random_seed: 175]
[is_enable_sparse: 1]
[enable_bundle: 1]
[use_missing: 1]
[zero_as_missing: 0]
[feature_pre_filter: 1]
[pre_partition: 0]
[two_round: 0]
[header: 0]
[label_column: ]
[weight_column: ]
[group_column: ]
[ignore_column: ]
[categorical_feature: ]
[forcedbins_filename: ]
[precise_float_parser: 0]
[parser_config_file: ]
[objective_seed: 16083]
[num_class: 3]
[is_unbalance: 0]
[scale_pos_weight: 1]
[sigmoid: 1]
[boost_from_average: 1]
[reg_sqrt: 0]
[alpha: 0.9]
[fair_c: 1]
[poisson_max_delta_step: 0.7]
[tweedie_variance_power: 1.5]
[lambdarank_truncation_level: 30]
[lambdarank_norm: 1]
[label_gain: ]
[lambdarank_position_bias_regularization: 0]
[eval_at: ]
[multi_error_top_k: 1]
[auc_mu_weights: ]
[num_machines: 1]
[local_listen_port: 12400]
[time_out: 120]
[machine_list_filename: ]
[machines: ]
[gpu_platform_id: -1]
[gpu_device_id: -1]
[gpu_device_id_list: ]
[gpu_use_dp: 0]
[num_gpu: 1]

end of parameters

pandas_categorical:null
