tree
version=v4
num_class=1
num_tree_per_iteration=1
label_index=0
max_feature_idx=42
objective=binary sigmoid:1
feature_names=Column_0 Column_1 Column_2 Column_3 Column_4 Column_5 Column_6 Column_7 Column_8 Column_9 Column_10 Column_11 Column_12 Column_13 Column_14 Column_15 Column_16 Column_17 Column_18 Column_19 Column_20 Column_21 Column_22 Column_23 Column_24 Column_25 Column_26 Column_27 Column_28 Column_29 Column_30 Column_31 Column_32 Column_33 Column_34 Column_35 Column_36 Column_37 Column_38 Column_39 Column_40 Column_41 Column_42
feature_infos=[-0.98549532400373063:4.9543590844734551] [-1.3355715627585141:6.5338537108157961] [-0.98599630415241435:5.787396257161916] [-0.9851494087236653:4.9436827766350797] [-1.3257470116287486:6.6834805483031197] [-0.99235428096572753:5.6818921899066579] [-1.5952737715052632:3.2421026069864212] [-1.747149467155048:4.8737880247338907] [-1.7688242279794331:3.173478317984527] [-2.0666652874284352:2.3131511489422705] [-3.6862429507150707:2.211097329442683] [-1.7069979911085764:2.7251620706155091] [-1.415553243262375:3.3667738480387999] [-2.0477285698372376:2.4267486207720022] [-1.6727434041653586:2.7434155146575292] [-1.7235833152592597:1.6988654947803121] [-1.5641760539095011:1.4674053935554763] [-4.4877809013023482:1.1499215035151333] [-2.1219860646943416:0.47125662917302191] [-2.8629917293654472:1.6776410502729879] [-2.4729333153690587:3.4831104562635318] [-2.1140231429757002:3.7372372754907106] [-3.6275303016986715:3.7755382627589915] [-1.9177559953021026:2.5912827233681233] [-2.1703375490301946:3.6920605849644144] [-2.1624983293919811:4.4130988593102032] [-3.3810210134219725:3.6051308702199636] [-2.9642840077400305:2.0694163932879799] [-2.488178981163006:2.8015085057953115] [-2.250227509343397:4.0769829345344917] [-3.3817102309335891:2.8440236237162386] [-2.526424909132861:2.9175471415713377] [-2.7843785684081541:3.0520886044273565] [-2.6591657427867812:5.4867916866291058] [-3.1620234221220809:2.8400772353636792] [-3.109118842526053:2.5029415402714963] [-3.1743433284145981:3.4945588912519971] [-1.7878354189055348:2.563368224307836] [-1.1540404931558315:2.8496476291372401] [-1.189708796985081:2.858418253716994] [4:804] [4:804] none
tree_sizes=3356 3637 3636 3639 3566 3722 3816 3537 3686 3588 3572 3923 3745 3747 2897 3541 3419 3099 3555 3389 3750 2687

Tree=0
num_leaves=32
num_cat=0
split_feature=1 37 28 27 28 27 25 16 33 31 29 1 2 40 15 40 36 30 27 16 39 2 35 30 28 40 29 28 26 31 15
split_gain=16.5655 8.08974 7.63923 11.1302 13.5533 4.46532 4.32597 5.09978 4.11978 4.07837 3.79187 5.22934 3.62039 4.11447 5.19947 3.50517 3.98859 3.03148 6.50478 5.00085 4.69754 3.21014 2.94572 2.64741 2.60882 2.30409 1.82202 1.43778 1.22781 0.296541 0.200037
threshold=-0.28366139251917361 -0.48247432594152351 0.73522433120221864 -0.63386715541224781 -0.79841770060687667 0.75106628825683408 -0.68298896193398961 0.50281129663480184 -1.4482801789546895 -1.0000000180025095e-35 -1.0000000180025095e-35 -0.6248214477319326 -0.65624346212121487 395.50000000000006 -0.36640533886425702 224.00000000000003 0.28136054904900121 0.47824475894930446 -0.82030050359847062 -0.87518027039473345 -0.6836929156473216 -0.79588369624667166 -0.30308865112727845 0.35373008185630778 -0.42189480656991307 551.00000000000011 -1.0000000180025095e-35 0.52859591374290971 -0.19615765470285437 0.098347329599520583 0.57771847080183181
decision_type=2 2 2 2 2 2 2 2 2 2 2 2 2 2 2 2 2 2 2 2 2 2 2 2 2 2 2 2 2 2 2
left_child=1 12 3 4 15 10 -4 -8 -2 -7 22 -12 -1 14 23 -3 -17 18 -10 -20 -19 -21 24 -14 -5 -15 -16 -25 -13 -24 -22
right_child=8 2 6 5 -6 9 7 -9 17 -11 11 28 13 25 26 16 -18 20 19 21 30 -23 29 27 -26 -27 -28 -29 -30 -31 -32
leaf_value=1.1233367255414448 1.0851268309927071 1.1090851371213728 1.0919419464421427 1.1090851371213728 1.0400053541861485 1.0972028790405377 1.0820114408422163 1.0322746325521153 1.1204188110354751 1.0623701440777809 1.0701897360414998 1.0929042473782173 1.1192250420822383 1.0676981342071048 1.073026124336429 1.0642137602755015 1.0984512404732651 1.0946792878379663 1.0727672997403568 1.0887498145266366 1.1091156846161567 1.1161108758053633 1.1213205141060916 1.0856592435627337 1.0799505341617088 1.0957366204148491 1.0975348788678048 1.1067512758434925 1.1121510735445044 1.1039290782331468 1.1270613742758004
leaf_weight=3.7551280856132498 4.8816665112972251 4.318397298455241 4.5061537027359 4.3183972984552383 6.5714741498231879 5.6326921284198761 5.0694229155778867 3.9428844898939133 10.514358639717104 4.130640894174574 5.2571793198585501 3.9428844898939124 11.453140661120417 4.130640894174574 4.1306408941745758 4.6939101070165616 5.0694229155778885 5.6326921284198788 6.0082049369812038 6.0082049369812029 5.4449357241392162 6.3837177455425227 9.2000638097524625 3.755128085613249 3.7551280856132472 5.8204485327005386 4.1306408941745776 4.881666511297226 5.0694229155778912 4.3183972984552392 16.147050768136978
leaf_count=20 26 23 24 23 35 30 27 21 56 22 28 21 61 22 22 25 27 30 32 32 29 34 49 20 20 31 22 26 27 23 86
internal_value=1.09588 1.0895 1.08395 1.08863 1.07117 1.09694 1.06439 1.05371 1.10846 1.0805 1.10202 1.09062 1.09995 1.09656 1.10254 1.09008 1.0805 1.11082 1.10315 1.09248 1.11794 1.10308 1.10966 1.11061 1.09579 1.08141 1.08427 1.09683 1.10394 1.11752 1.12395
internal_weight=182.875 121.854 79.7965 66.278 20.6532 45.6248 13.5185 9.01231 61.0208 9.76333 35.8615 14.2695 42.0574 38.3023 28.3512 14.0817 9.76333 56.1392 28.9145 18.4001 27.2247 12.3919 21.592 20.0899 8.07353 9.95109 8.26128 8.63679 9.01231 13.5185 21.592
internal_count=974 649 425 353 110 243 72 48 325 52 191 76 224 204 151 75 52 299 154 98 145 66 115 107 43 53 44 46 48 72 115
is_linear=0
shrinkage=1


Tree=1
num_leaves=33
num_cat=0
split_feature=1 37 22 27 36 27 29 33 2 40 15 22 24 34 16 19 27 33 15 33 41 1 33 40 41 40 33 24 33 35 41 25
split_gain=15.7915 7.66153 5.05172 8.38726 5.93493 4.50163 5.75555 3.94777 3.5192 3.91257 4.96623 3.69413 3.38183 4.07305 3.37034 3.01593 4.18501 5.26368 4.12312 2.54101 2.45412 1.96755 2.9056 1.87568 1.64366 1.54527 1.49554 1.23578 0.816036 1.47627 0.390556 0.0246394
threshold=-0.28366139251917361 -0.48247432594152351 1.0744186514028178 -0.63386715541224781 0.59122873299310597 0.75106628825683408 -1.0000000180025095e-35 -1.4482801789546895 -0.65624346212121487 395.50000000000006 -0.36640533886425702 -1.0000000180025095e-35 -0.2804855189924586 0.68714982561335225 0.50281129663480184 0.92086892033324885 -0.82030050359847062 0.61878709667787024 1.4038268042596596 0.61878709667787024 323.00000000000006 0.17690468201805112 -0.12731410931968104 470.50000000000006 224.00000000000003 224.00000000000003 -0.34747512092551575 1.0000000180025095e-35 -1.0000000180025095e-35 0.15503872706027647 453.50000000000006 0.96091033524155656
decision_type=2 2 2 2 2 2 2 2 2 2 2 2 2 2 2 2 2 2 2 2 2 2 2 2 2 2 2 2 2 2 2 2
left_child=1 8 3 4 25 6 23 -2 -1 10 24 -11 -8 -14 27 16 -9 18 21 -17 -12 -18 -23 28 -10 -3 -4 -7 -5 -30 -26 -19
right_child=7 2 26 5 -6 14 12 15 9 11 20 -13 13 -15 -16 19 17 31 -20 -21 -22 22 -24 -25 30 -27 -28 -29 29 -31 -32 -33
leaf_value=0.027142425329650013 -0.010459278863808388 -0.014481722299158773 -0.0099108083696032492 0.023358173944634873 0.0027829789053064858 -0.011962779382151047 -0.022119729108699564 0.024161822432206423 0.0015640564565653613 0.00051020009581189644 0.0047874485679923048 -0.032582385923264311 0.019763904262709815 -0.016026396396768838 -0.033059592064986702 0.032471799869445074 0.0017680844151283989 0.024376223385258827 0.014660780556599133 0.0051202143617580824 -0.023516792251277344 -0.0024141036958243165 -0.034354318180435835 -0.0030624939019769076 0.027049417330822962 -0.040765976845213957 -0.042665387562382182 0.007223514424308906 -0.004775294710712575 0.01730008351193061 0.009990364383749872 0.0088357156230917614
leaf_weight=3.7035042047500601 4.9078141748905173 6.6245908290147808 3.7778590619564056 9.7159927785396576 5.0925234854221335 4.7216655910015088 7.5593454390764263 10.385215163230894 7.2656031697988537 6.2277967035770416 3.7703375816345233 3.7815593183040601 4.7064124941825884 3.7479953765869141 4.5598299503326407 11.520441740751268 4.1410190612077775 4.6679327785968763 4.6695577651262274 5.5786080211400977 4.5344797670841217 5.4332351088523856 4.8746791779994956 3.9347307831048957 5.9651196897029859 9.1566933393478376 4.5769413560628873 4.1555772125720978 3.7332902252674112 4.0849959701299667 6.7179929316043854 4.4802704155445099
leaf_count=20 26 35 20 52 27 25 40 56 39 33 20 20 25 20 24 62 22 25 25 30 24 29 26 21 32 48 24 22 20 22 36 24
internal_value=0 -0.0062286 -0.0116119 -0.00852072 -0.0238557 -0.00161719 0.00367183 0.0123083 0.00396054 0.000626578 0.00648856 -0.0140879 -0.00924038 0.00327056 -0.0156597 0.0146389 0.00914149 0.00248197 -0.0062716 0.0250035 -0.0112883 -0.0141553 -0.0204723 0.0135387 0.0144409 -0.0322944 -0.0322262 -0.00265728 0.0175271 0.00704318 0.0204488 0.0196457
internal_weight=182.774 122.115 80.1484 71.7936 20.8738 50.9198 37.4828 60.6588 41.9664 38.2629 28.2535 10.0094 16.0138 8.45441 13.4371 55.751 38.6519 28.2667 19.1185 17.099 8.30482 14.4489 10.3079 21.469 19.9487 15.7813 8.3548 8.87724 17.5343 7.81829 12.6831 9.1482
internal_count=974 649 425 381 110 271 200 325 224 204 151 53 85 45 71 299 207 151 102 92 44 77 55 115 107 83 44 47 94 42 68 49
is_linear=0
shrinkage=0.03


Tree=2
num_leaves=33
num_cat=0
split_feature=7 37 28 27 28 27 22 25 26 33 2 32 38 22 27 41 2 40 38 2 38 40 36 34 25 12 33 19 34 30 31 35
split_gain=15.0601 7.27492 6.98693 9.84702 12.4329 4.03302 4.74818 3.95247 3.9008 3.789 3.76991 3.751 3.71105 5.45477 4.07435 4.29487 3.41227 3.7286 4.28311 4.26371 3.51651 3.21568 3.55446 2.80274 3.54589 2.52641 2.42219 2.39073 2.14954 3.65075 0.681237 0.29605
threshold=-0.24126393416537692 -0.48247432594152351 0.73522433120221864 -0.63386715541224781 -0.79841770060687667 0.75106628825683408 -0.72632775616796563 -0.68298896193398961 -0.093420127002237743 -1.4482801789546895 -0.62175400670468639 -0.40115447283365396 1.0000000180025095e-35 0.27408691470469165 -0.82030050359847062 295.50000000000006 -0.65624346212121487 395.50000000000006 1.3482645832773383 0.11093661933912631 1.0000000180025095e-35 224.00000000000003 0.28136054904900121 -0.35669376699286676 1.0000000180025095e-35 -0.030029919437382601 0.97349094870949304 -0.28996648757033378 0.49142915199968606 -0.019813949422682071 0.29277490283895624 1.4148890170760529
decision_type=2 2 2 2 2 2 2 2 2 2 2 2 2 2 2 2 2 2 2 2 2 2 2 2 2 2 2 2 2 2 2 2
left_child=1 16 3 4 21 6 -5 -4 -7 -2 -8 -9 13 14 -11 27 -1 18 19 26 -19 -3 -23 -14 -25 28 30 -16 29 -12 -18 -15
right_child=9 2 7 5 -6 8 10 11 -10 12 25 -13 23 31 15 -17 17 20 -20 -21 -22 22 -24 24 -26 -27 -28 -29 -30 -31 -32 -33
leaf_value=0.026831579806384891 -0.010178033791969637 0.013192025944609833 -0.0035505253952123716 -0.018543355410992057 -0.052294191987920992 0.0062843533716319191 -0.010834823255325612 -0.011053509976442092 -0.027646862212206958 0.022984738385877709 -0.0043701153080877566 -0.054971555485341723 0.016519131548257265 0.033669112997015964 0.00071111700761372859 0.014865169080117134 0.027160042848261203 -0.028604430191358859 -0.015672346793690849 -0.011855333781686914 0.0030151049120236005 -0.029194988099499272 0.0027801276006979674 0.010914226464312773 -0.021176072480665872 0.026107263471403009 -0.00078629204580523749 -0.028040191946380882 -0.010306692375286973 0.024913106040783881 0.0068148177813203772 0.012427916401437695
leaf_weight=3.6521732807159415 4.9331834912300101 4.3162786066532162 4.541972503066062 4.5342603921890214 6.8239219337701789 3.9865325391292572 4.873415306210517 4.2187654823064795 5.9173746109008771 7.8762064427137366 5.8042953312397012 5.0333363562822333 5.1911259591579428 14.383869409561159 3.9767713397741291 5.9424652010202399 10.784132465720186 4.9490112662315351 4.8624681532382956 4.1563804149627677 5.1193030476570129 4.861801862716673 5.0924174934625626 3.8925018608570081 5.7700880467891693 9.8488833159208387 4.2611634135246268 4.1392242908477828 3.748071461915969 6.8978131860494623 4.1117732375860205 4.2206876724958411
leaf_count=20 26 23 24 24 35 21 26 22 31 43 31 26 28 78 21 32 58 26 26 22 27 25 27 21 31 53 23 22 20 37 22 23
internal_value=0 -0.00606576 -0.0112907 -0.00680322 -0.0230132 0.00106037 0.0059275 -0.0298032 -0.0144326 0.0120623 0.0103585 -0.0398397 0.0143645 0.0189301 0.00759187 -0.00203084 0.00387835 0.000605505 0.00635457 0.0118602 -0.0137023 -0.00498884 -0.0140913 0.000943802 -0.00798174 0.0148744 0.0177833 -0.015415 0.00619519 0.0120612 0.0230473 0.0304355
internal_weight=182.722 122.396 80.4991 66.7051 21.0944 45.6106 35.7067 13.7941 9.90391 60.3261 31.1725 9.2521 55.3929 40.5392 21.9347 14.0585 41.8964 38.2442 28.1759 23.3134 10.0683 14.2705 9.95422 14.8537 9.66259 26.2991 19.1571 8.116 16.4502 12.7021 14.8959 18.6046
internal_count=974 649 425 353 110 243 191 72 52 325 167 48 299 219 118 75 224 204 151 125 53 75 52 80 52 141 103 43 88 68 80 101
is_linear=0
shrinkage=0.03


Tree=3
num_leaves=34
num_cat=0
split_feature=1 37 28 27 28 27 22 31 16 33 5 38 16 22 27 16 40 22 12 0 40 38 22 12 33 15 31 32 27 15 35 23 28
split_gain=14.3822 6.90091 6.55578 9.2391 11.461 3.80843 4.5205 3.73129 3.69143 3.63503 3.61055 3.56659 5.53837 5.30816 3.92324 6.05504 3.06408 2.64401 2.55869 2.50439 3.77895 4.69636 4.24951 2.45215 2.24462 2.2402 2.58652 1.99415 1.2207 1.03826 0.289061 0.204785 0.129078
threshold=-0.28366139251917361 -0.48247432594152351 0.73522433120221864 -0.63386715541224781 -0.79841770060687667 0.75106628825683408 -0.72632775616796563 -1.0000000180025095e-35 0.50281129663480184 -1.4482801789546895 -0.62259696507180862 1.0000000180025095e-35 0.50281129663480184 0.27408691470469165 -0.82030050359847062 1.0000000180025095e-35 224.00000000000003 -1.1264936245170281 -0.68952346085767169 -0.64769954964776455 395.50000000000006 1.3482645832773383 0.17404544761742585 -0.030029919437382601 0.97349094870949304 -0.72045176748904016 -1.0000000180025095e-35 -0.40115447283365396 -0.63386715541224781 -0.8384672436973013 1.4148890170760529 0.33676336403301038 -0.25659207260246569
decision_type=2 2 2 2 2 2 2 2 2 2 2 2 2 2 2 2 2 2 2 2 2 2 2 2 2 2 2 2 2 2 2 2 2
left_child=1 19 3 4 16 6 -5 -7 29 -2 -8 13 27 14 -11 18 -3 -18 -16 -1 21 24 28 25 31 26 -12 -13 -22 -4 -15 -21 -25
right_child=9 2 8 5 -6 7 10 -9 -10 11 23 12 -14 30 15 -17 17 -19 -20 20 22 -23 -24 32 -26 -27 -28 -29 -30 -31 -32 -33 -34
leaf_value=-0.01551301888285964 -0.0099054017193197959 0.012962770240495403 -0.020357778635246813 -0.017999843838862609 -0.04999711439370761 0.0018236014617820685 -0.010541996892191013 -0.031067799269220736 -0.045383330836681036 0.022635392982798527 0.022326277926118125 0.027827377276771394 -0.018069330036006307 0.033283644147254286 -0.032401942705986717 0.01676946196430177 -0.028558448250965707 0 0 0.026208752376857668 -0.004214100601545704 -0.010893057707301031 -0.026786812040637473 0.03070817535979679 0 -0.0080185873936253291 -0.0047607205515025428 0 0.016047280623403996 0 0.012211519774022033 0.009538846192539403 0.010534181071742144
leaf_weight=3.7830568552017203 4.95779925584793 4.2878000885248211 3.8369998931884757 4.5756904780864671 6.9896257966756812 5.6926416307687759 4.8997804224491111 4.2781361043453199 5.728497400879859 7.7824089825153342 7.4143401235342035 4.045189142227172 6.1556323319673529 14.135083019733431 3.7913003563880903 6.5297434031963348 4.0607359707355499 5.9530031532049161 3.748675554990772 12.318472862243661 3.7781922221183777 4.8677431792020789 4.2181079536676407 5.868333637714386 4.453011527657508 5.246869131922721 3.7341239601373681 4.6491767615079871 3.7537763416767103 4.3889147341251364 4.1936109960079184 4.6356928348541251 3.8499629497528165
leaf_count=20 26 23 20 24 35 30 26 22 29 43 40 22 33 78 20 35 21 31 20 67 20 26 22 32 24 28 20 25 20 23 23 25 21
internal_value=-1.64871e-05 -0.0059266 -0.0109967 -0.00663585 -0.0222443 0.00100735 0.00576458 -0.0139831 -0.0288278 0.0118158 0.010124 0.0140897 0.000934992 0.0185989 0.00742097 -0.0019792 -0.00484232 -0.013683 -0.018968 0.00377559 0.00636229 0.0125499 -0.00687573 0.0145809 0.0185068 0.0060354 0.0132906 0.0156576 0.00620751 -0.0114605 0.0300534 0.0231217 0.0257281
internal_weight=182.602 122.614 80.8055 66.851 21.2912 45.5599 35.5891 9.97078 13.9544 59.9886 31.0134 55.0308 14.85 40.1808 21.8521 14.0697 14.3015 10.0137 7.53998 41.8081 38.025 26.2749 11.7501 26.1136 21.4072 16.3953 11.1485 8.69437 7.53197 8.22591 18.3287 16.9542 9.7183
internal_count=974 649 425 353 110 243 191 52 72 325 167 299 80 219 118 75 75 52 40 224 204 142 62 141 116 88 60 47 40 43 101 92 53
is_linear=0
shrinkage=0.03


Tree=4
num_leaves=33
num_cat=0
split_feature=7 37 28 27 28 27 22 26 33 2 38 16 22 27 16 16 2 40 15 38 40 30 38 22 41 41 32 26 34 15 41 35
split_gain=13.7383 6.52516 6.15062 8.69199 10.5778 3.61893 4.31109 3.56866 3.487 3.46451 3.42207 5.28604 5.17265 3.78414 5.7754 3.37289 3.34452 3.37973 4.64088 3.29412 2.92583 2.6367 2.98653 2.4933 2.3715 2.30448 1.93755 1.58929 2.25711 0.981021 0.79926 0.282894
threshold=-0.24126393416537692 -0.48247432594152351 0.73522433120221864 -0.63386715541224781 -0.79841770060687667 0.75106628825683408 -0.72632775616796563 -0.093420127002237743 -1.4482801789546895 -0.62175400670468639 1.0000000180025095e-35 0.50281129663480184 0.27408691470469165 -0.82030050359847062 1.0000000180025095e-35 0.50281129663480184 -0.65624346212121487 395.50000000000006 -0.36640533886425702 1.0000000180025095e-35 224.00000000000003 0.35373008185630778 1.0000000180025095e-35 -1.1264936245170281 231.00000000000003 323.00000000000006 -0.40115447283365396 -0.81258282090655454 0.68714982561335225 -0.8384672436973013 353.00000000000006 1.4148890170760529
decision_type=2 2 2 2 2 2 2 2 2 2 2 2 2 2 2 2 2 2 2 2 2 2 2 2 2 2 2 2 2 2 2 2
left_child=1 16 3 4 20 6 -5 -7 -2 -8 12 26 13 -10 24 29 -1 18 21 -19 -3 -18 -23 -22 -15 -20 -12 -11 30 -4 -29 -14
right_child=8 2 15 5 -6 7 9 -9 10 27 11 -13 31 14 -16 -17 17 19 25 -21 23 22 -24 -25 -26 -27 -28 28 -30 -31 -32 -33
leaf_value=0.026505090818163157 -0.0096410572153557052 0.012737387508945116 -0.019777478859030414 -0.017476332298851295 -0.047875022003286791 0.0062193056912470922 -0.010258227115683121 -0.02606894232582728 0.02229212022272797 -0.00096258783073405879 0.027510604123812527 -0.01750371925262155 0.032909385230084978 -0.031233848635095967 0.016475364745098149 -0.043583769096962315 0.022470578809997432 -0.027392332479676783 0.004533483439741485 0.0030607245054093141 -0.02765590733126987 0.014619928151432284 -0.016064781028189128 0 0 -0.022880484027754514 0 0.026181640642790216 -0.00072508736381398427 0 0.0071231575865760123 0.011998738950709013
leaf_weight=3.5970582365989676 4.9816843271255484 4.2597302794456509 3.8745279759168616 4.6156896203756288 7.144514635205268 3.9797791838645935 4.9253607243299475 6.0481673926115018 7.6896918267011634 4.2435475736856487 3.9871662855148307 6.211512252688407 13.887765482068064 3.8578354418277758 6.4745335429906845 5.8461652398109427 11.137758508324625 5.0354032367467862 3.7451965957880038 5.1237888038158417 4.1155600100755692 4.7429954856634122 3.7449009865522385 5.9530031532049161 3.7422029823064804 4.5794310569763184 4.6491767615079871 12.302454099059117 4.2653173208236685 4.3889147341251364 5.1337658017873755 4.16694651544094
leaf_count=20 26 23 20 24 35 21 26 31 43 23 22 33 78 20 35 29 61 26 20 27 21 26 20 31 20 24 25 67 23 23 28 23
internal_value=-3.63265e-05 -0.00579521 -0.0107073 -0.00646987 -0.0215268 0.000966312 0.00562704 -0.0135924 0.0115731 0.00991653 0.013819 0.000935065 0.0182697 0.00724225 -0.00195011 -0.0278856 0.00365736 0.000427273 0.00596498 -0.0131009 -0.00471785 0.0137743 0.000101519 -0.0133153 -0.0184346 -0.0111273 0.0154165 0.0143164 0.0174318 -0.0111753 0.0218958 0.0296807
internal_weight=182.452 122.803 81.0965 66.9869 21.4728 45.5141 35.4861 10.0279 59.6485 30.8704 54.6668 14.8479 39.819 21.7643 14.0746 14.1096 41.7065 38.1095 27.9503 10.1592 14.3283 19.6257 8.4879 10.0686 7.60004 8.32463 8.63634 25.9451 21.7015 8.26344 17.4362 18.0547
internal_count=974 649 425 353 110 243 191 52 325 167 299 80 219 118 75 72 224 204 151 53 75 107 46 52 40 44 47 141 118 43 95 101
is_linear=0
shrinkage=0.03


Tree=5
num_leaves=34
num_cat=0
split_feature=7 37 28 27 28 25 16 27 22 26 33 2 38 16 22 27 16 2 41 35 29 40 36 33 41 26 23 32 26 15 16 32 35
split_gain=13.1189 6.20098 5.76892 8.17147 9.78308 3.54038 3.91739 3.41601 4.10339 3.36605 3.3456 3.31642 3.28338 5.04672 5.04066 3.64966 5.50973 3.24857 3.32989 2.92517 4.09222 2.79418 3.29312 2.43632 2.23086 1.93521 3.4356 1.88295 1.5325 2.25093 0.972004 0.489563 0.277447
threshold=-0.24126393416537692 -0.48247432594152351 0.73522433120221864 -0.63386715541224781 -0.79841770060687667 -0.68298896193398961 0.50281129663480184 0.75106628825683408 -0.72632775616796563 -0.093420127002237743 -1.4482801789546895 -0.62175400670468639 1.0000000180025095e-35 0.50281129663480184 0.27408691470469165 -0.82030050359847062 1.0000000180025095e-35 -0.65624346212121487 684.00000000000011 1.2121858318859247 -1.0000000180025095e-35 224.00000000000003 0.28136054904900121 0.27631441195768303 231.00000000000003 -0.81258282090655454 0.33676336403301038 -0.40115447283365396 -0.81258282090655454 -1.1925136723220844 -0.87518027039473345 1.0000000180025095e-35 1.4148890170760529
decision_type=2 2 2 2 2 2 2 2 2 2 2 2 2 2 2 2 2 2 2 2 2 2 2 2 2 2 2 2 2 2 2 2 2
left_child=1 17 3 4 21 -4 -7 8 -5 -9 -2 -10 14 27 15 -12 24 -1 19 20 25 -3 -23 31 -17 -19 -27 -14 -13 -30 -31 -22 -16
right_child=10 2 5 7 -6 6 -8 9 11 -11 12 28 13 -15 32 16 -18 18 -20 -21 23 22 -24 -25 -26 26 -28 -29 29 30 -32 -33 -34
leaf_value=0.026207996435393423 -0.0093846839696498617 0.012515801724670463 -0.0025940133598385371 -0.016971815971761998 -0.04590822548107637 -0.01176322618534687 -0.054149686513147104 0.0060975614579316349 -0.0099831666550367695 -0.025193396918704005 0.021954665996020223 -0.00094090434219847225 0.027200905518841814 -0.016960411379140592 0.032545614925987718 -0.030231131629811836 0.016186253652581639 -0.031138165072840576 0.02220755183116245 0.017108912067407746 0.003906032691958339 -0.027340306736557792 0.0031364147022586017 -0.0081825890838729907 0 0.0049189668782562623 -0.024651589498026361 0 -0.00099572207755830927 0.0060242476891732887 0.02605172245918785 0.021532227205312601 0.011789505569273856
leaf_weight=3.5464704632759085 5.0048619508743277 4.2320712357759502 4.6300749629735938 4.654305055737491 7.2890729159116736 5.2559017986059171 4.3704623878002167 3.9675978869199753 4.9501806348562232 6.121596232056616 7.5980998277664176 4.2456364482641247 3.9295377433300009 6.2653924524784079 13.642191097140314 3.9150833785533923 6.4200961142778397 4.3152361065149281 4.0096842795610419 4.0536866486072531 4.4863718301057833 4.9887624233961088 5.1323283612728119 5.8319232165813437 3.7422029823064804 7.247545525431633 4.4066466987133026 4.6491767615079871 4.2396600395441082 4.9275539815425935 12.350824713706972 3.7218573540449142 4.1406937837600699
leaf_count=20 26 23 24 24 35 27 21 21 26 31 43 23 22 33 78 20 35 23 22 22 24 25 27 31 20 39 23 25 23 27 68 20 23
internal_value=-5.16583e-05 -0.00566284 -0.010436 -0.00631829 -0.0208429 -0.0269894 -0.0362522 0.00091402 0.00546799 -0.0131739 0.0113373 0.00968666 0.0135556 0.000935828 0.0179485 0.00706905 -0.00192054 0.00356693 0.000392846 -0.00283468 -0.00640529 -0.00459603 -0.0129595 0.00487943 -0.0179217 -0.0162372 -0.0073421 0.0151805 0.0140274 0.0171102 0.0215971 0.0146083 0.0293168
internal_weight=182.283 122.975 81.356 67.0996 21.6422 14.2564 9.62636 45.4574 35.3682 10.0892 59.3073 30.7139 54.3025 14.8441 39.4584 21.6755 14.0774 41.6194 38.073 34.0633 30.0096 14.3532 10.1211 14.0402 7.65729 15.9694 11.6542 8.57871 25.7637 21.518 17.2784 8.20823 17.7829
internal_count=974 649 425 353 110 72 48 243 191 52 325 167 299 80 219 118 75 224 204 182 160 75 52 75 40 85 62 47 141 118 95 44 101
is_linear=0
shrinkage=0.03


Tree=6
num_leaves=35
num_cat=0
split_feature=1 37 22 27 36 39 20 27 29 24 34 2 41 16 16 25 36 27 35 29 12 35 40 30 26 15 39 30 36 33 24 30 35 35
split_gain=12.5139 5.92519 4.07473 6.14393 5.01176 3.34499 5.33223 3.25035 4.91541 3.17513 3.6302 3.14662 3.20747 3.00452 2.98631 2.91803 4.34259 4.72649 2.80498 3.89571 2.62419 3.50998 2.35156 2.2709 1.80377 2.4519 2.57232 1.52063 1.46146 1.35577 1.20733 0.99546 0.67517 0.595154
threshold=-0.28366139251917361 -0.48247432594152351 1.0744186514028178 -0.63386715541224781 0.59122873299310597 -0.6836929156473216 0.4079791611271405 0.75106628825683408 1.0000000180025095e-35 -0.2804855189924586 0.68714982561335225 -0.65624346212121487 684.00000000000011 0.77840961004070885 0.50281129663480184 -1.0117688213690985 0.079272602998498462 -0.82030050359847062 1.2121858318859247 -1.0000000180025095e-35 -0.034208066593137423 -0.11220224354913047 395.50000000000006 -1.4724851821743081 -0.81258282090655454 -1.3105291485303456 1.0000000180025095e-35 0.47824475894930446 -0.32490328910250749 -0.34747512092551575 1.0000000180025095e-35 -0.019813949422681932 1.2702172134378782 0.26957057160716508
decision_type=2 2 2 2 2 2 2 2 2 2 2 2 2 2 2 2 2 2 2 2 2 2 2 2 2 2 2 2 2 2 2 2 2 2
left_child=1 11 3 4 23 13 15 8 20 -10 -11 -1 18 33 30 -7 27 -18 19 24 21 -5 28 -3 -13 -26 -27 -17 -21 -4 -9 -19 -8 -2
right_child=5 2 29 7 -6 6 32 14 9 10 -12 12 -14 -15 -16 16 17 31 -20 22 -22 -23 -24 -25 25 26 -28 -29 -30 -31 -32 -33 -34 -35
leaf_value=0.025917059761171053 0 -0.0048992295063765377 -0.0081733496492028233 -0.014442232945367608 0.0038082033392490438 0.024563277601951584 0.031976944832900402 -0.010510130961167522 -0.020986490888409638 0.019273480391588917 -0.014415374836904275 -0.030094921011020518 0.021909822328103311 -0.018958542696432976 -0.028992386646425002 0.0023929884433642155 0.0093155337237759341 -0.031563522798947266 0.01684359555676369 0 0.022813708229070011 0.015413883783558201 -0.0093797856314923895 -0.033820742749205761 0.0097239518898858904 -0.029183128487410025 0.00080118812504598332 0.024543487444120961 0.023365763219069264 -0.037781344609847341 0.0083338684510814304 -0.0056907010582622104 0.010877016894851451 0.015070856500284172
leaf_weight=3.4962928593158713 3.6967501342296583 4.2888966500759169 3.9057052284479141 5.0161722898483241 5.196505442261695 4.7909424453973797 12.003254905343058 4.8434005379676801 7.6778680384159115 4.6232217997312528 3.8591796606779099 4.3818420022726068 3.9633337110280982 4.500079333782196 4.8169847130775443 6.7277284413576144 5.7024037539958963 4.2434115856885919 4.0181816816329947 4.6212078034877768 9.7270316332578677 6.1875136345624941 5.0029684603214255 12.317269816994667 3.6837445646524438 4.022638335824011 3.9819916635751724 4.9957672506570816 4.3902860432863262 4.8559250682592374 4.2706599086523056 3.6541708856821025 5.0191887766122809 3.6321622878313065
leaf_count=20 20 22 20 27 27 26 68 25 40 25 20 23 22 24 24 37 32 22 22 25 54 34 26 61 20 21 21 28 24 24 22 20 28 20
internal_value=-5.8759e-05 -0.00552308 -0.0101767 -0.00738955 -0.0201766 0.011108 0.014615 -0.00139096 0.00317863 -0.0085984 0.00348225 0.00350882 0.000394506 -0.0024886 -0.0130725 0.00620365 0.00132715 -0.00950457 -0.00275516 -0.00623839 0.0125059 0.00144733 0.004792 -0.0277072 -0.0157871 -0.00715549 -0.0158634 0.0139991 0.0134464 -0.0282916 -0.00118504 -0.0230499 0.0274641 0.0084475
internal_weight=182.115 123.149 81.5863 72.8247 21.8027 58.9659 47.1369 51.022 37.091 16.1603 8.4824 41.5625 38.0662 11.829 13.931 30.1144 25.3235 13.6 34.1029 30.0847 20.9307 11.2037 14.0145 16.6062 16.0702 11.6884 8.00463 11.7235 9.01149 8.76163 9.11406 7.89758 17.0224 7.32891
internal_count=974 649 425 381 110 325 261 271 200 85 45 224 204 64 71 165 139 74 182 160 115 61 75 83 85 62 42 65 49 44 47 42 96 40
is_linear=0
shrinkage=0.03


Tree=7
num_leaves=33
num_cat=0
split_feature=1 28 1 27 28 34 22 32 40 33 27 41 38 22 16 27 16 1 12 37 25 16 30 12 32 37 23 28 34 36 36 31
split_gain=11.9259 5.67457 5.78672 5.83421 10.3342 4.13986 4.0254 4.02353 3.75061 3.21982 3.21099 4.42493 3.17257 4.8193 4.73636 3.4694 5.22795 2.81013 6.39818 2.67169 3.27556 3.48404 2.43503 2.23095 1.84464 1.62362 1.32807 1.07544 0.971216 0.49275 2.64977 0.160888
threshold=-0.28366139251917361 0.73522433120221864 -0.94323749926384093 -0.44743380722602527 -0.79841770060687667 -0.87861556329597634 0.87433571722828607 0.62022728241256064 224.00000000000003 -1.4482801789546895 0.5986644242633351 470.50000000000006 1.0000000180025095e-35 0.27408691470469165 0.50281129663480184 -0.82030050359847062 1.0000000180025095e-35 -0.6248214477319326 0.10202633095376923 -0.48247432594152351 -0.68298896193398961 0.50281129663480184 0.22921540476331134 -0.68952346085767169 -0.40115447283365396 -0.48247432594152351 -0.26444179845635313 -0.25659207260246569 -0.22621331791708946 0.079272602998498462 0.88762438720050996 -0.67936296335822188
decision_type=2 2 2 2 2 2 2 2 2 2 2 2 2 2 2 2 2 2 2 2 2 2 2 2 2 2 2 2 2 2 2 2
left_child=1 2 8 4 5 -4 10 28 -1 -2 11 17 13 15 24 -11 23 18 -5 -3 -21 -22 -12 -17 -14 -6 -24 -27 -7 -19 -31 -15
right_child=9 19 3 6 25 7 -8 -9 -10 12 22 -13 14 31 -16 16 -18 29 -20 20 21 -23 26 -25 -26 27 -28 -29 -30 30 -32 -33
leaf_value=0 -0.009400132396618981 0 -0.018163178598712935 -0.01909845091755152 -0.0066994245699368961 0.0058855581560343624 -0.012404851670439795 -0.010512448221664656 -0.035167213144887383 0.021484745327720871 -0.019107625830530588 -0.009160579953749505 0.026704194101634316 0.015110218377586871 -0.016498882177262784 -0.029660419004579438 0.01586763132717766 0.029698823299744641 0.024245227348109091 -0.0022560741262791875 -0.011232248116019155 -0.0510791723196828 0.014857775253874272 0 0 -0.038890301302453835 -0.0049548171274795523 -0.010968996749053481 0.025885711018553935 0 0.028539115209104595 0.033384020569897067
leaf_weight=4.4648610949516279 5.0032398998737326 4.5808523744344738 4.0298108756542232 4.4867101013660378 4.8130984455347088 5.5921879261732137 7.4637862890958777 4.3130102902650824 5.9451876878738403 7.4697964936494818 3.9627026319503775 5.1289258152246466 3.8351216912269583 6.3555916845798519 6.3104931265115729 3.944921523332594 6.3580204546451569 11.166408494114885 4.7311449199914932 4.6611862033605584 5.3024788945913279 4.5112227648496628 4.6922609061002722 3.7699155807495153 4.6198797374963751 7.33829089999199 4.2857513874769202 4.0816102772951099 7.4531587213277799 6.0709684640169126 4.2802569568157196 10.987655729055403
leaf_count=24 26 25 21 24 26 29 39 23 31 43 21 28 22 37 33 20 35 61 26 24 27 21 25 20 25 36 22 20 40 33 23 64
internal_value=-5.26154e-05 -0.00537129 -0.00242877 6.18927e-06 -0.00887729 0.00462914 0.00612579 0.0112625 -0.0221288 0.0108883 0.00936435 0.0138666 0.0130933 0.0174534 0.000691188 0.00682573 -0.00188989 0.0181428 0.00286798 -0.0198325 -0.0256249 -0.0344233 -0.0028422 -0.0173762 0.0146767 -0.0258976 0.00547202 -0.0318074 0.0192158 0.0238124 0.0140008 0.0287417
internal_weight=182.011 123.356 104.3 93.8901 37.6212 21.3882 56.2689 17.3584 10.41 58.6546 48.8051 35.8644 53.6514 38.8859 14.7655 21.5427 14.0729 30.7355 9.21786 19.0557 14.4749 9.8137 12.9407 7.71484 8.455 16.233 8.97801 11.4199 13.0453 21.5176 10.3512 17.3432
internal_count=974 649 552 497 195 113 302 92 55 325 263 195 299 219 80 118 75 167 50 97 72 48 68 40 47 82 47 56 69 117 56 101
is_linear=0
shrinkage=0.03


Tree=8
num_leaves=34
num_cat=0
split_feature=1 28 35 1 28 12 1 27 27 31 24 34 39 20 40 27 16 12 16 11 33 20 15 27 30 31 1 22 19 20 35 35 23
split_gain=11.4037 5.37261 5.79955 6.38718 6.09854 6.03882 4.08638 3.713 4.29199 4.21618 3.41727 3.34214 3.16816 5.12777 2.9998 4.23347 2.80643 2.70753 3.22899 4.1316 3.45253 2.58965 2.55357 2.53115 2.21144 2.02923 1.61563 1.53904 1.20274 0.96335 0.704836 0.572247 0.365026
threshold=-0.28366139251917361 0.73522433120221864 -0.30308865112727845 -0.94323749926384093 -0.79841770060687667 -0.17464738060920845 -0.80677347717873749 0.5986644242633351 -0.44743380722602527 -1.0000000180025095e-35 -0.2804855189924586 -1.030842753884383 -0.6836929156473216 0.4079791611271405 224.00000000000003 -1.1931671999709155 0.77840961004070885 -0.17464738060920845 -0.87518027039473345 1.8233579231129926 1.0000000180025095e-35 0.4079791611271405 -0.13037438644773486 0.83429546155425494 1.4121048371467786 -0.48493539011878622 -0.35189340356172522 0.67425278305375458 0.92086892033324885 -1.0486619786743085 1.2702172134378782 0.26957057160716508 0.93796852652237395
decision_type=2 2 2 2 2 2 2 2 2 2 2 2 2 2 2 2 2 2 2 2 2 2 2 2 2 2 2 2 2 2 2 2 2
left_child=1 2 4 -4 11 -6 -5 8 -8 28 25 -1 16 17 29 22 31 18 20 -20 -14 -3 -16 -23 -25 -7 -12 32 -9 -13 -15 -2 -10
right_child=12 21 3 6 5 10 7 9 27 -11 26 14 13 30 15 -17 -18 -19 19 -21 -22 23 -24 24 -26 -27 -28 -29 -30 -31 -32 -33 -34
leaf_value=-0.020508526513209144 0 -0.036843946781339822 -0.023714516612775929 0.027816865490316003 -0.046642074317178171 -0.0052718068471421528 -0.0094880268332336211 -0.004249214449941697 0.02290007320456602 -0.023684781933998433 -0.010053029935740724 0.027615850588625975 0.0048327223813060486 0.031460434031312941 -0.029104322360149919 0.014587050792756526 -0.018342143477795451 0.019413101298950165 0.022111515007795617 -0.0090825204550843957 -0.027308297596661962 -0.023547268401041904 0.00081937872587137521 0.013581976902375984 -0.012397208731361912 -0.033500336102906703 0.011026648940228416 0 0.014532161672383517 0.0035566566784451439 0.010326617531488853 0.014664126941499739 0.0062845428952988201
leaf_weight=3.8218847215175655 3.6848118752241117 4.5748932510614422 4.9579250365495673 6.4673219770193091 4.5797033011913326 5.5654390007257488 6.090037763118743 4.4720494002103788 13.373281061649331 6.2962525486946097 4.2730130106210709 4.0039829462766647 4.6396547853946704 11.689739599823953 3.975819736719135 5.7993294745683617 4.5453622937202454 7.8516036421060589 7.6177523136138898 5.1306488066911697 4.6463424861431122 5.799375817179679 3.9809400737285614 4.2501251399517042 4.5483154505491257 4.8674757927656183 5.870291113853451 3.6730768233537665 4.5598006397485733 3.6512297093868282 4.9375795871019355 3.5804024934768677 4.0493840873241416
leaf_count=20 20 23 26 35 23 29 31 24 74 32 22 22 25 68 20 31 24 44 43 28 25 29 21 22 23 25 31 20 24 20 28 20 22
internal_value=-6.71779e-05 -0.00525405 -0.00238285 0.00432822 -0.00959982 -0.0196165 0.0079059 0.00389589 0.0104386 -0.00724782 -0.0105691 0.000702159 0.0106721 0.014125 0.00584493 -0.00238615 -0.00253489 0.00588648 0 0.00950172 -0.0122543 -0.0192809 -0.0157431 -0.0104837 0 -0.0215002 0.00148011 0.0167047 0.00538229 0.0192588 0.0268894 0.00811663 0.0201597
internal_weight=181.825 123.501 104.328 53.9391 50.3891 25.1559 48.9812 42.5139 27.1858 15.3281 20.5762 25.2332 58.3239 46.5133 21.4113 13.7561 11.8106 29.886 22.0344 12.7484 9.286 19.1727 7.95676 14.5978 8.79844 10.4329 10.1433 21.0957 9.03185 7.65521 16.6273 7.26521 17.4227
internal_count=974 649 552 288 264 130 262 227 147 80 107 134 325 261 114 72 64 165 121 71 50 97 41 74 45 54 53 116 48 42 96 40 96
is_linear=0
shrinkage=0.03


Tree=9
num_leaves=33
num_cat=0
split_feature=15 13 28 12 35 28 17 16 29 21 40 30 12 22 25 16 36 26 31 40 41 38 35 35 31 19 40 25 25 16 31 9
split_gain=11.1951 6.92732 5.22993 6.0802 5.17125 6.12487 4.63203 3.98898 3.96453 9.57518 4.16518 3.94376 3.82309 6.09421 3.44406 2.83485 3.10449 2.38373 2.7859 3.82249 1.84465 1.97293 1.47321 1.2238 1.10734 1.06617 0.54863 0.50092 3.68357 0.437771 0.429096 0.22141
threshold=1.4038268042596596 1.0136475862167575 -0.79841770060687667 0.66550602556011473 0.26957057160716508 0.73522433120221864 1.0000000180025095e-35 1.0000000180025095e-35 0.66028929484043164 -0.35864501743577687 231.00000000000003 -0.51787265779466807 -0.046368471578469239 -0.22612042073163696 0.42664306365950405 1.054007923446616 0.079272602998498462 -0.81258282090655454 0.29277490283895624 361.50000000000006 295.50000000000006 1.0000000180025095e-35 -0.88095386679567178 0.57498882373220173 0.098347329599520583 0.92086892033324885 361.50000000000006 -1.0000000180025095e-35 0.63213047580644732 0.50281129663480184 -0.34605855209061798 1.4279341675971111
decision_type=2 2 2 2 2 2 2 2 2 2 2 2 2 2 2 2 2 2 2 2 2 2 2 2 2 2 2 2 2 2 2 2
left_child=1 2 3 17 7 15 -3 12 9 10 -9 -2 13 -4 25 16 27 -1 29 22 -8 31 -20 -18 -11 -7 -10 -6 -29 -19 -5 -22
right_child=11 6 4 30 5 14 20 8 26 24 -12 -13 -14 -15 -16 -17 23 18 19 -21 21 -23 -24 -25 -26 -27 -28 28 -30 -31 -32 -33
leaf_value=-0.0079926378949077836 -0.00017129313764473915 -0.012368276842267246 -0.0039614178435175606 -0.024222394216469073 0.026857976257488744 -0.0098033751822376933 0.00058017438556807923 0 -0.029257531449574718 0.023154291702837476 -0.035637325398442991 0.03149775593801464 -0.0037899451765186685 -0.044120370675072879 -0.029094381183605435 -0.012163485233278881 0.007732826094739912 0.011751271295530235 0.02250626919280159 -0.01256348054049734 0.01110155495533202 0.0014547224695061591 0 -0.011251435847516457 0.0020221659921415081 0.0075614679316817601 -0.0074407751975047844 -0.0087656474731000484 0.024837788625233954 0.03035933574689741 -0.0050225738300787217 0.031765724818506438
leaf_weight=4.5759032368659964 4.3663425147533426 4.7277189046144512 5.6967851966619536 3.9876420497894287 5.8844063431024578 5.472445949912073 5.5823578089475658 5.247813433408739 4.8314065933227521 7.7897385656833666 5.0818859785795212 11.201564297080036 7.1289884597063056 10.396795317530632 6.8753261268138877 4.1244353353977194 4.2746615260839445 7.1374762058258074 5.8353244066238377 6.3635046780109397 4.0444060415029552 4.1608606874942771 3.6988561302423486 4.7687104344367981 4.2188022881746292 4.1622496098279953 3.941640168428421 3.909535303711893 5.051402822136879 5.3887985348701477 3.6998578906059256 8.0281033813953382
leaf_count=24 24 26 29 21 32 28 31 28 25 42 26 64 37 53 34 22 23 38 32 34 23 23 20 25 23 22 20 21 28 29 20 47
internal_value=-8.38162e-05 -0.00247284 -0.00518953 0.00366527 -0.00889406 -0.00108357 0.0111091 -0.0149858 -0.00713276 0 -0.0197417 0.0230295 -0.0241926 -0.0317957 -0.014948 0.00722878 0.011334 0.0094397 0.0127066 0.00331022 0.0169226 0.0216797 0.0147164 -0.00188531 0.0172233 -0.00175475 -0.0225572 0.019188 0.0104488 0.0225748 -0.0179636 0.0272771
internal_weight=181.656 166.088 139.544 40.6874 98.857 44.5232 26.5434 54.3339 31.1113 22.3382 10.3297 15.5679 23.2226 16.0936 16.51 28.0132 23.8887 32.9999 28.424 15.8977 21.8157 16.2334 9.53418 9.04337 12.0085 9.6347 8.77305 14.8453 8.96094 12.5263 7.6875 12.0725
internal_count=974 886 736 218 518 235 150 283 164 119 54 88 119 82 84 151 129 177 153 86 124 93 52 48 65 50 45 81 49 67 41 70
is_linear=0
shrinkage=0.03


Tree=10
num_leaves=33
num_cat=0
split_feature=15 13 37 28 35 28 27 29 15 17 19 35 20 15 35 1 20 36 36 34 37 29 19 33 41 41 25 15 36 39 33 32
split_gain=10.7193 6.61401 5.81694 5.29974 4.87043 5.88431 7.70838 5.49811 6.37218 4.45285 3.81977 4.17872 3.45151 3.08482 2.99388 2.74117 3.11494 2.62838 4.28706 2.47264 2.34572 2.15404 2.30156 1.84624 1.78614 1.47859 1.1789 0.910002 0.796937 0.579106 0.520406 0.183104
threshold=1.4038268042596596 1.0136475862167575 -0.48247432594152351 0.73522433120221864 0.15503872706027647 -0.79841770060687667 -0.63386715541224781 -0.52430510493003968 -0.24838986265599594 1.0000000180025095e-35 -1.5008018954739164 -0.76121602931483334 -1.0000000180025095e-35 -0.13037438644773486 -0.64668418476794476 -0.94323749926384093 -0.59548473518052447 0.079272602998498462 -0.80991435962371428 -0.87861556329597634 -1.3527150545841975 0.059204302672032354 0.50464424886639248 -0.12731410931968104 295.50000000000006 684.00000000000011 -0.35420910249888049 0.34168751838530959 -0.68866159199341237 -0.6836929156473216 -1.0000000180025095e-35 -0.57949096978140535
decision_type=2 2 2 2 2 2 2 2 2 2 2 2 2 2 2 2 2 2 2 2 2 2 2 2 2 2 2 2 2 2 2 2
left_child=1 2 15 4 5 10 -7 -8 31 -3 -4 26 -2 17 -10 -1 19 18 -6 -17 28 22 -22 27 -11 -26 -12 -5 -18 -21 -13 -9
right_child=12 9 3 23 13 6 7 8 14 24 11 30 -14 -15 -16 16 20 -19 -20 29 21 -23 -24 -25 25 -27 -28 -29 -30 -31 -32 -33
leaf_value=-0.017104466301643789 0.0023178289975000913 -0.012027240949666786 -0.017452205807882096 0 -0.011179692067847868 -0.041812947046681502 -0.030926740382774345 0.0066690988233865283 0.0026055395143179095 0.00056659340681911822 0.0046697254718714148 0 0.032655494227066643 0.022441964351969029 -0.027473423141912149 -0.0030539131860363076 0 -0.016049001925237158 0.022598259072422466 0.0067165961176899767 -0.025246375240602342 0.0071447901663483282 0 -0.034423089996847248 0.025705455164636255 0.0011741048058982403 0.026510442955464626 -0.018515041024260426 0.016759486313369286 0.026424425530428172 -0.0143597139284511 0.02310277351719223
leaf_weight=3.6184934377670279 5.8671245127916345 4.7579872608184841 6.1499142199754742 4.272984132170679 4.8152318298816681 7.9892423003911999 5.5552786290645626 4.0882248133420944 4.2158409357070958 5.580663055181506 5.4396059513092077 3.7534392327070236 9.5094317495822871 5.6136906296014777 5.4473251849412829 3.9270403981208828 3.7109709084033966 5.3063524961471549 5.738740876317026 4.1589538156986245 5.7145204693079048 5.0533609688282004 5.9785240441560745 7.8194608539342871 12.643744409084322 3.4190056771039954 5.8244542330503464 3.9306858032941818 5.3021286725997907 8.2438607960939372 3.852064743638036 4.2390148937702232
leaf_count=19 32 26 32 21 26 38 29 22 22 31 29 20 56 30 28 21 20 28 31 23 30 27 32 38 73 20 32 20 29 46 20 23
internal_value=-8.62143e-05 -0.00241186 -0.00505784 -0.00929415 -0.00571718 -0.0103019 -0.0186193 -0.00847711 0 0.0108988 0.000415507 0.0073898 0.0226702 0.00598026 -0.0152263 0.00355033 0.0059912 -0.000936306 0.00721593 0.0156429 -0.000431358 -0.00711188 -0.0138398 -0.0243901 0.0166509 0.0213718 0.0182215 -0.0103659 0.0106541 0.0216852 -0.00835249 0.0178947
internal_weight=181.537 166.161 139.759 94.0516 78.0284 56.5544 31.5349 23.5457 17.9904 26.4014 25.0195 18.8696 15.3766 21.474 9.66317 45.7079 42.0894 15.8603 10.554 16.3299 25.7595 16.7464 11.693 16.0231 21.6434 16.0628 11.2641 8.20367 9.0131 12.4028 7.6055 8.32724
internal_count=974 886 736 489 410 295 162 124 95 150 133 101 88 115 50 247 228 85 57 90 138 89 62 79 124 93 61 41 49 69 40 45
is_linear=0
shrinkage=0.03


Tree=11
num_leaves=36
num_cat=0
split_feature=7 37 25 30 38 21 25 29 29 2 41 39 20 30 29 25 12 40 10 29 40 35 29 16 4 33 30 34 26 23 35 35 35 32 29
split_gain=9.93205 5.04314 3.63018 4.79445 7.43887 5.52022 4.35864 5.43597 4.02287 3.03776 2.99457 2.99335 4.90655 2.99001 3.90937 2.92027 3.73589 3.70101 3.48797 2.93979 2.75129 2.65796 3.55286 2.61856 2.45119 2.24881 1.91965 1.88233 1.60774 3.05901 1.49468 0.678949 0.53733 0.473967 0.28636
threshold=-0.24126393416537692 -0.48247432594152351 0.96091033524155656 0.59386553053565816 1.0000000180025095e-35 1.5917751220530267 -0.68298896193398961 -1.0000000180025095e-35 0.059204302672032354 -0.65624346212121487 684.00000000000011 -0.6836929156473216 0.4079791611271405 -1.2027033818061488 0.66028929484043164 -1.0117688213690985 -0.17464738060920845 415.50000000000006 -1.3396167878262195 0.4072008770853161 266.00000000000006 1.2121858318859247 -1.0000000180025095e-35 0.77840961004070885 -0.4595805479844311 0.27631441195768303 0.35373008185630778 0.23046825384813144 -0.81258282090655454 0.33676336403301038 -0.57032962173668555 1.2702172134378782 0.26957057160716508 1.0000000180025095e-35 0.059204302672032354
decision_type=2 2 2 2 2 2 2 2 2 2 2 2 2 2 2 2 2 2 2 2 2 2 2 2 2 2 2 2 2 2 2 2 2 2 2
left_child=1 9 3 5 24 6 8 27 20 -1 21 23 15 -9 30 -13 17 18 -17 -20 -3 22 28 32 -5 33 34 -8 -11 -30 -15 -14 -2 -24 -4
right_child=11 2 26 4 -6 -7 7 13 -10 10 -12 12 31 14 -16 16 -18 -19 19 -21 -22 -23 25 -25 -26 -27 -28 -29 29 -31 -32 -33 -34 -35 -36
leaf_value=0.025614411215456517 0 0 -0.039316135535595112 -0.0059146520635556289 0.0090863571520302042 -0.027220199191048053 0.028284947459782956 0.016676628817285322 0.0065948004796410513 -0.028430876129708519 0.021383267853709715 0.023927103862837546 0.03072640364431474 0.013739337464011464 -0.027186988420522886 0.0072077340546952461 0.01861399541325395 0.015902017880583416 -0.0028469875496678972 -0.03480299448358188 -0.03296464454185466 0.016547346054680924 0.003600171560110681 -0.017939101273025788 -0.037918262391537012 -0.0078577535229789417 -0.004723089141000161 0.0022450026971102838 0.0047938686051860087 -0.022943519189228264 -0.008035733803932528 0.0098984521956068522 0.014052668818000932 0.020914016748674286 -0.013328515490700106
leaf_weight=3.4412434101104727 3.6663446277379972 3.6809186935424751 4.04975977540016 4.1233083307743081 5.2057209014892569 4.9239129722118369 9.74223445355892 3.8162267357110968 6.5854808390140525 4.4840663373470315 3.8788236677646628 4.6624300926923778 11.238420948386194 4.2679286450147602 4.9180166125297538 4.3340003341436431 6.1259444355964652 3.7956182211637488 5.4186077117919922 5.2249575406312943 5.3035784661769867 3.9770046025514594 4.4475710839033145 4.5737213492393494 8.9339007288217545 5.8589758872985831 4.9109338521957397 4.2421820908784857 7.2181738615036011 4.5204172283411026 3.8991647660732385 4.8753115385770789 3.5035233050584793 3.6323216408491135 3.9067723155021667
leaf_count=20 20 20 21 21 26 24 54 20 34 23 22 26 68 22 24 25 35 21 30 28 27 22 24 24 44 31 25 23 39 23 20 28 20 20 20
internal_value=-8.70061e-05 -0.00488979 -0.00914397 -0.00603924 -0.0186189 -0.001053 0.00236005 0.0088591 -0.00982607 0.00346078 0.000407502 0.010041 0.0134482 -0.00238942 -0.00950458 0.00540583 0.000547911 -0.00599239 -0.0128475 -0.0213896 -0.0216561 -0.00260711 -0.00598655 -0.00278038 -0.0298749 0.00459391 -0.0231453 0.0217559 -0.0150354 -0.00682367 0.00308896 0.026145 0.00762814 0.0140659 -0.0313285
internal_weight=181.388 123.969 82.51 69.6426 18.2629 51.3796 46.4557 30.8858 15.57 41.4586 38.0174 57.4189 45.6753 16.9013 13.0851 29.5616 24.8991 18.7732 14.9776 10.6436 8.9845 34.1385 30.1615 11.7436 13.0572 13.9389 12.8675 13.9844 16.2227 11.7386 8.16709 16.1137 7.16987 8.07989 7.95653
internal_count=974 649 425 359 91 268 244 163 81 224 204 325 261 86 66 165 139 104 83 58 47 182 160 64 65 75 66 77 85 62 42 96 40 44 41
is_linear=0
shrinkage=0.03


Tree=12
num_leaves=34
num_cat=0
split_feature=15 13 37 28 35 28 27 29 15 30 18 30 35 22 22 19 35 15 35 39 36 36 25 41 38 38 33 40 16 26 25 35 9
split_gain=10.1065 6.00906 5.29551 4.81412 4.67207 5.41506 6.93838 5.11004 6.08101 4.51874 4.2336 3.77397 3.6061 5.13583 4.15266 3.56972 3.97588 2.96937 2.80048 2.79483 2.45138 4.02591 1.76462 1.75184 1.99036 1.71243 2.26556 1.50992 1.35086 1.32841 1.15522 0.508895 0.230547
threshold=1.4038268042596596 1.0136475862167575 -0.48247432594152351 0.73522433120221864 0.15503872706027647 -0.79841770060687667 -0.63386715541224781 -0.52430510493003968 -0.24838986265599594 -1.0781887047131524 1.0000000180025095e-35 -0.51787265779466807 0.3298504897897383 -0.026037486557105419 -0.52624482199343403 -1.5008018954739164 -0.76121602931483334 -0.13037438644773486 -0.64668418476794476 -1.0000000180025095e-35 0.079272602998498462 -0.80991435962371428 -0.68298896193398961 295.50000000000006 1.0000000180025095e-35 -0.65357947786919746 -0.12731410931968104 306.00000000000006 0.50281129663480184 -0.29889518240347107 -0.35420910249888049 -0.46814925062132418 1.4279341675971111
decision_type=2 2 2 2 2 2 2 2 2 2 2 2 2 2 2 2 2 2 2 2 2 2 2 2 2 2 2 2 2 2 2 2 2
left_child=1 2 9 4 5 15 -7 -8 29 -1 -3 -2 13 14 27 -4 30 20 -10 -15 21 -6 -5 -12 32 -14 -27 -11 -24 -9 -17 -18 -25
right_child=11 10 3 22 17 6 7 8 18 12 23 -13 25 19 -16 16 31 -19 -20 -21 -22 -23 28 24 -26 26 -28 -29 -30 -31 -32 -33 -34
leaf_value=0.022331668677144291 -0.00036841474448156229 -0.011812957385313193 -0.0167776581974248 -0.0046881051709121609 -0.010521867898185716 -0.039621454421219608 -0.029623348831107604 0.0024714496671456331 0.0025274102202387278 0.00041770716820040794 0.00025692536130458843 0.030734318975151928 0.018537618921873954 -0.040090339720071325 0.018941937582627483 0.0044616639545254043 -0.014023654480669554 0.02223647879355653 -0.026479047139730993 -0.0032803366068366938 -0.015261002865880264 0.022214183245244389 -0.012102372202010233 0.010595129899514914 0.00071691262715033741 -0.014306282399616208 0.012736984251261168 -0.021650815859449821 -0.039456878934826099 0.027622781130768718 0.026106458316793188 0 0.03107500983537315
leaf_weight=7.6700664162635794 4.3431074917316446 4.7752001136541393 6.2118148356676128 4.9372934103012112 4.8705336451530457 8.1602427214384097 5.6512673646211651 4.2643681913614273 4.2073549330234554 4.7570010125637037 5.5401596873998669 10.765439361333843 7.3894685953855506 3.9682311117649078 6.0161923319101325 5.4120772927999532 3.8733853548765182 5.5700814127922049 5.5224130153655944 3.8387252837419537 5.3732995688915244 5.6595795750617999 5.6627029627561551 3.9789870083332044 4.0842934846878043 3.9076937288045874 4.2462163716554633 3.7476246356964111 5.6413799524307251 3.996018528938297 5.7299824804067612 3.7619659155607197 7.7171586155891418
leaf_count=43 24 26 32 25 26 38 29 23 22 26 31 64 41 20 33 29 20 30 28 20 28 31 28 23 23 21 23 20 26 22 32 20 47
internal_value=-8.26972e-05 -0.00232596 -0.00483294 -0.00885488 -0.00543448 -0.00991257 -0.0178387 -0.008166 2.76901e-05 0.00340194 0.0104421 0.0222065 -0.000984262 -0.00861879 0.00195805 0.000386761 0.00718194 0.00602149 -0.0147396 -0.0260811 -0.000740036 0.00714992 -0.0231459 0.0161383 0.0208604 0.0094239 0 -0.0104953 -0.0292455 0.0176286 0.0178443 -0.00809574 0.0265588
internal_weight=181.251 166.143 140.047 94.5058 78.2644 56.7909 31.8017 23.6414 17.9902 45.5412 26.0958 15.1085 37.8712 22.3278 14.5208 24.9892 18.7774 21.4735 9.72977 7.80696 15.9034 10.5301 16.2414 21.3206 15.7804 15.5434 8.15391 8.50463 11.3041 8.26039 11.1421 7.63535 11.6961
internal_count=974 886 736 489 410 295 162 124 95 247 150 88 204 119 79 133 101 115 50 40 85 57 79 124 93 85 44 46 54 45 61 40 70
is_linear=0
shrinkage=0.03


Tree=13
num_leaves=34
num_cat=0
split_feature=15 13 37 28 35 28 27 30 21 17 30 35 22 22 19 35 16 15 34 35 30 21 33 35 41 38 38 33 40 25 31 33 9
split_gain=9.68071 5.74248 5.0069 4.55253 4.4273 5.09413 6.46014 4.35215 4.34279 4.06989 3.67886 3.44627 4.86263 3.97835 3.38786 3.82539 3.34429 2.86427 2.72997 2.72048 2.2486 2.25978 1.73712 1.921 1.69612 1.93605 1.6489 2.16609 1.43313 1.12283 0.644835 0.500237 0.228654
threshold=1.4038268042596596 1.0136475862167575 -0.48247432594152351 0.73522433120221864 0.15503872706027647 -0.79841770060687667 -0.63386715541224781 -1.0781887047131524 -0.35864501743577687 1.0000000180025095e-35 -0.51787265779466807 0.3298504897897383 -0.026037486557105419 -0.52624482199343403 -1.5008018954739164 -0.76121602931483334 1.0000000180025095e-35 -0.13037438644773486 1.0000000180025095e-35 -0.57032962173668555 0.35373008185630778 -1.0000000180025095e-35 -0.12731410931968104 0.91381219718341444 295.50000000000006 1.0000000180025095e-35 -0.65357947786919746 -0.12731410931968104 306.00000000000006 -0.35420910249888049 0.098347329599520583 -1.0000000180025095e-35 1.4279341675971111
decision_type=2 2 2 2 2 2 2 2 2 2 2 2 2 2 2 2 2 2 2 2 2 2 2 2 2 2 2 2 2 2 2 2 2
left_child=1 2 7 4 5 14 -7 -1 18 -3 -2 12 13 28 -4 29 19 20 -8 -10 21 -6 23 -5 -11 32 -13 -28 -9 -16 -14 -17 -26
right_child=10 9 3 22 17 6 8 11 16 24 -12 26 30 -15 15 31 -18 -19 -20 -21 -22 -23 -24 -25 25 -27 27 -29 -30 -31 -32 -33 -34
leaf_value=0.021993161155542444 -0.00036014691234666105 -0.011489821250276542 -0.016268539324405775 -0.0210142445956326 -0.019675578231188529 -0.038158826257141197 -0.0031622847444191561 0.00040824758015148413 0.0056479253496432621 0.00025088701430732023 0.030396129413947048 0.018225385787383225 -0.033460966327672731 0.018635251504858848 0.0043645878105040802 0 0.015268286021603881 0.021906042666486138 -0.037183188300518061 -0.024736509455226124 0.011595662871436712 0.0059309141551739039 -0.031981743292774742 0.0037697581223217029 0.010409107619771773 0.00070138098341708782 -0.013923364785054062 0.012515345984890291 -0.021023572968438247 0.025773365046363819 -0.008699961064822858 -0.013763750909117882 0.030768758200730256
leaf_weight=7.5789508372545233 4.3439369797706595 4.8039537072181728 6.2602179944515255 4.1204026341438311 5.8697935938835144 8.2745387107133883 4.5653041601181048 4.755979120731352 3.8430258482694626 5.5394083559513119 10.578188851475714 7.3173784315586081 4.0271494984626797 5.9573295712470999 5.4000251293182409 3.7700968384742737 7.2425044476985931 5.50804878771305 4.1650334894657135 3.9006544798612577 6.1064568907022467 3.9264738857746142 8.0238482952117902 4.2128568142652512 3.9557542502880079 4.0827325880527487 3.9355309158563605 4.2187544554471961 3.787784606218338 5.6505081057548523 3.8562417477369308 3.8905623853206608 7.577201634645462
leaf_count=43 24 26 32 20 31 38 24 26 20 31 64 41 20 33 29 20 39 30 21 20 33 21 38 21 23 23 21 23 20 32 20 20 47
internal_value=-8.61584e-05 -0.00227147 -0.00471595 -0.00861647 -0.00528343 -0.00962847 -0.0172805 0.0033041 -0.00792169 0.0102456 0.0218623 -0.000980694 -0.00842337 0.00189706 0.000371665 0.00703006 0.00182375 0.00588804 -0.0230515 -0.0105387 -0.000725122 -0.00945631 -0.0224651 -0.00921082 0.0158801 0.0205659 0.00922664 0 -0.0102167 0.0175617 -0.0253152 -0.0078949 0.0262476
internal_weight=181.047 166.125 140.165 94.7304 78.3732 56.9625 31.9911 45.4351 23.7165 25.9591 14.9221 37.8561 22.3845 14.5011 24.9714 18.7112 14.9862 21.4108 8.73034 7.74368 15.9027 9.79627 16.3571 8.33326 21.1551 15.6157 15.4717 8.15429 8.54376 11.0505 7.88339 7.66066 11.533
internal_count=974 886 736 489 410 295 162 247 124 150 88 204 119 79 133 101 79 115 45 40 85 52 79 41 124 93 85 44 46 61 40 40 70
is_linear=0
shrinkage=0.03


Tree=14
num_leaves=26
num_cat=0
split_feature=15 1 25 32 24 32 41 41 29 33 1 16 28 27 10 26 11 22 37 14 40 21 29 36 28
split_gain=9.27463 5.40352 4.31123 4.24018 7.08664 5.95776 5.90865 6.74031 5.41142 5.24023 5.20807 5.08581 4.36669 5.96799 4.34415 4.30145 3.8188 3.56478 3.3245 3.16845 2.92687 2.78181 2.47541 0.881515 0.805834
threshold=1.4038268042596596 -0.94323749926384093 -1.6693285402393172 1.0093250939349281 -0.4733275628738603 1.2038739996961119 224.00000000000003 551.00000000000011 -0.6593860263112421 -0.12731410931968104 -0.35189340356172522 1.054007923446616 -0.79841770060687667 -0.63386715541224781 0.94420895356276036 1.2421677331057801 1.4954682697603936 -0.22612042073163707 -1.0000000180025095e-35 -1.0244531866233433 224.00000000000003 1.0000000180025095e-35 -1.1113296294453769 -1.2191424503759822 -0.42189480656991307
decision_type=2 2 2 2 2 2 2 2 2 2 2 2 2 2 2 2 2 2 2 2 2 2 2 2 2
left_child=1 20 -3 4 6 -5 9 10 -9 21 -8 23 16 -14 18 -7 -6 -2 22 -20 -1 -4 -15 -12 -11
right_child=17 2 3 5 12 15 7 8 -10 24 11 -13 13 14 -16 -17 -18 -19 19 -21 -22 -23 -24 -25 -26
leaf_value=-0.00093822749026193893 0.00083225980762672018 -0.026143845791072467 -0.013028810811697676 -0.03235830772778376 0.027615462912464115 -0.014663745975188719 -0.012532700662879676 0.0054573320557254872 -0.037341776671571368 -0.012754669291416146 0.0085256790831470287 -0.0085888568968064474 -0.019018060868728259 -0.0074980974975320889 0.030306668935744362 0.014942721035054271 -0.0030644637319298322 0.031773472397975372 0.011793023554892841 -0.015175124648039754 -0.031972539720360862 0.015093502886004405 0.013830614293521733 0.031087397669423825 -0.035062312275510869
leaf_weight=4.8988747000694257 5.6128241270780554 4.2400047034025183 5.052757993340494 6.5414544194936779 13.995018795132632 7.5319895148277265 5.1482773572206524 3.9434313625097275 4.2389568239450437 6.2161281257867813 4.4583753049373689 3.9091663658618918 7.1487270146608273 4.6512853503227189 5.3584585785865775 7.1400666087865829 3.9722779542207709 9.1249354928731901 4.2483589500188819 10.649544715881367 6.5789811164140701 4.6074246913194656 24.020458921790123 10.089852377772329 7.4535504877567273
leaf_count=26 31 22 26 33 77 39 27 22 23 32 25 21 35 25 29 39 22 57 25 55 33 24 131 57 38
internal_value=-9.0275e-05 -0.00221948 -0.000612762 0.000318709 0.00243337 -0.011603 -0.00556042 0.00272536 -0.0184455 -0.0165744 0.0109664 0.0182709 0.00845556 0.00395359 0.00789475 0 0.0208109 0.0215246 0.00408835 -0.00674356 -0.0208285 7.23813e-05 0.00997094 0.0259903 -0.027578
internal_weight=180.831 166.093 154.616 150.376 129.162 21.2135 55.1179 31.7881 8.18239 23.3299 23.6057 18.4574 74.0441 56.0768 48.9281 14.6721 17.9673 14.7378 43.5696 14.8979 11.4779 9.66018 28.6717 14.5482 13.6697
internal_count=974 886 827 805 694 111 295 175 45 120 130 103 399 300 265 78 99 88 236 80 59 50 156 82 70
is_linear=0
shrinkage=0.03


Tree=15
num_leaves=32
num_cat=0
split_feature=15 13 37 28 35 28 12 17 20 22 35 12 22 12 33 22 38 26 39 15 28 20 35 38 24 41 25 41 15 16 36
split_gain=8.9186 5.34503 4.68647 4.22678 4.22743 4.56882 5.34041 3.88263 3.74939 3.62748 5.5998 5.4351 3.47762 3.41342 3.3141 3.16907 3.91196 3.07367 3.06778 2.81933 2.99021 2.11405 3.64209 1.96136 1.74034 1.62376 1.61166 1.48738 1.38842 1.28895 0.0216381
threshold=1.4038268042596596 1.0136475862167575 -0.48247432594152351 0.73522433120221864 0.15503872706027647 -0.79841770060687667 -0.20716383770805116 1.0000000180025095e-35 0.24613014559364615 -0.026037486557105419 0.3298504897897383 0.65635956298795273 -0.22612042073163707 2.4867868613359354 0.75332993710365825 -1.1264936245170281 1.0000000180025095e-35 0.31752998380022929 -1.0000000180025095e-35 -0.48442081507251811 0.23931612929987658 -0.78970355382071766 -0.76121602931483334 -0.65357947786919746 -0.78187483308410277 295.50000000000006 -0.68298896193398961 684.00000000000011 -1.4285446247386067 0.50281129663480184 -0.2515134560631142
decision_type=2 2 2 2 2 2 2 2 2 2 2 2 2 2 2 2 2 2 2 2 2 2 2 2 2 2 2 2 2 2 2
left_child=1 2 9 4 5 15 -7 -3 17 11 18 14 -2 19 28 16 -4 24 -11 20 -6 22 -17 -12 -8 -9 -5 30 -1 -28 -27
right_child=12 7 3 26 13 6 8 25 -10 10 23 -13 -14 -15 -16 21 -18 -19 -20 -21 -22 -23 -24 -25 -26 27 29 -29 -30 -31 -32
leaf_value=0.0031815627662188633 0.00081283872229939713 -0.011195584170429266 0.0038422517388709086 -0.0041207626716519789 -0.010564786341815827 -0.038254171047438251 -0.0047692636369500658 0.00022073745959742922 0.0092668406836497498 -0.037674473825847848 0.019218392060558784 -0.013955213003518872 0.0314728020978262 -0.015587469738500831 -0.0032740645135513188 0.01315204899937234 -0.030916259597546632 0.0014097996318332589 -0.0012760204588729218 0.024671724876144711 0.017860043037781752 0.019815701034224972 -0.019577868894295743 -0.0029723890913271717 -0.030196264014265492 0.028162954443570778 -0.011069682841479658 0.00017724264044355681 0.027764796678940586 -0.037080785375932609 0.010384669389499281
leaf_weight=3.6051366180181565 5.6103983223438254 4.827829301357272 5.2462346106767672 4.9871747344732311 6.598048940300945 6.6055437773466101 4.8936000764369973 5.5345372110605267 6.2234029471874228 4.0885391682386398 4.7796501368284225 5.0459139049053183 8.9526852518320066 3.7644078284502021 4.6179164499044409 5.5615330040454856 3.8174141347408295 6.129444256424903 4.0671561807394045 6.8893991112709054 4.1234631985425949 6.3714830428361884 3.8747261464595786 6.718101501464842 8.3949959278106725 8.1166637092828768 5.7506369501352292 3.3207696080207816 12.406001254916193 5.7714886069297791 3.9451814591884569
leaf_count=20 31 26 28 25 35 32 25 31 32 20 27 27 57 20 25 31 19 31 21 38 22 35 20 36 42 50 28 20 71 26 23
internal_value=-0.000106689 -0.0021852 -0.00453447 -0.00829714 -0.0050763 -0.00931235 -0.016506 0.00994471 -0.00887783 0.00323666 -0.00602227 0.0104861 0.0212135 0.00584924 0.0172763 0.000195404 -0.0125405 -0.0152275 -0.0231624 0.0116092 0.000726681 0.00829842 -0.000580825 0.00694408 -0.0226718 0.0155143 -0.0215792 0.020153 0.0233189 -0.02733 0.0245822
internal_weight=180.639 166.076 140.331 95.003 78.4937 57.1184 32.247 25.745 25.6414 45.3284 19.6534 25.675 14.5631 21.3753 20.6291 24.8714 9.06365 19.418 8.1557 17.6109 10.7215 15.8077 9.43626 11.4978 13.2886 20.9172 16.5093 15.3826 16.0111 11.5221 12.0618
internal_count=974 886 736 489 410 295 162 150 130 247 104 143 88 115 116 133 47 98 41 95 57 86 51 63 67 124 79 93 91 54 73
is_linear=0
shrinkage=0.03


Tree=16
num_leaves=31
num_cat=0
split_feature=15 13 37 30 28 27 28 17 30 35 22 12 36 36 26 21 34 23 22 25 27 38 22 22 30 25 25 9 38 35
split_gain=8.57127 5.11506 4.42791 4.103 3.99653 4.12185 8.31213 3.73148 3.48114 3.13859 4.28481 4.20567 2.91906 2.87809 2.71973 3.05984 4.79903 8.51692 4.62982 3.25075 3.10238 1.96449 1.56936 1.89652 1.56195 2.25052 1.50674 0.997715 0.855956 0.460664
threshold=1.4038268042596596 1.0136475862167575 -0.48247432594152351 -1.0781887047131524 0.73522433120221864 -0.63386715541224781 -0.79841770060687667 1.0000000180025095e-35 -0.51787265779466807 0.3298504897897383 -0.026037486557105419 0.6046990858162743 0.59122873299310597 -0.2515134560631142 1.2421677331057801 1.0000000180025095e-35 0.23046825384813144 0.33676336403301038 -0.72632775616796563 0.96091033524155656 0.75106628825683408 1.0000000180025095e-35 1.4745845197518805 0.17404544761742602 1.1630754829607857 -0.35420910249888049 -0.68298896193398961 -0.29068723937890301 1.0000000180025095e-35 0.91381219718341444
decision_type=2 2 2 2 2 2 2 2 2 2 2 2 2 2 2 2 2 2 2 2 2 2 2 2 2 2 2 2 2 2
left_child=1 2 3 -1 5 6 12 -3 -2 10 11 21 13 -4 15 16 19 -18 -17 20 -7 -5 23 -9 25 -11 -6 -20 -28 -27
right_child=8 7 4 9 26 14 -8 22 -10 24 -12 -13 -14 -15 -16 18 17 -19 27 -21 -22 -23 -24 -25 -26 29 28 -29 -30 -31
leaf_value=0.021460590769176096 -0.00054666908177204438 -0.010892029809941904 0.0040591297684676522 0 -0.0040199782464846638 0.020798084457294731 -0.034085751719834308 0.0032176879040552863 0.029517103595272702 0.028029399542799496 -0.02373576616403825 -0.020247469742074323 0.01301095524179627 -0.022282159103753831 -0.016097532049859597 -0.0086411996111047992 -0.043383595543655951 0.0084548784686171649 0.0051931900963124939 -0.013141259603055198 -0.0068188894920966185 0.0236215966401861 -0.0010101580630901346 0.025681090791452536 -0.0056354231724350719 -0.0039974593138805917 -0.033371814112373777 0.028667360382421531 -0.0096986957700887465 0.0083853988540118825
leaf_weight=7.4262002259492865 4.3233952969312659 4.8548932522535351 6.000381305813792 5.9775288105010969 4.9963084906339672 10.155639246106153 9.7986376881599409 6.212176561355597 10.067157208919523 4.286370024085044 8.0345933735370654 3.8356561064720145 6.5754880458116522 6.0490682125091579 6.2698005288839331 4.9932468384504345 4.4333875775337201 4.4081156700849533 3.7955414652824411 4.5589909851551047 4.0576161444187155 4.6135648339986801 3.5853116661310187 10.961625650525091 3.650299832224845 3.8426060229539862 6.9391500651836378 7.4958982914686176 4.6754265129566193 3.5366707146167755
leaf_count=43 24 26 31 33 25 57 44 36 64 24 40 20 36 32 32 25 22 24 20 24 21 26 21 67 20 21 32 42 22 20
internal_value=-0.000114707 -0.00214369 -0.00443674 0.00313067 -0.00808472 -0.00494652 -0.0137623 0.00975469 0.0209084 -0.0010018 -0.00807092 0.00169028 -0.00102831 -0.00972471 0.000186604 0.00309958 -0.00283591 -0.0194807 0.012892 0.00556896 0.0126338 0.0116577 0.0152615 0.018788 0.00880367 0.0139048 -0.0209619 0.02278 -0.026499 0.00167555
internal_weight=180.411 166.02 140.406 45.2035 95.2027 78.5918 28.4236 25.614 14.3906 37.7773 22.4613 14.4267 18.6249 12.0494 50.1682 43.8984 27.6137 8.8415 16.2847 18.7722 14.2133 10.5911 20.7591 17.1738 15.3159 11.6656 16.6109 11.2914 11.6146 7.37928
internal_count=974 886 736 247 489 410 143 150 88 204 119 79 99 63 267 235 148 46 87 102 78 59 124 103 85 65 79 62 54 41
is_linear=0
shrinkage=0.03


Tree=17
num_leaves=28
num_cat=0
split_feature=15 1 25 32 24 32 28 27 10 11 38 30 19 27 27 36 37 1 14 40 36 23 33 28 14 12 27
split_gain=8.21628 4.93404 4.11522 3.85788 6.72239 5.39871 4.01485 5.42739 4.2495 3.7197 3.50594 3.39494 3.28903 3.29969 3.9644 6.38551 3.09178 3.02851 2.81953 2.67498 2.12004 1.87789 1.72531 1.37831 1.35481 1.08434 0.0143342
threshold=1.4038268042596596 -0.94323749926384093 -1.6693285402393172 1.0093250939349281 -0.4733275628738603 1.2038739996961119 -0.79841770060687667 -0.63386715541224781 0.94420895356276036 1.4954682697603936 -1.0000000180025095e-35 -0.51787265779466807 0.92086892033324885 0.75106628825683408 0.11186623733264232 -0.45481696870640198 -1.0000000180025095e-35 -0.056221355710667657 -1.0244531866233433 224.00000000000003 -0.082397753841903815 -0.26444179845635313 0.75332993710365825 1.0000000180025095e-35 -0.88179306130144886 -0.14685529353630611 -1.5660338963433607
decision_type=2 2 2 2 2 2 2 2 2 2 2 2 2 2 2 2 2 2 2 2 2 2 2 2 2 2 2
left_child=1 19 -3 4 12 -5 9 -8 16 26 17 -2 13 14 15 24 21 -7 -18 -1 22 -9 -14 -16 -4 -17 -6
right_child=11 2 3 5 6 10 7 8 -10 -11 -12 -13 20 -15 23 25 18 -19 -20 -21 -22 -23 -24 -25 -26 -27 -28
leaf_value=-0.0007476543322623918 -0.00053437854185120286 -0.025401545476633418 -0.0031000687833654078 -0.030494080655856438 0.011714655584908709 -0.020430633643408361 -0.017800182140437069 -0.0013346621807260792 0.030046020311830578 -0.003244827843298991 0.018744947587839667 0.0292043982932647 0.024413517765446636 -0.025885541158549401 0.019422077736442028 0.014420555033149889 0.011233657221617914 0.0090870380923367307 -0.014272345059802653 -0.030312228450936 -0.0082039226299797288 0.014492949282335006 0 -0.00048761245676347368 -0.026577765290465034 -0.0033321766746043759 0.030517457460420234
leaf_weight=4.9104508906602842 4.3246261626482001 4.2831572294235221 3.8904122114181474 6.6799107044935253 4.0308746248483667 6.5793464332818985 7.2344124019145886 8.5454555600881523 5.2899021953344336 3.9524749368429175 4.4274111539125416 9.8884738981723768 4.9548055976629239 7.4321229457855216 4.8627723008394224 5.7462988197803497 4.1666885614395133 3.6573917418718338 10.766212448477765 6.7004650086164474 3.8590146899223319 19.902474880218506 3.6078053861856461 4.9174659550189972 12.046228766441345 3.8151217848062551 9.6750144958496023
leaf_count=26 24 22 21 33 22 33 35 47 29 22 24 64 29 39 28 31 25 21 55 33 20 109 20 26 61 20 55
internal_value=-0.000121215 -0.00209933 -0.000552757 0.000361417 0.00239102 -0.010967 0.0082868 0.00397008 0.00776104 0.0202592 0 0.0205867 -0.00538099 -0.00933532 -0.00477198 -0.0109621 0.00399653 -0.00955979 -0.00641457 -0.0197825 0.00732542 0.00970944 0.0151001 0.010146 -0.0219503 0.00730329 0.0270833
internal_weight=180.147 165.934 154.323 150.04 128.696 21.3441 73.5635 55.9051 48.6707 17.6584 14.6641 14.2131 55.132 42.7104 35.2783 25.4981 43.3808 10.2367 14.9329 11.6109 12.4216 28.4479 8.56261 9.78024 15.9366 9.56142 13.7059
internal_count=974 886 827 805 694 111 399 300 265 99 78 88 295 226 187 133 236 54 80 59 69 156 49 54 82 51 77
is_linear=0
shrinkage=0.03


Tree=18
num_leaves=32
num_cat=0
split_feature=15 13 37 28 35 28 27 29 15 17 22 22 35 12 12 33 22 38 15 28 35 20 35 25 29 33 35 22 22 15 26
split_gain=7.87003 4.72097 4.15163 3.75574 3.97902 3.97722 5.13509 4.47067 5.59998 3.54484 3.34609 3.33399 5.15256 4.94898 3.26929 3.19444 2.96626 3.6716 2.68083 2.79712 2.45988 1.97883 3.46972 1.96938 2.9559 1.55727 1.76724 1.51979 1.83088 1.30516 1.26597
threshold=1.4038268042596596 1.0136475862167575 -0.48247432594152351 0.73522433120221864 0.15503872706027647 -0.79841770060687667 -0.63386715541224781 -0.52430510493003968 -0.24838986265599594 1.0000000180025095e-35 -0.22612042073163707 -0.026037486557105419 1.2121858318859247 0.65635956298795273 2.4867868613359354 0.75332993710365825 -1.1264936245170281 1.0000000180025095e-35 -0.48442081507251811 0.23931612929987658 -0.64668418476794476 -0.78970355382071766 -0.76121602931483334 1.0000000180025095e-35 -0.52430510493003968 -0.12731410931968104 0.91381219718341444 1.4745845197518805 0.17404544761742602 -1.4285446247386067 -0.29889518240347107
decision_type=2 2 2 2 2 2 2 2 2 2 2 2 2 2 2 2 2 2 2 2 2 2 2 2 2 2 2 2 2 2 2
left_child=1 2 11 4 5 16 -7 -8 30 -3 -2 13 23 15 18 29 17 -4 19 -6 -10 22 -18 -13 -25 26 -5 28 -11 -1 -9
right_child=10 9 3 25 14 6 7 8 20 27 -12 12 -14 -15 -16 -17 21 -19 -20 -21 -22 -23 -24 24 -26 -27 -28 -29 -30 -31 -32
leaf_value=0.0031361744152979495 0.00038279041448995574 -0.010595115547094507 0.0037417763503635759 -0.019215995330778449 -0.0099129094561567817 -0.033733333516943353 -0.026828700991646446 0.0026299513368358987 0.0026470957681556948 0.0030914565912035911 0.030675914012521666 -0.00034766521041319944 0.02062750161250157 -0.012991913385123701 -0.015002817943100813 -0.0033983657041059294 0.012928654689053689 -0.029837808802435948 0.02439537797487366 0.017591970175320572 -0.024290520015775818 0.019261908810665019 -0.018999050995515958 -0.00060999535507416018 -0.035029033566753652 -0.028998971703098574 0.0043079596476917675 -0.0010951975712748382 0.025244571551008583 0.027149514686614012 0.027383043847359675
leaf_weight=3.5975777655839947 5.5542102456092826 4.8805126845836666 5.2292875200510043 4.2181490212678927 6.6534001231193578 8.6066997200250608 5.8514221310615531 4.2738643288612366 4.2129703164100638 6.1921818703413072 8.4838482737541181 7.1756596565246644 3.6735857129096976 5.1266834139823905 3.798564374446868 4.6026877462863913 5.5228621214628211 3.8717755675315857 6.8074727803468713 4.0793904662132263 5.6779074221849486 6.2496620267629615 3.9080753326416007 4.1923344582319295 4.6645202785730309 8.2678181231021863 4.2512045800685883 3.5751306414604178 10.747374251484869 12.084500879049303 3.9470955729484558
leaf_count=20 31 26 28 20 35 38 29 23 22 36 57 38 21 27 20 25 31 19 38 22 28 35 20 22 23 38 21 21 67 71 22
internal_value=-0.000119416 -0.00204631 -0.00424115 -0.00776553 -0.00471794 -0.00881594 -0.0154697 -0.00707366 0.000566531 0.0094366 0.0202705 0.00309453 -0.00573927 0.010106 0.00588905 0.0167117 8.4417e-05 -0.0121783 0.0115541 0.000926081 -0.0134522 0.0079928 -0.000544522 -0.0133709 -0.0217643 -0.0201983 -0.00793471 0.014872 0.0183822 0.0227446 0.0175233
internal_weight=179.978 165.94 140.545 95.4276 78.6904 57.3516 32.57 23.9633 18.1118 25.3952 14.0381 45.1175 19.7061 25.4114 21.3388 20.2848 24.7817 9.10106 17.5403 10.7328 9.89088 15.6806 9.43094 16.0325 8.85685 16.7372 8.46935 20.5147 16.9396 15.6821 8.22096
internal_count=974 886 736 489 410 295 162 124 95 150 88 247 104 143 115 116 133 47 95 57 50 86 51 83 45 79 41 124 103 91 45
is_linear=0
shrinkage=0.03


Tree=19
num_leaves=31
num_cat=0
split_feature=15 4 25 32 24 32 28 35 12 25 11 35 38 17 19 32 22 14 7 29 15 12 32 33 33 25 34 33 21 35
split_gain=7.56395 4.53795 3.89054 3.60858 6.33609 5.03877 3.7787 6.02143 4.56473 3.6515 3.63114 3.4869 3.33534 3.27044 5.35049 3.63132 3.26552 3.02675 2.82272 2.66019 2.33129 2.18226 1.97752 1.97052 1.76567 1.7617 1.12475 0.672507 0.287311 0.0691355
threshold=1.4038268042596596 -0.93765944025564518 -1.6693285402393172 1.0093250939349281 -0.4733275628738603 1.2038739996961119 -0.79841770060687667 -0.11220224354913047 -0.19008798556394296 0.1937573298929684 1.4954682697603936 0.4986342607009428 -1.0000000180025095e-35 0.6801129697803433 0.50464424886639248 -0.57949096978140535 -0.22612042073163707 -0.89071363328459208 0.035706025883076815 -1.1113296294453769 -0.36640533886425702 2.5309135639826712 -0.22281797588590221 -1.0000000180025095e-35 1.1936519603153282 -1.0000000180025095e-35 -0.16097309337920093 -0.12731410931968104 -0.74872904533353757 -1.2193434075023883
decision_type=2 2 2 2 2 2 2 2 2 2 2 2 2 2 2 2 2 2 2 2 2 2 2 2 2 2 2 2 2 2
left_child=1 21 -3 4 13 -5 10 8 -8 19 29 -11 18 14 15 17 -2 -4 -7 -9 -19 -1 -10 -17 -13 -16 -21 -15 -27 -6
right_child=16 2 3 5 6 12 7 9 22 11 -12 24 -14 27 25 23 -18 20 -20 26 -22 -23 -24 -25 -26 28 -28 -29 -30 -31
leaf_value=-0.0030916162060110001 0.00037380870471567638 -0.024567243521941298 0.0031022283772261529 -0.029273172525862024 0.011169082261948534 -0.01961805342069723 -0.031370386829897012 -0.0014219189063603792 0.01156475912329512 0.018610570980669712 -0.003349522516849971 -0.016225005779283746 0.01846505425508068 -0.0063948521638535968 0 0.020879357914339564 0.030400422627996707 -0.0091568028862517841 0.0088613295548788558 0.0043755474008453686 -0.032985711934526096 -0.029893248386713304 -0.0092492933118156571 -0.0046065043181673544 0.0054193535995655899 0.0080573891093057761 0.027272780340454796 -0.02827568165153202 0.02719284263244999 0.030172677971867248
leaf_weight=5.8336300998926145 5.5530925542116156 4.3328787982463828 6.0637325942516318 6.7693765908479717 3.9697986841201791 6.6447540372610092 4.5133121758699444 4.1575642675161317 5.8967674523592004 4.6197899580001858 3.9406886398792258 7.8061936348676664 4.3801287114620182 4.1616454124450684 5.9124856293201455 3.5916072577238083 8.3199833482503873 12.051831692457197 3.6285904496908188 3.7254125326871881 6.490229249000552 5.8970471322536469 7.7402133643627069 4.3478803783655193 3.8741748631000519 4.2549935877323142 13.382041513919852 4.3868253231048566 3.9527521282434437 9.4974558800458837
leaf_count=30 31 22 34 33 22 33 22 23 31 27 22 41 24 23 32 20 57 62 21 21 33 29 39 23 22 23 74 22 23 55
internal_value=-0.000123391 -0.00200525 -0.000512437 0.000380576 0.00235216 -0.0105498 0.00810532 0.00391773 -0.00959597 0.0107185 0.0198166 0 0 -0.00517418 -0.0016358 -0.00836589 0.0199809 -0.0139506 -0.00920198 0.0184798 -0.0196414 -0.01888 0 0.0077728 -0.00879099 0.0128058 0.0233637 -0.0207653 0.0206687 0.0266525
internal_weight=179.697 165.824 154.093 149.76 128.337 21.4228 73.1234 55.7155 18.1503 37.5652 17.4079 16.3002 14.6535 55.214 46.6655 32.5453 13.8731 24.6058 10.2733 21.265 18.5421 11.7307 13.637 7.93949 11.6804 14.1202 17.1075 8.54847 8.20775 13.4673
internal_count=974 886 827 805 694 111 399 300 92 208 99 90 78 295 250 172 88 129 54 118 95 59 70 43 63 78 95 45 46 77
is_linear=0
shrinkage=0.03


Tree=20
num_leaves=34
num_cat=0
split_feature=15 13 37 30 28 35 28 27 29 15 17 30 12 30 15 35 39 22 22 38 30 0 20 35 36 0 35 38 33 33 35 41 30
split_gain=7.26653 4.32661 3.92706 3.80428 3.58835 3.70752 3.54698 4.72091 4.20777 5.28615 3.38685 3.2138 3.12843 3.53062 5.45729 2.85144 3.86856 3.78698 2.80344 3.48446 2.44431 2.38251 1.87469 3.30442 1.63515 3.25993 1.60934 1.56921 2.02037 1.40376 1.66776 1.0334 0.396794
threshold=1.4038268042596596 1.0136475862167575 -0.48247432594152351 -1.0781887047131524 0.73522433120221864 0.15503872706027647 -0.79841770060687667 -0.63386715541224781 -0.52430510493003968 -0.24838986265599594 1.0000000180025095e-35 -0.51787265779466807 2.4867868613359354 0.16695806621681294 -0.72045176748904016 0.3298504897897383 -1.0000000180025095e-35 0.17404544761742585 -1.1264936245170281 1.0000000180025095e-35 -0.45561531924816978 0.50615730335033715 -0.78970355382071766 -0.76121602931483334 -0.32490328910250749 -0.84402244028831108 -0.30308865112727845 -0.65357947786919746 -0.12731410931968104 -0.12731410931968104 0.91381219718341444 323.00000000000006 -0.20658596506217683
decision_type=2 2 2 2 2 2 2 2 2 2 2 2 2 2 2 2 2 2 2 2 2 2 2 2 2 2 2 2 2 2 2 2 2
left_child=1 2 3 -1 5 6 18 -8 -9 32 -3 -2 13 14 -7 16 17 20 19 -4 -5 -11 23 -20 31 -26 -18 -17 -29 30 -6 -12 -10
right_child=11 10 4 15 29 12 7 8 9 21 24 -13 -14 -15 -16 27 26 -19 22 -21 -22 -23 -24 -25 25 -27 -28 28 -30 -31 -32 -33 -34
leaf_value=0.020932878315154491 -0.0006892528241787359 -0.010415502971711461 0.0036613931803787915 -0.01667244190672558 -0.01870380952620998 -0.019412806807244276 -0.032070256663559636 -0.02567229995506741 0.0048121967242789236 -0.023261376428678347 0.0043521362133238147 0.028393726490290195 -0.014591049145206043 0.023781849573017995 0.021254513637000445 0.017450162709484202 -0.0051154374381328178 -0.03742048831902757 0.012687411792310465 -0.028977327410718887 0.010750197613237198 0.0031173033176231002 0.018804770838100737 -0.018456975179918563 -0.015836109626503746 0.016190921408179307 0.015921385993745717 -0.013740334091045163 0.011853491132261086 -0.027938778391480994 0.004126294446186703 0.027225741909577876 0.023032667679771319
leaf_weight=7.2617947161197653 4.3068904280662528 4.8955981284379986 5.2156879156827944 4.7057965695857966 4.2464756369590777 5.2962267249822643 8.7243770956993085 5.9370190203189841 3.7533531337976456 5.8100457936525363 3.8821930289268529 9.403608486056326 3.8238182812929145 8.3951597362756711 3.746412172913554 7.1311570554971686 4.9286313951015472 4.0381646603345862 5.4823782294988623 3.9155933409929276 3.9210842400789279 4.1695374995470047 6.1517495065927497 3.9397705197334281 3.2858314663171768 5.4737536609172786 4.9781131744384783 3.9438045769929877 4.1297422796487799 8.3505459129810315 4.232929140329361 7.6221360117197037 4.4160274416208285
leaf_count=43 24 26 28 25 20 27 38 29 20 29 23 64 20 47 21 41 26 19 31 19 22 21 35 20 19 33 27 21 23 38 21 49 25
internal_value=-0.000121898 -0.00195844 -0.00405182 0.00308957 -0.00747351 -0.0044931 -0.00843701 -0.0146792 -0.00663455 0.000772255 0.00908832 0.0196964 0.00576502 0.0113477 -0.00136815 -0.000856138 -0.00756793 -0.0178205 0 -0.0118839 -0.00386971 -0.0127503 0.00773555 -0.000532258 0.0144691 0.00303351 0.0056331 0.00853337 -0.000215969 -0.0195875 -0.00779858 0.0213607 0.0173271
internal_weight=179.515 165.805 140.645 45.0383 95.6071 78.7772 57.5155 32.8104 24.086 18.149 25.1595 13.7105 21.2616 17.4378 9.04264 37.7765 22.5718 12.665 24.7052 9.13128 8.62688 9.97958 15.5739 9.42215 20.2639 8.75959 9.90674 15.2047 8.07355 16.83 8.4794 11.5043 8.16938
internal_count=974 886 736 247 489 410 295 162 124 95 150 88 115 95 48 204 119 66 133 47 47 50 86 51 124 52 53 85 44 79 41 72 45
is_linear=0
shrinkage=0.03


Tree=21
num_leaves=24
num_cat=0
split_feature=15 1 30 21 13 1 37 22 32 35 17 22 41 21 0 41 41 36 14 40 29 32 1
split_gain=6.96386 4.25704 3.44479 5.94755 3.86945 5.00867 4.23829 4.37441 6.66733 5.17778 3.74639 3.16588 3.04086 3.02657 6.26051 3.03757 2.90658 2.50485 3.73514 2.40183 1.6449 1.4669 0.703087
threshold=1.4038268042596596 -0.94323749926384093 -1.5762474130851387 1.5917751220530267 1.0136475862167575 -0.88637749006171462 -0.48247432594152351 -0.026037486557105419 -0.93616396367690902 1.2121858318859247 1.0000000180025095e-35 -0.22612042073163707 525.50000000000011 0.42152303835974442 -0.24635803556146829 415.50000000000006 376.50000000000006 -0.45481696870640198 -1.2121954825660748 224.00000000000003 -0.52430510493003968 -0.40115447283365396 -0.22680138331704705
decision_type=2 2 2 2 2 2 2 2 2 2 2 2 2 2 2 2 2 2 2 2 2 2 2
left_child=1 19 22 4 5 21 7 8 -7 16 -6 -2 13 15 -15 -8 -9 -12 -19 -1 -14 -4 -3
right_child=11 2 3 -5 10 6 12 9 -10 -11 17 -13 20 14 -16 -17 -18 18 -20 -21 -22 -23 -24
leaf_value=-0.00028234330997772801 0.00017173276791544509 0.0049197317572910338 0.00043401332680148514 -0.026401274618396846 -0.010136158154743023 -0.015694745631050642 -0.011946397157605027 -0.022226189207241481 0.024121435522023248 0.02021709589648181 0.0262350096063215 0.029898089396886044 -0.0057140269805998449 0.021604467647699015 -0.013607888179925172 0.012005133080463398 0.0051614415458870275 -0.012678936465958825 0.019518684432672604 -0.028021656612653031 -0.035556651076450792 0.025542727648387827 0.025651289141396107
leaf_weight=4.9463732242584211 5.5262242704629889 4.6907166689634323 3.8307794630527496 6.736867979168891 4.9205554574728039 3.753323063254359 43.842430621385574 10.138627558946611 13.112225070595739 3.6081360876560202 9.4861904978752172 8.0168630778789503 4.1127173602581024 8.138274744153021 7.0343698412179938 3.8713533133268347 3.8355684876441947 4.7638721615076065 5.1243554353713954 6.8693111538887024 4.1768177598714811 5.2814308255910856 3.4025222659111005
leaf_count=26 31 26 20 34 26 20 223 51 76 21 61 57 21 43 35 20 21 28 31 33 20 30 20
internal_value=-0.000122681 -0.00191362 -0.000460679 -0.00162822 -0.000116134 -0.00248927 -0.0044516 0.00395425 0.0143757 -0.00607218 0.0103517 0.0193938 -0.00860009 -0.00588788 0.00516385 -0.00957445 -0.0145496 0.016197 0.00385305 -0.0181997 -0.0245078 0.0171058 0.0169091
internal_weight=179.22 165.677 153.861 145.768 139.031 114.736 105.624 34.4479 16.8655 17.5823 24.295 13.5431 71.176 62.8864 15.1726 47.7138 13.9742 19.3744 9.88823 11.8157 8.28954 9.11221 8.09324
internal_count=974 886 827 781 747 601 551 189 96 93 146 88 362 321 78 243 72 120 59 59 41 50 46
is_linear=0
shrinkage=0.03


end of trees

feature_importances:
Column_35=53
Column_27=41
Column_28=41
Column_22=40
Column_15=37
Column_33=34
Column_16=28
Column_30=28
Column_25=27
Column_40=26
Column_38=25
Column_41=25
Column_29=23
Column_36=23
Column_1=21
Column_12=21
Column_37=21
Column_32=19
Column_26=15
Column_34=13
Column_2=12
Column_31=12
Column_20=11
Column_19=10
Column_13=9
Column_17=9
Column_21=9
Column_24=9
Column_39=9
Column_23=7
Column_7=5
Column_14=5
Column_0=4
Column_9=4
Column_11=4
Column_10=3
Column_4=2
Column_5=1
Column_18=1

parameters:
[boosting: gbdt]
[objective: binary]
[metric: binary_logloss]
[tree_learner: serial]
[device_type: cpu]
[data_sample_strategy: bagging]
[data: ]
[valid: ]
[num_iterations: 800]
[learning_rate: 0.03]
[num_leaves: 96]
[num_threads: 1]
[seed: 42]
[deterministic: 0]
[force_col_wise: 1]
[force_row_wise: 0]
[histogram_pool_size: -1]
[max_depth: 10]
[min_data_in_leaf: 20]
[min_sum_hessian_in_leaf: 0.001]
[bagging_fraction: 0.85]
[pos_bagging_fraction: 1]
[neg_bagging_fraction: 1]
[bagging_freq: 0]
[bagging_seed: 400]
[bagging_by_query: 0]
[feature_fraction: 0.8]
[feature_fraction_bynode: 1]
[feature_fraction_seed: 30056]
[extra_trees: 0]
[extra_seed: 12879]
[early_stopping_round: 0]
[early_stopping_min_delta: 0]
[first_metric_only: 0]
[max_delta_step: 0]
[lambda_l1: 0.2]
[lambda_l2: 1.5]
[linear_lambda: 0]
[min_gain_to_split: 0]
[drop_rate: 0.1]
[max_drop: 50]
[skip_drop: 0.5]
[xgboost_dart_mode: 0]
[uniform_drop: 0]
[drop_seed: 17869]
[top_rate: 0.2]
[other_rate: 0.1]
[min_data_per_group: 100]
[max_cat_threshold: 32]
[cat_l2: 10]
[cat_smooth: 10]
[max_cat_to_onehot: 4]
[top_k: 20]
[monotone_constraints: ]
[monotone_constraints_method: basic]
[monotone_penalty: 0]
[feature_contri: ]
[forcedsplits_filename: ]
[refit_decay_rate: 0.9]
[cegb_tradeoff: 1]
[cegb_penalty_split: 0]
[cegb_penalty_feature_lazy: ]
[cegb_penalty_feature_coupled: ]
[path_smooth: 0]
[interaction_constraints: ]
[verbosity: -1]
[saved_feature_importance_type: 0]
[use_quantized_grad: 0]
[num_grad_quant_bins: 4]
[quant_train_renew_leaf: 0]
[stochastic_rounding: 1]
[linear_tree: 0]
[max_bin: 255]
[max_bin_by_feature: ]
[min_data_in_bin: 3]
[bin_construct_sample_cnt: 200000]
[data_random_seed: 175]
[is_enable_sparse: 1]
[enable_bundle: 1]
[use_missing: 1]
[zero_as_missing: 0]
[feature_pre_filter: 1]
[pre_partition: 0]
[two_round: 0]
[header: 0]
[label_column: ]
[weight_column: ]
[group_column: ]
[ignore_column: ]
[categorical_feature: ]
[forcedbins_filename: ]
[precise_float_parser: 0]
[parser_config_file: ]
[objective_seed: 16083]
[num_class: 1]
[is_unbalance: 0]
[scale_pos_weight: 1]
[sigmoid: 1]
[boost_from_average: 1]
[reg_sqrt: 0]
[alpha: 0.9]
[fair_c: 1]
[poisson_max_delta_step: 0.7]
[tweedie_variance_power: 1.5]
[lambdarank_truncation_level: 30]
[lambdarank_norm: 1]
[label_gain: ]
[lambdarank_position_bias_regularization: 0]
[eval_at: ]
[multi_error_top_k: 1]
[auc_mu_weights: ]
[num_machines: 1]
[local_listen_port: 12400]
[time_out: 120]
[machine_list_filename: ]
[machines: ]
[gpu_platform_id: -1]
[gpu_device_id: -1]
[gpu_device_id_list: ]
[gpu_use_dp: 0]
[num_gpu: 1]

end of parameters

pandas_categorical:null
