tree
version=v4
num_class=1
num_tree_per_iteration=1
label_index=0
max_feature_idx=42
objective=binary sigmoid:1
feature_names=Column_0 Column_1 Column_2 Column_3 Column_4 Column_5 Column_6 Column_7 Column_8 Column_9 Column_10 Column_11 Column_12 Column_13 Column_14 Column_15 Column_16 Column_17 Column_18 Column_19 Column_20 Column_21 Column_22 Column_23 Column_24 Column_25 Column_26 Column_27 Column_28 Column_29 Column_30 Column_31 Column_32 Column_33 Column_34 Column_35 Column_36 Column_37 Column_38 Column_39 Column_40 Column_41 Column_42
feature_infos=[-0.98549532400373063:4.9543590844734551] [-1.3355715627585141:6.5338537108157961] [-0.98599630415241435:5.787396257161916] [-0.9851494087236653:4.9436827766350797] [-1.3257470116287486:6.6834805483031197] [-0.99235428096572753:5.6818921899066579] [-1.5952737715052632:3.2421026069864212] [-1.747149467155048:4.8737880247338907] [-1.7688242279794331:3.173478317984527] [-2.0666652874284352:2.3131511489422705] [-3.6862429507150707:2.211097329442683] [-1.7069979911085764:2.7251620706155091] [-1.415553243262375:3.3667738480387999] [-2.0477285698372376:2.4267486207720022] [-1.6727434041653586:2.7434155146575292] [-1.7235833152592597:1.6988654947803121] [-1.5641760539095011:1.4674053935554763] [-4.4877809013023482:1.1499215035151333] [-2.1219860646943416:0.47125662917302191] [-2.8629917293654472:1.6776410502729879] [-2.4729333153690587:3.4831104562635318] [-2.1140231429757002:3.7372372754907106] [-3.6275303016986715:3.7755382627589915] [-1.9177559953021026:2.5912827233681233] [-2.1703375490301946:3.6920605849644144] [-2.1624983293919811:4.4130988593102032] [-3.3810210134219725:3.6051308702199636] [-2.9642840077400305:2.0694163932879799] [-2.488178981163006:2.8015085057953115] [-2.250227509343397:4.0769829345344917] [-3.3817102309335891:2.8440236237162386] [-2.526424909132861:2.9175471415713377] [-2.7843785684081541:3.0520886044273565] [-2.6591657427867812:5.4867916866291058] [-3.1620234221220809:2.8400772353636792] [-3.109118842526053:2.5029415402714963] [-3.1743433284145981:3.4945588912519971] [-1.7878354189055348:2.563368224307836] [-1.1540404931558315:2.8496476291372401] [-1.189708796985081:2.858418253716994] [4:804] [4:804] none
tree_sizes=3723 3739 3598 3853 3642 4024 3375 3746

Tree=0
num_leaves=35
num_cat=0
split_feature=17 32 23 23 16 25 16 23 16 1 16 16 34 35 29 35 1 28 35 35 33 21 37 34 33 36 21 33 35 33 17 36 11 36
split_gain=9.91292 9.90992 5.41827 5.99683 6.32706 5.22409 4.95757 6.14567 5.58844 4.3317 5.47656 4.69027 6.4449 5.08859 4.89049 4.22862 3.86189 3.83275 3.15489 3.01167 2.85879 5.1759 4.41954 2.78655 2.67611 2.65106 2.47352 2.46856 2.46299 2.44838 2.3755 2.34196 1.20338 0.246158
threshold=-2.138738232628397 1.0000000180025095e-35 0.6373659452776923 -0.86564696094571658 1.054007923446616 -1.0117688213690985 0.77840961004070885 -1.2414001875015686 -0.87518027039473345 0.64884275839570127 -0.59958195698882644 0.77840961004070885 -0.16097309337920093 -0.64668418476794476 1.0000000180025095e-35 -0.99027971840861106 -0.80677347717873749 -0.25659207260246569 -0.88095386679567178 0.3298504897897383 -1.0079581557430197 0.42152303835974442 -0.48247432594152351 0.75239005015124116 1.0000000180025095e-35 -0.68866159199341237 -0.35864501743577687 -0.56763613253135048 1.0000000180025095e-35 0.61878709667787024 -3.0783553000979773 0.28136054904900121 0.22533196145471104 0.52386608430960491
decision_type=2 2 2 2 2 2 2 2 2 2 2 2 2 2 2 2 2 2 2 2 2 2 2 2 2 2 2 2 2 2 2 2 2 2
left_child=30 2 3 4 6 15 7 8 -2 11 -11 12 13 -5 -13 -3 18 -15 -7 -4 -18 22 24 31 -22 -19 -9 -14 -17 33 -1 -23 -20 -24
right_child=1 5 19 9 -6 16 -8 26 -10 10 -12 14 27 17 -16 28 20 25 32 -21 21 23 29 -25 -26 -27 -28 -29 -30 -31 -32 -33 -34 -35
leaf_value=0.29479306811752243 0.27842744182873497 0.27829882703958697 0.32977631548737685 0.28294847789293953 0.32661967848164919 0.28454713377335911 0.27669240702127068 0.33326929710957559 0.31005854973363234 0.28775190532097084 0.32257290177819703 0.29337217846263841 0.26827972561810193 0.32513172721834777 0.25774598951113897 0.31753211259846326 0.29811762586763008 0.28775190532097084 0.31892571374551221 0.30066666352302779 0.32018108995005451 0.30987871901599823 0.34453609134016133 0.31897695029118828 0.29359412850287309 0.31292428105369235 0.30348459954737422 0.29524367047693079 0.2961713525030279 0.3130200140187126 0.27042158220953644 0.28561632629774331 0.30066666352302779 0.32474784855808625
leaf_weight=8.797776997089386 8.5533943027257919 5.3764192759990719 5.6208019703626615 7.0870981365442232 8.064628913998602 5.1320365816354743 5.6208019703626624 5.3764192759990692 8.5533943027257919 6.3539500534534454 6.8427154421806318 8.064628913998602 8.064628913998602 7.575863525271413 7.3314808309078208 7.3314808309078243 5.1320365816354743 6.3539500534534419 5.1320365816354734 4.8876538872718811 5.3764192759990639 5.1320365816354769 10.264073163270959 6.8427154421806327 5.1320365816354752 5.6208019703626704 4.8876538872718829 6.8427154421806398 9.0421596914529783 7.8202462196350089 8.3090116083621979 6.1095673590898514 4.8876538872718811 10.508455857634543
leaf_count=36 35 22 23 29 33 21 23 22 35 26 28 33 33 31 30 30 21 26 21 20 22 21 42 28 21 23 20 28 37 32 34 25 20 43
internal_value=0.302071 0.30383 0.298144 0.296107 0.305038 0.310819 0.299098 0.304571 0.293934 0.290843 0.305649 0.287306 0.29333 0.30221 0.273623 0.298238 0.314433 0.310342 0.301266 0.317253 0.317672 0.319586 0.325574 0.305523 0.30726 0.299906 0.321585 0.278535 0.305895 0.331511 0.281036 0.296779 0.310475 0.336996
internal_weight=238.029 220.922 121.703 111.194 41.0563 99.2194 32.9917 27.3709 17.1068 70.1378 13.1967 56.9412 41.5451 26.6377 15.3961 21.7501 77.4693 19.5506 15.1517 10.5085 62.3176 57.1856 39.1012 18.0843 10.5085 11.9748 10.2641 14.9073 16.3736 28.5928 17.1068 11.2416 10.0197 20.7725
internal_count=974 904 498 455 168 406 135 112 70 287 54 233 170 109 63 89 317 80 62 43 255 234 160 74 43 49 42 61 67 117 70 46 41 85
is_linear=0
shrinkage=1


Tree=1
num_leaves=34
num_cat=0
split_feature=17 24 19 23 26 32 22 29 29 1 15 22 26 27 33 29 27 23 29 34 34 41 25 23 15 41 26 19 36 32 32 20 24
split_gain=9.39685 10.0914 6.32787 6.31257 5.85101 4.60997 4.23106 3.78938 7.2122 8.24958 6.43706 6.05093 5.95617 3.93895 2.77798 2.65135 3.11907 2.63991 2.54821 2.53557 3.12477 2.50717 2.50631 3.53696 2.63515 2.1648 1.91236 1.56117 0.93186 0.62935 0.563111 0.278651 0.138129
threshold=-2.138738232628397 1.0000000180025095e-35 0.92086892033324885 0.6373659452776923 1.6531178439082468 1.0000000180025095e-35 -0.72632775616796563 1.1664661303506629 1.0000000180025095e-35 1.0411768218903745 0.10565656596878732 0.67425278305375458 -1.0180578763077877 -1.0000000180025095e-35 -0.78779714413718527 -0.35206437618003039 0.11186623733264232 -0.56504437970103472 -0.85824121169026146 -0.68289488968231027 -0.16097309337920077 376.50000000000006 0.63213047580644732 0.33676336403301038 -0.36640533886425702 266.00000000000006 0.31752998380022929 -0.89538419152212534 -1.251620870276956 -0.93616396367690902 -0.22281797588590221 1.2819638450080098 -0.2804855189924586
decision_type=2 2 2 2 2 2 2 2 2 2 2 2 2 2 2 2 2 2 2 2 2 2 2 2 2 2 2 2 2 2 2 2 2
left_child=6 3 4 7 5 26 -1 8 10 17 12 25 28 -14 -4 18 22 29 -7 -15 -21 -13 23 -17 -25 -12 -3 -9 -2 -10 -19 -16 -8
right_child=1 2 14 -5 -6 15 32 27 9 -11 11 21 13 19 31 16 -18 30 -20 20 -22 -23 -24 24 -26 -27 -28 -29 -30 -31 -32 -33 -34
leaf_value=0.0018297322755895296 0.0078063983508464413 0.0025281667818460286 0.0013515119041007412 0.021219291615654137 -0.015750638574196927 0.01311376179232026 -0.014585057195911636 -0.0013237750636439301 -0.019743086697429683 0.0096392459033370851 -0.0060872987662755687 0.010712741588923394 0.015126083832028542 -0.019397829642740814 0.033123214441307176 0.034673337316355413 0.035335341252375717 -0.04176400692560911 -0.010581344393980542 0.014528326947638072 -0.0099110086666482702 -0.012995269993461457 -0.0046399572858661659 -0.0084566359464878157 0.01393404660025572 -0.034698182906696497 -0.020112484203856081 0.016513743625283187 0.029954966785620325 -0.0055296247655096803 -0.016873428378578761 0.013498939640147461 -0.035009669806337421
leaf_weight=4.9004709422588375 5.1314673125743866 5.6239106059074384 4.8854446560144451 7.0776138752698889 9.2836985886096937 6.092562198638916 5.390601873397828 7.1003704071044922 7.8282461911439922 6.8387741297483435 4.8878299295902279 8.5386327207088453 8.0629651844501442 8.3092477768659538 10.972356408834459 5.1201741695404115 5.3665013760328284 7.8463740050792694 7.3214885741472226 6.3456591963767979 10.271482095122352 5.1316974908113471 6.1086735874414435 5.1323055773973492 14.888478949666021 8.3087109476327878 4.888993889093399 7.5777640640735608 6.3514659553766233 8.5624721497297269 5.6227392703294772 5.3666965067386618 6.8626714050769779
leaf_count=20 21 23 20 29 38 25 22 29 32 28 20 35 33 34 45 21 22 32 30 26 42 21 25 21 61 34 20 31 26 35 23 22 28
internal_value=0 0.00171279 0.00930807 -0.00361514 0.00461294 0.00813751 -0.020455 -0.00533471 -0.00731418 -0.0178529 -0.0015544 -0.0128272 0.00532163 -0.00122678 0.0231665 0.0119418 0.0159812 -0.0245007 1.50089e-05 -0.00730183 0 0.00101254 0.0110081 0.0150826 0.00772606 -0.0262122 -0.00869799 0.00819148 0.0225649 -0.0137395 -0.0345062 0.0286909 -0.0290312
internal_weight=237.999 220.845 91.0513 129.794 69.8268 60.5431 17.1537 122.716 108.038 36.6986 71.3392 26.8669 44.4723 32.9894 21.2245 50.0302 36.6161 29.8598 13.4141 24.9264 16.6171 13.6703 31.2496 25.141 20.0208 13.1965 10.5129 14.6781 11.4829 16.3907 13.4691 16.3391 12.2533
internal_count=974 904 373 531 286 248 70 502 442 150 292 110 182 135 87 205 150 122 55 102 68 56 128 103 82 54 43 60 47 67 55 67 50
is_linear=0
shrinkage=0.03


Tree=2
num_leaves=33
num_cat=0
split_feature=12 24 17 19 29 36 35 12 28 29 26 38 34 36 31 22 31 35 27 2 7 36 28 38 19 28 21 4 26 35 27 21
split_gain=9.35118 8.01332 6.54997 5.31939 5.26861 5.69476 6.30627 4.88865 5.55917 5.61976 4.66885 4.16227 6.12177 4.02702 3.99579 3.35325 3.31612 3.31238 6.55751 4.11075 4.25692 3.23782 2.67696 2.23996 1.98792 1.93259 1.86244 1.67076 1.55079 1.06812 1.02497 0.117493
threshold=-1.0193901768357503 1.0000000180025095e-35 -2.138738232628397 0.92086892033324885 1.1664661303506629 0.76637161957020827 0.15503872706027647 -0.48642341832456298 -0.42189480656991307 1.0000000180025095e-35 1.6531178439082468 -0.65357947786919746 0.94811072376490735 -0.082397753841903815 1.0000000180025095e-35 -0.72632775616796563 0.68163004931782778 0.4986342607009428 0.5986644242633351 0.60724829484526832 1.7161506980890793 1.008877154830812 0.23931612929987658 -0.65357947786919746 0.31545121638145762 -0.5871975405373604 -0.35864501743577687 -0.68455885022970842 0.83121762230331286 -0.64668418476794476 -0.30760879608635844 -0.74872904533353757
decision_type=2 2 2 2 2 2 2 2 2 2 2 2 2 2 2 2 2 2 2 2 2 2 2 2 2 2 2 2 2 2 2 2
left_child=28 4 -3 10 5 6 7 -2 9 27 11 12 -4 -13 26 -11 -5 24 22 23 -21 29 -19 -20 -8 -6 -10 -9 -1 -15 -23 -25
right_child=1 2 3 16 25 -7 17 8 14 15 -12 13 -14 21 -16 -17 -18 18 19 20 -22 30 -24 31 -26 -27 -28 -29 -30 -31 -32 -33
leaf_value=0.027330961743095947 -0.037492138573741181 -0.020907807891383603 -0.019377389182472914 0.028925317211434549 -0.00091487060381443273 -0.03020754415185635 0.024305266846014504 0.00066419576982238891 -0.0080828026722872138 -0.022072993111758747 -0.015948725694829503 -0.0045217998878246818 0.015629676501206419 0.032081846431629889 0.00066485141507851328 0.0045319887997522399 0.00202043141784635 -0.033568094470354345 0 -0.023896387780185158 0.0081080646042338694 -0.0064438476628228469 -0.0045301605923798328 0.025019482125966098 0 0.018085075896836913 -0.034850969383899158 0.024102746054883183 0.0054840618670941865 0.013129911025407724 0.010410323839456831 0.0095262522237072132
leaf_weight=10.481057927012445 5.6350988745689383 6.3883565962314597 10.008212015032766 12.877096354961397 8.3149875104427355 8.8129528313875181 5.8577091395854932 5.3753205686807632 5.1429485827684411 9.080678313970564 8.3265333920717222 9.2881841808557457 5.8364811837673178 8.7788631319999659 5.3750585317611685 5.8802435100078574 6.8196635693311682 5.6262735575437528 7.3451364040374747 6.1227725595235807 5.8628787249326706 4.8761577606201172 6.6112307161092758 6.0937270522117588 5.8590706437826157 8.0529131442308408 10.296879887580872 5.8496045023202914 6.1021284312009803 10.728169143199931 4.8731173276901227 5.3801132142543873
leaf_count=43 23 26 41 53 34 36 24 22 21 37 34 38 24 36 22 24 28 23 30 25 24 20 27 25 24 33 42 24 25 44 20 22
internal_value=0 -0.00168596 0.00519914 0.00763194 -0.00634901 -0.00862334 -0.0064053 -0.0136722 -0.00962137 -1.40089e-05 0.00304822 0.00641385 -0.00589992 0.011657 -0.0206255 -0.0117916 0.0206952 0.000651443 -0.00317004 0.00417155 -0.0086357 0.0169584 -0.0205249 0.012659 0.0139103 0.00883068 -0.027794 0.0147515 0.0207455 0.0236264 0.00171204 0.0201585
internal_weight=237.96 221.376 88.8008 82.4125 132.576 116.208 107.395 52.6358 47.0007 26.1858 62.7157 54.3892 15.8447 38.5445 20.8149 14.9609 19.6968 54.7589 43.0421 30.8046 11.9857 29.2563 12.2375 18.819 11.7168 16.3679 15.4398 11.2249 16.5832 19.507 9.74928 11.4738
internal_count=974 906 364 338 542 475 439 215 192 107 257 223 65 158 85 61 81 224 176 126 49 120 50 77 48 67 63 46 68 80 40 47
is_linear=0
shrinkage=0.03


Tree=3
num_leaves=35
num_cat=0
split_feature=12 35 24 38 27 30 38 27 40 16 13 29 20 30 15 15 5 29 33 16 16 23 15 5 13 19 40 30 30 35 32 33 25 15
split_gain=8.90272 7.68569 7.74255 6.05201 4.22209 5.60394 9.88433 6.0489 4.87797 4.05173 4.10815 3.96769 3.71999 5.70033 3.73118 3.70291 3.4462 3.30462 4.20319 3.21646 2.92638 2.62248 2.53484 3.96207 2.32908 4.31792 2.26865 2.25176 2.0663 1.66269 0.575717 0.531258 0.255505 0.226939
threshold=-1.0193901768357503 -2.0210663193306093 1.0000000180025095e-35 -0.65357947786919746 -1.0067338517846929 -0.45561531924816978 1.0000000180025095e-35 0.5986644242633351 224.00000000000003 -0.87518027039473345 1.0136475862167575 -0.85824121169026146 0.4079791611271405 -0.11319995724242922 -1.0744981961138234 1.2858113280513985 -0.19022628218441148 -0.85824121169026146 0.27631441195768303 -0.32398364358291942 -0.59958195698882644 0.93796852652237395 0.45970299459357067 -0.52444628167662644 -0.81200712057587965 0.92086892033324885 224.00000000000003 -0.019813949422681727 -0.51787265779466807 1.1420337403614063 0.23112947089019317 1.0000000180025095e-35 -0.35420910249888049 -0.48442081507251811
decision_type=2 2 2 2 2 2 2 2 2 2 2 2 2 2 2 2 2 2 2 2 2 2 2 2 2 2 2 2 2 2 2 2 2 2
left_child=21 -2 4 24 8 6 20 12 -3 -9 29 -12 13 19 -15 17 -14 30 22 -7 -6 -1 23 -19 -4 32 -16 -25 -24 31 -5 -11 -26 -21
right_child=1 2 3 15 5 7 -8 9 -10 10 11 -13 16 14 26 -17 -18 18 -20 33 -22 -23 28 27 25 -27 -28 -29 -30 -31 -32 -33 -34 -35
leaf_value=0.028810079643278561 0.028457207895830165 -0.037845620207032887 0.0047000415831868056 0.0099962305901359419 -0.020565234451811253 0.0096301643793854034 0.028625698979120873 -0.015660971374412067 -0.0037324142204881055 0.0096642936236993222 0.009412224784891508 -0.022218701747078091 -0.013792680592995933 -0.0039638424648765873 -0.040314882761971586 -0.011019132970486869 0.015015530785125703 -0.022760342894520936 0.023138292143860401 -0.019756635984671343 0.004364449897254959 0.0028915555398360965 -0.0018906392940434326 0.013856178052557065 -0.010858823975903355 0.0055757676937057826 -0.010361020218840809 -0.0071779216064253998 0.020099626426739924 0.0017926758229551518 0.031166368271230642 0.029065321585369935 -0.030162748221386582 -0.0055053588039151689
leaf_weight=10.193979457020761 5.8601596206426612 6.8837502747774115 7.301690042018893 4.8558619022369367 6.8631696850061417 6.8346554636955288 9.7629202455282194 8.8121715486049634 8.3249770700931531 6.1118228286504799 5.3755182176828384 5.8817368596792203 6.3692420721054077 5.6309373229742041 13.752274960279474 5.8478998541831961 5.6166103929281217 5.8652423620223955 9.7516433596611005 4.8979925960302362 7.1001182496547717 6.3371765762567511 5.3768066167831421 7.8014743626117653 4.8838360756635701 5.5756042152643195 4.8989954739809027 7.3187357783317672 7.7900871038436872 7.3246986865997306 7.0448197275400162 4.8651342988014221 5.8884038776159269 4.9038505405187545
leaf_count=42 24 28 30 20 28 28 40 36 34 25 22 24 26 23 56 24 23 24 40 20 29 26 22 32 20 23 20 30 32 30 29 20 24 20
internal_value=0 -0.00164201 -0.00267914 0.00425727 -0.00726554 -0.00507279 0.00745071 -0.00846065 -0.0215432 0.000491336 0.00602367 -0.00731338 -0.0148982 -0.0190683 -0.0279829 0.00919828 0 0.0116546 0.00718036 -0.00448787 -0.00830714 0.0202741 0.00167375 -0.00453861 -0.00816537 -0.0141599 -0.0341018 0.00358495 0.0114357 0.0144628 0.0250618 0.0212045 -0.0242967 -0.0148346
internal_weight=237.904 221.373 215.513 85.3021 130.211 115.002 23.7262 91.2756 15.2087 38.3711 29.5589 11.2573 52.9046 40.9187 24.2822 61.6526 11.9859 55.8047 43.904 16.6365 13.9633 16.5312 34.1523 20.9855 23.6495 16.3478 18.6513 15.1202 13.1669 18.3017 11.9007 10.977 10.7722 9.80184
internal_count=974 906 882 350 532 470 97 373 62 157 121 46 216 167 99 253 49 229 180 68 57 68 140 86 97 67 76 62 54 75 49 45 44 40
is_linear=0
shrinkage=0.03


Tree=4
num_leaves=33
num_cat=0
split_feature=17 24 39 19 26 38 34 33 30 26 30 30 22 27 34 33 32 34 27 26 34 19 33 27 30 2 34 34 22 30 30 35
split_gain=8.65677 8.68705 5.95717 5.66084 5.24429 5.02464 8.22947 4.57903 4.99538 6.5673 4.69432 4.71269 4.0881 3.63605 3.55255 3.24015 3.06709 2.81363 2.80007 3.48423 2.74783 2.6745 2.62587 2.62242 2.57487 1.33913 1.27714 1.11792 0.952327 1.46681 0.726647 0.176908
threshold=-2.138738232628397 1.0000000180025095e-35 1.0000000180025095e-35 0.92086892033324885 1.6531178439082468 -0.65357947786919746 0.94811072376490735 -0.12731410931968104 -0.45561531924816978 -1.0180578763077877 1.0385608058677891 0.66501677458879938 -0.72632775616796563 0.45366070900738381 -0.030492644303423286 0.75332993710365825 1.0000000180025095e-35 -0.66425482552862769 -1.3796005481571381 0.62574256690207941 -1.4168474157335578 -0.59267533954622953 -0.78779714413718527 -1.0067338517846929 0.59386553053565816 0.42050051185821152 -0.42193399153075556 -0.095732868841312088 -0.32616188781890271 0.22921540476331112 0.78953145168179573 -0.30308865112727845
decision_type=2 2 2 2 2 2 2 2 2 2 2 2 2 2 2 2 2 2 2 2 2 2 2 2 2 2 2 2 2 2 2 2
left_child=12 2 7 4 5 6 31 10 23 13 11 21 -1 -10 17 24 -7 20 -18 -20 -4 -2 -5 -9 -11 -22 -19 -23 -21 -30 -14 -3
right_child=1 3 14 22 -6 16 -8 8 9 15 -12 -13 30 -15 -16 -17 18 26 19 28 25 27 -24 -25 -26 -27 -28 -29 29 -31 -32 -33
leaf_value=0.0021874589001135139 -0.0032473296204126008 -0.025911451794959701 0.0018082698149355788 0.00080967723836574128 -0.014944453237405148 -0.0015994655106661157 0.017723815240282086 -0.0041790544188910752 -0.010194891409975249 -0.01120876927370554 0.02879997507119644 -0.018622932423255172 -0.034958378361495672 0.019839012365532951 -0.027723058310740348 -0.0014204900539122511 -0.0020017330544750893 0.012221577608246978 0.034091632147559482 0.018878859887517929 -0.029852650245229949 0.0035332574583076346 0.027290968000706645 0.017838075732136589 -0.038118567135476726 -0.0078782968659042076 -0.0039861084649831669 0.023892968664390758 -0.0068326223277285301 0.01253463673185873 -0.011807471097608194 -0.010122446042426942
leaf_weight=4.9103721678257015 7.8411740511655834 5.1483392417430887 6.1075333952903739 4.8669053167104748 9.3214995712041837 8.7877774089574796 7.2695535421371451 7.1208416074514416 4.9012877792119962 9.0569669753313118 7.3141639828681937 5.3975644558668128 7.1402188241481763 6.8074508458375931 9.0781082808971387 7.5991933494806281 4.8663188517093614 5.8593558222055426 10.417729899287229 6.5650971680879584 6.6281680762767774 5.1371206045150783 16.168540999293327 9.7503339797258359 7.5820650756359091 7.1103994399309158 8.8077180534601229 7.8187477588653556 4.8623195290565508 6.0653656721115112 5.1653229892253876 6.3646728247404107
leaf_count=20 32 21 25 20 38 36 30 29 20 37 30 22 29 28 37 31 20 24 43 27 27 21 67 40 31 29 36 32 20 25 21 26
internal_value=0 0.00165082 -0.00328118 0.0087186 0.00427919 0.00763602 -0.00475521 0.00125157 -0.00414673 -0.0104121 0.00974511 0.00293618 -0.0195944 0.00708252 -0.0121338 -0.0190165 0.0133454 -0.00688278 0.0174219 0.0209419 -0.0139007 0.00967704 0.021892 0.00863621 -0.02594 -0.0207685 0.00265077 0.0174395 0.0107208 0.00364974 -0.028014 -0.0198169
internal_weight=237.838 220.622 129.918 90.7041 69.6687 60.3472 18.7826 86.3269 52.8181 35.947 33.5088 26.1946 17.2159 11.7087 43.5913 24.2382 41.5646 34.5132 32.7768 27.9105 19.8461 20.797 21.0354 16.8712 16.639 13.7386 14.6671 12.9559 17.4928 10.9277 12.3055 11.513
internal_count=974 904 531 373 286 248 77 353 216 147 137 107 70 48 178 99 171 141 135 115 81 85 87 69 68 56 60 53 72 45 50 47
is_linear=0
shrinkage=0.03


Tree=5
num_leaves=37
num_cat=0
split_feature=17 24 23 19 26 38 34 36 22 15 19 41 30 29 15 25 36 25 14 35 26 33 35 16 20 28 36 35 15 36 28 27 25 30 20 26
split_gain=8.21356 8.24685 5.86371 5.39237 4.9732 4.79272 7.83916 4.33802 3.88432 3.31201 4.66225 7.37208 5.40164 5.68287 5.38916 5.75986 4.90553 4.29161 3.62053 4.5379 2.72805 2.49865 2.49758 2.38719 2.07411 2.01974 1.91583 1.5209 2.25974 1.17472 1.12172 1.0699 0.836109 0.669699 0.381319 0.0273323
threshold=-2.138738232628397 1.0000000180025095e-35 0.6373659452776923 0.92086892033324885 1.6531178439082468 -0.65357947786919746 0.94811072376490735 -0.082397753841903815 -0.72632775616796563 -1.1925136723220844 0.50464424886639248 525.50000000000011 -0.11319995724242922 -1.0000000180025095e-35 -1.0000000180025095e-35 0.42664306365950405 -0.082397753841903815 0.63213047580644732 -0.87017350164502816 1.2702172134378782 -0.64135360807219322 -0.78779714413718527 0.69588354853169598 -0.59958195698882644 1.023005420154419 -0.1119521803809492 1.008877154830812 0.4986342607009428 -0.36640533886425702 0.40261331667930306 0.52859591374290971 -0.30760879608635844 1.0000000180025095e-35 0.78953145168179573 1.2819638450080098 -0.64135360807219322
decision_type=2 2 2 2 2 2 2 2 2 2 2 2 2 2 2 2 2 2 2 2 2 2 2 2 2 2 2 2 2 2 2 2 2 2 2 2
left_child=8 2 9 4 5 6 29 -7 -1 20 11 12 13 16 15 -15 -11 18 19 -12 30 -5 25 -16 -19 -14 27 28 -9 -3 -2 -28 -13 -10 -23 -27
right_child=1 3 -4 21 -6 7 -8 26 33 10 17 32 22 14 23 -17 -18 24 -20 -21 -22 34 -24 -25 -26 35 31 -29 -30 -31 -32 -33 -34 -35 -36 -37
leaf_value=0.0021376769642535588 0.0033185832390564803 -0.0053295378933259883 0.020768106540494689 0.0007911903931226605 -0.014533039351592059 -0.0038186489466808856 0.017329191869521421 0.006775425366567102 -0.033978530721521127 0.032351334931202153 0.018518663105971122 -0.0412635186234903 -0.0054574294212136306 -0.033195700212636833 0.019387536836749 0.00068007899985011999 -0.0037719346532307241 0.028977899096494331 -0.019486524289982935 -0.014567340441479233 0.016526046588449632 0.031112002024323872 0 -0.0043489656095206811 0.0011788658842503789 -0.03823979804091901 -0.0025484594941829314 0.004974189630758752 0.034771340628485192 -0.0273923543327084 -0.012719705066092489 0.013924676078807206 -0.014164923419409328 -0.011519779706911332 0.011875282108372484 -0.016061917034313783
leaf_weight=4.9089357107877758 7.5746723860502261 5.4046946465969103 7.0500927418470374 4.8662631064653423 9.3399941176176053 9.4995997697114927 7.2465525269508353 5.0924683362245586 7.1685473322868329 6.0633362829685211 7.3092964291572589 5.9132569432258588 5.4008975028991726 8.3621801286935789 5.6207714825868607 7.6035478413105002 5.1341461688280052 4.8588240593671781 7.8362278789281872 4.9075914025306702 9.2787239104509336 10.787015601992609 5.1341634243726721 6.615818411111837 4.8761447370052338 5.1753256022930145 5.3542616069316864 4.8438456654548636 11.113951295614248 6.1348281502723694 5.13693867623806 5.5707191675901395 4.9188980907201767 5.1728343367576599 5.2968551963567725 5.1697692424058896
leaf_count=20 31 22 29 20 38 39 30 21 29 25 30 24 22 34 23 31 21 20 32 20 38 45 21 27 20 21 22 20 46 25 21 23 20 21 22 21
internal_value=0 0.00159934 -0.00320217 0.00849458 0.00416183 0.00743914 -0.00465167 0.0130265 -0.0190777 -0.00485941 -0.00717079 -0.011292 -0.00665452 0 -0.00715204 -0.0180462 0.016827 0.00254558 -0.00520277 0.00465082 0.00527131 0.0213818 -0.0184245 0.00704387 0.0176041 -0.0238927 0.0181572 0.0233623 0.0276324 -0.0193209 -0.00339897 0.00603539 -0.0326642 -0.0272671 0.0266715 -0.0311008
internal_weight=237.742 220.492 129.941 90.551 69.6009 60.2609 18.7861 41.4748 17.2503 122.891 100.9 71.1121 60.28 39.3998 28.2023 15.9657 11.1975 29.7881 20.0531 12.2169 21.9903 20.9501 20.8802 12.2366 9.73497 15.746 31.9752 21.0503 16.2064 11.5395 12.7116 10.925 10.8322 12.3414 16.0839 10.3451
internal_count=974 904 531 373 286 248 77 171 70 502 412 290 246 161 115 65 46 122 82 50 90 87 85 50 40 64 132 87 67 47 52 45 44 50 67 42
is_linear=0
shrinkage=0.03


Tree=6
num_leaves=31
num_cat=0
split_feature=12 35 24 17 30 20 36 33 33 33 20 41 36 36 36 34 41 12 40 29 37 1 3 30 22 35 25 14 3 20
split_gain=8.45742 7.88987 6.39978 6.1443 5.54811 6.72512 5.3467 5.15266 4.80221 4.78333 8.45 7.09293 7.02898 4.84991 4.44697 5.5883 5.47125 3.9873 3.35757 3.15868 2.98795 2.93741 2.92751 2.74084 2.32424 3.25806 2.07604 1.79486 1.0696 0.187677
threshold=-1.036848062305525 -2.0210663193306093 1.0000000180025095e-35 -2.138738232628397 -0.58012999634116635 -0.59548473518052447 0.76637161957020827 -0.78779714413718527 -1.0079581557430197 0.27631441195768303 -1.0486619786743085 415.50000000000006 -0.93116712725401596 -0.2515134560631142 -0.80991435962371428 -1.1395764614475308 370.00000000000006 0.81850343456580632 376.50000000000006 0.91337771259554701 -0.48247432594152351 -0.80677347717873749 0.029080591524501948 -0.26884330360867498 -0.42620335490616845 0.69588354853169598 0.63213047580644732 -0.70347591899309658 0.64694484454924772 1.0000000180025095e-35
decision_type=2 2 2 2 2 2 2 2 2 2 2 2 2 2 2 2 2 2 2 2 2 2 2 2 2 2 2 2 2 2
left_child=28 -2 6 -4 5 18 9 8 -6 10 -3 12 -12 -13 15 16 29 20 -5 23 -14 -9 -8 -16 -23 -26 -17 -27 -1 -11
right_child=1 2 3 4 7 -7 22 21 -10 14 11 13 17 -15 19 26 -18 -19 -20 -21 -22 24 -24 -25 25 27 -28 -29 -30 -31
leaf_value=0.025976266412855917 0.028521300632316875 -0.024311575942803792 -0.021885422146830483 -0.0052670674060818585 0.0085248020211726814 -0.025297248151174491 -0.039071270107759529 0 -0.024504355119450882 -0.012427962723724106 -0.01245139543603989 0.003227551997857056 0.0066143578923210655 -0.02661298127236118 -0.0062007372471761862 -0.00063854906456415749 0.0073831147297442707 -0.0036909094504611528 0.020989670742700542 0 0.02829697135739925 0.00043277594171680983 -0.0051858613519535765 -0.034197117768428577 0.032062465827817743 -0.0033792553537045898 0.023439266714301094 0.017306303908890788 0.0051788329362260398 -0.031380123190443261
leaf_weight=10.16360431909561 6.0681055337190619 9.0974340736865908 6.1782815009355536 8.7375174909830111 8.7639807015657407 8.3086720854043943 5.4271358400583249 8.2298575043678266 4.8941951692104331 5.622117102146154 7.8531566560268322 9.3057773411273974 10.766151890158648 7.6362429857254019 5.8684114068746629 4.9047568291425687 6.3597233742475501 6.1354332119226447 6.085116669535636 5.6223184913396826 18.517649859190008 5.3614935576915697 4.9113484174013138 12.035378530621527 15.90276455879212 4.8118987381458274 5.6077840179204941 8.1853891462087613 4.847161427140235 5.4039508253335953
leaf_count=42 25 37 25 36 36 34 22 34 20 23 32 38 44 31 24 20 26 25 25 23 76 22 20 49 66 20 23 34 20 22
internal_value=0 -0.00154347 -0.00260394 0.00369942 0.00613686 -0.00579933 -0.00675427 0.0111811 -0.00416852 -0.00474119 0.000353377 0.00467741 0.011099 -0.0109677 -0.0115366 -0.00287838 -0.0130856 0.0167769 0.00608281 -0.0207763 0.021231 0.0162253 -0.0261774 -0.0265186 0.0199442 0.0231665 0.013029 0.0096769 0.0207045 -0.024841
internal_weight=237.613 222.602 216.534 85.4592 79.2809 23.1313 131.075 56.1496 13.6582 120.736 69.3118 60.2144 43.2724 16.942 51.4244 27.8983 17.3858 35.4192 14.8226 23.5261 29.2838 42.4914 10.3385 17.9038 34.2615 28.9001 10.5125 12.9973 15.0108 11.0261
internal_count=974 912 887 352 327 95 535 232 56 493 283 246 177 69 210 114 71 145 61 96 120 176 42 73 142 120 43 54 62 45
is_linear=0
shrinkage=0.03


Tree=7
num_leaves=34
num_cat=0
split_feature=12 24 29 36 21 39 25 38 15 21 38 31 13 36 30 30 34 40 22 28 33 28 12 23 32 36 20 15 40 12 29 36 1
split_gain=8.08818 6.10694 4.67778 5.01504 5.1905 6.26858 5.53165 4.36391 3.84868 3.88427 3.78034 3.75787 3.69762 6.72915 3.59013 7.20587 3.58433 4.52312 3.28283 3.31606 2.7703 2.64534 2.60879 2.4844 2.46907 2.20821 2.05074 1.98811 1.97842 1.32288 0.855732 2.61222 0.809907
threshold=-1.0193901768357503 1.0000000180025095e-35 1.1664661303506629 0.76637161957020827 0.42152303835974442 1.0000000180025095e-35 0.63213047580644732 -0.65357947786919746 1.2858113280513985 -0.74872904533353757 -1.0000000180025095e-35 -0.48493539011878622 -0.81200712057587965 0.28136054904900121 1.0385608058677891 0.35373008185630778 1.2090716219164623 370.00000000000006 -0.22612042073163707 -1.0000000180025095e-35 -0.12731410931968104 -0.1119521803809492 -0.075130741597787751 0.93796852652237395 -0.57949096978140535 0.40261331667930306 -0.78970355382071766 1.0000000180025095e-35 354.50000000000006 -0.35373573062114666 -0.85824121169026146 -0.32490328910250749 -0.29503339435959891
decision_type=2 2 2 2 2 2 2 2 2 2 2 2 2 2 2 2 2 2 2 2 2 2 2 2 2 2 2 2 2 2 2 2 2
left_child=23 2 3 4 5 11 30 12 9 32 22 18 -3 -14 15 28 17 -12 -2 -20 -6 -8 25 -1 -21 -11 -4 -22 -13 -28 -7 -32 -9
right_child=1 7 26 -5 20 6 21 8 -10 10 16 14 13 -15 -16 -17 -18 -19 19 24 27 -23 -24 -25 -26 -27 29 -29 -30 -31 31 -33 -34
leaf_value=0.027711466985266237 0.011004003498009785 0.0090164810104846876 -0.0056253659790874138 -0.027955518600285924 0 -0.0091434324995905408 0.016868274417585677 0.0091583837628817135 -0.011332573331708222 0.0062768235219103161 -0.0071100413055322333 0.027438905800577104 0.0050314296726277196 -0.030696239378269735 0.028896075737794999 -0.0153919072110243 -0.019582457360692782 0.023283943352105818 -0.023082210024410656 0.0082307145350404426 -0.033618800448884802 -0.010044428292275373 0.00058746333186560974 0.0024975536004888331 -0.014052437901586825 0.031856953237298216 0.0011162735148969776 -0.0085338861859348587 0.0014718852835306682 0.022716511469061191 -0.0072009157862388887 -0.038960280683598518 0.031445074784304555
leaf_weight=10.093299582600595 8.5404918938875181 8.2446724027395266 4.8958186358213451 8.8913957476615888 5.1466141641140011 6.3919269740581539 5.1212995797395706 4.819613054394722 6.3139692246913901 7.016677185893057 9.4556160718202644 6.8231061249971443 8.0049779564142245 8.3282191157340986 6.290281578898429 8.3405444920063001 6.1295534372329703 5.8046855479478827 8.1088279634714109 9.8055855482816643 8.6190443783998472 4.8994532227516157 8.9764668494462949 6.3141664713621131 5.8810126930475297 7.498777911067009 4.872217372059823 6.9038937240838996 4.8834507316350937 6.5644305944442722 5.1588591784238842 6.678094968199729 7.6699083894491178
leaf_count=42 35 34 20 36 21 26 21 20 26 29 39 28 33 34 26 34 25 24 33 40 35 20 37 26 24 31 20 28 20 27 21 27 32
internal_value=-6.11821e-06 -0.00159155 -0.00565072 -0.00779186 -0.00570907 -0.0022831 -0.0135571 0.00444211 0.00857158 0.011097 0.00636171 0.00324797 -0.00590551 -0.0138991 0.0114025 0.00400555 -0.00249973 0.00514233 -0.00342759 -0.00918985 -0.0187166 0.00359447 0.0143361 0.0193653 -0.000271617 0.0216123 0.00865444 -0.0245497 0.0184585 0.0151746 -0.0228462 -0.0279352 0.0251778
internal_weight=237.487 221.079 132.816 116.484 107.592 86.9229 28.2496 88.2631 63.6853 57.3713 44.8818 58.6733 24.5779 16.3332 26.3374 20.0471 21.3899 15.2603 32.3359 23.7954 20.6696 10.0208 23.4919 16.4075 15.6866 14.5155 16.3325 15.5229 11.7066 11.4366 18.2289 11.837 12.4895
internal_count=974 906 542 475 439 355 115 364 263 237 185 240 101 67 108 82 88 63 132 97 84 41 97 68 64 60 67 63 48 47 74 48 52
is_linear=0
shrinkage=0.03


end of trees

feature_importances:
Column_36=19
Column_30=16
Column_35=16
Column_33=15
Column_34=14
Column_29=13
Column_15=11
Column_26=11
Column_27=10
Column_16=9
Column_19=9
Column_23=9
Column_12=8
Column_20=8
Column_22=8
Column_24=8
Column_25=8
Column_28=8
Column_38=8
Column_17=7
Column_32=7
Column_21=6
Column_1=5
Column_40=5
Column_41=5
Column_13=3
Column_31=3
Column_2=2
Column_3=2
Column_5=2
Column_14=2
Column_37=2
Column_39=2
Column_4=1
Column_7=1
Column_11=1

parameters:
[boosting: gbdt]
[objective: binary]
[metric: binary_logloss]
[tree_learner: serial]
[device_type: cpu]
[data_sample_strategy: bagging]
[data: ]
[valid: ]
[num_iterations: 800]
[learning_rate: 0.03]
[num_leaves: 96]
[num_threads: 1]
[seed: 42]
[deterministic: 0]
[force_col_wise: 1]
[force_row_wise: 0]
[histogram_pool_size: -1]
[max_depth: 10]
[min_data_in_leaf: 20]
[min_sum_hessian_in_leaf: 0.001]
[bagging_fraction: 0.85]
[pos_bagging_fraction: 1]
[neg_bagging_fraction: 1]
[bagging_freq: 0]
[bagging_seed: 400]
[bagging_by_query: 0]
[feature_fraction: 0.8]
[feature_fraction_bynode: 1]
[feature_fraction_seed: 30056]
[extra_trees: 0]
[extra_seed: 12879]
[early_stopping_round: 0]
[early_stopping_min_delta: 0]
[first_metric_only: 0]
[max_delta_step: 0]
[lambda_l1: 0.2]
[lambda_l2: 1.5]
[linear_lambda: 0]
[min_gain_to_split: 0]
[drop_rate: 0.1]
[max_drop: 50]
[skip_drop: 0.5]
[xgboost_dart_mode: 0]
[uniform_drop: 0]
[drop_seed: 17869]
[top_rate: 0.2]
[other_rate: 0.1]
[min_data_per_group: 100]
[max_cat_threshold: 32]
[cat_l2: 10]
[cat_smooth: 10]
[max_cat_to_onehot: 4]
[top_k: 20]
[monotone_constraints: ]
[monotone_constraints_method: basic]
[monotone_penalty: 0]
[feature_contri: ]
[forcedsplits_filename: ]
[refit_decay_rate: 0.9]
[cegb_tradeoff: 1]
[cegb_penalty_split: 0]
[cegb_penalty_feature_lazy: ]
[cegb_penalty_feature_coupled: ]
[path_smooth: 0]
[interaction_constraints: ]
[verbosity: -1]
[saved_feature_importance_type: 0]
[use_quantized_grad: 0]
[num_grad_quant_bins: 4]
[quant_train_renew_leaf: 0]
[stochastic_rounding: 1]
[linear_tree: 0]
[max_bin: 255]
[max_bin_by_feature: ]
[min_data_in_bin: 3]
[bin_construct_sample_cnt: 200000]
[data_random_seed: 175]
[is_enable_sparse: 1]
[enable_bundle: 1]
[use_missing: 1]
[zero_as_missing: 0]
[feature_pre_filter: 1]
[pre_partition: 0]
[two_round: 0]
[header: 0]
[label_column: ]
[weight_column: ]
[group_column: ]
[ignore_column: ]
[categorical_feature: ]
[forcedbins_filename: ]
[precise_float_parser: 0]
[parser_config_file: ]
[objective_seed: 16083]
[num_class: 1]
[is_unbalance: 0]
[scale_pos_weight: 1]
[sigmoid: 1]
[boost_from_average: 1]
[reg_sqrt: 0]
[alpha: 0.9]
[fair_c: 1]
[poisson_max_delta_step: 0.7]
[tweedie_variance_power: 1.5]
[lambdarank_truncation_level: 30]
[lambdarank_norm: 1]
[label_gain: ]
[lambdarank_position_bias_regularization: 0]
[eval_at: ]
[multi_error_top_k: 1]
[auc_mu_weights: ]
[num_machines: 1]
[local_listen_port: 12400]
[time_out: 120]
[machine_list_filename: ]
[machines: ]
[gpu_platform_id: -1]
[gpu_device_id: -1]
[gpu_device_id_list: ]
[gpu_use_dp: 0]
[num_gpu: 1]

end of parameters

pandas_categorical:null
