tree
version=v4
num_class=3
num_tree_per_iteration=3
label_index=0
max_feature_idx=62
objective=multiclass num_class:3
feature_names=Column_0 Column_1 Column_2 Column_3 Column_4 Column_5 Column_6 Column_7 Column_8 Column_9 Column_10 Column_11 Column_12 Column_13 Column_14 Column_15 Column_16 Column_17 Column_18 Column_19 Column_20 Column_21 Column_22 Column_23 Column_24 Column_25 Column_26 Column_27 Column_28 Column_29 Column_30 Column_31 Column_32 Column_33 Column_34 Column_35 Column_36 Column_37 Column_38 Column_39 Column_40 Column_41 Column_42 Column_43 Column_44 Column_45 Column_46 Column_47 Column_48 Column_49 Column_50 Column_51 Column_52 Column_53 Column_54 Column_55 Column_56 Column_57 Column_58 Column_59 Column_60 Column_61 Column_62
feature_infos=[-1.0034597601749518:10.523290880104264] [-0.72376238701326645:10.632939509190736] [-1.1351795421463233:8.4823604435378215] [-1.0034597601749518:10.523290880104264] [-0.72376238701326645:10.632939509190736] [-1.1351795421463233:8.4823604435378215] [-2.2636237795029879:6.3352848647197888] [-1.1173626952848579:8.0047234254853006] [-2.7387318754987504:4.681966613074648] [-3.3375445709288623:3.5819228963165268] [-6.0090028219132723:1.5488377922788865] [-2.2919588586349287:5.0173127618109472] [-1.5017207852294125:3.0774299531850682] [-3.3307630819265066:3.7424086863252151] [-2.2830582716074668:5.1775055249150697] [-3.3307630819265066:3.7424086863252151] [-6.009035534771483:1.7402997945365777] [-2.2830582716074668:5.1775055249150697] [-6.1161602373572679:0.6973409283249723] [-1.7234051928979619:1.7149502205697713] [-1.3592342028508804:1.5088354515923295] [-3.7400296071879517:0.63236446084055242] [-2.6116111541561531:0.38290539478229302] [-2.2350868963164028:2.6582880681025904] [-2.2148464092373934:4.3616018955605789] [-2.1980525096084098:3.8376135179425344] [-3.1321635667944818:4.3341409172474687] [-2.2501735577671211:2.4369765530772849] [-2.2078333998231345:4.7096085836431492] [-2.1784690732099876:3.6529001289551037] [-3.2134058709887485:3.9515132621013671] [-2.4444850632392647:2.8688360564009381] [-2.160647303315741:4.0578829609906339] [-2.2073167880351305:3.7816744165784111] [-2.6888406279286721:3.7784515753658039] [-2.87749967174015:3.1355458511943013] [-2.1175910585032791:5.6609039695798753] [-2.2931911654129511:3.3271746819607597] [-2.8828818395932156:5.1124051666629216] [-2.3769217345150055:3.2292854422858226] [-3.4982428195841817:3.8077841441306375] [-2.3001793979508789:1.8850340987231655] [-3.341948487137735:3.151137697026297] [-1.8183048833878432:3.0750744351412118] [-3.4935234023980661:4.8338997740251406] [-3.2993400849106278:4.6080003123577464] [-3.2296449583239561:4.7555285814660913] [-3.7377872287702942:3.5276577504418332] [-3.2832114717935346:2.5037675279056928] [-1.0490932621143907:4.6647182547586308] [-1.0529491563066302:4.7162034066907745] [-9.0456937671245328:19.528738165547402] [-4.301826484771607:5.0849093663397298] [-6.0823739804316581:6.3166092610275308] [-2.2909477260383353:2.9318006660887663] [-2.7213915065026728:2.9548382489258271] [-1.2943371604008984:2.96580133516321] [-1.1553331484059508:2.620130532992067] [-1.3382307089084575:2.7460958376266946] [-2.4998789580960405:2.6219061889211495] [23:817] [23:817] [0:1]
tree_sizes=3432 3581 3108 3409 3195 3007 3295 3515 3117 3312 3116 3110 3407 3551 3123 3409 3878 3317 3327 3743 3210

Tree=0
num_leaves=32
num_cat=0
split_feature=48 27 42 37 13 40 55 56 19 24 37 19 44 47 32 27 24 27 43 55 54 42 45 55 53 16 0 54 54 53 29
split_gain=27.6737 10.0519 8.59788 7.73286 3.51655 4.40496 4.69582 3.47108 3.79834 3.57942 3.66664 3.44993 3.38845 3.98246 3.3577 2.67039 2.37101 4.31445 2.37521 5.97547 3.42647 2.23089 2.21013 2.14755 1.87144 1.4326 1.2584 0.85008 2.43654 0.522014 0.0171597
threshold=0.31992776698335318 1.6557848679365508 0.44568512029128388 0.16571889281304714 -0.57778515794958707 0.58095556848992558 -1.2434050840082547 0.8357320873811559 -1.0787135528727616 0.38112002686706964 0.16571889281304714 1.0000000180025095e-35 -0.13942240078316323 0.5689522055087356 1.0000000180025095e-35 -0.21907517640121199 0.7272488850143316 0.40587817171137569 1.2808353516805584 0.90850877459494772 -1.2376370196452711 -0.42005970426392042 0.97317226167356485 -0.69267318506337261 1.0000000180025095e-35 0.36622926694659413 -0.37333624168445473 -0.51525928118890929 -0.22011368289745378 1.0000000180025095e-35 -0.6348713432251103
decision_type=2 2 2 2 2 2 2 2 2 2 2 2 2 2 2 2 2 2 2 2 2 2 2 2 2 2 2 2 2 2 2
left_child=1 3 12 16 15 6 -6 8 -4 -10 -11 22 14 -14 21 -5 18 -18 20 -20 25 26 -9 -8 -25 -1 -2 -22 -29 -23 -30
right_child=2 -3 7 4 5 -7 23 11 9 10 -12 -13 13 -15 -16 -17 17 -19 19 -21 27 29 -24 24 -26 -27 -28 28 30 -31 -32
leaf_value=-1.0024617535991667 -1.0152375703174241 -0.99017177558476999 -1.0152375703174241 -1.0305145022706241 -0.99071033036563749 -0.98754454111565304 -1.0247588530535383 -0.98413124828775977 -1.0077830722988208 -0.97274552263939484 -1.0012098367603071 -0.97080132719636225 -1.0105087795696754 -0.98673835570348323 -0.99686782281180075 -1.0080661339287178 -1.0258840842493053 -0.99696760344578472 -0.99691452671423852 -1.028535578316383 -1.0338815957191123 -1.0147191959591215 -1.0057981980875579 -0.99967005962111011 -1.017878257221422 -1.0195959904918579 -0.9989129156218729 -1.0105095523959393 -1.0322475686603136 -1.029432922226599 -1.0221769129591749
leaf_weight=6.9534713029861432 6.953471302986145 12.168574780225752 6.9534713029861441 7.9964919984340694 7.9964919984340623 9.7348598241806013 10.430206954479216 9.0395126938819939 8.6918391287326831 9.0395126938819903 9.0395126938819867 13.559269040822981 9.7348598241806048 13.559269040822981 10.082533389329909 10.777880519628523 6.9534713029861441 8.6918391287326795 9.3871862590312976 9.0395126938819867 25.032496690750115 7.9964919984340685 8.6918391287326795 9.3871862590313047 7.9964919984340659 7.3011448681354523 6.9534713029861432 10.777880519628516 14.602289736270899 6.953471302986145 15.645310431718846
leaf_count=20 20 35 20 23 23 28 30 26 25 26 26 39 28 39 29 31 20 25 27 26 72 23 25 27 23 21 20 31 42 20 45
internal_value=-1.00778 -1.01499 -0.997018 -1.01684 -1.00839 -1.00397 -1.00891 -0.989499 -0.997229 -0.992192 -0.985077 -0.982214 -1.00521 -0.996478 -1.01052 -1.0189 -1.02148 -1.00993 -1.02319 -1.01252 -1.02543 -1.01579 -0.993457 -1.01495 -1.00786 -1.01115 -1.0074 -1.02828 -1.02392 -1.02328 -1.02815
internal_weight=318.121 190.873 127.249 178.704 64.3196 45.5452 35.8104 65.015 33.7243 26.7709 18.079 31.2906 62.2336 23.2941 38.9394 18.7744 114.385 15.6453 98.7393 18.4267 80.3126 28.8569 17.7314 27.8139 17.3837 14.2546 13.9069 66.058 41.0255 14.95 30.2476
internal_count=915 549 366 514 185 131 103 187 97 77 52 90 179 67 112 54 329 45 284 53 231 83 51 80 50 41 40 190 118 43 87
is_linear=0
shrinkage=1


Tree=1
num_leaves=33
num_cat=0
split_feature=27 48 46 54 34 46 41 34 61 55 40 47 46 60 55 31 49 47 47 26 36 55 52 33 29 42 12 60 29 26 28 56
split_gain=11.103 8.61171 7.6041 6.03634 8.34667 7.04081 6.75304 5.29732 4.67938 4.10866 5.70223 4.22354 4.32054 4.07997 4.05092 3.73863 5.39392 3.52027 2.79055 2.73718 2.635 2.42336 2.33764 2.0469 2.23092 1.96706 1.37885 1.36376 1.28227 1.21377 1.17624 0.284841
threshold=1.6557848679365508 0.29988385492097341 1.1111892468939157 -1.7063524518803443 -0.15816107011779004 0.39942608388855949 -0.35704456020935821 -0.65023765080323914 525.00000000000011 -1.5844202895895181 0.45918845242801204 1.1911147438214265 -0.92929602672188161 331.00000000000006 -0.69267318506337261 0.7230717580847027 1.0000000180025095e-35 -1.1005427116927333 -0.57666618809096637 0.26161119867913196 -0.17296730148249012 -0.36979297769865244 1.0000000180025095e-35 0.56536432521187951 -0.29184962545069326 -0.92507751858778964 -0.26674508321413931 476.50000000000006 -0.29184962545069326 -0.41714375441559098 1.0000000180025095e-35 0.8357320873811559
decision_type=2 2 2 2 2 2 2 2 2 2 2 2 2 2 2 2 2 2 2 2 2 2 2 2 2 2 2 2 2 2 2 2
left_child=1 2 3 -1 5 7 27 14 9 -3 11 12 -11 -8 -5 16 22 28 -9 21 -20 -14 -10 -16 -25 -7 -13 -6 -4 -27 -15 -17
right_child=-2 8 17 4 6 25 13 18 15 10 -12 26 19 30 23 31 -18 -19 20 -21 -22 -23 -24 24 -26 29 -28 -29 -30 -31 -32 -33
leaf_value=-0.86285741378698833 -0.91554618692404044 -0.90868144959841579 -0.88328685007382846 -0.89199803930511046 -0.88622591253320815 -0.8921283157327583 -0.88835245397239837 -0.88307874374769668 -0.89662542016407965 -0.86689059084252362 -0.90782153722674241 -0.90492034682734712 -0.90369033591692727 -0.85868390796816518 -0.85909550155668524 -0.90495385904481784 -0.91356497882274124 -0.91039407243009129 -0.89136163868506635 -0.87748138596301029 -0.91401908609942284 -0.88472410392727097 -0.87562213238396858 -0.87053483524185438 -0.89199803930511046 -0.91737997460263321 -0.8895187221157751 -0.90226533750050597 -0.89883916004464715 -0.89878219970440132 -0.87495764367973516 -0.91843889477937179
leaf_weight=10.158559441566466 15.600644856691359 10.521365135908125 8.7073366641998273 13.423810690641398 8.7073366641998273 9.0701423585414904 10.884170830249785 7.2561138868331936 7.6189195811748531 11.972587913274763 11.609782218933104 9.7957537472248095 10.521365135908122 15.237839162349699 7.2561138868331971 11.246976524591448 7.9817252755165091 13.786616384983061 7.6189195811748514 13.061004996299742 8.344530969858166 10.521365135908132 8.3445309698581678 7.9817252755165056 7.9817252755165127 8.7073366641998309 7.9817252755165091 7.25611388683319 7.2561138868331936 8.3445309698581678 17.051867634057999 10.158559441566466
leaf_count=28 43 29 24 37 24 25 30 20 21 33 32 27 29 42 20 31 22 38 21 36 23 29 23 22 22 24 22 20 20 23 47 28
internal_value=-0.891998 -0.890731 -0.886565 -0.883887 -0.885683 -0.891769 -0.877157 -0.886045 -0.896551 -0.892317 -0.889833 -0.886183 -0.881436 -0.871161 -0.879094 -0.904183 -0.895357 -0.900068 -0.896888 -0.887553 -0.903736 -0.894088 -0.885526 -0.871888 -0.880373 -0.90428 -0.898039 -0.893429 -0.89068 -0.909887 -0.865962 -0.912928
internal_weight=331.967 316.367 185.031 155.281 145.122 85.9849 59.1373 59.8629 131.336 85.9849 75.4636 63.8538 46.0763 43.1739 36.6434 45.3507 23.9452 29.7501 23.2196 34.1037 15.9635 21.0427 15.9635 23.2196 15.9635 26.122 17.7775 15.9635 15.9635 17.0519 32.2897 21.4055
internal_count=915 872 510 428 400 237 163 165 362 237 208 176 127 119 101 125 66 82 64 94 44 58 44 64 44 72 49 44 44 47 89 59
is_linear=0
shrinkage=1


Tree=2
num_leaves=29
num_cat=0
split_feature=48 14 59 58 40 37 38 35 24 45 40 25 16 19 24 36 28 16 24 32 44 36 47 19 50 36 37 55
split_gain=15.5956 6.92432 6.63765 4.53999 7.36657 4.30454 5.74136 4.25685 3.78626 5.17229 3.757 4.13376 3.3893 3.0146 2.96559 2.94114 3.08861 2.85465 2.367 1.94001 1.92947 1.76549 2.02276 1.34624 1.22949 1.09981 0.835452 0.829957
threshold=-0.35585600379256793 -1.0480801804443536 -1.731611186043462 1.0000000180025095e-35 1.5550924969852351 1.0000000180025095e-35 0.20301840843546895 -1.173803440242055 1.0000000180025095e-35 0.31686311829138142 0.82448980061375299 0.31680833520448365 0.34449275719305167 -0.93544874397827282 -0.31113768942745385 1.0000000180025095e-35 0.26268159427196669 0.13993018257428894 -0.65726654757471548 1.5919140630760369 -0.83337433215176382 0.44112441126091706 0.81853653530178583 -0.36238950840031742 -1.0000000180025095e-35 -0.99175625180703275 1.1024465340419991 -0.62800126846234583
decision_type=2 2 2 2 2 2 2 2 2 2 2 2 2 2 2 2 2 2 2 2 2 2 2 2 2 2 2 2
left_child=2 23 -1 10 5 6 -5 18 9 15 11 -4 17 -8 -15 24 -17 -11 -3 20 -10 22 -22 -2 25 -9 -20 -7
right_child=1 7 3 4 -6 27 13 8 19 12 -12 -13 -14 14 -16 16 -18 -19 26 -21 21 -23 -24 -25 -26 -27 -28 -29
leaf_value=-1.4572749788692763 -1.4960341722315271 -1.4934091212189162 -1.4549095482757901 -1.4670473227950664 -1.4640037494392355 -1.4933117509333278 -1.5109113906767235 -1.4933117509333278 -1.4904078049827674 -1.4751443339044934 -1.4904061209511597 -1.4853650686356237 -1.4607178743935894 -1.5006349420524168 -1.4757667487499944 -1.4748582806752577 -1.5001070298417247 -1.5018890868782919 -1.4650065423660714 -1.4885214795915938 -1.5148421275467472 -1.4934799834198063 -1.49239666955771 -1.5126787256865375 -1.4910478964859402 -1.5113394927118908 -1.4852681371910286 -1.5092700485760451
leaf_weight=8.1119305491447431 7.8502553701400783 6.8035546541214016 9.6819816231727653 7.5885801911354092 7.0652298331260672 5.4951787590980556 6.018529117107394 5.4951787590980556 6.5418794751167288 5.7568539381027239 9.9436568021774274 8.1119305491447431 5.4951787590980521 6.8035546541213998 7.3269050121307346 7.8502553701400739 6.5418794751167297 5.495178759098053 5.4951787590980512 7.0652298331260672 20.67233914136887 8.1119305491447431 5.2335035800933829 23.550766110420227 5.7568539381027248 12.037058234214781 5.2335035800933838 12.29873341321945
leaf_count=31 30 26 37 29 27 21 23 21 25 22 38 31 21 26 28 30 25 21 21 27 79 31 20 90 22 46 20 47
internal_value=-1.49105 -1.49689 -1.48114 -1.4842 -1.48964 -1.49422 -1.48701 -1.49345 -1.49586 -1.49053 -1.4747 -1.46696 -1.47725 -1.49539 -1.4879 -1.49658 -1.48648 -1.48842 -1.48046 -1.5019 -1.50438 -1.50715 -1.51085 -1.50912 -1.50295 -1.50663 -1.47248 -1.50521
internal_weight=239.433 150.987 88.4462 80.3343 52.5967 45.5315 27.7376 119.586 102.053 54.4284 27.7376 17.7939 16.7472 20.149 14.1305 37.6812 14.3921 11.252 17.5322 47.6249 40.5597 34.0178 25.9058 31.401 23.2891 17.5322 10.7287 17.7939
internal_count=915 577 338 307 201 174 106 457 390 208 106 68 64 77 54 144 55 43 67 182 155 130 99 120 89 67 41 68
is_linear=0
shrinkage=1


Tree=3
num_leaves=31
num_cat=0
split_feature=48 27 34 37 6 36 43 13 38 55 14 32 59 61 27 59 24 27 43 55 54 34 24 45 30 35 9 54 54 34
split_gain=26.1692 9.46499 7.60534 7.36666 4.40617 3.53711 3.57839 3.40826 4.4591 4.94859 2.96378 2.91419 2.85561 2.64863 2.5851 2.34974 2.28441 4.15774 2.31394 5.81234 3.3682 3.97176 2.27101 2.06055 2.06103 1.43631 1.17528 0.856162 2.35053 0.606712
threshold=0.31992776698335318 1.6557848679365508 0.47450881933493033 0.16571889281304714 -1.0746683883784225 -0.37766453906362568 1.0000000180025095e-35 -0.57778515794958707 -0.35805436393338302 -1.3149325840829389 -0.85965418467748378 -0.37371331931965607 1.0000000180025095e-35 371.50000000000006 -0.21907517640121199 1.0000000180025095e-35 0.7272488850143316 0.40587817171137569 1.2808353516805584 0.90850877459494772 -1.2376370196452711 -1.3532041946395952 1.0000000180025095e-35 1.2187028187581903 -0.30265747317088887 -1.0000000180025095e-35 1.746530188605961 -0.51525928118890929 -0.22011368289745378 -0.087864415734154461
decision_type=2 2 2 2 2 2 2 2 2 2 2 2 2 2 2 2 2 2 2 2 2 2 2 2 2 2 2 2 2 2
left_child=1 3 4 16 -2 10 -7 14 9 -9 -6 -12 -4 -14 -5 -10 18 -18 20 -20 21 -1 -11 24 -15 -26 -25 -22 -29 -30
right_child=2 -3 12 7 5 6 -8 8 15 22 11 -13 13 23 -16 -17 17 -19 19 -21 27 -23 -24 26 25 -27 -28 28 29 -31
leaf_value=-0.017886513596210234 0.019892277760796113 0.016951906188311269 0.031248817615987363 -0.022442787047165708 -0.0062815400075918867 -0.018236999903095973 0.0040657045296346485 0.015689035975324943 0.023409992474185431 -0.017842968713534822 0.0026384985531050929 0.026274490135587036 0.00012154395249642201 0 -0.00030856615676088793 0.0011989760077441994 -0.017790806680973062 0.010625266662783428 0.010800643200818529 -0.020427081262556497 -0.025726699754743287 0.010857067765620827 0.0018350677869726562 0.011860638354844043 0.026023048508269794 0.0049182798314476965 0.033309957155970259 -0.0026172074520213469 -0.0097512555271631399 -0.023346964118419373
leaf_weight=6.9201547503471375 9.7752003967761976 12.26536390185356 11.540255069732664 7.9413814842700985 10.098660677671431 13.886771053075792 9.7556219398975355 6.9793456196785 10.135666161775591 13.515636771917345 12.874805033206941 6.9812653362751034 11.151966154575346 11.184523969888685 10.781737446784971 8.0054644048213941 6.9052755236625663 8.7143918275833112 9.395570635795595 8.9732235968112928 24.819000929594033 7.2825005650520307 6.9458207488059989 7.7005688846111324 7.0020395815372432 6.9949834942817741 8.7887292206287366 10.758475929498664 9.3309871256351418 20.675013452768347
leaf_count=20 28 35 33 23 29 40 28 20 29 39 37 20 32 32 31 23 20 25 27 26 72 21 20 22 20 20 25 31 27 60
internal_value=0 -0.00703158 0.010433 -0.00884467 0.00282639 -0.000634065 -0.00910202 -0.000596992 0.00374657 -0.00371075 0.00597403 0.0124915 0.0175964 0.0137228 -0.0109617 0.0147541 -0.0133858 -0.00204478 -0.0150723 -0.00454271 -0.0172941 -0.00313673 -0.0112208 0.0170931 0.0102723 0.0173601 0.0254508 -0.0201319 -0.0157915 -0.0199751
internal_weight=318.08 190.345 127.735 178.08 63.3723 53.5971 23.6424 64.3051 45.5819 27.4408 29.9547 19.8561 64.3631 52.8228 18.7231 18.1411 113.775 15.6197 98.1549 18.3688 79.7861 14.2027 20.4615 41.6708 25.1815 13.997 16.4893 65.5835 40.7645 30.006
internal_count=915 549 366 514 182 154 68 185 131 79 86 57 184 151 54 52 329 45 284 53 231 41 59 119 72 40 47 190 118 87
is_linear=0
shrinkage=0.03


Tree=4
num_leaves=29
num_cat=0
split_feature=27 45 34 59 55 54 54 50 19 16 42 41 42 23 49 16 53 54 13 44 32 39 21 36 59 39 54 44
split_gain=10.5418 8.47606 6.05 7.68793 6.65 4.22347 6.79393 3.61946 4.57847 3.32567 3.30488 4.91202 3.70618 4.80696 3.67218 3.48254 3.1659 3.03239 2.48067 3.75655 2.32931 2.31212 1.96412 1.83919 3.57115 1.63712 0.409063 0.302272
threshold=1.6557848679365508 0.10496776451428942 0.68539878248583752 -1.731611186043462 -1.5844202895895181 -1.7063524518803443 -1.0203948801275529 0.76326553945181219 1.0702585805445715 0.50066906577795256 1.7443023571240903 1.1376745457456579 1.0000000180025095e-35 0.21160058589309377 1.0000000180025095e-35 0.093198605420809502 1.0000000180025095e-35 -1.1669329230727852 -0.53857680712245104 -0.13942240078316323 0.94861782883744639 -1.2191180784365734 1.0000000180025095e-35 -0.37766453906362568 -1.0000000180025095e-35 0.36524481935496506 -0.21294680977353961 -0.13942240078316323
decision_type=2 2 2 2 2 2 2 2 2 2 2 2 2 2 2 2 2 2 2 2 2 2 2 2 2 2 2 2
left_child=1 2 3 -1 -5 -6 17 8 9 18 11 12 13 15 22 -3 -9 21 -8 -20 23 -7 -13 -14 -25 -4 -11 -10
right_child=-2 10 25 4 5 6 7 16 27 26 -12 14 20 -15 -16 -17 -18 -19 19 -21 -22 -23 -24 24 -26 -27 -28 -29
leaf_value=-0.017631404441724487 -0.023027581431003023 0.0047804924365524677 -0.019458215653299166 -0.015701886010698558 0.027844899209784137 -0.0077577360731469758 0.024540366145586523 -0.014385697742839671 0.034250884232409212 0.0019803433963534412 -0.020530645487634516 0.0049134917030480242 -0.023396080642526781 0.014794607653790386 -0.0065558101060981767 -0.017135631474823377 0.010548988664741854 -0.017312214794167967 0.017766709958458724 0.0024943775127509011 -0.00019598509250111004 0.010670881811798911 0.026025853475356568 -0.02081951367790482 0.001942348047981376 0 -0.0069316090592276341 0.016080364680394314
leaf_weight=9.4219484627246839 15.492763459682463 10.520512342453005 8.701007664203642 8.3204652965068799 9.8475551605224592 9.8106795549392718 13.089473634958251 7.6078168749809247 8.3712782859802264 7.262241393327713 9.7484827041625959 10.506249547004705 15.568548709154124 12.344235390424727 9.4118064343929273 12.686381608247755 7.614788681268692 9.0859169363975507 26.552882105112062 33.425204813480406 12.682759851217268 11.614271938800814 7.2565182149410239 9.7855881154537165 12.326506704092033 7.2530302703380576 7.2625732123851758 8.3661369085311872
leaf_count=26 43 29 24 23 27 27 36 21 23 20 27 29 43 34 26 35 21 25 73 92 35 32 20 27 34 20 20 23
internal_value=0 0.00122464 0.00513556 0.00676617 0.00831167 0.00973262 0.00824065 0.01145 0.0134265 0.0102385 -0.00487878 -0.00322611 -0.00676123 0.000517971 0.00751023 -0.00727039 -0.00172644 -0.00409455 0.0128146 0.00962171 -0.0118816 0.00201508 0.0152049 -0.0155036 -0.00855937 -0.0116991 -0.00233304 0.027567
internal_weight=331.938 316.445 193.607 177.653 168.231 159.911 150.063 119.552 104.33 87.5924 122.838 113.089 85.9145 35.5511 27.1746 23.2069 15.2226 30.5109 73.0676 59.9781 50.3634 21.425 17.7628 37.6806 22.1121 15.954 14.5248 16.7374
internal_count=915 872 533 489 463 440 413 329 287 241 339 312 237 98 75 64 42 84 201 165 139 59 49 104 61 44 40 46
is_linear=0
shrinkage=0.03


Tree=5
num_leaves=27
num_cat=0
split_feature=48 18 56 18 55 24 52 48 54 0 55 34 53 36 47 32 44 53 27 54 36 47 12 24 45 47
split_gain=14.8122 7.23827 6.14272 4.42751 5.5742 4.31977 6.89793 4.27521 4.49633 3.92465 5.83467 5.01192 4.40968 3.18813 2.97452 2.69045 3.62751 4.63365 2.38822 2.28173 1.63578 1.70805 1.11804 0.936677 0.640466 0.478285
threshold=-0.35585600379256793 -0.71610505731070184 -0.86832331084448744 0.58895766578624975 1.2561419437344594 1.0000000180025095e-35 1.0000000180025095e-35 0.091588738959804419 0.087071387604864395 0.19638147660931693 1.0304954937435942 -0.93142426833778169 1.0000000180025095e-35 -0.17296730148249012 0.54465033437653221 1.5919140630760369 -0.83337433215176382 1.0000000180025095e-35 -0.21907517640121199 -0.605713309897565 0.44112441126091706 0.65218384639832183 2.2239482345721533 -0.65726654757471548 0.10496776451428942 -0.55281507617937531
decision_type=2 2 2 2 2 2 2 2 2 2 2 2 2 2 2 2 2 2 2 2 2 2 2 2 2 2
left_child=2 22 3 4 -1 6 13 -8 24 10 19 -11 -13 23 -10 16 17 -7 -15 -4 21 -18 -2 -3 -9 -21
right_child=1 5 9 -5 -6 15 7 8 14 11 -12 12 -14 18 -16 -17 20 -19 -20 25 -22 -23 -24 -25 -26 -27
leaf_value=0.035463013984150055 -0.021522742646465143 -0.018422593475057279 2.9522375828272815e-06 0.001602056469544577 0.0012950155570732695 0.019738330100345643 -0.0041765278735732998 0.014716810334348247 0.016397339204894452 -0.0066477964137575873 0.015464075466711451 0.036992514436179839 0.0045687215101495654 0.017367591850174609 -0.010151865018369961 0.0064075989051714712 -0.023589244512414211 -0.014688058172675544 -0.0055358707652768922 -0.021739673108891095 -0.0023672603490384201 -0.0048859911027307832 -0.0045416544453944462 -0.0030459055818710932 0.040160942977870089 -0.0059435910573749423
leaf_weight=16.13807141780854 23.733074337244037 12.759432494640349 10.219668090343474 9.5076902806758863 6.3278667628765097 5.7953284084796888 8.8896903097629529 5.2297801375389117 7.0874461233615857 7.0840177536010769 9.45780301094055 7.1300348043441764 8.4400786161422712 5.5074974298477164 5.2054389119148254 7.8842530846595755 19.877067178487781 5.2250988483428955 8.1059675812721235 9.4358808398246747 8.0934267044067365 7.8198357522487631 6.2560476660728446 7.0566846132278469 5.8083608448505402 5.2635332345962551
leaf_count=61 92 49 39 36 24 22 34 20 27 27 36 27 32 21 20 30 77 20 31 36 31 30 24 27 22 20
internal_value=0 -0.00571551 0.00961731 0.0198745 0.0267728 -0.00227749 0.00282448 0.0125115 0.0189799 0.0034023 -0.00285575 0.0127347 0.021714 -0.00647682 0.00483862 -0.00842007 -0.0111631 0.0031324 0.0041371 -0.0105192 -0.0156747 -0.0190365 -0.0185559 -0.013828 0.0317871 -0.0175279
internal_weight=239.339 150.334 89.0046 31.9736 22.4659 120.345 65.6503 32.2207 23.331 57.031 34.3769 22.6541 15.5701 33.4296 12.2929 54.695 46.8108 11.0204 13.6135 24.9191 35.7903 27.6969 29.9891 19.8161 11.0381 14.6994
internal_count=915 577 338 121 85 461 251 123 89 217 131 86 59 128 47 210 180 42 52 95 138 107 116 76 42 56
is_linear=0
shrinkage=0.03


Tree=6
num_leaves=30
num_cat=0
split_feature=48 27 42 37 34 32 13 40 56 19 24 37 19 55 44 60 25 18 38 37 54 45 45 54 53 34 46 26 44
split_gain=24.9437 8.90556 7.72249 7.14678 4.11043 3.33785 4.75529 4.26912 3.2024 3.53097 3.28186 3.48521 3.03382 2.95301 3.03842 2.2798 2.23187 2.7079 2.29498 3.37286 2.55856 2.12896 2.03634 2.85075 1.75225 1.67749 1.43825 1.13369 0.401937
threshold=0.31992776698335318 1.6557848679365508 0.44568512029128388 0.16571889281304714 0.47450881933493033 -1.195702951957855 -0.57778515794958707 0.58095556848992558 0.8357320873811559 -1.0787135528727616 0.38112002686706964 0.16571889281304714 1.0000000180025095e-35 -1.215329620374584 -0.13942240078316323 331.00000000000006 0.31680833520448365 0.10850346990672026 -0.70872484666391511 0.8682646237347611 0.094866616625126174 0.97317226167356485 0.12848512828397776 -1.4246570687635873 1.0000000180025095e-35 0.19332220180038792 0.81780416199121897 0.60098867522649357 0.55452953058543752
decision_type=2 2 2 2 2 2 2 2 2 2 2 2 2 2 2 2 2 2 2 2 2 2 2 2 2 2 2 2 2
left_child=1 3 4 15 16 -5 26 13 9 -4 -11 -12 21 -8 -15 24 18 -18 19 -2 -20 -10 23 -17 -1 -24 -7 28 -25
right_child=2 -3 8 5 -6 6 7 -9 12 10 11 -13 -14 14 -16 22 17 -19 20 -21 -22 -23 25 27 -26 -27 -28 -29 -30
leaf_value=-0.01202689473733105 0.015402603319853152 0.016295314663923473 -0.0074801083361232326 0.015540898857049132 0.016952509406816755 -0.023413204241838875 0.01183340795231857 0.018340061738397931 0.022677768161787421 0 0.033311603069719815 0.0058733807725704036 0.034782070914705553 -0.017400057380469812 0.0031910476119193665 -0.002977125029027341 0.017802244855092023 -0.0050230634343339658 -0.023173710706072732 -0.010027840136249477 -0.0010069259324640082 0.0015814362599045936 0.0054152415032608682 -0.024902919160458951 0.0036228052454658028 -0.012299923044636025 -0.0036741563879826695 -0.0064588444681156808 -0.015315240787545308
leaf_weight=10.677484154701235 7.671551555395121 12.358776569366453 6.9558656811714163 8.3218440413475019 12.263558447360991 9.285756319761278 7.0086081922054282 9.4777149558067304 9.1417098045349174 8.7176893949508685 9.2010781764984149 9.1277980208396894 13.846800208091734 13.134389013051987 10.073456555604938 12.071283489465712 8.4061056673526746 7.3032371103763571 8.6578769087791496 7.9842836260795593 10.081542402505873 8.7444345653057081 6.9414530694484737 31.897559434175491 11.731124281883238 9.2874563634395582 6.9238582849502555 7.9245568811893454 22.720326602458954
leaf_count=31 22 35 20 24 35 27 20 27 26 25 26 26 39 38 29 35 24 21 25 23 29 25 20 93 34 27 20 23 66
internal_value=0 -0.00687851 0.0101669 -0.00864881 0.00238867 -0.000525356 -0.0033651 0.0021923 0.0172395 0.00985224 0.0146788 0.0214279 0.0241725 -0.00331128 -0.00856844 -0.0131363 -0.00144884 0.00732926 -0.00576395 0.00234083 -0.0125032 0.0135938 -0.0152571 -0.0173676 -0.00386988 -0.00456725 -0.0163459 -0.0199166 -0.0215375
internal_weight=317.939 189.836 128.104 177.477 62.3682 64.2256 55.9038 39.6942 65.7354 34.0024 27.0466 18.3289 31.7329 30.2165 23.2078 113.251 50.1046 15.7093 34.3953 15.6558 18.7394 17.8861 90.8426 74.6137 22.4086 16.2289 16.2096 62.5424 54.6179
internal_count=915 549 366 514 179 185 161 114 187 97 77 52 90 87 67 329 144 45 99 45 54 51 264 217 65 47 47 182 159
is_linear=0
shrinkage=0.03


Tree=7
num_leaves=32
num_cat=0
split_feature=45 59 34 55 55 31 43 34 51 61 45 23 33 31 41 12 20 46 43 29 43 46 30 30 53 47 35 34 53 43 43
split_gain=8.25298 7.04664 8.20788 5.87759 5.3539 4.07222 4.12572 4.52964 6.02469 3.92312 4.37906 10.7552 3.70153 3.61892 4.43325 3.61067 3.23004 2.77959 2.72955 2.71933 3.37208 4.06794 2.14583 2.09889 1.997 1.66628 1.36199 1.11386 1.11255 0.793017 1.17694
threshold=0.10496776451428942 -1.731611186043462 0.68539878248583752 -1.5844202895895181 0.98810035717248479 -1.7292302971338522 1.2808353516805584 -0.15816107011779004 -0.39816831381592038 624.00000000000011 1.1324369016458393 0.86405058114895961 1.0000000180025095e-35 0.51871325348315656 -0.35704456020935821 -0.20440188628022551 0.59626783426949015 0.068381324639825616 -0.3502910878291266 -0.29184962545069326 -0.6765163757310636 0.049748206032462834 1.0000000180025095e-35 -0.19070561171635567 1.0000000180025095e-35 -0.57666618809096637 1.0000000180025095e-35 1.3180686719385577 -0.4733101331048824 0.6283847758766844 -0.6765163757310636
decision_type=2 2 2 2 2 2 2 2 2 2 2 2 2 2 2 2 2 2 2 2 2 2 2 2 2 2 2 2 2 2 2
left_child=1 -1 3 -3 9 -5 7 8 17 10 11 15 -10 14 -9 18 -8 -7 -2 25 -21 -22 -17 28 -4 -14 -11 -13 -12 30 -16
right_child=4 2 24 5 -6 6 16 13 12 26 23 27 19 -15 29 22 -18 -19 -20 20 21 -23 -24 -25 -26 -27 -28 -29 -30 -31 -32
leaf_value=-0.017563273883742965 -0.020789857082467261 -0.015440914382959071 -0.0011889261035509273 0.027514418774167909 -0.022320760020447049 0.0034921494963756172 -0.015091859994267149 0.0038861107111070842 -0.0058696591899201128 -0.018546961185013755 -0.0052568511821879001 0.028227313274771008 0.0094450316779040762 0 0.014196859539875298 0.013266953702230043 0.0072670559811388712 -0.018140145427025942 -0.00057953191349121062 0.018504246087890339 -0.012014124109369344 0.011946937885465591 -0.0055958579128659938 0.00010795482576953195 -0.022524431312247725 0.029562415725142673 -0.0027920869369522589 0.0089182964263550962 -0.022704755626490027 0.011677740153703962 0.03505323677711953
leaf_weight=11.524466603994368 12.281159579753874 8.2912544310092908 7.6044303476810482 8.4135829210281354 14.404930382966993 7.650713354349139 11.212254405021669 13.098851799964903 11.239997953176497 16.246465802192692 7.9351987242698696 11.266210347414018 10.549336135387422 10.546935707330702 8.0472745597362518 10.888325273990633 9.0651289224624616 11.610654622316359 11.95314332842827 11.296470522880545 11.992093056440369 10.5496209859848 7.9657667577266684 10.483647048473356 9.028261333703993 9.5067209005355746 9.0481212437152845 7.2546624541282645 9.3655161559581774 7.3000712394714347 14.250922769308094
leaf_count=32 34 23 21 23 40 21 31 36 31 45 22 31 29 29 22 30 25 32 33 31 33 29 22 29 25 26 25 20 26 20 39
internal_value=0 0.00375132 0.00519349 0.00716002 -0.00590456 0.00845032 0.00714764 0.00901634 0.00446109 -0.00352949 -0.000434472 0.00395368 0.00884022 0.015807 0.019575 -0.00423695 -0.0050086 -0.00962718 -0.0116694 0.0120923 0.00618734 -0.000504939 0.00517764 -0.0100738 -0.0140061 0.0206527 -0.013607 0.0221985 -0.0160791 0.025803 0.0291477
internal_weight=331.872 202.779 191.255 174.622 129.093 166.331 157.917 137.64 84.3956 114.688 89.3936 61.6093 65.1342 53.2441 42.6971 43.0884 20.2774 19.2614 24.2343 53.8942 33.8382 22.5417 18.8541 27.7844 16.6327 20.0561 25.2946 18.5209 17.3007 29.5983 22.2982
internal_count=915 558 526 480 357 457 434 378 232 317 247 170 179 146 117 119 56 53 67 148 93 62 52 77 46 55 70 51 48 81 61
is_linear=0
shrinkage=0.03


Tree=8
num_leaves=28
num_cat=0
split_feature=48 18 46 24 52 46 54 54 48 54 58 59 45 27 44 19 31 26 36 46 47 27 26 24 23 12 44
split_gain=14.1081 7.00014 6.01923 4.14995 6.60574 4.95708 4.09677 6.1077 4.08609 4.23026 3.63531 3.56818 3.18866 4.44302 3.99498 3.96248 3.85559 3.68297 3.09911 3.04364 2.84769 2.30768 1.80678 1.58087 1.28973 1.10944 0.555985
threshold=-0.35585600379256793 -0.71610505731070184 1.9227821391307847 1.0000000180025095e-35 1.0000000180025095e-35 -0.82232771736771959 -1.2376370196452711 -1.0203948801275529 0.091588738959804419 0.087071387604864395 -0.92979805425494211 0.31710287276341403 -1.3448999505523846 1.0000000180025095e-35 -0.13942240078316323 -0.36238950840031742 -0.29872076492302863 1.0000000180025095e-35 -0.17296730148249012 0.59155612722195861 0.54465033437653221 -0.21907517640121199 -0.7565212309629521 -1.0033954057219772 -0.440849409362772 2.2239482345721533 -0.60205702169556352
decision_type=2 2 2 2 2 2 2 2 2 2 2 2 2 2 2 2 2 2 2 2 2 2 2 2 2 2 2
left_child=2 25 6 4 18 11 23 -8 -6 26 -9 -5 -12 14 -14 17 -16 -15 22 24 -11 -20 -3 -1 -7 -2 -10
right_child=1 3 -4 5 8 19 7 10 9 20 12 -13 13 15 16 -17 -18 -19 21 -21 -22 -23 -24 -25 -26 -27 -28
leaf_value=0.0035192660903389686 -0.021312593802699811 -0.021811403706995344 0.034621693741560072 -0.010207014880563034 -0.004149809067117584 -0.0020465053571132835 0.034852167537947343 0.023274756678368803 0.039607815766076596 0.015929169629243286 -0.012310484186059512 0.018238667350485561 -0.020564840125579673 -0.010747843434629529 0.021308482347523722 0.027025344907594243 -0.010330645681967079 0.014693402847271341 0.016985292703228811 0.0019265412273060528 -0.010026820506186208 -0.0054859502947893924 -0.0028369973593780013 -0.014966552014063057 -0.019938436921902707 -0.0043819296305427601 0.015319890037731996
leaf_weight=5.7527461647987357 23.358279719948772 10.056287497282026 6.4548426270484915 5.2184049785137168 8.8806838095188123 5.4495688080787614 6.4294018745422354 8.2924842536449415 5.3924951255321503 7.1634493768215162 8.4293074905872256 8.0985406637191755 7.0469707548618343 7.3933155536651602 5.5479780435562143 10.426922321319585 5.250813335180287 10.369915664196013 5.5573360919952384 8.342058062553404 5.1730418503284454 8.0900762975215894 9.6156680285930651 8.1322869658470136 27.294934153556827 6.2168417274951926 5.8373560607433337
leaf_count=22 92 39 24 20 34 21 24 31 20 27 32 31 27 28 21 39 20 39 21 32 20 31 37 31 106 24 22
internal_value=0 -0.00560297 0.00934494 -0.00223402 0.00275152 -0.00828029 0.00673072 0.00973118 0.0121783 0.0184509 0.00631072 0.00678208 0.00306609 0.00630742 -0.00492747 0.0135114 0.00605275 0.00378054 -0.00638535 -0.0133701 0.00470438 0.00404427 -0.0136782 -0.00732126 -0.017356 -0.0183301 0.030747
internal_weight=239.272 149.745 89.527 120.17 65.7664 54.4035 83.0721 69.1871 32.447 23.5663 62.7577 13.3169 54.4652 46.0359 17.8458 28.1902 10.7988 17.7632 33.3194 41.0866 12.3365 13.6474 19.672 13.885 32.7445 29.5751 11.2299
internal_count=915 577 338 461 251 210 314 261 123 89 237 51 206 174 68 106 41 67 128 159 47 52 76 53 127 116 42
is_linear=0
shrinkage=0.03


Tree=9
num_leaves=30
num_cat=0
split_feature=48 42 45 34 45 45 28 45 24 16 54 31 37 25 19 16 61 42 33 43 36 40 37 37 47 46 47 45 54
split_gain=23.6532 7.27368 5.50492 3.89505 3.8908 5.02166 4.60562 4.50791 5.42296 4.2524 5.82072 4.43725 3.1831 3.16171 2.86236 2.70468 2.65807 2.55663 2.14033 2.57318 2.37452 2.07754 1.95251 1.83895 1.58177 1.14372 0.715372 1.16235 0.218597
threshold=0.31992776698335318 0.44568512029128388 -0.81652853003753878 0.47450881933493033 -0.26135768126343811 0.10496776451428942 -0.39612240415339361 0.28585461211072477 0.38112002686706964 0.40632565822659134 -0.79880845272308798 -0.29872076492302863 0.39990080312028503 -0.68913600272067366 -0.50565431729480625 0.66268404508981804 555.50000000000011 1.5278661509852893 -0.98733709820644611 1.0000000180025095e-35 -0.37766453906362568 -1.2455511724387789 0.16571889281304714 -0.3026449278014286 0.95429904695596701 -0.46282095381860672 -0.5586417366204276 -1.799487335547771 -0.82377130480889527
decision_type=2 2 2 2 2 2 2 2 2 2 2 2 2 2 2 2 2 2 2 2 2 2 2 2 2 2 2 2 2
left_child=2 3 13 18 9 12 -7 -8 -9 10 -4 -12 -6 -1 16 28 25 22 -2 20 21 -20 -16 -13 -18 -3 27 -15 -11
right_child=1 14 4 -5 5 6 7 8 -10 15 11 23 -14 26 17 -17 24 -19 19 -21 -22 -23 -24 -25 -26 -27 -28 -29 -30
leaf_value=0.0005294203934047355 -0.014993920081835758 -0.007778082734958015 0.021594933693213188 0.016450864090914143 -0.02091712978202382 -0.018635886431666644 0.023757090109896021 -0.016223815875378255 0.013231354012455074 -0.021057159842274693 -0.013054303268820427 -0.00032701885510536726 -0.0012617839699816458 -0.0068361870282366349 0.025640596013600071 0.0020426333641059297 0.0052945816562213607 0.036987281235437833 -0.0080273000186824785 0.01294324860066659 -0.013962234873873042 0.0096484322293017653 0.0068594547319132749 0.018624611237421353 0.025084518042410343 0.0070805261858590826 -0.0067077881613756612 -0.024283396292821158 -0.0079990731275721427
leaf_weight=8.2837710380554181 7.2636771202087393 6.9927588105201712 14.553533017635344 12.334203481674193 27.458925724029541 7.5608115196228018 7.3466465473175075 10.010239452123644 9.4292534291744214 6.8513532876968384 13.065023630857468 7.9512522816658002 11.139212548732756 6.8678112626075736 9.5664598643779772 12.387465834617613 8.4488449096679705 8.965460002422331 8.3736598491668683 10.838655978441237 10.323400795459749 13.273775666952135 14.134636193513868 7.6734521389007586 9.1798782050609571 8.7841708958148939 6.8513706326484707 24.621053427457809 7.240066736936571
leaf_count=24 21 20 42 35 80 22 21 29 27 20 38 23 32 20 27 36 24 25 24 31 30 38 40 22 26 25 20 72 21
internal_value=0 0.00987469 -0.00671915 0.00231724 -0.00365966 -0.0084425 0 0.0059407 -0.0017255 0.00133243 0.00711392 -0.000741146 -0.0156537 -0.0155505 0.0167143 -0.00777019 0.00954959 0.0231245 -0.00142508 0.00117145 -0.00304134 0.00247479 0.0157531 0.00944607 0.0170725 4.3987e-05 -0.0190644 -0.0211439 -0.0161479
internal_weight=317.771 128.48 189.291 62.4074 142.667 72.9451 34.347 26.7861 19.4395 69.7221 43.2433 28.6897 38.5981 46.624 66.0722 26.4789 33.4057 32.6666 50.0732 42.8095 31.9708 21.6474 23.7011 15.6247 17.6287 15.7769 38.3402 31.4889 14.0914
internal_count=915 366 549 179 413 211 99 77 56 202 125 83 112 136 187 77 95 92 144 123 92 62 67 45 50 45 112 92 41
is_linear=0
shrinkage=0.03


Tree=10
num_leaves=28
num_cat=0
split_feature=27 34 35 46 31 61 47 61 35 40 60 42 26 40 40 26 47 39 18 30 47 46 46 45 16 34 16
split_gain=9.66257 7.53488 5.78462 6.19781 5.4514 4.38407 3.80965 3.07949 3.72578 2.77649 3.23523 2.73348 2.39984 2.27275 4.61902 4.8695 4.32768 3.83709 4.60074 2.91044 2.51202 6.40586 2.12877 1.68306 1.59658 0.801447 0.794991
threshold=1.6557848679365508 1.3180686719385577 -1.3742382910065369 1.1111892468939157 -1.7292302971338522 624.00000000000011 -1.1005427116927333 764.50000000000011 -0.3720640371841285 1.3115582648614077 764.50000000000011 1.5278661509852893 1.2797436283212165 0.33742133636609856 -0.14964712788155629 -0.19089210338401671 0.25904032457926979 -1.0972440093756857 0.54607821286284008 -0.19070561171635567 -0.73828033485737155 0.37043551312548678 -1.0201974129454128 -0.24646008700833191 0.22429149970085982 -0.087864415734154461 -0.20884772071407098
decision_type=2 2 2 2 2 2 2 2 2 2 2 2 2 2 2 2 2 2 2 2 2 2 2 2 2 2 2
left_child=1 2 22 4 -4 9 24 8 -7 10 13 12 -3 14 17 23 20 -6 -19 -17 21 -15 -1 -16 -5 -22 -24
right_child=-2 11 3 6 5 7 -8 -9 -10 -11 -12 -13 -14 16 15 19 -18 18 -20 -21 25 -23 26 -25 -26 -27 -28
leaf_value=0.0023943450705273131 -0.022196000794413265 -0.013231673424769681 0.028637606280415104 -0.0075940602589621977 0.023509268886657646 -0.027110576054379817 -0.019472024465735368 0.0070956480567817871 -0.00042395667746663739 -0.010091129646499509 -0.0076604531069248537 -0.020840053532264296 0.0074555173986522024 0.023352786100311329 -0.021171103066472016 -0.0080602932446289643 -0.0066177938147089221 0.0097497613610367188 -0.011757463140641406 0.012362491081877829 0.010112296495579622 -0.0075806603132585505 -0.023316244832528716 -0.001642314431595559 0.0097473969302124316 0.026710516292007595 -0.0079099980123478568
leaf_weight=7.2271964251995113 15.294513732194899 8.6603658497333544 7.7132364511489859 7.5861348211765316 14.258333832025519 7.5504295825958279 13.321637511253355 9.076936334371565 10.899473607540132 7.2358680069446555 10.898393541574476 15.393867313861845 8.3218181133270246 10.209974676370623 9.8251024484634417 7.6286170184612301 7.2339909672737113 54.896619319915779 9.0931412875652295 18.181778252124786 7.6439318954944637 10.888770282268522 7.1827681958675447 7.6383262872695914 8.3826310932636243 18.300160229206085 11.196691751480097
leaf_count=20 43 24 21 21 39 21 37 25 30 20 30 43 23 28 27 21 20 151 25 50 21 30 20 21 23 50 31
internal_value=-1.05201e-06 0.00115246 0.00275134 0.00413014 0.00581327 0.00480409 -0.0084857 -0.0060485 -0.0128632 0.00640981 0.00715655 -0.0121998 -0.0029873 0.00816599 0.00567976 -0.00203325 0.0133225 0.00997857 0.00640261 0.00599539 0.0166221 0.00767943 -0.0104028 -0.0137514 0.00122099 0.0228588 -0.0155377
internal_weight=331.741 316.446 284.07 258.463 229.173 221.46 29.2904 27.5268 18.4499 193.933 186.697 32.3761 16.9822 175.799 121.522 43.2738 54.2768 78.2481 63.9898 25.8104 47.0428 21.0987 25.6067 17.4634 15.9688 25.9441 18.3795
internal_count=915 872 782 711 630 609 81 76 51 533 513 90 47 483 334 119 149 215 176 71 129 58 71 48 44 71 51
is_linear=0
shrinkage=0.03


Tree=11
num_leaves=28
num_cat=0
split_feature=48 14 59 58 40 35 37 38 40 25 24 39 46 19 52 24 46 32 19 52 36 46 19 39 55 55 44
split_gain=13.4119 6.32561 5.72701 4.17274 6.70787 3.98834 3.93744 5.39725 3.53784 3.5985 3.4189 4.63217 3.07812 2.8376 2.80245 2.74234 2.67414 2.5216 4.58904 4.98394 3.66716 2.36333 1.29974 1.24511 0.97583 0.264476 0.00715504
threshold=-0.35585600379256793 -1.0480801804443536 -1.731611186043462 1.0000000180025095e-35 1.5550924969852351 -1.173803440242055 1.0000000180025095e-35 0.20301840843546895 0.82448980061375299 0.31680833520448365 1.0000000180025095e-35 -0.85349587125391047 -0.92929602672188161 -0.93544874397827282 1.0000000180025095e-35 -0.31113768942745385 -0.87674878192087113 -0.55240671771926453 -0.79218393508378393 1.0000000180025095e-35 -0.17296730148249012 0.41325119029385865 -0.36238950840031742 -0.60974773313213559 0.64617144155120532 -0.51114136025974011 -0.60205702169556352
decision_type=2 2 2 2 2 2 2 2 2 2 2 2 2 2 2 2 2 2 2 2 2 2 2 2 2 2 2
left_child=2 22 -1 8 6 14 7 -5 9 -4 11 25 -13 -9 -3 -15 -12 20 -19 -20 -14 24 -2 -8 26 -7 -18
right_child=1 5 3 4 -6 10 23 13 -10 -11 16 12 17 15 -16 -17 21 18 19 -21 -22 -23 -24 -25 -26 -27 -28
leaf_value=0.030737086950898811 -0.0045757025702192087 -0.0021659576505107872 0.033566635966566762 0.022536680223903528 0.025077569932537007 -0.019858127686633763 -0.004034556043396662 -0.019790253986254436 0.00013524155412215821 0.0053484014911896827 0.0034566507966003251 -0.010636217889579459 -0.012479229553500179 -0.009711734477921799 0.0201428570025762 0.014040235658910234 -0.009696312302480253 -0.006468713319722757 0 0.03433994110456276 0.015355773680537529 -0.00021506922855434399 -0.021023950868273491 -0.021350911388542556 -0.0048720459606143999 -0.0057462367142011974 -0.023072027779319795
leaf_weight=8.5380039215087873 7.7275200337171581 8.0339968502521533 10.086561620235448 7.8093424737453487 7.3346627652645102 6.1765549927949905 8.8426020145416278 5.9832847118377712 10.097853004932402 8.1852781772613508 8.8555657863616926 7.4603010118007651 8.6146319508552534 6.8392629623413095 9.6079645752906782 7.5396833419799778 5.0873476713895824 5.4746596217155448 5.7696297168731752 9.9613937139511091 5.8322167396545366 9.6379131972789747 22.495717406272888 8.7799864709377271 6.4227053225040427 5.219038248062132 16.733236938714985
leaf_count=31 30 31 37 29 27 24 34 23 38 31 34 29 33 26 36 28 20 21 22 37 22 37 90 34 25 20 66
internal_value=0 -0.00548439 0.00907619 0.00622016 0.00102461 -0.00222032 -0.00337417 0.00342537 0.0152091 0.0225939 -0.00457826 0.000452715 0.00511976 -0.00467315 0.0102965 0.00251469 -0.0104018 0.00887452 0.0151214 0.0228924 -0.000478524 -0.0138022 -0.0174228 -0.0139738 -0.0179923 -0.0152805 -0.0210351
internal_weight=239.147 149.11 90.0365 81.4985 53.1288 118.887 45.7942 28.1716 28.3697 18.2718 101.245 54.5084 43.1128 20.3622 17.642 14.3789 46.7368 35.6525 21.2057 15.731 14.4468 37.8812 30.2232 17.6226 28.2433 11.3956 21.8206
internal_count=915 577 338 307 201 457 174 106 106 68 390 208 164 77 67 54 182 135 80 59 55 148 120 68 111 44 86
is_linear=0
shrinkage=0.03


Tree=12
num_leaves=31
num_cat=0
split_feature=13 45 27 18 42 37 39 45 39 45 24 39 45 45 45 25 52 25 46 16 54 1 30 54 13 34 45 45 40 30
split_gain=17.8163 10.3393 6.7768 5.31525 5.03134 4.01444 4.68636 6.37831 5.29777 3.76321 4.11892 3.76933 3.55844 3.27587 3.46302 3.48549 3.05695 2.32292 2.31138 2.393 2.15816 2.03504 1.82404 1.50909 1.06295 1.05463 0.668249 0.803055 0.183242 0.0430879
threshold=0.93246431606777125 -0.81652853003753878 1.6557848679365508 0.62079705435776356 0.22924891415248275 -1.4735544793376183 0.7308670265376277 -0.26135768126343811 1.0964892337202905 -0.45689757252467456 -0.65726654757471548 -0.48787366407124805 0.24132175348093235 0.091027932770597911 0.31686311829138142 0.31680833520448365 1.0000000180025095e-35 -0.68913600272067366 -0.14928308712966476 -1.47617589183428 -0.95470971451036979 -0.24729661150618848 -0.41460933462542182 0.1331203429892813 0.14270198923190794 0.96658540002037963 -1.799487335547771 -1.1345586710473048 0.45918845242801204 0.14514997264724358
decision_type=2 2 2 2 2 2 2 2 2 2 2 2 2 2 2 2 2 2 2 2 2 2 2 2 2 2 2 2 2 2
left_child=1 17 3 5 16 -3 7 9 12 10 -7 -11 -8 21 -15 23 -2 -1 19 -6 -5 -9 -12 -16 28 -10 -19 -28 -23 -22
right_child=4 2 -4 20 18 6 8 13 25 11 22 -13 -14 14 15 -17 -18 26 -20 -21 29 24 -24 -25 -26 -27 27 -29 -30 -31
leaf_value=-0.0001293018975757279 0.013125493965344017 -0.017739086959028805 0.019383706609910418 0 0.0057002119876439217 0.013568436080784885 0.0032559088016976667 -0.00066843424968727745 0.0050061634581296966 0.001374054298736846 0.001716221154273096 0.025043111615194107 0.028639968609815599 0.01172709648165903 -0.022315056290735415 0.0078008174595596801 -0.011518941510715804 -0.0066549896470194094 0.036331531252507467 0.025252079383895325 -0.010815085375319645 -0.022508364095352961 -0.015605684633279824 -0.0048577513062570288 -0.0037788790173168634 -0.0091296414610337016 -0.025142593819170164 -0.011230511062867307 -0.010333048739021864 -0.023620721415614828
leaf_weight=7.9248191714286795 8.0743208527564985 9.2523442506790143 13.164425164461134 6.8373220562934902 13.584087550640104 10.067419022321703 9.0913412570953387 11.031415820121763 6.9798929691314688 11.720351010560991 7.9316006898880032 12.944914758205412 13.019446671009062 12.567599654197691 7.911367326974875 9.4201986193656904 7.0154067873954764 6.8412979245185843 8.6178095042705554 11.699496924877165 7.1472314596176174 15.12263303995133 11.657666653394697 12.854900062084196 6.9317145049571982 8.7616938352584821 19.290969491004944 11.923510342836382 8.2526541352272016 9.9053514301776868
leaf_count=23 23 27 37 20 38 29 26 32 20 34 23 37 37 36 23 27 20 20 24 33 21 44 34 37 20 25 57 35 24 29
internal_value=0 -0.0030465 -0.0003057 -0.00170097 0.0163687 2.84173e-05 0.00113661 -0.00140826 0.0102938 0.00644397 -0.000648204 0.014749 0.0193268 -0.00657477 -0.000533039 -0.0061402 0.00130076 -0.0157585 0.0225667 0.015879 -0.0145753 -0.0124459 -0.0086844 -0.0128332 -0.0163104 -0.00262353 -0.0187331 -0.0207704 -0.0193334 -0.0198853
internal_weight=317.545 268.554 222.573 209.409 48.9911 185.519 176.267 138.414 37.8524 54.322 29.6567 24.6653 22.1108 84.0925 42.7541 30.1865 15.0897 45.9806 33.9014 25.2836 23.8899 41.3384 19.5893 20.7663 30.307 15.7416 38.0558 31.2145 23.3753 17.0526
internal_count=915 777 642 605 138 535 508 400 108 157 86 71 63 243 123 87 43 135 95 71 70 120 57 60 88 45 112 92 68 50
is_linear=0
shrinkage=0.03


Tree=13
num_leaves=32
num_cat=0
split_feature=27 45 61 55 36 20 38 52 47 45 39 34 34 46 41 40 47 52 37 49 40 56 59 25 31 32 46 27 30 17 36
split_gain=9.27989 7.1812 6.18462 5.60003 3.83878 3.98721 6.70772 3.98886 5.18094 3.70373 3.55575 5.10336 3.96498 3.50549 5.17102 3.15575 2.63215 2.46662 2.35115 2.38174 4.44485 2.34325 2.5561 4.25216 1.79867 1.73673 1.62077 1.61146 1.46156 0.716366 0.58017
threshold=1.6557848679365508 1.1324369016458393 620.50000000000011 -1.5844202895895181 1.0000000180025095e-35 1.1177350441682556 0.48355479461989498 1.0000000180025095e-35 -0.8391356394257673 -0.45689757252467456 -0.60974773313213559 -0.15816107011779004 -0.65023765080323914 -0.29122105521040786 0.53978690336365154 -0.27141424394346975 -0.68526584623504039 0.39154144078406122 -0.53682683810866638 1.0000000180025095e-35 -0.39318136000538356 -0.86832331084448744 0.31710287276341403 -0.353821223412288 -0.29872076492302863 -1.0000000180025095e-35 -0.2136366389405924 0.40587817171137569 0.25710183410177656 -1.3264521991081948 -0.78705901422589697
decision_type=2 2 2 2 2 2 2 2 2 2 2 2 2 2 2 2 2 2 2 2 2 2 2 2 2 2 2 2 2 2 2
left_child=1 2 3 -1 10 7 -7 8 -6 -4 15 12 -12 14 25 30 -17 26 -11 20 -20 -9 23 -23 -14 -13 -3 -15 -10 -19 -5
right_child=-2 17 9 4 5 6 -8 21 28 18 11 13 24 27 -16 16 -18 29 19 -21 -22 22 -24 -25 -26 -27 -28 -29 -30 -31 -32
leaf_value=-0.01451341009200692 -0.021827222075171546 0.004280835404003743 0.011677321091101294 0.013618580598368121 -0.0086560205798214065 -0.0069499189338458056 0.025452914626231081 -0.017436058689572115 0.022372285536021337 0.0023509505399177612 0.0076514950780605271 0.024478110688548573 -0.023835403720734435 0.026922424930577345 -0.0092621634141099134 -0.0050425453022030177 0.016748981553353529 -0.0097618111797740069 0.0073744203412632586 -0.022886101535917042 -0.017257827180498665 -0.0088959361496833318 -0.011835932505456042 0.017889147451617026 -0.0025747122615954968 0.0035952601413720021 -0.01275248355366003 0.0066629687507264628 0.0058015908223571994 -0.026884840561081719 0.02902506549050857
leaf_weight=11.127550721168516 15.196722418069838 10.059017568826677 7.2943082749843589 10.615300327539446 12.66767781972885 8.3554158210754412 12.772301495075224 13.019090473651884 9.8547545373439807 10.502676784992216 11.682730793952944 7.3428212106227848 7.2384499311447144 12.419616788625722 13.029463678598402 8.7235480546951312 8.0802513659000379 8.5998907983303088 10.503930002450941 12.878598541021345 12.989694356918337 9.0844404399395007 13.393011927604674 9.1208970248699206 7.9747187495231611 8.3884716033935547 7.1585635840892783 7.6534377336502066 13.10580277442932 7.5217899978160849 13.238314867019652
leaf_count=31 43 28 20 29 35 23 35 36 27 29 32 20 20 34 36 24 22 24 29 36 36 25 37 25 22 23 20 21 36 21 36
internal_value=-9.38021e-06 0.00111772 0.00270384 0.00487479 0.0059854 0.00160705 0.0127621 -0.00143684 0.00582126 -0.00624577 0.0096791 0.00553363 -0.00464192 0.0112285 0.0038807 0.0167866 0.00562215 -0.0117132 -0.00943446 -0.0129543 -0.00622313 -0.00736355 -0.0024301 0.00455919 -0.0142809 0.0149732 -0.00293499 0.0204764 0.0140949 -0.0196997 0.0236169
internal_weight=331.593 316.397 283.057 228.888 217.761 101.373 21.1277 80.2457 35.6282 54.1692 116.387 75.7297 26.8959 48.8338 28.7608 40.6574 16.8038 33.3393 46.8749 36.3722 23.4936 44.6174 31.5983 18.2053 15.2132 15.7313 17.2176 20.0731 22.9606 16.1217 23.8536
internal_count=915 872 779 629 598 279 58 221 98 150 319 208 74 134 79 111 46 93 130 101 65 123 87 50 42 43 48 55 63 45 65
is_linear=0
shrinkage=0.03


Tree=14
num_leaves=28
num_cat=0
split_feature=48 18 59 54 54 25 35 54 24 52 46 50 48 45 59 30 36 46 38 27 33 26 59 23 39 19 2
split_gain=12.7267 6.62497 5.4235 4.23837 6.88987 4.96134 5.45131 4.02258 3.88897 6.06264 4.72826 4.2395 6.34027 3.71691 3.43557 3.25876 3.00352 2.89683 2.85353 2.22045 1.96301 1.79033 1.49044 1.26827 0.998273 0.913088 0.827075
threshold=-0.35585600379256793 -0.71610505731070184 -1.731611186043462 -1.2376370196452711 -1.0203948801275529 -0.353821223412288 1.0309799181672437 -0.12138982505068119 1.0000000180025095e-35 1.0000000180025095e-35 -0.82232771736771959 -0.51876836343650001 0.091588738959804419 -0.060021049109964392 0.31710287276341403 0.25710183410177656 -0.17296730148249012 0.59155612722195861 -0.28792026738727639 -0.21907517640121199 1.0089933033314011 -0.7565212309629521 -1.0000000180025095e-35 -0.440849409362772 -0.12225145688858535 -0.075859890611339714 -0.21682459589042372
decision_type=2 2 2 2 2 2 2 2 2 2 2 2 2 2 2 2 2 2 2 2 2 2 2 2 2 2 2
left_child=2 25 -1 20 -5 6 7 -6 9 16 14 -11 -13 -14 -10 18 21 23 -7 -18 -4 -3 24 -12 -17 -2 -15
right_child=1 8 3 4 5 15 -8 -9 10 11 17 12 13 26 -16 22 19 -19 -20 -21 -22 -23 -24 -25 -26 -27 -28
leaf_value=0.029718952701187393 -0.0072535163833424956 -0.021569910577015884 0.0034801223238702566 0.034784145216885512 0.019147030954010241 -0.0059971632599588208 0.032657107666245536 -0.0093353432367201863 -0.010098004438343765 -0.01028862863362511 -0.0018436163915900826 -0.0065570961891717773 0.0048870540297252362 0.016612595041110796 0.017796963228083211 -0.021034854616524719 0.016735378467388803 0.0018046870778233189 0.016881751202721652 -0.0053020807777496874 -0.017495429726987363 -0.0026172259325940618 0.00080729264397534043 -0.019611541469047169 -0.0026147586662415537 -0.021733501196736244 0.042066376964242112
leaf_weight=8.6858893036842328 9.1388169378042239 9.8519163429737073 5.7591307163238508 6.891282618045806 6.5064575970172873 6.8058710098266628 8.734446704387663 8.436685577034952 5.1890892386436454 5.2374381572008124 5.4072391092777208 7.0561033934354809 7.3658454716205641 6.2694677710533169 8.1759952008724195 7.6630234122276271 5.5894703567028037 8.3724101483821851 10.439233586192129 8.0313946455717069 7.5376632213592529 9.5410889536142367 7.5285298228263899 26.688105478882793 5.5611605793237686 19.685081481933594 6.8767451345920501
leaf_count=31 36 39 22 25 24 26 32 32 20 20 21 27 28 23 31 29 21 32 39 31 29 37 28 106 21 80 25
internal_value=0 -0.00536725 0.00880325 0.00601726 0.0090553 0.00532788 0.0156792 0.00331673 -0.0021078 0.00269919 -0.00800742 0.0116411 0.0163297 0.0243856 0.00663682 -0.00132093 -0.00613226 -0.0130512 0.00777502 0.00410749 -0.00857315 -0.01339 -0.00916371 -0.0170127 -0.0147517 -0.0179263 0.0332817
internal_weight=239.026 148.476 90.5494 81.8635 68.5667 61.6754 23.6776 14.9431 119.652 65.8195 53.8328 32.8056 27.5682 20.5121 13.3651 37.9978 33.0139 40.4678 17.2451 13.6209 13.2968 19.393 20.7527 32.0953 13.2242 28.8239 13.1462
internal_count=915 577 338 307 256 231 88 56 461 251 210 123 103 76 51 143 128 159 65 52 51 76 78 127 50 116 48
is_linear=0
shrinkage=0.03


Tree=15
num_leaves=31
num_cat=0
split_feature=48 27 37 42 34 31 46 14 56 19 59 14 19 45 55 55 45 25 59 36 42 45 26 27 55 43 55 42 44 42
split_gain=21.4912 7.82809 6.55591 6.479 3.72288 3.21926 4.27084 3.44887 2.91106 3.26219 2.84095 3.31839 2.69229 2.67848 2.37883 3.20219 2.31633 3.80341 2.30874 2.16236 2.55188 2.0987 1.33438 1.25943 1.06768 3.23659 3.00406 1.07976 1.2684 2.95437
threshold=0.31992776698335318 1.6557848679365508 0.16571889281304714 0.44568512029128388 0.47450881933493033 0.7230717580847027 0.81780416199121897 0.52355692141047805 0.8357320873811559 -1.0787135528727616 0.82928138746513314 -0.24966423177141903 1.0000000180025095e-35 -0.30999656575602602 0.3630986832858179 -0.3891850249259472 0.79810347776050816 -0.353821223412288 1.0000000180025095e-35 1.8740050743288668 0.87855753256888591 0.97317226167356485 -0.41714375441559098 1.3433081938802569 0.96362174956927971 1.2808353516805584 0.57503280754167874 -0.20362349812511937 1.0000000180025095e-35 -0.92507751858778964
decision_type=2 2 2 2 2 2 2 2 2 2 2 2 2 2 2 2 2 2 2 2 2 2 2 2 2 2 2 2 2 2
left_child=1 2 19 4 10 6 7 13 9 -5 11 16 21 22 15 -11 17 -2 -15 20 23 -10 -4 24 25 26 27 28 -1 -30
right_child=3 -3 5 8 -6 -7 -8 -9 12 14 -12 -13 -14 18 -16 -17 -18 -19 -20 -21 -22 -23 -24 -25 -26 -27 -28 -29 29 -31
leaf_value=-0.02119944611942863 -0.00033839205207880559 0.015143438027830235 0.015270357478261023 -0.0077537237087556702 0.016006452159184621 -0.017788248919689765 0.017253344259346621 -0.017202712017351199 0.021366878295954829 0.015668649322329371 -0.012917021397822479 -0.0088159785611080354 0.032183778894848018 0.0054692598384576702 0.027060501410839689 -0.0070346278613258248 -0.0042403242673110372 0.026108057787373965 -0.015384541874127605 0.0026576073899854265 0.00081672767172237125 0.00075603223563305345 0 -0.0027934260802923694 -0.024156228394759383 0.0025625255148734863 -0.0014532902085532381 -0.026070631349573874 -0.016916409800442227 0.0052803685279508451
leaf_weight=13.844209283590301 7.9501806497573844 12.511067211627958 11.511423110961911 6.9868270158767691 12.392491132020949 6.8945033550262442 11.555907130241392 9.136429160833357 9.2690677940845507 12.435368716716768 12.785368293523787 12.813594192266466 14.148463636636732 6.9291688501834967 7.1825233697891226 7.7670541107654598 6.9814397990703574 9.5157050192356127 9.3403852283954603 6.8466411828994742 9.2283703088760358 8.8436240851879102 8.6263107657432521 8.8926981389522535 15.933405756950377 8.6064422130584699 11.557968825101851 17.814925789833083 11.15182504057883 7.8821431696415081
leaf_count=41 23 35 33 20 35 20 33 27 26 35 37 37 39 20 20 22 20 27 27 20 27 25 25 26 47 25 34 53 33 23
internal_value=0 -0.00643955 -0.00812495 0.00937377 0.00222234 -0.000344376 0.00206092 -0.00209357 0.0157905 0.00881771 -0.00144096 0.00268952 0.02232 0.00207048 0.0134365 0.00678072 0.00911218 0.014679 -0.00645334 -0.0124636 -0.0135304 0.0124369 0.00920426 -0.0149671 -0.0160778 -0.0137153 -0.0160672 -0.0191467 -0.0142466 -0.00771805
internal_weight=317.336 188.264 175.753 129.072 62.4388 63.9941 57.0996 45.5437 66.6329 34.3718 50.0463 37.2609 32.2612 36.4073 27.3849 20.2024 24.4473 17.4659 16.2696 111.759 104.912 18.1127 20.1377 95.6836 86.7909 70.8575 62.2511 50.6931 32.8782 19.034
internal_count=915 549 514 366 179 185 165 132 187 97 144 107 90 105 77 57 70 50 47 329 309 51 58 282 256 209 184 150 97 56
is_linear=0
shrinkage=0.03


Tree=16
num_leaves=35
num_cat=0
split_feature=34 59 45 55 36 55 54 54 44 45 20 37 16 12 55 38 40 26 13 37 54 39 47 19 41 45 53 39 12 40 44 20 55 56
split_gain=7.10448 6.93182 7.08855 4.83775 4.82214 5.22693 4.15325 6.32784 4.42556 5.08417 3.94137 3.63787 3.83387 3.82703 3.33357 3.20605 4.46711 3.98225 3.16192 3.06228 2.90122 2.70776 2.46519 2.32526 2.12322 2.06347 1.83286 1.81147 1.66372 1.59272 1.14563 1.09604 0.859596 0.372466
threshold=0.68539878248583719 -1.731611186043462 0.091027932770597911 -1.5844202895895181 0.23642717367978114 -1.3692200593027188 -1.7063524518803443 -1.0203948801275529 -0.13942240078316323 -1.1978580401293406 1.0000000180025095e-35 0.16571889281304714 0.49985666882489777 -0.22137324680036094 -0.69267318506337261 -0.84899303975612816 0.9462569166756668 -0.19089210338401683 -0.3653467941971445 1.0000000180025095e-35 1.3282429482182698 0.8527410955985153 -0.11461180472655508 -0.50565431729480625 -0.65598838140036142 -0.66964585377236119 1.0000000180025095e-35 0.2433707502940774 -0.19454851709491658 -0.27141424394346975 -1.0000000180025095e-35 -1.0000000180025095e-35 -1.4888528641791565 -0.86832331084448744
decision_type=2 2 2 2 2 2 2 2 2 2 2 2 2 2 2 2 2 2 2 2 2 2 2 2 2 2 2 2 2 2 2 2 2 2
left_child=1 -1 3 -3 5 -2 -5 10 14 33 25 12 13 22 -9 32 17 27 -12 28 -6 30 -11 -21 -16 -8 -26 -17 -7 -13 -19 -28 -4 -10
right_child=4 2 15 6 20 19 7 8 9 11 18 29 -14 -15 24 16 -18 21 -20 23 -22 -23 -24 -25 26 -27 31 -29 -30 -31 -32 -33 -34 -35
leaf_value=-0.018219242291247491 -0.023222814018341011 -0.014227583195432911 -0.0038406099761507636 0.025625208175363224 -0.028631990625609345 0.00036185453396558951 -0.022994721263784487 0.029915195698725406 0.0098491912953653556 0.008193402026688619 -0.0071669904087918127 -0.00033596921821422055 -0.010501318986859669 0.023350083893605073 -0.00037501250414902643 -0.016040934615423049 -0.018393320808218084 0.022409006891065824 0.018182322552465328 -0.0012688866981567972 -0.0063798147270495709 -0.0025718099934168037 -0.010671857954919301 0.018001253167212908 0.0035571055297514377 -0.0014136374900866075 0.028949645984176445 0.002585017137021636 -0.016160442477400949 -0.020304301668378523 0.0056339859565999462 0.0091422650784793238 -0.018636302056126538 0.025078115277969257
leaf_weight=12.487389504909514 7.4740930795669547 7.8699454069137564 7.5413149893283871 9.9915901124477369 12.090360879898073 13.010161519050598 9.3959155976772326 12.124344527721403 7.6555714309215546 19.292756110429757 7.2741091847419739 7.2758971750736237 9.8006719648838025 10.623098582029359 9.8580673933029157 8.6398289203643781 8.5565078258514387 10.929110437631607 7.3148651123046857 8.6343310773372668 11.810901135206221 9.0117619037628156 7.2843328118324271 11.555670768022535 9.8728025555610675 7.6111370027065304 8.0976362228393501 7.2107294201850882 7.142223149538041 7.2248154282569867 8.7110505402088201 7.7075136005878475 12.570981800556181 7.7244900465011508
leaf_count=35 21 22 21 27 34 36 26 33 21 53 20 20 27 29 27 24 24 30 20 24 33 25 20 32 27 21 22 20 20 20 24 21 35 21
internal_value=-9.70249e-06 0.00228776 0.00345158 0.00674275 -0.00828619 -0.00244657 0.00789038 0.0064844 0.00952242 0.00480252 -0.00519814 0.000681284 0.00484572 0.00929436 0.0166353 -0.00427265 -0.000184916 0.00367119 0.00568034 0.0019537 -0.0188983 0.0102487 0.00251516 0.00996584 0.0109143 -0.0145581 0.0152506 -0.00773087 -0.0059306 -0.0116307 0.0161802 0.0212668 -0.0140177 0.0194021
internal_weight=331.376 259.658 247.171 174 71.7177 47.8165 166.13 156.138 124.542 76.8816 31.596 61.5016 47.0009 37.2002 47.6604 73.1713 53.059 44.5025 14.589 40.3424 23.9013 28.6519 26.5771 20.19 35.536 17.0071 25.678 15.8506 20.1524 14.5007 19.6402 15.8051 20.1123 15.3801
internal_count=915 715 680 477 200 133 455 428 341 211 87 169 129 102 130 203 147 123 40 112 67 79 73 56 97 47 70 44 56 40 54 43 56 42
is_linear=0
shrinkage=0.03


Tree=17
num_leaves=30
num_cat=0
split_feature=48 18 46 24 52 46 58 37 47 26 48 54 40 25 59 36 46 40 47 27 47 26 30 44 55 61 47 61 44
split_gain=12.093 6.45195 5.24492 3.78285 5.80025 4.57477 3.66175 4.20835 3.70917 5.00468 3.62303 3.80847 3.37847 3.29646 3.29601 2.93592 2.82601 2.6099 2.55535 2.14628 1.76576 1.75101 1.44683 1.27786 1.51827 0.735705 0.600398 0.535671 0.374967
threshold=-0.35585600379256793 -0.71610505731070184 1.9227821391307847 1.0000000180025095e-35 1.0000000180025095e-35 -0.82232771736771959 1.0000000180025095e-35 1.0000000180025095e-35 -1.1269706085364701 1.0000000180025095e-35 0.091588738959804419 0.087071387604864395 0.82448980061375299 0.31680833520448365 0.31710287276341403 -0.17296730148249012 0.59155612722195861 0.45918845242801204 0.54465033437653221 -0.21907517640121199 -1.0028740881211629 -0.7565212309629521 0.48100555701084252 -0.83337433215176382 0.64617144155120532 328.00000000000006 -0.63501992507839877 575.50000000000011 -0.60205702169556352
decision_type=2 2 2 2 2 2 2 2 2 2 2 2 2 2 2 2 2 2 2 2 2 2 2 2 2 2 2 2 2
left_child=2 25 6 4 15 14 12 8 -8 17 -6 28 13 -1 -5 21 23 -10 -13 -17 -9 -3 -11 -7 -25 -2 -22 -27 -12
right_child=1 3 -4 5 10 16 7 20 9 22 11 18 -14 -15 -16 19 -18 -19 -20 -21 26 -23 -24 24 -26 27 -28 -29 -30
leaf_value=0.032012641390404099 -0.0036493362055685266 -0.021386719450694067 0.031636522555735361 -0.0099839471461885352 -0.0040271313229366893 -0.0016358554658219761 -0.0068322506733466534 0.0032201910952677545 0.011817348436954823 0.0085577546374588503 0.036392579728820477 0.014649236759600384 0 0.0051227779064669087 0.017317922941776042 0.016472164908938516 0.0017569481773130275 -0.012551514943785895 -0.0098463734494784964 -0.0051787281137977764 -0.020538930003437803 -0.0025720111514630243 0.033519757195854712 -0.023271166629182514 -0.003834461460052637 -0.022851325651999762 -0.0050291459399242769 -0.0075428298786913064 0.01454164918562364
leaf_weight=10.338764309883123 4.6946193426847485 9.6952048242092115 6.7899139523506156 5.1593694388866416 8.8387014269828779 5.3645121753215781 10.17983205616474 5.8009715825319317 6.4772829413414019 5.4742712378501874 5.6837527453899384 7.3728672266006452 10.178633630275725 8.2324393391609174 8.2610324025154096 5.6237012445926666 8.3838656693696958 6.3385229408740997 5.1247885227203369 7.9923633784055692 7.2034915089607248 9.5252201855182665 7.5452873855829239 20.312600791454322 6.0818885862827292 17.752726465463642 6.4593490064144108 6.0129353851079932 5.9448794722557086
leaf_count=37 19 39 24 20 34 21 38 22 24 20 20 27 38 31 31 21 32 24 20 31 28 37 27 82 24 73 25 24 22
internal_value=5.30311e-06 -0.00525031 0.00855261 -0.00204176 0.00269251 -0.00788161 0.00610078 0.00136343 0.00743606 0.0133441 0.0113974 0.0171873 0.0145233 0.0216652 0.00647127 -0.00598784 -0.0128843 0 0.00419717 0.0041138 -0.00931503 -0.0132133 0.0254057 -0.0168347 -0.0194546 -0.017731 -0.014825 -0.0198934 0.0286165
internal_weight=238.844 147.825 91.0188 119.365 65.8015 53.5633 84.2288 55.479 36.0152 25.8354 32.965 24.1263 28.7498 18.5712 13.4204 32.8365 40.1429 12.8158 12.4977 13.6161 19.4638 19.2204 13.0196 31.759 26.3945 28.4603 13.6628 23.7657 11.6286
internal_count=915 577 338 461 251 210 314 208 133 95 123 89 106 68 51 128 159 48 47 52 75 76 47 127 106 116 53 97 42
is_linear=0
shrinkage=0.03


Tree=18
num_leaves=30
num_cat=0
split_feature=48 27 42 44 16 55 16 25 45 48 13 24 42 31 25 20 46 29 30 29 23 47 61 16 41 40 35 19 28
split_gain=20.4577 7.51874 6.18929 4.23865 4.03117 3.73913 3.49017 3.35347 2.78272 4.13316 4.56036 3.15128 4.83178 4.21826 3.11327 2.5778 2.57395 2.51657 2.49953 2.37165 2.35827 2.21786 2.1058 1.85446 1.79328 1.7696 1.17527 0.603225 0.0460162
threshold=0.31992776698335318 1.6557848679365508 1.5278661509852893 0.32321222012923728 -0.63583335335618707 -1.4546648722825029 -0.18369948110511111 -0.353821223412288 -0.81652853003753878 -0.43338564167192672 -0.57778515794958707 0.7272488850143316 -0.42005970426392042 -1.1161547833292136 -0.68913600272067366 1.1177350441682556 0.81780416199121897 0.39419381009814108 -0.97436864189808714 -1.0000000180025095e-35 -0.76707440699070473 0.98604172355857889 555.50000000000011 0.41522922291716985 -0.35704456020935821 0.45918845242801204 -0.77293373871309179 -1.2219783617672506 0.59208359348464701
decision_type=2 2 2 2 2 2 2 2 2 2 2 2 2 2 2 2 2 2 2 2 2 2 2 2 2 2 2 2 2
left_child=1 5 3 4 18 -1 -6 -5 14 10 20 12 13 -11 -7 19 25 -15 -2 22 -10 -4 -8 28 -21 -12 -26 -16 -22
right_child=2 -3 21 7 6 8 15 -9 9 11 16 -13 -14 17 27 -17 -18 -19 -20 24 23 -23 -24 -25 26 -27 -28 -29 -30
leaf_value=0.011449313164357355 0.02361886385095946 0.014811808789335237 0.0083440448160104885 0.0044185669559072775 -0.015107537308115312 0.0014841826382763215 -0.00026321982890306237 0.029792531488252644 0.0027310021778160004 -0.019979798955863257 -0.0099113982197420684 0.0030910097644427218 -0.022776265700997105 -0.0047026531787576868 -0.010047304109509421 0.015086615292544169 0.018963988452986497 0.01609070717480621 0.0033917010002462731 0.0050980782841722073 -0.010751981725546415 0.032600479854900118 0.018306917539879237 -0.00080237318276398667 -0.0023562596603708191 0.0087944841471641593 -0.018155460966291729 -0.022293715502550823 -0.024234788350421851
leaf_weight=7.0318801105022422 10.379150420427324 12.552697062492369 7.5094974339008358 10.247685730457308 10.790274649858473 7.1706439256668082 13.573312520980833 9.6782798767089826 11.28258168697357 9.127994507551195 6.7914052605628994 10.076416760683058 28.130163967609409 11.953597396612166 11.415259867906569 10.18711870908737 10.505353540182112 6.9356026053428641 12.87382462620735 6.9693945050239554 7.1323283314704913 11.284044086933134 7.0468612909317008 8.2073745727539045 9.4499856531620026 8.5607933402061445 9.3305544257164073 24.079264730215073 6.7638329565525055
leaf_count=20 29 35 21 29 31 21 39 27 33 27 20 29 83 35 34 29 30 20 36 20 21 31 20 24 27 25 27 72 20
internal_value=0 -0.00630111 0.00912772 0.00616057 0.00318358 -0.00796099 -0.000524561 0.018246 -0.00890223 -0.00643438 -0.000526756 -0.011502 -0.0142373 -0.00473886 -0.0155587 0.00247275 0.00855228 0.00325992 0.0135468 -0.000558971 -0.00779584 0.024537 0.00662287 -0.0132555 -0.00657826 1.78059e-05 -0.0112637 -0.0190845 -0.0194261
internal_weight=317.037 187.717 129.32 110.526 90.6005 175.164 67.3475 19.926 168.133 125.467 59.2437 66.2238 56.1474 28.0172 42.6652 56.5572 25.8576 18.8892 23.253 46.3701 33.3861 18.7935 20.6202 22.1035 25.7499 15.3522 18.7805 35.4945 13.8962
internal_count=915 549 366 314 258 514 193 56 494 367 173 194 165 82 127 162 75 55 65 133 98 52 59 65 74 45 54 106 41
is_linear=0
shrinkage=0.03


Tree=19
num_leaves=34
num_cat=0
split_feature=27 34 35 46 54 23 18 20 19 47 18 19 20 48 34 56 31 55 36 35 0 42 46 26 46 56 16 16 59 56 44 46 16
split_gain=8.51854 6.6173 5.15427 5.57841 5.15373 4.14669 5.57127 4.96418 3.83678 3.58504 3.25894 3.22545 3.2352 3.07214 5.62285 7.07405 3.76303 3.6448 3.20037 6.85757 5.34998 2.58051 2.38961 2.28975 2.0554 1.98068 1.44561 1.41328 1.20346 0.957203 1.0606 0.901115 0.741993
threshold=1.6557848679365508 1.3180686719385577 -1.3742382910065369 1.1111892468939157 -1.7063524518803443 -0.440849409362772 0.23237769686942902 -0.44666658552804089 0.21066972717763802 -1.1005427116927333 0.5460176217028605 1.0702585805445715 1.0000000180025095e-35 0.29988385492097341 -0.15816107011779004 -0.86832331084448744 -0.29872076492302863 0.015192677694463419 -0.37766453906362568 0.4296753658737984 -0.53593541618659868 1.5278661509852893 -0.34344266084839215 1.2797436283212165 -1.0201974129454128 0.8357320873811559 0.22429149970085982 0.52973183397798362 -1.0000000180025095e-35 1.0000000180025095e-35 0.32321222012923728 -0.37825805301731225 -0.20884772071407098
decision_type=2 2 2 2 2 2 2 2 2 2 2 2 2 2 2 2 2 2 2 2 2 2 2 2 2 2 2 2 2 2 2 2 2
left_child=1 2 24 4 -4 6 -6 8 -8 26 22 13 -13 14 16 -16 17 -7 20 25 -15 23 -9 -3 -1 -20 -5 -12 -24 30 -17 -22 -26
right_child=-2 21 3 9 5 11 7 10 -10 -11 27 12 -14 18 15 29 -18 -19 19 -21 31 -23 28 -25 32 -27 -28 -29 -30 -31 -32 -33 -34
leaf_value=0.0026328044509927309 -0.021067713021184771 -0.01267475789996567 0.02517845174349877 -0.0071711119992848103 -0.018575810786278506 -0.0055942958204520596 -0.017954251466556815 0.0026168427289837508 0.0044477318113203962 -0.018874131404228483 0.0061231871615001965 0.02810320351600451 0.0016475100921688236 0.011999227663563834 -0.0039978888713167095 0.0218866519341883 -0.016011346817585582 0.01858622808654891 0.022536746817210181 -0.011647813025834508 -0.022529661015467346 -0.019974539816498688 0.030806446836195128 0.0075778004776330694 -0.022567815835458561 0.0019868070861717873 0.0093369790724219283 -0.010597379839517718 0.0096968072846936211 0.031026208740466871 0.0045152137111005705 -0.0062633473332907134 -0.0075923350927746547
leaf_weight=7.2032993733882931 14.971204072237013 8.5884355306625384 10.012542694807051 7.5352126061916378 12.265217363834379 9.8451195061206871 13.384601175785066 10.221361845731733 11.272976219654081 13.193498253822325 7.6779705584049207 11.040143400430681 7.2764481306076041 7.2714943885803249 10.210088282823557 9.2250757515430539 8.3416062891483289 9.4958367645740491 13.50414982438088 10.77991673350334 9.3231280744075811 15.170055866241453 7.3619260787963832 8.3055954873561841 7.0828688442707124 7.252962887287139 8.4032046496868116 7.2749952077865601 7.6628096997737938 13.236208915710447 7.3135734498500815 8.2792928814887965 11.142512023448939
leaf_count=20 43 24 27 21 34 27 37 28 31 37 21 30 20 20 28 25 23 26 37 30 26 43 20 23 20 20 23 20 21 36 20 23 31
internal_value=-1.41759e-05 0.00105868 0.00255203 0.00384994 0.00544198 0.00434985 -0.00117521 0.00237057 -0.00781537 -0.00815011 0.00881876 0.007365 0.0188164 0.00542219 0.00966133 0.0166548 -0.000571375 0.00647298 0.000114998 0.00643221 -0.00757724 -0.0115165 0.0151247 -0.00258582 -0.00990649 0.0162436 0.00124286 -0.00187161 0.0222608 0.0237808 0.0155517 -0.0162855 -0.01499
internal_weight=331.125 316.154 284.09 258.661 229.529 219.517 77.1219 64.8566 24.6576 29.1319 40.1991 142.395 18.3166 124.078 67.6675 39.9849 27.6826 19.341 56.4109 31.537 24.8739 32.0641 25.2461 16.894 25.4287 20.7571 15.9384 14.953 15.0247 29.7749 16.5386 17.6024 18.2254
internal_count=915 872 782 711 630 603 212 178 68 81 110 391 50 341 185 109 76 53 156 87 69 90 69 47 71 57 44 41 41 81 45 49 51
is_linear=0
shrinkage=0.03


Tree=20
num_leaves=29
num_cat=0
split_feature=47 18 46 24 52 46 50 47 58 37 39 27 59 46 46 29 20 36 53 55 27 50 26 28 23 12 39 14
split_gain=11.1697 6.33692 5.01731 3.78727 5.33993 4.46483 3.96235 5.77684 3.63519 4.05043 4.357 3.29747 3.20014 2.99572 2.74746 2.74593 3.03468 2.74221 2.34683 2.34308 2.07636 1.78733 1.65323 1.60058 1.2556 1.06164 0.524712 0.460643
threshold=-0.3564988681128517 -0.71610505731070184 1.9227821391307847 1.0000000180025095e-35 1.0000000180025095e-35 -0.82232771736771959 -0.51876836343650001 0.082209594150917484 1.0000000180025095e-35 1.0000000180025095e-35 -0.12225145688858535 1.0308315198239633 0.31710287276341403 -0.92929602672188161 0.59155612722195861 -0.97789306099952744 -0.70740019047742353 -0.17296730148249012 1.0000000180025095e-35 0.1124677926133605 -0.21907517640121199 1.0000000180025095e-35 -0.7565212309629521 0.26268159427196669 -0.440849409362772 2.2239482345721533 -0.60974773313213559 -0.048821479138720862
decision_type=2 2 2 2 2 2 2 2 2 2 2 2 2 2 2 2 2 2 2 2 2 2 2 2 2 2 2 2
left_child=2 25 8 4 17 12 -6 -8 15 10 11 19 -5 -9 24 -1 -17 22 -18 -10 -19 26 -3 -21 -7 -2 -11 -15
right_child=1 3 -4 5 6 14 7 13 9 21 -12 -13 -14 27 -16 16 18 20 -20 23 -22 -23 -24 -25 -26 -27 -28 -29
leaf_value=-0.0031068601518555294 -0.020568481571178927 -0.02106204833255618 0.030556171491384582 -0.0098830575359360063 -0.010138385244588908 -0.0015984462310077809 -0.0049862892437084827 0.0031726616779856557 -0.0071835925716699977 -0.0055100612167246141 0.022169924997436755 -0.014661385799635466 0.017016106264978355 0.036851521472916128 0.0016596316502632373 0 0.034591697268335324 0.016173283861517711 0.0095601228092022685 0.023878923793573755 -0.0050969588472989415 0.0032870598970939843 -0.0025109286225066139 0.002172640015065896 -0.019291536708545391 -0.003910836068088004 -0.020425514270393092 0.014940429661458844
leaf_weight=5.6620467901229885 21.988390177488331 9.0816407054662687 6.9146140515804282 5.1329009979963294 5.1961421966552725 5.355886995792388 7.8412400335073498 5.8052458912134197 5.6336777955293718 6.6721955686807641 10.27561569213867 7.7199059128761283 8.3147188127040845 8.4684647023677844 8.4085903465747815 5.8486648350954118 8.8707400560379011 5.662833034992218 8.5846899449825269 5.7371292710304242 7.9658893793821317 5.7874987572431555 9.5042597651481646 7.0550227761268616 26.086441949009899 6.1014590710401526 7.131693199276925 5.8270431756973222
leaf_count=21 92 37 24 20 20 21 30 22 21 26 37 29 31 30 32 22 32 21 31 21 31 22 37 26 106 24 28 21
internal_value=1.21004e-05 -0.00508268 0.00816297 -0.00190271 0.0028515 -0.00776013 0.0111303 0.0156043 0.00577308 0.00108954 0.00701569 0 0.00638596 0.0237028 -0.0127373 0.0141333 0.0184985 -0.00560299 0.0243282 0.00703391 0.00407168 -0.0093584 -0.0127702 0.0138119 -0.0166698 -0.0175347 -0.0148548 0.0305671
internal_weight=238.635 146.741 91.8935 118.651 65.3528 53.2985 33.1381 27.942 84.9789 56.0127 36.4214 26.1457 13.4476 20.1008 39.8509 28.9661 23.3041 32.2146 17.4554 18.4258 13.6287 19.5914 18.5859 12.7922 31.4423 28.0898 13.8039 14.2955
internal_count=915 575 340 459 249 210 123 103 316 210 134 97 51 73 159 106 85 126 63 68 52 76 74 47 127 116 54 51
is_linear=0
shrinkage=0.03


end of trees

feature_importances:
Column_45=34
Column_46=34
Column_54=30
Column_55=30
Column_47=26
Column_27=24
Column_34=22
Column_24=20
Column_19=19
Column_36=19
Column_37=19
Column_40=19
Column_48=19
Column_59=18
Column_16=17
Column_42=17
Column_44=17
Column_26=14
Column_39=14
Column_25=12
Column_18=11
Column_52=11
Column_30=10
Column_31=10
Column_35=10
Column_43=10
Column_53=10
Column_56=10
Column_61=10
Column_13=8
Column_20=8
Column_32=8
Column_12=7
Column_23=7
Column_29=7
Column_38=7
Column_14=6
Column_41=6
Column_28=5
Column_50=5
Column_58=5
Column_33=4
Column_60=4
Column_0=3
Column_49=3
Column_1=1
Column_2=1
Column_6=1
Column_9=1
Column_17=1
Column_21=1
Column_51=1

parameters:
[boosting: gbdt]
[objective: multiclass]
[metric: multi_logloss]
[tree_learner: serial]
[device_type: cpu]
[data_sample_strategy: bagging]
[data: ]
[valid: ]
[num_iterations: 1800]
[learning_rate: 0.03]
[num_leaves: 128]
[num_threads: 3]
[seed: 42]
[deterministic: 0]
[force_col_wise: 1]
[force_row_wise: 0]
[histogram_pool_size: -1]
[max_depth: 12]
[min_data_in_leaf: 20]
[min_sum_hessian_in_leaf: 0.001]
[bagging_fraction: 0.85]
[pos_bagging_fraction: 1]
[neg_bagging_fraction: 1]
[bagging_freq: 0]
[bagging_seed: 400]
[bagging_by_query: 0]
[feature_fraction: 0.8]
[feature_fraction_bynode: 1]
[feature_fraction_seed: 30056]
[extra_trees: 0]
[extra_seed: 12879]
[early_stopping_round: 0]
[early_stopping_min_delta: 0]
[first_metric_only: 0]
[max_delta_step: 0]
[lambda_l1: 0.2]
[lambda_l2: 1.5]
[linear_lambda: 0]
[min_gain_to_split: 0]
[drop_rate: 0.1]
[max_drop: 50]
[skip_drop: 0.5]
[xgboost_dart_mode: 0]
[uniform_drop: 0]
[drop_seed: 17869]
[top_rate: 0.2]
[other_rate: 0.1]
[min_data_per_group: 100]
[max_cat_threshold: 32]
[cat_l2: 10]
[cat_smooth: 10]
[max_cat_to_onehot: 4]
[top_k: 20]
[monotone_constraints: ]
[monotone_constraints_method: basic]
[monotone_penalty: 0]
[feature_contri: ]
[forcedsplits_filename: ]
[refit_decay_rate: 0.9]
[cegb_tradeoff: 1]
[cegb_penalty_split: 0]
[cegb_penalty_feature_lazy: ]
[cegb_penalty_feature_coupled: ]
[path_smooth: 0]
[interaction_constraints: ]
[verbosity: -1]
[saved_feature_importance_type: 0]
[use_quantized_grad: 0]
[num_grad_quant_bins: 4]
[quant_train_renew_leaf: 0]
[stochastic_rounding: 1]
[linear_tree: 0]
[max_bin: 255]
[max_bin_by_feature: ]
[min_data_in_bin: 3]
[bin_construct_sample_cnt: 200000]
[data_random_seed: 175]
[is_enable_sparse: 1]
[enable_bundle: 1]
[use_missing: 1]
[zero_as_missing: 0]
[feature_pre_filter: 1]
[pre_partition: 0]
[two_round: 0]
[header: 0]
[label_column: ]
[weight_column: ]
[group_column: ]
[ignore_column: ]
[categorical_feature: ]
[forcedbins_filename: ]
[precise_float_parser: 0]
[parser_config_file: ]
[objective_seed: 16083]
[num_class: 3]
[is_unbalance: 0]
[scale_pos_weight: 1]
[sigmoid: 1]
[boost_from_average: 1]
[reg_sqrt: 0]
[alpha: 0.9]
[fair_c: 1]
[poisson_max_delta_step: 0.7]
[tweedie_variance_power: 1.5]
[lambdarank_truncation_level: 30]
[lambdarank_norm: 1]
[label_gain: ]
[lambdarank_position_bias_regularization: 0]
[eval_at: ]
[multi_error_top_k: 1]
[auc_mu_weights: ]
[num_machines: 1]
[local_listen_port: 12400]
[time_out: 120]
[machine_list_filename: ]
[machines: ]
[gpu_platform_id: -1]
[gpu_device_id: -1]
[gpu_device_id_list: ]
[gpu_use_dp: 0]
[num_gpu: 1]

end of parameters

pandas_categorical:null
