tree
version=v4
num_class=1
num_tree_per_iteration=1
label_index=0
max_feature_idx=42
objective=binary sigmoid:1
feature_names=Column_0 Column_1 Column_2 Column_3 Column_4 Column_5 Column_6 Column_7 Column_8 Column_9 Column_10 Column_11 Column_12 Column_13 Column_14 Column_15 Column_16 Column_17 Column_18 Column_19 Column_20 Column_21 Column_22 Column_23 Column_24 Column_25 Column_26 Column_27 Column_28 Column_29 Column_30 Column_31 Column_32 Column_33 Column_34 Column_35 Column_36 Column_37 Column_38 Column_39 Column_40 Column_41 Column_42
feature_infos=[-1.7591172751981041:8.2510226125078656] [-2.0782458268479957:9.5103103339026145] [-1.7373868170862601:6.5785872157186116] [-1.7496414647149532:8.3199996757893739] [-2.1864535428920608:9.569520905617475] [-1.7007446698461355:7.1340766176311377] [-2.6002303134936215:5.2858643180021048] [-2.4952430092494429:7.9890296873816053] [-2.7657918541934472:4.2363351712431285] [-3.3977068638018713:3.5760359167074056] [-6.7153782537567199:2.9356388021927722] [-2.6659726275955427:4.0736591730074254] [-1.6789512273693694:2.9737183972647303] [-3.3742040365368497:3.6697639685916683] [-2.6441076142282616:4.1489295061048592] [-1.6351509441461336:1.4308546947485883] [-1.4858876083635879:1.443211985146879] [-1.8928909535985463:1.2060595414507544] [-1.3558561371552957:0.73754137522148999] [-2.2070439699193516:2.6790420352290476] [-2.4387806971152592:3.6301207973197478] [-2.2815792197781724:3.9546761295350557] [-2.9756622723846684:3.0539720932481105] [-2.1929754578173841:2.5773385032451572] [-2.3334002128250013:3.7987029263250629] [-2.170594658644676:4.6247016811344377] [-3.874119972385913:3.3535570394097816] [-2.6608982165332096:3.5051753648904018] [-2.3962126873119258:4.4759164146662132] [-2.7784444765648248:4.1854519591775121] [-3.367508890227632:3.1813620693028923] [-2.7625298279912793:3.3685910994432176] [-2.3273098539654349:3.6093803132973741] [-2.8211887676805092:4.3593814652944225] [-3.1637629832380698:3.6696030279198086] [-2.5856243545387794:4.2002987201789184] [-3.477109127834948:4.2290673155070966] [-1.0359226754438842:2.6533302488963635] [-0.93885806417472617:4.1976480115638122] [-1.1195872327318146:3.3766274519092492] [10:815] [10:815] [0:1]
tree_sizes=3108 2981 3150 2964 2575 2769 3109 2872 3222 2987 3013 2371 3105

Tree=0
num_leaves=28
num_cat=0
split_feature=13 30 36 40 30 39 34 34 22 27 12 24 33 28 39 30 36 27 4 26 30 26 24 13 31 36 12
split_gain=6.82079 6.12565 10.5383 6.81884 4.75963 4.57303 6.59341 4.44294 5.75345 5.82264 4.20968 4.11463 4.80036 4.49114 4.53227 3.34914 4.88112 3.97724 3.22236 3.09394 2.99133 2.48682 1.63227 0.618966 0.288043 0.222036 0.188422
threshold=-0.11199078106600166 -0.83805079474758815 0.15580262402630152 721.50000000000011 0.55661616885613441 1.0000000180025095e-35 0.70847775641806121 0.4806988893794652 0.66724182351846928 -0.52285354557981167 -0.6827715892558246 -1.521798326761022 1.0000000180025095e-35 -0.55546382071063871 1.1285201095887176 -0.17103615998059057 -1.243745028977485 0.8473850280698797 1.0000000180025095e-35 0.34202495116157566 0.37470308664695334 -0.68189595884281429 0.4621173947287045 -0.52541294399322269 -0.41226680580805547 0.66496071046140115 0.036633383716709565
decision_type=2 2 2 2 2 2 2 2 2 2 2 2 2 2 2 2 2 2 2 2 2 2 2 2 2 2 2
left_child=1 2 10 4 5 6 23 11 9 -9 -1 -2 19 21 15 -15 -17 20 -11 24 -18 -14 -6 -3 -13 -10 -7
right_child=7 3 -4 -5 22 26 -8 8 25 18 -12 12 13 14 -16 16 17 -19 -20 -21 -22 -23 -24 -25 -26 -27 -28
leaf_value=-0.052210005176714834 -0.072387164601501963 -0.049961572281771296 -0.10823529125126884 -0.097829116149265552 -0.093207738255959252 -0.062136307890588979 -0.091451408066634973 -0.06807079867334366 -0.053463888373525073 -0.11037047019058194 -0.085595425448752371 -0.095412405293634289 -0.11030322974982171 -0.061746029799446378 -0.10383325270011134 -0.10342320973716941 -0.08216540004349028 -0.089265179936495076 -0.081192155733362872 -0.084584673046949568 -0.053564840519326577 -0.086470427990629109 -0.071949399946750286 -0.071949399946750286 -0.11368560327705109 -0.071949399946750286 -0.038428789250446911
leaf_weight=5.2411489337682724 9.4839837849140149 5.7403059750795364 9.983140826225279 4.9915704131126395 4.9915704131126386 6.4890415370464307 7.2377770990133277 7.9865126609802291 4.9915704131126386 6.7386200577020645 5.7403059750795382 5.9898844957351729 7.7369341403245953 7.9865126609802202 5.2411489337682715 5.9898844957351676 5.2411489337682813 9.2344052642583829 4.9915704131126404 7.2377770990133277 6.7386200577020645 9.2344052642583829 4.9915704131126404 4.9915704131126457 11.231033429503441 4.9915704131126404 6.9881985783576965
leaf_count=21 38 23 40 20 20 26 29 32 20 27 23 24 31 32 21 24 21 37 20 29 27 37 20 20 45 20 28
internal_value=-0.0821654 -0.0746125 -0.087608 -0.0686317 -0.0645498 -0.0590493 -0.0709508 -0.0864111 -0.0766432 -0.0859522 -0.0684571 -0.0896895 -0.0919059 -0.086789 -0.0813599 -0.0771003 -0.0822305 -0.0755021 -0.098798 -0.102723 -0.0648385 -0.0990629 -0.0821654 -0.057191 -0.109221 -0.0596423 -0.0462938
internal_weight=188.432 67.3862 20.9646 46.4216 41.43 31.4469 17.9697 121.046 29.6998 19.7167 10.9815 91.3457 81.8618 57.4031 40.4317 35.1906 27.2041 21.2142 11.7302 24.4587 11.9798 16.9713 9.98314 10.7319 17.2209 9.98314 13.4772
internal_count=755 270 84 186 166 126 72 485 119 79 44 366 328 230 162 141 109 85 47 98 48 68 40 43 69 40 54
is_linear=0
shrinkage=1


Tree=1
num_leaves=27
num_cat=0
split_feature=13 30 25 19 32 12 34 22 27 23 12 4 34 34 16 33 19 22 22 15 25 0 35 8 1 39
split_gain=6.49802 5.81285 8.45374 7.42422 5.93014 4.66382 4.24357 5.48772 5.53525 4.59981 4.02876 3.07699 2.47178 2.919 3.65491 3.5681 3.60252 7.06861 3.56234 3.90316 3.95773 2.13545 1.72129 1.64359 1.62609 0.859945
threshold=-0.11199078106600166 -0.83805079474758815 0.37764146877249155 0.15456426590237451 1.0000000180025095e-35 0.0073386766831608835 0.4806988893794652 0.66724182351846928 -0.52285354557981167 -1.7159440617111297 -0.93892552335840518 1.0000000180025095e-35 0.176993733328004 -1.5693109139678982 1.3100710945327672 0.11631723671832664 -0.41547910136493865 0.66724182351846928 -1.0914015331244244 0.4285066974176216 0.71740628576144749 0.64783476377286264 0.42562900986719931 -0.95819577932204192 0.25064407683982742 -1.0000000180025095e-35
decision_type=2 2 2 2 2 2 2 2 2 2 2 2 2 2 2 2 2 2 2 2 2 2 2 2 2 2
left_child=1 2 4 10 -1 21 9 8 -8 -2 -3 -10 13 -11 15 16 -15 -18 -17 20 -20 -5 -14 -12 -21 -25
right_child=6 3 -4 5 -6 -7 7 -9 11 12 23 -13 22 14 -16 18 17 -19 19 24 -22 -23 -24 25 -26 -27
leaf_value=0.0052639242985949479 0.014106590129636006 0.0042512950046202942 0.019958128207599065 -0.024837378814062071 -0.031195784592146426 0.014388045757055712 0.013732403894908249 0.022002283067466464 -0.027543963477174312 -0.024913419298809514 0.046587144492070458 0.00095076423229307843 -0.0067281886633610314 -0.030068770247320582 0.0134702234255323 -0.019770451847278405 0.01001140866756507 -0.027026123056567149 0.022388253580267286 0.0010938972432373872 -0.0032508114037789575 0 -0.032095497737921169 0.0094638933056215031 -0.020356445004056783 0.029342235849658962
leaf_weight=5.4908950924873379 6.7373325973749152 8.4882990121841448 6.4890520572662345 4.9907282292842883 8.9767276644706708 8.7381746023893339 7.9907398223876998 9.9899634718894941 6.7294851243495941 5.9853735119104376 4.9952277988195446 4.9917688965797424 6.2367447316646558 8.4808030426502246 7.2359972745180121 5.7373204231262163 9.4798935949802381 6.4852607548236838 10.733259394764909 4.9900415390729886 8.4841309338808042 6.2416253834962845 5.7360797822475433 7.7374011576175716 4.9918208867311478 5.2452471554279283
leaf_count=22 27 34 26 20 36 35 32 40 27 24 20 20 25 34 29 23 38 26 43 20 34 25 23 31 20 21
internal_value=0 0.00737808 -0.00528055 0.0132025 -0.0177879 -0.000443182 -0.00413809 0.00540465 -0.00368517 -0.00734391 0.0231851 -0.0162239 -0.00933839 -0.00684874 -0.00462477 -0.00720581 -0.0156478 -0.00571918 -0.000733089 0.00359533 0.0113636 -0.0127881 -0.0215471 0.0308009 -0.0103686 0.0201167
internal_weight=188.409 67.3934 20.9567 46.4367 14.4676 19.9705 121.016 29.702 19.712 91.3141 26.4662 11.7213 84.5767 72.6039 66.6185 59.3825 24.446 15.9652 34.9366 29.1993 19.2174 11.2324 11.9728 17.9779 9.98186 12.9826
internal_count=755 270 84 186 58 80 485 119 79 366 106 47 339 291 267 238 98 64 140 117 77 45 48 72 40 52
is_linear=0
shrinkage=0.03


Tree=2
num_leaves=29
num_cat=0
split_feature=5 40 16 40 34 22 30 23 21 38 40 33 25 19 23 28 31 26 22 23 18 24 29 29 35 19 28 29
split_gain=6.10717 4.98748 5.87703 4.89263 4.37118 6.29377 4.72717 4.26826 2.93877 2.92552 3.12256 3.26202 2.9539 5.70848 5.43745 4.81694 3.35902 3.02255 2.47902 2.91329 2.27498 1.36707 1.26839 1.10317 0.992802 0.771993 0.348965 0.116185
threshold=-0.35227194702065701 535.50000000000011 -1.0864649365212513 344.00000000000006 0.4806988893794652 0.66724182351846928 -0.24899890949881109 -1.7159440617111297 -1.0000000180025095e-35 1.629394973694543 178.50000000000003 0.11631723671832664 1.0571711027504032 1.213216233684528 -0.44386033876111886 -0.80089700292414379 -0.6166375033892052 0.22156366763164731 0.66724182351846928 1.1462443149263952 1.0000000180025095e-35 -1.0000000180025095e-35 1.0000000180025095e-35 0.28144941186741435 0.16509803467714465 -0.41547910136493865 1.0000000180025095e-35 -0.77368641172990948
decision_type=2 2 2 2 2 2 2 2 2 2 2 2 2 2 2 2 2 2 2 2 2 2 2 2 2 2 2 2
left_child=1 2 -1 8 7 6 23 -2 -4 10 11 -9 13 14 15 -12 -17 24 19 25 -8 -3 -19 -6 -16 -5 -14 -7
right_child=4 21 3 18 5 27 20 9 -10 -11 12 -13 26 -15 17 16 -18 22 -20 -21 -22 -23 -24 -25 -26 -27 -28 -29
leaf_value=0.03220995235963052 0.013754176004586897 0.00077545751650115772 0.005213850091325919 0.029556835116280201 0 0.028969896002937957 0 -0.01056668621725943 -0.022949378840140384 0.0093152441053228983 -0.016700442876152671 0.019393410212799778 -0.029687699775525114 -0.033192773135850472 -0.027061332160241446 0.002916291053198438 0.029962979555101472 -0.0097789957984796248 -0.0035865707395694307 0 -0.025060777170723875 -0.01808383447457192 0.0073146191910499793 0.017921452263263856 -0.0072234498765977916 0.010912985037105442 -0.011409254349061494 0.011236146043657682
leaf_weight=8.9916341751813871 6.7410351485013953 5.4925158619880676 4.9933328032493591 8.9882297366857546 5.2385064214468002 5.2476670891046524 5.2362442016601562 4.9859370887279493 5.4891094118356687 5.987269163131713 5.2342407405376461 4.9913033097982407 8.4736961573362333 6.2262614369392386 10.473379731178296 13.222957938909534 5.2397335320711038 6.7351046204566938 5.7402873188257209 6.7380391359329215 6.9799279719591141 5.4828094840049726 5.7397227734327316 5.4923783391714096 5.7353744804859152 7.4900076985359254 5.7360954880714408 5.2472996413707715
leaf_count=36 27 22 20 36 21 21 21 20 22 24 21 20 34 25 42 53 21 27 23 27 28 22 23 22 23 30 23 21
internal_value=0 0.00784872 0.0119944 0.00622762 -0.0036567 0.00540997 -0.00336472 -0.00692732 -0.0100598 -0.00876654 -0.0102878 0.00447439 -0.0124407 -0.00888248 -0.00503783 0.00525517 0.0125674 -0.0135787 0.0125258 0.0167283 -0.0154599 -0.00920646 -0.00154386 0.0101213 -0.0215871 0.0230338 -0.024485 0.0231174
internal_weight=188.37 59.406 48.4306 39.439 128.964 33.442 22.9471 95.5221 10.4824 88.7811 82.7938 9.97724 72.8166 58.6068 52.3805 23.6969 18.4627 28.6836 28.9566 23.2163 12.2162 10.9753 12.4748 10.7309 16.2088 16.4782 14.2098 10.495
internal_count=755 238 194 158 517 134 92 383 42 356 332 40 292 235 210 95 74 115 116 93 49 44 50 43 65 66 57 42
is_linear=0
shrinkage=0.03


Tree=3
num_leaves=27
num_cat=0
split_feature=5 21 19 31 22 34 22 27 23 38 18 28 22 22 34 19 16 31 26 2 1 12 28 26 15 36
split_gain=5.78502 4.65055 5.06517 7.52952 6.88231 4.16943 6.00162 5.80162 4.0626 2.7885 2.75738 2.74614 5.13575 6.43108 5.96177 3.50491 2.7073 5.39336 4.17342 2.70204 2.62203 3.1861 2.60869 0.586691 0.505198 0.108834
threshold=-0.35227194702065701 1.7026950311719458 0.15456426590237451 0.40521598451654423 1.0000000180025095e-35 0.4806988893794652 0.66724182351846928 -0.52285354557981167 -1.7159440617111297 1.629394973694543 1.0000000180025095e-35 -0.55546382071063871 0.66724182351846928 0.37413459741132021 -0.43041657877491862 -1.066957235384725 -1.0864649365212513 -1.0253788985515049 0.22156366763164745 -0.9548178321397699 -0.34555173850425508 0.056676465381935673 0.67170209035688599 -0.68189595884281429 0.54642999122126479 0.66496071046140115
decision_type=2 2 2 2 2 2 2 2 2 2 2 2 2 2 2 2 2 2 2 2 2 2 2 2 2 2
left_child=1 2 3 24 19 8 7 -7 -2 11 -9 15 13 16 22 -10 -13 -18 -19 -5 21 -4 -14 -17 -1 -8
right_child=5 -3 20 4 -6 6 25 10 9 -11 -12 12 14 -15 -16 23 17 18 -20 -21 -22 -23 -24 -25 -26 -27
leaf_value=0.037682457395285224 0.013411749520199969 -0.014214535525601649 -0.0075535103764538779 0.0050609538754676714 0.027533167383222014 0.012872440273023403 0.02830551975572751 0 0.00024680237132515103 0.0090889267823252191 -0.02608894965103721 0.008236200695918414 0.012160415471588278 0.022624854345873056 -0.032612032247077746 -0.032852673699686682 0.011416706232876151 -0.028805747885494327 0.0011890090709413515 -0.020962947921808136 -0.014027412605909857 0.020289905565639421 -0.013946686502531329 -0.015022909531437079 0.017388557516745493 0.010952215619995914
leaf_weight=8.993290990591051 6.7440016716718665 6.230583742260932 5.7388156652450579 4.9906665980815896 4.9963871091604224 9.7418629676103592 5.2496063411235792 5.7329433411359787 6.2248891592025783 5.98957835137844 7.4651550501585007 7.4821497350931159 5.2393978387117404 7.7335347384214392 9.9509161263704282 7.4662162214517638 5.7393866181373623 11.220388561487203 5.4886536449193946 6.7348572760820398 7.4856190681457511 5.9956149160861969 5.4844123125076294 10.714295208454129 8.2420146167278272 5.2484965026378632
leaf_count=36 27 25 23 20 20 39 21 23 25 24 30 30 21 31 40 30 23 45 22 27 30 24 22 43 33 21
internal_value=0 0.00764066 0.0106308 0.0173703 0.00214512 -0.00355774 0.00529494 -0.00327199 -0.00675393 -0.00855054 -0.0156944 -0.0100377 -0.00607411 0.000496 -0.0175377 -0.0183804 -0.00583769 -0.0110012 -0.0193371 -0.0101151 -0.00138215 0.00690675 -0.000773534 -0.0245958 0.0304672 0.0225837
internal_weight=188.324 59.4078 53.1773 33.9572 16.7219 128.916 33.4381 22.94 95.4778 88.7338 13.1981 82.7442 58.3388 37.6641 20.6747 24.4054 29.9306 22.4484 16.709 11.7255 19.22 11.7344 10.7238 18.1805 17.2353 10.4981
internal_count=755 238 213 136 67 517 134 92 383 356 53 332 234 151 83 98 120 90 67 47 77 47 43 73 69 42
is_linear=0
shrinkage=0.03


Tree=4
num_leaves=23
num_cat=0
split_feature=11 30 12 36 35 41 35 31 35 16 17 14 32 24 16 12 22 22 30 16 36 29
split_gain=5.27785 8.01744 5.12885 4.85131 4.61795 4.43423 3.0085 2.65134 2.50223 2.41437 3.17077 2.71801 6.90589 8.83158 9.44874 3.9135 5.75085 4.0047 6.9529 3.66477 5.25756 1.00943
threshold=0.41817253760340728 -0.83805079474758815 0.0419119964410068 1.0000000180025095e-35 -1.3344697876377034 354.00000000000006 -0.31658132643004905 0.97453435634974761 -1.0959021795421593 1.3100710945327672 0.43132191768842926 -0.77005365873281006 -1.100393886064454 -0.71019644069704302 -0.55390137406480289 0.0419119964410068 -0.46331462003767693 1.0440939713705182 0.68655408471983526 0.77750753207631851 -0.33042041347027978 -1.0000000180025095e-35
decision_type=2 2 2 2 2 2 2 2 2 2 2 2 2 2 2 2 2 2 2 2 2 2
left_child=4 3 6 -2 5 -1 -3 -8 -6 11 -11 12 -10 -14 -15 17 -17 18 19 20 -13 -4
right_child=1 2 21 -5 8 -7 7 -9 9 10 -12 15 13 14 -16 16 -18 -19 -20 -21 -22 -23
leaf_value=0.030435482828876384 0.010148185574036345 0.020204061429209105 0.015844765727558083 -0.020883951055776333 -0.022371548469517069 -0.0029733304811904383 0.0077004402264681604 -0.017374473772455799 -0.020291136426226514 0.023699961244867195 -0.0038150692499736146 -0.014222572789668875 0.035857955087259911 -0.022976072331278602 0.018044213859292897 0.0035814464669119473 -0.029089743992350349 -0.024346286990047553 0.020593142432171248 -0.020680402732704092 0.0087675366399958994 0.039646192271420119
leaf_weight=5.4930422157049161 6.2416218668222418 5.9933531433343878 7.9947117418050766 9.4582085758447629 5.4805338829755774 6.2333778887987137 6.9916449338197726 5.2412756681442261 7.4774346798658398 4.9917010217905027 7.4816003292798996 13.949547737836829 6.7339609265327516 8.2201599031686854 8.987795785069455 6.2316006124019649 13.694252476096151 5.9683771580457678 9.4774846285581571 9.9722312539815885 19.690002620220191 6.246533587574957
leaf_count=22 25 24 32 38 22 25 28 21 30 20 30 56 27 33 36 25 55 24 38 40 79 25
internal_value=0 0.0084348 0.0167578 -0.00838888 -0.00293116 0.0138997 0.00505212 -0.00333044 -0.00465779 -0.00355921 0.0081289 -0.00502461 0.00221765 0.0102652 -0.00150134 -0.00796774 -0.0190567 -0.00374792 -0.000716948 -0.0060117 -0.000795349 0.0294489
internal_weight=188.25 48.1673 32.4675 15.6998 140.083 11.7264 18.2263 12.2329 128.357 122.876 12.4733 110.403 31.4194 23.9419 17.208 78.9835 19.9259 59.0576 53.0893 43.6118 33.6396 14.2412
internal_count=755 193 130 63 562 47 73 49 515 493 50 443 126 96 69 317 80 237 213 175 135 57
is_linear=0
shrinkage=0.03


Tree=5
num_leaves=25
num_cat=0
split_feature=11 30 12 35 12 34 22 23 30 30 28 22 22 34 27 18 11 16 26 23 26 29 16 29
split_gain=5.02642 7.61863 4.88214 4.39355 3.40481 3.3638 6.02012 3.57857 4.03697 4.00129 3.80302 6.28527 6.1775 6.01519 3.24518 3.22555 3.11553 3.47926 2.97112 2.01863 1.89098 0.960247 0.719989 0.603692
threshold=0.41817253760340728 -0.83805079474758815 0.0419119964410068 -1.3344697876377034 -0.12768791792311163 0.4806988893794652 0.66724182351846928 -1.119654816578312 -0.40492440853525208 0.37470308664695334 -0.80089700292414379 0.66724182351846928 0.29038967566642049 -0.65819544581351452 0.42213857417859618 -1.0000000180025095e-35 -0.50255226224765093 -1.0864649365212513 0.34202495116157566 0.19218152271388669 -0.3807427500179939 -1.0000000180025095e-35 0.51122575084809418 -0.77368641172990948
decision_type=2 2 2 2 2 2 2 2 2 2 2 2 2 2 2 2 2 2 2 2 2 2 2 2
left_child=3 4 18 20 -2 7 14 8 -5 -10 -9 12 16 -13 15 -7 -12 -18 -3 -19 -1 -4 -15 -8
right_child=1 2 21 5 -6 6 23 10 9 -11 11 13 -14 22 -16 -17 17 19 -20 -21 -22 -23 -24 -25
leaf_value=0.024749943911695573 0.0066058516288003098 0.016433479175231958 0.015442538482791481 0.022365279530469011 -0.019187540175904176 0.016352214729941958 0.027772343648241726 -0.026262330282798608 -0.022303714817447532 0.0072107844445439924 -0.019186236261012658 0.0030407933915664489 0.020346758358466548 -0.034834733463903311 -0.018292732868472102 -0.0082413386414928284 0.017334516315274353 -0.01475576343402194 -0.00593242091972483 0.0052164385268079301 0.00082083057226612927 0.038705778821658272 -0.012616690230619072 0.0081758289612429667
leaf_weight=5.2403956055641174 6.7312798500061026 8.7415472865104693 7.9959086775779724 5.4869350194931057 8.9568191170692426 7.2395683079957971 5.2486111670732498 10.681286647915838 5.4793316870927802 8.4858590960502607 9.712004795670504 6.7354000210762051 8.7332277745008451 9.9319632649421674 8.7113340646028501 8.9673937410116231 5.9851073473691931 9.9601680189371198 9.4841314405202848 5.9854029417037955 6.488423675298689 6.2428420782089216 5.4615620374679557 5.497374087572096
leaf_count=21 27 35 32 22 36 29 21 43 22 34 39 27 35 40 35 36 24 40 38 24 26 25 22 22
internal_value=0 0.00824146 0.0163546 -0.00285211 -0.00816065 -0.004538 0.00308056 -0.00753712 0.00346531 -0.00502154 -0.0105527 -0.00722177 0 -0.0195108 -0.00492641 0.00286023 -0.0063188 0 0.00492463 -0.00711105 0.0135599 0.0287401 -0.0291272 0.0204666
internal_weight=188.184 48.1525 32.4644 140.031 15.6881 128.303 35.6643 92.6382 19.4521 13.9652 73.1861 62.5048 40.3759 22.1289 24.9183 16.207 31.6427 21.9307 18.2257 15.9456 11.7288 14.2388 15.3935 10.746
internal_count=755 193 130 562 63 515 143 372 78 56 294 251 162 89 100 65 127 88 73 64 47 57 62 43
is_linear=0
shrinkage=0.03


Tree=6
num_leaves=28
num_cat=0
split_feature=13 30 36 19 34 34 39 34 34 22 27 23 34 34 37 41 13 22 31 13 31 36 26 15 26 33 36
split_gain=5.24712 4.93391 9.17795 6.69104 4.35528 5.25211 3.63116 4.95029 3.48464 4.45726 4.72309 3.80491 2.2716 2.69504 3.87287 3.67643 4.7378 3.12326 7.41101 4.27058 1.98376 2.12829 1.55429 1.52151 1.01048 0.782918 0.274344
threshold=-0.11199078106600166 -0.83805079474758815 0.15580262402630152 0.15456426590237451 1.0000000180025095e-35 0.70847775641806121 1.0000000180025095e-35 0.40477260036659984 0.4806988893794652 0.66724182351846928 -0.52285354557981167 -1.7159440617111297 0.176993733328004 -1.5693109139678982 1.2698604022687707 378.50000000000006 0.13676215482740353 0.29038967566642049 -0.2078961082269056 0.93336229924088876 -0.2078961082269056 -0.58729296158168121 0.34202495116157566 0.54642999122126479 0.58294751822143209 -0.53646187537030332 0.66496071046140115
decision_type=2 2 2 2 2 2 2 2 2 2 2 2 2 2 2 2 2 2 2 2 2 2 2 2 2 2 2
left_child=1 2 23 6 -5 -6 7 -3 11 10 -10 -2 13 -13 15 17 -17 20 19 -19 21 -15 -14 -1 -12 -8 -11
right_child=8 3 -4 4 5 -7 25 -9 9 26 24 12 22 14 -16 16 -18 18 -20 -21 -22 -23 -24 -25 -26 -27 -28
leaf_value=0.022961555878035559 0.012868104931036312 0.026329067418254304 -0.024316363124673702 -0.020320901704254504 0.026883514334818375 -0.006660482769167443 0.044548232661543938 -0.0053355444597396242 0.012801365716895463 0.025837293378403518 -0.0024505901347544297 -0.023408673346998664 -0.030159698785607685 -0.0062336261246576851 -0.020989407706288422 -0.0048706379304874889 0.025684562806308427 0.02826509135726572 -0.020515665144536066 -0.0038197731160697014 0.0019044826617729727 -0.028583090941065006 -0.0060800801353374538 0.00068916407863676824 -0.021809412566111415 0.017687750822777123 0.0084586750492831025
leaf_weight=4.9921541661024111 6.7452268153429022 6.744873687624934 9.9339348524808866 5.7346093505620983 5.7404765635728827 8.4840977042913419 4.9928986877202988 8.232074245810507 7.9965866506099745 4.99682669341564 5.2190936505794525 5.9530461579561225 5.6945700943469983 10.449723139405247 8.7043254077434522 7.722327992320059 7.731448233127594 7.7391301989555377 6.2002730816602698 5.2358176708221436 5.4772600531578126 7.2094962894916543 6.2229324132204056 5.98862025141716 6.4571331590414047 6.4897881299257261 4.9986801743507385
leaf_count=20 27 27 40 23 23 34 20 33 32 20 21 24 23 42 35 31 31 31 25 21 22 29 25 24 26 26 20
internal_value=1.28799e-05 0.00666911 -0.00498783 0.0120383 -0.000879029 0.00776813 0.0215211 0.00965919 -0.00368591 0.00495355 -0.0032323 -0.00659941 -0.0084239 -0.00604913 -0.00392384 -0.000784941 0.010982 -0.00544848 0.00316511 0.0158491 -0.0125889 -0.0171946 -0.0201187 0.0128382 -0.0148757 0.033627 0.0199061
internal_weight=188.087 67.3335 20.9147 46.4188 19.9592 14.2246 26.4596 14.9769 120.754 29.6683 19.6728 91.0856 84.3404 72.4228 66.4698 57.7655 15.4538 42.3117 19.1752 12.9749 23.1365 17.6592 11.9175 10.9808 11.6762 11.4827 9.99551
internal_count=755 270 84 186 80 57 106 60 485 119 79 366 339 291 267 232 62 170 77 52 93 71 48 44 47 46 40
is_linear=0
shrinkage=0.03


Tree=7
num_leaves=26
num_cat=0
split_feature=13 30 36 19 34 34 12 12 4 34 29 23 1 29 28 31 22 12 26 33 36 16 36 19 39
split_gain=5.01952 4.68151 8.7431 6.38394 4.15241 5.00298 3.73917 3.59488 3.49858 3.32783 4.35967 3.62821 3.43793 6.22519 2.4093 4.81994 5.77316 3.83543 3.2873 3.06799 5.19767 4.89322 3.30988 2.01496 3.12405
threshold=-0.11199078106600166 -0.83805079474758815 0.15580262402630152 0.15456426590237451 1.0000000180025095e-35 0.70847775641806121 -0.6827715892558246 -0.93892552335840518 -0.71695673682836836 0.4806988893794652 -0.77368641172990948 -1.7159440617111297 1.0000000180025095e-35 0.28144941186741435 -0.55546382071063871 -0.2078961082269056 0.66724182351846928 1.9964409499523808 0.22156366763164745 0.11631723671832664 -0.33042041347027978 -0.82018315529302721 -0.97260178374878348 -1.066957235384725 -0.66996576426770804
decision_type=2 2 2 2 2 2 2 2 2 2 2 2 2 2 2 2 2 2 2 2 2 2 2 2 2
left_child=1 2 6 7 -5 -6 -1 -3 -9 11 -11 -2 13 -12 23 17 18 19 -17 -16 21 -21 -23 -13 -25
right_child=9 3 -4 4 5 -7 -8 8 -10 10 12 14 -14 -15 15 16 -18 -19 -20 20 -22 22 -24 24 -26
leaf_value=0.027877071260943333 0.012550370174692398 0.0032720114443983515 -0.023724523869882403 -0.01985054783717204 0.026238596602555765 -0.0064920283458843337 -0.003508989763570182 0.0088509901935478683 0.03868505660468554 0.022540217538143392 -0.023744524998098603 0 0.013803965757780012 0.011815618498314358 -0.0076161513858208291 -0.013861379199406451 -0.031783917088276825 -0.019405812268794728 0.01388171992778757 -0.018313728902679759 0.032371432786370502 0.024730027438010733 -0.0034148129419129761 -0.0015718062522112244 -0.028737893697532164
leaf_weight=5.2460203915834427 6.7464686632156363 8.486732482910158 9.9140157848596555 5.7299850434064892 5.7419647872447959 8.4820671379566175 5.7361577153205889 7.48283123970032 10.479218095540999 7.4853522181510952 9.4451345205307025 5.966264262795451 6.7302742153406134 5.9927607029676428 9.4605522155761701 6.9646153897047061 9.1296100318431836 4.9762261211872092 5.4893816113471985 5.4822061359882381 5.9895212203264263 6.7328313142061234 5.7332956492900831 6.2122153341770217 12.136340767145153
leaf_count=21 27 34 40 23 23 34 23 30 42 30 38 24 27 24 38 28 37 20 22 22 24 27 23 25 49
internal_value=1.64152e-05 0.00652876 -0.0048278 0.0117592 -0.000853175 0.00758172 0.0125513 0.0210242 0.0282048 -0.00360195 0.00484012 -0.00645105 -0.00193276 -0.00976245 -0.00823504 -0.00465091 -0.0155157 0.00166322 -0.00102527 0.00567352 0.011301 0.00200673 0.0123798 -0.016057 -0.0206565
internal_weight=187.972 67.299 20.8962 46.4028 19.954 14.224 10.9822 26.4488 17.962 120.673 29.6535 91.0195 22.1682 15.4379 84.2731 59.9582 21.5836 38.3746 12.454 33.3984 23.9379 17.9483 12.4661 24.3148 18.3486
internal_count=755 270 84 186 80 57 44 106 72 485 119 366 89 62 339 241 87 154 50 134 96 72 50 98 74
is_linear=0
shrinkage=0.03


Tree=8
num_leaves=29
num_cat=0
split_feature=13 40 15 21 19 12 4 2 25 36 21 12 23 18 12 30 30 25 31 25 9 20 20 18 21 38 31 2
split_gain=4.76729 4.52619 3.96772 3.30389 4.63348 4.41249 3.15856 2.70418 2.33134 1.99284 5.10148 5.57289 3.86712 4.46516 5.13512 4.90917 5.39908 2.96398 2.85376 3.00637 1.52641 1.748 1.22484 1.10155 1.09857 0.678008 0.622257 0.322049
threshold=-0.11199078106600166 470.50000000000006 0.31058340361397846 1.3562364006545444 -1.0000000180025095e-35 0.056676465381935673 -0.43436119720073557 -0.21467728613616183 -1.0000000180025095e-35 -0.33042041347027978 0.54783292944727391 -0.099798043492553792 -0.44386033876111886 1.0000000180025095e-35 -0.0477919000130511 0.55661616885613441 -0.63881265708991364 1.0000000180025095e-35 -0.2078961082269056 -0.64165298219437528 0.56028120440182227 1.0000000180025095e-35 0.40601687840115019 1.0000000180025095e-35 1.0097777701371426 1.0000000180025095e-35 0.60958668209769418 0.33217814912765059
decision_type=2 2 2 2 2 2 2 2 2 2 2 2 2 2 2 2 2 2 2 2 2 2 2 2 2 2 2 2
left_child=1 3 -3 4 6 8 -1 -2 -6 12 11 17 13 27 15 16 -15 22 25 -20 21 -14 -11 -21 -12 -13 -8 -9
right_child=7 2 -4 -5 5 -7 26 9 -10 10 24 18 20 14 -16 -17 -18 -19 19 23 -22 -23 -24 -25 -26 -27 -28 -29
leaf_value=0.007876348670205445 -0.021797899663593988 0.010574203603966745 -0.017772522640488925 -0.0075205501468436483 -0.015250716147782794 0.019078576304396962 0.042027875659296984 -0.0056803589306784396 0.0062145115596671293 0.027981583037123503 0.028206137222176283 0.010212428963667841 0.0012079448767952114 0.0097420574954622426 0.028043997216178805 0.018865924534532202 -0.025029610107092579 -0.0057290657089076723 0 -0.0070351358693822611 -0.027295154905063609 -0.019364377875138127 0.0048614377568317125 -0.027599604514203232 0.0053357699365537649 -0.0031235545844213847 0.016156920456224629 -0.021134548717105864
leaf_weight=9.4670720994472521 5.4619958400726309 5.7286100685596457 9.94278337061405 6.4624808281660071 8.4726873636245692 8.9759365618228895 5.9861898422241158 4.9691268205642682 6.7340696454048237 5.7253098636865598 4.9864846616983396 4.9759182780981011 7.1976784020662326 5.4778636544942882 5.7306106090545681 5.7436586469411841 8.1872777938842756 4.9637982696294776 8.9425126165151543 5.7176482826471409 6.9489736855030051 4.9714447855949402 4.9736150950193405 10.166411846876144 4.9868991822004318 5.226135790348053 5.4853211939334869 5.2265512943267822
leaf_count=38 22 23 40 26 34 36 24 20 27 23 20 20 29 22 23 23 33 20 36 23 28 20 20 41 20 21 22 21
internal_value=2.12828e-05 0.00637049 -0.00704255 0.0106423 0.0135307 0.00385264 0.023436 -0.00350569 -0.00568153 -0.00231712 0.00133796 -0.00257509 -0.00642307 -0.000216263 0.00641694 -0.00123545 -0.0111104 0.0114559 -0.00922598 -0.0145153 -0.0167535 -0.00796022 0.0196449 -0.0217881 0.0194861 0.00334346 0.0334186 -0.0158101
internal_weight=187.835 67.2552 15.6714 51.5838 45.1213 24.1827 20.9386 120.58 15.2068 115.118 60.6647 50.6914 54.4532 35.3351 25.1394 19.4088 13.6651 15.6627 35.0286 24.8266 19.1181 12.1691 10.6989 15.8841 9.97338 10.2021 11.4715 10.1957
internal_count=755 270 63 207 181 97 84 485 61 463 244 204 219 142 101 78 55 63 141 100 77 49 43 64 40 41 46 41
is_linear=0
shrinkage=0.03


Tree=9
num_leaves=27
num_cat=0
split_feature=13 30 36 19 12 12 39 2 33 33 16 41 41 23 23 36 24 19 37 16 33 0 0 16 33 13
split_gain=4.54157 4.36934 8.22493 5.90649 3.86573 3.54429 3.50215 2.58501 2.57726 4.62313 3.94177 2.89806 3.50179 4.84006 2.25924 4.17433 2.85491 3.03929 3.99731 2.33744 2.21266 1.97438 1.45817 0.977851 0.779832 0.657361
threshold=-0.11199078106600166 -0.83805079474758815 0.15580262402630152 0.15456426590237451 0.0073386766831608835 -0.6827715892558246 1.0000000180025095e-35 -0.21467728613616183 1.2042824235327105 1.639468498258464 1.3100710945327672 410.50000000000006 660.50000000000011 -0.44386033876111886 -1.119654816578312 -0.45885668752598069 0.68756236307980989 1.213216233684528 -1.0000000180025095e-35 1.0000000180025095e-35 -0.31886883800742666 0.64783476377286264 -0.48178171661062363 0.51122575084809418 -0.53646187537030332 1.2974489496397086
decision_type=2 2 2 2 2 2 2 2 2 2 2 2 2 2 2 2 2 2 2 2 2 2 2 2 2 2
left_child=1 2 5 6 21 -1 20 -2 10 -10 11 14 -13 -14 23 19 17 18 -17 -16 -3 -5 -18 -9 -8 -11
right_child=7 3 -4 4 -6 -7 24 8 9 25 -12 12 13 -15 15 16 22 -19 -20 -21 -22 -23 -24 -25 -26 -27
leaf_value=0.027039311011599208 -0.021311658680164516 -0.0016857233556711528 -0.023103973327490243 -0.023691063565698271 0.012657713610989073 -0.0034957131539807046 0.042684660939162934 0.014460304000117231 -0.029797515982429738 0.0068413984738858137 0.016886901990092861 0.019419695979377507 0.01522871915140106 -0.017485002348681267 -0.028587019228212208 0.017755609141800775 -0.024126445804982345 -0.014818031246945758 -0.0062705195009053463 -0.0043813843386129939 0.019434913852584085 0 -0.0023689448452732052 -0.0018728677628413925 0.016643274710364392 -0.0064091781399081222
leaf_weight=5.2414109259843826 5.4533695876598349 7.9865622818470001 9.8872372359037382 4.9710340201854724 8.7315022796392423 5.7348587810993212 4.9757607579231262 4.9855936020612699 6.456646695733073 5.4504810124635679 9.2160563915967924 9.2193564176559466 5.7306368499994278 7.7029219269752485 9.6592245548963565 13.435790970921515 4.9678912460803986 5.1701417714357367 9.1858074367046409 7.1976970434188834 6.9805735349655169 6.2350334972143173 6.7186758667230588 4.9842036068439484 6.4828661084175092 4.983092799782753
leaf_count=21 22 32 40 20 35 23 20 20 26 22 37 37 23 31 39 54 20 21 37 29 28 25 27 20 26 20
internal_value=2.85074e-05 0.00622737 -0.00474426 0.0112839 -0.000840507 0.0121023 0.0202001 -0.0034142 -0.00225116 -0.0125658 -0.000253989 -0.00234669 0.00651544 -0.00299994 -0.00554006 -0.00790666 -0.00215155 0.00298207 0.00796749 -0.0197809 0.00867349 -0.0120829 -0.0137653 0.00659468 0.0320463 0
internal_weight=187.744 67.2268 20.8635 46.3633 19.9376 10.9763 26.4258 120.518 115.064 16.8902 98.174 88.9579 22.6529 13.4336 66.305 56.3352 39.4783 27.7917 22.6216 16.8569 14.9671 11.2061 11.6866 9.9698 11.4586 10.4336
internal_count=755 270 84 186 80 44 106 485 463 68 395 358 91 54 267 227 159 112 91 68 60 45 47 40 46 42
is_linear=0
shrinkage=0.03


Tree=10
num_leaves=27
num_cat=0
split_feature=13 40 16 26 30 20 12 34 22 24 33 40 24 23 17 36 25 23 33 31 30 36 2 14 36 36
split_gain=4.34443 4.22466 5.68122 3.55356 4.27605 4.32783 3.20831 3.05035 4.26228 3.43696 3.94504 4.04621 3.7977 3.5554 3.38719 2.69898 2.44036 3.43648 2.80681 2.27051 1.95579 1.84686 0.573521 0.52936 0.227014 0.0224035
threshold=-0.11199078106600166 470.50000000000006 -1.0864649365212513 -0.68189595884281429 -0.83805079474758815 -0.35259580840322569 -1.0000000180025095e-35 0.4806988893794652 0.66724182351846928 -1.521798326761022 1.0000000180025095e-35 180.00000000000003 -0.71019644069704302 0.5102024534513897 0.43132191768842926 0.15580262402630152 1.0571711027504032 -0.44386033876111886 0.33391027408120333 -1.0253788985515049 -0.24899890949881109 -0.71572923563738178 -0.72381855345074564 -0.48393816317624683 0.66496071046140115 -0.33042041347027978
decision_type=2 2 2 2 2 2 2 2 2 2 2 2 2 2 2 2 2 2 2 2 2 2 2 2 2 2
left_child=1 2 -1 -4 -5 22 -7 9 14 -2 13 -12 19 23 -9 -3 17 -14 -19 -13 -16 -18 -6 -11 -10 -20
right_child=7 15 3 4 5 6 -8 8 24 10 11 12 16 -15 20 -17 21 18 25 -21 -22 -23 -24 -25 -26 -27
leaf_value=0.029931220446189476 0.009693375398845152 0.0048642998754226483 0.024579244549415454 -0.014870058490922265 0.026250286442066572 -0.013415823870558714 0.011721682419333282 0.010309549501164477 0.02502299655384177 -0.011057652590058335 0.016329159482680596 -0.0047763560138119471 0.008818377522500075 0.0020137958105292939 0.00042432785887455753 -0.017903057466121169 -0.0073276088388495924 0.0027349213542971988 -0.025883342895461479 0.019204896459411674 -0.022178188825221035 -0.031585161724379286 0.0077158877895085387 -0.028376406376750853 0.0083258621836464815 -0.010104679394749834
leaf_weight=9.208144858479498 9.4655861705541593 7.7274932116270048 5.4856629073619834 9.4229419529437966 6.2171242982149124 9.4593908488750387 6.2335790693760069 7.9780484884977385 4.9880248457193357 6.6710621416568801 6.4725290685892096 5.4650609195232391 9.205064773559565 5.4640813916921607 4.983875364065173 7.9215464442968369 7.691643089056015 5.9568073302507498 5.4639113247394526 5.7230399549007398 6.6841652244329426 6.1800612360239011 5.4907161593437142 12.106659680604935 4.9949970245361328 4.9670140892267245
leaf_count=37 38 31 22 38 25 38 25 32 20 27 26 22 37 22 20 32 31 24 22 23 27 25 22 49 20 20
internal_value=2.26167e-05 0.00608933 0.0102216 0.0049171 0.000984059 0.00713259 -0.00293019 -0.00334414 0.00473454 -0.00607845 -0.00812787 -0.00349842 -0.00654387 -0.0179644 -0.00326511 -0.00686856 -0.0109053 -0.00460644 -0.0125898 0.00783806 -0.0131195 -0.0205526 0.0198758 -0.0237927 0.01937 -0.0210878
internal_weight=187.628 67.1666 51.5176 42.3094 36.8238 27.4008 15.693 120.462 29.6291 90.8325 81.3669 57.1251 50.6526 24.2418 19.6461 15.649 39.4645 25.5928 16.3877 11.1881 11.668 13.8717 11.7078 18.7777 9.98302 10.4309
internal_count=755 270 207 170 148 110 63 485 119 366 328 230 204 98 79 63 159 103 66 45 47 56 47 76 40 42
is_linear=0
shrinkage=0.03


Tree=11
num_leaves=21
num_cat=0
split_feature=11 40 36 40 34 14 11 35 41 35 14 14 5 13 9 19 20 35 28 33
split_gain=4.16549 3.87104 3.69525 3.68848 3.12218 2.58572 3.85703 2.77648 3.80103 2.94293 2.97442 5.19015 5.53725 5.02719 3.11892 2.68539 3.44824 2.14478 1.39296 0.445163
threshold=0.8260618950326617 660.50000000000011 1.284207031801387 344.00000000000006 1.4677406465467147 0.59308944929209817 0.41817253760340728 -1.3344697876377034 354.00000000000006 -1.0959021795421593 -0.18547286198302279 -0.44404924653101835 0.41496253320763249 0.93336229924088876 1.0000000180025095e-35 1.213216233684528 -1.2376439430083306 0.0052510546870772777 -0.31003063849713386 0.11631723671832664
decision_type=2 2 2 2 2 2 2 2 2 2 2 2 2 2 2 2 2 2 2 2
left_child=4 2 3 -2 5 6 7 8 -1 -9 11 12 19 -14 15 16 -12 -13 -5 -11
right_child=1 -3 -4 18 -6 -7 -8 9 -10 10 14 17 13 -15 -16 -17 -18 -19 -20 -21
leaf_value=0.026290223996012586 -0.0002423811936187548 -0.011578520700971 -0.0037029520250680867 0.010547288818590454 0.016163792345638164 -0.020687791231254762 0.017169327602629982 -0.024267937999909738 -0.0052134035524160688 -0.0087724493270314365 -0.021057009221721341 0.0016162680132339559 0.017781588991922372 -0.0050425555351055855 -0.028010034576567672 -0.022723984914479477 0.00073390277860557935 0.026754832505748189 0.033895790200127701 -0.028292084358507514
leaf_weight=4.9868576973676664 5.7063350081443849 5.1977091878652564 7.2069178521633139 6.4635356217622784 6.4601374417543402 5.7222454547882071 7.225451171398162 5.199853226542472 5.9728750437498093 4.9409767389297397 6.1932405084371558 5.9560821354389173 10.96088472008705 26.803828492760658 5.1879886835813513 5.6972545236349097 40.030538290739067 6.9418562352657318 9.4403448849916405 5.1961223483085632
leaf_count=20 23 21 29 26 26 23 29 21 24 20 25 24 44 108 21 23 161 28 38 21
internal_value=3.04526e-05 0.00932815 0.0136833 0.0196051 -0.00206182 -0.00305825 -0.00209243 -0.00335326 0.010079 -0.00470415 -0.00349712 0.00104032 -0.00350391 0.00185537 -0.00833316 -0.00552343 -0.00263008 0.0169407 0.0264783 -0.0216506
internal_weight=187.491 34.0148 28.8171 21.6102 153.476 147.016 141.294 134.068 10.9597 123.109 117.909 60.7998 47.9018 37.7647 57.109 51.921 46.2238 12.8979 15.9039 10.1371
internal_count=755 137 116 87 618 592 569 540 44 496 475 245 193 152 230 209 186 52 64 41
is_linear=0
shrinkage=0.03


Tree=12
num_leaves=28
num_cat=0
split_feature=11 40 24 25 34 16 20 24 24 29 24 28 33 29 36 27 12 40 1 34 3 33 15 31 23 38 29
split_gain=3.95262 3.68631 3.68735 4.53322 2.97452 3.11897 8.33878 4.72916 6.33003 7.3727 5.55188 7.42293 3.86018 6.19057 4.22765 3.99482 3.77393 3.44204 2.72156 2.39196 2.35198 1.76344 1.59897 1.40422 1.22581 1.09455 0.96536
threshold=0.8260618950326617 660.50000000000011 1.0000000180025095e-35 -0.64165298219437528 1.4677406465467147 1.3100710945327672 0.65888777400260901 1.4540752554735681 0.4621173947287045 -0.77368641172990948 1.0000000180025095e-35 0.42626890814338075 0.11631723671832664 0.44558165109366482 -0.094953911034828489 0.13357848046665358 -0.6827715892558246 344.00000000000006 -0.19650278466823431 0.10106744431513852 -0.60257799566619952 0.33391027408120333 -0.5148796530115235 0.12785575208498348 -0.44386033876111886 1.0000000180025095e-35 0.28144941186741435
decision_type=2 2 2 2 2 2 2 2 2 2 2 2 2 2 2 2 2 2 2 2 2 2 2 2 2 2 2
left_child=4 2 26 -4 5 7 21 8 10 -10 11 12 14 15 25 -14 -13 -11 -16 -19 -18 -7 -22 24 -12 -1 -2
right_child=1 -3 3 -5 -6 6 -8 -9 9 17 23 16 13 -15 18 -17 20 19 -20 -21 22 -23 -24 -25 -26 -27 -28
leaf_value=-0.0016916270121000089 0.035506265526949 -0.011316210878311672 -0.0099923236362316984 0.017569136103385324 0.015763274933509406 0.0049841378986806399 0.036048323464628274 -0.026736054885703499 0.032300957961246553 0.018243325462077343 -0.0097309190434538961 0.0024984280136801794 -0.012349979466701596 0.032403192007738175 -0.0067769743974865435 0.016326947382607055 -0.0049813816774173618 0.0061981609387893287 0.017278154446929157 -0.015505303742063091 -0.013368575940464257 -0.016840053187426728 -0.039818745571576573 -0.0062860875288298429 -0.035690847006852697 -0.01978258114850049 0.010608677816458316
leaf_weight=5.6972086131572715 5.2266698777675646 5.1934802383184424 8.9287345409393328 9.4407712370157224 6.4636068493127814 4.9797222614288312 4.988271325826644 6.6944307982921591 7.2153184562921551 4.9803145378828075 4.9517276436090478 7.2155394256114986 8.1630445271730441 7.470533311367034 5.7012092769145957 6.4636781811714163 7.1958222091198012 5.956845477223399 8.7107445597648638 10.181158199906347 7.4414091855287587 5.2156918942928314 5.9356304556131292 6.203678846359252 6.4153449982404718 9.1688905358314496 5.2103298753499985
leaf_count=23 21 21 36 38 26 20 20 27 29 20 20 29 33 30 23 26 29 24 35 41 30 21 24 25 26 37 21
internal_value=1.87836e-05 0.00907872 0.0133318 0.00412756 -0.00201889 -0.00299286 0.0091763 -0.0045277 -0.0029888 0.00907816 -0.00666895 -0.00301757 0.00366419 0.0127709 -0.00330147 0.000290459 -0.0151307 -0.000206854 0.00764334 -0.00730815 -0.0213352 -0.00639539 -0.0283397 -0.0212741 -0.0273012 -0.0140066 0.0264745
internal_weight=187.41 34 28.8065 18.3695 153.41 146.946 15.1837 131.763 125.068 28.3336 96.7345 79.1637 51.3753 22.0973 29.2781 14.6267 27.7884 21.1183 14.412 16.138 20.5729 10.1954 13.377 17.5708 11.3671 14.8661 10.437
internal_count=755 137 116 74 618 592 61 531 504 114 390 319 207 89 118 59 112 85 58 65 83 41 54 71 46 60 42
is_linear=0
shrinkage=0.03


end of trees

feature_importances:
Column_34=23
Column_36=21
Column_12=19
Column_22=19
Column_30=18
Column_23=15
Column_16=14
Column_33=14
Column_19=13
Column_13=12
Column_31=12
Column_24=11
Column_26=11
Column_29=11
Column_40=11
Column_28=9
Column_35=9
Column_25=8
Column_27=7
Column_11=6
Column_39=6
Column_2=5
Column_14=5
Column_15=5
Column_18=5
Column_20=5
Column_21=5
Column_41=5
Column_1=4
Column_4=4
Column_38=4
Column_0=3
Column_5=3
Column_9=2
Column_17=2
Column_32=2
Column_37=2
Column_3=1
Column_8=1

parameters:
[boosting: gbdt]
[objective: binary]
[metric: binary_logloss]
[tree_learner: serial]
[device_type: cpu]
[data_sample_strategy: bagging]
[data: ]
[valid: ]
[num_iterations: 900]
[learning_rate: 0.03]
[num_leaves: 96]
[num_threads: 2]
[seed: 42]
[deterministic: 0]
[force_col_wise: 1]
[force_row_wise: 0]
[histogram_pool_size: -1]
[max_depth: 10]
[min_data_in_leaf: 20]
[min_sum_hessian_in_leaf: 0.001]
[bagging_fraction: 0.85]
[pos_bagging_fraction: 1]
[neg_bagging_fraction: 1]
[bagging_freq: 0]
[bagging_seed: 400]
[bagging_by_query: 0]
[feature_fraction: 0.8]
[feature_fraction_bynode: 1]
[feature_fraction_seed: 30056]
[extra_trees: 0]
[extra_seed: 12879]
[early_stopping_round: 0]
[early_stopping_min_delta: 0]
[first_metric_only: 0]
[max_delta_step: 0]
[lambda_l1: 0.2]
[lambda_l2: 1.5]
[linear_lambda: 0]
[min_gain_to_split: 0]
[drop_rate: 0.1]
[max_drop: 50]
[skip_drop: 0.5]
[xgboost_dart_mode: 0]
[uniform_drop: 0]
[drop_seed: 17869]
[top_rate: 0.2]
[other_rate: 0.1]
[min_data_per_group: 100]
[max_cat_threshold: 32]
[cat_l2: 10]
[cat_smooth: 10]
[max_cat_to_onehot: 4]
[top_k: 20]
[monotone_constraints: ]
[monotone_constraints_method: basic]
[monotone_penalty: 0]
[feature_contri: ]
[forcedsplits_filename: ]
[refit_decay_rate: 0.9]
[cegb_tradeoff: 1]
[cegb_penalty_split: 0]
[cegb_penalty_feature_lazy: ]
[cegb_penalty_feature_coupled: ]
[path_smooth: 0]
[interaction_constraints: ]
[verbosity: -1]
[saved_feature_importance_type: 0]
[use_quantized_grad: 0]
[num_grad_quant_bins: 4]
[quant_train_renew_leaf: 0]
[stochastic_rounding: 1]
[linear_tree: 0]
[max_bin: 255]
[max_bin_by_feature: ]
[min_data_in_bin: 3]
[bin_construct_sample_cnt: 200000]
[data_random_seed: 175]
[is_enable_sparse: 1]
[enable_bundle: 1]
[use_missing: 1]
[zero_as_missing: 0]
[feature_pre_filter: 1]
[pre_partition: 0]
[two_round: 0]
[header: 0]
[label_column: ]
[weight_column: ]
[group_column: ]
[ignore_column: ]
[categorical_feature: ]
[forcedbins_filename: ]
[precise_float_parser: 0]
[parser_config_file: ]
[objective_seed: 16083]
[num_class: 1]
[is_unbalance: 0]
[scale_pos_weight: 1]
[sigmoid: 1]
[boost_from_average: 1]
[reg_sqrt: 0]
[alpha: 0.9]
[fair_c: 1]
[poisson_max_delta_step: 0.7]
[tweedie_variance_power: 1.5]
[lambdarank_truncation_level: 30]
[lambdarank_norm: 1]
[label_gain: ]
[lambdarank_position_bias_regularization: 0]
[eval_at: ]
[multi_error_top_k: 1]
[auc_mu_weights: ]
[num_machines: 1]
[local_listen_port: 12400]
[time_out: 120]
[machine_list_filename: ]
[machines: ]
[gpu_platform_id: -1]
[gpu_device_id: -1]
[gpu_device_id_list: ]
[gpu_use_dp: 0]
[num_gpu: 1]

end of parameters

pandas_categorical:null
